Model,DPO2012
Firmware Version,1.25

Point Format,Y,
Horizontal Units,S,
Horizontal Scale,0.001,
Sample Interval,8e-08,
Filter Frequency,1e+08,
Record Length,125000,
Gating,0.0% to 100.0%,
Probe Attenuation,10,
Vertical Units,V,
Vertical Offset,0,
Vertical Scale,0.5,
Label,,
TIME,CH2,CH2 Peak Detect
-4.98000e-03,0.67,1.09
-4.97992e-03,0.97,0.63
-4.97984e-03,0.99,1.09
-4.97976e-03,1.01,0.57
-4.97968e-03,1.01,1.03
-4.97960e-03,0.99,0.97
-4.97952e-03,0.99,1.05
-4.97944e-03,0.99,0.95
-4.97936e-03,1.01,1.01
-4.97928e-03,1.05,0.95
-4.97920e-03,1.05,1.03
-4.97912e-03,1.09,0.99
-4.97904e-03,1.07,1.07
-4.97896e-03,1.09,1.03
-4.97888e-03,1.09,1.09
-4.97880e-03,1.09,1.05
-4.97872e-03,1.07,1.11
-4.97864e-03,1.09,1.05
-4.97856e-03,1.07,1.11
-4.97848e-03,1.07,1.03
-4.97840e-03,1.07,1.09
-4.97832e-03,1.07,1.03
-4.97824e-03,1.07,1.09
-4.97816e-03,1.07,1.01
-4.97808e-03,1.07,1.09
-4.97800e-03,1.07,1.03
-4.97792e-03,1.07,1.09
-4.97784e-03,1.05,1.01
-4.97776e-03,1.07,1.09
-4.97768e-03,1.05,1.01
-4.97760e-03,1.05,1.09
-4.97752e-03,1.07,1.03
-4.97744e-03,1.07,1.09
-4.97736e-03,1.07,1.01
-4.97728e-03,1.03,1.09
-4.97720e-03,1.07,1.03
-4.97712e-03,1.07,1.09
-4.97704e-03,1.05,1.01
-4.97696e-03,1.05,1.09
-4.97688e-03,1.07,1.01
-4.97680e-03,1.07,1.09
-4.97672e-03,1.05,1.01
-4.97664e-03,1.07,1.09
-4.97656e-03,1.07,1.01
-4.97648e-03,1.05,1.09
-4.97640e-03,1.07,1.01
-4.97632e-03,1.07,1.09
-4.97624e-03,1.09,1.03
-4.97616e-03,1.05,1.09
-4.97608e-03,1.07,1.01
-4.97600e-03,1.05,1.09
-4.97592e-03,1.07,1.01
-4.97584e-03,1.07,1.09
-4.97576e-03,1.07,1.03
-4.97568e-03,1.07,1.09
-4.97560e-03,1.07,1.03
-4.97552e-03,1.07,1.09
-4.97544e-03,1.05,1.01
-4.97536e-03,1.07,1.09
-4.97528e-03,1.07,1.03
-4.97520e-03,1.07,1.09
-4.97512e-03,1.07,1.01
-4.97504e-03,1.07,1.09
-4.97496e-03,1.07,1.03
-4.97488e-03,1.07,1.09
-4.97480e-03,1.07,1.01
-4.97472e-03,1.05,1.09
-4.97464e-03,1.07,1.01
-4.97456e-03,1.05,1.09
-4.97448e-03,1.05,1.03
-4.97440e-03,1.07,1.09
-4.97432e-03,1.07,1.03
-4.97424e-03,1.07,1.09
-4.97416e-03,1.07,1.03
-4.97408e-03,1.05,1.09
-4.97400e-03,1.05,1.01
-4.97392e-03,1.05,1.09
-4.97384e-03,1.07,1.01
-4.97376e-03,1.05,1.09
-4.97368e-03,1.07,1.01
-4.97360e-03,1.07,1.09
-4.97352e-03,1.07,1.01
-4.97344e-03,1.05,1.09
-4.97336e-03,1.07,1.01
-4.97328e-03,1.07,1.09
-4.97320e-03,1.23,1.01
-4.97312e-03,1.11,1.09
-4.97304e-03,1.13,1.05
-4.97296e-03,1.11,1.57
-4.97288e-03,1.15,1.07
-4.97280e-03,1.13,1.15
-4.97272e-03,1.13,1.07
-4.97264e-03,1.09,1.17
-4.97256e-03,1.09,1.07
-4.97248e-03,1.09,1.15
-4.97240e-03,1.07,1.05
-4.97232e-03,1.07,1.11
-4.97224e-03,1.07,1.03
-4.97216e-03,1.05,1.09
-4.97208e-03,1.03,1.01
-4.97200e-03,1.03,1.07
-4.97192e-03,1.05,1.01
-4.97184e-03,1.05,1.07
-4.97176e-03,1.05,1.01
-4.97168e-03,1.05,1.07
-4.97160e-03,1.07,1.03
-4.97152e-03,1.07,1.09
-4.97144e-03,1.07,1.03
-4.97136e-03,1.07,1.07
-4.97128e-03,1.09,1.03
-4.97120e-03,1.09,1.09
-4.97112e-03,1.05,1.03
-4.97104e-03,1.07,1.09
-4.97096e-03,1.05,1.01
-4.97088e-03,1.07,1.09
-4.97080e-03,1.05,1.01
-4.97072e-03,1.09,1.07
-4.97064e-03,1.07,1.03
-4.97056e-03,1.07,1.09
-4.97048e-03,1.07,1.03
-4.97040e-03,1.05,1.07
-4.97032e-03,1.05,1.03
-4.97024e-03,1.05,1.09
-4.97016e-03,1.07,1.03
-4.97008e-03,1.07,1.07
-4.97000e-03,1.07,1.03
-4.96992e-03,1.05,1.09
-4.96984e-03,1.07,1.01
-4.96976e-03,1.05,1.09
-4.96968e-03,1.07,1.01
-4.96960e-03,1.07,1.09
-4.96952e-03,1.07,1.01
-4.96944e-03,1.07,1.09
-4.96936e-03,1.07,1.01
-4.96928e-03,1.05,1.09
-4.96920e-03,1.05,1.03
-4.96912e-03,1.07,1.09
-4.96904e-03,1.07,1.01
-4.96896e-03,1.09,1.09
-4.96888e-03,1.07,1.03
-4.96880e-03,1.07,1.11
-4.96872e-03,1.09,1.03
-4.96864e-03,1.07,1.09
-4.96856e-03,1.07,1.03
-4.96848e-03,1.07,1.09
-4.96840e-03,1.07,1.03
-4.96832e-03,1.07,1.09
-4.96824e-03,1.07,1.03
-4.96816e-03,1.09,1.09
-4.96808e-03,1.07,1.01
-4.96800e-03,1.05,1.09
-4.96792e-03,1.07,1.03
-4.96784e-03,1.09,1.09
-4.96776e-03,1.07,1.03
-4.96768e-03,1.07,1.09
-4.96760e-03,1.07,1.03
-4.96752e-03,1.07,1.09
-4.96744e-03,1.07,1.03
-4.96736e-03,1.09,1.09
-4.96728e-03,1.07,1.03
-4.96720e-03,1.07,1.09
-4.96712e-03,1.07,1.03
-4.96704e-03,1.09,1.09
-4.96696e-03,1.07,1.03
-4.96688e-03,1.07,1.09
-4.96680e-03,1.05,1.03
-4.96672e-03,1.07,1.09
-4.96664e-03,1.07,1.03
-4.96656e-03,1.05,1.09
-4.96648e-03,1.07,1.03
-4.96640e-03,1.07,1.09
-4.96632e-03,1.07,1.03
-4.96624e-03,1.07,1.09
-4.96616e-03,1.09,1.03
-4.96608e-03,1.07,1.09
-4.96600e-03,1.07,1.03
-4.96592e-03,1.07,1.09
-4.96584e-03,1.07,1.03
-4.96576e-03,1.09,1.09
-4.96568e-03,1.07,1.03
-4.96560e-03,1.09,1.09
-4.96552e-03,1.07,1.03
-4.96544e-03,1.09,1.09
-4.96536e-03,1.07,1.03
-4.96528e-03,1.07,1.09
-4.96520e-03,1.07,1.03
-4.96512e-03,1.09,1.09
-4.96504e-03,1.07,1.05
-4.96496e-03,1.07,1.09
-4.96488e-03,1.07,1.05
-4.96480e-03,1.09,1.09
-4.96472e-03,1.09,1.03
-4.96464e-03,1.07,1.09
-4.96456e-03,1.09,1.03
-4.96448e-03,1.07,1.09
-4.96440e-03,1.07,1.03
-4.96432e-03,1.07,1.09
-4.96424e-03,1.07,1.03
-4.96416e-03,1.09,1.09
-4.96408e-03,1.07,1.03
-4.96400e-03,1.07,1.09
-4.96392e-03,1.05,1.03
-4.96384e-03,1.09,1.11
-4.96376e-03,1.09,1.03
-4.96368e-03,1.05,1.09
-4.96360e-03,1.07,1.03
-4.96352e-03,1.07,1.09
-4.96344e-03,1.07,1.03
-4.96336e-03,1.07,1.09
-4.96328e-03,1.07,1.03
-4.96320e-03,1.07,1.09
-4.96312e-03,1.05,1.03
-4.96304e-03,1.05,1.09
-4.96296e-03,1.05,1.01
-4.96288e-03,1.05,1.07
-4.96280e-03,1.05,1.01
-4.96272e-03,1.07,1.07
-4.96264e-03,1.05,1.01
-4.96256e-03,1.07,1.07
-4.96248e-03,1.07,1.03
-4.96240e-03,1.07,1.11
-4.96232e-03,1.07,1.05
-4.96224e-03,1.07,1.09
-4.96216e-03,1.07,1.05
-4.96208e-03,1.07,1.09
-4.96200e-03,1.07,1.03
-4.96192e-03,1.09,1.09
-4.96184e-03,1.07,1.03
-4.96176e-03,1.07,1.09
-4.96168e-03,1.09,1.03
-4.96160e-03,1.07,1.09
-4.96152e-03,1.09,1.03
-4.96144e-03,1.07,1.09
-4.96136e-03,1.07,1.03
-4.96128e-03,1.07,1.09
-4.96120e-03,1.07,1.03
-4.96112e-03,1.07,1.09
-4.96104e-03,1.09,1.03
-4.96096e-03,1.07,1.09
-4.96088e-03,1.09,1.03
-4.96080e-03,1.07,1.09
-4.96072e-03,1.09,1.03
-4.96064e-03,1.07,1.09
-4.96056e-03,1.07,1.03
-4.96048e-03,1.07,1.09
-4.96040e-03,1.07,1.03
-4.96032e-03,1.09,1.09
-4.96024e-03,1.07,1.03
-4.96016e-03,1.09,1.11
-4.96008e-03,1.07,1.03
-4.96000e-03,1.09,1.11
-4.95992e-03,1.07,1.05
-4.95984e-03,1.07,1.09
-4.95976e-03,1.07,1.03
-4.95968e-03,1.07,1.09
-4.95960e-03,1.09,1.05
-4.95952e-03,1.09,1.09
-4.95944e-03,1.07,1.03
-4.95936e-03,1.07,1.09
-4.95928e-03,1.09,1.03
-4.95920e-03,1.07,1.09
-4.95912e-03,1.07,1.03
-4.95904e-03,1.07,1.11
-4.95896e-03,1.09,1.03
-4.95888e-03,1.09,1.11
-4.95880e-03,1.07,1.03
-4.95872e-03,1.07,1.11
-4.95864e-03,1.09,1.03
-4.95856e-03,1.07,1.09
-4.95848e-03,1.09,1.03
-4.95840e-03,1.09,1.11
-4.95832e-03,1.07,1.05
-4.95824e-03,1.07,1.11
-4.95816e-03,1.09,1.03
-4.95808e-03,1.09,1.11
-4.95800e-03,1.07,1.05
-4.95792e-03,1.07,1.09
-4.95784e-03,1.09,1.03
-4.95776e-03,1.09,1.11
-4.95768e-03,1.09,1.05
-4.95760e-03,1.09,1.11
-4.95752e-03,1.07,1.05
-4.95744e-03,1.09,1.11
-4.95736e-03,1.09,1.05
-4.95728e-03,1.07,1.11
-4.95720e-03,1.09,1.05
-4.95712e-03,1.07,1.11
-4.95704e-03,1.09,1.05
-4.95696e-03,1.09,1.11
-4.95688e-03,1.09,1.05
-4.95680e-03,1.07,1.11
-4.95672e-03,1.07,1.05
-4.95664e-03,1.09,1.11
-4.95656e-03,1.09,1.03
-4.95648e-03,1.09,1.11
-4.95640e-03,1.09,1.05
-4.95632e-03,1.09,1.11
-4.95624e-03,1.09,1.05
-4.95616e-03,1.09,1.11
-4.95608e-03,1.07,1.05
-4.95600e-03,1.07,1.11
-4.95592e-03,1.09,1.05
-4.95584e-03,1.09,1.11
-4.95576e-03,1.09,1.01
-4.95568e-03,1.09,1.11
-4.95560e-03,1.09,1.05
-4.95552e-03,1.09,1.11
-4.95544e-03,1.09,1.05
-4.95536e-03,1.07,1.09
-4.95528e-03,1.09,1.05
-4.95520e-03,1.09,1.11
-4.95512e-03,1.07,1.05
-4.95504e-03,1.09,1.11
-4.95496e-03,1.05,1.05
-4.95488e-03,1.09,1.11
-4.95480e-03,1.07,1.01
-4.95472e-03,1.09,1.13
-4.95464e-03,1.07,1.03
-4.95456e-03,1.09,1.11
-4.95448e-03,1.09,1.03
-4.95440e-03,1.09,1.11
-4.95432e-03,1.09,1.03
-4.95424e-03,1.07,1.11
-4.95416e-03,1.07,1.05
-4.95408e-03,1.09,1.09
-4.95400e-03,1.07,1.05
-4.95392e-03,1.07,1.09
-4.95384e-03,1.09,1.03
-4.95376e-03,1.09,1.11
-4.95368e-03,1.07,1.03
-4.95360e-03,1.09,1.09
-4.95352e-03,1.09,1.03
-4.95344e-03,1.09,1.09
-4.95336e-03,1.09,1.03
-4.95328e-03,1.09,1.11
-4.95320e-03,1.07,1.03
-4.95312e-03,1.07,1.09
-4.95304e-03,1.07,1.03
-4.95296e-03,1.07,1.09
-4.95288e-03,1.09,1.03
-4.95280e-03,1.07,1.09
-4.95272e-03,1.07,1.05
-4.95264e-03,1.09,1.09
-4.95256e-03,1.07,1.03
-4.95248e-03,1.09,1.09
-4.95240e-03,1.07,1.05
-4.95232e-03,1.07,1.11
-4.95224e-03,1.09,1.05
-4.95216e-03,1.07,1.11
-4.95208e-03,1.07,1.03
-4.95200e-03,1.07,1.09
-4.95192e-03,1.07,1.03
-4.95184e-03,1.09,1.09
-4.95176e-03,1.07,1.03
-4.95168e-03,1.07,1.09
-4.95160e-03,1.07,1.03
-4.95152e-03,1.07,1.09
-4.95144e-03,1.07,1.03
-4.95136e-03,1.07,1.09
-4.95128e-03,1.09,1.03
-4.95120e-03,1.07,1.09
-4.95112e-03,1.07,1.03
-4.95104e-03,1.07,1.09
-4.95096e-03,1.09,1.05
-4.95088e-03,1.09,1.09
-4.95080e-03,1.05,1.03
-4.95072e-03,1.09,1.09
-4.95064e-03,1.07,1.03
-4.95056e-03,1.07,1.09
-4.95048e-03,1.09,1.03
-4.95040e-03,1.07,1.09
-4.95032e-03,1.07,1.03
-4.95024e-03,1.07,1.09
-4.95016e-03,1.09,1.03
-4.95008e-03,1.07,1.09
-4.95000e-03,1.09,1.03
-4.94992e-03,1.09,1.09
-4.94984e-03,1.07,1.05
-4.94976e-03,1.09,1.11
-4.94968e-03,1.07,1.03
-4.94960e-03,1.09,1.09
-4.94952e-03,1.07,1.03
-4.94944e-03,1.09,1.11
-4.94936e-03,1.09,1.03
-4.94928e-03,1.09,1.11
-4.94920e-03,1.09,1.03
-4.94912e-03,1.09,1.11
-4.94904e-03,1.09,1.05
-4.94896e-03,1.07,1.09
-4.94888e-03,1.09,1.05
-4.94880e-03,1.07,1.11
-4.94872e-03,1.09,1.05
-4.94864e-03,1.09,1.09
-4.94856e-03,1.07,1.03
-4.94848e-03,1.09,1.11
-4.94840e-03,1.09,1.05
-4.94832e-03,1.09,1.09
-4.94824e-03,1.09,1.05
-4.94816e-03,1.09,1.11
-4.94808e-03,1.09,1.05
-4.94800e-03,1.09,1.11
-4.94792e-03,1.09,1.05
-4.94784e-03,1.09,1.09
-4.94776e-03,1.09,1.05
-4.94768e-03,1.07,1.11
-4.94760e-03,1.09,1.05
-4.94752e-03,1.09,1.11
-4.94744e-03,1.09,1.05
-4.94736e-03,1.09,1.11
-4.94728e-03,1.09,1.03
-4.94720e-03,1.09,1.11
-4.94712e-03,1.07,1.05
-4.94704e-03,1.09,1.11
-4.94696e-03,1.09,1.05
-4.94688e-03,1.09,1.11
-4.94680e-03,1.09,1.05
-4.94672e-03,1.11,1.11
-4.94664e-03,1.09,1.03
-4.94656e-03,1.07,1.11
-4.94648e-03,1.09,1.03
-4.94640e-03,1.07,1.11
-4.94632e-03,1.09,1.05
-4.94624e-03,1.07,1.11
-4.94616e-03,1.09,1.03
-4.94608e-03,1.09,1.11
-4.94600e-03,1.07,1.05
-4.94592e-03,1.07,1.11
-4.94584e-03,1.09,1.05
-4.94576e-03,1.07,1.11
-4.94568e-03,1.07,1.05
-4.94560e-03,1.09,1.09
-4.94552e-03,1.07,1.05
-4.94544e-03,1.09,1.11
-4.94536e-03,1.07,1.03
-4.94528e-03,1.09,1.09
-4.94520e-03,1.09,1.05
-4.94512e-03,1.07,1.11
-4.94504e-03,1.09,1.03
-4.94496e-03,1.07,1.11
-4.94488e-03,1.09,1.05
-4.94480e-03,1.07,1.11
-4.94472e-03,1.09,1.05
-4.94464e-03,1.09,1.09
-4.94456e-03,1.09,1.03
-4.94448e-03,1.07,1.11
-4.94440e-03,1.07,1.05
-4.94432e-03,1.07,1.09
-4.94424e-03,1.07,1.05
-4.94416e-03,1.09,1.09
-4.94408e-03,1.07,1.03
-4.94400e-03,1.09,1.09
-4.94392e-03,1.07,1.03
-4.94384e-03,1.07,1.11
-4.94376e-03,1.09,1.05
-4.94368e-03,1.07,1.11
-4.94360e-03,1.09,1.03
-4.94352e-03,1.07,1.11
-4.94344e-03,1.09,1.03
-4.94336e-03,1.07,1.11
-4.94328e-03,1.09,1.05
-4.94320e-03,1.09,1.11
-4.94312e-03,1.07,1.03
-4.94304e-03,1.09,1.09
-4.94296e-03,1.07,1.03
-4.94288e-03,1.07,1.09
-4.94280e-03,1.07,1.03
-4.94272e-03,1.09,1.09
-4.94264e-03,1.09,1.05
-4.94256e-03,1.07,1.09
-4.94248e-03,1.07,1.05
-4.94240e-03,1.09,1.09
-4.94232e-03,1.07,1.05
-4.94224e-03,1.07,1.09
-4.94216e-03,1.09,1.05
-4.94208e-03,1.07,1.09
-4.94200e-03,1.07,1.03
-4.94192e-03,1.07,1.09
-4.94184e-03,1.07,1.03
-4.94176e-03,1.07,1.09
-4.94168e-03,1.07,1.03
-4.94160e-03,1.09,1.09
-4.94152e-03,1.05,1.03
-4.94144e-03,1.07,1.09
-4.94136e-03,1.07,1.03
-4.94128e-03,1.07,1.09
-4.94120e-03,1.09,1.03
-4.94112e-03,1.07,1.09
-4.94104e-03,1.09,1.03
-4.94096e-03,1.09,1.09
-4.94088e-03,1.07,1.03
-4.94080e-03,1.07,1.09
-4.94072e-03,1.07,1.03
-4.94064e-03,1.07,1.09
-4.94056e-03,1.09,1.03
-4.94048e-03,1.07,1.09
-4.94040e-03,1.09,1.03
-4.94032e-03,1.07,1.11
-4.94024e-03,1.07,1.03
-4.94016e-03,1.09,1.09
-4.94008e-03,1.09,1.03
-4.94000e-03,1.07,1.09
-4.93992e-03,1.07,1.03
-4.93984e-03,1.09,1.09
-4.93976e-03,1.09,1.03
-4.93968e-03,1.07,1.09
-4.93960e-03,1.07,1.03
-4.93952e-03,1.07,1.11
-4.93944e-03,1.07,1.03
-4.93936e-03,1.07,1.09
-4.93928e-03,1.09,1.03
-4.93920e-03,1.09,1.09
-4.93912e-03,1.07,1.03
-4.93904e-03,1.07,1.09
-4.93896e-03,1.09,1.03
-4.93888e-03,1.07,1.09
-4.93880e-03,1.09,1.03
-4.93872e-03,1.11,1.09
-4.93864e-03,1.09,1.03
-4.93856e-03,1.05,1.11
-4.93848e-03,1.07,1.03
-4.93840e-03,1.07,1.11
-4.93832e-03,1.09,1.03
-4.93824e-03,1.07,1.09
-4.93816e-03,1.07,1.05
-4.93808e-03,1.09,1.09
-4.93800e-03,1.09,1.03
-4.93792e-03,1.09,1.11
-4.93784e-03,1.09,1.03
-4.93776e-03,1.07,1.11
-4.93768e-03,1.09,1.03
-4.93760e-03,1.09,1.09
-4.93752e-03,1.07,1.03
-4.93744e-03,1.05,1.09
-4.93736e-03,1.09,1.01
-4.93728e-03,1.09,1.11
-4.93720e-03,1.11,1.03
-4.93712e-03,1.09,1.09
-4.93704e-03,1.09,1.05
-4.93696e-03,1.07,1.11
-4.93688e-03,1.09,1.03
-4.93680e-03,1.07,1.11
-4.93672e-03,1.09,1.03
-4.93664e-03,1.07,1.11
-4.93656e-03,1.09,1.03
-4.93648e-03,1.09,1.11
-4.93640e-03,1.07,1.05
-4.93632e-03,1.09,1.11
-4.93624e-03,1.09,1.03
-4.93616e-03,1.09,1.09
-4.93608e-03,1.09,1.05
-4.93600e-03,1.07,1.09
-4.93592e-03,1.07,1.05
-4.93584e-03,1.09,1.09
-4.93576e-03,1.07,1.05
-4.93568e-03,1.07,1.11
-4.93560e-03,1.09,1.05
-4.93552e-03,1.07,1.11
-4.93544e-03,1.09,1.05
-4.93536e-03,1.09,1.09
-4.93528e-03,1.09,1.03
-4.93520e-03,1.09,1.11
-4.93512e-03,1.07,1.05
-4.93504e-03,1.09,1.09
-4.93496e-03,1.07,1.03
-4.93488e-03,1.09,1.11
-4.93480e-03,1.09,1.05
-4.93472e-03,1.07,1.09
-4.93464e-03,1.09,1.03
-4.93456e-03,1.09,1.09
-4.93448e-03,1.07,1.05
-4.93440e-03,1.07,1.09
-4.93432e-03,1.09,1.03
-4.93424e-03,1.09,1.09
-4.93416e-03,1.09,1.03
-4.93408e-03,1.09,1.09
-4.93400e-03,1.09,1.03
-4.93392e-03,1.07,1.09
-4.93384e-03,1.09,1.03
-4.93376e-03,1.07,1.09
-4.93368e-03,1.07,1.03
-4.93360e-03,1.09,1.11
-4.93352e-03,1.07,1.03
-4.93344e-03,1.07,1.09
-4.93336e-03,1.07,1.03
-4.93328e-03,1.09,1.09
-4.93320e-03,1.09,1.03
-4.93312e-03,1.07,1.11
-4.93304e-03,1.09,1.03
-4.93296e-03,1.07,1.09
-4.93288e-03,1.09,1.03
-4.93280e-03,1.07,1.09
-4.93272e-03,1.09,1.05
-4.93264e-03,1.07,1.09
-4.93256e-03,1.09,1.03
-4.93248e-03,1.07,1.09
-4.93240e-03,1.09,1.03
-4.93232e-03,1.07,1.09
-4.93224e-03,1.07,1.03
-4.93216e-03,1.09,1.09
-4.93208e-03,1.07,1.05
-4.93200e-03,1.09,1.09
-4.93192e-03,1.07,1.03
-4.93184e-03,1.07,1.09
-4.93176e-03,1.07,1.03
-4.93168e-03,1.09,1.09
-4.93160e-03,1.09,1.03
-4.93152e-03,1.07,1.09
-4.93144e-03,1.07,1.03
-4.93136e-03,1.09,1.09
-4.93128e-03,1.07,1.03
-4.93120e-03,1.07,1.09
-4.93112e-03,1.05,1.03
-4.93104e-03,1.09,1.09
-4.93096e-03,1.07,1.03
-4.93088e-03,1.09,1.09
-4.93080e-03,1.07,1.03
-4.93072e-03,1.07,1.09
-4.93064e-03,1.07,1.03
-4.93056e-03,1.07,1.09
-4.93048e-03,1.09,1.03
-4.93040e-03,1.07,1.09
-4.93032e-03,1.09,1.03
-4.93024e-03,1.05,1.09
-4.93016e-03,1.07,1.03
-4.93008e-03,1.07,1.09
-4.93000e-03,1.07,1.03
-4.92992e-03,0.61,1.09
-4.92984e-03,1.03,0.57
-4.92976e-03,1.03,1.09
-4.92968e-03,0.99,0.59
-4.92960e-03,0.99,1.03
-4.92952e-03,0.99,0.97
-4.92944e-03,0.99,1.03
-4.92936e-03,1.03,0.97
-4.92928e-03,1.01,1.01
-4.92920e-03,1.05,0.97
-4.92912e-03,1.07,1.05
-4.92904e-03,1.07,1.01
-4.92896e-03,1.09,1.07
-4.92888e-03,1.09,1.03
-4.92880e-03,1.09,1.11
-4.92872e-03,1.09,1.05
-4.92864e-03,1.09,1.11
-4.92856e-03,1.07,1.03
-4.92848e-03,1.07,1.11
-4.92840e-03,1.09,1.03
-4.92832e-03,1.07,1.11
-4.92824e-03,1.07,1.01
-4.92816e-03,1.05,1.09
-4.92808e-03,1.07,1.01
-4.92800e-03,1.05,1.09
-4.92792e-03,1.07,1.03
-4.92784e-03,1.07,1.09
-4.92776e-03,1.05,1.03
-4.92768e-03,1.07,1.09
-4.92760e-03,1.07,1.01
-4.92752e-03,1.07,1.09
-4.92744e-03,1.05,1.03
-4.92736e-03,1.07,1.09
-4.92728e-03,1.05,1.03
-4.92720e-03,1.07,1.09
-4.92712e-03,1.07,1.03
-4.92704e-03,1.05,1.09
-4.92696e-03,1.07,1.01
-4.92688e-03,1.05,1.09
-4.92680e-03,1.07,1.01
-4.92672e-03,1.05,1.09
-4.92664e-03,1.07,1.01
-4.92656e-03,1.05,1.09
-4.92648e-03,1.07,1.01
-4.92640e-03,1.07,1.09
-4.92632e-03,1.05,1.01
-4.92624e-03,1.07,1.09
-4.92616e-03,1.05,1.01
-4.92608e-03,1.09,1.09
-4.92600e-03,1.07,1.03
-4.92592e-03,1.07,1.09
-4.92584e-03,1.07,1.03
-4.92576e-03,1.09,1.09
-4.92568e-03,1.09,1.03
-4.92560e-03,1.07,1.09
-4.92552e-03,1.09,1.03
-4.92544e-03,1.07,1.09
-4.92536e-03,1.07,1.03
-4.92528e-03,1.05,1.09
-4.92520e-03,1.07,1.01
-4.92512e-03,1.05,1.09
-4.92504e-03,1.07,1.03
-4.92496e-03,1.09,1.09
-4.92488e-03,1.07,1.03
-4.92480e-03,1.09,1.09
-4.92472e-03,1.05,1.01
-4.92464e-03,1.09,1.09
-4.92456e-03,1.07,1.03
-4.92448e-03,1.07,1.09
-4.92440e-03,1.07,1.03
-4.92432e-03,1.07,1.09
-4.92424e-03,1.07,1.03
-4.92416e-03,1.07,1.09
-4.92408e-03,1.07,1.03
-4.92400e-03,1.07,1.09
-4.92392e-03,1.07,1.01
-4.92384e-03,1.05,1.09
-4.92376e-03,1.07,1.01
-4.92368e-03,1.07,1.09
-4.92360e-03,1.07,1.01
-4.92352e-03,1.09,1.09
-4.92344e-03,1.05,1.03
-4.92336e-03,1.07,1.09
-4.92328e-03,1.07,1.03
-4.92320e-03,1.45,1.09
-4.92312e-03,1.15,1.03
-4.92304e-03,1.13,1.45
-4.92296e-03,1.13,1.07
-4.92288e-03,1.11,1.59
-4.92280e-03,1.13,1.07
-4.92272e-03,1.13,1.15
-4.92264e-03,1.13,1.09
-4.92256e-03,1.13,1.15
-4.92248e-03,1.11,1.07
-4.92240e-03,1.07,1.15
-4.92232e-03,1.07,1.03
-4.92224e-03,1.03,1.13
-4.92216e-03,1.05,1.03
-4.92208e-03,1.05,1.09
-4.92200e-03,1.05,1.01
-4.92192e-03,1.05,1.07
-4.92184e-03,1.05,1.01
-4.92176e-03,1.05,1.07
-4.92168e-03,1.05,1.03
-4.92160e-03,1.09,1.09
-4.92152e-03,1.05,1.03
-4.92144e-03,1.07,1.09
-4.92136e-03,1.07,1.03
-4.92128e-03,1.07,1.09
-4.92120e-03,1.07,1.03
-4.92112e-03,1.07,1.09
-4.92104e-03,1.07,1.03
-4.92096e-03,1.07,1.09
-4.92088e-03,1.07,1.03
-4.92080e-03,1.07,1.09
-4.92072e-03,1.07,1.03
-4.92064e-03,1.07,1.09
-4.92056e-03,1.07,1.03
-4.92048e-03,1.07,1.09
-4.92040e-03,1.07,1.03
-4.92032e-03,1.09,1.09
-4.92024e-03,1.05,1.03
-4.92016e-03,1.09,1.09
-4.92008e-03,1.07,1.01
-4.92000e-03,1.09,1.09
-4.91992e-03,1.09,1.01
-4.91984e-03,1.07,1.09
-4.91976e-03,1.07,1.03
-4.91968e-03,1.05,1.09
-4.91960e-03,1.09,1.03
-4.91952e-03,1.07,1.09
-4.91944e-03,1.07,1.03
-4.91936e-03,1.07,1.09
-4.91928e-03,1.07,1.03
-4.91920e-03,1.07,1.09
-4.91912e-03,1.07,1.03
-4.91904e-03,1.07,1.09
-4.91896e-03,1.07,1.03
-4.91888e-03,1.09,1.09
-4.91880e-03,1.07,1.03
-4.91872e-03,1.09,1.09
-4.91864e-03,1.07,1.03
-4.91856e-03,1.09,1.09
-4.91848e-03,1.09,1.03
-4.91840e-03,1.07,1.09
-4.91832e-03,1.09,1.03
-4.91824e-03,1.09,1.09
-4.91816e-03,1.07,1.03
-4.91808e-03,1.09,1.11
-4.91800e-03,1.07,1.03
-4.91792e-03,1.07,1.11
-4.91784e-03,1.09,1.03
-4.91776e-03,1.09,1.11
-4.91768e-03,1.07,1.03
-4.91760e-03,1.07,1.09
-4.91752e-03,1.09,1.03
-4.91744e-03,1.09,1.09
-4.91736e-03,1.07,1.03
-4.91728e-03,1.07,1.09
-4.91720e-03,1.07,1.03
-4.91712e-03,1.03,1.09
-4.91704e-03,1.09,1.03
-4.91696e-03,1.09,1.09
-4.91688e-03,1.09,1.01
-4.91680e-03,1.07,1.11
-4.91672e-03,1.07,1.03
-4.91664e-03,1.07,1.09
-4.91656e-03,1.09,1.03
-4.91648e-03,1.07,1.09
-4.91640e-03,1.07,1.03
-4.91632e-03,1.09,1.09
-4.91624e-03,1.07,1.03
-4.91616e-03,1.09,1.09
-4.91608e-03,1.09,1.03
-4.91600e-03,1.07,1.09
-4.91592e-03,1.07,1.03
-4.91584e-03,1.07,1.09
-4.91576e-03,1.07,1.03
-4.91568e-03,1.07,1.11
-4.91560e-03,1.07,1.03
-4.91552e-03,1.09,1.09
-4.91544e-03,1.07,1.03
-4.91536e-03,1.05,1.09
-4.91528e-03,1.07,1.03
-4.91520e-03,1.07,1.09
-4.91512e-03,1.07,1.03
-4.91504e-03,1.07,1.09
-4.91496e-03,1.07,1.03
-4.91488e-03,1.09,1.09
-4.91480e-03,1.07,1.03
-4.91472e-03,1.07,1.09
-4.91464e-03,1.07,1.03
-4.91456e-03,1.07,1.11
-4.91448e-03,1.09,1.03
-4.91440e-03,1.09,1.09
-4.91432e-03,1.09,1.03
-4.91424e-03,1.07,1.09
-4.91416e-03,1.07,1.03
-4.91408e-03,1.07,1.09
-4.91400e-03,1.07,1.03
-4.91392e-03,1.09,1.09
-4.91384e-03,1.07,1.03
-4.91376e-03,1.07,1.09
-4.91368e-03,1.07,1.03
-4.91360e-03,1.09,1.09
-4.91352e-03,1.07,1.03
-4.91344e-03,1.09,1.09
-4.91336e-03,1.07,1.03
-4.91328e-03,1.07,1.09
-4.91320e-03,1.07,1.03
-4.91312e-03,1.07,1.09
-4.91304e-03,1.09,1.03
-4.91296e-03,1.07,1.09
-4.91288e-03,1.09,1.03
-4.91280e-03,1.07,1.09
-4.91272e-03,1.07,1.03
-4.91264e-03,1.09,1.09
-4.91256e-03,1.07,1.03
-4.91248e-03,1.07,1.09
-4.91240e-03,1.07,1.03
-4.91232e-03,1.07,1.09
-4.91224e-03,1.09,1.03
-4.91216e-03,1.09,1.09
-4.91208e-03,1.09,1.03
-4.91200e-03,1.09,1.09
-4.91192e-03,1.07,1.03
-4.91184e-03,1.07,1.09
-4.91176e-03,1.09,1.03
-4.91168e-03,1.07,1.09
-4.91160e-03,1.09,1.03
-4.91152e-03,1.07,1.09
-4.91144e-03,1.07,1.03
-4.91136e-03,1.09,1.09
-4.91128e-03,1.09,1.03
-4.91120e-03,1.07,1.09
-4.91112e-03,1.07,1.03
-4.91104e-03,1.09,1.09
-4.91096e-03,1.07,1.03
-4.91088e-03,1.07,1.09
-4.91080e-03,1.07,1.03
-4.91072e-03,1.07,1.09
-4.91064e-03,1.07,1.03
-4.91056e-03,1.07,1.11
-4.91048e-03,1.09,1.03
-4.91040e-03,1.09,1.11
-4.91032e-03,1.09,1.03
-4.91024e-03,1.07,1.09
-4.91016e-03,1.09,1.03
-4.91008e-03,1.09,1.09
-4.91000e-03,1.07,1.03
-4.90992e-03,1.09,1.09
-4.90984e-03,1.07,1.03
-4.90976e-03,1.09,1.11
-4.90968e-03,1.07,1.03
-4.90960e-03,1.09,1.09
-4.90952e-03,1.07,1.03
-4.90944e-03,1.07,1.11
-4.90936e-03,1.09,1.03
-4.90928e-03,1.09,1.09
-4.90920e-03,1.09,1.03
-4.90912e-03,1.07,1.11
-4.90904e-03,1.09,1.03
-4.90896e-03,1.09,1.09
-4.90888e-03,1.09,1.03
-4.90880e-03,1.07,1.11
-4.90872e-03,1.09,1.05
-4.90864e-03,1.07,1.09
-4.90856e-03,1.07,1.05
-4.90848e-03,1.09,1.11
-4.90840e-03,1.09,1.03
-4.90832e-03,1.07,1.09
-4.90824e-03,1.09,1.03
-4.90816e-03,1.09,1.09
-4.90808e-03,1.09,1.05
-4.90800e-03,1.09,1.09
-4.90792e-03,1.09,1.05
-4.90784e-03,1.09,1.11
-4.90776e-03,1.07,1.03
-4.90768e-03,1.07,1.11
-4.90760e-03,1.09,1.05
-4.90752e-03,1.07,1.11
-4.90744e-03,1.09,1.03
-4.90736e-03,1.07,1.11
-4.90728e-03,1.09,1.05
-4.90720e-03,1.09,1.11
-4.90712e-03,1.07,1.05
-4.90704e-03,1.09,1.11
-4.90696e-03,1.09,1.03
-4.90688e-03,1.09,1.11
-4.90680e-03,1.07,1.05
-4.90672e-03,1.09,1.09
-4.90664e-03,1.07,1.05
-4.90656e-03,1.07,1.11
-4.90648e-03,1.09,1.05
-4.90640e-03,1.09,1.11
-4.90632e-03,1.09,1.03
-4.90624e-03,1.07,1.11
-4.90616e-03,1.09,1.05
-4.90608e-03,1.09,1.11
-4.90600e-03,1.11,1.05
-4.90592e-03,1.09,1.11
-4.90584e-03,1.09,1.03
-4.90576e-03,1.07,1.11
-4.90568e-03,1.09,1.03
-4.90560e-03,1.11,1.11
-4.90552e-03,1.09,1.05
-4.90544e-03,1.09,1.11
-4.90536e-03,1.09,1.05
-4.90528e-03,1.09,1.11
-4.90520e-03,1.07,1.05
-4.90512e-03,1.07,1.11
-4.90504e-03,1.09,1.03
-4.90496e-03,1.09,1.11
-4.90488e-03,1.07,1.05
-4.90480e-03,1.07,1.09
-4.90472e-03,1.09,1.03
-4.90464e-03,1.07,1.11
-4.90456e-03,1.09,1.03
-4.90448e-03,1.09,1.11
-4.90440e-03,1.11,1.03
-4.90432e-03,1.07,1.09
-4.90424e-03,1.09,1.05
-4.90416e-03,1.09,1.11
-4.90408e-03,1.09,1.03
-4.90400e-03,1.09,1.11
-4.90392e-03,1.09,1.03
-4.90384e-03,1.09,1.11
-4.90376e-03,1.09,1.03
-4.90368e-03,1.07,1.11
-4.90360e-03,1.07,1.05
-4.90352e-03,1.07,1.11
-4.90344e-03,1.09,1.03
-4.90336e-03,1.07,1.09
-4.90328e-03,1.07,1.03
-4.90320e-03,1.09,1.09
-4.90312e-03,1.09,1.03
-4.90304e-03,1.09,1.09
-4.90296e-03,1.09,1.03
-4.90288e-03,1.07,1.11
-4.90280e-03,1.07,1.03
-4.90272e-03,1.09,1.11
-4.90264e-03,1.07,1.03
-4.90256e-03,1.09,1.11
-4.90248e-03,1.07,1.03
-4.90240e-03,1.07,1.09
-4.90232e-03,1.09,1.03
-4.90224e-03,1.09,1.09
-4.90216e-03,1.09,1.03
-4.90208e-03,1.09,1.11
-4.90200e-03,1.07,1.01
-4.90192e-03,1.09,1.11
-4.90184e-03,1.07,1.03
-4.90176e-03,1.09,1.11
-4.90168e-03,1.09,1.03
-4.90160e-03,1.09,1.09
-4.90152e-03,1.09,1.03
-4.90144e-03,1.09,1.09
-4.90136e-03,1.09,1.03
-4.90128e-03,1.09,1.09
-4.90120e-03,1.07,1.03
-4.90112e-03,1.09,1.11
-4.90104e-03,1.09,1.03
-4.90096e-03,1.07,1.09
-4.90088e-03,1.09,1.03
-4.90080e-03,1.07,1.09
-4.90072e-03,1.07,1.03
-4.90064e-03,1.09,1.09
-4.90056e-03,1.07,1.03
-4.90048e-03,1.07,1.11
-4.90040e-03,1.07,1.03
-4.90032e-03,1.09,1.09
-4.90024e-03,1.07,1.03
-4.90016e-03,1.09,1.09
-4.90008e-03,1.07,1.03
-4.90000e-03,1.07,1.11
-4.89992e-03,1.07,1.05
-4.89984e-03,1.09,1.09
-4.89976e-03,1.09,1.03
-4.89968e-03,1.07,1.11
-4.89960e-03,1.09,1.05
-4.89952e-03,1.09,1.11
-4.89944e-03,1.09,1.03
-4.89936e-03,1.09,1.09
-4.89928e-03,1.09,1.03
-4.89920e-03,1.09,1.11
-4.89912e-03,1.09,1.05
-4.89904e-03,1.07,1.09
-4.89896e-03,1.07,1.03
-4.89888e-03,1.09,1.11
-4.89880e-03,1.07,1.03
-4.89872e-03,1.09,1.11
-4.89864e-03,1.09,1.05
-4.89856e-03,1.09,1.09
-4.89848e-03,1.09,1.03
-4.89840e-03,1.09,1.09
-4.89832e-03,1.09,1.03
-4.89824e-03,1.09,1.09
-4.89816e-03,1.09,1.03
-4.89808e-03,1.07,1.11
-4.89800e-03,1.07,1.03
-4.89792e-03,1.07,1.09
-4.89784e-03,1.07,1.05
-4.89776e-03,1.07,1.11
-4.89768e-03,1.09,1.03
-4.89760e-03,1.09,1.09
-4.89752e-03,1.07,1.05
-4.89744e-03,1.09,1.09
-4.89736e-03,1.09,1.05
-4.89728e-03,1.07,1.11
-4.89720e-03,1.09,1.03
-4.89712e-03,1.07,1.09
-4.89704e-03,1.09,1.05
-4.89696e-03,1.09,1.09
-4.89688e-03,1.09,1.05
-4.89680e-03,1.09,1.11
-4.89672e-03,1.09,1.05
-4.89664e-03,1.09,1.11
-4.89656e-03,1.07,1.05
-4.89648e-03,1.07,1.11
-4.89640e-03,1.09,1.05
-4.89632e-03,1.07,1.11
-4.89624e-03,1.07,1.05
-4.89616e-03,1.09,1.11
-4.89608e-03,1.09,1.05
-4.89600e-03,1.09,1.09
-4.89592e-03,1.09,1.05
-4.89584e-03,1.07,1.11
-4.89576e-03,1.11,1.05
-4.89568e-03,1.07,1.11
-4.89560e-03,1.09,1.05
-4.89552e-03,1.07,1.11
-4.89544e-03,1.09,1.03
-4.89536e-03,1.09,1.11
-4.89528e-03,1.09,1.03
-4.89520e-03,1.09,1.11
-4.89512e-03,1.07,1.03
-4.89504e-03,1.09,1.11
-4.89496e-03,1.07,1.05
-4.89488e-03,1.09,1.09
-4.89480e-03,1.07,1.05
-4.89472e-03,1.07,1.09
-4.89464e-03,1.07,1.05
-4.89456e-03,1.07,1.09
-4.89448e-03,1.09,1.05
-4.89440e-03,1.09,1.11
-4.89432e-03,1.09,1.03
-4.89424e-03,1.07,1.11
-4.89416e-03,1.09,1.05
-4.89408e-03,1.09,1.09
-4.89400e-03,1.07,1.05
-4.89392e-03,1.07,1.11
-4.89384e-03,1.09,1.05
-4.89376e-03,1.09,1.09
-4.89368e-03,1.09,1.03
-4.89360e-03,1.09,1.09
-4.89352e-03,1.09,1.03
-4.89344e-03,1.09,1.11
-4.89336e-03,1.09,1.03
-4.89328e-03,1.07,1.11
-4.89320e-03,1.09,1.05
-4.89312e-03,1.09,1.09
-4.89304e-03,1.09,1.03
-4.89296e-03,1.07,1.11
-4.89288e-03,1.09,1.01
-4.89280e-03,1.09,1.11
-4.89272e-03,1.07,1.03
-4.89264e-03,1.09,1.11
-4.89256e-03,1.09,1.03
-4.89248e-03,1.09,1.11
-4.89240e-03,1.09,1.03
-4.89232e-03,1.09,1.11
-4.89224e-03,1.09,1.03
-4.89216e-03,1.09,1.09
-4.89208e-03,1.09,1.05
-4.89200e-03,1.09,1.09
-4.89192e-03,1.09,1.03
-4.89184e-03,1.09,1.11
-4.89176e-03,1.07,1.03
-4.89168e-03,1.07,1.09
-4.89160e-03,1.09,1.03
-4.89152e-03,1.07,1.11
-4.89144e-03,1.09,1.03
-4.89136e-03,1.07,1.09
-4.89128e-03,1.07,1.03
-4.89120e-03,1.09,1.11
-4.89112e-03,1.07,1.03
-4.89104e-03,1.07,1.09
-4.89096e-03,1.07,1.03
-4.89088e-03,1.09,1.11
-4.89080e-03,1.09,1.03
-4.89072e-03,1.07,1.09
-4.89064e-03,1.09,1.03
-4.89056e-03,1.09,1.09
-4.89048e-03,1.09,1.03
-4.89040e-03,1.09,1.09
-4.89032e-03,1.09,1.03
-4.89024e-03,1.09,1.11
-4.89016e-03,1.09,1.03
-4.89008e-03,1.07,1.09
-4.89000e-03,1.07,1.03
-4.88992e-03,1.07,1.09
-4.88984e-03,1.07,1.03
-4.88976e-03,1.09,1.09
-4.88968e-03,1.07,1.03
-4.88960e-03,1.09,1.09
-4.88952e-03,1.09,1.03
-4.88944e-03,1.07,1.09
-4.88936e-03,1.07,1.03
-4.88928e-03,1.09,1.09
-4.88920e-03,1.07,1.03
-4.88912e-03,1.07,1.09
-4.88904e-03,1.09,1.03
-4.88896e-03,1.07,1.09
-4.88888e-03,1.09,1.03
-4.88880e-03,1.07,1.09
-4.88872e-03,1.07,1.03
-4.88864e-03,1.07,1.09
-4.88856e-03,1.07,1.03
-4.88848e-03,1.07,1.09
-4.88840e-03,1.09,1.03
-4.88832e-03,1.09,1.11
-4.88824e-03,1.07,1.03
-4.88816e-03,1.07,1.09
-4.88808e-03,1.09,1.03
-4.88800e-03,1.07,1.09
-4.88792e-03,1.07,1.03
-4.88784e-03,1.09,1.09
-4.88776e-03,1.09,1.03
-4.88768e-03,1.07,1.09
-4.88760e-03,1.09,1.03
-4.88752e-03,1.09,1.09
-4.88744e-03,1.07,1.03
-4.88736e-03,1.07,1.09
-4.88728e-03,1.09,1.03
-4.88720e-03,1.07,1.09
-4.88712e-03,1.07,1.03
-4.88704e-03,1.09,1.09
-4.88696e-03,1.07,1.05
-4.88688e-03,1.07,1.09
-4.88680e-03,1.07,1.05
-4.88672e-03,1.09,1.09
-4.88664e-03,1.07,1.03
-4.88656e-03,1.09,1.11
-4.88648e-03,1.09,1.03
-4.88640e-03,1.09,1.09
-4.88632e-03,1.09,1.05
-4.88624e-03,1.07,1.09
-4.88616e-03,1.09,1.05
-4.88608e-03,1.07,1.09
-4.88600e-03,1.09,1.03
-4.88592e-03,1.09,1.11
-4.88584e-03,1.07,1.03
-4.88576e-03,1.09,1.09
-4.88568e-03,1.05,1.05
-4.88560e-03,1.09,1.09
-4.88552e-03,1.09,1.03
-4.88544e-03,1.09,1.09
-4.88536e-03,1.07,1.03
-4.88528e-03,1.09,1.09
-4.88520e-03,1.07,1.05
-4.88512e-03,1.07,1.09
-4.88504e-03,1.07,1.03
-4.88496e-03,1.09,1.09
-4.88488e-03,1.09,1.05
-4.88480e-03,1.09,1.11
-4.88472e-03,1.07,1.05
-4.88464e-03,1.09,1.11
-4.88456e-03,1.07,1.03
-4.88448e-03,1.07,1.11
-4.88440e-03,1.07,1.03
-4.88432e-03,1.07,1.11
-4.88424e-03,1.07,1.01
-4.88416e-03,1.05,1.09
-4.88408e-03,1.05,1.01
-4.88400e-03,1.09,1.11
-4.88392e-03,1.07,1.01
-4.88384e-03,1.07,1.11
-4.88376e-03,1.07,1.03
-4.88368e-03,1.09,1.11
-4.88360e-03,1.07,1.03
-4.88352e-03,1.09,1.09
-4.88344e-03,1.07,1.03
-4.88336e-03,1.07,1.09
-4.88328e-03,1.07,1.03
-4.88320e-03,1.07,1.09
-4.88312e-03,1.07,1.03
-4.88304e-03,1.07,1.11
-4.88296e-03,1.07,1.03
-4.88288e-03,1.07,1.09
-4.88280e-03,1.07,1.03
-4.88272e-03,1.05,1.09
-4.88264e-03,1.09,1.03
-4.88256e-03,1.09,1.09
-4.88248e-03,1.05,1.01
-4.88240e-03,1.07,1.11
-4.88232e-03,1.07,1.01
-4.88224e-03,1.07,1.09
-4.88216e-03,1.09,1.03
-4.88208e-03,1.07,1.09
-4.88200e-03,1.07,1.03
-4.88192e-03,1.07,1.09
-4.88184e-03,1.07,1.03
-4.88176e-03,1.07,1.09
-4.88168e-03,1.07,1.03
-4.88160e-03,1.09,1.09
-4.88152e-03,1.07,1.03
-4.88144e-03,1.07,1.09
-4.88136e-03,1.07,1.03
-4.88128e-03,1.07,1.09
-4.88120e-03,1.07,1.03
-4.88112e-03,1.07,1.09
-4.88104e-03,1.09,1.01
-4.88096e-03,1.07,1.09
-4.88088e-03,1.07,1.03
-4.88080e-03,1.05,1.09
-4.88072e-03,1.07,1.03
-4.88064e-03,1.07,1.09
-4.88056e-03,1.07,1.03
-4.88048e-03,1.07,1.09
-4.88040e-03,1.05,1.01
-4.88032e-03,1.07,1.09
-4.88024e-03,1.07,1.03
-4.88016e-03,1.09,1.09
-4.88008e-03,1.05,1.03
-4.88000e-03,1.05,1.09
-4.87992e-03,1.07,1.01
-4.87984e-03,0.75,1.09
-4.87976e-03,0.99,0.55
-4.87968e-03,1.01,1.09
-4.87960e-03,1.01,0.75
-4.87952e-03,0.99,1.03
-4.87944e-03,0.99,0.95
-4.87936e-03,0.99,1.03
-4.87928e-03,1.01,0.95
-4.87920e-03,1.03,1.01
-4.87912e-03,1.05,0.95
-4.87904e-03,1.05,1.05
-4.87896e-03,1.09,1.01
-4.87888e-03,1.09,1.09
-4.87880e-03,1.09,1.03
-4.87872e-03,1.07,1.11
-4.87864e-03,1.09,1.03
-4.87856e-03,1.07,1.09
-4.87848e-03,1.07,1.03
-4.87840e-03,1.07,1.11
-4.87832e-03,1.07,1.01
-4.87824e-03,1.05,1.09
-4.87816e-03,1.03,1.01
-4.87808e-03,1.07,1.09
-4.87800e-03,1.03,1.01
-4.87792e-03,1.07,1.09
-4.87784e-03,1.07,1.01
-4.87776e-03,1.05,1.09
-4.87768e-03,1.07,0.99
-4.87760e-03,1.05,1.07
-4.87752e-03,1.07,1.01
-4.87744e-03,1.05,1.09
-4.87736e-03,1.07,1.01
-4.87728e-03,1.05,1.09
-4.87720e-03,1.05,1.01
-4.87712e-03,1.07,1.09
-4.87704e-03,1.05,1.01
-4.87696e-03,1.05,1.07
-4.87688e-03,1.05,1.01
-4.87680e-03,1.05,1.07
-4.87672e-03,1.03,1.01
-4.87664e-03,1.07,1.07
-4.87656e-03,1.05,1.01
-4.87648e-03,1.07,1.07
-4.87640e-03,1.07,1.01
-4.87632e-03,1.07,1.07
-4.87624e-03,1.05,1.01
-4.87616e-03,1.05,1.09
-4.87608e-03,1.07,1.01
-4.87600e-03,1.07,1.07
-4.87592e-03,1.07,1.01
-4.87584e-03,1.07,1.09
-4.87576e-03,1.05,1.03
-4.87568e-03,1.07,1.09
-4.87560e-03,1.07,1.03
-4.87552e-03,1.07,1.09
-4.87544e-03,1.07,1.01
-4.87536e-03,1.07,1.09
-4.87528e-03,1.05,1.03
-4.87520e-03,1.07,1.09
-4.87512e-03,1.07,1.03
-4.87504e-03,1.07,1.09
-4.87496e-03,1.07,1.03
-4.87488e-03,1.07,1.09
-4.87480e-03,1.09,1.01
-4.87472e-03,1.07,1.09
-4.87464e-03,1.07,1.01
-4.87456e-03,1.05,1.09
-4.87448e-03,1.07,1.01
-4.87440e-03,1.07,1.11
-4.87432e-03,1.07,1.01
-4.87424e-03,1.07,1.09
-4.87416e-03,1.07,1.01
-4.87408e-03,1.07,1.09
-4.87400e-03,1.05,1.03
-4.87392e-03,1.07,1.09
-4.87384e-03,1.07,1.01
-4.87376e-03,1.07,1.09
-4.87368e-03,1.07,1.03
-4.87360e-03,1.05,1.09
-4.87352e-03,1.09,1.01
-4.87344e-03,1.05,1.09
-4.87336e-03,1.09,1.03
-4.87328e-03,1.05,1.09
-4.87320e-03,1.07,1.01
-4.87312e-03,1.51,1.11
-4.87304e-03,1.13,1.01
-4.87296e-03,1.13,1.53
-4.87288e-03,1.13,1.07
-4.87280e-03,1.13,1.59
-4.87272e-03,1.13,1.09
-4.87264e-03,1.13,1.15
-4.87256e-03,1.11,1.09
-4.87248e-03,1.09,1.15
-4.87240e-03,1.07,1.05
-4.87232e-03,1.07,1.15
-4.87224e-03,1.05,1.03
-4.87216e-03,1.07,1.11
-4.87208e-03,1.03,1.03
-4.87200e-03,1.05,1.09
-4.87192e-03,1.07,0.99
-4.87184e-03,1.07,1.07
-4.87176e-03,1.07,1.01
-4.87168e-03,1.03,1.07
-4.87160e-03,1.07,0.99
-4.87152e-03,1.05,1.09
-4.87144e-03,1.07,1.01
-4.87136e-03,1.05,1.07
-4.87128e-03,1.07,1.01
-4.87120e-03,1.09,1.09
-4.87112e-03,1.07,1.03
-4.87104e-03,1.07,1.09
-4.87096e-03,1.05,1.03
-4.87088e-03,1.07,1.09
-4.87080e-03,1.07,1.01
-4.87072e-03,1.05,1.09
-4.87064e-03,1.05,1.01
-4.87056e-03,1.05,1.09
-4.87048e-03,1.07,1.03
-4.87040e-03,1.05,1.07
-4.87032e-03,1.07,1.01
-4.87024e-03,1.07,1.09
-4.87016e-03,1.07,1.01
-4.87008e-03,1.05,1.09
-4.87000e-03,1.07,1.03
-4.86992e-03,1.07,1.09
-4.86984e-03,1.07,1.03
-4.86976e-03,1.07,1.09
-4.86968e-03,1.05,1.03
-4.86960e-03,1.07,1.09
-4.86952e-03,1.07,1.03
-4.86944e-03,1.07,1.09
-4.86936e-03,1.05,1.03
-4.86928e-03,1.07,1.09
-4.86920e-03,1.07,1.01
-4.86912e-03,1.07,1.09
-4.86904e-03,1.07,1.03
-4.86896e-03,1.07,1.09
-4.86888e-03,1.07,1.03
-4.86880e-03,1.05,1.07
-4.86872e-03,1.07,1.03
-4.86864e-03,1.09,1.09
-4.86856e-03,1.07,1.03
-4.86848e-03,1.05,1.09
-4.86840e-03,1.07,1.03
-4.86832e-03,1.07,1.09
-4.86824e-03,1.07,1.03
-4.86816e-03,1.09,1.09
-4.86808e-03,1.07,1.03
-4.86800e-03,1.07,1.09
-4.86792e-03,1.07,1.03
-4.86784e-03,1.05,1.09
-4.86776e-03,1.07,1.03
-4.86768e-03,1.05,1.09
-4.86760e-03,1.09,1.01
-4.86752e-03,1.05,1.09
-4.86744e-03,1.07,1.03
-4.86736e-03,1.07,1.09
-4.86728e-03,1.07,1.03
-4.86720e-03,1.07,1.09
-4.86712e-03,1.07,1.03
-4.86704e-03,1.07,1.09
-4.86696e-03,1.05,1.03
-4.86688e-03,1.09,1.09
-4.86680e-03,1.07,1.03
-4.86672e-03,1.07,1.09
-4.86664e-03,1.07,1.03
-4.86656e-03,1.07,1.09
-4.86648e-03,1.07,1.03
-4.86640e-03,1.03,1.09
-4.86632e-03,1.05,1.03
-4.86624e-03,1.07,1.09
-4.86616e-03,1.09,1.01
-4.86608e-03,1.07,1.09
-4.86600e-03,1.05,1.01
-4.86592e-03,1.07,1.09
-4.86584e-03,1.05,1.01
-4.86576e-03,1.07,1.09
-4.86568e-03,1.07,1.01
-4.86560e-03,1.07,1.09
-4.86552e-03,1.09,1.03
-4.86544e-03,1.07,1.09
-4.86536e-03,1.05,1.01
-4.86528e-03,1.07,1.09
-4.86520e-03,1.07,1.03
-4.86512e-03,1.07,1.09
-4.86504e-03,1.07,1.03
-4.86496e-03,1.05,1.09
-4.86488e-03,1.07,1.03
-4.86480e-03,1.07,1.09
-4.86472e-03,1.07,1.03
-4.86464e-03,1.05,1.09
-4.86456e-03,1.07,1.03
-4.86448e-03,1.07,1.09
-4.86440e-03,1.09,1.03
-4.86432e-03,1.07,1.09
-4.86424e-03,1.07,1.03
-4.86416e-03,1.07,1.09
-4.86408e-03,1.05,1.03
-4.86400e-03,1.07,1.09
-4.86392e-03,1.07,1.03
-4.86384e-03,1.07,1.09
-4.86376e-03,1.07,1.03
-4.86368e-03,1.05,1.09
-4.86360e-03,1.07,1.03
-4.86352e-03,1.05,1.09
-4.86344e-03,1.05,1.03
-4.86336e-03,1.07,1.09
-4.86328e-03,1.05,1.01
-4.86320e-03,1.07,1.11
-4.86312e-03,1.05,1.03
-4.86304e-03,1.05,1.09
-4.86296e-03,1.07,1.03
-4.86288e-03,1.07,1.09
-4.86280e-03,1.07,1.03
-4.86272e-03,1.07,1.07
-4.86264e-03,1.07,1.03
-4.86256e-03,1.05,1.09
-4.86248e-03,1.09,1.03
-4.86240e-03,1.05,1.09
-4.86232e-03,1.05,1.03
-4.86224e-03,1.07,1.09
-4.86216e-03,1.09,1.03
-4.86208e-03,1.07,1.09
-4.86200e-03,1.05,1.03
-4.86192e-03,1.07,1.09
-4.86184e-03,1.05,1.03
-4.86176e-03,1.07,1.09
-4.86168e-03,1.07,1.03
-4.86160e-03,1.09,1.09
-4.86152e-03,1.07,1.01
-4.86144e-03,1.07,1.09
-4.86136e-03,1.05,1.03
-4.86128e-03,1.09,1.09
-4.86120e-03,1.09,1.03
-4.86112e-03,1.07,1.09
-4.86104e-03,1.07,1.03
-4.86096e-03,1.07,1.09
-4.86088e-03,1.07,1.03
-4.86080e-03,1.07,1.09
-4.86072e-03,1.07,1.03
-4.86064e-03,1.07,1.09
-4.86056e-03,1.07,1.03
-4.86048e-03,1.07,1.09
-4.86040e-03,1.05,1.03
-4.86032e-03,1.09,1.09
-4.86024e-03,1.05,1.03
-4.86016e-03,1.09,1.09
-4.86008e-03,1.07,1.03
-4.86000e-03,1.07,1.09
-4.85992e-03,1.07,1.03
-4.85984e-03,1.05,1.09
-4.85976e-03,1.07,1.03
-4.85968e-03,1.05,1.09
-4.85960e-03,1.07,1.03
-4.85952e-03,1.07,1.09
-4.85944e-03,1.07,1.03
-4.85936e-03,1.07,1.09
-4.85928e-03,1.07,1.03
-4.85920e-03,1.07,1.09
-4.85912e-03,1.07,1.03
-4.85904e-03,1.09,1.09
-4.85896e-03,1.07,1.03
-4.85888e-03,1.07,1.09
-4.85880e-03,1.07,1.03
-4.85872e-03,1.07,1.09
-4.85864e-03,1.07,1.03
-4.85856e-03,1.07,1.09
-4.85848e-03,1.07,1.03
-4.85840e-03,1.07,1.09
-4.85832e-03,1.07,1.03
-4.85824e-03,1.07,1.09
-4.85816e-03,1.09,1.03
-4.85808e-03,1.07,1.09
-4.85800e-03,1.07,1.03
-4.85792e-03,1.07,1.09
-4.85784e-03,1.09,1.03
-4.85776e-03,1.09,1.09
-4.85768e-03,1.07,1.03
-4.85760e-03,1.07,1.11
-4.85752e-03,1.07,1.03
-4.85744e-03,1.09,1.09
-4.85736e-03,1.07,1.03
-4.85728e-03,1.07,1.09
-4.85720e-03,1.07,1.03
-4.85712e-03,1.07,1.09
-4.85704e-03,1.09,1.03
-4.85696e-03,1.07,1.11
-4.85688e-03,1.09,1.03
-4.85680e-03,1.07,1.09
-4.85672e-03,1.07,1.03
-4.85664e-03,1.07,1.11
-4.85656e-03,1.09,1.03
-4.85648e-03,1.09,1.09
-4.85640e-03,1.07,1.03
-4.85632e-03,1.09,1.11
-4.85624e-03,1.07,1.03
-4.85616e-03,1.09,1.09
-4.85608e-03,1.09,1.03
-4.85600e-03,1.07,1.09
-4.85592e-03,1.07,1.03
-4.85584e-03,1.09,1.09
-4.85576e-03,1.07,1.05
-4.85568e-03,1.07,1.09
-4.85560e-03,1.09,1.03
-4.85552e-03,1.09,1.09
-4.85544e-03,1.09,1.03
-4.85536e-03,1.07,1.09
-4.85528e-03,1.07,1.03
-4.85520e-03,1.07,1.09
-4.85512e-03,1.07,1.03
-4.85504e-03,1.09,1.09
-4.85496e-03,1.07,1.03
-4.85488e-03,1.09,1.09
-4.85480e-03,1.07,1.03
-4.85472e-03,1.09,1.11
-4.85464e-03,1.09,1.03
-4.85456e-03,1.07,1.09
-4.85448e-03,1.07,1.03
-4.85440e-03,1.07,1.09
-4.85432e-03,1.09,1.03
-4.85424e-03,1.07,1.09
-4.85416e-03,1.09,1.03
-4.85408e-03,1.07,1.09
-4.85400e-03,1.09,1.03
-4.85392e-03,1.09,1.09
-4.85384e-03,1.07,1.03
-4.85376e-03,1.07,1.09
-4.85368e-03,1.07,1.03
-4.85360e-03,1.09,1.09
-4.85352e-03,1.07,1.01
-4.85344e-03,1.09,1.09
-4.85336e-03,1.07,1.03
-4.85328e-03,1.07,1.09
-4.85320e-03,1.07,1.03
-4.85312e-03,1.07,1.09
-4.85304e-03,1.07,1.03
-4.85296e-03,1.09,1.09
-4.85288e-03,1.07,1.03
-4.85280e-03,1.05,1.09
-4.85272e-03,1.07,1.03
-4.85264e-03,1.07,1.09
-4.85256e-03,1.07,1.03
-4.85248e-03,1.07,1.09
-4.85240e-03,1.07,1.03
-4.85232e-03,1.07,1.09
-4.85224e-03,1.07,1.03
-4.85216e-03,1.09,1.09
-4.85208e-03,1.07,1.03
-4.85200e-03,1.09,1.09
-4.85192e-03,1.07,1.03
-4.85184e-03,1.07,1.09
-4.85176e-03,1.07,1.03
-4.85168e-03,1.07,1.09
-4.85160e-03,1.07,1.03
-4.85152e-03,1.07,1.09
-4.85144e-03,1.07,1.03
-4.85136e-03,1.05,1.09
-4.85128e-03,1.07,1.01
-4.85120e-03,1.07,1.09
-4.85112e-03,1.07,1.03
-4.85104e-03,1.07,1.09
-4.85096e-03,1.07,1.03
-4.85088e-03,1.07,1.09
-4.85080e-03,1.07,1.03
-4.85072e-03,1.07,1.09
-4.85064e-03,1.07,1.03
-4.85056e-03,1.09,1.09
-4.85048e-03,1.09,1.03
-4.85040e-03,1.07,1.09
-4.85032e-03,1.07,1.01
-4.85024e-03,1.07,1.09
-4.85016e-03,1.07,1.03
-4.85008e-03,1.07,1.09
-4.85000e-03,1.05,1.03
-4.84992e-03,1.09,1.09
-4.84984e-03,1.07,1.03
-4.84976e-03,1.05,1.09
-4.84968e-03,1.07,1.03
-4.84960e-03,1.05,1.09
-4.84952e-03,1.07,1.03
-4.84944e-03,1.09,1.09
-4.84936e-03,1.07,1.03
-4.84928e-03,1.07,1.09
-4.84920e-03,1.09,1.03
-4.84912e-03,1.07,1.09
-4.84904e-03,1.09,1.03
-4.84896e-03,1.07,1.09
-4.84888e-03,1.09,1.03
-4.84880e-03,1.07,1.09
-4.84872e-03,1.09,1.03
-4.84864e-03,1.07,1.09
-4.84856e-03,1.07,1.03
-4.84848e-03,1.07,1.09
-4.84840e-03,1.07,1.03
-4.84832e-03,1.09,1.11
-4.84824e-03,1.09,1.01
-4.84816e-03,1.07,1.11
-4.84808e-03,1.07,1.03
-4.84800e-03,1.09,1.11
-4.84792e-03,1.07,1.03
-4.84784e-03,1.07,1.09
-4.84776e-03,1.07,1.03
-4.84768e-03,1.07,1.09
-4.84760e-03,1.11,1.03
-4.84752e-03,1.07,1.09
-4.84744e-03,1.09,1.03
-4.84736e-03,1.05,1.11
-4.84728e-03,1.07,1.03
-4.84720e-03,1.07,1.09
-4.84712e-03,1.07,1.03
-4.84704e-03,1.09,1.09
-4.84696e-03,1.07,1.03
-4.84688e-03,1.07,1.09
-4.84680e-03,1.07,1.03
-4.84672e-03,1.09,1.09
-4.84664e-03,1.09,1.03
-4.84656e-03,1.07,1.09
-4.84648e-03,1.09,1.03
-4.84640e-03,1.07,1.11
-4.84632e-03,1.07,1.05
-4.84624e-03,1.07,1.11
-4.84616e-03,1.05,1.03
-4.84608e-03,1.09,1.11
-4.84600e-03,1.09,1.03
-4.84592e-03,1.07,1.09
-4.84584e-03,1.07,1.03
-4.84576e-03,1.07,1.09
-4.84568e-03,1.07,1.03
-4.84560e-03,1.07,1.09
-4.84552e-03,1.09,1.03
-4.84544e-03,1.09,1.11
-4.84536e-03,1.07,1.03
-4.84528e-03,1.09,1.09
-4.84520e-03,1.07,1.03
-4.84512e-03,1.05,1.09
-4.84504e-03,1.07,1.03
-4.84496e-03,1.07,1.09
-4.84488e-03,1.07,1.03
-4.84480e-03,1.07,1.09
-4.84472e-03,1.07,1.03
-4.84464e-03,1.07,1.09
-4.84456e-03,1.07,1.03
-4.84448e-03,1.07,1.09
-4.84440e-03,1.07,1.03
-4.84432e-03,1.07,1.09
-4.84424e-03,1.07,1.03
-4.84416e-03,1.09,1.09
-4.84408e-03,1.09,1.03
-4.84400e-03,1.07,1.11
-4.84392e-03,1.09,1.03
-4.84384e-03,1.07,1.11
-4.84376e-03,1.07,1.03
-4.84368e-03,1.07,1.11
-4.84360e-03,1.07,1.05
-4.84352e-03,1.07,1.09
-4.84344e-03,1.07,1.03
-4.84336e-03,1.07,1.09
-4.84328e-03,1.07,1.03
-4.84320e-03,1.07,1.09
-4.84312e-03,1.07,1.03
-4.84304e-03,1.09,1.11
-4.84296e-03,1.07,1.03
-4.84288e-03,1.09,1.11
-4.84280e-03,1.07,1.03
-4.84272e-03,1.07,1.09
-4.84264e-03,1.09,1.03
-4.84256e-03,1.07,1.09
-4.84248e-03,1.09,1.03
-4.84240e-03,1.07,1.09
-4.84232e-03,1.07,1.03
-4.84224e-03,1.07,1.09
-4.84216e-03,1.07,1.03
-4.84208e-03,1.07,1.09
-4.84200e-03,1.07,1.03
-4.84192e-03,1.07,1.09
-4.84184e-03,1.07,1.03
-4.84176e-03,1.09,1.09
-4.84168e-03,1.07,1.03
-4.84160e-03,1.09,1.09
-4.84152e-03,1.07,1.03
-4.84144e-03,1.09,1.09
-4.84136e-03,1.07,1.03
-4.84128e-03,1.07,1.09
-4.84120e-03,1.09,1.03
-4.84112e-03,1.07,1.09
-4.84104e-03,1.07,1.03
-4.84096e-03,1.05,1.09
-4.84088e-03,1.07,1.03
-4.84080e-03,1.05,1.09
-4.84072e-03,1.07,1.03
-4.84064e-03,1.07,1.11
-4.84056e-03,1.07,1.03
-4.84048e-03,1.09,1.09
-4.84040e-03,1.07,1.03
-4.84032e-03,1.07,1.09
-4.84024e-03,1.05,1.03
-4.84016e-03,1.07,1.09
-4.84008e-03,1.09,1.01
-4.84000e-03,1.07,1.09
-4.83992e-03,1.07,1.03
-4.83984e-03,1.07,1.09
-4.83976e-03,1.07,1.03
-4.83968e-03,1.07,1.09
-4.83960e-03,1.07,1.03
-4.83952e-03,1.07,1.09
-4.83944e-03,1.07,1.03
-4.83936e-03,1.09,1.09
-4.83928e-03,1.07,1.03
-4.83920e-03,1.07,1.09
-4.83912e-03,1.05,1.03
-4.83904e-03,1.07,1.09
-4.83896e-03,1.05,1.01
-4.83888e-03,1.09,1.09
-4.83880e-03,1.05,1.03
-4.83872e-03,1.09,1.11
-4.83864e-03,1.09,1.01
-4.83856e-03,1.09,1.09
-4.83848e-03,1.07,1.03
-4.83840e-03,1.07,1.09
-4.83832e-03,1.09,1.03
-4.83824e-03,1.07,1.07
-4.83816e-03,1.09,1.03
-4.83808e-03,1.07,1.09
-4.83800e-03,1.09,1.03
-4.83792e-03,1.09,1.09
-4.83784e-03,1.07,1.03
-4.83776e-03,1.07,1.09
-4.83768e-03,1.07,1.03
-4.83760e-03,1.07,1.09
-4.83752e-03,1.07,1.03
-4.83744e-03,1.07,1.09
-4.83736e-03,1.07,1.03
-4.83728e-03,1.07,1.09
-4.83720e-03,1.07,1.03
-4.83712e-03,1.09,1.09
-4.83704e-03,1.09,1.03
-4.83696e-03,1.05,1.09
-4.83688e-03,1.07,1.03
-4.83680e-03,1.05,1.09
-4.83672e-03,1.07,1.03
-4.83664e-03,1.09,1.09
-4.83656e-03,1.07,1.01
-4.83648e-03,1.07,1.09
-4.83640e-03,1.07,1.03
-4.83632e-03,1.07,1.09
-4.83624e-03,1.05,1.03
-4.83616e-03,1.07,1.09
-4.83608e-03,1.07,1.03
-4.83600e-03,1.09,1.09
-4.83592e-03,1.07,1.03
-4.83584e-03,1.07,1.09
-4.83576e-03,1.07,1.03
-4.83568e-03,1.07,1.09
-4.83560e-03,1.07,1.03
-4.83552e-03,1.09,1.11
-4.83544e-03,1.09,1.03
-4.83536e-03,1.07,1.09
-4.83528e-03,1.07,1.03
-4.83520e-03,1.07,1.09
-4.83512e-03,1.07,1.03
-4.83504e-03,1.09,1.09
-4.83496e-03,1.07,1.03
-4.83488e-03,1.09,1.09
-4.83480e-03,1.07,1.03
-4.83472e-03,1.07,1.09
-4.83464e-03,1.07,1.03
-4.83456e-03,1.09,1.09
-4.83448e-03,1.09,1.03
-4.83440e-03,1.07,1.09
-4.83432e-03,1.07,1.03
-4.83424e-03,1.07,1.09
-4.83416e-03,1.09,1.03
-4.83408e-03,1.09,1.09
-4.83400e-03,1.07,1.01
-4.83392e-03,1.07,1.09
-4.83384e-03,1.09,1.03
-4.83376e-03,1.09,1.09
-4.83368e-03,1.07,1.03
-4.83360e-03,1.07,1.09
-4.83352e-03,1.07,1.03
-4.83344e-03,1.07,1.11
-4.83336e-03,1.07,1.03
-4.83328e-03,1.07,1.09
-4.83320e-03,1.07,1.03
-4.83312e-03,1.07,1.09
-4.83304e-03,1.07,1.03
-4.83296e-03,1.07,1.09
-4.83288e-03,1.07,1.03
-4.83280e-03,1.05,1.09
-4.83272e-03,1.07,1.03
-4.83264e-03,1.05,1.09
-4.83256e-03,1.07,1.03
-4.83248e-03,1.07,1.09
-4.83240e-03,1.05,1.03
-4.83232e-03,1.07,1.09
-4.83224e-03,1.05,1.03
-4.83216e-03,1.07,1.09
-4.83208e-03,1.07,1.01
-4.83200e-03,1.07,1.09
-4.83192e-03,1.05,1.03
-4.83184e-03,1.05,1.09
-4.83176e-03,1.07,1.01
-4.83168e-03,1.05,1.09
-4.83160e-03,1.07,1.01
-4.83152e-03,1.07,1.09
-4.83144e-03,1.07,1.01
-4.83136e-03,1.05,1.09
-4.83128e-03,1.07,1.03
-4.83120e-03,1.07,1.09
-4.83112e-03,1.05,1.03
-4.83104e-03,1.07,1.09
-4.83096e-03,1.07,1.03
-4.83088e-03,1.07,1.09
-4.83080e-03,1.05,1.01
-4.83072e-03,1.07,1.09
-4.83064e-03,1.05,1.03
-4.83056e-03,1.07,1.09
-4.83048e-03,1.09,1.03
-4.83040e-03,1.07,1.09
-4.83032e-03,1.07,1.01
-4.83024e-03,1.05,1.09
-4.83016e-03,1.07,1.01
-4.83008e-03,1.05,1.09
-4.83000e-03,1.07,1.03
-4.82992e-03,1.05,1.09
-4.82984e-03,1.05,1.03
-4.82976e-03,0.89,1.09
-4.82968e-03,1.03,0.57
-4.82960e-03,1.01,1.09
-4.82952e-03,1.01,0.89
-4.82944e-03,0.97,1.03
-4.82936e-03,0.99,0.93
-4.82928e-03,0.99,1.01
-4.82920e-03,1.03,0.95
-4.82912e-03,1.05,1.01
-4.82904e-03,1.05,0.97
-4.82896e-03,1.07,1.05
-4.82888e-03,1.07,0.99
-4.82880e-03,1.09,1.07
-4.82872e-03,1.09,1.03
-4.82864e-03,1.09,1.11
-4.82856e-03,1.09,1.05
-4.82848e-03,1.07,1.11
-4.82840e-03,1.07,1.03
-4.82832e-03,1.07,1.11
-4.82824e-03,1.07,1.03
-4.82816e-03,1.05,1.09
-4.82808e-03,1.07,1.01
-4.82800e-03,1.07,1.09
-4.82792e-03,1.05,1.01
-4.82784e-03,1.05,1.07
-4.82776e-03,1.07,1.01
-4.82768e-03,1.07,1.07
-4.82760e-03,1.07,1.01
-4.82752e-03,1.07,1.09
-4.82744e-03,1.07,1.03
-4.82736e-03,1.07,1.09
-4.82728e-03,1.05,1.03
-4.82720e-03,1.07,1.09
-4.82712e-03,1.07,1.03
-4.82704e-03,1.05,1.09
-4.82696e-03,1.09,1.01
-4.82688e-03,1.05,1.07
-4.82680e-03,1.05,1.01
-4.82672e-03,1.05,1.09
-4.82664e-03,1.07,1.01
-4.82656e-03,1.05,1.07
-4.82648e-03,1.07,1.01
-4.82640e-03,1.05,1.09
-4.82632e-03,1.07,1.01
-4.82624e-03,1.07,1.07
-4.82616e-03,1.05,1.01
-4.82608e-03,1.05,1.07
-4.82600e-03,1.05,1.01
-4.82592e-03,1.05,1.09
-4.82584e-03,1.07,1.01
-4.82576e-03,1.05,1.09
-4.82568e-03,1.07,1.01
-4.82560e-03,1.05,1.09
-4.82552e-03,1.07,1.03
-4.82544e-03,1.05,1.09
-4.82536e-03,1.09,1.01
-4.82528e-03,1.07,1.09
-4.82520e-03,1.09,1.01
-4.82512e-03,1.09,1.09
-4.82504e-03,1.07,1.03
-4.82496e-03,1.09,1.09
-4.82488e-03,1.05,1.01
-4.82480e-03,1.07,1.09
-4.82472e-03,1.07,1.03
-4.82464e-03,1.07,1.09
-4.82456e-03,1.07,1.01
-4.82448e-03,1.05,1.09
-4.82440e-03,1.07,1.01
-4.82432e-03,1.05,1.09
-4.82424e-03,1.07,1.03
-4.82416e-03,1.05,1.09
-4.82408e-03,1.05,1.03
-4.82400e-03,1.07,1.09
-4.82392e-03,1.05,1.01
-4.82384e-03,1.07,1.07
-4.82376e-03,1.07,1.01
-4.82368e-03,1.07,1.09
-4.82360e-03,1.05,1.03
-4.82352e-03,1.07,1.09
-4.82344e-03,1.07,1.01
-4.82336e-03,1.07,1.07
-4.82328e-03,1.05,1.01
-4.82320e-03,1.07,1.09
-4.82312e-03,1.07,1.01
-4.82304e-03,1.47,1.09
-4.82296e-03,1.09,1.03
-4.82288e-03,1.13,1.59
-4.82280e-03,1.13,1.05
-4.82272e-03,1.11,1.47
-4.82264e-03,1.13,1.07
-4.82256e-03,1.13,1.15
-4.82248e-03,1.09,1.09
-4.82240e-03,1.09,1.15
-4.82232e-03,1.09,1.05
-4.82224e-03,1.05,1.15
-4.82216e-03,1.05,1.01
-4.82208e-03,1.05,1.11
-4.82200e-03,1.03,0.99
-4.82192e-03,1.03,1.07
-4.82184e-03,1.07,0.99
-4.82176e-03,1.07,1.07
-4.82168e-03,1.05,1.01
-4.82160e-03,1.05,1.07
-4.82152e-03,1.05,1.01
-4.82144e-03,1.05,1.07
-4.82136e-03,1.07,1.03
-4.82128e-03,1.07,1.07
-4.82120e-03,1.07,1.01
-4.82112e-03,1.05,1.09
-4.82104e-03,1.07,1.03
-4.82096e-03,1.03,1.09
-4.82088e-03,1.05,1.01
-4.82080e-03,1.05,1.09
-4.82072e-03,1.07,1.01
-4.82064e-03,1.07,1.09
-4.82056e-03,1.05,1.01
-4.82048e-03,1.05,1.09
-4.82040e-03,1.05,1.03
-4.82032e-03,1.05,1.07
-4.82024e-03,1.07,1.01
-4.82016e-03,1.05,1.07
-4.82008e-03,1.05,1.01
-4.82000e-03,1.07,1.07
-4.81992e-03,1.07,1.01
-4.81984e-03,1.05,1.09
-4.81976e-03,1.07,1.01
-4.81968e-03,1.05,1.09
-4.81960e-03,1.07,1.01
-4.81952e-03,1.07,1.09
-4.81944e-03,1.05,1.03
-4.81936e-03,1.05,1.09
-4.81928e-03,1.05,1.01
-4.81920e-03,1.05,1.09
-4.81912e-03,1.05,1.01
-4.81904e-03,1.07,1.09
-4.81896e-03,1.05,1.01
-4.81888e-03,1.05,1.09
-4.81880e-03,1.05,1.01
-4.81872e-03,1.07,1.09
-4.81864e-03,1.09,1.03
-4.81856e-03,1.05,1.09
-4.81848e-03,1.07,1.01
-4.81840e-03,1.07,1.09
-4.81832e-03,1.09,1.03
-4.81824e-03,1.07,1.09
-4.81816e-03,1.07,1.03
-4.81808e-03,1.07,1.09
-4.81800e-03,1.07,1.03
-4.81792e-03,1.07,1.09
-4.81784e-03,1.07,1.03
-4.81776e-03,1.07,1.09
-4.81768e-03,1.05,1.01
-4.81760e-03,1.07,1.09
-4.81752e-03,1.05,1.03
-4.81744e-03,1.07,1.09
-4.81736e-03,1.07,1.03
-4.81728e-03,1.05,1.09
-4.81720e-03,1.07,1.03
-4.81712e-03,1.05,1.09
-4.81704e-03,1.07,1.03
-4.81696e-03,1.07,1.09
-4.81688e-03,1.09,1.03
-4.81680e-03,1.07,1.07
-4.81672e-03,1.05,1.01
-4.81664e-03,1.07,1.09
-4.81656e-03,1.07,1.01
-4.81648e-03,1.07,1.09
-4.81640e-03,1.07,1.03
-4.81632e-03,1.09,1.09
-4.81624e-03,1.07,1.03
-4.81616e-03,1.07,1.09
-4.81608e-03,1.07,1.03
-4.81600e-03,1.07,1.09
-4.81592e-03,1.09,1.03
-4.81584e-03,1.09,1.09
-4.81576e-03,1.05,1.03
-4.81568e-03,1.07,1.09
-4.81560e-03,1.07,1.03
-4.81552e-03,1.07,1.09
-4.81544e-03,1.09,1.03
-4.81536e-03,1.07,1.09
-4.81528e-03,1.07,1.03
-4.81520e-03,1.07,1.09
-4.81512e-03,1.05,1.03
-4.81504e-03,1.07,1.09
-4.81496e-03,1.07,1.03
-4.81488e-03,1.07,1.09
-4.81480e-03,1.07,1.03
-4.81472e-03,1.09,1.09
-4.81464e-03,1.07,1.03
-4.81456e-03,1.05,1.09
-4.81448e-03,1.07,1.03
-4.81440e-03,1.07,1.09
-4.81432e-03,1.07,1.03
-4.81424e-03,1.07,1.09
-4.81416e-03,1.07,1.03
-4.81408e-03,1.05,1.09
-4.81400e-03,1.07,1.03
-4.81392e-03,1.07,1.09
-4.81384e-03,1.07,1.03
-4.81376e-03,1.09,1.09
-4.81368e-03,1.07,1.03
-4.81360e-03,1.09,1.09
-4.81352e-03,1.07,1.03
-4.81344e-03,1.07,1.09
-4.81336e-03,1.09,1.03
-4.81328e-03,1.07,1.09
-4.81320e-03,1.07,1.03
-4.81312e-03,1.07,1.09
-4.81304e-03,1.09,1.03
-4.81296e-03,1.05,1.09
-4.81288e-03,1.07,1.03
-4.81280e-03,1.07,1.09
-4.81272e-03,1.05,1.03
-4.81264e-03,1.09,1.09
-4.81256e-03,1.07,1.03
-4.81248e-03,1.07,1.09
-4.81240e-03,1.07,1.01
-4.81232e-03,1.07,1.09
-4.81224e-03,1.05,1.03
-4.81216e-03,1.07,1.09
-4.81208e-03,1.09,1.03
-4.81200e-03,1.07,1.09
-4.81192e-03,1.07,1.03
-4.81184e-03,1.07,1.09
-4.81176e-03,1.07,1.03
-4.81168e-03,1.09,1.09
-4.81160e-03,1.07,1.03
-4.81152e-03,1.07,1.09
-4.81144e-03,1.07,1.03
-4.81136e-03,1.07,1.09
-4.81128e-03,1.07,1.03
-4.81120e-03,1.07,1.09
-4.81112e-03,1.07,1.03
-4.81104e-03,1.09,1.09
-4.81096e-03,1.05,1.03
-4.81088e-03,1.07,1.09
-4.81080e-03,1.07,1.03
-4.81072e-03,1.07,1.09
-4.81064e-03,1.07,1.03
-4.81056e-03,1.05,1.09
-4.81048e-03,1.07,1.03
-4.81040e-03,1.07,1.09
-4.81032e-03,1.07,1.01
-4.81024e-03,1.07,1.09
-4.81016e-03,1.09,1.03
-4.81008e-03,1.07,1.09
-4.81000e-03,1.05,1.03
-4.80992e-03,1.07,1.09
-4.80984e-03,1.07,1.03
-4.80976e-03,1.07,1.09
-4.80968e-03,1.05,1.01
-4.80960e-03,1.07,1.09
-4.80952e-03,1.07,1.03
-4.80944e-03,1.05,1.09
-4.80936e-03,1.07,1.03
-4.80928e-03,1.09,1.09
-4.80920e-03,1.07,1.03
-4.80912e-03,1.07,1.09
-4.80904e-03,1.09,1.03
-4.80896e-03,1.07,1.09
-4.80888e-03,1.07,1.03
-4.80880e-03,1.07,1.09
-4.80872e-03,1.09,1.03
-4.80864e-03,1.07,1.09
-4.80856e-03,1.07,1.03
-4.80848e-03,1.07,1.09
-4.80840e-03,1.07,1.03
-4.80832e-03,1.09,1.09
-4.80824e-03,1.07,1.03
-4.80816e-03,1.07,1.09
-4.80808e-03,1.09,1.03
-4.80800e-03,1.07,1.09
-4.80792e-03,1.07,1.03
-4.80784e-03,1.07,1.09
-4.80776e-03,1.07,1.03
-4.80768e-03,1.07,1.09
-4.80760e-03,1.07,1.03
-4.80752e-03,1.05,1.11
-4.80744e-03,1.07,1.03
-4.80736e-03,1.07,1.09
-4.80728e-03,1.07,1.03
-4.80720e-03,1.09,1.09
-4.80712e-03,1.07,1.03
-4.80704e-03,1.09,1.11
-4.80696e-03,1.07,1.05
-4.80688e-03,1.09,1.09
-4.80680e-03,1.07,1.03
-4.80672e-03,1.07,1.09
-4.80664e-03,1.07,1.03
-4.80656e-03,1.09,1.09
-4.80648e-03,1.05,1.03
-4.80640e-03,1.07,1.09
-4.80632e-03,1.09,1.03
-4.80624e-03,1.07,1.11
-4.80616e-03,1.09,1.03
-4.80608e-03,1.07,1.11
-4.80600e-03,1.09,1.03
-4.80592e-03,1.09,1.11
-4.80584e-03,1.09,1.03
-4.80576e-03,1.07,1.09
-4.80568e-03,1.09,1.03
-4.80560e-03,1.09,1.09
-4.80552e-03,1.07,1.03
-4.80544e-03,1.07,1.09
-4.80536e-03,1.07,1.03
-4.80528e-03,1.07,1.09
-4.80520e-03,1.09,1.03
-4.80512e-03,1.07,1.11
-4.80504e-03,1.07,1.03
-4.80496e-03,1.07,1.09
-4.80488e-03,1.09,1.03
-4.80480e-03,1.07,1.09
-4.80472e-03,1.07,1.03
-4.80464e-03,1.07,1.09
-4.80456e-03,1.07,1.03
-4.80448e-03,1.07,1.09
-4.80440e-03,1.07,1.03
-4.80432e-03,1.09,1.09
-4.80424e-03,1.09,1.03
-4.80416e-03,1.07,1.09
-4.80408e-03,1.07,1.03
-4.80400e-03,1.07,1.09
-4.80392e-03,1.07,1.03
-4.80384e-03,1.07,1.09
-4.80376e-03,1.09,1.03
-4.80368e-03,1.07,1.09
-4.80360e-03,1.09,1.03
-4.80352e-03,1.09,1.09
-4.80344e-03,1.07,1.03
-4.80336e-03,1.07,1.09
-4.80328e-03,1.09,1.03
-4.80320e-03,1.07,1.09
-4.80312e-03,1.05,1.03
-4.80304e-03,1.05,1.09
-4.80296e-03,1.07,1.03
-4.80288e-03,1.09,1.11
-4.80280e-03,1.07,1.03
-4.80272e-03,1.11,1.11
-4.80264e-03,1.07,1.03
-4.80256e-03,1.07,1.11
-4.80248e-03,1.09,1.03
-4.80240e-03,1.07,1.09
-4.80232e-03,1.09,1.03
-4.80224e-03,1.05,1.09
-4.80216e-03,1.07,1.03
-4.80208e-03,1.07,1.11
-4.80200e-03,1.09,1.03
-4.80192e-03,1.07,1.09
-4.80184e-03,1.07,1.03
-4.80176e-03,1.05,1.11
-4.80168e-03,1.05,1.03
-4.80160e-03,1.09,1.11
-4.80152e-03,1.09,1.03
-4.80144e-03,1.09,1.09
-4.80136e-03,1.07,1.03
-4.80128e-03,1.07,1.09
-4.80120e-03,1.05,1.03
-4.80112e-03,1.05,1.09
-4.80104e-03,1.05,1.01
-4.80096e-03,1.05,1.07
-4.80088e-03,1.07,1.01
-4.80080e-03,1.05,1.07
-4.80072e-03,1.07,1.01
-4.80064e-03,1.07,1.07
-4.80056e-03,1.09,1.03
-4.80048e-03,1.09,1.11
-4.80040e-03,1.09,1.05
-4.80032e-03,1.09,1.11
-4.80024e-03,1.07,1.05
-4.80016e-03,1.09,1.09
-4.80008e-03,1.07,1.03
-4.80000e-03,1.07,1.11
-4.79992e-03,1.07,1.03
-4.79984e-03,1.07,1.09
-4.79976e-03,1.09,1.03
-4.79968e-03,1.07,1.09
-4.79960e-03,1.07,1.03
-4.79952e-03,1.07,1.11
-4.79944e-03,1.05,1.03
-4.79936e-03,1.09,1.09
-4.79928e-03,1.09,1.03
-4.79920e-03,1.09,1.09
-4.79912e-03,1.07,1.03
-4.79904e-03,1.09,1.09
-4.79896e-03,1.07,1.03
-4.79888e-03,1.07,1.09
-4.79880e-03,1.07,1.03
-4.79872e-03,1.07,1.11
-4.79864e-03,1.07,1.03
-4.79856e-03,1.07,1.09
-4.79848e-03,1.09,1.03
-4.79840e-03,1.07,1.09
-4.79832e-03,1.09,1.03
-4.79824e-03,1.09,1.09
-4.79816e-03,1.09,1.03
-4.79808e-03,1.07,1.09
-4.79800e-03,1.09,1.03
-4.79792e-03,1.09,1.09
-4.79784e-03,1.07,1.03
-4.79776e-03,1.09,1.09
-4.79768e-03,1.07,1.03
-4.79760e-03,1.09,1.09
-4.79752e-03,1.07,1.03
-4.79744e-03,1.09,1.09
-4.79736e-03,1.07,1.03
-4.79728e-03,1.09,1.09
-4.79720e-03,1.09,1.03
-4.79712e-03,1.07,1.09
-4.79704e-03,1.09,1.03
-4.79696e-03,1.09,1.09
-4.79688e-03,1.09,1.03
-4.79680e-03,1.09,1.09
-4.79672e-03,1.09,1.03
-4.79664e-03,1.09,1.09
-4.79656e-03,1.09,1.05
-4.79648e-03,1.09,1.09
-4.79640e-03,1.07,1.05
-4.79632e-03,1.09,1.11
-4.79624e-03,1.07,1.05
-4.79616e-03,1.09,1.09
-4.79608e-03,1.09,1.05
-4.79600e-03,1.09,1.11
-4.79592e-03,1.09,1.03
-4.79584e-03,1.09,1.11
-4.79576e-03,1.09,1.05
-4.79568e-03,1.09,1.09
-4.79560e-03,1.09,1.03
-4.79552e-03,1.09,1.11
-4.79544e-03,1.09,1.05
-4.79536e-03,1.07,1.11
-4.79528e-03,1.07,1.03
-4.79520e-03,1.09,1.09
-4.79512e-03,1.07,1.05
-4.79504e-03,1.09,1.11
-4.79496e-03,1.07,1.05
-4.79488e-03,1.07,1.11
-4.79480e-03,1.09,1.03
-4.79472e-03,1.07,1.11
-4.79464e-03,1.07,1.03
-4.79456e-03,1.05,1.11
-4.79448e-03,1.07,1.03
-4.79440e-03,1.05,1.11
-4.79432e-03,1.09,1.03
-4.79424e-03,1.07,1.11
-4.79416e-03,1.09,1.03
-4.79408e-03,1.09,1.09
-4.79400e-03,1.09,1.05
-4.79392e-03,1.09,1.11
-4.79384e-03,1.07,1.03
-4.79376e-03,1.09,1.11
-4.79368e-03,1.07,1.03
-4.79360e-03,1.09,1.09
-4.79352e-03,1.09,1.03
-4.79344e-03,1.07,1.11
-4.79336e-03,1.07,1.03
-4.79328e-03,1.07,1.09
-4.79320e-03,1.09,1.03
-4.79312e-03,1.07,1.09
-4.79304e-03,1.09,1.05
-4.79296e-03,1.09,1.11
-4.79288e-03,1.07,1.03
-4.79280e-03,1.09,1.11
-4.79272e-03,1.09,1.03
-4.79264e-03,1.07,1.11
-4.79256e-03,1.05,1.03
-4.79248e-03,1.09,1.11
-4.79240e-03,1.07,1.01
-4.79232e-03,1.09,1.11
-4.79224e-03,1.07,1.03
-4.79216e-03,1.07,1.09
-4.79208e-03,1.07,1.03
-4.79200e-03,1.07,1.11
-4.79192e-03,1.09,1.03
-4.79184e-03,1.09,1.09
-4.79176e-03,1.07,1.03
-4.79168e-03,1.07,1.09
-4.79160e-03,1.09,1.03
-4.79152e-03,1.07,1.09
-4.79144e-03,1.07,1.03
-4.79136e-03,1.07,1.09
-4.79128e-03,1.07,1.03
-4.79120e-03,1.07,1.09
-4.79112e-03,1.07,1.03
-4.79104e-03,1.09,1.09
-4.79096e-03,1.09,1.03
-4.79088e-03,1.07,1.09
-4.79080e-03,1.07,1.03
-4.79072e-03,1.07,1.09
-4.79064e-03,1.07,1.03
-4.79056e-03,1.07,1.09
-4.79048e-03,1.07,1.03
-4.79040e-03,1.07,1.09
-4.79032e-03,1.09,1.03
-4.79024e-03,1.05,1.09
-4.79016e-03,1.07,1.03
-4.79008e-03,1.07,1.09
-4.79000e-03,1.09,1.03
-4.78992e-03,1.09,1.09
-4.78984e-03,1.07,1.03
-4.78976e-03,1.09,1.09
-4.78968e-03,1.07,1.03
-4.78960e-03,1.07,1.09
-4.78952e-03,1.07,1.03
-4.78944e-03,1.07,1.11
-4.78936e-03,1.09,1.03
-4.78928e-03,1.07,1.09
-4.78920e-03,1.07,1.03
-4.78912e-03,1.07,1.09
-4.78904e-03,1.07,1.03
-4.78896e-03,1.07,1.09
-4.78888e-03,1.07,1.03
-4.78880e-03,1.07,1.09
-4.78872e-03,1.07,1.03
-4.78864e-03,1.07,1.09
-4.78856e-03,1.07,1.03
-4.78848e-03,1.07,1.09
-4.78840e-03,1.09,1.03
-4.78832e-03,1.07,1.09
-4.78824e-03,1.07,1.03
-4.78816e-03,1.07,1.09
-4.78808e-03,1.07,1.03
-4.78800e-03,1.07,1.09
-4.78792e-03,1.07,1.03
-4.78784e-03,1.09,1.09
-4.78776e-03,1.09,1.03
-4.78768e-03,1.07,1.09
-4.78760e-03,1.09,1.03
-4.78752e-03,1.07,1.09
-4.78744e-03,1.07,1.03
-4.78736e-03,1.07,1.09
-4.78728e-03,1.07,1.03
-4.78720e-03,1.07,1.09
-4.78712e-03,1.07,1.03
-4.78704e-03,1.09,1.09
-4.78696e-03,1.07,1.03
-4.78688e-03,1.09,1.09
-4.78680e-03,1.09,1.03
-4.78672e-03,1.09,1.09
-4.78664e-03,1.05,1.01
-4.78656e-03,1.09,1.11
-4.78648e-03,1.07,1.03
-4.78640e-03,1.07,1.11
-4.78632e-03,1.09,1.03
-4.78624e-03,1.09,1.09
-4.78616e-03,1.09,1.03
-4.78608e-03,1.07,1.09
-4.78600e-03,1.09,1.03
-4.78592e-03,1.07,1.09
-4.78584e-03,1.09,1.03
-4.78576e-03,1.07,1.09
-4.78568e-03,1.07,1.03
-4.78560e-03,1.09,1.09
-4.78552e-03,1.07,1.03
-4.78544e-03,1.11,1.09
-4.78536e-03,1.07,1.01
-4.78528e-03,1.07,1.11
-4.78520e-03,1.07,1.03
-4.78512e-03,1.07,1.09
-4.78504e-03,1.09,1.03
-4.78496e-03,1.09,1.11
-4.78488e-03,1.09,1.03
-4.78480e-03,1.07,1.11
-4.78472e-03,1.07,1.03
-4.78464e-03,1.07,1.09
-4.78456e-03,1.09,1.03
-4.78448e-03,1.07,1.09
-4.78440e-03,1.07,1.03
-4.78432e-03,1.07,1.09
-4.78424e-03,1.07,1.03
-4.78416e-03,1.09,1.09
-4.78408e-03,1.07,1.03
-4.78400e-03,1.07,1.09
-4.78392e-03,1.07,1.03
-4.78384e-03,1.07,1.09
-4.78376e-03,1.07,1.03
-4.78368e-03,1.07,1.09
-4.78360e-03,1.09,1.03
-4.78352e-03,1.05,1.09
-4.78344e-03,1.07,1.03
-4.78336e-03,1.09,1.09
-4.78328e-03,1.07,1.03
-4.78320e-03,1.07,1.09
-4.78312e-03,1.07,1.03
-4.78304e-03,1.07,1.09
-4.78296e-03,1.07,1.03
-4.78288e-03,1.09,1.09
-4.78280e-03,1.07,1.03
-4.78272e-03,1.07,1.09
-4.78264e-03,1.09,1.03
-4.78256e-03,1.07,1.09
-4.78248e-03,1.09,1.03
-4.78240e-03,1.05,1.11
-4.78232e-03,1.07,1.03
-4.78224e-03,1.09,1.09
-4.78216e-03,1.07,1.03
-4.78208e-03,1.07,1.09
-4.78200e-03,1.07,1.03
-4.78192e-03,1.09,1.11
-4.78184e-03,1.07,1.03
-4.78176e-03,1.07,1.09
-4.78168e-03,1.07,1.03
-4.78160e-03,1.09,1.09
-4.78152e-03,1.07,1.03
-4.78144e-03,1.07,1.09
-4.78136e-03,1.07,1.03
-4.78128e-03,1.07,1.09
-4.78120e-03,1.09,1.03
-4.78112e-03,1.07,1.09
-4.78104e-03,1.09,1.03
-4.78096e-03,1.07,1.09
-4.78088e-03,1.09,1.03
-4.78080e-03,1.07,1.09
-4.78072e-03,1.07,1.03
-4.78064e-03,1.07,1.09
-4.78056e-03,1.07,1.03
-4.78048e-03,1.07,1.09
-4.78040e-03,1.05,1.03
-4.78032e-03,1.07,1.09
-4.78024e-03,1.05,1.03
-4.78016e-03,1.09,1.09
-4.78008e-03,1.05,1.03
-4.78000e-03,1.07,1.09
-4.77992e-03,1.07,1.03
-4.77984e-03,1.07,1.09
-4.77976e-03,0.67,1.03
-4.77968e-03,0.99,1.09
-4.77960e-03,0.97,0.57
-4.77952e-03,1.01,1.09
-4.77944e-03,1.01,0.95
-4.77936e-03,0.99,1.03
-4.77928e-03,0.99,0.95
-4.77920e-03,1.01,1.03
-4.77912e-03,1.03,0.95
-4.77904e-03,1.03,1.01
-4.77896e-03,1.07,0.97
-4.77888e-03,1.07,1.05
-4.77880e-03,1.09,1.01
-4.77872e-03,1.09,1.09
-4.77864e-03,1.09,1.03
-4.77856e-03,1.07,1.11
-4.77848e-03,1.07,1.05
-4.77840e-03,1.07,1.11
-4.77832e-03,1.07,1.03
-4.77824e-03,1.07,1.09
-4.77816e-03,1.07,1.03
-4.77808e-03,1.07,1.09
-4.77800e-03,1.05,1.01
-4.77792e-03,1.07,1.09
-4.77784e-03,1.07,1.01
-4.77776e-03,1.07,1.07
-4.77768e-03,1.05,1.01
-4.77760e-03,1.05,1.09
-4.77752e-03,1.07,1.03
-4.77744e-03,1.07,1.09
-4.77736e-03,1.07,1.03
-4.77728e-03,1.07,1.09
-4.77720e-03,1.07,1.03
-4.77712e-03,1.07,1.09
-4.77704e-03,1.05,1.01
-4.77696e-03,1.07,1.09
-4.77688e-03,1.05,1.03
-4.77680e-03,1.07,1.09
-4.77672e-03,1.05,1.01
-4.77664e-03,1.03,1.07
-4.77656e-03,1.05,1.01
-4.77648e-03,1.03,1.09
-4.77640e-03,1.07,1.01
-4.77632e-03,1.05,1.09
-4.77624e-03,1.05,1.01
-4.77616e-03,1.05,1.07
-4.77608e-03,1.07,1.01
-4.77600e-03,1.07,1.09
-4.77592e-03,1.07,1.01
-4.77584e-03,1.07,1.09
-4.77576e-03,1.05,1.01
-4.77568e-03,1.07,1.09
-4.77560e-03,1.05,1.01
-4.77552e-03,1.07,1.09
-4.77544e-03,1.07,1.03
-4.77536e-03,1.07,1.09
-4.77528e-03,1.07,1.03
-4.77520e-03,1.09,1.09
-4.77512e-03,1.07,1.03
-4.77504e-03,1.07,1.09
-4.77496e-03,1.07,1.03
-4.77488e-03,1.05,1.09
-4.77480e-03,1.07,1.01
-4.77472e-03,1.07,1.09
-4.77464e-03,1.07,1.03
-4.77456e-03,1.07,1.09
-4.77448e-03,1.05,1.03
-4.77440e-03,1.05,1.09
-4.77432e-03,1.05,1.01
-4.77424e-03,1.07,1.09
-4.77416e-03,1.05,1.03
-4.77408e-03,1.09,1.09
-4.77400e-03,1.07,1.01
-4.77392e-03,1.05,1.09
-4.77384e-03,1.05,1.03
-4.77376e-03,1.07,1.09
-4.77368e-03,1.05,1.01
-4.77360e-03,1.05,1.09
-4.77352e-03,1.09,1.03
-4.77344e-03,1.05,1.09
-4.77336e-03,1.07,1.01
-4.77328e-03,1.07,1.09
-4.77320e-03,1.09,1.01
-4.77312e-03,1.07,1.09
-4.77304e-03,1.03,1.03
-4.77296e-03,1.29,1.09
-4.77288e-03,1.11,1.01
-4.77280e-03,1.13,1.59
-4.77272e-03,1.11,1.05
-4.77264e-03,1.13,1.27
-4.77256e-03,1.13,1.07
-4.77248e-03,1.13,1.15
-4.77240e-03,1.09,1.09
-4.77232e-03,1.09,1.15
-4.77224e-03,1.09,1.05
-4.77216e-03,1.07,1.15
-4.77208e-03,1.05,1.03
-4.77200e-03,1.05,1.09
-4.77192e-03,1.03,1.01
-4.77184e-03,1.03,1.09
-4.77176e-03,1.05,1.01
-4.77168e-03,1.07,1.07
-4.77160e-03,1.07,1.01
-4.77152e-03,1.05,1.07
-4.77144e-03,1.07,1.01
-4.77136e-03,1.07,1.07
-4.77128e-03,1.07,1.03
-4.77120e-03,1.07,1.09
-4.77112e-03,1.07,1.03
-4.77104e-03,1.07,1.09
-4.77096e-03,1.07,1.03
-4.77088e-03,1.07,1.09
-4.77080e-03,1.07,1.03
-4.77072e-03,1.07,1.09
-4.77064e-03,1.05,1.03
-4.77056e-03,1.07,1.09
-4.77048e-03,1.07,1.03
-4.77040e-03,1.07,1.09
-4.77032e-03,1.09,1.03
-4.77024e-03,1.03,1.09
-4.77016e-03,1.07,1.01
-4.77008e-03,1.07,1.09
-4.77000e-03,1.07,1.03
-4.76992e-03,1.07,1.09
-4.76984e-03,1.07,1.01
-4.76976e-03,1.07,1.09
-4.76968e-03,1.05,1.03
-4.76960e-03,1.07,1.09
-4.76952e-03,1.07,1.03
-4.76944e-03,1.07,1.09
-4.76936e-03,1.05,1.03
-4.76928e-03,1.07,1.07
-4.76920e-03,1.07,1.03
-4.76912e-03,1.05,1.09
-4.76904e-03,1.07,1.03
-4.76896e-03,1.05,1.09
-4.76888e-03,1.07,1.03
-4.76880e-03,1.07,1.09
-4.76872e-03,1.07,1.01
-4.76864e-03,1.07,1.09
-4.76856e-03,1.07,1.03
-4.76848e-03,1.09,1.09
-4.76840e-03,1.07,1.03
-4.76832e-03,1.07,1.09
-4.76824e-03,1.07,1.03
-4.76816e-03,1.07,1.11
-4.76808e-03,1.07,1.03
-4.76800e-03,1.07,1.09
-4.76792e-03,1.07,1.03
-4.76784e-03,1.09,1.09
-4.76776e-03,1.09,1.03
-4.76768e-03,1.07,1.09
-4.76760e-03,1.09,1.03
-4.76752e-03,1.07,1.09
-4.76744e-03,1.07,1.03
-4.76736e-03,1.07,1.09
-4.76728e-03,1.05,1.03
-4.76720e-03,1.05,1.09
-4.76712e-03,1.07,1.03
-4.76704e-03,1.07,1.09
-4.76696e-03,1.07,1.03
-4.76688e-03,1.07,1.09
-4.76680e-03,1.07,1.03
-4.76672e-03,1.07,1.09
-4.76664e-03,1.07,1.03
-4.76656e-03,1.05,1.09
-4.76648e-03,1.09,1.03
-4.76640e-03,1.05,1.09
-4.76632e-03,1.07,1.03
-4.76624e-03,1.07,1.09
-4.76616e-03,1.07,1.03
-4.76608e-03,1.07,1.09
-4.76600e-03,1.05,1.01
-4.76592e-03,1.07,1.09
-4.76584e-03,1.05,1.03
-4.76576e-03,1.09,1.09
-4.76568e-03,1.07,1.03
-4.76560e-03,1.09,1.09
-4.76552e-03,1.09,1.03
-4.76544e-03,1.07,1.09
-4.76536e-03,1.09,1.03
-4.76528e-03,1.07,1.09
-4.76520e-03,1.07,1.03
-4.76512e-03,1.07,1.09
-4.76504e-03,1.07,1.03
-4.76496e-03,1.09,1.09
-4.76488e-03,1.07,1.03
-4.76480e-03,1.07,1.09
-4.76472e-03,1.09,1.03
-4.76464e-03,1.05,1.09
-4.76456e-03,1.07,1.01
-4.76448e-03,1.09,1.11
-4.76440e-03,1.07,1.03
-4.76432e-03,1.07,1.11
-4.76424e-03,1.07,1.03
-4.76416e-03,1.07,1.11
-4.76408e-03,1.07,1.03
-4.76400e-03,1.07,1.09
-4.76392e-03,1.09,1.03
-4.76384e-03,1.07,1.09
-4.76376e-03,1.07,1.03
-4.76368e-03,1.07,1.09
-4.76360e-03,1.09,1.03
-4.76352e-03,1.05,1.09
-4.76344e-03,1.09,1.03
-4.76336e-03,1.07,1.09
-4.76328e-03,1.09,1.03
-4.76320e-03,1.07,1.09
-4.76312e-03,1.09,1.03
-4.76304e-03,1.09,1.09
-4.76296e-03,1.07,1.03
-4.76288e-03,1.07,1.09
-4.76280e-03,1.07,1.03
-4.76272e-03,1.09,1.09
-4.76264e-03,1.07,1.03
-4.76256e-03,1.05,1.09
-4.76248e-03,1.09,1.03
-4.76240e-03,1.07,1.09
-4.76232e-03,1.09,1.03
-4.76224e-03,1.07,1.09
-4.76216e-03,1.09,1.03
-4.76208e-03,1.09,1.09
-4.76200e-03,1.07,1.03
-4.76192e-03,1.09,1.09
-4.76184e-03,1.07,1.03
-4.76176e-03,1.09,1.09
-4.76168e-03,1.07,1.03
-4.76160e-03,1.09,1.11
-4.76152e-03,1.05,1.03
-4.76144e-03,1.07,1.09
-4.76136e-03,1.07,1.03
-4.76128e-03,1.07,1.09
-4.76120e-03,1.07,1.03
-4.76112e-03,1.07,1.09
-4.76104e-03,1.07,1.03
-4.76096e-03,1.07,1.09
-4.76088e-03,1.07,1.03
-4.76080e-03,1.07,1.09
-4.76072e-03,1.09,1.03
-4.76064e-03,1.07,1.09
-4.76056e-03,1.07,1.03
-4.76048e-03,1.07,1.09
-4.76040e-03,1.09,1.03
-4.76032e-03,1.07,1.09
-4.76024e-03,1.07,1.03
-4.76016e-03,1.07,1.09
-4.76008e-03,1.07,1.03
-4.76000e-03,1.05,1.09
-4.75992e-03,1.09,1.03
-4.75984e-03,1.07,1.09
-4.75976e-03,1.07,1.01
-4.75968e-03,1.05,1.09
-4.75960e-03,1.07,1.03
-4.75952e-03,1.07,1.09
-4.75944e-03,1.07,1.05
-4.75936e-03,1.07,1.09
-4.75928e-03,1.09,1.03
-4.75920e-03,1.09,1.09
-4.75912e-03,1.07,1.03
-4.75904e-03,1.09,1.09
-4.75896e-03,1.09,1.03
-4.75888e-03,1.09,1.09
-4.75880e-03,1.07,1.03
-4.75872e-03,1.07,1.11
-4.75864e-03,1.05,1.01
-4.75856e-03,1.05,1.13
-4.75848e-03,1.07,1.03
-4.75840e-03,1.07,1.11
-4.75832e-03,1.09,1.03
-4.75824e-03,1.07,1.09
-4.75816e-03,1.07,1.03
-4.75808e-03,1.07,1.09
-4.75800e-03,1.09,1.03
-4.75792e-03,1.09,1.09
-4.75784e-03,1.09,1.03
-4.75776e-03,1.07,1.11
-4.75768e-03,1.07,1.03
-4.75760e-03,1.09,1.09
-4.75752e-03,1.09,1.03
-4.75744e-03,1.09,1.09
-4.75736e-03,1.09,1.03
-4.75728e-03,1.07,1.11
-4.75720e-03,1.09,1.03
-4.75712e-03,1.07,1.11
-4.75704e-03,1.07,1.05
-4.75696e-03,1.07,1.09
-4.75688e-03,1.09,1.03
-4.75680e-03,1.07,1.09
-4.75672e-03,1.07,1.03
-4.75664e-03,1.07,1.09
-4.75656e-03,1.07,1.03
-4.75648e-03,1.09,1.09
-4.75640e-03,1.07,1.03
-4.75632e-03,1.09,1.09
-4.75624e-03,1.07,1.05
-4.75616e-03,1.09,1.09
-4.75608e-03,1.07,1.05
-4.75600e-03,1.09,1.11
-4.75592e-03,1.09,1.03
-4.75584e-03,1.07,1.11
-4.75576e-03,1.07,1.03
-4.75568e-03,1.07,1.09
-4.75560e-03,1.11,1.05
-4.75552e-03,1.07,1.11
-4.75544e-03,1.07,1.05
-4.75536e-03,1.07,1.11
-4.75528e-03,1.09,1.05
-4.75520e-03,1.09,1.11
-4.75512e-03,1.07,1.05
-4.75504e-03,1.09,1.09
-4.75496e-03,1.07,1.05
-4.75488e-03,1.11,1.11
-4.75480e-03,1.09,1.05
-4.75472e-03,1.09,1.11
-4.75464e-03,1.09,1.05
-4.75456e-03,1.09,1.11
-4.75448e-03,1.09,1.03
-4.75440e-03,1.09,1.11
-4.75432e-03,1.11,1.03
-4.75424e-03,1.09,1.11
-4.75416e-03,1.09,1.03
-4.75408e-03,1.07,1.11
-4.75400e-03,1.07,1.05
-4.75392e-03,1.07,1.09
-4.75384e-03,1.07,1.03
-4.75376e-03,1.09,1.09
-4.75368e-03,1.07,1.03
-4.75360e-03,1.09,1.09
-4.75352e-03,1.09,1.03
-4.75344e-03,1.09,1.09
-4.75336e-03,1.09,1.05
-4.75328e-03,1.07,1.11
-4.75320e-03,1.07,1.03
-4.75312e-03,1.07,1.09
-4.75304e-03,1.09,1.03
-4.75296e-03,1.09,1.09
-4.75288e-03,1.09,1.03
-4.75280e-03,1.09,1.09
-4.75272e-03,1.09,1.05
-4.75264e-03,1.09,1.09
-4.75256e-03,1.07,1.03
-4.75248e-03,1.09,1.11
-4.75240e-03,1.09,1.03
-4.75232e-03,1.09,1.09
-4.75224e-03,1.09,1.05
-4.75216e-03,1.07,1.09
-4.75208e-03,1.07,1.03
-4.75200e-03,1.07,1.09
-4.75192e-03,1.09,1.03
-4.75184e-03,1.09,1.09
-4.75176e-03,1.09,1.03
-4.75168e-03,1.07,1.09
-4.75160e-03,1.09,1.03
-4.75152e-03,1.07,1.09
-4.75144e-03,1.09,1.03
-4.75136e-03,1.07,1.09
-4.75128e-03,1.07,1.03
-4.75120e-03,1.07,1.09
-4.75112e-03,1.07,1.03
-4.75104e-03,1.07,1.09
-4.75096e-03,1.09,1.03
-4.75088e-03,1.07,1.09
-4.75080e-03,1.07,1.03
-4.75072e-03,1.07,1.09
-4.75064e-03,1.07,1.03
-4.75056e-03,1.07,1.09
-4.75048e-03,1.09,1.03
-4.75040e-03,1.07,1.09
-4.75032e-03,1.09,1.03
-4.75024e-03,1.07,1.09
-4.75016e-03,1.07,1.03
-4.75008e-03,1.07,1.09
-4.75000e-03,1.09,1.03
-4.74992e-03,1.09,1.09
-4.74984e-03,1.09,1.03
-4.74976e-03,1.07,1.09
-4.74968e-03,1.07,1.03
-4.74960e-03,1.07,1.11
-4.74952e-03,1.09,1.03
-4.74944e-03,1.07,1.09
-4.74936e-03,1.07,1.03
-4.74928e-03,1.07,1.09
-4.74920e-03,1.07,1.03
-4.74912e-03,1.07,1.09
-4.74904e-03,1.09,1.01
-4.74896e-03,1.09,1.11
-4.74888e-03,1.09,1.03
-4.74880e-03,1.05,1.09
-4.74872e-03,1.09,1.03
-4.74864e-03,1.05,1.09
-4.74856e-03,1.07,1.03
-4.74848e-03,1.07,1.09
-4.74840e-03,1.07,1.03
-4.74832e-03,1.09,1.09
-4.74824e-03,1.09,1.03
-4.74816e-03,1.09,1.09
-4.74808e-03,1.07,1.03
-4.74800e-03,1.07,1.09
-4.74792e-03,1.07,1.03
-4.74784e-03,1.07,1.09
-4.74776e-03,1.07,1.03
-4.74768e-03,1.07,1.09
-4.74760e-03,1.09,1.03
-4.74752e-03,1.07,1.09
-4.74744e-03,1.07,1.03
-4.74736e-03,1.07,1.09
-4.74728e-03,1.07,1.03
-4.74720e-03,1.09,1.11
-4.74712e-03,1.07,1.03
-4.74704e-03,1.11,1.09
-4.74696e-03,1.09,1.05
-4.74688e-03,1.09,1.11
-4.74680e-03,1.09,1.03
-4.74672e-03,1.07,1.11
-4.74664e-03,1.09,1.05
-4.74656e-03,1.07,1.11
-4.74648e-03,1.07,1.05
-4.74640e-03,1.09,1.11
-4.74632e-03,1.11,1.03
-4.74624e-03,1.07,1.11
-4.74616e-03,1.09,1.03
-4.74608e-03,1.09,1.11
-4.74600e-03,1.09,1.05
-4.74592e-03,1.09,1.11
-4.74584e-03,1.07,1.05
-4.74576e-03,1.09,1.11
-4.74568e-03,1.09,1.03
-4.74560e-03,1.09,1.11
-4.74552e-03,1.07,1.05
-4.74544e-03,1.09,1.11
-4.74536e-03,1.09,1.03
-4.74528e-03,1.09,1.11
-4.74520e-03,1.09,1.05
-4.74512e-03,1.07,1.09
-4.74504e-03,1.09,1.05
-4.74496e-03,1.07,1.11
-4.74488e-03,1.09,1.03
-4.74480e-03,1.09,1.11
-4.74472e-03,1.07,1.03
-4.74464e-03,1.09,1.11
-4.74456e-03,1.09,1.05
-4.74448e-03,1.09,1.11
-4.74440e-03,1.09,1.05
-4.74432e-03,1.09,1.11
-4.74424e-03,1.09,1.05
-4.74416e-03,1.09,1.11
-4.74408e-03,1.09,1.05
-4.74400e-03,1.09,1.11
-4.74392e-03,1.09,1.03
-4.74384e-03,1.09,1.11
-4.74376e-03,1.09,1.05
-4.74368e-03,1.09,1.11
-4.74360e-03,1.07,1.05
-4.74352e-03,1.09,1.11
-4.74344e-03,1.09,1.05
-4.74336e-03,1.07,1.11
-4.74328e-03,1.07,1.05
-4.74320e-03,1.09,1.11
-4.74312e-03,1.09,1.05
-4.74304e-03,1.09,1.11
-4.74296e-03,1.09,1.05
-4.74288e-03,1.09,1.11
-4.74280e-03,1.07,1.03
-4.74272e-03,1.09,1.11
-4.74264e-03,1.09,1.03
-4.74256e-03,1.09,1.11
-4.74248e-03,1.11,1.05
-4.74240e-03,1.09,1.11
-4.74232e-03,1.09,1.05
-4.74224e-03,1.09,1.11
-4.74216e-03,1.07,1.03
-4.74208e-03,1.07,1.11
-4.74200e-03,1.09,1.03
-4.74192e-03,1.09,1.09
-4.74184e-03,1.07,1.05
-4.74176e-03,1.07,1.11
-4.74168e-03,1.09,1.03
-4.74160e-03,1.11,1.11
-4.74152e-03,1.09,1.03
-4.74144e-03,1.07,1.11
-4.74136e-03,1.07,1.05
-4.74128e-03,1.07,1.09
-4.74120e-03,1.09,1.03
-4.74112e-03,1.05,1.09
-4.74104e-03,1.09,1.03
-4.74096e-03,1.09,1.09
-4.74088e-03,1.07,1.03
-4.74080e-03,1.07,1.09
-4.74072e-03,1.05,1.03
-4.74064e-03,1.03,1.11
-4.74056e-03,1.09,1.01
-4.74048e-03,1.09,1.11
-4.74040e-03,1.09,1.01
-4.74032e-03,1.07,1.09
-4.74024e-03,1.09,1.03
-4.74016e-03,1.07,1.11
-4.74008e-03,1.07,1.03
-4.74000e-03,1.07,1.09
-4.73992e-03,1.07,1.03
-4.73984e-03,1.09,1.09
-4.73976e-03,1.09,1.03
-4.73968e-03,1.07,1.09
-4.73960e-03,1.09,1.03
-4.73952e-03,1.07,1.11
-4.73944e-03,1.09,1.03
-4.73936e-03,1.07,1.09
-4.73928e-03,1.07,1.03
-4.73920e-03,1.07,1.09
-4.73912e-03,1.07,1.03
-4.73904e-03,1.09,1.09
-4.73896e-03,1.07,1.03
-4.73888e-03,1.07,1.09
-4.73880e-03,1.07,1.03
-4.73872e-03,1.09,1.09
-4.73864e-03,1.09,1.03
-4.73856e-03,1.07,1.09
-4.73848e-03,1.09,1.03
-4.73840e-03,1.07,1.09
-4.73832e-03,1.07,1.03
-4.73824e-03,1.07,1.09
-4.73816e-03,1.09,1.03
-4.73808e-03,1.07,1.09
-4.73800e-03,1.07,1.03
-4.73792e-03,1.07,1.11
-4.73784e-03,1.07,1.03
-4.73776e-03,1.07,1.09
-4.73768e-03,1.05,1.03
-4.73760e-03,1.07,1.09
-4.73752e-03,1.07,1.03
-4.73744e-03,1.07,1.09
-4.73736e-03,1.09,1.03
-4.73728e-03,1.09,1.09
-4.73720e-03,1.07,1.03
-4.73712e-03,1.05,1.09
-4.73704e-03,1.07,1.03
-4.73696e-03,1.07,1.09
-4.73688e-03,1.07,1.03
-4.73680e-03,1.05,1.11
-4.73672e-03,1.09,1.03
-4.73664e-03,1.09,1.09
-4.73656e-03,1.07,1.03
-4.73648e-03,1.07,1.09
-4.73640e-03,1.07,1.01
-4.73632e-03,1.09,1.11
-4.73624e-03,1.07,1.03
-4.73616e-03,1.07,1.09
-4.73608e-03,1.07,1.03
-4.73600e-03,1.07,1.09
-4.73592e-03,1.09,1.03
-4.73584e-03,1.09,1.09
-4.73576e-03,1.07,1.03
-4.73568e-03,1.07,1.09
-4.73560e-03,1.07,1.03
-4.73552e-03,1.07,1.09
-4.73544e-03,1.09,1.03
-4.73536e-03,1.09,1.09
-4.73528e-03,1.09,1.03
-4.73520e-03,1.09,1.09
-4.73512e-03,1.07,1.03
-4.73504e-03,1.07,1.11
-4.73496e-03,1.07,1.03
-4.73488e-03,1.07,1.09
-4.73480e-03,1.07,1.03
-4.73472e-03,1.07,1.11
-4.73464e-03,1.09,1.03
-4.73456e-03,1.09,1.09
-4.73448e-03,1.07,1.03
-4.73440e-03,1.07,1.09
-4.73432e-03,1.09,1.03
-4.73424e-03,1.07,1.09
-4.73416e-03,1.09,1.03
-4.73408e-03,1.09,1.09
-4.73400e-03,1.07,1.03
-4.73392e-03,1.09,1.09
-4.73384e-03,1.07,1.03
-4.73376e-03,1.07,1.09
-4.73368e-03,1.07,1.03
-4.73360e-03,1.07,1.09
-4.73352e-03,1.07,1.03
-4.73344e-03,1.09,1.11
-4.73336e-03,1.07,1.03
-4.73328e-03,1.07,1.09
-4.73320e-03,1.09,1.03
-4.73312e-03,1.07,1.09
-4.73304e-03,1.09,1.03
-4.73296e-03,1.07,1.09
-4.73288e-03,1.07,1.03
-4.73280e-03,1.07,1.09
-4.73272e-03,1.07,1.03
-4.73264e-03,1.07,1.09
-4.73256e-03,1.07,1.03
-4.73248e-03,1.09,1.09
-4.73240e-03,1.07,1.03
-4.73232e-03,1.07,1.09
-4.73224e-03,1.07,1.03
-4.73216e-03,1.07,1.09
-4.73208e-03,1.07,1.03
-4.73200e-03,1.07,1.09
-4.73192e-03,1.07,1.03
-4.73184e-03,1.05,1.09
-4.73176e-03,1.07,1.03
-4.73168e-03,1.07,1.09
-4.73160e-03,1.09,1.03
-4.73152e-03,1.07,1.09
-4.73144e-03,1.07,1.03
-4.73136e-03,1.07,1.09
-4.73128e-03,1.07,1.01
-4.73120e-03,1.07,1.09
-4.73112e-03,1.07,1.03
-4.73104e-03,1.07,1.09
-4.73096e-03,1.07,1.03
-4.73088e-03,1.07,1.09
-4.73080e-03,1.09,1.03
-4.73072e-03,1.09,1.09
-4.73064e-03,1.09,1.03
-4.73056e-03,1.09,1.09
-4.73048e-03,1.07,1.03
-4.73040e-03,1.07,1.09
-4.73032e-03,1.09,1.03
-4.73024e-03,1.07,1.09
-4.73016e-03,1.07,1.03
-4.73008e-03,1.07,1.09
-4.73000e-03,1.07,1.03
-4.72992e-03,1.07,1.09
-4.72984e-03,1.07,1.03
-4.72976e-03,1.05,1.09
-4.72968e-03,0.61,1.03
-4.72960e-03,0.99,1.09
-4.72952e-03,1.03,0.55
-4.72944e-03,0.99,1.09
-4.72936e-03,1.01,0.95
-4.72928e-03,0.99,1.03
-4.72920e-03,0.99,0.95
-4.72912e-03,1.01,1.03
-4.72904e-03,1.03,0.95
-4.72896e-03,1.07,1.01
-4.72888e-03,1.05,0.99
-4.72880e-03,1.07,1.07
-4.72872e-03,1.09,1.01
-4.72864e-03,1.09,1.09
-4.72856e-03,1.09,1.05
-4.72848e-03,1.07,1.11
-4.72840e-03,1.09,1.03
-4.72832e-03,1.07,1.11
-4.72824e-03,1.07,1.03
-4.72816e-03,1.07,1.11
-4.72808e-03,1.07,1.03
-4.72800e-03,1.05,1.09
-4.72792e-03,1.07,1.01
-4.72784e-03,1.07,1.09
-4.72776e-03,1.05,1.01
-4.72768e-03,1.07,1.09
-4.72760e-03,1.05,1.01
-4.72752e-03,1.05,1.09
-4.72744e-03,1.07,1.01
-4.72736e-03,1.07,1.09
-4.72728e-03,1.07,1.03
-4.72720e-03,1.07,1.09
-4.72712e-03,1.07,1.01
-4.72704e-03,1.05,1.09
-4.72696e-03,1.07,1.03
-4.72688e-03,1.05,1.09
-4.72680e-03,1.07,1.03
-4.72672e-03,1.05,1.09
-4.72664e-03,1.07,1.01
-4.72656e-03,1.05,1.09
-4.72648e-03,1.05,1.01
-4.72640e-03,1.05,1.09
-4.72632e-03,1.05,1.01
-4.72624e-03,1.07,1.07
-4.72616e-03,1.05,1.01
-4.72608e-03,1.07,1.09
-4.72600e-03,1.05,1.03
-4.72592e-03,1.07,1.09
-4.72584e-03,1.07,1.03
-4.72576e-03,1.05,1.09
-4.72568e-03,1.07,1.03
-4.72560e-03,1.05,1.09
-4.72552e-03,1.07,1.03
-4.72544e-03,1.07,1.09
-4.72536e-03,1.07,1.01
-4.72528e-03,1.07,1.09
-4.72520e-03,1.07,1.03
-4.72512e-03,1.07,1.09
-4.72504e-03,1.07,1.03
-4.72496e-03,1.09,1.09
-4.72488e-03,1.07,1.03
-4.72480e-03,1.07,1.09
-4.72472e-03,1.05,1.03
-4.72464e-03,1.09,1.09
-4.72456e-03,1.07,1.01
-4.72448e-03,1.07,1.09
-4.72440e-03,1.05,1.03
-4.72432e-03,1.07,1.09
-4.72424e-03,1.07,1.01
-4.72416e-03,1.07,1.09
-4.72408e-03,1.07,1.01
-4.72400e-03,1.05,1.09
-4.72392e-03,1.07,1.03
-4.72384e-03,1.07,1.09
-4.72376e-03,1.05,1.01
-4.72368e-03,1.07,1.09
-4.72360e-03,1.05,1.03
-4.72352e-03,1.07,1.09
-4.72344e-03,1.07,1.03
-4.72336e-03,1.07,1.09
-4.72328e-03,1.07,1.01
-4.72320e-03,1.05,1.09
-4.72312e-03,1.07,1.03
-4.72304e-03,1.07,1.09
-4.72296e-03,1.25,1.03
-4.72288e-03,1.15,1.09
-4.72280e-03,1.11,1.03
-4.72272e-03,1.13,1.59
-4.72264e-03,1.13,1.05
-4.72256e-03,1.13,1.17
-4.72248e-03,1.13,1.07
-4.72240e-03,1.13,1.15
-4.72232e-03,1.11,1.09
-4.72224e-03,1.07,1.15
-4.72216e-03,1.07,1.05
-4.72208e-03,1.09,1.13
-4.72200e-03,1.05,1.03
-4.72192e-03,1.05,1.11
-4.72184e-03,1.05,1.01
-4.72176e-03,1.03,1.07
-4.72168e-03,1.05,1.01
-4.72160e-03,1.05,1.07
-4.72152e-03,1.05,1.01
-4.72144e-03,1.05,1.07
-4.72136e-03,1.07,1.01
-4.72128e-03,1.07,1.09
-4.72120e-03,1.05,1.01
-4.72112e-03,1.05,1.07
-4.72104e-03,1.07,1.03
-4.72096e-03,1.07,1.09
-4.72088e-03,1.09,1.03
-4.72080e-03,1.05,1.09
-4.72072e-03,1.07,1.03
-4.72064e-03,1.07,1.09
-4.72056e-03,1.07,1.03
-4.72048e-03,1.05,1.09
-4.72040e-03,1.07,1.01
-4.72032e-03,1.05,1.09
-4.72024e-03,1.05,1.01
-4.72016e-03,1.07,1.07
-4.72008e-03,1.03,1.01
-4.72000e-03,1.07,1.07
-4.71992e-03,1.05,1.01
-4.71984e-03,1.07,1.09
-4.71976e-03,1.07,1.01
-4.71968e-03,1.07,1.09
-4.71960e-03,1.07,1.01
-4.71952e-03,1.07,1.09
-4.71944e-03,1.07,1.01
-4.71936e-03,1.07,1.07
-4.71928e-03,1.07,1.01
-4.71920e-03,1.07,1.09
-4.71912e-03,1.07,1.01
-4.71904e-03,1.07,1.09
-4.71896e-03,1.07,1.03
-4.71888e-03,1.07,1.07
-4.71880e-03,1.05,1.03
-4.71872e-03,1.07,1.09
-4.71864e-03,1.05,1.01
-4.71856e-03,1.07,1.09
-4.71848e-03,1.07,1.03
-4.71840e-03,1.07,1.09
-4.71832e-03,1.07,1.03
-4.71824e-03,1.07,1.09
-4.71816e-03,1.07,1.03
-4.71808e-03,1.07,1.09
-4.71800e-03,1.07,1.03
-4.71792e-03,1.07,1.09
-4.71784e-03,1.05,1.03
-4.71776e-03,1.07,1.09
-4.71768e-03,1.07,1.03
-4.71760e-03,1.07,1.09
-4.71752e-03,1.07,1.01
-4.71744e-03,1.05,1.07
-4.71736e-03,1.07,1.03
-4.71728e-03,1.07,1.09
-4.71720e-03,1.07,1.03
-4.71712e-03,1.07,1.09
-4.71704e-03,1.07,1.01
-4.71696e-03,1.07,1.09
-4.71688e-03,1.07,1.03
-4.71680e-03,1.05,1.07
-4.71672e-03,1.07,1.03
-4.71664e-03,1.07,1.09
-4.71656e-03,1.07,1.03
-4.71648e-03,1.09,1.09
-4.71640e-03,1.09,1.03
-4.71632e-03,1.07,1.09
-4.71624e-03,1.07,1.03
-4.71616e-03,1.07,1.09
-4.71608e-03,1.07,1.03
-4.71600e-03,1.07,1.09
-4.71592e-03,1.07,1.03
-4.71584e-03,1.07,1.09
-4.71576e-03,1.07,1.03
-4.71568e-03,1.07,1.09
-4.71560e-03,1.09,1.03
-4.71552e-03,1.07,1.09
-4.71544e-03,1.07,1.03
-4.71536e-03,1.07,1.09
-4.71528e-03,1.07,1.01
-4.71520e-03,1.07,1.09
-4.71512e-03,1.05,1.01
-4.71504e-03,1.09,1.09
-4.71496e-03,1.07,1.03
-4.71488e-03,1.07,1.09
-4.71480e-03,1.07,1.03
-4.71472e-03,1.07,1.09
-4.71464e-03,1.07,1.03
-4.71456e-03,1.07,1.09
-4.71448e-03,1.09,1.03
-4.71440e-03,1.09,1.09
-4.71432e-03,1.07,1.03
-4.71424e-03,1.07,1.09
-4.71416e-03,1.07,1.03
-4.71408e-03,1.05,1.09
-4.71400e-03,1.07,1.03
-4.71392e-03,1.09,1.09
-4.71384e-03,1.07,1.03
-4.71376e-03,1.07,1.09
-4.71368e-03,1.07,1.03
-4.71360e-03,1.07,1.09
-4.71352e-03,1.07,1.03
-4.71344e-03,1.07,1.09
-4.71336e-03,1.07,1.03
-4.71328e-03,1.05,1.09
-4.71320e-03,1.09,1.01
-4.71312e-03,1.05,1.09
-4.71304e-03,1.07,1.03
-4.71296e-03,1.07,1.09
-4.71288e-03,1.07,1.01
-4.71280e-03,1.09,1.09
-4.71272e-03,1.07,1.03
-4.71264e-03,1.09,1.09
-4.71256e-03,1.05,1.03
-4.71248e-03,1.07,1.09
-4.71240e-03,1.07,1.03
-4.71232e-03,1.07,1.09
-4.71224e-03,1.07,1.03
-4.71216e-03,1.07,1.09
-4.71208e-03,1.09,1.03
-4.71200e-03,1.05,1.09
-4.71192e-03,1.07,1.03
-4.71184e-03,1.07,1.09
-4.71176e-03,1.07,1.03
-4.71168e-03,1.07,1.09
-4.71160e-03,1.07,1.03
-4.71152e-03,1.05,1.09
-4.71144e-03,1.07,1.03
-4.71136e-03,1.07,1.09
-4.71128e-03,1.07,1.03
-4.71120e-03,1.07,1.09
-4.71112e-03,1.07,1.03
-4.71104e-03,1.09,1.09
-4.71096e-03,1.07,1.03
-4.71088e-03,1.07,1.09
-4.71080e-03,1.05,1.03
-4.71072e-03,1.07,1.09
-4.71064e-03,1.07,1.03
-4.71056e-03,1.07,1.09
-4.71048e-03,1.07,1.03
-4.71040e-03,1.09,1.09
-4.71032e-03,1.07,1.03
-4.71024e-03,1.07,1.09
-4.71016e-03,1.07,1.03
-4.71008e-03,1.07,1.09
-4.71000e-03,1.07,1.03
-4.70992e-03,1.07,1.09
-4.70984e-03,1.07,1.03
-4.70976e-03,1.07,1.09
-4.70968e-03,1.07,1.03
-4.70960e-03,1.07,1.09
-4.70952e-03,1.07,1.03
-4.70944e-03,1.07,1.09
-4.70936e-03,1.07,1.03
-4.70928e-03,1.07,1.09
-4.70920e-03,1.09,1.03
-4.70912e-03,1.07,1.09
-4.70904e-03,1.07,1.03
-4.70896e-03,1.05,1.09
-4.70888e-03,1.07,1.03
-4.70880e-03,1.07,1.09
-4.70872e-03,1.07,1.03
-4.70864e-03,1.07,1.09
-4.70856e-03,1.07,1.03
-4.70848e-03,1.09,1.09
-4.70840e-03,1.07,1.03
-4.70832e-03,1.07,1.09
-4.70824e-03,1.09,1.03
-4.70816e-03,1.07,1.09
-4.70808e-03,1.07,1.01
-4.70800e-03,1.07,1.09
-4.70792e-03,1.07,1.03
-4.70784e-03,1.07,1.09
-4.70776e-03,1.09,1.03
-4.70768e-03,1.07,1.09
-4.70760e-03,1.07,1.03
-4.70752e-03,1.07,1.11
-4.70744e-03,1.09,1.03
-4.70736e-03,1.09,1.09
-4.70728e-03,1.07,1.03
-4.70720e-03,1.07,1.09
-4.70712e-03,1.09,1.03
-4.70704e-03,1.07,1.11
-4.70696e-03,1.07,1.03
-4.70688e-03,1.09,1.09
-4.70680e-03,1.07,0.99
-4.70672e-03,1.07,1.11
-4.70664e-03,1.05,1.03
-4.70656e-03,1.07,1.11
-4.70648e-03,1.07,1.03
-4.70640e-03,1.07,1.09
-4.70632e-03,1.07,1.03
-4.70624e-03,1.07,1.09
-4.70616e-03,1.07,1.03
-4.70608e-03,1.09,1.09
-4.70600e-03,1.07,1.03
-4.70592e-03,1.09,1.09
-4.70584e-03,1.07,1.03
-4.70576e-03,1.09,1.09
-4.70568e-03,1.07,1.03
-4.70560e-03,1.07,1.09
-4.70552e-03,1.05,1.03
-4.70544e-03,1.07,1.09
-4.70536e-03,1.09,1.03
-4.70528e-03,1.09,1.09
-4.70520e-03,1.07,1.03
-4.70512e-03,1.07,1.11
-4.70504e-03,1.11,1.03
-4.70496e-03,1.09,1.11
-4.70488e-03,1.09,1.03
-4.70480e-03,1.07,1.11
-4.70472e-03,1.07,1.03
-4.70464e-03,1.09,1.09
-4.70456e-03,1.07,1.03
-4.70448e-03,1.09,1.09
-4.70440e-03,1.09,1.03
-4.70432e-03,1.09,1.09
-4.70424e-03,1.07,1.03
-4.70416e-03,1.07,1.09
-4.70408e-03,1.07,1.03
-4.70400e-03,1.09,1.09
-4.70392e-03,1.09,1.03
-4.70384e-03,1.07,1.11
-4.70376e-03,1.07,1.03
-4.70368e-03,1.05,1.09
-4.70360e-03,1.07,1.03
-4.70352e-03,1.05,1.09
-4.70344e-03,1.07,1.03
-4.70336e-03,1.07,1.09
-4.70328e-03,1.07,1.03
-4.70320e-03,1.07,1.09
-4.70312e-03,1.09,1.03
-4.70304e-03,1.09,1.09
-4.70296e-03,1.07,1.03
-4.70288e-03,1.07,1.09
-4.70280e-03,1.07,1.03
-4.70272e-03,1.07,1.09
-4.70264e-03,1.07,1.03
-4.70256e-03,1.05,1.09
-4.70248e-03,1.09,1.03
-4.70240e-03,1.07,1.09
-4.70232e-03,1.07,1.03
-4.70224e-03,1.07,1.09
-4.70216e-03,1.07,1.03
-4.70208e-03,1.05,1.09
-4.70200e-03,1.05,1.03
-4.70192e-03,1.07,1.09
-4.70184e-03,1.09,1.03
-4.70176e-03,1.05,1.09
-4.70168e-03,1.07,1.03
-4.70160e-03,1.09,1.09
-4.70152e-03,1.07,1.01
-4.70144e-03,1.09,1.09
-4.70136e-03,1.07,1.03
-4.70128e-03,1.09,1.09
-4.70120e-03,1.07,1.03
-4.70112e-03,1.05,1.09
-4.70104e-03,1.09,1.03
-4.70096e-03,1.07,1.09
-4.70088e-03,1.05,1.01
-4.70080e-03,1.07,1.09
-4.70072e-03,1.07,1.03
-4.70064e-03,1.07,1.09
-4.70056e-03,1.07,1.03
-4.70048e-03,1.07,1.09
-4.70040e-03,1.07,1.03
-4.70032e-03,1.07,1.09
-4.70024e-03,1.07,1.03
-4.70016e-03,1.07,1.09
-4.70008e-03,1.05,1.03
-4.70000e-03,1.07,1.09
-4.69992e-03,1.07,1.03
-4.69984e-03,1.07,1.09
-4.69976e-03,1.07,1.01
-4.69968e-03,1.07,1.09
-4.69960e-03,1.07,1.03
-4.69952e-03,1.07,1.09
-4.69944e-03,1.07,1.03
-4.69936e-03,1.05,1.09
-4.69928e-03,1.07,1.03
-4.69920e-03,1.07,1.09
-4.69912e-03,1.05,1.03
-4.69904e-03,1.07,1.09
-4.69896e-03,1.05,1.03
-4.69888e-03,1.07,1.09
-4.69880e-03,1.07,1.01
-4.69872e-03,1.09,1.09
-4.69864e-03,1.09,1.03
-4.69856e-03,1.07,1.09
-4.69848e-03,1.07,1.03
-4.69840e-03,1.07,1.09
-4.69832e-03,1.09,1.03
-4.69824e-03,1.07,1.09
-4.69816e-03,1.07,1.03
-4.69808e-03,1.09,1.09
-4.69800e-03,1.07,1.03
-4.69792e-03,1.07,1.09
-4.69784e-03,1.07,1.03
-4.69776e-03,1.09,1.09
-4.69768e-03,1.05,1.03
-4.69760e-03,1.07,1.09
-4.69752e-03,1.07,1.03
-4.69744e-03,1.07,1.09
-4.69736e-03,1.07,1.03
-4.69728e-03,1.07,1.09
-4.69720e-03,1.07,1.03
-4.69712e-03,1.07,1.09
-4.69704e-03,1.09,1.03
-4.69696e-03,1.09,1.09
-4.69688e-03,1.07,1.03
-4.69680e-03,1.07,1.09
-4.69672e-03,1.07,1.03
-4.69664e-03,1.09,1.09
-4.69656e-03,1.05,1.03
-4.69648e-03,1.09,1.09
-4.69640e-03,1.09,1.03
-4.69632e-03,1.07,1.09
-4.69624e-03,1.07,1.03
-4.69616e-03,1.09,1.09
-4.69608e-03,1.07,1.03
-4.69600e-03,1.09,1.09
-4.69592e-03,1.09,1.03
-4.69584e-03,1.07,1.09
-4.69576e-03,1.09,1.03
-4.69568e-03,1.07,1.11
-4.69560e-03,1.09,1.03
-4.69552e-03,1.09,1.09
-4.69544e-03,1.07,1.03
-4.69536e-03,1.07,1.11
-4.69528e-03,1.09,1.03
-4.69520e-03,1.07,1.09
-4.69512e-03,1.09,1.03
-4.69504e-03,1.07,1.11
-4.69496e-03,1.07,1.03
-4.69488e-03,1.07,1.09
-4.69480e-03,1.07,1.03
-4.69472e-03,1.09,1.09
-4.69464e-03,1.07,1.05
-4.69456e-03,1.07,1.09
-4.69448e-03,1.09,1.03
-4.69440e-03,1.09,1.09
-4.69432e-03,1.09,1.03
-4.69424e-03,1.07,1.09
-4.69416e-03,1.07,1.03
-4.69408e-03,1.07,1.09
-4.69400e-03,1.09,1.03
-4.69392e-03,1.07,1.09
-4.69384e-03,1.07,1.05
-4.69376e-03,1.07,1.09
-4.69368e-03,1.07,1.05
-4.69360e-03,1.09,1.09
-4.69352e-03,1.05,1.05
-4.69344e-03,1.07,1.09
-4.69336e-03,1.07,1.03
-4.69328e-03,1.07,1.09
-4.69320e-03,1.07,1.03
-4.69312e-03,1.07,1.11
-4.69304e-03,1.07,1.05
-4.69296e-03,1.09,1.09
-4.69288e-03,1.09,1.03
-4.69280e-03,1.07,1.09
-4.69272e-03,1.07,1.03
-4.69264e-03,1.09,1.09
-4.69256e-03,1.07,1.03
-4.69248e-03,1.07,1.11
-4.69240e-03,1.07,1.03
-4.69232e-03,1.07,1.09
-4.69224e-03,1.07,1.03
-4.69216e-03,1.07,1.09
-4.69208e-03,1.07,1.03
-4.69200e-03,1.07,1.09
-4.69192e-03,1.07,1.03
-4.69184e-03,1.07,1.09
-4.69176e-03,1.07,1.03
-4.69168e-03,1.07,1.09
-4.69160e-03,1.07,1.03
-4.69152e-03,1.07,1.09
-4.69144e-03,1.07,1.03
-4.69136e-03,1.07,1.09
-4.69128e-03,1.07,1.03
-4.69120e-03,1.07,1.09
-4.69112e-03,1.07,1.03
-4.69104e-03,1.07,1.11
-4.69096e-03,1.07,1.03
-4.69088e-03,1.05,1.09
-4.69080e-03,1.07,1.03
-4.69072e-03,1.07,1.09
-4.69064e-03,1.07,1.03
-4.69056e-03,1.07,1.09
-4.69048e-03,1.07,1.03
-4.69040e-03,1.07,1.09
-4.69032e-03,1.07,1.03
-4.69024e-03,1.07,1.09
-4.69016e-03,1.09,1.03
-4.69008e-03,1.07,1.09
-4.69000e-03,1.07,1.03
-4.68992e-03,1.07,1.09
-4.68984e-03,1.07,1.03
-4.68976e-03,1.07,1.09
-4.68968e-03,1.05,1.03
-4.68960e-03,1.05,1.09
-4.68952e-03,1.07,1.03
-4.68944e-03,1.05,1.09
-4.68936e-03,1.07,1.03
-4.68928e-03,1.07,1.09
-4.68920e-03,1.07,1.03
-4.68912e-03,1.05,1.09
-4.68904e-03,1.07,1.03
-4.68896e-03,1.07,1.09
-4.68888e-03,1.07,1.01
-4.68880e-03,1.07,1.09
-4.68872e-03,1.07,1.03
-4.68864e-03,1.07,1.09
-4.68856e-03,1.07,1.01
-4.68848e-03,1.07,1.09
-4.68840e-03,1.07,1.03
-4.68832e-03,1.07,1.09
-4.68824e-03,1.07,1.03
-4.68816e-03,1.07,1.09
-4.68808e-03,1.07,1.03
-4.68800e-03,1.05,1.09
-4.68792e-03,1.07,1.03
-4.68784e-03,1.07,1.09
-4.68776e-03,1.07,1.03
-4.68768e-03,1.07,1.09
-4.68760e-03,1.05,1.03
-4.68752e-03,1.07,1.09
-4.68744e-03,1.07,1.03
-4.68736e-03,1.07,1.09
-4.68728e-03,1.07,1.03
-4.68720e-03,1.07,1.09
-4.68712e-03,1.07,1.01
-4.68704e-03,1.07,1.11
-4.68696e-03,1.07,1.01
-4.68688e-03,1.07,1.09
-4.68680e-03,1.07,1.03
-4.68672e-03,1.07,1.09
-4.68664e-03,1.07,1.01
-4.68656e-03,1.05,1.09
-4.68648e-03,1.05,1.01
-4.68640e-03,1.05,1.09
-4.68632e-03,1.07,1.01
-4.68624e-03,1.05,1.09
-4.68616e-03,1.07,1.03
-4.68608e-03,1.05,1.09
-4.68600e-03,1.05,1.01
-4.68592e-03,1.07,1.09
-4.68584e-03,1.07,1.03
-4.68576e-03,1.07,1.09
-4.68568e-03,1.05,1.03
-4.68560e-03,1.05,1.09
-4.68552e-03,1.07,1.03
-4.68544e-03,1.07,1.09
-4.68536e-03,1.07,1.01
-4.68528e-03,1.09,1.09
-4.68520e-03,1.07,1.03
-4.68512e-03,1.05,1.09
-4.68504e-03,1.07,1.03
-4.68496e-03,1.05,1.09
-4.68488e-03,1.09,1.03
-4.68480e-03,1.09,1.09
-4.68472e-03,1.07,1.03
-4.68464e-03,1.07,1.09
-4.68456e-03,1.07,1.03
-4.68448e-03,1.07,1.09
-4.68440e-03,1.07,1.03
-4.68432e-03,1.07,1.09
-4.68424e-03,1.07,1.03
-4.68416e-03,1.07,1.09
-4.68408e-03,1.07,1.03
-4.68400e-03,1.07,1.09
-4.68392e-03,1.07,1.03
-4.68384e-03,1.07,1.09
-4.68376e-03,1.09,1.03
-4.68368e-03,1.05,1.09
-4.68360e-03,1.09,1.03
-4.68352e-03,1.07,1.09
-4.68344e-03,1.09,1.03
-4.68336e-03,1.07,1.09
-4.68328e-03,1.07,1.03
-4.68320e-03,1.07,1.09
-4.68312e-03,1.07,1.03
-4.68304e-03,1.07,1.09
-4.68296e-03,1.07,1.03
-4.68288e-03,1.07,1.09
-4.68280e-03,1.07,1.03
-4.68272e-03,1.07,1.09
-4.68264e-03,1.09,1.03
-4.68256e-03,1.07,1.09
-4.68248e-03,1.09,1.03
-4.68240e-03,1.07,1.09
-4.68232e-03,1.07,1.03
-4.68224e-03,1.07,1.09
-4.68216e-03,1.07,1.03
-4.68208e-03,1.07,1.09
-4.68200e-03,1.05,1.03
-4.68192e-03,1.07,1.09
-4.68184e-03,1.07,1.03
-4.68176e-03,1.07,1.09
-4.68168e-03,1.07,1.03
-4.68160e-03,1.09,1.09
-4.68152e-03,1.07,1.03
-4.68144e-03,1.07,1.09
-4.68136e-03,1.07,1.03
-4.68128e-03,1.07,1.09
-4.68120e-03,1.05,1.03
-4.68112e-03,1.05,1.09
-4.68104e-03,1.07,1.03
-4.68096e-03,1.07,1.09
-4.68088e-03,1.07,1.03
-4.68080e-03,1.07,1.09
-4.68072e-03,1.07,1.03
-4.68064e-03,1.07,1.09
-4.68056e-03,1.05,1.03
-4.68048e-03,1.07,1.07
-4.68040e-03,1.07,1.03
-4.68032e-03,1.07,1.09
-4.68024e-03,1.07,1.01
-4.68016e-03,1.07,1.07
-4.68008e-03,1.07,1.03
-4.68000e-03,1.05,1.09
-4.67992e-03,1.07,1.03
-4.67984e-03,1.05,1.09
-4.67976e-03,1.07,1.01
-4.67968e-03,1.07,1.09
-4.67960e-03,0.67,1.01
-4.67952e-03,0.99,1.09
-4.67944e-03,0.99,0.57
-4.67936e-03,1.01,1.07
-4.67928e-03,0.99,0.93
-4.67920e-03,0.97,1.01
-4.67912e-03,0.99,0.93
-4.67904e-03,1.01,1.01
-4.67896e-03,1.03,0.95
-4.67888e-03,1.03,1.03
-4.67880e-03,1.05,0.99
-4.67872e-03,1.05,1.05
-4.67864e-03,1.09,1.01
-4.67856e-03,1.07,1.07
-4.67848e-03,1.07,1.03
-4.67840e-03,1.09,1.09
-4.67832e-03,1.07,1.05
-4.67824e-03,1.07,1.11
-4.67816e-03,1.05,1.03
-4.67808e-03,1.07,1.09
-4.67800e-03,1.05,1.01
-4.67792e-03,1.05,1.07
-4.67784e-03,1.03,1.01
-4.67776e-03,1.03,1.07
-4.67768e-03,1.05,1.01
-4.67760e-03,1.05,1.09
-4.67752e-03,1.09,1.01
-4.67744e-03,1.05,1.07
-4.67736e-03,1.07,1.01
-4.67728e-03,1.05,1.09
-4.67720e-03,1.07,1.01
-4.67712e-03,1.05,1.09
-4.67704e-03,1.05,1.01
-4.67696e-03,1.05,1.09
-4.67688e-03,1.05,1.01
-4.67680e-03,1.07,1.07
-4.67672e-03,1.07,1.01
-4.67664e-03,1.05,1.07
-4.67656e-03,1.05,1.01
-4.67648e-03,1.05,1.07
-4.67640e-03,1.05,1.01
-4.67632e-03,1.05,1.07
-4.67624e-03,1.07,1.01
-4.67616e-03,1.07,1.07
-4.67608e-03,1.07,1.01
-4.67600e-03,1.05,1.07
-4.67592e-03,1.05,1.01
-4.67584e-03,1.05,1.09
-4.67576e-03,1.07,1.01
-4.67568e-03,1.07,1.07
-4.67560e-03,1.05,1.01
-4.67552e-03,1.07,1.09
-4.67544e-03,1.05,1.01
-4.67536e-03,1.07,1.09
-4.67528e-03,1.05,1.01
-4.67520e-03,1.07,1.09
-4.67512e-03,1.07,1.01
-4.67504e-03,1.05,1.07
-4.67496e-03,1.09,1.01
-4.67488e-03,1.05,1.09
-4.67480e-03,1.07,1.03
-4.67472e-03,1.07,1.09
-4.67464e-03,1.07,1.01
-4.67456e-03,1.07,1.07
-4.67448e-03,1.03,1.03
-4.67440e-03,1.07,1.09
-4.67432e-03,1.05,1.01
-4.67424e-03,1.07,1.09
-4.67416e-03,1.03,1.01
-4.67408e-03,1.05,1.09
-4.67400e-03,1.07,1.01
-4.67392e-03,1.07,1.09
-4.67384e-03,1.07,1.03
-4.67376e-03,1.07,1.09
-4.67368e-03,1.07,1.01
-4.67360e-03,1.07,1.07
-4.67352e-03,1.07,1.01
-4.67344e-03,1.05,1.07
-4.67336e-03,1.05,1.03
-4.67328e-03,1.07,1.07
-4.67320e-03,1.07,1.01
-4.67312e-03,1.07,1.09
-4.67304e-03,1.05,1.03
-4.67296e-03,1.07,1.07
-4.67288e-03,1.47,1.01
-4.67280e-03,1.13,1.09
-4.67272e-03,1.13,1.03
-4.67264e-03,1.11,1.61
-4.67256e-03,1.11,1.05
-4.67248e-03,1.13,1.15
-4.67240e-03,1.13,1.07
-4.67232e-03,1.11,1.15
-4.67224e-03,1.09,1.09
-4.67216e-03,1.09,1.15
-4.67208e-03,1.07,1.05
-4.67200e-03,1.07,1.13
-4.67192e-03,1.05,1.03
-4.67184e-03,1.03,1.11
-4.67176e-03,1.07,1.01
-4.67168e-03,1.05,1.07
-4.67160e-03,1.05,1.01
-4.67152e-03,1.05,1.07
-4.67144e-03,1.07,1.01
-4.67136e-03,1.07,1.07
-4.67128e-03,1.07,1.01
-4.67120e-03,1.05,1.07
-4.67112e-03,1.07,1.01
-4.67104e-03,1.09,1.07
-4.67096e-03,1.07,1.01
-4.67088e-03,1.07,1.09
-4.67080e-03,1.05,1.03
-4.67072e-03,1.07,1.09
-4.67064e-03,1.05,1.01
-4.67056e-03,1.05,1.07
-4.67048e-03,1.05,1.03
-4.67040e-03,1.07,1.09
-4.67032e-03,1.05,1.01
-4.67024e-03,1.05,1.09
-4.67016e-03,1.07,1.01
-4.67008e-03,1.05,1.09
-4.67000e-03,1.07,1.03
-4.66992e-03,1.05,1.07
-4.66984e-03,1.05,1.03
-4.66976e-03,1.07,1.07
-4.66968e-03,1.05,1.03
-4.66960e-03,1.07,1.09
-4.66952e-03,1.07,1.03
-4.66944e-03,1.05,1.09
-4.66936e-03,1.07,1.01
-4.66928e-03,1.05,1.07
-4.66920e-03,1.07,1.01
-4.66912e-03,1.05,1.09
-4.66904e-03,1.09,1.01
-4.66896e-03,1.05,1.09
-4.66888e-03,1.07,1.01
-4.66880e-03,1.07,1.09
-4.66872e-03,1.07,1.01
-4.66864e-03,1.07,1.09
-4.66856e-03,1.05,1.01
-4.66848e-03,1.07,1.09
-4.66840e-03,1.07,1.01
-4.66832e-03,1.05,1.09
-4.66824e-03,1.07,1.01
-4.66816e-03,1.07,1.09
-4.66808e-03,1.09,1.01
-4.66800e-03,1.07,1.09
-4.66792e-03,1.07,1.01
-4.66784e-03,1.07,1.09
-4.66776e-03,1.07,1.01
-4.66768e-03,1.05,1.09
-4.66760e-03,1.07,1.03
-4.66752e-03,1.07,1.09
-4.66744e-03,1.05,1.01
-4.66736e-03,1.05,1.09
-4.66728e-03,1.07,1.01
-4.66720e-03,1.05,1.09
-4.66712e-03,1.07,1.03
-4.66704e-03,1.07,1.09
-4.66696e-03,1.05,1.03
-4.66688e-03,1.07,1.07
-4.66680e-03,1.07,1.03
-4.66672e-03,1.05,1.09
-4.66664e-03,1.05,1.01
-4.66656e-03,1.05,1.07
-4.66648e-03,1.07,1.03
-4.66640e-03,1.07,1.09
-4.66632e-03,1.05,1.03
-4.66624e-03,1.05,1.07
-4.66616e-03,1.07,1.01
-4.66608e-03,1.05,1.09
-4.66600e-03,1.05,1.03
-4.66592e-03,1.05,1.07
-4.66584e-03,1.07,1.03
-4.66576e-03,1.05,1.07
-4.66568e-03,1.05,1.01
-4.66560e-03,1.05,1.07
-4.66552e-03,1.05,1.03
-4.66544e-03,1.05,1.09
-4.66536e-03,1.07,1.03
-4.66528e-03,1.07,1.09
-4.66520e-03,1.07,1.01
-4.66512e-03,1.05,1.09
-4.66504e-03,1.09,1.03
-4.66496e-03,1.07,1.09
-4.66488e-03,1.09,1.03
-4.66480e-03,1.05,1.09
-4.66472e-03,1.07,1.03
-4.66464e-03,1.09,1.09
-4.66456e-03,1.07,1.01
-4.66448e-03,1.07,1.09
-4.66440e-03,1.07,1.03
-4.66432e-03,1.07,1.09
-4.66424e-03,1.05,1.03
-4.66416e-03,1.07,1.09
-4.66408e-03,1.05,1.03
-4.66400e-03,1.07,1.09
-4.66392e-03,1.09,1.03
-4.66384e-03,1.07,1.09
-4.66376e-03,1.07,1.03
-4.66368e-03,1.07,1.09
-4.66360e-03,1.09,1.01
-4.66352e-03,1.07,1.09
-4.66344e-03,1.07,1.03
-4.66336e-03,1.07,1.09
-4.66328e-03,1.07,1.03
-4.66320e-03,1.09,1.09
-4.66312e-03,1.07,1.03
-4.66304e-03,1.07,1.09
-4.66296e-03,1.07,1.03
-4.66288e-03,1.07,1.09
-4.66280e-03,1.05,1.03
-4.66272e-03,1.07,1.09
-4.66264e-03,1.07,1.03
-4.66256e-03,1.05,1.09
-4.66248e-03,1.07,1.03
-4.66240e-03,1.07,1.09
-4.66232e-03,1.09,1.03
-4.66224e-03,1.07,1.09
-4.66216e-03,1.07,1.03
-4.66208e-03,1.07,1.09
-4.66200e-03,1.07,1.03
-4.66192e-03,1.07,1.09
-4.66184e-03,1.07,1.03
-4.66176e-03,1.07,1.09
-4.66168e-03,1.07,1.01
-4.66160e-03,1.07,1.09
-4.66152e-03,1.07,1.03
-4.66144e-03,1.07,1.09
-4.66136e-03,1.07,1.03
-4.66128e-03,1.07,1.09
-4.66120e-03,1.07,1.03
-4.66112e-03,1.07,1.09
-4.66104e-03,1.07,1.03
-4.66096e-03,1.09,1.09
-4.66088e-03,1.07,1.03
-4.66080e-03,1.07,1.09
-4.66072e-03,1.07,1.03
-4.66064e-03,1.07,1.09
-4.66056e-03,1.07,1.03
-4.66048e-03,1.07,1.09
-4.66040e-03,1.07,1.03
-4.66032e-03,1.09,1.09
-4.66024e-03,1.07,1.03
-4.66016e-03,1.07,1.09
-4.66008e-03,1.07,1.03
-4.66000e-03,1.07,1.09
-4.65992e-03,1.09,1.03
-4.65984e-03,1.05,1.09
-4.65976e-03,1.07,1.01
-4.65968e-03,1.05,1.09
-4.65960e-03,1.07,1.03
-4.65952e-03,1.07,1.09
-4.65944e-03,1.07,1.03
-4.65936e-03,1.07,1.09
-4.65928e-03,1.07,1.03
-4.65920e-03,1.09,1.09
-4.65912e-03,1.07,1.03
-4.65904e-03,1.09,1.09
-4.65896e-03,1.03,1.03
-4.65888e-03,1.07,1.09
-4.65880e-03,1.07,1.03
-4.65872e-03,1.07,1.09
-4.65864e-03,1.07,1.01
-4.65856e-03,1.05,1.09
-4.65848e-03,1.09,1.03
-4.65840e-03,1.07,1.09
-4.65832e-03,1.07,1.03
-4.65824e-03,1.07,1.09
-4.65816e-03,1.07,1.03
-4.65808e-03,1.07,1.09
-4.65800e-03,1.07,1.03
-4.65792e-03,1.07,1.09
-4.65784e-03,1.07,1.03
-4.65776e-03,1.07,1.09
-4.65768e-03,1.07,1.01
-4.65760e-03,1.07,1.09
-4.65752e-03,1.07,1.03
-4.65744e-03,1.07,1.09
-4.65736e-03,1.09,1.03
-4.65728e-03,1.07,1.09
-4.65720e-03,1.09,1.03
-4.65712e-03,1.09,1.09
-4.65704e-03,1.09,1.03
-4.65696e-03,1.07,1.09
-4.65688e-03,1.07,1.03
-4.65680e-03,1.07,1.09
-4.65672e-03,1.09,1.03
-4.65664e-03,1.07,1.09
-4.65656e-03,1.09,1.03
-4.65648e-03,1.09,1.09
-4.65640e-03,1.09,1.03
-4.65632e-03,1.09,1.09
-4.65624e-03,1.09,1.03
-4.65616e-03,1.07,1.09
-4.65608e-03,1.07,1.03
-4.65600e-03,1.09,1.09
-4.65592e-03,1.07,1.03
-4.65584e-03,1.07,1.09
-4.65576e-03,1.07,1.03
-4.65568e-03,1.07,1.09
-4.65560e-03,1.07,1.03
-4.65552e-03,1.07,1.09
-4.65544e-03,1.07,1.03
-4.65536e-03,1.09,1.09
-4.65528e-03,1.09,1.03
-4.65520e-03,1.07,1.09
-4.65512e-03,1.09,1.03
-4.65504e-03,1.09,1.09
-4.65496e-03,1.09,1.03
-4.65488e-03,1.09,1.09
-4.65480e-03,1.07,1.03
-4.65472e-03,1.09,1.09
-4.65464e-03,1.07,1.03
-4.65456e-03,1.09,1.09
-4.65448e-03,1.07,1.03
-4.65440e-03,1.09,1.09
-4.65432e-03,1.09,1.03
-4.65424e-03,1.07,1.09
-4.65416e-03,1.07,1.03
-4.65408e-03,1.07,1.11
-4.65400e-03,1.07,1.03
-4.65392e-03,1.07,1.09
-4.65384e-03,1.07,1.03
-4.65376e-03,1.07,1.09
-4.65368e-03,1.07,1.03
-4.65360e-03,1.07,1.09
-4.65352e-03,1.09,1.03
-4.65344e-03,1.05,1.09
-4.65336e-03,1.07,1.03
-4.65328e-03,1.07,1.09
-4.65320e-03,1.07,1.03
-4.65312e-03,1.07,1.09
-4.65304e-03,1.07,1.03
-4.65296e-03,1.07,1.09
-4.65288e-03,1.09,1.03
-4.65280e-03,1.07,1.09
-4.65272e-03,1.07,1.03
-4.65264e-03,1.07,1.09
-4.65256e-03,1.05,1.03
-4.65248e-03,1.09,1.09
-4.65240e-03,1.05,1.01
-4.65232e-03,1.09,1.09
-4.65224e-03,1.07,1.03
-4.65216e-03,1.07,1.09
-4.65208e-03,1.07,1.03
-4.65200e-03,1.07,1.09
-4.65192e-03,1.07,1.03
-4.65184e-03,1.07,1.09
-4.65176e-03,1.09,1.03
-4.65168e-03,1.07,1.09
-4.65160e-03,1.07,1.03
-4.65152e-03,1.07,1.09
-4.65144e-03,1.07,1.03
-4.65136e-03,1.05,1.09
-4.65128e-03,1.05,1.01
-4.65120e-03,1.05,1.09
-4.65112e-03,1.03,1.03
-4.65104e-03,1.07,1.11
-4.65096e-03,1.07,1.01
-4.65088e-03,1.07,1.09
-4.65080e-03,1.07,1.03
-4.65072e-03,1.07,1.09
-4.65064e-03,1.07,1.03
-4.65056e-03,1.09,1.09
-4.65048e-03,1.07,1.03
-4.65040e-03,1.07,1.09
-4.65032e-03,1.07,1.03
-4.65024e-03,1.07,1.09
-4.65016e-03,1.07,1.03
-4.65008e-03,1.07,1.09
-4.65000e-03,1.07,1.03
-4.64992e-03,1.07,1.09
-4.64984e-03,1.07,1.03
-4.64976e-03,1.07,1.09
-4.64968e-03,1.05,1.03
-4.64960e-03,1.07,1.09
-4.64952e-03,1.07,1.03
-4.64944e-03,1.07,1.09
-4.64936e-03,1.09,1.03
-4.64928e-03,1.05,1.09
-4.64920e-03,1.07,1.03
-4.64912e-03,1.07,1.09
-4.64904e-03,1.09,1.03
-4.64896e-03,1.05,1.09
-4.64888e-03,1.07,1.03
-4.64880e-03,1.07,1.09
-4.64872e-03,1.07,1.03
-4.64864e-03,1.07,1.09
-4.64856e-03,1.07,1.03
-4.64848e-03,1.07,1.09
-4.64840e-03,1.05,1.03
-4.64832e-03,1.05,1.09
-4.64824e-03,1.07,1.03
-4.64816e-03,1.05,1.09
-4.64808e-03,1.09,1.03
-4.64800e-03,1.05,1.09
-4.64792e-03,1.07,1.03
-4.64784e-03,1.07,1.09
-4.64776e-03,1.07,1.03
-4.64768e-03,1.07,1.09
-4.64760e-03,1.07,1.03
-4.64752e-03,1.05,1.09
-4.64744e-03,1.07,1.03
-4.64736e-03,1.07,1.09
-4.64728e-03,1.07,1.03
-4.64720e-03,1.07,1.09
-4.64712e-03,1.05,1.03
-4.64704e-03,1.07,1.09
-4.64696e-03,1.07,1.03
-4.64688e-03,1.07,1.09
-4.64680e-03,1.05,1.03
-4.64672e-03,1.07,1.09
-4.64664e-03,1.07,1.03
-4.64656e-03,1.07,1.09
-4.64648e-03,1.07,1.01
-4.64640e-03,1.07,1.09
-4.64632e-03,1.09,1.01
-4.64624e-03,1.07,1.09
-4.64616e-03,1.07,1.03
-4.64608e-03,1.07,1.09
-4.64600e-03,1.07,1.03
-4.64592e-03,1.09,1.11
-4.64584e-03,1.05,1.03
-4.64576e-03,1.07,1.09
-4.64568e-03,1.07,1.03
-4.64560e-03,1.07,1.09
-4.64552e-03,1.07,1.03
-4.64544e-03,1.09,1.09
-4.64536e-03,1.07,1.03
-4.64528e-03,1.07,1.09
-4.64520e-03,1.07,1.03
-4.64512e-03,1.07,1.09
-4.64504e-03,1.07,1.03
-4.64496e-03,1.07,1.09
-4.64488e-03,1.07,1.03
-4.64480e-03,1.07,1.09
-4.64472e-03,1.07,1.03
-4.64464e-03,1.09,1.09
-4.64456e-03,1.07,1.03
-4.64448e-03,1.07,1.09
-4.64440e-03,1.09,1.03
-4.64432e-03,1.07,1.09
-4.64424e-03,1.07,1.03
-4.64416e-03,1.07,1.09
-4.64408e-03,1.07,1.03
-4.64400e-03,1.07,1.09
-4.64392e-03,1.07,1.03
-4.64384e-03,1.07,1.09
-4.64376e-03,1.09,1.03
-4.64368e-03,1.05,1.09
-4.64360e-03,1.09,1.03
-4.64352e-03,1.07,1.09
-4.64344e-03,1.09,1.03
-4.64336e-03,1.07,1.09
-4.64328e-03,1.07,1.03
-4.64320e-03,1.07,1.09
-4.64312e-03,1.07,1.03
-4.64304e-03,1.09,1.11
-4.64296e-03,1.09,1.03
-4.64288e-03,1.07,1.11
-4.64280e-03,1.07,1.03
-4.64272e-03,1.09,1.11
-4.64264e-03,1.09,1.03
-4.64256e-03,1.09,1.09
-4.64248e-03,1.09,1.03
-4.64240e-03,1.09,1.09
-4.64232e-03,1.09,1.03
-4.64224e-03,1.07,1.11
-4.64216e-03,1.05,1.03
-4.64208e-03,1.09,1.09
-4.64200e-03,1.07,1.03
-4.64192e-03,1.09,1.09
-4.64184e-03,1.07,1.03
-4.64176e-03,1.05,1.11
-4.64168e-03,1.07,1.01
-4.64160e-03,1.09,1.11
-4.64152e-03,1.09,1.03
-4.64144e-03,1.07,1.11
-4.64136e-03,1.09,1.03
-4.64128e-03,1.07,1.11
-4.64120e-03,1.07,1.03
-4.64112e-03,1.07,1.11
-4.64104e-03,1.09,1.03
-4.64096e-03,1.07,1.11
-4.64088e-03,1.07,1.03
-4.64080e-03,1.09,1.09
-4.64072e-03,1.07,1.03
-4.64064e-03,1.05,1.11
-4.64056e-03,1.09,1.03
-4.64048e-03,1.09,1.09
-4.64040e-03,1.09,1.03
-4.64032e-03,1.07,1.09
-4.64024e-03,1.07,1.03
-4.64016e-03,1.09,1.09
-4.64008e-03,1.07,1.03
-4.64000e-03,1.07,1.09
-4.63992e-03,1.07,1.03
-4.63984e-03,1.07,1.09
-4.63976e-03,1.07,1.03
-4.63968e-03,1.07,1.09
-4.63960e-03,1.07,1.03
-4.63952e-03,1.07,1.09
-4.63944e-03,1.09,1.03
-4.63936e-03,1.09,1.09
-4.63928e-03,1.07,1.03
-4.63920e-03,1.05,1.09
-4.63912e-03,1.05,1.03
-4.63904e-03,1.05,1.09
-4.63896e-03,1.05,1.01
-4.63888e-03,1.03,1.07
-4.63880e-03,1.05,1.01
-4.63872e-03,1.05,1.07
-4.63864e-03,1.07,1.01
-4.63856e-03,1.07,1.07
-4.63848e-03,1.09,1.03
-4.63840e-03,1.09,1.09
-4.63832e-03,1.09,1.03
-4.63824e-03,1.07,1.09
-4.63816e-03,1.07,1.03
-4.63808e-03,1.07,1.09
-4.63800e-03,1.07,1.03
-4.63792e-03,1.09,1.09
-4.63784e-03,1.07,1.03
-4.63776e-03,1.09,1.09
-4.63768e-03,1.09,1.03
-4.63760e-03,1.09,1.09
-4.63752e-03,1.07,1.03
-4.63744e-03,1.07,1.09
-4.63736e-03,1.09,1.03
-4.63728e-03,1.07,1.09
-4.63720e-03,1.07,1.03
-4.63712e-03,1.07,1.09
-4.63704e-03,1.09,1.03
-4.63696e-03,1.09,1.09
-4.63688e-03,1.07,1.03
-4.63680e-03,1.07,1.09
-4.63672e-03,1.09,1.03
-4.63664e-03,1.07,1.09
-4.63656e-03,1.07,1.03
-4.63648e-03,1.07,1.09
-4.63640e-03,1.07,1.03
-4.63632e-03,1.07,1.09
-4.63624e-03,1.07,1.03
-4.63616e-03,1.07,1.09
-4.63608e-03,1.07,1.03
-4.63600e-03,1.07,1.09
-4.63592e-03,1.09,1.03
-4.63584e-03,1.09,1.09
-4.63576e-03,1.09,1.03
-4.63568e-03,1.07,1.09
-4.63560e-03,1.09,1.03
-4.63552e-03,1.07,1.09
-4.63544e-03,1.07,1.03
-4.63536e-03,1.07,1.09
-4.63528e-03,1.07,1.03
-4.63520e-03,1.09,1.09
-4.63512e-03,1.07,1.03
-4.63504e-03,1.07,1.11
-4.63496e-03,1.07,1.03
-4.63488e-03,1.07,1.09
-4.63480e-03,1.09,1.03
-4.63472e-03,1.07,1.09
-4.63464e-03,1.07,1.03
-4.63456e-03,1.05,1.09
-4.63448e-03,1.09,1.03
-4.63440e-03,1.07,1.09
-4.63432e-03,1.07,1.03
-4.63424e-03,1.07,1.09
-4.63416e-03,1.07,1.03
-4.63408e-03,1.07,1.09
-4.63400e-03,1.07,1.05
-4.63392e-03,1.07,1.09
-4.63384e-03,1.07,1.03
-4.63376e-03,1.09,1.09
-4.63368e-03,1.07,1.03
-4.63360e-03,1.09,1.09
-4.63352e-03,1.09,1.03
-4.63344e-03,1.09,1.09
-4.63336e-03,1.09,1.03
-4.63328e-03,1.07,1.11
-4.63320e-03,1.07,1.03
-4.63312e-03,1.05,1.09
-4.63304e-03,1.07,1.03
-4.63296e-03,1.05,1.09
-4.63288e-03,1.07,1.03
-4.63280e-03,1.09,1.09
-4.63272e-03,1.07,1.03
-4.63264e-03,1.07,1.09
-4.63256e-03,1.07,1.03
-4.63248e-03,1.07,1.09
-4.63240e-03,1.07,1.03
-4.63232e-03,1.07,1.09
-4.63224e-03,1.07,1.03
-4.63216e-03,1.09,1.09
-4.63208e-03,1.07,1.03
-4.63200e-03,1.07,1.09
-4.63192e-03,1.07,1.03
-4.63184e-03,1.07,1.09
-4.63176e-03,1.07,1.03
-4.63168e-03,1.07,1.09
-4.63160e-03,1.07,1.03
-4.63152e-03,1.07,1.09
-4.63144e-03,1.07,1.03
-4.63136e-03,1.07,1.09
-4.63128e-03,1.07,1.03
-4.63120e-03,1.09,1.09
-4.63112e-03,1.07,1.03
-4.63104e-03,1.09,1.09
-4.63096e-03,1.07,1.03
-4.63088e-03,1.11,1.09
-4.63080e-03,1.07,1.03
-4.63072e-03,1.09,1.11
-4.63064e-03,1.09,1.03
-4.63056e-03,1.07,1.09
-4.63048e-03,1.07,1.03
-4.63040e-03,1.07,1.09
-4.63032e-03,1.07,1.03
-4.63024e-03,1.07,1.09
-4.63016e-03,1.07,1.03
-4.63008e-03,1.07,1.09
-4.63000e-03,1.09,1.03
-4.62992e-03,1.07,1.09
-4.62984e-03,1.07,1.03
-4.62976e-03,1.07,1.09
-4.62968e-03,1.07,1.03
-4.62960e-03,1.07,1.09
-4.62952e-03,0.85,1.03
-4.62944e-03,1.01,1.09
-4.62936e-03,1.01,0.59
-4.62928e-03,1.01,1.07
-4.62920e-03,0.99,0.95
-4.62912e-03,0.99,1.03
-4.62904e-03,0.99,0.95
-4.62896e-03,1.01,1.01
-4.62888e-03,1.03,0.95
-4.62880e-03,1.05,1.03
-4.62872e-03,1.07,0.99
-4.62864e-03,1.09,1.07
-4.62856e-03,1.07,1.01
-4.62848e-03,1.09,1.09
-4.62840e-03,1.09,1.03
-4.62832e-03,1.07,1.11
-4.62824e-03,1.09,1.03
-4.62816e-03,1.07,1.11
-4.62808e-03,1.07,1.03
-4.62800e-03,1.07,1.09
-4.62792e-03,1.07,1.01
-4.62784e-03,1.05,1.09
-4.62776e-03,1.05,1.01
-4.62768e-03,1.05,1.09
-4.62760e-03,1.05,1.01
-4.62752e-03,1.07,1.07
-4.62744e-03,1.05,1.01
-4.62736e-03,1.07,1.09
-4.62728e-03,1.05,1.01
-4.62720e-03,1.07,1.09
-4.62712e-03,1.07,1.01
-4.62704e-03,1.05,1.09
-4.62696e-03,1.07,1.01
-4.62688e-03,1.07,1.09
-4.62680e-03,1.05,1.01
-4.62672e-03,1.05,1.07
-4.62664e-03,1.07,1.01
-4.62656e-03,1.05,1.07
-4.62648e-03,1.05,1.01
-4.62640e-03,1.05,1.07
-4.62632e-03,1.03,1.01
-4.62624e-03,1.05,1.07
-4.62616e-03,1.05,1.01
-4.62608e-03,1.07,1.07
-4.62600e-03,1.05,1.01
-4.62592e-03,1.05,1.07
-4.62584e-03,1.05,1.01
-4.62576e-03,1.07,1.07
-4.62568e-03,1.05,1.01
-4.62560e-03,1.05,1.09
-4.62552e-03,1.07,1.01
-4.62544e-03,1.05,1.09
-4.62536e-03,1.07,1.01
-4.62528e-03,1.07,1.09
-4.62520e-03,1.05,1.03
-4.62512e-03,1.07,1.09
-4.62504e-03,1.07,1.01
-4.62496e-03,1.07,1.09
-4.62488e-03,1.07,1.01
-4.62480e-03,1.07,1.09
-4.62472e-03,1.07,1.03
-4.62464e-03,1.05,1.09
-4.62456e-03,1.07,1.03
-4.62448e-03,1.07,1.09
-4.62440e-03,1.07,1.01
-4.62432e-03,1.05,1.09
-4.62424e-03,1.07,1.03
-4.62416e-03,1.03,1.09
-4.62408e-03,1.07,1.01
-4.62400e-03,1.05,1.09
-4.62392e-03,1.07,1.01
-4.62384e-03,1.07,1.09
-4.62376e-03,1.07,1.01
-4.62368e-03,1.07,1.09
-4.62360e-03,1.05,1.03
-4.62352e-03,1.07,1.09
-4.62344e-03,1.07,1.01
-4.62336e-03,1.07,1.09
-4.62328e-03,1.05,1.01
-4.62320e-03,1.07,1.09
-4.62312e-03,1.07,1.01
-4.62304e-03,1.05,1.07
-4.62296e-03,1.05,1.03
-4.62288e-03,1.05,1.09
-4.62280e-03,1.55,1.01
-4.62272e-03,1.09,1.09
-4.62264e-03,1.13,1.01
-4.62256e-03,1.13,1.59
-4.62248e-03,1.13,1.07
-4.62240e-03,1.15,1.15
-4.62232e-03,1.13,1.09
-4.62224e-03,1.11,1.15
-4.62216e-03,1.11,1.09
-4.62208e-03,1.09,1.15
-4.62200e-03,1.05,1.05
-4.62192e-03,1.07,1.13
-4.62184e-03,1.05,1.03
-4.62176e-03,1.07,1.11
-4.62168e-03,1.05,1.01
-4.62160e-03,1.07,1.07
-4.62152e-03,1.05,1.01
-4.62144e-03,1.05,1.07
-4.62136e-03,1.05,1.01
-4.62128e-03,1.07,1.07
-4.62120e-03,1.05,1.01
-4.62112e-03,1.07,1.09
-4.62104e-03,1.07,1.03
-4.62096e-03,1.07,1.09
-4.62088e-03,1.07,1.01
-4.62080e-03,1.07,1.09
-4.62072e-03,1.07,1.03
-4.62064e-03,1.07,1.09
-4.62056e-03,1.07,1.03
-4.62048e-03,1.07,1.09
-4.62040e-03,1.07,1.01
-4.62032e-03,1.07,1.09
-4.62024e-03,1.05,1.01
-4.62016e-03,1.05,1.09
-4.62008e-03,1.07,1.03
-4.62000e-03,1.07,1.09
-4.61992e-03,1.07,1.03
-4.61984e-03,1.07,1.09
-4.61976e-03,1.07,1.03
-4.61968e-03,1.07,1.09
-4.61960e-03,1.07,1.03
-4.61952e-03,1.09,1.09
-4.61944e-03,1.07,1.03
-4.61936e-03,1.07,1.09
-4.61928e-03,1.07,1.03
-4.61920e-03,1.07,1.09
-4.61912e-03,1.07,1.03
-4.61904e-03,1.07,1.09
-4.61896e-03,1.07,1.03
-4.61888e-03,1.07,1.09
-4.61880e-03,1.05,1.03
-4.61872e-03,1.07,1.09
-4.61864e-03,1.07,1.03
-4.61856e-03,1.05,1.09
-4.61848e-03,1.07,1.03
-4.61840e-03,1.07,1.09
-4.61832e-03,1.09,1.03
-4.61824e-03,1.09,1.09
-4.61816e-03,1.07,1.03
-4.61808e-03,1.09,1.09
-4.61800e-03,1.07,1.03
-4.61792e-03,1.07,1.09
-4.61784e-03,1.07,1.03
-4.61776e-03,1.07,1.09
-4.61768e-03,1.09,1.03
-4.61760e-03,1.05,1.09
-4.61752e-03,1.07,1.03
-4.61744e-03,1.07,1.09
-4.61736e-03,1.07,1.03
-4.61728e-03,1.05,1.09
-4.61720e-03,1.07,1.03
-4.61712e-03,1.05,1.09
-4.61704e-03,1.07,1.03
-4.61696e-03,1.07,1.09
-4.61688e-03,1.07,1.03
-4.61680e-03,1.05,1.09
-4.61672e-03,1.07,1.03
-4.61664e-03,1.07,1.09
-4.61656e-03,1.07,1.03
-4.61648e-03,1.07,1.09
-4.61640e-03,1.07,1.03
-4.61632e-03,1.07,1.09
-4.61624e-03,1.07,1.03
-4.61616e-03,1.07,1.09
-4.61608e-03,1.07,1.03
-4.61600e-03,1.07,1.09
-4.61592e-03,1.09,1.03
-4.61584e-03,1.07,1.09
-4.61576e-03,1.07,1.03
-4.61568e-03,1.05,1.09
-4.61560e-03,1.07,1.03
-4.61552e-03,1.07,1.09
-4.61544e-03,1.07,1.03
-4.61536e-03,1.07,1.09
-4.61528e-03,1.09,1.01
-4.61520e-03,1.09,1.09
-4.61512e-03,1.07,1.01
-4.61504e-03,1.09,1.09
-4.61496e-03,1.07,1.03
-4.61488e-03,1.07,1.09
-4.61480e-03,1.09,1.03
-4.61472e-03,1.09,1.09
-4.61464e-03,1.09,1.03
-4.61456e-03,1.09,1.09
-4.61448e-03,1.07,1.03
-4.61440e-03,1.07,1.09
-4.61432e-03,1.09,1.03
-4.61424e-03,1.07,1.09
-4.61416e-03,1.07,1.03
-4.61408e-03,1.09,1.09
-4.61400e-03,1.07,1.03
-4.61392e-03,1.07,1.09
-4.61384e-03,1.07,1.03
-4.61376e-03,1.09,1.09
-4.61368e-03,1.07,1.03
-4.61360e-03,1.09,1.09
-4.61352e-03,1.07,1.03
-4.61344e-03,1.07,1.09
-4.61336e-03,1.07,1.03
-4.61328e-03,1.07,1.09
-4.61320e-03,1.07,1.03
-4.61312e-03,1.07,1.09
-4.61304e-03,1.07,1.03
-4.61296e-03,1.07,1.09
-4.61288e-03,1.07,1.03
-4.61280e-03,1.07,1.09
-4.61272e-03,1.07,1.03
-4.61264e-03,1.09,1.09
-4.61256e-03,1.07,1.01
-4.61248e-03,1.07,1.11
-4.61240e-03,1.07,1.03
-4.61232e-03,1.07,1.09
-4.61224e-03,1.07,1.03
-4.61216e-03,1.09,1.09
-4.61208e-03,1.07,1.03
-4.61200e-03,1.07,1.09
-4.61192e-03,1.09,1.03
-4.61184e-03,1.07,1.09
-4.61176e-03,1.09,1.03
-4.61168e-03,1.05,1.09
-4.61160e-03,1.07,1.03
-4.61152e-03,1.07,1.09
-4.61144e-03,1.07,1.03
-4.61136e-03,1.07,1.09
-4.61128e-03,1.07,1.03
-4.61120e-03,1.07,1.09
-4.61112e-03,1.07,1.03
-4.61104e-03,1.07,1.09
-4.61096e-03,1.07,1.03
-4.61088e-03,1.07,1.09
-4.61080e-03,1.09,1.03
-4.61072e-03,1.07,1.09
-4.61064e-03,1.07,1.03
-4.61056e-03,1.07,1.09
-4.61048e-03,1.07,1.05
-4.61040e-03,1.05,1.09
-4.61032e-03,1.07,1.03
-4.61024e-03,1.07,1.09
-4.61016e-03,1.07,1.03
-4.61008e-03,1.07,1.09
-4.61000e-03,1.05,1.03
-4.60992e-03,1.09,1.11
-4.60984e-03,1.07,1.03
-4.60976e-03,1.09,1.09
-4.60968e-03,1.07,1.03
-4.60960e-03,1.07,1.09
-4.60952e-03,1.07,1.03
-4.60944e-03,1.07,1.09
-4.60936e-03,1.07,1.03
-4.60928e-03,1.07,1.09
-4.60920e-03,1.07,1.03
-4.60912e-03,1.09,1.09
-4.60904e-03,1.09,1.03
-4.60896e-03,1.05,1.09
-4.60888e-03,1.09,1.03
-4.60880e-03,1.09,1.09
-4.60872e-03,1.09,1.03
-4.60864e-03,1.07,1.09
-4.60856e-03,1.07,1.01
-4.60848e-03,1.07,1.11
-4.60840e-03,1.07,1.03
-4.60832e-03,1.07,1.09
-4.60824e-03,1.07,1.03
-4.60816e-03,1.09,1.09
-4.60808e-03,1.07,1.03
-4.60800e-03,1.07,1.09
-4.60792e-03,1.07,1.03
-4.60784e-03,1.07,1.09
-4.60776e-03,1.09,1.03
-4.60768e-03,1.07,1.09
-4.60760e-03,1.09,1.03
-4.60752e-03,1.09,1.09
-4.60744e-03,1.09,1.03
-4.60736e-03,1.09,1.09
-4.60728e-03,1.07,1.03
-4.60720e-03,1.07,1.09
-4.60712e-03,1.07,1.03
-4.60704e-03,1.09,1.09
-4.60696e-03,1.07,1.03
-4.60688e-03,1.09,1.09
-4.60680e-03,1.07,1.03
-4.60672e-03,1.07,1.09
-4.60664e-03,1.07,1.03
-4.60656e-03,1.07,1.09
-4.60648e-03,1.07,1.03
-4.60640e-03,1.09,1.09
-4.60632e-03,1.09,1.03
-4.60624e-03,1.07,1.09
-4.60616e-03,1.09,1.03
-4.60608e-03,1.09,1.09
-4.60600e-03,1.09,1.03
-4.60592e-03,1.07,1.11
-4.60584e-03,1.07,1.03
-4.60576e-03,1.07,1.11
-4.60568e-03,1.07,1.05
-4.60560e-03,1.07,1.09
-4.60552e-03,1.07,1.03
-4.60544e-03,1.09,1.09
-4.60536e-03,1.09,1.03
-4.60528e-03,1.07,1.11
-4.60520e-03,1.09,1.05
-4.60512e-03,1.07,1.09
-4.60504e-03,1.07,1.03
-4.60496e-03,1.09,1.11
-4.60488e-03,1.09,1.05
-4.60480e-03,1.09,1.09
-4.60472e-03,1.07,1.05
-4.60464e-03,1.09,1.09
-4.60456e-03,1.09,1.03
-4.60448e-03,1.09,1.11
-4.60440e-03,1.07,1.05
-4.60432e-03,1.09,1.09
-4.60424e-03,1.09,1.03
-4.60416e-03,1.09,1.09
-4.60408e-03,1.09,1.03
-4.60400e-03,1.07,1.09
-4.60392e-03,1.07,1.05
-4.60384e-03,1.09,1.11
-4.60376e-03,1.09,1.05
-4.60368e-03,1.07,1.11
-4.60360e-03,1.09,1.05
-4.60352e-03,1.09,1.09
-4.60344e-03,1.09,1.03
-4.60336e-03,1.07,1.09
-4.60328e-03,1.07,1.03
-4.60320e-03,1.07,1.09
-4.60312e-03,1.09,1.05
-4.60304e-03,1.09,1.09
-4.60296e-03,1.07,1.03
-4.60288e-03,1.09,1.09
-4.60280e-03,1.07,1.03
-4.60272e-03,1.09,1.11
-4.60264e-03,1.09,1.05
-4.60256e-03,1.07,1.11
-4.60248e-03,1.09,1.03
-4.60240e-03,1.07,1.11
-4.60232e-03,1.07,1.03
-4.60224e-03,1.09,1.11
-4.60216e-03,1.09,1.03
-4.60208e-03,1.07,1.11
-4.60200e-03,1.07,1.03
-4.60192e-03,1.11,1.09
-4.60184e-03,1.09,1.03
-4.60176e-03,1.09,1.11
-4.60168e-03,1.07,1.03
-4.60160e-03,1.09,1.11
-4.60152e-03,1.07,1.03
-4.60144e-03,1.07,1.09
-4.60136e-03,1.07,1.03
-4.60128e-03,1.07,1.09
-4.60120e-03,1.07,1.03
-4.60112e-03,1.07,1.09
-4.60104e-03,1.09,1.03
-4.60096e-03,1.07,1.09
-4.60088e-03,1.07,1.03
-4.60080e-03,1.07,1.09
-4.60072e-03,1.09,1.03
-4.60064e-03,1.07,1.09
-4.60056e-03,1.07,1.03
-4.60048e-03,1.09,1.09
-4.60040e-03,1.07,1.03
-4.60032e-03,1.07,1.09
-4.60024e-03,1.07,1.03
-4.60016e-03,1.07,1.09
-4.60008e-03,1.09,1.03
-4.60000e-03,1.07,1.09
-4.59992e-03,1.09,1.03
-4.59984e-03,1.07,1.09
-4.59976e-03,1.09,1.03
-4.59968e-03,1.05,1.09
-4.59960e-03,1.07,1.03
-4.59952e-03,1.09,1.09
-4.59944e-03,1.05,1.03
-4.59936e-03,1.07,1.09
-4.59928e-03,1.09,1.03
-4.59920e-03,1.09,1.09
-4.59912e-03,1.07,1.03
-4.59904e-03,1.09,1.09
-4.59896e-03,1.07,1.03
-4.59888e-03,1.07,1.09
-4.59880e-03,1.07,1.03
-4.59872e-03,1.07,1.09
-4.59864e-03,1.09,1.03
-4.59856e-03,1.07,1.11
-4.59848e-03,1.07,1.03
-4.59840e-03,1.07,1.09
-4.59832e-03,1.07,1.03
-4.59824e-03,1.07,1.09
-4.59816e-03,1.09,1.03
-4.59808e-03,1.07,1.09
-4.59800e-03,1.07,1.01
-4.59792e-03,1.09,1.09
-4.59784e-03,1.05,1.03
-4.59776e-03,1.11,1.09
-4.59768e-03,1.09,1.03
-4.59760e-03,1.11,1.11
-4.59752e-03,1.07,1.01
-4.59744e-03,1.07,1.11
-4.59736e-03,1.07,1.03
-4.59728e-03,1.09,1.09
-4.59720e-03,1.07,1.05
-4.59712e-03,1.07,1.09
-4.59704e-03,1.09,1.03
-4.59696e-03,1.09,1.09
-4.59688e-03,1.07,1.03
-4.59680e-03,1.09,1.11
-4.59672e-03,1.07,1.03
-4.59664e-03,1.07,1.09
-4.59656e-03,1.09,1.03
-4.59648e-03,1.09,1.09
-4.59640e-03,1.07,1.03
-4.59632e-03,1.09,1.09
-4.59624e-03,1.07,1.03
-4.59616e-03,1.09,1.09
-4.59608e-03,1.09,1.03
-4.59600e-03,1.09,1.11
-4.59592e-03,1.09,1.03
-4.59584e-03,1.07,1.09
-4.59576e-03,1.09,1.03
-4.59568e-03,1.07,1.09
-4.59560e-03,1.07,1.03
-4.59552e-03,1.09,1.09
-4.59544e-03,1.07,1.03
-4.59536e-03,1.07,1.09
-4.59528e-03,1.09,1.03
-4.59520e-03,1.09,1.09
-4.59512e-03,1.07,1.03
-4.59504e-03,1.09,1.11
-4.59496e-03,1.07,1.03
-4.59488e-03,1.09,1.11
-4.59480e-03,1.09,1.03
-4.59472e-03,1.09,1.09
-4.59464e-03,1.09,1.03
-4.59456e-03,1.07,1.09
-4.59448e-03,1.09,1.03
-4.59440e-03,1.09,1.11
-4.59432e-03,1.09,1.03
-4.59424e-03,1.07,1.11
-4.59416e-03,1.09,1.03
-4.59408e-03,1.09,1.09
-4.59400e-03,1.07,1.05
-4.59392e-03,1.07,1.11
-4.59384e-03,1.09,1.05
-4.59376e-03,1.09,1.09
-4.59368e-03,1.09,1.05
-4.59360e-03,1.09,1.11
-4.59352e-03,1.07,1.03
-4.59344e-03,1.07,1.09
-4.59336e-03,1.07,1.03
-4.59328e-03,1.07,1.11
-4.59320e-03,1.09,1.05
-4.59312e-03,1.09,1.11
-4.59304e-03,1.09,1.05
-4.59296e-03,1.09,1.09
-4.59288e-03,1.09,1.03
-4.59280e-03,1.07,1.11
-4.59272e-03,1.09,1.03
-4.59264e-03,1.09,1.11
-4.59256e-03,1.07,1.03
-4.59248e-03,1.09,1.11
-4.59240e-03,1.07,1.03
-4.59232e-03,1.09,1.09
-4.59224e-03,1.07,1.05
-4.59216e-03,1.07,1.09
-4.59208e-03,1.09,1.05
-4.59200e-03,1.07,1.09
-4.59192e-03,1.09,1.05
-4.59184e-03,1.07,1.09
-4.59176e-03,1.09,1.03
-4.59168e-03,1.09,1.09
-4.59160e-03,1.09,1.05
-4.59152e-03,1.07,1.09
-4.59144e-03,1.07,1.05
-4.59136e-03,1.09,1.11
-4.59128e-03,1.07,1.03
-4.59120e-03,1.09,1.09
-4.59112e-03,1.09,1.03
-4.59104e-03,1.09,1.09
-4.59096e-03,1.09,1.03
-4.59088e-03,1.07,1.09
-4.59080e-03,1.07,1.03
-4.59072e-03,1.09,1.09
-4.59064e-03,1.09,1.05
-4.59056e-03,1.07,1.09
-4.59048e-03,1.09,1.03
-4.59040e-03,1.09,1.09
-4.59032e-03,1.09,1.03
-4.59024e-03,1.07,1.09
-4.59016e-03,1.07,1.03
-4.59008e-03,1.09,1.09
-4.59000e-03,1.09,1.03
-4.58992e-03,1.09,1.11
-4.58984e-03,1.09,1.03
-4.58976e-03,1.09,1.09
-4.58968e-03,1.09,1.03
-4.58960e-03,1.09,1.11
-4.58952e-03,1.07,1.03
-4.58944e-03,1.07,1.09
-4.58936e-03,1.09,1.03
-4.58928e-03,1.09,1.09
-4.58920e-03,1.07,1.03
-4.58912e-03,1.07,1.09
-4.58904e-03,1.09,1.03
-4.58896e-03,1.05,1.09
-4.58888e-03,1.07,1.03
-4.58880e-03,1.07,1.09
-4.58872e-03,1.07,1.03
-4.58864e-03,1.07,1.09
-4.58856e-03,1.07,1.03
-4.58848e-03,1.09,1.09
-4.58840e-03,1.07,1.05
-4.58832e-03,1.05,1.09
-4.58824e-03,1.07,1.03
-4.58816e-03,1.07,1.09
-4.58808e-03,1.09,1.03
-4.58800e-03,1.09,1.09
-4.58792e-03,1.09,1.03
-4.58784e-03,1.07,1.09
-4.58776e-03,1.07,1.03
-4.58768e-03,1.07,1.09
-4.58760e-03,1.07,1.03
-4.58752e-03,1.07,1.09
-4.58744e-03,1.07,1.03
-4.58736e-03,1.07,1.09
-4.58728e-03,1.09,1.03
-4.58720e-03,1.07,1.09
-4.58712e-03,1.07,1.03
-4.58704e-03,1.07,1.09
-4.58696e-03,1.09,1.03
-4.58688e-03,1.09,1.09
-4.58680e-03,1.09,1.03
-4.58672e-03,1.07,1.09
-4.58664e-03,1.07,1.03
-4.58656e-03,1.07,1.09
-4.58648e-03,1.09,1.03
-4.58640e-03,1.07,1.09
-4.58632e-03,1.07,1.03
-4.58624e-03,1.05,1.09
-4.58616e-03,1.09,1.03
-4.58608e-03,1.07,1.11
-4.58600e-03,1.09,1.03
-4.58592e-03,1.09,1.09
-4.58584e-03,1.07,1.03
-4.58576e-03,1.07,1.09
-4.58568e-03,1.07,1.03
-4.58560e-03,1.07,1.09
-4.58552e-03,1.07,1.03
-4.58544e-03,1.07,1.09
-4.58536e-03,1.07,1.03
-4.58528e-03,1.07,1.09
-4.58520e-03,1.07,1.03
-4.58512e-03,1.07,1.09
-4.58504e-03,1.09,1.03
-4.58496e-03,1.07,1.09
-4.58488e-03,1.09,1.03
-4.58480e-03,1.07,1.09
-4.58472e-03,1.07,1.03
-4.58464e-03,1.07,1.09
-4.58456e-03,1.07,1.03
-4.58448e-03,1.09,1.09
-4.58440e-03,1.07,1.03
-4.58432e-03,1.09,1.09
-4.58424e-03,1.07,1.03
-4.58416e-03,1.07,1.09
-4.58408e-03,1.07,1.03
-4.58400e-03,1.05,1.09
-4.58392e-03,1.07,1.03
-4.58384e-03,1.03,1.09
-4.58376e-03,1.09,1.01
-4.58368e-03,1.07,1.11
-4.58360e-03,1.09,1.01
-4.58352e-03,1.07,1.11
-4.58344e-03,1.07,1.03
-4.58336e-03,1.07,1.11
-4.58328e-03,1.07,1.03
-4.58320e-03,1.09,1.09
-4.58312e-03,1.05,1.03
-4.58304e-03,1.05,1.11
-4.58296e-03,1.07,1.03
-4.58288e-03,1.07,1.09
-4.58280e-03,1.07,1.03
-4.58272e-03,1.07,1.09
-4.58264e-03,1.07,1.03
-4.58256e-03,1.07,1.09
-4.58248e-03,1.07,1.03
-4.58240e-03,1.07,1.09
-4.58232e-03,1.07,1.03
-4.58224e-03,1.07,1.09
-4.58216e-03,1.07,1.03
-4.58208e-03,1.09,1.09
-4.58200e-03,1.09,1.03
-4.58192e-03,1.07,1.09
-4.58184e-03,1.07,1.03
-4.58176e-03,1.07,1.09
-4.58168e-03,1.07,1.03
-4.58160e-03,1.09,1.09
-4.58152e-03,1.07,1.03
-4.58144e-03,1.07,1.09
-4.58136e-03,1.07,1.03
-4.58128e-03,1.07,1.09
-4.58120e-03,1.07,1.03
-4.58112e-03,1.05,1.09
-4.58104e-03,1.09,1.03
-4.58096e-03,1.07,1.09
-4.58088e-03,1.07,1.03
-4.58080e-03,1.07,1.09
-4.58072e-03,1.07,1.03
-4.58064e-03,1.09,1.09
-4.58056e-03,1.07,1.03
-4.58048e-03,1.07,1.09
-4.58040e-03,1.07,1.03
-4.58032e-03,1.07,1.09
-4.58024e-03,1.07,1.03
-4.58016e-03,1.07,1.09
-4.58008e-03,1.05,1.03
-4.58000e-03,1.07,1.09
-4.57992e-03,1.05,1.03
-4.57984e-03,1.03,1.09
-4.57976e-03,1.05,1.03
-4.57968e-03,1.05,1.11
-4.57960e-03,1.09,1.01
-4.57952e-03,0.81,1.09
-4.57944e-03,0.95,0.81
-4.57936e-03,0.99,1.09
-4.57928e-03,1.01,0.55
-4.57920e-03,0.99,1.01
-4.57912e-03,0.99,0.95
-4.57904e-03,0.97,1.03
-4.57896e-03,1.01,0.95
-4.57888e-03,1.01,1.01
-4.57880e-03,1.03,0.95
-4.57872e-03,1.05,1.03
-4.57864e-03,1.07,0.99
-4.57856e-03,1.09,1.07
-4.57848e-03,1.09,1.03
-4.57840e-03,1.09,1.09
-4.57832e-03,1.07,1.05
-4.57824e-03,1.09,1.11
-4.57816e-03,1.07,1.03
-4.57808e-03,1.07,1.11
-4.57800e-03,1.07,1.03
-4.57792e-03,1.05,1.09
-4.57784e-03,1.07,1.01
-4.57776e-03,1.05,1.09
-4.57768e-03,1.07,1.01
-4.57760e-03,1.05,1.09
-4.57752e-03,1.07,1.01
-4.57744e-03,1.07,1.09
-4.57736e-03,1.07,1.03
-4.57728e-03,1.05,1.07
-4.57720e-03,1.05,1.01
-4.57712e-03,1.07,1.09
-4.57704e-03,1.07,1.01
-4.57696e-03,1.07,1.07
-4.57688e-03,1.05,1.01
-4.57680e-03,1.05,1.09
-4.57672e-03,1.07,1.03
-4.57664e-03,1.05,1.07
-4.57656e-03,1.05,1.01
-4.57648e-03,1.05,1.09
-4.57640e-03,1.07,1.01
-4.57632e-03,1.05,1.07
-4.57624e-03,1.07,1.01
-4.57616e-03,1.03,1.07
-4.57608e-03,1.05,1.01
-4.57600e-03,1.05,1.09
-4.57592e-03,1.07,1.01
-4.57584e-03,1.07,1.09
-4.57576e-03,1.05,1.03
-4.57568e-03,1.05,1.09
-4.57560e-03,1.07,1.01
-4.57552e-03,1.07,1.07
-4.57544e-03,1.07,1.01
-4.57536e-03,1.05,1.09
-4.57528e-03,1.07,1.01
-4.57520e-03,1.07,1.07
-4.57512e-03,1.07,1.03
-4.57504e-03,1.05,1.09
-4.57496e-03,1.05,1.01
-4.57488e-03,1.07,1.07
-4.57480e-03,1.07,1.03
-4.57472e-03,1.05,1.09
-4.57464e-03,1.07,1.03
-4.57456e-03,1.05,1.09
-4.57448e-03,1.05,1.01
-4.57440e-03,1.07,1.09
-4.57432e-03,1.07,1.01
-4.57424e-03,1.07,1.09
-4.57416e-03,1.07,1.03
-4.57408e-03,1.07,1.09
-4.57400e-03,1.05,1.01
-4.57392e-03,1.05,1.09
-4.57384e-03,1.05,1.03
-4.57376e-03,1.07,1.09
-4.57368e-03,1.07,1.01
-4.57360e-03,1.07,1.09
-4.57352e-03,1.07,1.03
-4.57344e-03,1.07,1.09
-4.57336e-03,1.07,1.01
-4.57328e-03,1.07,1.09
-4.57320e-03,1.07,1.03
-4.57312e-03,1.07,1.09
-4.57304e-03,1.05,1.03
-4.57296e-03,1.07,1.09
-4.57288e-03,1.05,1.01
-4.57280e-03,1.07,1.09
-4.57272e-03,1.37,1.01
-4.57264e-03,1.13,1.09
-4.57256e-03,1.15,1.03
-4.57248e-03,1.13,1.59
-4.57240e-03,1.13,1.07
-4.57232e-03,1.13,1.15
-4.57224e-03,1.13,1.09
-4.57216e-03,1.11,1.15
-4.57208e-03,1.09,1.07
-4.57200e-03,1.09,1.15
-4.57192e-03,1.07,1.05
-4.57184e-03,1.05,1.11
-4.57176e-03,1.05,1.03
-4.57168e-03,1.05,1.09
-4.57160e-03,1.07,1.01
-4.57152e-03,1.03,1.07
-4.57144e-03,1.05,1.01
-4.57136e-03,1.05,1.07
-4.57128e-03,1.07,1.01
-4.57120e-03,1.07,1.07
-4.57112e-03,1.05,1.03
-4.57104e-03,1.07,1.09
-4.57096e-03,1.07,1.03
-4.57088e-03,1.07,1.09
-4.57080e-03,1.07,1.03
-4.57072e-03,1.07,1.09
-4.57064e-03,1.07,1.03
-4.57056e-03,1.07,1.09
-4.57048e-03,1.09,1.03
-4.57040e-03,1.07,1.09
-4.57032e-03,1.09,1.01
-4.57024e-03,1.05,1.09
-4.57016e-03,1.07,1.03
-4.57008e-03,1.07,1.09
-4.57000e-03,1.07,1.03
-4.56992e-03,1.07,1.09
-4.56984e-03,1.07,1.01
-4.56976e-03,1.09,1.09
-4.56968e-03,1.07,1.03
-4.56960e-03,1.09,1.09
-4.56952e-03,1.07,1.03
-4.56944e-03,1.07,1.09
-4.56936e-03,1.07,1.03
-4.56928e-03,1.07,1.09
-4.56920e-03,1.09,1.03
-4.56912e-03,1.07,1.09
-4.56904e-03,1.07,1.01
-4.56896e-03,1.05,1.09
-4.56888e-03,1.07,1.01
-4.56880e-03,1.07,1.09
-4.56872e-03,1.07,1.01
-4.56864e-03,1.05,1.09
-4.56856e-03,1.05,1.01
-4.56848e-03,1.09,1.09
-4.56840e-03,1.07,1.03
-4.56832e-03,1.07,1.09
-4.56824e-03,1.07,1.03
-4.56816e-03,1.07,1.09
-4.56808e-03,1.07,1.03
-4.56800e-03,1.09,1.09
-4.56792e-03,1.07,1.03
-4.56784e-03,1.07,1.09
-4.56776e-03,1.09,1.03
-4.56768e-03,1.07,1.09
-4.56760e-03,1.07,1.03
-4.56752e-03,1.07,1.09
-4.56744e-03,1.07,1.03
-4.56736e-03,1.09,1.09
-4.56728e-03,1.07,1.03
-4.56720e-03,1.05,1.09
-4.56712e-03,1.07,1.03
-4.56704e-03,1.07,1.09
-4.56696e-03,1.07,1.03
-4.56688e-03,1.07,1.09
-4.56680e-03,1.07,1.03
-4.56672e-03,1.07,1.09
-4.56664e-03,1.07,1.03
-4.56656e-03,1.05,1.09
-4.56648e-03,1.07,1.03
-4.56640e-03,1.09,1.09
-4.56632e-03,1.07,1.03
-4.56624e-03,1.07,1.09
-4.56616e-03,1.09,1.01
-4.56608e-03,1.07,1.09
-4.56600e-03,1.07,1.03
-4.56592e-03,1.07,1.09
-4.56584e-03,1.05,1.03
-4.56576e-03,1.07,1.09
-4.56568e-03,1.07,1.03
-4.56560e-03,1.07,1.09
-4.56552e-03,1.07,1.03
-4.56544e-03,1.07,1.09
-4.56536e-03,1.09,1.03
-4.56528e-03,1.07,1.09
-4.56520e-03,1.07,1.03
-4.56512e-03,1.07,1.09
-4.56504e-03,1.07,1.03
-4.56496e-03,1.09,1.09
-4.56488e-03,1.07,1.03
-4.56480e-03,1.07,1.09
-4.56472e-03,1.07,1.03
-4.56464e-03,1.09,1.09
-4.56456e-03,1.05,1.03
-4.56448e-03,1.09,1.09
-4.56440e-03,1.07,1.03
-4.56432e-03,1.07,1.09
-4.56424e-03,1.07,1.03
-4.56416e-03,1.09,1.09
-4.56408e-03,1.09,1.03
-4.56400e-03,1.09,1.09
-4.56392e-03,1.07,1.03
-4.56384e-03,1.07,1.09
-4.56376e-03,1.07,1.03
-4.56368e-03,1.07,1.09
-4.56360e-03,1.07,1.03
-4.56352e-03,1.09,1.09
-4.56344e-03,1.07,1.03
-4.56336e-03,1.09,1.09
-4.56328e-03,1.07,1.03
-4.56320e-03,1.09,1.09
-4.56312e-03,1.07,1.03
-4.56304e-03,1.07,1.09
-4.56296e-03,1.07,1.03
-4.56288e-03,1.09,1.09
-4.56280e-03,1.07,1.03
-4.56272e-03,1.09,1.09
-4.56264e-03,1.07,1.03
-4.56256e-03,1.07,1.09
-4.56248e-03,1.07,1.03
-4.56240e-03,1.07,1.09
-4.56232e-03,1.07,1.03
-4.56224e-03,1.09,1.09
-4.56216e-03,1.09,1.03
-4.56208e-03,1.07,1.09
-4.56200e-03,1.07,1.03
-4.56192e-03,1.09,1.09
-4.56184e-03,1.09,1.01
-4.56176e-03,1.07,1.09
-4.56168e-03,1.05,1.03
-4.56160e-03,1.07,1.11
-4.56152e-03,1.09,1.01
-4.56144e-03,1.07,1.11
-4.56136e-03,1.07,1.03
-4.56128e-03,1.07,1.09
-4.56120e-03,1.07,1.03
-4.56112e-03,1.09,1.09
-4.56104e-03,1.09,1.03
-4.56096e-03,1.07,1.09
-4.56088e-03,1.07,1.03
-4.56080e-03,1.09,1.09
-4.56072e-03,1.09,1.03
-4.56064e-03,1.09,1.11
-4.56056e-03,1.09,1.03
-4.56048e-03,1.07,1.09
-4.56040e-03,1.07,1.03
-4.56032e-03,1.07,1.09
-4.56024e-03,1.07,1.03
-4.56016e-03,1.09,1.09
-4.56008e-03,1.07,1.03
-4.56000e-03,1.07,1.09
-4.55992e-03,1.07,1.03
-4.55984e-03,1.07,1.09
-4.55976e-03,1.07,1.03
-4.55968e-03,1.07,1.09
-4.55960e-03,1.07,1.03
-4.55952e-03,1.09,1.09
-4.55944e-03,1.07,1.03
-4.55936e-03,1.07,1.09
-4.55928e-03,1.09,1.03
-4.55920e-03,1.09,1.09
-4.55912e-03,1.07,1.03
-4.55904e-03,1.09,1.09
-4.55896e-03,1.09,1.03
-4.55888e-03,1.09,1.09
-4.55880e-03,1.09,1.03
-4.55872e-03,1.07,1.09
-4.55864e-03,1.11,1.03
-4.55856e-03,1.07,1.11
-4.55848e-03,1.07,1.03
-4.55840e-03,1.07,1.11
-4.55832e-03,1.09,1.03
-4.55824e-03,1.07,1.11
-4.55816e-03,1.07,1.03
-4.55808e-03,1.07,1.11
-4.55800e-03,1.07,1.03
-4.55792e-03,1.07,1.09
-4.55784e-03,1.07,1.03
-4.55776e-03,1.07,1.09
-4.55768e-03,1.07,1.01
-4.55760e-03,1.07,1.09
-4.55752e-03,1.07,1.03
-4.55744e-03,1.09,1.09
-4.55736e-03,1.07,1.03
-4.55728e-03,1.07,1.09
-4.55720e-03,1.07,1.03
-4.55712e-03,1.07,1.09
-4.55704e-03,1.07,1.01
-4.55696e-03,1.09,1.09
-4.55688e-03,1.05,1.03
-4.55680e-03,1.07,1.09
-4.55672e-03,1.07,1.03
-4.55664e-03,1.07,1.09
-4.55656e-03,1.05,1.03
-4.55648e-03,1.07,1.09
-4.55640e-03,1.07,1.03
-4.55632e-03,1.07,1.09
-4.55624e-03,1.07,1.03
-4.55616e-03,1.09,1.09
-4.55608e-03,1.09,1.03
-4.55600e-03,1.07,1.09
-4.55592e-03,1.09,1.03
-4.55584e-03,1.07,1.09
-4.55576e-03,1.07,1.03
-4.55568e-03,1.05,1.09
-4.55560e-03,1.07,1.03
-4.55552e-03,1.05,1.11
-4.55544e-03,1.07,1.03
-4.55536e-03,1.07,1.09
-4.55528e-03,1.05,1.03
-4.55520e-03,1.07,1.09
-4.55512e-03,1.05,1.03
-4.55504e-03,1.09,1.09
-4.55496e-03,1.07,1.03
-4.55488e-03,1.07,1.09
-4.55480e-03,1.07,1.03
-4.55472e-03,1.07,1.09
-4.55464e-03,1.09,1.03
-4.55456e-03,1.07,1.09
-4.55448e-03,1.07,1.03
-4.55440e-03,1.07,1.09
-4.55432e-03,1.07,1.03
-4.55424e-03,1.07,1.09
-4.55416e-03,1.09,1.03
-4.55408e-03,1.07,1.09
-4.55400e-03,1.07,1.03
-4.55392e-03,1.09,1.09
-4.55384e-03,1.07,1.03
-4.55376e-03,1.09,1.11
-4.55368e-03,1.05,1.03
-4.55360e-03,1.07,1.11
-4.55352e-03,1.07,1.03
-4.55344e-03,1.07,1.09
-4.55336e-03,1.07,1.03
-4.55328e-03,1.07,1.09
-4.55320e-03,1.09,1.03
-4.55312e-03,1.05,1.09
-4.55304e-03,1.07,1.03
-4.55296e-03,1.07,1.09
-4.55288e-03,1.07,1.03
-4.55280e-03,1.09,1.09
-4.55272e-03,1.09,1.03
-4.55264e-03,1.09,1.11
-4.55256e-03,1.07,1.03
-4.55248e-03,1.07,1.09
-4.55240e-03,1.07,1.01
-4.55232e-03,1.07,1.09
-4.55224e-03,1.07,1.01
-4.55216e-03,1.07,1.09
-4.55208e-03,1.09,1.03
-4.55200e-03,1.07,1.09
-4.55192e-03,1.07,1.03
-4.55184e-03,1.07,1.09
-4.55176e-03,1.07,1.03
-4.55168e-03,1.05,1.09
-4.55160e-03,1.07,1.03
-4.55152e-03,1.09,1.09
-4.55144e-03,1.07,1.03
-4.55136e-03,1.09,1.09
-4.55128e-03,1.07,1.03
-4.55120e-03,1.09,1.09
-4.55112e-03,1.03,1.03
-4.55104e-03,1.07,1.09
-4.55096e-03,1.07,1.01
-4.55088e-03,1.07,1.11
-4.55080e-03,1.09,1.01
-4.55072e-03,1.07,1.11
-4.55064e-03,1.07,1.03
-4.55056e-03,1.07,1.09
-4.55048e-03,1.07,1.03
-4.55040e-03,1.07,1.09
-4.55032e-03,1.07,1.03
-4.55024e-03,1.07,1.09
-4.55016e-03,1.07,1.03
-4.55008e-03,1.07,1.09
-4.55000e-03,1.07,1.03
-4.54992e-03,1.09,1.09
-4.54984e-03,1.05,1.03
-4.54976e-03,1.07,1.09
-4.54968e-03,1.07,1.03
-4.54960e-03,1.07,1.09
-4.54952e-03,1.09,1.03
-4.54944e-03,1.07,1.09
-4.54936e-03,1.07,1.03
-4.54928e-03,1.05,1.09
-4.54920e-03,1.07,1.03
-4.54912e-03,1.07,1.09
-4.54904e-03,1.07,1.03
-4.54896e-03,1.07,1.09
-4.54888e-03,1.07,1.03
-4.54880e-03,1.07,1.09
-4.54872e-03,1.07,1.01
-4.54864e-03,1.09,1.09
-4.54856e-03,1.05,1.03
-4.54848e-03,1.07,1.09
-4.54840e-03,1.07,1.03
-4.54832e-03,1.07,1.09
-4.54824e-03,1.07,1.03
-4.54816e-03,1.07,1.09
-4.54808e-03,1.07,1.03
-4.54800e-03,1.07,1.09
-4.54792e-03,1.07,1.03
-4.54784e-03,1.05,1.09
-4.54776e-03,1.07,1.03
-4.54768e-03,1.07,1.09
-4.54760e-03,1.07,1.03
-4.54752e-03,1.05,1.09
-4.54744e-03,1.07,1.03
-4.54736e-03,1.07,1.09
-4.54728e-03,1.07,1.03
-4.54720e-03,1.07,1.09
-4.54712e-03,1.07,1.03
-4.54704e-03,1.09,1.09
-4.54696e-03,1.07,1.03
-4.54688e-03,1.07,1.09
-4.54680e-03,1.07,1.03
-4.54672e-03,1.07,1.09
-4.54664e-03,1.07,1.03
-4.54656e-03,1.07,1.09
-4.54648e-03,1.07,1.03
-4.54640e-03,1.07,1.11
-4.54632e-03,1.07,1.01
-4.54624e-03,1.07,1.09
-4.54616e-03,1.09,1.03
-4.54608e-03,1.09,1.09
-4.54600e-03,1.07,1.03
-4.54592e-03,1.05,1.09
-4.54584e-03,1.05,1.03
-4.54576e-03,1.05,1.09
-4.54568e-03,1.07,1.03
-4.54560e-03,1.07,1.09
-4.54552e-03,1.07,1.03
-4.54544e-03,1.07,1.09
-4.54536e-03,1.05,1.03
-4.54528e-03,1.07,1.09
-4.54520e-03,1.07,1.03
-4.54512e-03,1.07,1.09
-4.54504e-03,1.09,1.03
-4.54496e-03,1.05,1.09
-4.54488e-03,1.05,1.03
-4.54480e-03,1.09,1.09
-4.54472e-03,1.07,1.03
-4.54464e-03,1.07,1.11
-4.54456e-03,1.07,1.03
-4.54448e-03,1.09,1.09
-4.54440e-03,1.09,1.03
-4.54432e-03,1.07,1.11
-4.54424e-03,1.07,1.05
-4.54416e-03,1.09,1.11
-4.54408e-03,1.11,1.03
-4.54400e-03,1.09,1.09
-4.54392e-03,1.07,1.01
-4.54384e-03,1.07,1.13
-4.54376e-03,1.07,1.03
-4.54368e-03,1.07,1.11
-4.54360e-03,1.09,1.03
-4.54352e-03,1.05,1.09
-4.54344e-03,1.09,1.03
-4.54336e-03,1.09,1.11
-4.54328e-03,1.09,1.01
-4.54320e-03,1.07,1.09
-4.54312e-03,1.07,1.03
-4.54304e-03,1.07,1.11
-4.54296e-03,1.09,1.03
-4.54288e-03,1.09,1.09
-4.54280e-03,1.07,1.05
-4.54272e-03,1.07,1.09
-4.54264e-03,1.07,1.03
-4.54256e-03,1.07,1.11
-4.54248e-03,1.07,1.03
-4.54240e-03,1.07,1.09
-4.54232e-03,1.09,1.03
-4.54224e-03,1.09,1.09
-4.54216e-03,1.09,1.05
-4.54208e-03,1.07,1.09
-4.54200e-03,1.07,1.03
-4.54192e-03,1.07,1.11
-4.54184e-03,1.07,1.03
-4.54176e-03,1.07,1.09
-4.54168e-03,1.07,1.03
-4.54160e-03,1.09,1.09
-4.54152e-03,1.09,1.03
-4.54144e-03,1.07,1.09
-4.54136e-03,1.09,1.03
-4.54128e-03,1.09,1.09
-4.54120e-03,1.07,1.03
-4.54112e-03,1.05,1.09
-4.54104e-03,1.07,1.03
-4.54096e-03,1.07,1.09
-4.54088e-03,1.07,1.03
-4.54080e-03,1.07,1.09
-4.54072e-03,1.07,1.03
-4.54064e-03,1.07,1.09
-4.54056e-03,1.07,1.03
-4.54048e-03,1.09,1.09
-4.54040e-03,1.07,1.03
-4.54032e-03,1.07,1.09
-4.54024e-03,1.07,1.03
-4.54016e-03,1.07,1.11
-4.54008e-03,1.07,1.01
-4.54000e-03,1.07,1.09
-4.53992e-03,1.07,1.03
-4.53984e-03,1.09,1.09
-4.53976e-03,1.09,1.03
-4.53968e-03,1.05,1.09
-4.53960e-03,1.05,1.01
-4.53952e-03,1.07,1.09
-4.53944e-03,1.09,1.03
-4.53936e-03,1.07,1.09
-4.53928e-03,1.07,1.03
-4.53920e-03,1.05,1.09
-4.53912e-03,1.07,1.03
-4.53904e-03,1.07,1.09
-4.53896e-03,1.07,1.03
-4.53888e-03,1.07,1.09
-4.53880e-03,1.07,1.03
-4.53872e-03,1.05,1.09
-4.53864e-03,1.07,1.03
-4.53856e-03,1.07,1.09
-4.53848e-03,1.09,1.03
-4.53840e-03,1.07,1.09
-4.53832e-03,1.07,1.03
-4.53824e-03,1.07,1.09
-4.53816e-03,1.07,1.03
-4.53808e-03,1.07,1.09
-4.53800e-03,1.07,1.03
-4.53792e-03,1.09,1.09
-4.53784e-03,1.07,1.03
-4.53776e-03,1.07,1.09
-4.53768e-03,1.07,1.03
-4.53760e-03,1.07,1.09
-4.53752e-03,1.07,1.03
-4.53744e-03,1.07,1.09
-4.53736e-03,1.07,1.03
-4.53728e-03,1.05,1.09
-4.53720e-03,1.09,1.03
-4.53712e-03,1.07,1.09
-4.53704e-03,1.07,1.01
-4.53696e-03,1.07,1.09
-4.53688e-03,1.05,1.01
-4.53680e-03,1.07,1.09
-4.53672e-03,1.07,1.03
-4.53664e-03,1.07,1.09
-4.53656e-03,1.05,1.03
-4.53648e-03,1.09,1.09
-4.53640e-03,1.07,1.03
-4.53632e-03,1.05,1.09
-4.53624e-03,1.07,1.03
-4.53616e-03,1.09,1.09
-4.53608e-03,1.05,1.03
-4.53600e-03,1.07,1.09
-4.53592e-03,1.07,1.03
-4.53584e-03,1.05,1.09
-4.53576e-03,1.07,1.01
-4.53568e-03,1.07,1.09
-4.53560e-03,1.07,1.01
-4.53552e-03,1.07,1.09
-4.53544e-03,1.09,1.01
-4.53536e-03,1.07,1.09
-4.53528e-03,1.07,1.03
-4.53520e-03,1.09,1.09
-4.53512e-03,1.05,1.03
-4.53504e-03,1.07,1.09
-4.53496e-03,1.05,1.01
-4.53488e-03,1.07,1.09
-4.53480e-03,1.07,1.03
-4.53472e-03,1.07,1.09
-4.53464e-03,1.05,1.01
-4.53456e-03,1.05,1.09
-4.53448e-03,1.07,1.01
-4.53440e-03,1.07,1.09
-4.53432e-03,1.07,1.01
-4.53424e-03,1.05,1.09
-4.53416e-03,1.07,1.03
-4.53408e-03,1.07,1.09
-4.53400e-03,1.05,1.03
-4.53392e-03,1.07,1.09
-4.53384e-03,1.07,1.03
-4.53376e-03,1.09,1.09
-4.53368e-03,1.05,1.03
-4.53360e-03,1.09,1.09
-4.53352e-03,1.07,1.03
-4.53344e-03,1.07,1.09
-4.53336e-03,1.07,1.03
-4.53328e-03,1.07,1.09
-4.53320e-03,1.07,1.03
-4.53312e-03,1.07,1.09
-4.53304e-03,1.07,1.03
-4.53296e-03,1.07,1.09
-4.53288e-03,1.07,1.01
-4.53280e-03,1.09,1.09
-4.53272e-03,1.07,1.03
-4.53264e-03,1.09,1.09
-4.53256e-03,1.07,1.03
-4.53248e-03,1.07,1.09
-4.53240e-03,1.07,1.03
-4.53232e-03,1.07,1.09
-4.53224e-03,1.05,1.03
-4.53216e-03,1.07,1.09
-4.53208e-03,1.07,1.03
-4.53200e-03,1.07,1.09
-4.53192e-03,1.07,1.03
-4.53184e-03,1.07,1.09
-4.53176e-03,1.09,1.03
-4.53168e-03,1.05,1.09
-4.53160e-03,1.07,1.03
-4.53152e-03,1.07,1.09
-4.53144e-03,1.05,1.03
-4.53136e-03,1.09,1.09
-4.53128e-03,1.07,1.03
-4.53120e-03,1.09,1.09
-4.53112e-03,1.07,1.03
-4.53104e-03,1.07,1.09
-4.53096e-03,1.07,1.03
-4.53088e-03,1.09,1.09
-4.53080e-03,1.07,1.03
-4.53072e-03,1.07,1.09
-4.53064e-03,1.05,1.03
-4.53056e-03,1.07,1.09
-4.53048e-03,1.07,1.03
-4.53040e-03,1.07,1.09
-4.53032e-03,1.07,1.03
-4.53024e-03,1.07,1.09
-4.53016e-03,1.07,1.03
-4.53008e-03,1.07,1.09
-4.53000e-03,1.05,1.03
-4.52992e-03,1.07,1.09
-4.52984e-03,1.07,1.03
-4.52976e-03,1.07,1.09
-4.52968e-03,1.07,1.01
-4.52960e-03,1.07,1.09
-4.52952e-03,1.07,1.01
-4.52944e-03,0.71,1.09
-4.52936e-03,0.97,0.61
-4.52928e-03,0.99,1.09
-4.52920e-03,0.99,0.55
-4.52912e-03,1.01,1.01
-4.52904e-03,0.97,0.95
-4.52896e-03,0.99,1.03
-4.52888e-03,1.01,0.95
-4.52880e-03,1.03,1.01
-4.52872e-03,1.03,0.95
-4.52864e-03,1.07,1.05
-4.52856e-03,1.07,0.99
-4.52848e-03,1.07,1.07
-4.52840e-03,1.09,1.03
-4.52832e-03,1.07,1.09
-4.52824e-03,1.09,1.03
-4.52816e-03,1.07,1.11
-4.52808e-03,1.07,1.03
-4.52800e-03,1.07,1.11
-4.52792e-03,1.07,1.03
-4.52784e-03,1.05,1.09
-4.52776e-03,1.07,1.01
-4.52768e-03,1.07,1.09
-4.52760e-03,1.05,1.01
-4.52752e-03,1.05,1.07
-4.52744e-03,1.05,1.01
-4.52736e-03,1.05,1.07
-4.52728e-03,1.05,1.01
-4.52720e-03,1.05,1.07
-4.52712e-03,1.07,1.01
-4.52704e-03,1.07,1.07
-4.52696e-03,1.07,1.01
-4.52688e-03,1.03,1.09
-4.52680e-03,1.05,1.01
-4.52672e-03,1.05,1.09
-4.52664e-03,1.05,1.01
-4.52656e-03,1.05,1.07
-4.52648e-03,1.03,1.01
-4.52640e-03,1.05,1.07
-4.52632e-03,1.05,1.01
-4.52624e-03,1.05,1.07
-4.52616e-03,1.01,0.99
-4.52608e-03,1.03,1.07
-4.52600e-03,1.03,0.99
-4.52592e-03,1.03,1.07
-4.52584e-03,1.07,1.01
-4.52576e-03,1.03,1.09
-4.52568e-03,1.05,1.01
-4.52560e-03,1.03,1.07
-4.52552e-03,1.05,1.01
-4.52544e-03,1.07,1.07
-4.52536e-03,1.05,1.01
-4.52528e-03,1.05,1.07
-4.52520e-03,1.05,1.01
-4.52512e-03,1.07,1.07
-4.52504e-03,1.05,1.01
-4.52496e-03,1.07,1.09
-4.52488e-03,1.05,1.01
-4.52480e-03,1.07,1.07
-4.52472e-03,1.05,1.01
-4.52464e-03,1.07,1.09
-4.52456e-03,1.07,1.01
-4.52448e-03,1.05,1.07
-4.52440e-03,1.07,1.01
-4.52432e-03,1.05,1.07
-4.52424e-03,1.05,1.01
-4.52416e-03,1.05,1.09
-4.52408e-03,1.07,1.01
-4.52400e-03,1.05,1.07
-4.52392e-03,1.05,1.01
-4.52384e-03,1.07,1.07
-4.52376e-03,1.05,1.01
-4.52368e-03,1.05,1.07
-4.52360e-03,1.05,1.01
-4.52352e-03,1.05,1.09
-4.52344e-03,1.05,1.01
-4.52336e-03,1.05,1.07
-4.52328e-03,1.07,1.01
-4.52320e-03,1.05,1.09
-4.52312e-03,1.07,1.01
-4.52304e-03,1.05,1.09
-4.52296e-03,1.07,1.01
-4.52288e-03,1.05,1.09
-4.52280e-03,1.05,1.01
-4.52272e-03,1.11,1.07
-4.52264e-03,1.17,1.01
-4.52256e-03,1.11,1.11
-4.52248e-03,1.13,1.07
-4.52240e-03,1.09,1.59
-4.52232e-03,1.13,1.05
-4.52224e-03,1.13,1.17
-4.52216e-03,1.13,1.07
-4.52208e-03,1.11,1.15
-4.52200e-03,1.07,1.07
-4.52192e-03,1.09,1.15
-4.52184e-03,1.07,1.03
-4.52176e-03,1.05,1.11
-4.52168e-03,1.05,1.01
-4.52160e-03,1.03,1.09
-4.52152e-03,1.03,1.01
-4.52144e-03,1.03,1.07
-4.52136e-03,1.05,1.01
-4.52128e-03,1.05,1.07
-4.52120e-03,1.05,0.99
-4.52112e-03,1.05,1.07
-4.52104e-03,1.05,1.01
-4.52096e-03,1.07,1.09
-4.52088e-03,1.05,1.03
-4.52080e-03,1.07,1.09
-4.52072e-03,1.05,1.01
-4.52064e-03,1.05,1.09
-4.52056e-03,1.05,1.01
-4.52048e-03,1.07,1.07
-4.52040e-03,1.07,1.03
-4.52032e-03,1.07,1.09
-4.52024e-03,1.05,1.03
-4.52016e-03,1.05,1.09
-4.52008e-03,1.05,1.03
-4.52000e-03,1.03,1.09
-4.51992e-03,1.07,1.01
-4.51984e-03,1.05,1.09
-4.51976e-03,1.07,1.01
-4.51968e-03,1.07,1.07
-4.51960e-03,1.07,1.01
-4.51952e-03,1.07,1.07
-4.51944e-03,1.07,1.03
-4.51936e-03,1.07,1.09
-4.51928e-03,1.05,1.03
-4.51920e-03,1.07,1.09
-4.51912e-03,1.05,1.01
-4.51904e-03,1.09,1.09
-4.51896e-03,1.07,1.03
-4.51888e-03,1.05,1.09
-4.51880e-03,1.07,1.01
-4.51872e-03,1.05,1.09
-4.51864e-03,1.07,1.01
-4.51856e-03,1.05,1.09
-4.51848e-03,1.07,1.03
-4.51840e-03,1.07,1.09
-4.51832e-03,1.05,1.01
-4.51824e-03,1.07,1.09
-4.51816e-03,1.07,1.03
-4.51808e-03,1.07,1.09
-4.51800e-03,1.07,1.03
-4.51792e-03,1.07,1.09
-4.51784e-03,1.05,1.01
-4.51776e-03,1.07,1.09
-4.51768e-03,1.07,1.01
-4.51760e-03,1.07,1.11
-4.51752e-03,1.07,1.01
-4.51744e-03,1.07,1.09
-4.51736e-03,1.07,1.03
-4.51728e-03,1.05,1.07
-4.51720e-03,1.07,1.03
-4.51712e-03,1.09,1.07
-4.51704e-03,1.07,1.01
-4.51696e-03,1.07,1.09
-4.51688e-03,1.05,1.03
-4.51680e-03,1.07,1.09
-4.51672e-03,1.07,1.01
-4.51664e-03,1.07,1.09
-4.51656e-03,1.05,1.03
-4.51648e-03,1.05,1.09
-4.51640e-03,1.05,1.01
-4.51632e-03,1.09,1.09
-4.51624e-03,1.07,1.01
-4.51616e-03,1.07,1.09
-4.51608e-03,1.07,1.01
-4.51600e-03,1.07,1.09
-4.51592e-03,1.07,1.01
-4.51584e-03,1.07,1.07
-4.51576e-03,1.07,1.01
-4.51568e-03,1.05,1.07
-4.51560e-03,1.07,1.01
-4.51552e-03,1.07,1.09
-4.51544e-03,1.07,1.03
-4.51536e-03,1.05,1.09
-4.51528e-03,1.07,1.03
-4.51520e-03,1.05,1.07
-4.51512e-03,1.05,1.01
-4.51504e-03,1.09,1.09
-4.51496e-03,1.05,1.01
-4.51488e-03,1.07,1.09
-4.51480e-03,1.07,1.03
-4.51472e-03,1.05,1.09
-4.51464e-03,1.07,1.01
-4.51456e-03,1.05,1.09
-4.51448e-03,1.07,1.03
-4.51440e-03,1.09,1.09
-4.51432e-03,1.07,1.01
-4.51424e-03,1.05,1.09
-4.51416e-03,1.07,1.03
-4.51408e-03,1.07,1.09
-4.51400e-03,1.07,1.03
-4.51392e-03,1.07,1.07
-4.51384e-03,1.05,1.01
-4.51376e-03,1.07,1.09
-4.51368e-03,1.07,1.03
-4.51360e-03,1.07,1.07
-4.51352e-03,1.07,1.03
-4.51344e-03,1.07,1.09
-4.51336e-03,1.09,1.03
-4.51328e-03,1.07,1.09
-4.51320e-03,1.07,1.03
-4.51312e-03,1.07,1.09
-4.51304e-03,1.07,1.03
-4.51296e-03,1.09,1.09
-4.51288e-03,1.07,1.03
-4.51280e-03,1.07,1.09
-4.51272e-03,1.07,1.03
-4.51264e-03,1.07,1.09
-4.51256e-03,1.07,1.03
-4.51248e-03,1.09,1.09
-4.51240e-03,1.05,1.01
-4.51232e-03,1.07,1.09
-4.51224e-03,1.07,1.03
-4.51216e-03,1.07,1.09
-4.51208e-03,1.09,1.03
-4.51200e-03,1.07,1.09
-4.51192e-03,1.07,1.03
-4.51184e-03,1.05,1.09
-4.51176e-03,1.07,1.03
-4.51168e-03,1.07,1.09
-4.51160e-03,1.09,1.01
-4.51152e-03,1.07,1.09
-4.51144e-03,1.07,1.03
-4.51136e-03,1.07,1.09
-4.51128e-03,1.07,1.01
-4.51120e-03,1.07,1.09
-4.51112e-03,1.05,1.03
-4.51104e-03,1.07,1.09
-4.51096e-03,1.07,1.03
-4.51088e-03,1.07,1.09
-4.51080e-03,1.07,1.01
-4.51072e-03,1.07,1.09
-4.51064e-03,1.07,1.01
-4.51056e-03,1.09,1.09
-4.51048e-03,1.07,1.03
-4.51040e-03,1.07,1.09
-4.51032e-03,1.09,1.03
-4.51024e-03,1.05,1.09
-4.51016e-03,1.09,1.03
-4.51008e-03,1.07,1.09
-4.51000e-03,1.07,1.03
-4.50992e-03,1.09,1.09
-4.50984e-03,1.07,1.03
-4.50976e-03,1.09,1.09
-4.50968e-03,1.05,1.03
-4.50960e-03,1.07,1.09
-4.50952e-03,1.07,1.03
-4.50944e-03,1.09,1.09
-4.50936e-03,1.07,1.03
-4.50928e-03,1.07,1.09
-4.50920e-03,1.09,1.03
-4.50912e-03,1.07,1.09
-4.50904e-03,1.09,1.03
-4.50896e-03,1.05,1.09
-4.50888e-03,1.09,1.03
-4.50880e-03,1.09,1.09
-4.50872e-03,1.07,1.03
-4.50864e-03,1.09,1.09
-4.50856e-03,1.07,1.03
-4.50848e-03,1.07,1.09
-4.50840e-03,1.07,1.03
-4.50832e-03,1.05,1.09
-4.50824e-03,1.05,1.03
-4.50816e-03,1.05,1.09
-4.50808e-03,1.07,1.03
-4.50800e-03,1.09,1.09
-4.50792e-03,1.07,1.01
-4.50784e-03,1.07,1.09
-4.50776e-03,1.07,1.03
-4.50768e-03,1.07,1.09
-4.50760e-03,1.07,1.03
-4.50752e-03,1.09,1.09
-4.50744e-03,1.07,1.01
-4.50736e-03,1.07,1.09
-4.50728e-03,1.07,1.03
-4.50720e-03,1.07,1.09
-4.50712e-03,1.07,1.03
-4.50704e-03,1.07,1.09
-4.50696e-03,1.07,1.03
-4.50688e-03,1.07,1.09
-4.50680e-03,1.07,1.03
-4.50672e-03,1.07,1.09
-4.50664e-03,1.09,1.03
-4.50656e-03,1.07,1.09
-4.50648e-03,1.07,1.03
-4.50640e-03,1.07,1.09
-4.50632e-03,1.09,1.03
-4.50624e-03,1.07,1.09
-4.50616e-03,1.07,1.03
-4.50608e-03,1.09,1.09
-4.50600e-03,1.07,1.03
-4.50592e-03,1.07,1.09
-4.50584e-03,1.07,1.03
-4.50576e-03,1.09,1.09
-4.50568e-03,1.07,1.03
-4.50560e-03,1.07,1.09
-4.50552e-03,1.07,1.03
-4.50544e-03,1.07,1.11
-4.50536e-03,1.07,1.03
-4.50528e-03,1.07,1.09
-4.50520e-03,1.07,1.03
-4.50512e-03,1.07,1.09
-4.50504e-03,1.09,1.03
-4.50496e-03,1.07,1.09
-4.50488e-03,1.07,1.03
-4.50480e-03,1.07,1.09
-4.50472e-03,1.09,1.03
-4.50464e-03,1.07,1.09
-4.50456e-03,1.05,1.05
-4.50448e-03,1.07,1.09
-4.50440e-03,1.07,1.03
-4.50432e-03,1.07,1.09
-4.50424e-03,1.07,1.03
-4.50416e-03,1.07,1.09
-4.50408e-03,1.07,1.03
-4.50400e-03,1.07,1.09
-4.50392e-03,1.09,1.03
-4.50384e-03,1.07,1.09
-4.50376e-03,1.07,1.03
-4.50368e-03,1.07,1.09
-4.50360e-03,1.07,1.03
-4.50352e-03,1.07,1.09
-4.50344e-03,1.07,1.03
-4.50336e-03,1.07,1.09
-4.50328e-03,1.07,1.03
-4.50320e-03,1.07,1.09
-4.50312e-03,1.07,1.03
-4.50304e-03,1.09,1.09
-4.50296e-03,1.07,1.01
-4.50288e-03,1.09,1.09
-4.50280e-03,1.07,1.03
-4.50272e-03,1.07,1.09
-4.50264e-03,1.09,1.03
-4.50256e-03,1.07,1.09
-4.50248e-03,1.09,1.03
-4.50240e-03,1.07,1.09
-4.50232e-03,1.09,1.03
-4.50224e-03,1.09,1.09
-4.50216e-03,1.07,1.03
-4.50208e-03,1.09,1.09
-4.50200e-03,1.07,1.03
-4.50192e-03,1.07,1.09
-4.50184e-03,1.09,1.03
-4.50176e-03,1.09,1.09
-4.50168e-03,1.07,1.03
-4.50160e-03,1.07,1.09
-4.50152e-03,1.09,1.03
-4.50144e-03,1.07,1.09
-4.50136e-03,1.09,1.03
-4.50128e-03,1.05,1.09
-4.50120e-03,1.09,1.03
-4.50112e-03,1.05,1.09
-4.50104e-03,1.09,1.03
-4.50096e-03,1.05,1.09
-4.50088e-03,1.07,1.03
-4.50080e-03,1.07,1.11
-4.50072e-03,1.07,1.03
-4.50064e-03,1.07,1.09
-4.50056e-03,1.07,1.05
-4.50048e-03,1.09,1.09
-4.50040e-03,1.05,1.03
-4.50032e-03,1.07,1.09
-4.50024e-03,1.07,1.03
-4.50016e-03,1.07,1.09
-4.50008e-03,1.07,1.03
-4.50000e-03,1.07,1.09
-4.49992e-03,1.09,1.03
-4.49984e-03,1.07,1.09
-4.49976e-03,1.07,1.03
-4.49968e-03,1.09,1.09
-4.49960e-03,1.07,1.03
-4.49952e-03,1.09,1.09
-4.49944e-03,1.07,1.03
-4.49936e-03,1.05,1.09
-4.49928e-03,1.09,1.01
-4.49920e-03,1.07,1.11
-4.49912e-03,1.07,1.03
-4.49904e-03,1.09,1.09
-4.49896e-03,1.07,1.01
-4.49888e-03,1.07,1.11
-4.49880e-03,1.07,1.03
-4.49872e-03,1.07,1.11
-4.49864e-03,1.09,1.01
-4.49856e-03,1.07,1.09
-4.49848e-03,1.07,1.03
-4.49840e-03,1.09,1.09
-4.49832e-03,1.07,1.03
-4.49824e-03,1.07,1.09
-4.49816e-03,1.07,1.03
-4.49808e-03,1.07,1.09
-4.49800e-03,1.07,1.03
-4.49792e-03,1.07,1.09
-4.49784e-03,1.07,1.03
-4.49776e-03,1.07,1.09
-4.49768e-03,1.07,1.03
-4.49760e-03,1.07,1.09
-4.49752e-03,1.09,1.03
-4.49744e-03,1.07,1.09
-4.49736e-03,1.07,1.03
-4.49728e-03,1.07,1.09
-4.49720e-03,1.07,1.03
-4.49712e-03,1.07,1.09
-4.49704e-03,1.07,1.03
-4.49696e-03,1.07,1.09
-4.49688e-03,1.07,1.03
-4.49680e-03,1.07,1.09
-4.49672e-03,1.07,1.03
-4.49664e-03,1.05,1.09
-4.49656e-03,1.05,1.03
-4.49648e-03,1.07,1.09
-4.49640e-03,1.07,1.03
-4.49632e-03,1.05,1.09
-4.49624e-03,1.05,1.03
-4.49616e-03,1.09,1.09
-4.49608e-03,1.07,1.03
-4.49600e-03,1.07,1.09
-4.49592e-03,1.07,1.03
-4.49584e-03,1.05,1.09
-4.49576e-03,1.07,1.01
-4.49568e-03,1.07,1.09
-4.49560e-03,1.07,1.03
-4.49552e-03,1.07,1.09
-4.49544e-03,1.07,1.03
-4.49536e-03,1.07,1.09
-4.49528e-03,1.07,1.03
-4.49520e-03,1.09,1.09
-4.49512e-03,1.07,1.03
-4.49504e-03,1.07,1.09
-4.49496e-03,1.07,1.03
-4.49488e-03,1.05,1.09
-4.49480e-03,1.09,1.03
-4.49472e-03,1.07,1.09
-4.49464e-03,1.07,1.03
-4.49456e-03,1.05,1.09
-4.49448e-03,1.07,1.03
-4.49440e-03,1.09,1.09
-4.49432e-03,1.09,1.03
-4.49424e-03,1.07,1.09
-4.49416e-03,1.07,1.03
-4.49408e-03,1.09,1.09
-4.49400e-03,1.07,1.03
-4.49392e-03,1.09,1.09
-4.49384e-03,1.09,1.05
-4.49376e-03,1.07,1.09
-4.49368e-03,1.07,1.03
-4.49360e-03,1.09,1.09
-4.49352e-03,1.07,1.03
-4.49344e-03,1.07,1.09
-4.49336e-03,1.07,1.03
-4.49328e-03,1.07,1.09
-4.49320e-03,1.07,1.03
-4.49312e-03,1.07,1.09
-4.49304e-03,1.09,1.03
-4.49296e-03,1.09,1.09
-4.49288e-03,1.07,1.03
-4.49280e-03,1.07,1.09
-4.49272e-03,1.07,1.03
-4.49264e-03,1.09,1.09
-4.49256e-03,1.07,1.03
-4.49248e-03,1.09,1.09
-4.49240e-03,1.07,1.03
-4.49232e-03,1.09,1.09
-4.49224e-03,1.07,1.03
-4.49216e-03,1.07,1.09
-4.49208e-03,1.09,1.03
-4.49200e-03,1.07,1.09
-4.49192e-03,1.07,1.03
-4.49184e-03,1.09,1.09
-4.49176e-03,1.09,1.03
-4.49168e-03,1.07,1.09
-4.49160e-03,1.09,1.03
-4.49152e-03,1.07,1.09
-4.49144e-03,1.07,1.03
-4.49136e-03,1.07,1.09
-4.49128e-03,1.07,1.03
-4.49120e-03,1.07,1.09
-4.49112e-03,1.07,1.03
-4.49104e-03,1.07,1.09
-4.49096e-03,1.07,1.03
-4.49088e-03,1.07,1.09
-4.49080e-03,1.07,1.03
-4.49072e-03,1.09,1.11
-4.49064e-03,1.07,1.03
-4.49056e-03,1.05,1.11
-4.49048e-03,1.05,1.03
-4.49040e-03,1.07,1.11
-4.49032e-03,1.05,1.01
-4.49024e-03,1.07,1.11
-4.49016e-03,1.09,1.03
-4.49008e-03,1.09,1.11
-4.49000e-03,1.07,1.03
-4.48992e-03,1.07,1.09
-4.48984e-03,1.09,1.01
-4.48976e-03,1.07,1.09
-4.48968e-03,1.09,1.03
-4.48960e-03,1.07,1.09
-4.48952e-03,1.07,1.03
-4.48944e-03,1.07,1.09
-4.48936e-03,1.09,1.03
-4.48928e-03,1.07,1.09
-4.48920e-03,1.07,1.03
-4.48912e-03,1.07,1.09
-4.48904e-03,1.07,1.03
-4.48896e-03,1.07,1.09
-4.48888e-03,1.07,1.03
-4.48880e-03,1.07,1.09
-4.48872e-03,1.07,1.03
-4.48864e-03,1.07,1.09
-4.48856e-03,1.05,1.03
-4.48848e-03,1.07,1.09
-4.48840e-03,1.07,1.03
-4.48832e-03,1.05,1.09
-4.48824e-03,1.07,1.03
-4.48816e-03,1.07,1.09
-4.48808e-03,1.05,1.03
-4.48800e-03,1.05,1.09
-4.48792e-03,1.07,1.01
-4.48784e-03,1.07,1.09
-4.48776e-03,1.05,1.03
-4.48768e-03,1.07,1.09
-4.48760e-03,1.07,1.03
-4.48752e-03,1.07,1.09
-4.48744e-03,1.07,1.03
-4.48736e-03,1.07,1.09
-4.48728e-03,1.05,1.03
-4.48720e-03,1.07,1.09
-4.48712e-03,1.07,1.03
-4.48704e-03,1.05,1.09
-4.48696e-03,1.07,1.03
-4.48688e-03,1.07,1.09
-4.48680e-03,1.07,1.03
-4.48672e-03,1.07,1.09
-4.48664e-03,1.07,1.03
-4.48656e-03,1.07,1.09
-4.48648e-03,1.09,1.01
-4.48640e-03,1.07,1.09
-4.48632e-03,1.05,1.03
-4.48624e-03,1.05,1.09
-4.48616e-03,1.07,1.03
-4.48608e-03,1.07,1.07
-4.48600e-03,1.07,1.03
-4.48592e-03,1.07,1.09
-4.48584e-03,1.07,1.03
-4.48576e-03,1.07,1.09
-4.48568e-03,1.07,1.03
-4.48560e-03,1.07,1.09
-4.48552e-03,1.07,1.03
-4.48544e-03,1.07,1.09
-4.48536e-03,1.07,1.03
-4.48528e-03,1.07,1.09
-4.48520e-03,1.07,1.01
-4.48512e-03,1.07,1.09
-4.48504e-03,1.07,1.01
-4.48496e-03,1.07,1.09
-4.48488e-03,1.07,1.01
-4.48480e-03,1.07,1.09
-4.48472e-03,1.09,1.03
-4.48464e-03,1.07,1.09
-4.48456e-03,1.07,1.03
-4.48448e-03,1.07,1.09
-4.48440e-03,1.07,1.03
-4.48432e-03,1.07,1.09
-4.48424e-03,1.07,1.03
-4.48416e-03,1.07,1.09
-4.48408e-03,1.07,1.01
-4.48400e-03,1.07,1.09
-4.48392e-03,1.07,1.03
-4.48384e-03,1.07,1.09
-4.48376e-03,1.07,1.03
-4.48368e-03,1.07,1.09
-4.48360e-03,1.07,1.03
-4.48352e-03,1.07,1.09
-4.48344e-03,1.07,1.03
-4.48336e-03,1.05,1.09
-4.48328e-03,1.05,1.01
-4.48320e-03,1.05,1.11
-4.48312e-03,1.07,1.01
-4.48304e-03,1.07,1.09
-4.48296e-03,1.07,1.03
-4.48288e-03,1.07,1.09
-4.48280e-03,1.07,1.03
-4.48272e-03,1.07,1.09
-4.48264e-03,1.07,1.03
-4.48256e-03,1.07,1.09
-4.48248e-03,1.07,1.03
-4.48240e-03,1.07,1.09
-4.48232e-03,1.07,1.03
-4.48224e-03,1.07,1.09
-4.48216e-03,1.07,1.03
-4.48208e-03,1.07,1.09
-4.48200e-03,1.07,1.03
-4.48192e-03,1.07,1.11
-4.48184e-03,1.07,1.03
-4.48176e-03,1.07,1.09
-4.48168e-03,1.07,1.03
-4.48160e-03,1.07,1.09
-4.48152e-03,1.07,1.03
-4.48144e-03,1.05,1.09
-4.48136e-03,1.07,1.03
-4.48128e-03,1.07,1.09
-4.48120e-03,1.09,1.03
-4.48112e-03,1.07,1.09
-4.48104e-03,1.07,1.01
-4.48096e-03,1.05,1.09
-4.48088e-03,1.05,1.01
-4.48080e-03,1.07,1.09
-4.48072e-03,1.07,1.01
-4.48064e-03,1.07,1.09
-4.48056e-03,1.07,1.01
-4.48048e-03,1.07,1.09
-4.48040e-03,1.05,1.01
-4.48032e-03,1.07,1.09
-4.48024e-03,1.07,1.03
-4.48016e-03,1.07,1.09
-4.48008e-03,1.05,1.01
-4.48000e-03,1.05,1.09
-4.47992e-03,1.07,1.01
-4.47984e-03,1.07,1.09
-4.47976e-03,1.07,1.03
-4.47968e-03,1.07,1.09
-4.47960e-03,1.07,1.03
-4.47952e-03,1.07,1.09
-4.47944e-03,1.05,1.01
-4.47936e-03,0.61,1.09
-4.47928e-03,1.01,0.57
-4.47920e-03,0.99,1.09
-4.47912e-03,0.97,0.59
-4.47904e-03,0.99,1.01
-4.47896e-03,0.99,0.95
-4.47888e-03,0.99,1.01
-4.47880e-03,1.01,0.95
-4.47872e-03,1.03,1.01
-4.47864e-03,1.05,0.97
-4.47856e-03,1.05,1.05
-4.47848e-03,1.07,1.01
-4.47840e-03,1.09,1.07
-4.47832e-03,1.09,1.03
-4.47824e-03,1.11,1.09
-4.47816e-03,1.07,1.05
-4.47808e-03,1.07,1.11
-4.47800e-03,1.07,1.03
-4.47792e-03,1.07,1.11
-4.47784e-03,1.09,1.03
-4.47776e-03,1.03,1.09
-4.47768e-03,1.05,1.01
-4.47760e-03,1.05,1.09
-4.47752e-03,1.07,1.01
-4.47744e-03,1.05,1.09
-4.47736e-03,1.07,1.01
-4.47728e-03,1.07,1.07
-4.47720e-03,1.05,1.01
-4.47712e-03,1.05,1.09
-4.47704e-03,1.03,1.01
-4.47696e-03,1.05,1.07
-4.47688e-03,1.03,0.99
-4.47680e-03,1.05,1.07
-4.47672e-03,1.03,0.99
-4.47664e-03,1.03,1.05
-4.47656e-03,1.07,1.01
-4.47648e-03,1.03,1.07
-4.47640e-03,1.07,0.99
-4.47632e-03,1.07,1.07
-4.47624e-03,1.07,1.01
-4.47616e-03,1.05,1.09
-4.47608e-03,1.07,1.01
-4.47600e-03,1.05,1.09
-4.47592e-03,1.05,1.01
-4.47584e-03,1.07,1.09
-4.47576e-03,1.05,1.01
-4.47568e-03,1.07,1.07
-4.47560e-03,1.05,1.01
-4.47552e-03,1.05,1.09
-4.47544e-03,1.07,1.01
-4.47536e-03,1.05,1.07
-4.47528e-03,1.07,1.01
-4.47520e-03,1.07,1.07
-4.47512e-03,1.09,1.01
-4.47504e-03,1.05,1.09
-4.47496e-03,1.07,1.01
-4.47488e-03,1.05,1.09
-4.47480e-03,1.07,1.03
-4.47472e-03,1.07,1.09
-4.47464e-03,1.07,1.01
-4.47456e-03,1.07,1.09
-4.47448e-03,1.05,1.01
-4.47440e-03,1.07,1.07
-4.47432e-03,1.05,1.01
-4.47424e-03,1.05,1.09
-4.47416e-03,1.05,1.01
-4.47408e-03,1.05,1.09
-4.47400e-03,1.05,1.01
-4.47392e-03,1.07,1.09
-4.47384e-03,1.07,1.01
-4.47376e-03,1.07,1.09
-4.47368e-03,1.07,1.01
-4.47360e-03,1.07,1.09
-4.47352e-03,1.07,1.01
-4.47344e-03,1.07,1.09
-4.47336e-03,1.07,1.01
-4.47328e-03,1.07,1.09
-4.47320e-03,1.05,1.01
-4.47312e-03,1.09,1.09
-4.47304e-03,1.05,1.01
-4.47296e-03,1.07,1.09
-4.47288e-03,1.07,1.03
-4.47280e-03,1.07,1.09
-4.47272e-03,1.09,1.03
-4.47264e-03,1.55,1.09
-4.47256e-03,1.15,1.01
-4.47248e-03,1.15,1.55
-4.47240e-03,1.13,1.07
-4.47232e-03,1.11,1.61
-4.47224e-03,1.13,1.09
-4.47216e-03,1.13,1.17
-4.47208e-03,1.15,1.09
-4.47200e-03,1.09,1.17
-4.47192e-03,1.11,1.07
-4.47184e-03,1.07,1.15
-4.47176e-03,1.07,1.03
-4.47168e-03,1.05,1.11
-4.47160e-03,1.07,1.01
-4.47152e-03,1.05,1.09
-4.47144e-03,1.05,1.01
-4.47136e-03,1.05,1.07
-4.47128e-03,1.05,1.01
-4.47120e-03,1.07,1.07
-4.47112e-03,1.05,1.01
-4.47104e-03,1.07,1.09
-4.47096e-03,1.07,1.01
-4.47088e-03,1.07,1.09
-4.47080e-03,1.07,1.03
-4.47072e-03,1.07,1.09
-4.47064e-03,1.05,1.03
-4.47056e-03,1.05,1.09
-4.47048e-03,1.09,1.03
-4.47040e-03,1.05,1.09
-4.47032e-03,1.07,1.03
-4.47024e-03,1.05,1.09
-4.47016e-03,1.09,1.01
-4.47008e-03,1.07,1.09
-4.47000e-03,1.07,1.03
-4.46992e-03,1.07,1.09
-4.46984e-03,1.05,1.03
-4.46976e-03,1.09,1.09
-4.46968e-03,1.03,1.01
-4.46960e-03,1.07,1.09
-4.46952e-03,1.07,1.01
-4.46944e-03,1.05,1.09
-4.46936e-03,1.07,1.03
-4.46928e-03,1.07,1.09
-4.46920e-03,1.07,1.03
-4.46912e-03,1.05,1.09
-4.46904e-03,1.07,1.03
-4.46896e-03,1.07,1.09
-4.46888e-03,1.07,1.03
-4.46880e-03,1.07,1.09
-4.46872e-03,1.07,1.03
-4.46864e-03,1.07,1.09
-4.46856e-03,1.05,1.03
-4.46848e-03,1.07,1.09
-4.46840e-03,1.07,1.03
-4.46832e-03,1.07,1.09
-4.46824e-03,1.09,1.01
-4.46816e-03,1.09,1.09
-4.46808e-03,1.09,1.03
-4.46800e-03,1.07,1.09
-4.46792e-03,1.07,1.01
-4.46784e-03,1.07,1.09
-4.46776e-03,1.07,1.03
-4.46768e-03,1.07,1.09
-4.46760e-03,1.07,1.03
-4.46752e-03,1.05,1.09
-4.46744e-03,1.07,1.03
-4.46736e-03,1.07,1.09
-4.46728e-03,1.07,1.03
-4.46720e-03,1.07,1.09
-4.46712e-03,1.05,1.03
-4.46704e-03,1.07,1.09
-4.46696e-03,1.07,1.03
-4.46688e-03,1.05,1.09
-4.46680e-03,1.07,1.03
-4.46672e-03,1.07,1.09
-4.46664e-03,1.09,1.03
-4.46656e-03,1.07,1.09
-4.46648e-03,1.09,1.03
-4.46640e-03,1.07,1.09
-4.46632e-03,1.07,1.03
-4.46624e-03,1.05,1.09
-4.46616e-03,1.07,1.03
-4.46608e-03,1.07,1.09
-4.46600e-03,1.05,1.03
-4.46592e-03,1.09,1.09
-4.46584e-03,1.07,1.03
-4.46576e-03,1.07,1.09
-4.46568e-03,1.07,1.03
-4.46560e-03,1.07,1.09
-4.46552e-03,1.07,1.03
-4.46544e-03,1.05,1.09
-4.46536e-03,1.07,1.03
-4.46528e-03,1.09,1.09
-4.46520e-03,1.07,1.03
-4.46512e-03,1.07,1.09
-4.46504e-03,1.07,1.03
-4.46496e-03,1.07,1.09
-4.46488e-03,1.05,1.03
-4.46480e-03,1.07,1.09
-4.46472e-03,1.07,1.01
-4.46464e-03,1.09,1.09
-4.46456e-03,1.05,1.01
-4.46448e-03,1.07,1.09
-4.46440e-03,1.05,1.03
-4.46432e-03,1.07,1.09
-4.46424e-03,1.05,1.03
-4.46416e-03,1.07,1.09
-4.46408e-03,1.05,1.03
-4.46400e-03,1.07,1.09
-4.46392e-03,1.07,1.03
-4.46384e-03,1.07,1.09
-4.46376e-03,1.07,1.03
-4.46368e-03,1.07,1.09
-4.46360e-03,1.07,1.03
-4.46352e-03,1.09,1.09
-4.46344e-03,1.09,1.03
-4.46336e-03,1.09,1.09
-4.46328e-03,1.07,1.03
-4.46320e-03,1.09,1.09
-4.46312e-03,1.07,1.03
-4.46304e-03,1.09,1.09
-4.46296e-03,1.07,1.03
-4.46288e-03,1.07,1.09
-4.46280e-03,1.07,1.01
-4.46272e-03,1.07,1.09
-4.46264e-03,1.07,1.03
-4.46256e-03,1.05,1.09
-4.46248e-03,1.09,1.03
-4.46240e-03,1.07,1.09
-4.46232e-03,1.09,1.03
-4.46224e-03,1.09,1.09
-4.46216e-03,1.07,1.03
-4.46208e-03,1.09,1.09
-4.46200e-03,1.07,1.03
-4.46192e-03,1.07,1.11
-4.46184e-03,1.09,1.03
-4.46176e-03,1.07,1.09
-4.46168e-03,1.07,1.03
-4.46160e-03,1.07,1.09
-4.46152e-03,1.07,1.03
-4.46144e-03,1.07,1.09
-4.46136e-03,1.07,1.03
-4.46128e-03,1.07,1.09
-4.46120e-03,1.07,1.03
-4.46112e-03,1.07,1.09
-4.46104e-03,1.09,1.03
-4.46096e-03,1.09,1.09
-4.46088e-03,1.07,1.03
-4.46080e-03,1.09,1.09
-4.46072e-03,1.09,1.03
-4.46064e-03,1.09,1.09
-4.46056e-03,1.07,1.05
-4.46048e-03,1.09,1.11
-4.46040e-03,1.09,1.03
-4.46032e-03,1.07,1.09
-4.46024e-03,1.07,1.03
-4.46016e-03,1.09,1.09
-4.46008e-03,1.07,1.03
-4.46000e-03,1.07,1.09
-4.45992e-03,1.09,1.03
-4.45984e-03,1.05,1.09
-4.45976e-03,1.07,1.03
-4.45968e-03,1.07,1.09
-4.45960e-03,1.07,1.03
-4.45952e-03,1.09,1.09
-4.45944e-03,1.07,1.03
-4.45936e-03,1.09,1.09
-4.45928e-03,1.09,1.03
-4.45920e-03,1.09,1.11
-4.45912e-03,1.09,1.03
-4.45904e-03,1.09,1.09
-4.45896e-03,1.07,1.03
-4.45888e-03,1.07,1.09
-4.45880e-03,1.09,1.03
-4.45872e-03,1.07,1.09
-4.45864e-03,1.07,1.03
-4.45856e-03,1.07,1.09
-4.45848e-03,1.09,1.05
-4.45840e-03,1.07,1.09
-4.45832e-03,1.07,1.03
-4.45824e-03,1.09,1.09
-4.45816e-03,1.07,1.03
-4.45808e-03,1.09,1.11
-4.45800e-03,1.07,1.03
-4.45792e-03,1.07,1.09
-4.45784e-03,1.09,1.03
-4.45776e-03,1.07,1.09
-4.45768e-03,1.09,1.03
-4.45760e-03,1.09,1.09
-4.45752e-03,1.09,1.03
-4.45744e-03,1.07,1.09
-4.45736e-03,1.09,1.03
-4.45728e-03,1.07,1.09
-4.45720e-03,1.07,1.03
-4.45712e-03,1.07,1.09
-4.45704e-03,1.09,1.03
-4.45696e-03,1.07,1.09
-4.45688e-03,1.07,1.05
-4.45680e-03,1.07,1.09
-4.45672e-03,1.07,1.03
-4.45664e-03,1.07,1.09
-4.45656e-03,1.07,1.03
-4.45648e-03,1.07,1.09
-4.45640e-03,1.07,1.03
-4.45632e-03,1.07,1.09
-4.45624e-03,1.09,1.03
-4.45616e-03,1.09,1.09
-4.45608e-03,1.09,1.03
-4.45600e-03,1.07,1.09
-4.45592e-03,1.09,1.03
-4.45584e-03,1.07,1.09
-4.45576e-03,1.07,1.05
-4.45568e-03,1.07,1.11
-4.45560e-03,1.09,1.03
-4.45552e-03,1.07,1.09
-4.45544e-03,1.09,1.05
-4.45536e-03,1.07,1.11
-4.45528e-03,1.09,1.05
-4.45520e-03,1.07,1.09
-4.45512e-03,1.07,1.05
-4.45504e-03,1.09,1.09
-4.45496e-03,1.07,1.03
-4.45488e-03,1.07,1.11
-4.45480e-03,1.09,1.03
-4.45472e-03,1.09,1.11
-4.45464e-03,1.09,1.03
-4.45456e-03,1.07,1.11
-4.45448e-03,1.09,1.03
-4.45440e-03,1.09,1.11
-4.45432e-03,1.07,1.03
-4.45424e-03,1.07,1.11
-4.45416e-03,1.09,1.05
-4.45408e-03,1.07,1.09
-4.45400e-03,1.07,1.03
-4.45392e-03,1.09,1.09
-4.45384e-03,1.09,1.03
-4.45376e-03,1.09,1.09
-4.45368e-03,1.07,1.03
-4.45360e-03,1.07,1.09
-4.45352e-03,1.09,1.03
-4.45344e-03,1.09,1.09
-4.45336e-03,1.09,1.03
-4.45328e-03,1.09,1.11
-4.45320e-03,1.09,1.03
-4.45312e-03,1.09,1.11
-4.45304e-03,1.09,1.03
-4.45296e-03,1.09,1.09
-4.45288e-03,1.07,1.03
-4.45280e-03,1.09,1.11
-4.45272e-03,1.09,1.03
-4.45264e-03,1.05,1.11
-4.45256e-03,1.07,1.03
-4.45248e-03,1.09,1.11
-4.45240e-03,1.07,1.03
-4.45232e-03,1.09,1.11
-4.45224e-03,1.07,1.03
-4.45216e-03,1.09,1.09
-4.45208e-03,1.09,1.03
-4.45200e-03,1.07,1.09
-4.45192e-03,1.09,1.05
-4.45184e-03,1.07,1.09
-4.45176e-03,1.09,1.03
-4.45168e-03,1.07,1.09
-4.45160e-03,1.09,1.03
-4.45152e-03,1.09,1.09
-4.45144e-03,1.07,1.03
-4.45136e-03,1.09,1.11
-4.45128e-03,1.09,1.03
-4.45120e-03,1.09,1.09
-4.45112e-03,1.07,1.03
-4.45104e-03,1.09,1.11
-4.45096e-03,1.07,1.03
-4.45088e-03,1.07,1.09
-4.45080e-03,1.07,1.03
-4.45072e-03,1.07,1.09
-4.45064e-03,1.09,1.03
-4.45056e-03,1.07,1.09
-4.45048e-03,1.07,1.03
-4.45040e-03,1.09,1.11
-4.45032e-03,1.09,1.03
-4.45024e-03,1.11,1.11
-4.45016e-03,1.09,1.03
-4.45008e-03,1.09,1.11
-4.45000e-03,1.07,1.03
-4.44992e-03,1.09,1.11
-4.44984e-03,1.07,1.03
-4.44976e-03,1.09,1.11
-4.44968e-03,1.07,1.03
-4.44960e-03,1.07,1.09
-4.44952e-03,1.07,1.03
-4.44944e-03,1.07,1.11
-4.44936e-03,1.09,1.03
-4.44928e-03,1.07,1.11
-4.44920e-03,1.09,1.03
-4.44912e-03,1.07,1.11
-4.44904e-03,1.07,1.03
-4.44896e-03,1.07,1.11
-4.44888e-03,1.09,1.03
-4.44880e-03,1.09,1.09
-4.44872e-03,1.09,1.03
-4.44864e-03,1.09,1.11
-4.44856e-03,1.07,1.01
-4.44848e-03,1.11,1.09
-4.44840e-03,1.07,1.03
-4.44832e-03,1.07,1.11
-4.44824e-03,1.07,1.03
-4.44816e-03,1.07,1.11
-4.44808e-03,1.07,1.03
-4.44800e-03,1.07,1.09
-4.44792e-03,1.07,1.03
-4.44784e-03,1.09,1.09
-4.44776e-03,1.07,1.03
-4.44768e-03,1.07,1.09
-4.44760e-03,1.07,1.03
-4.44752e-03,1.07,1.09
-4.44744e-03,1.07,1.03
-4.44736e-03,1.09,1.09
-4.44728e-03,1.07,1.03
-4.44720e-03,1.09,1.09
-4.44712e-03,1.07,1.03
-4.44704e-03,1.07,1.09
-4.44696e-03,1.09,1.03
-4.44688e-03,1.07,1.09
-4.44680e-03,1.07,1.03
-4.44672e-03,1.07,1.11
-4.44664e-03,1.07,1.03
-4.44656e-03,1.07,1.09
-4.44648e-03,1.09,1.03
-4.44640e-03,1.07,1.09
-4.44632e-03,1.07,1.01
-4.44624e-03,1.05,1.11
-4.44616e-03,1.07,1.03
-4.44608e-03,1.07,1.09
-4.44600e-03,1.07,1.03
-4.44592e-03,1.09,1.11
-4.44584e-03,1.09,1.03
-4.44576e-03,1.07,1.09
-4.44568e-03,1.07,1.03
-4.44560e-03,1.07,1.09
-4.44552e-03,1.07,1.03
-4.44544e-03,1.07,1.09
-4.44536e-03,1.09,1.03
-4.44528e-03,1.05,1.11
-4.44520e-03,1.07,1.03
-4.44512e-03,1.07,1.11
-4.44504e-03,1.09,1.01
-4.44496e-03,1.07,1.09
-4.44488e-03,1.07,1.03
-4.44480e-03,1.09,1.11
-4.44472e-03,1.07,1.03
-4.44464e-03,1.09,1.09
-4.44456e-03,1.07,1.03
-4.44448e-03,1.09,1.09
-4.44440e-03,1.07,1.03
-4.44432e-03,1.07,1.09
-4.44424e-03,1.09,1.05
-4.44416e-03,1.07,1.11
-4.44408e-03,1.09,1.03
-4.44400e-03,1.07,1.09
-4.44392e-03,1.09,1.03
-4.44384e-03,1.07,1.09
-4.44376e-03,1.09,1.03
-4.44368e-03,1.09,1.09
-4.44360e-03,1.07,1.03
-4.44352e-03,1.07,1.09
-4.44344e-03,1.07,1.05
-4.44336e-03,1.07,1.11
-4.44328e-03,1.07,1.03
-4.44320e-03,1.07,1.09
-4.44312e-03,1.07,1.05
-4.44304e-03,1.07,1.11
-4.44296e-03,1.07,1.03
-4.44288e-03,1.09,1.09
-4.44280e-03,1.09,1.03
-4.44272e-03,1.09,1.11
-4.44264e-03,1.09,1.03
-4.44256e-03,1.07,1.09
-4.44248e-03,1.09,1.05
-4.44240e-03,1.07,1.09
-4.44232e-03,1.09,1.03
-4.44224e-03,1.07,1.09
-4.44216e-03,1.09,1.03
-4.44208e-03,1.09,1.09
-4.44200e-03,1.09,1.03
-4.44192e-03,1.09,1.11
-4.44184e-03,1.09,1.03
-4.44176e-03,1.09,1.09
-4.44168e-03,1.09,1.03
-4.44160e-03,1.09,1.09
-4.44152e-03,1.09,1.03
-4.44144e-03,1.09,1.09
-4.44136e-03,1.09,1.03
-4.44128e-03,1.09,1.09
-4.44120e-03,1.09,1.03
-4.44112e-03,1.07,1.09
-4.44104e-03,1.09,1.05
-4.44096e-03,1.07,1.09
-4.44088e-03,1.07,1.03
-4.44080e-03,1.07,1.09
-4.44072e-03,1.09,1.03
-4.44064e-03,1.09,1.09
-4.44056e-03,1.07,1.03
-4.44048e-03,1.09,1.11
-4.44040e-03,1.07,1.03
-4.44032e-03,1.07,1.09
-4.44024e-03,1.07,1.03
-4.44016e-03,1.07,1.11
-4.44008e-03,1.07,1.03
-4.44000e-03,1.09,1.09
-4.43992e-03,1.09,1.03
-4.43984e-03,1.07,1.09
-4.43976e-03,1.09,1.03
-4.43968e-03,1.07,1.09
-4.43960e-03,1.07,1.03
-4.43952e-03,1.07,1.09
-4.43944e-03,1.07,1.03
-4.43936e-03,1.07,1.09
-4.43928e-03,1.07,1.03
-4.43920e-03,1.07,1.09
-4.43912e-03,1.07,1.03
-4.43904e-03,1.09,1.11
-4.43896e-03,1.07,1.05
-4.43888e-03,1.07,1.09
-4.43880e-03,1.09,1.05
-4.43872e-03,1.09,1.09
-4.43864e-03,1.07,1.03
-4.43856e-03,1.07,1.09
-4.43848e-03,1.09,1.03
-4.43840e-03,1.07,1.11
-4.43832e-03,1.09,1.05
-4.43824e-03,1.07,1.09
-4.43816e-03,1.07,1.03
-4.43808e-03,1.09,1.09
-4.43800e-03,1.07,1.03
-4.43792e-03,1.07,1.11
-4.43784e-03,1.07,1.03
-4.43776e-03,1.09,1.09
-4.43768e-03,1.05,1.03
-4.43760e-03,1.09,1.09
-4.43752e-03,1.07,1.03
-4.43744e-03,1.07,1.09
-4.43736e-03,1.07,1.03
-4.43728e-03,1.09,1.11
-4.43720e-03,1.07,1.03
-4.43712e-03,1.05,1.09
-4.43704e-03,1.07,1.03
-4.43696e-03,1.07,1.11
-4.43688e-03,1.07,1.03
-4.43680e-03,1.09,1.11
-4.43672e-03,1.07,1.03
-4.43664e-03,1.07,1.09
-4.43656e-03,1.07,1.03
-4.43648e-03,1.07,1.09
-4.43640e-03,1.07,1.03
-4.43632e-03,1.07,1.11
-4.43624e-03,1.07,1.03
-4.43616e-03,1.05,1.09
-4.43608e-03,1.07,1.01
-4.43600e-03,1.07,1.09
-4.43592e-03,1.07,1.03
-4.43584e-03,1.07,1.09
-4.43576e-03,1.09,1.03
-4.43568e-03,1.07,1.09
-4.43560e-03,1.07,1.03
-4.43552e-03,1.09,1.09
-4.43544e-03,1.09,1.03
-4.43536e-03,1.09,1.09
-4.43528e-03,1.07,1.03
-4.43520e-03,1.09,1.09
-4.43512e-03,1.07,1.03
-4.43504e-03,1.09,1.09
-4.43496e-03,1.07,1.03
-4.43488e-03,1.07,1.09
-4.43480e-03,1.07,1.03
-4.43472e-03,1.07,1.11
-4.43464e-03,1.09,1.03
-4.43456e-03,1.07,1.09
-4.43448e-03,1.07,1.01
-4.43440e-03,1.09,1.09
-4.43432e-03,1.09,1.03
-4.43424e-03,1.09,1.09
-4.43416e-03,1.09,1.03
-4.43408e-03,1.07,1.09
-4.43400e-03,1.07,1.03
-4.43392e-03,1.09,1.09
-4.43384e-03,1.07,1.03
-4.43376e-03,1.07,1.09
-4.43368e-03,1.07,1.03
-4.43360e-03,1.07,1.09
-4.43352e-03,1.07,1.03
-4.43344e-03,1.05,1.09
-4.43336e-03,1.07,1.03
-4.43328e-03,1.05,1.11
-4.43320e-03,1.07,1.03
-4.43312e-03,1.07,1.09
-4.43304e-03,1.07,1.03
-4.43296e-03,1.09,1.09
-4.43288e-03,1.07,1.03
-4.43280e-03,1.09,1.09
-4.43272e-03,1.07,1.03
-4.43264e-03,1.09,1.09
-4.43256e-03,1.07,1.03
-4.43248e-03,1.09,1.09
-4.43240e-03,1.07,1.05
-4.43232e-03,1.09,1.09
-4.43224e-03,1.07,1.05
-4.43216e-03,1.09,1.09
-4.43208e-03,1.07,1.03
-4.43200e-03,1.05,1.09
-4.43192e-03,1.09,1.03
-4.43184e-03,1.07,1.09
-4.43176e-03,1.07,1.03
-4.43168e-03,1.07,1.09
-4.43160e-03,1.09,1.03
-4.43152e-03,1.09,1.09
-4.43144e-03,1.07,1.03
-4.43136e-03,1.09,1.09
-4.43128e-03,1.07,1.03
-4.43120e-03,1.09,1.09
-4.43112e-03,1.07,1.03
-4.43104e-03,1.07,1.09
-4.43096e-03,1.07,1.03
-4.43088e-03,1.05,1.09
-4.43080e-03,1.09,1.03
-4.43072e-03,1.07,1.09
-4.43064e-03,1.09,1.03
-4.43056e-03,1.07,1.09
-4.43048e-03,1.07,1.03
-4.43040e-03,1.07,1.09
-4.43032e-03,1.07,1.03
-4.43024e-03,1.05,1.09
-4.43016e-03,1.07,1.03
-4.43008e-03,1.07,1.09
-4.43000e-03,1.07,1.03
-4.42992e-03,1.07,1.09
-4.42984e-03,1.07,1.03
-4.42976e-03,1.07,1.11
-4.42968e-03,1.07,1.03
-4.42960e-03,1.07,1.09
-4.42952e-03,1.07,1.03
-4.42944e-03,1.07,1.09
-4.42936e-03,1.09,1.03
-4.42928e-03,0.77,1.09
-4.42920e-03,0.95,0.55
-4.42912e-03,1.01,1.09
-4.42904e-03,0.99,0.77
-4.42896e-03,0.99,1.03
-4.42888e-03,0.99,0.95
-4.42880e-03,0.99,1.03
-4.42872e-03,1.03,0.95
-4.42864e-03,1.03,1.01
-4.42856e-03,1.05,0.97
-4.42848e-03,1.07,1.05
-4.42840e-03,1.09,0.99
-4.42832e-03,1.09,1.09
-4.42824e-03,1.09,1.03
-4.42816e-03,1.09,1.09
-4.42808e-03,1.09,1.05
-4.42800e-03,1.07,1.11
-4.42792e-03,1.09,1.05
-4.42784e-03,1.09,1.11
-4.42776e-03,1.07,1.03
-4.42768e-03,1.07,1.09
-4.42760e-03,1.07,1.01
-4.42752e-03,1.05,1.09
-4.42744e-03,1.07,1.01
-4.42736e-03,1.05,1.09
-4.42728e-03,1.07,1.01
-4.42720e-03,1.07,1.09
-4.42712e-03,1.07,1.03
-4.42704e-03,1.05,1.09
-4.42696e-03,1.07,1.03
-4.42688e-03,1.05,1.07
-4.42680e-03,1.05,1.03
-4.42672e-03,1.07,1.09
-4.42664e-03,1.05,1.01
-4.42656e-03,1.07,1.07
-4.42648e-03,1.07,1.01
-4.42640e-03,1.05,1.07
-4.42632e-03,1.05,1.03
-4.42624e-03,1.05,1.09
-4.42616e-03,1.05,1.01
-4.42608e-03,1.05,1.07
-4.42600e-03,1.05,1.01
-4.42592e-03,1.05,1.07
-4.42584e-03,1.05,1.01
-4.42576e-03,1.05,1.09
-4.42568e-03,1.05,1.01
-4.42560e-03,1.05,1.09
-4.42552e-03,1.07,1.01
-4.42544e-03,1.07,1.07
-4.42536e-03,1.05,1.01
-4.42528e-03,1.07,1.09
-4.42520e-03,1.07,1.01
-4.42512e-03,1.07,1.07
-4.42504e-03,1.05,1.01
-4.42496e-03,1.07,1.09
-4.42488e-03,1.05,1.01
-4.42480e-03,1.05,1.09
-4.42472e-03,1.07,1.01
-4.42464e-03,1.05,1.09
-4.42456e-03,1.05,1.01
-4.42448e-03,1.05,1.07
-4.42440e-03,1.07,1.01
-4.42432e-03,1.07,1.07
-4.42424e-03,1.07,1.03
-4.42416e-03,1.05,1.09
-4.42408e-03,1.05,1.01
-4.42400e-03,1.07,1.07
-4.42392e-03,1.07,1.01
-4.42384e-03,1.07,1.09
-4.42376e-03,1.05,1.03
-4.42368e-03,1.07,1.09
-4.42360e-03,1.07,1.01
-4.42352e-03,1.09,1.09
-4.42344e-03,1.07,1.03
-4.42336e-03,1.07,1.09
-4.42328e-03,1.07,1.01
-4.42320e-03,1.07,1.09
-4.42312e-03,1.07,1.03
-4.42304e-03,1.05,1.09
-4.42296e-03,1.05,1.03
-4.42288e-03,1.07,1.09
-4.42280e-03,1.07,1.03
-4.42272e-03,1.07,1.09
-4.42264e-03,1.09,1.03
-4.42256e-03,1.59,1.09
-4.42248e-03,1.13,1.03
-4.42240e-03,1.13,1.59
-4.42232e-03,1.15,1.09
-4.42224e-03,1.13,1.61
-4.42216e-03,1.13,1.09
-4.42208e-03,1.15,1.15
-4.42200e-03,1.13,1.09
-4.42192e-03,1.09,1.17
-4.42184e-03,1.11,1.07
-4.42176e-03,1.07,1.15
-4.42168e-03,1.05,1.03
-4.42160e-03,1.05,1.11
-4.42152e-03,1.07,1.03
-4.42144e-03,1.05,1.09
-4.42136e-03,1.05,1.01
-4.42128e-03,1.05,1.07
-4.42120e-03,1.05,1.01
-4.42112e-03,1.07,1.07
-4.42104e-03,1.05,1.03
-4.42096e-03,1.07,1.09
-4.42088e-03,1.07,1.03
-4.42080e-03,1.07,1.09
-4.42072e-03,1.07,1.01
-4.42064e-03,1.07,1.09
-4.42056e-03,1.07,1.03
-4.42048e-03,1.05,1.09
-4.42040e-03,1.07,1.03
-4.42032e-03,1.07,1.09
-4.42024e-03,1.07,1.03
-4.42016e-03,1.07,1.09
-4.42008e-03,1.07,1.03
-4.42000e-03,1.07,1.09
-4.41992e-03,1.07,1.03
-4.41984e-03,1.07,1.09
-4.41976e-03,1.07,1.03
-4.41968e-03,1.07,1.09
-4.41960e-03,1.07,1.03
-4.41952e-03,1.09,1.09
-4.41944e-03,1.07,1.03
-4.41936e-03,1.07,1.09
-4.41928e-03,1.09,1.03
-4.41920e-03,1.09,1.09
-4.41912e-03,1.07,1.01
-4.41904e-03,1.07,1.11
-4.41896e-03,1.07,1.01
-4.41888e-03,1.07,1.09
-4.41880e-03,1.05,1.01
-4.41872e-03,1.05,1.09
-4.41864e-03,1.09,1.01
-4.41856e-03,1.05,1.09
-4.41848e-03,1.07,1.03
-4.41840e-03,1.07,1.09
-4.41832e-03,1.07,1.03
-4.41824e-03,1.07,1.09
-4.41816e-03,1.07,1.03
-4.41808e-03,1.07,1.09
-4.41800e-03,1.07,1.03
-4.41792e-03,1.07,1.09
-4.41784e-03,1.07,1.03
-4.41776e-03,1.07,1.09
-4.41768e-03,1.05,1.03
-4.41760e-03,1.09,1.09
-4.41752e-03,1.07,1.03
-4.41744e-03,1.07,1.09
-4.41736e-03,1.09,1.03
-4.41728e-03,1.07,1.09
-4.41720e-03,1.09,1.03
-4.41712e-03,1.07,1.09
-4.41704e-03,1.07,1.03
-4.41696e-03,1.07,1.09
-4.41688e-03,1.07,1.01
-4.41680e-03,1.07,1.09
-4.41672e-03,1.07,1.03
-4.41664e-03,1.07,1.09
-4.41656e-03,1.07,1.03
-4.41648e-03,1.07,1.09
-4.41640e-03,1.05,1.01
-4.41632e-03,1.07,1.09
-4.41624e-03,1.05,1.03
-4.41616e-03,1.07,1.09
-4.41608e-03,1.09,1.03
-4.41600e-03,1.05,1.09
-4.41592e-03,1.05,1.01
-4.41584e-03,1.09,1.09
-4.41576e-03,1.05,1.03
-4.41568e-03,1.07,1.11
-4.41560e-03,1.07,1.03
-4.41552e-03,1.07,1.09
-4.41544e-03,1.07,1.03
-4.41536e-03,1.05,1.09
-4.41528e-03,1.09,1.03
-4.41520e-03,1.07,1.09
-4.41512e-03,1.05,1.03
-4.41504e-03,1.09,1.09
-4.41496e-03,1.07,1.01
-4.41488e-03,1.07,1.09
-4.41480e-03,1.07,1.03
-4.41472e-03,1.07,1.07
-4.41464e-03,1.07,1.03
-4.41456e-03,1.05,1.09
-4.41448e-03,1.07,1.03
-4.41440e-03,1.07,1.09
-4.41432e-03,1.07,1.03
-4.41424e-03,1.07,1.09
-4.41416e-03,1.07,1.03
-4.41408e-03,1.07,1.09
-4.41400e-03,1.05,1.03
-4.41392e-03,1.07,1.09
-4.41384e-03,1.09,1.03
-4.41376e-03,1.09,1.09
-4.41368e-03,1.07,1.01
-4.41360e-03,1.07,1.09
-4.41352e-03,1.07,1.03
-4.41344e-03,1.07,1.09
-4.41336e-03,1.11,1.01
-4.41328e-03,1.07,1.09
-4.41320e-03,1.09,1.03
-4.41312e-03,1.07,1.11
-4.41304e-03,1.07,1.03
-4.41296e-03,1.07,1.09
-4.41288e-03,1.07,1.03
-4.41280e-03,1.07,1.09
-4.41272e-03,1.09,1.03
-4.41264e-03,1.07,1.09
-4.41256e-03,1.05,1.03
-4.41248e-03,1.07,1.09
-4.41240e-03,1.07,1.03
-4.41232e-03,1.09,1.13
-4.41224e-03,1.09,1.01
-4.41216e-03,1.07,1.11
-4.41208e-03,1.07,1.03
-4.41200e-03,1.07,1.11
-4.41192e-03,1.07,1.01
-4.41184e-03,1.07,1.09
-4.41176e-03,1.07,1.03
-4.41168e-03,1.07,1.09
-4.41160e-03,1.09,1.03
-4.41152e-03,1.09,1.09
-4.41144e-03,1.07,1.03
-4.41136e-03,1.09,1.09
-4.41128e-03,1.05,1.03
-4.41120e-03,1.09,1.09
-4.41112e-03,1.07,1.03
-4.41104e-03,1.09,1.09
-4.41096e-03,1.09,1.03
-4.41088e-03,1.07,1.09
-4.41080e-03,1.09,1.03
-4.41072e-03,1.07,1.11
-4.41064e-03,1.09,1.03
-4.41056e-03,1.07,1.09
-4.41048e-03,1.09,1.03
-4.41040e-03,1.07,1.09
-4.41032e-03,1.07,1.03
-4.41024e-03,1.05,1.09
-4.41016e-03,1.09,1.03
-4.41008e-03,1.07,1.09
-4.41000e-03,1.07,1.03
-4.40992e-03,1.07,1.09
-4.40984e-03,1.07,1.03
-4.40976e-03,1.07,1.11
-4.40968e-03,1.09,1.03
-4.40960e-03,1.05,1.09
-4.40952e-03,1.09,1.03
-4.40944e-03,1.07,1.09
-4.40936e-03,1.09,1.03
-4.40928e-03,1.07,1.09
-4.40920e-03,1.07,1.03
-4.40912e-03,1.07,1.09
-4.40904e-03,1.07,1.03
-4.40896e-03,1.07,1.09
-4.40888e-03,1.07,1.03
-4.40880e-03,1.09,1.09
-4.40872e-03,1.07,1.03
-4.40864e-03,1.09,1.09
-4.40856e-03,1.07,1.03
-4.40848e-03,1.07,1.09
-4.40840e-03,1.09,1.03
-4.40832e-03,1.07,1.09
-4.40824e-03,1.09,1.03
-4.40816e-03,1.09,1.09
-4.40808e-03,1.07,1.03
-4.40800e-03,1.07,1.09
-4.40792e-03,1.09,1.03
-4.40784e-03,1.09,1.09
-4.40776e-03,1.09,1.03
-4.40768e-03,1.07,1.09
-4.40760e-03,1.09,1.03
-4.40752e-03,1.07,1.09
-4.40744e-03,1.07,1.03
-4.40736e-03,1.09,1.09
-4.40728e-03,1.07,1.03
-4.40720e-03,1.09,1.09
-4.40712e-03,1.07,1.03
-4.40704e-03,1.09,1.09
-4.40696e-03,1.07,1.03
-4.40688e-03,1.07,1.09
-4.40680e-03,1.07,1.03
-4.40672e-03,1.09,1.09
-4.40664e-03,1.07,1.03
-4.40656e-03,1.07,1.09
-4.40648e-03,1.09,1.03
-4.40640e-03,1.09,1.09
-4.40632e-03,1.09,1.03
-4.40624e-03,1.09,1.11
-4.40616e-03,1.07,1.03
-4.40608e-03,1.07,1.09
-4.40600e-03,1.07,1.03
-4.40592e-03,1.09,1.09
-4.40584e-03,1.07,1.03
-4.40576e-03,1.07,1.09
-4.40568e-03,1.07,1.03
-4.40560e-03,1.07,1.09
-4.40552e-03,1.07,1.03
-4.40544e-03,1.09,1.09
-4.40536e-03,1.07,1.03
-4.40528e-03,1.07,1.11
-4.40520e-03,1.07,1.03
-4.40512e-03,1.07,1.09
-4.40504e-03,1.09,1.03
-4.40496e-03,1.07,1.09
-4.40488e-03,1.07,1.03
-4.40480e-03,1.07,1.09
-4.40472e-03,1.07,1.03
-4.40464e-03,1.09,1.09
-4.40456e-03,1.07,1.03
-4.40448e-03,1.07,1.09
-4.40440e-03,1.09,1.03
-4.40432e-03,1.07,1.09
-4.40424e-03,1.07,1.05
-4.40416e-03,1.07,1.09
-4.40408e-03,1.07,1.03
-4.40400e-03,1.07,1.09
-4.40392e-03,1.09,1.03
-4.40384e-03,1.07,1.11
-4.40376e-03,1.09,1.03
-4.40368e-03,1.07,1.11
-4.40360e-03,1.07,1.03
-4.40352e-03,1.09,1.09
-4.40344e-03,1.07,1.03
-4.40336e-03,1.09,1.11
-4.40328e-03,1.07,1.03
-4.40320e-03,1.07,1.09
-4.40312e-03,1.09,1.03
-4.40304e-03,1.09,1.11
-4.40296e-03,1.09,1.03
-4.40288e-03,1.05,1.09
-4.40280e-03,1.09,1.03
-4.40272e-03,1.09,1.09
-4.40264e-03,1.07,1.03
-4.40256e-03,1.07,1.09
-4.40248e-03,1.07,1.03
-4.40240e-03,1.07,1.09
-4.40232e-03,1.07,1.03
-4.40224e-03,1.07,1.09
-4.40216e-03,1.09,1.03
-4.40208e-03,1.09,1.09
-4.40200e-03,1.07,1.03
-4.40192e-03,1.09,1.09
-4.40184e-03,1.07,1.05
-4.40176e-03,1.09,1.11
-4.40168e-03,1.09,1.05
-4.40160e-03,1.09,1.11
-4.40152e-03,1.09,1.03
-4.40144e-03,1.09,1.09
-4.40136e-03,1.09,1.03
-4.40128e-03,1.05,1.11
-4.40120e-03,1.09,1.01
-4.40112e-03,1.07,1.11
-4.40104e-03,1.07,1.03
-4.40096e-03,1.07,1.11
-4.40088e-03,1.07,1.03
-4.40080e-03,1.09,1.11
-4.40072e-03,1.07,1.03
-4.40064e-03,1.09,1.09
-4.40056e-03,1.07,1.05
-4.40048e-03,1.09,1.11
-4.40040e-03,1.09,1.05
-4.40032e-03,1.09,1.09
-4.40024e-03,1.07,1.03
-4.40016e-03,1.09,1.09
-4.40008e-03,1.07,1.03
-4.40000e-03,1.07,1.09
-4.39992e-03,1.09,1.03
-4.39984e-03,1.07,1.09
-4.39976e-03,1.07,1.03
-4.39968e-03,1.07,1.09
-4.39960e-03,1.09,1.05
-4.39952e-03,1.09,1.09
-4.39944e-03,1.05,1.03
-4.39936e-03,1.09,1.09
-4.39928e-03,1.07,1.03
-4.39920e-03,1.09,1.09
-4.39912e-03,1.07,1.03
-4.39904e-03,1.07,1.09
-4.39896e-03,1.09,1.03
-4.39888e-03,1.09,1.09
-4.39880e-03,1.07,1.01
-4.39872e-03,1.07,1.11
-4.39864e-03,1.09,1.03
-4.39856e-03,1.07,1.09
-4.39848e-03,1.07,1.05
-4.39840e-03,1.07,1.09
-4.39832e-03,1.07,1.05
-4.39824e-03,1.09,1.11
-4.39816e-03,1.07,1.03
-4.39808e-03,1.09,1.09
-4.39800e-03,1.07,1.03
-4.39792e-03,1.09,1.09
-4.39784e-03,1.07,1.03
-4.39776e-03,1.09,1.09
-4.39768e-03,1.07,1.03
-4.39760e-03,1.09,1.09
-4.39752e-03,1.07,1.03
-4.39744e-03,1.07,1.09
-4.39736e-03,1.07,1.03
-4.39728e-03,1.07,1.11
-4.39720e-03,1.09,1.03
-4.39712e-03,1.07,1.09
-4.39704e-03,1.09,1.05
-4.39696e-03,1.09,1.09
-4.39688e-03,1.07,1.03
-4.39680e-03,1.09,1.09
-4.39672e-03,1.07,1.03
-4.39664e-03,1.09,1.09
-4.39656e-03,1.07,1.03
-4.39648e-03,1.09,1.09
-4.39640e-03,1.07,1.03
-4.39632e-03,1.07,1.11
-4.39624e-03,1.07,1.03
-4.39616e-03,1.07,1.09
-4.39608e-03,1.07,1.03
-4.39600e-03,1.07,1.09
-4.39592e-03,1.07,1.03
-4.39584e-03,1.07,1.09
-4.39576e-03,1.07,1.03
-4.39568e-03,1.07,1.09
-4.39560e-03,1.05,1.03
-4.39552e-03,1.09,1.09
-4.39544e-03,1.09,1.03
-4.39536e-03,1.07,1.09
-4.39528e-03,1.07,1.03
-4.39520e-03,1.09,1.09
-4.39512e-03,1.07,1.03
-4.39504e-03,1.07,1.09
-4.39496e-03,1.07,1.03
-4.39488e-03,1.07,1.09
-4.39480e-03,1.09,1.03
-4.39472e-03,1.07,1.09
-4.39464e-03,1.09,1.03
-4.39456e-03,1.07,1.09
-4.39448e-03,1.07,1.03
-4.39440e-03,1.09,1.09
-4.39432e-03,1.07,1.03
-4.39424e-03,1.09,1.09
-4.39416e-03,1.05,1.03
-4.39408e-03,1.07,1.09
-4.39400e-03,1.07,1.03
-4.39392e-03,1.09,1.09
-4.39384e-03,1.07,1.03
-4.39376e-03,1.07,1.09
-4.39368e-03,1.07,1.03
-4.39360e-03,1.07,1.09
-4.39352e-03,1.09,1.03
-4.39344e-03,1.07,1.09
-4.39336e-03,1.09,1.03
-4.39328e-03,1.07,1.09
-4.39320e-03,1.07,1.03
-4.39312e-03,1.07,1.09
-4.39304e-03,1.09,1.03
-4.39296e-03,1.07,1.09
-4.39288e-03,1.07,1.03
-4.39280e-03,1.09,1.09
-4.39272e-03,1.05,1.03
-4.39264e-03,1.07,1.09
-4.39256e-03,1.05,1.03
-4.39248e-03,1.09,1.09
-4.39240e-03,1.09,1.03
-4.39232e-03,1.07,1.09
-4.39224e-03,1.03,1.03
-4.39216e-03,1.05,1.09
-4.39208e-03,1.09,1.01
-4.39200e-03,1.05,1.11
-4.39192e-03,1.09,1.03
-4.39184e-03,1.09,1.09
-4.39176e-03,1.09,1.03
-4.39168e-03,1.07,1.09
-4.39160e-03,1.09,1.03
-4.39152e-03,1.09,1.09
-4.39144e-03,1.07,1.03
-4.39136e-03,1.09,1.09
-4.39128e-03,1.07,1.03
-4.39120e-03,1.09,1.11
-4.39112e-03,1.07,1.03
-4.39104e-03,1.09,1.11
-4.39096e-03,1.07,1.03
-4.39088e-03,1.07,1.09
-4.39080e-03,1.07,1.03
-4.39072e-03,1.07,1.09
-4.39064e-03,1.07,1.01
-4.39056e-03,1.05,1.09
-4.39048e-03,1.09,1.03
-4.39040e-03,1.07,1.09
-4.39032e-03,1.09,1.01
-4.39024e-03,1.07,1.09
-4.39016e-03,1.09,1.03
-4.39008e-03,1.09,1.09
-4.39000e-03,1.07,1.03
-4.38992e-03,1.09,1.09
-4.38984e-03,1.07,1.03
-4.38976e-03,1.07,1.09
-4.38968e-03,1.07,1.03
-4.38960e-03,1.07,1.09
-4.38952e-03,1.07,1.03
-4.38944e-03,1.07,1.09
-4.38936e-03,1.07,1.03
-4.38928e-03,1.07,1.09
-4.38920e-03,1.07,1.03
-4.38912e-03,1.07,1.09
-4.38904e-03,1.09,1.03
-4.38896e-03,1.07,1.09
-4.38888e-03,1.07,1.03
-4.38880e-03,1.07,1.09
-4.38872e-03,1.07,1.01
-4.38864e-03,1.07,1.09
-4.38856e-03,1.07,1.03
-4.38848e-03,1.07,1.09
-4.38840e-03,1.05,1.03
-4.38832e-03,1.07,1.09
-4.38824e-03,1.07,1.03
-4.38816e-03,1.07,1.09
-4.38808e-03,1.07,1.03
-4.38800e-03,1.07,1.09
-4.38792e-03,1.09,1.03
-4.38784e-03,1.07,1.09
-4.38776e-03,1.07,1.03
-4.38768e-03,1.05,1.09
-4.38760e-03,1.07,1.01
-4.38752e-03,1.07,1.09
-4.38744e-03,1.05,1.01
-4.38736e-03,1.07,1.09
-4.38728e-03,1.07,1.01
-4.38720e-03,1.07,1.09
-4.38712e-03,1.07,1.01
-4.38704e-03,1.07,1.09
-4.38696e-03,1.07,1.03
-4.38688e-03,1.07,1.09
-4.38680e-03,1.07,1.03
-4.38672e-03,1.07,1.09
-4.38664e-03,1.05,1.01
-4.38656e-03,1.07,1.09
-4.38648e-03,1.07,1.03
-4.38640e-03,1.07,1.09
-4.38632e-03,1.05,1.03
-4.38624e-03,1.07,1.09
-4.38616e-03,1.07,1.01
-4.38608e-03,1.07,1.09
-4.38600e-03,1.05,1.03
-4.38592e-03,1.07,1.09
-4.38584e-03,1.07,1.01
-4.38576e-03,1.05,1.09
-4.38568e-03,1.07,1.03
-4.38560e-03,1.05,1.09
-4.38552e-03,1.05,1.03
-4.38544e-03,1.07,1.09
-4.38536e-03,1.07,1.01
-4.38528e-03,1.05,1.07
-4.38520e-03,1.05,1.03
-4.38512e-03,1.07,1.09
-4.38504e-03,1.07,1.03
-4.38496e-03,1.07,1.09
-4.38488e-03,1.07,1.03
-4.38480e-03,1.07,1.09
-4.38472e-03,1.05,1.03
-4.38464e-03,1.07,1.09
-4.38456e-03,1.07,1.03
-4.38448e-03,1.07,1.09
-4.38440e-03,1.09,1.03
-4.38432e-03,1.09,1.09
-4.38424e-03,1.07,1.01
-4.38416e-03,1.07,1.09
-4.38408e-03,1.07,1.03
-4.38400e-03,1.07,1.09
-4.38392e-03,1.09,1.03
-4.38384e-03,1.05,1.09
-4.38376e-03,1.03,1.03
-4.38368e-03,1.03,1.09
-4.38360e-03,1.05,1.01
-4.38352e-03,1.07,1.09
-4.38344e-03,1.07,1.01
-4.38336e-03,1.07,1.11
-4.38328e-03,1.07,1.03
-4.38320e-03,1.07,1.09
-4.38312e-03,1.07,1.03
-4.38304e-03,1.07,1.09
-4.38296e-03,1.07,1.03
-4.38288e-03,1.07,1.09
-4.38280e-03,1.07,1.03
-4.38272e-03,1.07,1.09
-4.38264e-03,1.09,1.03
-4.38256e-03,1.05,1.09
-4.38248e-03,1.09,1.03
-4.38240e-03,1.07,1.09
-4.38232e-03,1.07,1.03
-4.38224e-03,1.09,1.09
-4.38216e-03,1.07,1.03
-4.38208e-03,1.07,1.09
-4.38200e-03,1.09,1.03
-4.38192e-03,1.09,1.09
-4.38184e-03,1.07,1.03
-4.38176e-03,1.07,1.09
-4.38168e-03,1.07,1.03
-4.38160e-03,1.07,1.09
-4.38152e-03,1.07,1.03
-4.38144e-03,1.07,1.09
-4.38136e-03,1.07,1.03
-4.38128e-03,1.07,1.09
-4.38120e-03,1.07,1.03
-4.38112e-03,1.07,1.09
-4.38104e-03,1.07,1.03
-4.38096e-03,1.07,1.09
-4.38088e-03,1.05,1.01
-4.38080e-03,1.07,1.09
-4.38072e-03,1.05,1.03
-4.38064e-03,1.07,1.09
-4.38056e-03,1.07,1.03
-4.38048e-03,1.07,1.09
-4.38040e-03,1.07,1.03
-4.38032e-03,1.07,1.09
-4.38024e-03,1.07,1.01
-4.38016e-03,1.07,1.09
-4.38008e-03,1.07,1.03
-4.38000e-03,1.05,1.09
-4.37992e-03,1.07,1.01
-4.37984e-03,1.07,1.09
-4.37976e-03,1.07,1.03
-4.37968e-03,1.05,1.09
-4.37960e-03,1.07,1.01
-4.37952e-03,1.07,1.09
-4.37944e-03,1.07,1.01
-4.37936e-03,1.05,1.09
-4.37928e-03,0.97,1.03
-4.37920e-03,0.93,1.09
-4.37912e-03,1.01,0.57
-4.37904e-03,0.99,1.09
-4.37896e-03,1.01,0.91
-4.37888e-03,0.99,1.03
-4.37880e-03,0.99,0.95
-4.37872e-03,1.01,1.01
-4.37864e-03,1.01,0.93
-4.37856e-03,1.03,1.01
-4.37848e-03,1.05,0.97
-4.37840e-03,1.07,1.05
-4.37832e-03,1.07,1.01
-4.37824e-03,1.09,1.09
-4.37816e-03,1.07,1.03
-4.37808e-03,1.09,1.09
-4.37800e-03,1.07,1.05
-4.37792e-03,1.07,1.11
-4.37784e-03,1.07,1.03
-4.37776e-03,1.05,1.09
-4.37768e-03,1.07,1.01
-4.37760e-03,1.05,1.09
-4.37752e-03,1.05,1.01
-4.37744e-03,1.05,1.09
-4.37736e-03,1.03,1.01
-4.37728e-03,1.07,1.07
-4.37720e-03,1.07,1.01
-4.37712e-03,1.07,1.09
-4.37704e-03,1.05,1.01
-4.37696e-03,1.07,1.09
-4.37688e-03,1.05,1.01
-4.37680e-03,1.07,1.09
-4.37672e-03,1.07,1.01
-4.37664e-03,1.03,1.07
-4.37656e-03,1.07,1.01
-4.37648e-03,1.05,1.07
-4.37640e-03,1.07,1.01
-4.37632e-03,1.05,1.07
-4.37624e-03,1.01,1.01
-4.37616e-03,1.05,1.07
-4.37608e-03,1.05,0.99
-4.37600e-03,1.05,1.09
-4.37592e-03,1.05,1.01
-4.37584e-03,1.05,1.07
-4.37576e-03,1.05,1.01
-4.37568e-03,1.07,1.07
-4.37560e-03,1.05,1.01
-4.37552e-03,1.07,1.07
-4.37544e-03,1.05,1.01
-4.37536e-03,1.05,1.09
-4.37528e-03,1.05,1.01
-4.37520e-03,1.05,1.09
-4.37512e-03,1.05,1.01
-4.37504e-03,1.05,1.07
-4.37496e-03,1.07,1.01
-4.37488e-03,1.05,1.07
-4.37480e-03,1.07,1.01
-4.37472e-03,1.05,1.07
-4.37464e-03,1.07,1.01
-4.37456e-03,1.03,1.09
-4.37448e-03,1.03,1.01
-4.37440e-03,1.05,1.09
-4.37432e-03,1.07,1.01
-4.37424e-03,1.07,1.09
-4.37416e-03,1.05,1.01
-4.37408e-03,1.05,1.07
-4.37400e-03,1.07,1.01
-4.37392e-03,1.05,1.07
-4.37384e-03,1.07,1.01
-4.37376e-03,1.05,1.07
-4.37368e-03,1.07,1.01
-4.37360e-03,1.05,1.07
-4.37352e-03,1.07,1.01
-4.37344e-03,1.07,1.09
-4.37336e-03,1.05,1.01
-4.37328e-03,1.07,1.09
-4.37320e-03,1.05,1.01
-4.37312e-03,1.07,1.07
-4.37304e-03,1.07,1.01
-4.37296e-03,1.07,1.09
-4.37288e-03,1.05,1.01
-4.37280e-03,1.07,1.07
-4.37272e-03,1.05,1.01
-4.37264e-03,1.07,1.07
-4.37256e-03,1.07,1.01
-4.37248e-03,1.49,1.07
-4.37240e-03,1.11,1.01
-4.37232e-03,1.11,1.61
-4.37224e-03,1.11,1.07
-4.37216e-03,1.11,1.47
-4.37208e-03,1.13,1.07
-4.37200e-03,1.13,1.15
-4.37192e-03,1.11,1.07
-4.37184e-03,1.09,1.15
-4.37176e-03,1.07,1.07
-4.37168e-03,1.07,1.13
-4.37160e-03,1.03,1.03
-4.37152e-03,1.03,1.11
-4.37144e-03,1.05,0.99
-4.37136e-03,1.03,1.09
-4.37128e-03,1.05,1.01
-4.37120e-03,1.05,1.07
-4.37112e-03,1.05,1.01
-4.37104e-03,1.05,1.07
-4.37096e-03,1.05,1.01
-4.37088e-03,1.05,1.07
-4.37080e-03,1.09,1.03
-4.37072e-03,1.07,1.09
-4.37064e-03,1.07,1.01
-4.37056e-03,1.07,1.09
-4.37048e-03,1.07,1.03
-4.37040e-03,1.07,1.09
-4.37032e-03,1.05,1.03
-4.37024e-03,1.07,1.09
-4.37016e-03,1.07,1.01
-4.37008e-03,1.05,1.09
-4.37000e-03,1.05,1.03
-4.36992e-03,1.07,1.09
-4.36984e-03,1.07,1.01
-4.36976e-03,1.07,1.09
-4.36968e-03,1.07,1.03
-4.36960e-03,1.07,1.09
-4.36952e-03,1.07,1.01
-4.36944e-03,1.07,1.07
-4.36936e-03,1.05,1.01
-4.36928e-03,1.05,1.09
-4.36920e-03,1.05,1.01
-4.36912e-03,1.07,1.09
-4.36904e-03,1.07,1.01
-4.36896e-03,1.05,1.09
-4.36888e-03,1.05,1.01
-4.36880e-03,1.07,1.09
-4.36872e-03,1.05,1.03
-4.36864e-03,1.07,1.09
-4.36856e-03,1.05,1.03
-4.36848e-03,1.09,1.09
-4.36840e-03,1.07,1.03
-4.36832e-03,1.09,1.09
-4.36824e-03,1.07,1.03
-4.36816e-03,1.07,1.09
-4.36808e-03,1.07,1.03
-4.36800e-03,1.07,1.09
-4.36792e-03,1.09,1.03
-4.36784e-03,1.07,1.09
-4.36776e-03,1.07,1.01
-4.36768e-03,1.07,1.09
-4.36760e-03,1.09,1.03
-4.36752e-03,1.05,1.09
-4.36744e-03,1.05,1.03
-4.36736e-03,1.07,1.09
-4.36728e-03,1.07,1.03
-4.36720e-03,1.07,1.09
-4.36712e-03,1.07,1.03
-4.36704e-03,1.07,1.09
-4.36696e-03,1.07,1.03
-4.36688e-03,1.09,1.09
-4.36680e-03,1.07,1.03
-4.36672e-03,1.05,1.09
-4.36664e-03,1.07,1.03
-4.36656e-03,1.05,1.09
-4.36648e-03,1.07,1.03
-4.36640e-03,1.07,1.09
-4.36632e-03,1.07,1.01
-4.36624e-03,1.05,1.09
-4.36616e-03,1.07,1.03
-4.36608e-03,1.05,1.09
-4.36600e-03,1.03,1.03
-4.36592e-03,1.07,1.09
-4.36584e-03,1.07,1.01
-4.36576e-03,1.07,1.11
-4.36568e-03,1.09,1.01
-4.36560e-03,1.07,1.09
-4.36552e-03,1.07,1.01
-4.36544e-03,1.07,1.09
-4.36536e-03,1.07,1.03
-4.36528e-03,1.07,1.09
-4.36520e-03,1.07,1.01
-4.36512e-03,1.05,1.09
-4.36504e-03,1.07,1.01
-4.36496e-03,1.05,1.09
-4.36488e-03,1.05,1.01
-4.36480e-03,1.07,1.09
-4.36472e-03,1.07,1.03
-4.36464e-03,1.07,1.09
-4.36456e-03,1.07,1.01
-4.36448e-03,1.07,1.09
-4.36440e-03,1.07,1.03
-4.36432e-03,1.07,1.09
-4.36424e-03,1.07,1.03
-4.36416e-03,1.07,1.09
-4.36408e-03,1.07,1.01
-4.36400e-03,1.07,1.09
-4.36392e-03,1.07,1.03
-4.36384e-03,1.07,1.09
-4.36376e-03,1.07,1.01
-4.36368e-03,1.07,1.09
-4.36360e-03,1.07,1.03
-4.36352e-03,1.05,1.09
-4.36344e-03,1.05,1.03
-4.36336e-03,1.07,1.09
-4.36328e-03,1.05,1.01
-4.36320e-03,1.07,1.09
-4.36312e-03,1.07,1.03
-4.36304e-03,1.07,1.09
-4.36296e-03,1.07,1.03
-4.36288e-03,1.07,1.09
-4.36280e-03,1.07,1.03
-4.36272e-03,1.07,1.09
-4.36264e-03,1.07,1.03
-4.36256e-03,1.07,1.09
-4.36248e-03,1.07,1.03
-4.36240e-03,1.05,1.09
-4.36232e-03,1.07,1.03
-4.36224e-03,1.07,1.09
-4.36216e-03,1.05,1.01
-4.36208e-03,1.09,1.09
-4.36200e-03,1.05,1.03
-4.36192e-03,1.07,1.09
-4.36184e-03,1.07,1.03
-4.36176e-03,1.07,1.09
-4.36168e-03,1.09,1.03
-4.36160e-03,1.05,1.09
-4.36152e-03,1.07,1.03
-4.36144e-03,1.07,1.09
-4.36136e-03,1.07,1.03
-4.36128e-03,1.07,1.09
-4.36120e-03,1.07,1.03
-4.36112e-03,1.07,1.09
-4.36104e-03,1.07,1.03
-4.36096e-03,1.07,1.09
-4.36088e-03,1.07,1.03
-4.36080e-03,1.07,1.09
-4.36072e-03,1.07,1.03
-4.36064e-03,1.07,1.09
-4.36056e-03,1.05,1.03
-4.36048e-03,1.09,1.09
-4.36040e-03,1.07,1.03
-4.36032e-03,1.07,1.09
-4.36024e-03,1.07,1.03
-4.36016e-03,1.07,1.09
-4.36008e-03,1.07,1.03
-4.36000e-03,1.07,1.09
-4.35992e-03,1.09,1.01
-4.35984e-03,1.05,1.09
-4.35976e-03,1.07,1.03
-4.35968e-03,1.07,1.09
-4.35960e-03,1.07,1.03
-4.35952e-03,1.07,1.09
-4.35944e-03,1.07,1.03
-4.35936e-03,1.09,1.09
-4.35928e-03,1.07,1.03
-4.35920e-03,1.07,1.09
-4.35912e-03,1.07,1.03
-4.35904e-03,1.07,1.09
-4.35896e-03,1.07,1.03
-4.35888e-03,1.07,1.09
-4.35880e-03,1.09,1.03
-4.35872e-03,1.09,1.09
-4.35864e-03,1.09,1.03
-4.35856e-03,1.07,1.09
-4.35848e-03,1.07,1.03
-4.35840e-03,1.07,1.09
-4.35832e-03,1.07,1.01
-4.35824e-03,1.07,1.09
-4.35816e-03,1.09,1.03
-4.35808e-03,1.07,1.09
-4.35800e-03,1.05,1.03
-4.35792e-03,1.07,1.09
-4.35784e-03,1.07,1.03
-4.35776e-03,1.09,1.09
-4.35768e-03,1.07,1.01
-4.35760e-03,1.07,1.09
-4.35752e-03,1.07,1.01
-4.35744e-03,1.05,1.09
-4.35736e-03,1.09,1.03
-4.35728e-03,1.09,1.09
-4.35720e-03,1.07,1.03
-4.35712e-03,1.07,1.09
-4.35704e-03,1.07,1.03
-4.35696e-03,1.07,1.09
-4.35688e-03,1.09,1.03
-4.35680e-03,1.05,1.09
-4.35672e-03,1.05,1.03
-4.35664e-03,1.07,1.09
-4.35656e-03,1.07,1.01
-4.35648e-03,1.09,1.09
-4.35640e-03,1.05,1.03
-4.35632e-03,1.09,1.09
-4.35624e-03,1.07,1.03
-4.35616e-03,1.07,1.09
-4.35608e-03,1.07,1.03
-4.35600e-03,1.05,1.09
-4.35592e-03,1.09,1.03
-4.35584e-03,1.07,1.09
-4.35576e-03,1.07,1.03
-4.35568e-03,1.07,1.09
-4.35560e-03,1.07,1.03
-4.35552e-03,1.07,1.09
-4.35544e-03,1.07,1.01
-4.35536e-03,1.07,1.09
-4.35528e-03,1.07,1.01
-4.35520e-03,1.07,1.09
-4.35512e-03,1.07,1.03
-4.35504e-03,1.07,1.09
-4.35496e-03,1.05,1.03
-4.35488e-03,1.07,1.09
-4.35480e-03,1.07,1.03
-4.35472e-03,1.05,1.09
-4.35464e-03,1.07,1.03
-4.35456e-03,1.07,1.09
-4.35448e-03,1.09,1.03
-4.35440e-03,1.09,1.09
-4.35432e-03,1.09,1.03
-4.35424e-03,1.09,1.09
-4.35416e-03,1.07,1.03
-4.35408e-03,1.09,1.09
-4.35400e-03,1.07,1.03
-4.35392e-03,1.07,1.09
-4.35384e-03,1.07,1.03
-4.35376e-03,1.09,1.09
-4.35368e-03,1.07,1.03
-4.35360e-03,1.07,1.09
-4.35352e-03,1.09,1.03
-4.35344e-03,1.07,1.11
-4.35336e-03,1.07,1.03
-4.35328e-03,1.07,1.09
-4.35320e-03,1.09,1.03
-4.35312e-03,1.07,1.09
-4.35304e-03,1.09,1.03
-4.35296e-03,1.07,1.09
-4.35288e-03,1.07,1.03
-4.35280e-03,1.07,1.09
-4.35272e-03,1.07,1.03
-4.35264e-03,1.09,1.09
-4.35256e-03,1.07,1.03
-4.35248e-03,1.09,1.11
-4.35240e-03,1.07,1.03
-4.35232e-03,1.07,1.09
-4.35224e-03,1.07,1.03
-4.35216e-03,1.07,1.09
-4.35208e-03,1.09,1.03
-4.35200e-03,1.07,1.09
-4.35192e-03,1.09,1.03
-4.35184e-03,1.07,1.09
-4.35176e-03,1.07,1.03
-4.35168e-03,1.07,1.09
-4.35160e-03,1.09,1.03
-4.35152e-03,1.07,1.09
-4.35144e-03,1.07,1.03
-4.35136e-03,1.09,1.09
-4.35128e-03,1.07,1.03
-4.35120e-03,1.07,1.09
-4.35112e-03,1.09,1.05
-4.35104e-03,1.07,1.09
-4.35096e-03,1.07,1.03
-4.35088e-03,1.09,1.09
-4.35080e-03,1.09,1.03
-4.35072e-03,1.09,1.09
-4.35064e-03,1.09,1.03
-4.35056e-03,1.05,1.11
-4.35048e-03,1.09,1.03
-4.35040e-03,1.07,1.09
-4.35032e-03,1.09,1.03
-4.35024e-03,1.07,1.11
-4.35016e-03,1.07,1.03
-4.35008e-03,1.09,1.09
-4.35000e-03,1.07,1.03
-4.34992e-03,1.09,1.09
-4.34984e-03,1.07,1.03
-4.34976e-03,1.09,1.09
-4.34968e-03,1.09,1.03
-4.34960e-03,1.07,1.09
-4.34952e-03,1.07,1.03
-4.34944e-03,1.07,1.09
-4.34936e-03,1.07,1.03
-4.34928e-03,1.07,1.09
-4.34920e-03,1.07,1.03
-4.34912e-03,1.07,1.09
-4.34904e-03,1.07,1.03
-4.34896e-03,1.07,1.09
-4.34888e-03,1.09,1.03
-4.34880e-03,1.07,1.09
-4.34872e-03,1.07,1.03
-4.34864e-03,1.07,1.09
-4.34856e-03,1.07,1.03
-4.34848e-03,1.05,1.09
-4.34840e-03,1.07,1.03
-4.34832e-03,1.07,1.11
-4.34824e-03,1.07,1.03
-4.34816e-03,1.07,1.09
-4.34808e-03,1.05,1.03
-4.34800e-03,1.05,1.11
-4.34792e-03,1.07,1.01
-4.34784e-03,1.09,1.09
-4.34776e-03,1.09,1.01
-4.34768e-03,1.07,1.09
-4.34760e-03,1.07,1.01
-4.34752e-03,1.07,1.09
-4.34744e-03,1.05,1.03
-4.34736e-03,1.09,1.11
-4.34728e-03,1.07,1.01
-4.34720e-03,1.07,1.09
-4.34712e-03,1.07,1.03
-4.34704e-03,1.07,1.09
-4.34696e-03,1.07,1.03
-4.34688e-03,1.07,1.09
-4.34680e-03,1.09,1.01
-4.34672e-03,1.09,1.09
-4.34664e-03,1.09,1.03
-4.34656e-03,1.07,1.11
-4.34648e-03,1.09,1.03
-4.34640e-03,1.05,1.11
-4.34632e-03,1.07,1.03
-4.34624e-03,1.07,1.09
-4.34616e-03,1.07,1.01
-4.34608e-03,1.07,1.09
-4.34600e-03,1.07,1.03
-4.34592e-03,1.07,1.09
-4.34584e-03,1.09,1.03
-4.34576e-03,1.07,1.09
-4.34568e-03,1.07,1.03
-4.34560e-03,1.07,1.09
-4.34552e-03,1.09,1.03
-4.34544e-03,1.07,1.09
-4.34536e-03,1.07,1.03
-4.34528e-03,1.07,1.09
-4.34520e-03,1.07,1.01
-4.34512e-03,1.07,1.09
-4.34504e-03,1.07,1.03
-4.34496e-03,1.07,1.09
-4.34488e-03,1.07,1.03
-4.34480e-03,1.09,1.11
-4.34472e-03,1.07,1.03
-4.34464e-03,1.09,1.09
-4.34456e-03,1.07,1.03
-4.34448e-03,1.07,1.09
-4.34440e-03,1.09,1.03
-4.34432e-03,1.07,1.09
-4.34424e-03,1.07,1.03
-4.34416e-03,1.07,1.09
-4.34408e-03,1.07,1.03
-4.34400e-03,1.07,1.09
-4.34392e-03,1.09,1.03
-4.34384e-03,1.07,1.09
-4.34376e-03,1.09,1.03
-4.34368e-03,1.07,1.09
-4.34360e-03,1.09,1.03
-4.34352e-03,1.07,1.09
-4.34344e-03,1.07,1.03
-4.34336e-03,1.09,1.09
-4.34328e-03,1.09,1.03
-4.34320e-03,1.09,1.09
-4.34312e-03,1.07,1.03
-4.34304e-03,1.07,1.09
-4.34296e-03,1.07,1.03
-4.34288e-03,1.09,1.11
-4.34280e-03,1.09,1.03
-4.34272e-03,1.09,1.09
-4.34264e-03,1.09,1.03
-4.34256e-03,1.07,1.09
-4.34248e-03,1.09,1.03
-4.34240e-03,1.07,1.11
-4.34232e-03,1.07,1.03
-4.34224e-03,1.09,1.09
-4.34216e-03,1.07,1.03
-4.34208e-03,1.07,1.09
-4.34200e-03,1.07,1.03
-4.34192e-03,1.07,1.09
-4.34184e-03,1.07,1.03
-4.34176e-03,1.07,1.09
-4.34168e-03,1.09,1.03
-4.34160e-03,1.07,1.11
-4.34152e-03,1.07,1.03
-4.34144e-03,1.09,1.09
-4.34136e-03,1.07,1.03
-4.34128e-03,1.07,1.09
-4.34120e-03,1.09,1.03
-4.34112e-03,1.07,1.09
-4.34104e-03,1.09,1.03
-4.34096e-03,1.09,1.11
-4.34088e-03,1.07,1.03
-4.34080e-03,1.09,1.09
-4.34072e-03,1.07,1.03
-4.34064e-03,1.07,1.09
-4.34056e-03,1.07,1.03
-4.34048e-03,1.09,1.09
-4.34040e-03,1.07,1.03
-4.34032e-03,1.07,1.09
-4.34024e-03,1.09,1.03
-4.34016e-03,1.07,1.09
-4.34008e-03,1.09,1.03
-4.34000e-03,1.07,1.09
-4.33992e-03,1.07,1.03
-4.33984e-03,1.07,1.09
-4.33976e-03,1.09,1.03
-4.33968e-03,1.07,1.09
-4.33960e-03,1.07,1.03
-4.33952e-03,1.07,1.09
-4.33944e-03,1.07,1.03
-4.33936e-03,1.01,1.09
-4.33928e-03,1.07,0.99
-4.33920e-03,1.07,1.11
-4.33912e-03,1.09,1.01
-4.33904e-03,1.07,1.11
-4.33896e-03,1.07,1.01
-4.33888e-03,1.05,1.09
-4.33880e-03,1.07,1.03
-4.33872e-03,1.07,1.11
-4.33864e-03,1.07,1.03
-4.33856e-03,1.05,1.09
-4.33848e-03,1.07,1.03
-4.33840e-03,1.09,1.09
-4.33832e-03,1.07,1.03
-4.33824e-03,1.07,1.09
-4.33816e-03,1.09,1.03
-4.33808e-03,1.07,1.09
-4.33800e-03,1.07,1.03
-4.33792e-03,1.09,1.09
-4.33784e-03,1.07,1.03
-4.33776e-03,1.07,1.09
-4.33768e-03,1.07,1.03
-4.33760e-03,1.07,1.09
-4.33752e-03,1.07,1.03
-4.33744e-03,1.07,1.09
-4.33736e-03,1.07,1.03
-4.33728e-03,1.07,1.09
-4.33720e-03,1.07,1.03
-4.33712e-03,1.07,1.09
-4.33704e-03,1.07,1.03
-4.33696e-03,1.07,1.09
-4.33688e-03,1.05,1.03
-4.33680e-03,1.07,1.09
-4.33672e-03,1.07,1.03
-4.33664e-03,1.07,1.09
-4.33656e-03,1.07,1.03
-4.33648e-03,1.07,1.09
-4.33640e-03,1.07,1.03
-4.33632e-03,1.07,1.09
-4.33624e-03,1.07,1.03
-4.33616e-03,1.05,1.09
-4.33608e-03,1.07,1.03
-4.33600e-03,1.05,1.09
-4.33592e-03,1.07,1.03
-4.33584e-03,1.07,1.09
-4.33576e-03,1.07,1.03
-4.33568e-03,1.07,1.09
-4.33560e-03,1.07,1.01
-4.33552e-03,1.07,1.09
-4.33544e-03,1.07,1.03
-4.33536e-03,1.07,1.09
-4.33528e-03,1.07,1.03
-4.33520e-03,1.07,1.09
-4.33512e-03,1.07,1.03
-4.33504e-03,1.09,1.09
-4.33496e-03,1.05,1.03
-4.33488e-03,1.07,1.09
-4.33480e-03,1.07,1.03
-4.33472e-03,1.07,1.09
-4.33464e-03,1.07,1.03
-4.33456e-03,1.05,1.09
-4.33448e-03,1.07,1.01
-4.33440e-03,1.07,1.09
-4.33432e-03,1.07,1.01
-4.33424e-03,1.09,1.09
-4.33416e-03,1.07,1.03
-4.33408e-03,1.07,1.09
-4.33400e-03,1.07,1.03
-4.33392e-03,1.09,1.09
-4.33384e-03,1.07,1.03
-4.33376e-03,1.09,1.09
-4.33368e-03,1.05,1.03
-4.33360e-03,1.07,1.09
-4.33352e-03,1.05,1.03
-4.33344e-03,1.05,1.09
-4.33336e-03,1.07,1.03
-4.33328e-03,1.07,1.09
-4.33320e-03,1.05,1.03
-4.33312e-03,1.05,1.09
-4.33304e-03,1.07,1.01
-4.33296e-03,1.07,1.09
-4.33288e-03,1.07,1.03
-4.33280e-03,1.07,1.09
-4.33272e-03,1.07,1.03
-4.33264e-03,1.09,1.09
-4.33256e-03,1.07,1.03
-4.33248e-03,1.07,1.09
-4.33240e-03,1.07,1.03
-4.33232e-03,1.09,1.09
-4.33224e-03,1.07,1.03
-4.33216e-03,1.07,1.09
-4.33208e-03,1.07,1.03
-4.33200e-03,1.07,1.09
-4.33192e-03,1.09,1.03
-4.33184e-03,1.07,1.09
-4.33176e-03,1.07,1.03
-4.33168e-03,1.07,1.09
-4.33160e-03,1.07,1.03
-4.33152e-03,1.07,1.09
-4.33144e-03,1.07,1.03
-4.33136e-03,1.07,1.09
-4.33128e-03,1.09,1.01
-4.33120e-03,1.07,1.09
-4.33112e-03,1.07,1.03
-4.33104e-03,1.09,1.09
-4.33096e-03,1.09,1.03
-4.33088e-03,1.07,1.09
-4.33080e-03,1.07,1.03
-4.33072e-03,1.07,1.09
-4.33064e-03,1.09,1.03
-4.33056e-03,1.07,1.09
-4.33048e-03,1.07,1.03
-4.33040e-03,1.07,1.09
-4.33032e-03,1.07,1.01
-4.33024e-03,1.05,1.09
-4.33016e-03,1.07,1.01
-4.33008e-03,1.09,1.09
-4.33000e-03,1.07,1.03
-4.32992e-03,1.07,1.09
-4.32984e-03,1.07,1.01
-4.32976e-03,1.07,1.09
-4.32968e-03,1.07,1.01
-4.32960e-03,1.07,1.09
-4.32952e-03,1.07,1.03
-4.32944e-03,1.05,1.09
-4.32936e-03,1.09,1.01
-4.32928e-03,1.05,1.09
-4.32920e-03,0.63,1.03
-4.32912e-03,0.95,1.09
-4.32904e-03,0.95,0.55
-4.32896e-03,1.01,1.07
-4.32888e-03,0.99,0.93
-4.32880e-03,0.99,1.01
-4.32872e-03,0.99,0.95
-4.32864e-03,0.99,1.01
-4.32856e-03,1.01,0.95
-4.32848e-03,1.03,1.01
-4.32840e-03,1.05,0.97
-4.32832e-03,1.07,1.05
-4.32824e-03,1.09,0.99
-4.32816e-03,1.09,1.09
-4.32808e-03,1.09,1.03
-4.32800e-03,1.09,1.11
-4.32792e-03,1.09,1.03
-4.32784e-03,1.09,1.11
-4.32776e-03,1.07,1.03
-4.32768e-03,1.05,1.09
-4.32760e-03,1.07,1.03
-4.32752e-03,1.07,1.09
-4.32744e-03,1.05,1.01
-4.32736e-03,1.05,1.09
-4.32728e-03,1.05,1.01
-4.32720e-03,1.05,1.07
-4.32712e-03,1.07,1.01
-4.32704e-03,1.05,1.09
-4.32696e-03,1.07,1.01
-4.32688e-03,1.05,1.07
-4.32680e-03,1.07,0.99
-4.32672e-03,1.07,1.09
-4.32664e-03,1.05,1.01
-4.32656e-03,1.07,1.09
-4.32648e-03,1.03,1.01
-4.32640e-03,1.07,1.07
-4.32632e-03,1.05,1.01
-4.32624e-03,1.07,1.07
-4.32616e-03,1.05,1.01
-4.32608e-03,1.05,1.07
-4.32600e-03,1.05,1.01
-4.32592e-03,1.05,1.09
-4.32584e-03,1.05,1.01
-4.32576e-03,1.03,1.07
-4.32568e-03,1.05,1.01
-4.32560e-03,1.05,1.07
-4.32552e-03,1.05,1.01
-4.32544e-03,1.07,1.07
-4.32536e-03,1.07,1.01
-4.32528e-03,1.07,1.07
-4.32520e-03,1.07,1.01
-4.32512e-03,1.07,1.07
-4.32504e-03,1.05,1.01
-4.32496e-03,1.07,1.07
-4.32488e-03,1.05,1.01
-4.32480e-03,1.05,1.07
-4.32472e-03,1.07,1.01
-4.32464e-03,1.05,1.09
-4.32456e-03,1.07,1.01
-4.32448e-03,1.05,1.09
-4.32440e-03,1.07,1.01
-4.32432e-03,1.07,1.07
-4.32424e-03,1.07,1.01
-4.32416e-03,1.05,1.09
-4.32408e-03,1.05,1.01
-4.32400e-03,1.07,1.07
-4.32392e-03,1.05,1.01
-4.32384e-03,1.07,1.07
-4.32376e-03,1.05,1.01
-4.32368e-03,1.07,1.07
-4.32360e-03,1.05,1.01
-4.32352e-03,1.07,1.09
-4.32344e-03,1.07,1.01
-4.32336e-03,1.07,1.09
-4.32328e-03,1.07,1.01
-4.32320e-03,1.05,1.09
-4.32312e-03,1.07,1.01
-4.32304e-03,1.05,1.09
-4.32296e-03,1.07,1.01
-4.32288e-03,1.07,1.09
-4.32280e-03,1.07,1.01
-4.32272e-03,1.09,1.09
-4.32264e-03,1.07,1.01
-4.32256e-03,1.07,1.09
-4.32248e-03,1.07,1.01
-4.32240e-03,1.25,1.09
-4.32232e-03,1.11,1.01
-4.32224e-03,1.15,1.61
-4.32216e-03,1.13,1.07
-4.32208e-03,1.13,1.23
-4.32200e-03,1.13,1.07
-4.32192e-03,1.15,1.13
-4.32184e-03,1.09,1.09
-4.32176e-03,1.09,1.15
-4.32168e-03,1.09,1.05
-4.32160e-03,1.07,1.15
-4.32152e-03,1.05,1.05
-4.32144e-03,1.03,1.11
-4.32136e-03,1.07,1.01
-4.32128e-03,1.05,1.07
-4.32120e-03,1.03,1.01
-4.32112e-03,1.05,1.07
-4.32104e-03,1.05,1.01
-4.32096e-03,1.07,1.09
-4.32088e-03,1.07,1.01
-4.32080e-03,1.07,1.07
-4.32072e-03,1.09,1.01
-4.32064e-03,1.07,1.09
-4.32056e-03,1.07,1.03
-4.32048e-03,1.07,1.09
-4.32040e-03,1.05,1.03
-4.32032e-03,1.07,1.09
-4.32024e-03,1.07,1.01
-4.32016e-03,1.07,1.09
-4.32008e-03,1.07,1.03
-4.32000e-03,1.07,1.09
-4.31992e-03,1.07,1.01
-4.31984e-03,1.07,1.07
-4.31976e-03,1.07,1.01
-4.31968e-03,1.07,1.09
-4.31960e-03,1.07,1.03
-4.31952e-03,1.07,1.09
-4.31944e-03,1.07,1.03
-4.31936e-03,1.07,1.09
-4.31928e-03,1.07,1.03
-4.31920e-03,1.05,1.09
-4.31912e-03,1.05,1.03
-4.31904e-03,1.05,1.09
-4.31896e-03,1.07,1.01
-4.31888e-03,1.05,1.07
-4.31880e-03,1.07,1.03
-4.31872e-03,1.05,1.09
-4.31864e-03,1.05,1.01
-4.31856e-03,1.07,1.09
-4.31848e-03,1.07,1.01
-4.31840e-03,1.05,1.09
-4.31832e-03,1.05,1.01
-4.31824e-03,1.05,1.09
-4.31816e-03,1.07,1.01
-4.31808e-03,1.07,1.09
-4.31800e-03,1.07,1.03
-4.31792e-03,1.07,1.09
-4.31784e-03,1.07,1.03
-4.31776e-03,1.07,1.09
-4.31768e-03,1.07,1.03
-4.31760e-03,1.09,1.09
-4.31752e-03,1.07,1.03
-4.31744e-03,1.07,1.09
-4.31736e-03,1.07,1.03
-4.31728e-03,1.09,1.09
-4.31720e-03,1.07,1.03
-4.31712e-03,1.07,1.09
-4.31704e-03,1.07,1.03
-4.31696e-03,1.05,1.09
-4.31688e-03,1.07,1.03
-4.31680e-03,1.09,1.09
-4.31672e-03,1.07,1.01
-4.31664e-03,1.07,1.09
-4.31656e-03,1.07,1.03
-4.31648e-03,1.07,1.09
-4.31640e-03,1.07,1.01
-4.31632e-03,1.07,1.09
-4.31624e-03,1.07,1.03
-4.31616e-03,1.07,1.09
-4.31608e-03,1.07,1.03
-4.31600e-03,1.07,1.09
-4.31592e-03,1.09,1.03
-4.31584e-03,1.05,1.09
-4.31576e-03,1.05,1.03
-4.31568e-03,1.05,1.09
-4.31560e-03,1.07,1.03
-4.31552e-03,1.07,1.09
-4.31544e-03,1.07,1.03
-4.31536e-03,1.07,1.09
-4.31528e-03,1.05,1.03
-4.31520e-03,1.07,1.09
-4.31512e-03,1.07,1.01
-4.31504e-03,1.05,1.07
-4.31496e-03,1.05,1.01
-4.31488e-03,1.03,1.07
-4.31480e-03,1.05,1.01
-4.31472e-03,1.03,1.07
-4.31464e-03,1.05,1.01
-4.31456e-03,1.05,1.07
-4.31448e-03,1.07,1.01
-4.31440e-03,1.07,1.07
-4.31432e-03,1.07,1.01
-4.31424e-03,1.07,1.09
-4.31416e-03,1.05,1.03
-4.31408e-03,1.09,1.09
-4.31400e-03,1.07,1.01
-4.31392e-03,1.09,1.09
-4.31384e-03,1.03,1.03
-4.31376e-03,1.07,1.11
-4.31368e-03,1.09,1.01
-4.31360e-03,1.09,1.09
-4.31352e-03,1.05,1.01
-4.31344e-03,1.07,1.11
-4.31336e-03,1.07,1.01
-4.31328e-03,1.07,1.09
-4.31320e-03,1.07,1.01
-4.31312e-03,1.07,1.09
-4.31304e-03,1.07,1.03
-4.31296e-03,1.07,1.09
-4.31288e-03,1.07,1.03
-4.31280e-03,1.09,1.09
-4.31272e-03,1.09,1.03
-4.31264e-03,1.09,1.11
-4.31256e-03,1.07,1.01
-4.31248e-03,1.07,1.09
-4.31240e-03,1.05,1.03
-4.31232e-03,1.07,1.09
-4.31224e-03,1.07,1.01
-4.31216e-03,1.07,1.11
-4.31208e-03,1.07,1.01
-4.31200e-03,1.07,1.09
-4.31192e-03,1.07,1.03
-4.31184e-03,1.07,1.09
-4.31176e-03,1.07,1.03
-4.31168e-03,1.07,1.09
-4.31160e-03,1.09,1.03
-4.31152e-03,1.07,1.09
-4.31144e-03,1.07,1.03
-4.31136e-03,1.07,1.09
-4.31128e-03,1.07,1.03
-4.31120e-03,1.07,1.09
-4.31112e-03,1.07,1.03
-4.31104e-03,1.07,1.09
-4.31096e-03,1.07,1.03
-4.31088e-03,1.07,1.09
-4.31080e-03,1.07,1.03
-4.31072e-03,1.07,1.09
-4.31064e-03,1.07,1.03
-4.31056e-03,1.07,1.09
-4.31048e-03,1.07,1.03
-4.31040e-03,1.09,1.09
-4.31032e-03,1.07,1.03
-4.31024e-03,1.07,1.09
-4.31016e-03,1.07,1.03
-4.31008e-03,1.07,1.09
-4.31000e-03,1.07,1.03
-4.30992e-03,1.09,1.09
-4.30984e-03,1.09,1.03
-4.30976e-03,1.07,1.09
-4.30968e-03,1.07,1.03
-4.30960e-03,1.07,1.09
-4.30952e-03,1.07,1.03
-4.30944e-03,1.05,1.09
-4.30936e-03,1.09,1.03
-4.30928e-03,1.07,1.09
-4.30920e-03,1.07,1.03
-4.30912e-03,1.07,1.09
-4.30904e-03,1.09,1.03
-4.30896e-03,1.07,1.09
-4.30888e-03,1.07,1.05
-4.30880e-03,1.07,1.09
-4.30872e-03,1.07,1.03
-4.30864e-03,1.09,1.09
-4.30856e-03,1.07,1.03
-4.30848e-03,1.07,1.09
-4.30840e-03,1.07,1.03
-4.30832e-03,1.07,1.11
-4.30824e-03,1.09,1.03
-4.30816e-03,1.07,1.09
-4.30808e-03,1.07,1.05
-4.30800e-03,1.07,1.11
-4.30792e-03,1.09,1.03
-4.30784e-03,1.09,1.09
-4.30776e-03,1.09,1.03
-4.30768e-03,1.07,1.11
-4.30760e-03,1.07,1.03
-4.30752e-03,1.07,1.09
-4.30744e-03,1.07,1.05
-4.30736e-03,1.07,1.09
-4.30728e-03,1.07,1.03
-4.30720e-03,1.09,1.11
-4.30712e-03,1.07,1.03
-4.30704e-03,1.09,1.11
-4.30696e-03,1.09,1.03
-4.30688e-03,1.09,1.09
-4.30680e-03,1.09,1.03
-4.30672e-03,1.07,1.09
-4.30664e-03,1.07,1.05
-4.30656e-03,1.07,1.09
-4.30648e-03,1.09,1.05
-4.30640e-03,1.09,1.09
-4.30632e-03,1.09,1.03
-4.30624e-03,1.09,1.11
-4.30616e-03,1.07,1.03
-4.30608e-03,1.09,1.09
-4.30600e-03,1.07,1.03
-4.30592e-03,1.09,1.09
-4.30584e-03,1.09,1.05
-4.30576e-03,1.09,1.09
-4.30568e-03,1.07,1.03
-4.30560e-03,1.07,1.09
-4.30552e-03,1.09,1.03
-4.30544e-03,1.07,1.09
-4.30536e-03,1.07,1.03
-4.30528e-03,1.09,1.09
-4.30520e-03,1.09,1.03
-4.30512e-03,1.07,1.09
-4.30504e-03,1.07,1.03
-4.30496e-03,1.09,1.09
-4.30488e-03,1.07,1.03
-4.30480e-03,1.09,1.09
-4.30472e-03,1.07,1.03
-4.30464e-03,1.09,1.11
-4.30456e-03,1.07,1.03
-4.30448e-03,1.09,1.11
-4.30440e-03,1.07,1.03
-4.30432e-03,1.07,1.11
-4.30424e-03,1.07,1.03
-4.30416e-03,1.07,1.09
-4.30408e-03,1.07,1.03
-4.30400e-03,1.07,1.09
-4.30392e-03,1.09,1.03
-4.30384e-03,1.07,1.09
-4.30376e-03,1.09,1.03
-4.30368e-03,1.07,1.09
-4.30360e-03,1.07,1.03
-4.30352e-03,1.09,1.09
-4.30344e-03,1.07,1.03
-4.30336e-03,1.09,1.09
-4.30328e-03,1.09,1.01
-4.30320e-03,1.07,1.09
-4.30312e-03,1.07,1.03
-4.30304e-03,1.09,1.09
-4.30296e-03,1.07,1.03
-4.30288e-03,1.07,1.09
-4.30280e-03,1.09,1.03
-4.30272e-03,1.07,1.09
-4.30264e-03,1.07,1.05
-4.30256e-03,1.07,1.11
-4.30248e-03,1.09,1.03
-4.30240e-03,1.09,1.09
-4.30232e-03,1.05,1.05
-4.30224e-03,1.09,1.11
-4.30216e-03,1.07,1.03
-4.30208e-03,1.09,1.09
-4.30200e-03,1.07,1.05
-4.30192e-03,1.09,1.11
-4.30184e-03,1.07,1.03
-4.30176e-03,1.09,1.09
-4.30168e-03,1.07,1.03
-4.30160e-03,1.09,1.11
-4.30152e-03,1.07,1.05
-4.30144e-03,1.07,1.11
-4.30136e-03,1.09,1.03
-4.30128e-03,1.07,1.13
-4.30120e-03,1.07,1.03
-4.30112e-03,1.07,1.11
-4.30104e-03,1.09,1.03
-4.30096e-03,1.09,1.09
-4.30088e-03,1.07,1.03
-4.30080e-03,1.09,1.11
-4.30072e-03,1.09,1.03
-4.30064e-03,1.09,1.09
-4.30056e-03,1.07,1.03
-4.30048e-03,1.07,1.11
-4.30040e-03,1.09,1.03
-4.30032e-03,1.09,1.09
-4.30024e-03,1.09,1.05
-4.30016e-03,1.09,1.09
-4.30008e-03,1.07,1.03
-4.30000e-03,1.09,1.09
-4.29992e-03,1.09,1.05
-4.29984e-03,1.07,1.09
-4.29976e-03,1.09,1.03
-4.29968e-03,1.09,1.09
-4.29960e-03,1.07,1.05
-4.29952e-03,1.07,1.09
-4.29944e-03,1.07,1.03
-4.29936e-03,1.09,1.09
-4.29928e-03,1.07,1.03
-4.29920e-03,1.09,1.09
-4.29912e-03,1.07,1.05
-4.29904e-03,1.09,1.09
-4.29896e-03,1.07,1.03
-4.29888e-03,1.09,1.09
-4.29880e-03,1.07,1.05
-4.29872e-03,1.07,1.09
-4.29864e-03,1.09,1.03
-4.29856e-03,1.07,1.09
-4.29848e-03,1.09,1.03
-4.29840e-03,1.07,1.11
-4.29832e-03,1.09,1.05
-4.29824e-03,1.09,1.11
-4.29816e-03,1.07,1.03
-4.29808e-03,1.09,1.09
-4.29800e-03,1.07,1.03
-4.29792e-03,1.09,1.09
-4.29784e-03,1.07,1.03
-4.29776e-03,1.09,1.11
-4.29768e-03,1.07,1.03
-4.29760e-03,1.09,1.11
-4.29752e-03,1.07,1.03
-4.29744e-03,1.09,1.09
-4.29736e-03,1.07,1.03
-4.29728e-03,1.07,1.09
-4.29720e-03,1.09,1.03
-4.29712e-03,1.07,1.09
-4.29704e-03,1.09,1.05
-4.29696e-03,1.09,1.09
-4.29688e-03,1.07,1.03
-4.29680e-03,1.09,1.09
-4.29672e-03,1.09,1.03
-4.29664e-03,1.09,1.09
-4.29656e-03,1.07,1.03
-4.29648e-03,1.09,1.09
-4.29640e-03,1.07,1.03
-4.29632e-03,1.09,1.09
-4.29624e-03,1.07,1.05
-4.29616e-03,1.07,1.09
-4.29608e-03,1.09,1.05
-4.29600e-03,1.07,1.11
-4.29592e-03,1.09,1.03
-4.29584e-03,1.07,1.09
-4.29576e-03,1.07,1.03
-4.29568e-03,1.07,1.09
-4.29560e-03,1.09,1.03
-4.29552e-03,1.07,1.11
-4.29544e-03,1.09,1.03
-4.29536e-03,1.09,1.09
-4.29528e-03,1.07,1.03
-4.29520e-03,1.07,1.09
-4.29512e-03,1.07,1.03
-4.29504e-03,1.05,1.09
-4.29496e-03,1.09,1.03
-4.29488e-03,1.07,1.11
-4.29480e-03,1.11,1.01
-4.29472e-03,1.09,1.11
-4.29464e-03,1.07,1.03
-4.29456e-03,1.07,1.11
-4.29448e-03,1.09,1.03
-4.29440e-03,1.09,1.11
-4.29432e-03,1.07,1.03
-4.29424e-03,1.07,1.09
-4.29416e-03,1.07,1.03
-4.29408e-03,1.09,1.09
-4.29400e-03,1.07,1.03
-4.29392e-03,1.09,1.09
-4.29384e-03,1.07,1.03
-4.29376e-03,1.09,1.09
-4.29368e-03,1.05,1.03
-4.29360e-03,1.09,1.09
-4.29352e-03,1.07,1.03
-4.29344e-03,1.07,1.09
-4.29336e-03,1.09,1.03
-4.29328e-03,1.07,1.09
-4.29320e-03,1.07,1.03
-4.29312e-03,1.07,1.09
-4.29304e-03,1.09,1.03
-4.29296e-03,1.07,1.09
-4.29288e-03,1.07,1.03
-4.29280e-03,1.07,1.09
-4.29272e-03,1.07,1.03
-4.29264e-03,1.09,1.09
-4.29256e-03,1.09,1.05
-4.29248e-03,1.09,1.11
-4.29240e-03,1.09,1.03
-4.29232e-03,1.09,1.11
-4.29224e-03,1.09,1.03
-4.29216e-03,1.07,1.09
-4.29208e-03,1.09,1.03
-4.29200e-03,1.07,1.09
-4.29192e-03,1.11,1.03
-4.29184e-03,1.07,1.11
-4.29176e-03,1.09,1.03
-4.29168e-03,1.07,1.11
-4.29160e-03,1.09,1.03
-4.29152e-03,1.07,1.09
-4.29144e-03,1.07,1.03
-4.29136e-03,1.09,1.09
-4.29128e-03,1.09,1.05
-4.29120e-03,1.07,1.09
-4.29112e-03,1.07,1.03
-4.29104e-03,1.09,1.09
-4.29096e-03,1.07,1.03
-4.29088e-03,1.07,1.11
-4.29080e-03,1.09,1.05
-4.29072e-03,1.07,1.09
-4.29064e-03,1.09,1.03
-4.29056e-03,1.09,1.09
-4.29048e-03,1.09,1.03
-4.29040e-03,1.07,1.09
-4.29032e-03,1.07,1.05
-4.29024e-03,1.07,1.09
-4.29016e-03,1.09,1.03
-4.29008e-03,1.07,1.09
-4.29000e-03,1.07,1.03
-4.28992e-03,1.09,1.09
-4.28984e-03,1.09,1.03
-4.28976e-03,1.09,1.09
-4.28968e-03,1.07,1.03
-4.28960e-03,1.09,1.09
-4.28952e-03,1.07,1.03
-4.28944e-03,1.07,1.09
-4.28936e-03,1.07,1.05
-4.28928e-03,1.09,1.09
-4.28920e-03,1.09,1.03
-4.28912e-03,1.07,1.09
-4.28904e-03,1.09,1.03
-4.28896e-03,1.07,1.11
-4.28888e-03,1.07,1.03
-4.28880e-03,1.07,1.09
-4.28872e-03,1.07,1.03
-4.28864e-03,1.07,1.09
-4.28856e-03,1.05,1.03
-4.28848e-03,1.07,1.11
-4.28840e-03,1.09,1.03
-4.28832e-03,1.09,1.09
-4.28824e-03,1.07,1.03
-4.28816e-03,1.07,1.11
-4.28808e-03,1.07,1.03
-4.28800e-03,1.07,1.09
-4.28792e-03,1.07,1.03
-4.28784e-03,1.09,1.09
-4.28776e-03,1.07,1.03
-4.28768e-03,1.07,1.11
-4.28760e-03,1.07,1.03
-4.28752e-03,1.07,1.09
-4.28744e-03,1.07,1.03
-4.28736e-03,1.09,1.09
-4.28728e-03,1.07,1.03
-4.28720e-03,1.07,1.09
-4.28712e-03,1.07,1.03
-4.28704e-03,1.07,1.09
-4.28696e-03,1.07,1.03
-4.28688e-03,1.07,1.09
-4.28680e-03,1.09,1.03
-4.28672e-03,1.07,1.09
-4.28664e-03,1.07,1.03
-4.28656e-03,1.07,1.09
-4.28648e-03,1.07,1.03
-4.28640e-03,1.07,1.09
-4.28632e-03,1.09,1.03
-4.28624e-03,1.09,1.09
-4.28616e-03,1.07,1.03
-4.28608e-03,1.09,1.09
-4.28600e-03,1.07,1.03
-4.28592e-03,1.07,1.09
-4.28584e-03,1.09,1.03
-4.28576e-03,1.07,1.09
-4.28568e-03,1.07,1.03
-4.28560e-03,1.05,1.09
-4.28552e-03,1.09,1.03
-4.28544e-03,1.07,1.11
-4.28536e-03,1.07,1.03
-4.28528e-03,1.05,1.09
-4.28520e-03,1.07,1.03
-4.28512e-03,1.07,1.09
-4.28504e-03,1.07,1.03
-4.28496e-03,1.07,1.09
-4.28488e-03,1.09,1.03
-4.28480e-03,1.07,1.09
-4.28472e-03,1.07,1.03
-4.28464e-03,1.07,1.09
-4.28456e-03,1.07,1.03
-4.28448e-03,1.07,1.09
-4.28440e-03,1.07,1.03
-4.28432e-03,1.07,1.09
-4.28424e-03,1.09,1.03
-4.28416e-03,1.07,1.09
-4.28408e-03,1.09,1.03
-4.28400e-03,1.07,1.09
-4.28392e-03,1.09,1.03
-4.28384e-03,1.07,1.11
-4.28376e-03,1.07,1.03
-4.28368e-03,1.07,1.09
-4.28360e-03,1.07,1.03
-4.28352e-03,1.09,1.09
-4.28344e-03,1.07,1.03
-4.28336e-03,1.09,1.09
-4.28328e-03,1.07,1.03
-4.28320e-03,1.09,1.09
-4.28312e-03,1.07,1.03
-4.28304e-03,1.05,1.09
-4.28296e-03,1.07,1.03
-4.28288e-03,1.07,1.09
-4.28280e-03,1.07,1.03
-4.28272e-03,1.05,1.09
-4.28264e-03,1.09,1.03
-4.28256e-03,1.07,1.09
-4.28248e-03,1.07,1.03
-4.28240e-03,1.05,1.11
-4.28232e-03,1.07,1.03
-4.28224e-03,1.09,1.09
-4.28216e-03,1.09,1.03
-4.28208e-03,1.09,1.09
-4.28200e-03,1.07,1.03
-4.28192e-03,1.07,1.09
-4.28184e-03,1.07,1.03
-4.28176e-03,1.07,1.11
-4.28168e-03,1.07,1.03
-4.28160e-03,1.07,1.09
-4.28152e-03,1.09,1.03
-4.28144e-03,1.09,1.09
-4.28136e-03,1.07,1.03
-4.28128e-03,1.05,1.11
-4.28120e-03,1.09,1.01
-4.28112e-03,1.07,1.09
-4.28104e-03,1.11,1.03
-4.28096e-03,1.07,1.09
-4.28088e-03,1.09,1.01
-4.28080e-03,1.09,1.11
-4.28072e-03,1.07,1.03
-4.28064e-03,1.07,1.11
-4.28056e-03,1.07,1.03
-4.28048e-03,1.09,1.09
-4.28040e-03,1.09,1.03
-4.28032e-03,1.07,1.11
-4.28024e-03,1.07,1.03
-4.28016e-03,1.07,1.11
-4.28008e-03,1.07,1.03
-4.28000e-03,1.07,1.09
-4.27992e-03,1.09,1.03
-4.27984e-03,1.07,1.11
-4.27976e-03,1.07,1.03
-4.27968e-03,1.07,1.09
-4.27960e-03,1.07,1.03
-4.27952e-03,1.09,1.09
-4.27944e-03,1.07,1.03
-4.27936e-03,1.09,1.09
-4.27928e-03,1.07,1.01
-4.27920e-03,1.07,1.09
-4.27912e-03,0.57,1.03
-4.27904e-03,0.99,1.09
-4.27896e-03,1.03,0.53
-4.27888e-03,0.99,1.09
-4.27880e-03,1.01,0.95
-4.27872e-03,0.99,1.03
-4.27864e-03,1.01,0.95
-4.27856e-03,1.03,1.03
-4.27848e-03,1.01,0.95
-4.27840e-03,1.05,1.03
-4.27832e-03,1.05,0.97
-4.27824e-03,1.07,1.07
-4.27816e-03,1.07,1.01
-4.27808e-03,1.09,1.09
-4.27800e-03,1.07,1.03
-4.27792e-03,1.09,1.11
-4.27784e-03,1.09,1.05
-4.27776e-03,1.07,1.11
-4.27768e-03,1.07,1.03
-4.27760e-03,1.07,1.09
-4.27752e-03,1.07,1.03
-4.27744e-03,1.07,1.09
-4.27736e-03,1.07,1.01
-4.27728e-03,1.07,1.09
-4.27720e-03,1.07,1.01
-4.27712e-03,1.07,1.11
-4.27704e-03,1.05,1.01
-4.27696e-03,1.07,1.09
-4.27688e-03,1.07,1.01
-4.27680e-03,1.05,1.09
-4.27672e-03,1.07,1.03
-4.27664e-03,1.05,1.11
-4.27656e-03,1.07,1.01
-4.27648e-03,1.07,1.09
-4.27640e-03,1.07,1.01
-4.27632e-03,1.07,1.09
-4.27624e-03,1.05,1.01
-4.27616e-03,1.05,1.09
-4.27608e-03,1.03,1.01
-4.27600e-03,1.05,1.09
-4.27592e-03,1.05,1.01
-4.27584e-03,1.05,1.07
-4.27576e-03,1.03,1.01
-4.27568e-03,1.05,1.07
-4.27560e-03,1.05,1.01
-4.27552e-03,1.05,1.07
-4.27544e-03,1.05,1.01
-4.27536e-03,1.05,1.07
-4.27528e-03,1.05,1.01
-4.27520e-03,1.05,1.07
-4.27512e-03,1.05,1.01
-4.27504e-03,1.05,1.07
-4.27496e-03,1.07,1.01
-4.27488e-03,1.05,1.09
-4.27480e-03,1.07,1.01
-4.27472e-03,1.07,1.07
-4.27464e-03,1.07,1.01
-4.27456e-03,1.07,1.09
-4.27448e-03,1.07,1.03
-4.27440e-03,1.07,1.09
-4.27432e-03,1.05,1.03
-4.27424e-03,1.05,1.07
-4.27416e-03,1.05,1.01
-4.27408e-03,1.07,1.09
-4.27400e-03,1.07,1.01
-4.27392e-03,1.05,1.09
-4.27384e-03,1.07,1.01
-4.27376e-03,1.07,1.09
-4.27368e-03,1.07,1.01
-4.27360e-03,1.07,1.09
-4.27352e-03,1.07,1.01
-4.27344e-03,1.05,1.07
-4.27336e-03,1.07,1.01
-4.27328e-03,1.07,1.09
-4.27320e-03,1.07,1.01
-4.27312e-03,1.07,1.07
-4.27304e-03,1.03,1.03
-4.27296e-03,1.07,1.09
-4.27288e-03,1.07,1.01
-4.27280e-03,1.07,1.09
-4.27272e-03,1.07,1.01
-4.27264e-03,1.05,1.09
-4.27256e-03,1.07,1.01
-4.27248e-03,1.05,1.09
-4.27240e-03,1.43,1.01
-4.27232e-03,1.13,1.09
-4.27224e-03,1.13,1.01
-4.27216e-03,1.13,1.59
-4.27208e-03,1.13,1.09
-4.27200e-03,1.13,1.17
-4.27192e-03,1.13,1.07
-4.27184e-03,1.15,1.15
-4.27176e-03,1.13,1.09
-4.27168e-03,1.11,1.15
-4.27160e-03,1.07,1.05
-4.27152e-03,1.09,1.15
-4.27144e-03,1.05,1.03
-4.27136e-03,1.05,1.11
-4.27128e-03,1.05,1.01
-4.27120e-03,1.07,1.09
-4.27112e-03,1.07,1.01
-4.27104e-03,1.05,1.09
-4.27096e-03,1.05,1.01
-4.27088e-03,1.07,1.09
-4.27080e-03,1.07,1.01
-4.27072e-03,1.07,1.09
-4.27064e-03,1.07,1.01
-4.27056e-03,1.07,1.09
-4.27048e-03,1.09,1.03
-4.27040e-03,1.07,1.09
-4.27032e-03,1.07,1.03
-4.27024e-03,1.07,1.09
-4.27016e-03,1.07,1.03
-4.27008e-03,1.07,1.09
-4.27000e-03,1.07,1.03
-4.26992e-03,1.07,1.09
-4.26984e-03,1.07,1.03
-4.26976e-03,1.07,1.09
-4.26968e-03,1.07,1.03
-4.26960e-03,1.07,1.09
-4.26952e-03,1.09,1.03
-4.26944e-03,1.07,1.09
-4.26936e-03,1.07,1.03
-4.26928e-03,1.05,1.09
-4.26920e-03,1.09,1.03
-4.26912e-03,1.07,1.09
-4.26904e-03,1.07,1.03
-4.26896e-03,1.07,1.09
-4.26888e-03,1.07,1.03
-4.26880e-03,1.09,1.09
-4.26872e-03,1.07,1.03
-4.26864e-03,1.09,1.09
-4.26856e-03,1.07,1.03
-4.26848e-03,1.07,1.09
-4.26840e-03,1.09,1.03
-4.26832e-03,1.07,1.09
-4.26824e-03,1.07,1.03
-4.26816e-03,1.05,1.09
-4.26808e-03,1.07,1.03
-4.26800e-03,1.07,1.09
-4.26792e-03,1.09,1.03
-4.26784e-03,1.07,1.11
-4.26776e-03,1.07,1.03
-4.26768e-03,1.09,1.09
-4.26760e-03,1.09,1.03
-4.26752e-03,1.07,1.11
-4.26744e-03,1.07,1.03
-4.26736e-03,1.07,1.09
-4.26728e-03,1.07,1.03
-4.26720e-03,1.07,1.09
-4.26712e-03,1.07,1.03
-4.26704e-03,1.09,1.09
-4.26696e-03,1.07,1.03
-4.26688e-03,1.05,1.09
-4.26680e-03,1.07,1.03
-4.26672e-03,1.07,1.09
-4.26664e-03,1.09,1.03
-4.26656e-03,1.07,1.09
-4.26648e-03,1.09,1.03
-4.26640e-03,1.09,1.09
-4.26632e-03,1.07,1.03
-4.26624e-03,1.07,1.09
-4.26616e-03,1.07,1.03
-4.26608e-03,1.07,1.09
-4.26600e-03,1.07,1.03
-4.26592e-03,1.07,1.09
-4.26584e-03,1.07,1.03
-4.26576e-03,1.09,1.09
-4.26568e-03,1.05,1.03
-4.26560e-03,1.07,1.09
-4.26552e-03,1.09,1.01
-4.26544e-03,1.07,1.09
-4.26536e-03,1.09,1.03
-4.26528e-03,1.07,1.09
-4.26520e-03,1.07,1.03
-4.26512e-03,1.07,1.09
-4.26504e-03,1.09,1.01
-4.26496e-03,1.07,1.09
-4.26488e-03,1.07,1.03
-4.26480e-03,1.07,1.09
-4.26472e-03,1.07,1.03
-4.26464e-03,1.07,1.09
-4.26456e-03,1.07,1.01
-4.26448e-03,1.07,1.09
-4.26440e-03,1.05,1.03
-4.26432e-03,1.05,1.09
-4.26424e-03,1.07,1.03
-4.26416e-03,1.07,1.09
-4.26408e-03,1.07,1.03
-4.26400e-03,1.07,1.09
-4.26392e-03,1.07,1.01
-4.26384e-03,1.07,1.09
-4.26376e-03,1.05,1.03
-4.26368e-03,1.07,1.09
-4.26360e-03,1.07,1.03
-4.26352e-03,1.07,1.09
-4.26344e-03,1.05,1.03
-4.26336e-03,1.07,1.09
-4.26328e-03,1.07,1.03
-4.26320e-03,1.09,1.09
-4.26312e-03,1.07,1.01
-4.26304e-03,1.07,1.09
-4.26296e-03,1.05,1.01
-4.26288e-03,1.07,1.11
-4.26280e-03,1.09,1.03
-4.26272e-03,1.07,1.09
-4.26264e-03,1.05,1.03
-4.26256e-03,1.07,1.09
-4.26248e-03,1.07,1.03
-4.26240e-03,1.07,1.09
-4.26232e-03,1.07,1.01
-4.26224e-03,1.07,1.09
-4.26216e-03,1.09,1.03
-4.26208e-03,1.07,1.09
-4.26200e-03,1.05,1.03
-4.26192e-03,1.07,1.09
-4.26184e-03,1.07,1.03
-4.26176e-03,1.05,1.09
-4.26168e-03,1.07,1.03
-4.26160e-03,1.07,1.11
-4.26152e-03,1.07,1.03
-4.26144e-03,1.09,1.09
-4.26136e-03,1.09,1.03
-4.26128e-03,1.09,1.09
-4.26120e-03,1.09,1.03
-4.26112e-03,1.07,1.09
-4.26104e-03,1.09,1.03
-4.26096e-03,1.07,1.09
-4.26088e-03,1.07,1.03
-4.26080e-03,1.09,1.09
-4.26072e-03,1.07,1.03
-4.26064e-03,1.09,1.11
-4.26056e-03,1.07,1.05
-4.26048e-03,1.09,1.09
-4.26040e-03,1.09,1.03
-4.26032e-03,1.09,1.09
-4.26024e-03,1.09,1.03
-4.26016e-03,1.07,1.09
-4.26008e-03,1.07,1.03
-4.26000e-03,1.07,1.09
-4.25992e-03,1.09,1.03
-4.25984e-03,1.09,1.09
-4.25976e-03,1.09,1.05
-4.25968e-03,1.07,1.09
-4.25960e-03,1.07,1.03
-4.25952e-03,1.07,1.09
-4.25944e-03,1.05,1.03
-4.25936e-03,1.07,1.11
-4.25928e-03,1.07,1.03
-4.25920e-03,1.07,1.11
-4.25912e-03,1.09,1.03
-4.25904e-03,1.09,1.09
-4.25896e-03,1.09,1.03
-4.25888e-03,1.09,1.09
-4.25880e-03,1.07,1.03
-4.25872e-03,1.07,1.09
-4.25864e-03,1.07,1.03
-4.25856e-03,1.07,1.09
-4.25848e-03,1.07,1.03
-4.25840e-03,1.07,1.09
-4.25832e-03,1.09,1.03
-4.25824e-03,1.09,1.09
-4.25816e-03,1.07,1.03
-4.25808e-03,1.09,1.09
-4.25800e-03,1.07,1.05
-4.25792e-03,1.09,1.11
-4.25784e-03,1.09,1.03
-4.25776e-03,1.07,1.11
-4.25768e-03,1.09,1.03
-4.25760e-03,1.09,1.11
-4.25752e-03,1.09,1.03
-4.25744e-03,1.07,1.11
-4.25736e-03,1.09,1.03
-4.25728e-03,1.09,1.09
-4.25720e-03,1.09,1.03
-4.25712e-03,1.05,1.09
-4.25704e-03,1.07,1.03
-4.25696e-03,1.09,1.09
-4.25688e-03,1.07,1.03
-4.25680e-03,1.07,1.09
-4.25672e-03,1.07,1.03
-4.25664e-03,1.09,1.11
-4.25656e-03,1.07,1.03
-4.25648e-03,1.07,1.09
-4.25640e-03,1.07,1.03
-4.25632e-03,1.09,1.09
-4.25624e-03,1.09,1.03
-4.25616e-03,1.09,1.09
-4.25608e-03,1.07,1.03
-4.25600e-03,1.05,1.09
-4.25592e-03,1.07,1.03
-4.25584e-03,1.07,1.09
-4.25576e-03,1.09,1.03
-4.25568e-03,1.07,1.09
-4.25560e-03,1.07,1.03
-4.25552e-03,1.07,1.09
-4.25544e-03,1.07,1.03
-4.25536e-03,1.07,1.09
-4.25528e-03,1.07,1.03
-4.25520e-03,1.09,1.09
-4.25512e-03,1.09,1.03
-4.25504e-03,1.07,1.09
-4.25496e-03,1.09,1.03
-4.25488e-03,1.07,1.11
-4.25480e-03,1.09,1.03
-4.25472e-03,1.09,1.09
-4.25464e-03,1.07,1.03
-4.25456e-03,1.07,1.09
-4.25448e-03,1.07,1.03
-4.25440e-03,1.07,1.09
-4.25432e-03,1.07,1.03
-4.25424e-03,1.07,1.09
-4.25416e-03,1.07,1.03
-4.25408e-03,1.09,1.09
-4.25400e-03,1.07,1.03
-4.25392e-03,1.07,1.09
-4.25384e-03,1.07,1.03
-4.25376e-03,1.09,1.09
-4.25368e-03,1.07,1.03
-4.25360e-03,1.09,1.09
-4.25352e-03,1.07,1.03
-4.25344e-03,1.07,1.09
-4.25336e-03,1.09,1.01
-4.25328e-03,1.09,1.09
-4.25320e-03,1.07,1.03
-4.25312e-03,1.07,1.11
-4.25304e-03,1.07,1.03
-4.25296e-03,1.09,1.09
-4.25288e-03,1.07,1.03
-4.25280e-03,1.09,1.09
-4.25272e-03,1.07,1.05
-4.25264e-03,1.09,1.09
-4.25256e-03,1.07,1.05
-4.25248e-03,1.09,1.09
-4.25240e-03,1.09,1.03
-4.25232e-03,1.07,1.09
-4.25224e-03,1.09,1.03
-4.25216e-03,1.09,1.11
-4.25208e-03,1.09,1.03
-4.25200e-03,1.07,1.09
-4.25192e-03,1.09,1.05
-4.25184e-03,1.07,1.09
-4.25176e-03,1.07,1.03
-4.25168e-03,1.07,1.09
-4.25160e-03,1.07,1.03
-4.25152e-03,1.07,1.11
-4.25144e-03,1.07,1.03
-4.25136e-03,1.07,1.09
-4.25128e-03,1.09,1.03
-4.25120e-03,1.09,1.09
-4.25112e-03,1.07,1.03
-4.25104e-03,1.09,1.09
-4.25096e-03,1.07,1.03
-4.25088e-03,1.07,1.09
-4.25080e-03,1.09,1.03
-4.25072e-03,1.07,1.09
-4.25064e-03,1.09,1.03
-4.25056e-03,1.07,1.09
-4.25048e-03,1.07,1.03
-4.25040e-03,1.09,1.09
-4.25032e-03,1.09,1.03
-4.25024e-03,1.09,1.11
-4.25016e-03,1.09,1.03
-4.25008e-03,1.07,1.11
-4.25000e-03,1.07,1.03
-4.24992e-03,1.09,1.09
-4.24984e-03,1.09,1.05
-4.24976e-03,1.07,1.09
-4.24968e-03,1.07,1.03
-4.24960e-03,1.09,1.11
-4.24952e-03,1.09,1.03
-4.24944e-03,1.09,1.11
-4.24936e-03,1.09,1.03
-4.24928e-03,1.09,1.09
-4.24920e-03,1.09,1.03
-4.24912e-03,1.07,1.11
-4.24904e-03,1.07,1.03
-4.24896e-03,1.09,1.09
-4.24888e-03,1.07,1.03
-4.24880e-03,1.07,1.09
-4.24872e-03,1.07,1.03
-4.24864e-03,1.07,1.09
-4.24856e-03,1.05,1.03
-4.24848e-03,1.09,1.11
-4.24840e-03,1.09,1.03
-4.24832e-03,1.05,1.11
-4.24824e-03,1.09,1.03
-4.24816e-03,1.07,1.11
-4.24808e-03,1.07,1.03
-4.24800e-03,1.05,1.11
-4.24792e-03,1.09,1.03
-4.24784e-03,1.07,1.09
-4.24776e-03,1.09,1.03
-4.24768e-03,1.09,1.09
-4.24760e-03,1.07,1.03
-4.24752e-03,1.07,1.11
-4.24744e-03,1.09,1.03
-4.24736e-03,1.09,1.09
-4.24728e-03,1.07,1.03
-4.24720e-03,1.09,1.09
-4.24712e-03,1.07,1.03
-4.24704e-03,1.07,1.09
-4.24696e-03,1.09,1.03
-4.24688e-03,1.07,1.09
-4.24680e-03,1.09,1.03
-4.24672e-03,1.09,1.09
-4.24664e-03,1.07,1.03
-4.24656e-03,1.07,1.09
-4.24648e-03,1.07,1.03
-4.24640e-03,1.09,1.09
-4.24632e-03,1.07,1.03
-4.24624e-03,1.09,1.09
-4.24616e-03,1.09,1.03
-4.24608e-03,1.09,1.09
-4.24600e-03,1.07,1.03
-4.24592e-03,1.07,1.09
-4.24584e-03,1.07,1.03
-4.24576e-03,1.07,1.09
-4.24568e-03,1.07,1.03
-4.24560e-03,1.07,1.09
-4.24552e-03,1.07,1.03
-4.24544e-03,1.07,1.09
-4.24536e-03,1.09,1.03
-4.24528e-03,1.07,1.09
-4.24520e-03,1.07,1.03
-4.24512e-03,1.07,1.09
-4.24504e-03,1.07,1.03
-4.24496e-03,1.09,1.11
-4.24488e-03,1.07,1.03
-4.24480e-03,1.09,1.09
-4.24472e-03,1.07,1.03
-4.24464e-03,1.09,1.11
-4.24456e-03,1.07,1.03
-4.24448e-03,1.09,1.09
-4.24440e-03,1.07,1.03
-4.24432e-03,1.07,1.09
-4.24424e-03,1.09,1.03
-4.24416e-03,1.09,1.09
-4.24408e-03,1.07,1.03
-4.24400e-03,1.07,1.09
-4.24392e-03,1.07,1.03
-4.24384e-03,1.09,1.09
-4.24376e-03,1.07,1.03
-4.24368e-03,1.07,1.11
-4.24360e-03,1.07,1.03
-4.24352e-03,1.07,1.09
-4.24344e-03,1.05,1.03
-4.24336e-03,1.09,1.09
-4.24328e-03,1.07,1.03
-4.24320e-03,1.09,1.09
-4.24312e-03,1.09,1.03
-4.24304e-03,1.07,1.09
-4.24296e-03,1.09,1.03
-4.24288e-03,1.07,1.09
-4.24280e-03,1.09,1.03
-4.24272e-03,1.07,1.09
-4.24264e-03,1.09,1.03
-4.24256e-03,1.07,1.09
-4.24248e-03,1.07,1.03
-4.24240e-03,1.07,1.09
-4.24232e-03,1.09,1.03
-4.24224e-03,1.09,1.09
-4.24216e-03,1.07,1.03
-4.24208e-03,1.09,1.09
-4.24200e-03,1.07,1.03
-4.24192e-03,1.07,1.09
-4.24184e-03,1.07,1.03
-4.24176e-03,1.07,1.09
-4.24168e-03,1.07,1.03
-4.24160e-03,1.07,1.11
-4.24152e-03,1.09,1.03
-4.24144e-03,1.09,1.11
-4.24136e-03,1.07,1.03
-4.24128e-03,1.07,1.09
-4.24120e-03,1.07,1.03
-4.24112e-03,1.07,1.09
-4.24104e-03,1.09,1.03
-4.24096e-03,1.07,1.11
-4.24088e-03,1.07,1.03
-4.24080e-03,1.09,1.09
-4.24072e-03,1.07,1.03
-4.24064e-03,1.09,1.09
-4.24056e-03,1.07,1.03
-4.24048e-03,1.07,1.09
-4.24040e-03,1.07,1.05
-4.24032e-03,1.09,1.11
-4.24024e-03,1.09,1.03
-4.24016e-03,1.07,1.09
-4.24008e-03,1.09,1.03
-4.24000e-03,1.09,1.11
-4.23992e-03,1.07,1.03
-4.23984e-03,1.07,1.09
-4.23976e-03,1.09,1.03
-4.23968e-03,1.07,1.11
-4.23960e-03,1.07,1.03
-4.23952e-03,1.09,1.09
-4.23944e-03,1.07,1.03
-4.23936e-03,1.07,1.11
-4.23928e-03,1.09,1.03
-4.23920e-03,1.09,1.09
-4.23912e-03,1.09,1.03
-4.23904e-03,1.09,1.09
-4.23896e-03,1.07,1.03
-4.23888e-03,1.09,1.09
-4.23880e-03,1.09,1.03
-4.23872e-03,1.09,1.09
-4.23864e-03,1.09,1.03
-4.23856e-03,1.09,1.11
-4.23848e-03,1.07,1.03
-4.23840e-03,1.09,1.09
-4.23832e-03,1.07,1.03
-4.23824e-03,1.07,1.09
-4.23816e-03,1.07,1.03
-4.23808e-03,1.09,1.09
-4.23800e-03,1.07,1.03
-4.23792e-03,1.09,1.09
-4.23784e-03,1.09,1.03
-4.23776e-03,1.07,1.09
-4.23768e-03,1.07,1.03
-4.23760e-03,1.09,1.09
-4.23752e-03,1.09,1.05
-4.23744e-03,1.07,1.09
-4.23736e-03,1.09,1.03
-4.23728e-03,1.07,1.09
-4.23720e-03,1.07,1.03
-4.23712e-03,1.07,1.09
-4.23704e-03,1.09,1.03
-4.23696e-03,1.09,1.09
-4.23688e-03,1.07,1.03
-4.23680e-03,1.07,1.09
-4.23672e-03,1.07,1.03
-4.23664e-03,1.09,1.09
-4.23656e-03,1.07,1.03
-4.23648e-03,1.09,1.11
-4.23640e-03,1.07,1.03
-4.23632e-03,1.09,1.11
-4.23624e-03,1.07,1.03
-4.23616e-03,1.09,1.09
-4.23608e-03,1.07,1.03
-4.23600e-03,1.07,1.11
-4.23592e-03,1.07,1.03
-4.23584e-03,1.09,1.09
-4.23576e-03,1.07,1.03
-4.23568e-03,1.09,1.09
-4.23560e-03,1.05,1.03
-4.23552e-03,1.07,1.11
-4.23544e-03,1.07,1.03
-4.23536e-03,1.07,1.09
-4.23528e-03,1.07,1.03
-4.23520e-03,1.09,1.09
-4.23512e-03,1.07,1.03
-4.23504e-03,1.09,1.11
-4.23496e-03,1.09,1.03
-4.23488e-03,1.07,1.09
-4.23480e-03,1.09,1.03
-4.23472e-03,1.09,1.09
-4.23464e-03,1.09,1.03
-4.23456e-03,1.07,1.09
-4.23448e-03,1.07,1.03
-4.23440e-03,1.07,1.09
-4.23432e-03,1.05,1.03
-4.23424e-03,1.07,1.09
-4.23416e-03,1.07,1.01
-4.23408e-03,1.07,1.09
-4.23400e-03,1.07,1.01
-4.23392e-03,1.07,1.09
-4.23384e-03,1.07,1.03
-4.23376e-03,1.07,1.09
-4.23368e-03,1.07,1.01
-4.23360e-03,1.07,1.09
-4.23352e-03,1.07,1.01
-4.23344e-03,1.05,1.09
-4.23336e-03,1.07,1.01
-4.23328e-03,1.07,1.09
-4.23320e-03,1.05,1.03
-4.23312e-03,1.07,1.09
-4.23304e-03,1.07,1.03
-4.23296e-03,1.07,1.09
-4.23288e-03,1.05,1.03
-4.23280e-03,1.07,1.09
-4.23272e-03,1.07,1.03
-4.23264e-03,1.09,1.09
-4.23256e-03,1.09,1.01
-4.23248e-03,1.07,1.09
-4.23240e-03,1.05,1.01
-4.23232e-03,1.05,1.09
-4.23224e-03,1.05,1.03
-4.23216e-03,1.07,1.09
-4.23208e-03,1.09,1.03
-4.23200e-03,1.07,1.09
-4.23192e-03,1.07,1.01
-4.23184e-03,1.07,1.09
-4.23176e-03,1.09,1.03
-4.23168e-03,1.07,1.09
-4.23160e-03,1.07,1.03
-4.23152e-03,1.09,1.09
-4.23144e-03,1.07,1.03
-4.23136e-03,1.09,1.09
-4.23128e-03,1.07,1.03
-4.23120e-03,1.07,1.09
-4.23112e-03,1.07,1.01
-4.23104e-03,1.07,1.09
-4.23096e-03,1.05,1.03
-4.23088e-03,1.09,1.09
-4.23080e-03,1.07,1.03
-4.23072e-03,1.09,1.09
-4.23064e-03,1.09,1.03
-4.23056e-03,1.07,1.09
-4.23048e-03,1.07,1.03
-4.23040e-03,1.09,1.09
-4.23032e-03,1.07,1.03
-4.23024e-03,1.07,1.09
-4.23016e-03,1.07,1.01
-4.23008e-03,1.07,1.09
-4.23000e-03,1.07,1.03
-4.22992e-03,1.09,1.09
-4.22984e-03,1.05,1.03
-4.22976e-03,1.05,1.11
-4.22968e-03,1.05,1.01
-4.22960e-03,1.09,1.09
-4.22952e-03,1.07,1.03
-4.22944e-03,1.07,1.09
-4.22936e-03,1.07,1.03
-4.22928e-03,1.05,1.09
-4.22920e-03,1.07,1.03
-4.22912e-03,1.05,1.09
-4.22904e-03,0.67,1.03
-4.22896e-03,0.97,1.09
-4.22888e-03,1.01,0.57
-4.22880e-03,0.99,1.07
-4.22872e-03,0.99,0.95
-4.22864e-03,0.97,1.03
-4.22856e-03,0.99,0.95
-4.22848e-03,1.01,1.03
-4.22840e-03,1.03,0.95
-4.22832e-03,1.05,1.03
-4.22824e-03,1.09,0.99
-4.22816e-03,1.07,1.07
-4.22808e-03,1.09,1.01
-4.22800e-03,1.09,1.09
-4.22792e-03,1.07,1.05
-4.22784e-03,1.11,1.11
-4.22776e-03,1.07,1.05
-4.22768e-03,1.09,1.11
-4.22760e-03,1.07,1.03
-4.22752e-03,1.05,1.11
-4.22744e-03,1.07,1.03
-4.22736e-03,1.05,1.09
-4.22728e-03,1.05,1.01
-4.22720e-03,1.05,1.09
-4.22712e-03,1.07,1.01
-4.22704e-03,1.05,1.09
-4.22696e-03,1.07,1.01
-4.22688e-03,1.07,1.09
-4.22680e-03,1.07,1.03
-4.22672e-03,1.05,1.09
-4.22664e-03,1.05,1.01
-4.22656e-03,1.09,1.09
-4.22648e-03,1.05,1.01
-4.22640e-03,1.07,1.09
-4.22632e-03,1.05,1.01
-4.22624e-03,1.05,1.09
-4.22616e-03,1.05,1.01
-4.22608e-03,1.05,1.07
-4.22600e-03,1.05,1.01
-4.22592e-03,1.05,1.07
-4.22584e-03,1.05,1.01
-4.22576e-03,1.05,1.09
-4.22568e-03,1.05,1.01
-4.22560e-03,1.03,1.07
-4.22552e-03,1.07,1.01
-4.22544e-03,1.07,1.07
-4.22536e-03,1.03,1.01
-4.22528e-03,1.05,1.07
-4.22520e-03,1.05,1.01
-4.22512e-03,1.07,1.07
-4.22504e-03,1.05,1.01
-4.22496e-03,1.05,1.09
-4.22488e-03,1.07,1.01
-4.22480e-03,1.05,1.07
-4.22472e-03,1.07,1.01
-4.22464e-03,1.07,1.07
-4.22456e-03,1.07,1.01
-4.22448e-03,1.05,1.09
-4.22440e-03,1.07,1.01
-4.22432e-03,1.05,1.09
-4.22424e-03,1.03,1.01
-4.22416e-03,1.03,1.07
-4.22408e-03,1.05,1.01
-4.22400e-03,1.07,1.09
-4.22392e-03,1.03,1.01
-4.22384e-03,1.07,1.09
-4.22376e-03,1.03,1.01
-4.22368e-03,1.07,1.09
-4.22360e-03,1.05,1.01
-4.22352e-03,1.03,1.09
-4.22344e-03,1.05,1.01
-4.22336e-03,1.05,1.09
-4.22328e-03,1.07,0.99
-4.22320e-03,1.07,1.09
-4.22312e-03,1.07,1.01
-4.22304e-03,1.03,1.09
-4.22296e-03,1.05,1.01
-4.22288e-03,1.07,1.09
-4.22280e-03,1.05,1.01
-4.22272e-03,1.07,1.07
-4.22264e-03,1.05,1.01
-4.22256e-03,1.07,1.09
-4.22248e-03,1.03,1.01
-4.22240e-03,1.07,1.07
-4.22232e-03,1.49,1.01
-4.22224e-03,1.13,1.07
-4.22216e-03,1.15,1.03
-4.22208e-03,1.13,1.59
-4.22200e-03,1.11,1.07
-4.22192e-03,1.13,1.17
-4.22184e-03,1.13,1.09
-4.22176e-03,1.11,1.15
-4.22168e-03,1.09,1.09
-4.22160e-03,1.09,1.15
-4.22152e-03,1.09,1.05
-4.22144e-03,1.03,1.13
-4.22136e-03,1.03,1.03
-4.22128e-03,1.05,1.09
-4.22120e-03,1.05,1.01
-4.22112e-03,1.05,1.07
-4.22104e-03,1.05,1.01
-4.22096e-03,1.05,1.09
-4.22088e-03,1.05,0.99
-4.22080e-03,1.05,1.07
-4.22072e-03,1.07,1.01
-4.22064e-03,1.09,1.07
-4.22056e-03,1.09,1.03
-4.22048e-03,1.07,1.09
-4.22040e-03,1.07,1.01
-4.22032e-03,1.07,1.09
-4.22024e-03,1.07,1.03
-4.22016e-03,1.07,1.09
-4.22008e-03,1.05,1.03
-4.22000e-03,1.07,1.09
-4.21992e-03,1.07,1.03
-4.21984e-03,1.07,1.09
-4.21976e-03,1.07,1.01
-4.21968e-03,1.05,1.09
-4.21960e-03,1.07,1.03
-4.21952e-03,1.09,1.09
-4.21944e-03,1.05,1.03
-4.21936e-03,1.07,1.09
-4.21928e-03,1.07,1.03
-4.21920e-03,1.07,1.09
-4.21912e-03,1.05,1.03
-4.21904e-03,1.07,1.09
-4.21896e-03,1.07,1.03
-4.21888e-03,1.07,1.09
-4.21880e-03,1.07,1.03
-4.21872e-03,1.05,1.09
-4.21864e-03,1.07,1.03
-4.21856e-03,1.07,1.09
-4.21848e-03,1.07,1.01
-4.21840e-03,1.07,1.09
-4.21832e-03,1.07,1.03
-4.21824e-03,1.07,1.09
-4.21816e-03,1.05,1.03
-4.21808e-03,1.07,1.09
-4.21800e-03,1.07,1.03
-4.21792e-03,1.07,1.09
-4.21784e-03,1.09,1.03
-4.21776e-03,1.07,1.09
-4.21768e-03,1.07,1.03
-4.21760e-03,1.09,1.09
-4.21752e-03,1.09,1.03
-4.21744e-03,1.05,1.09
-4.21736e-03,1.07,1.03
-4.21728e-03,1.07,1.09
-4.21720e-03,1.07,1.01
-4.21712e-03,1.07,1.09
-4.21704e-03,1.07,1.01
-4.21696e-03,1.05,1.09
-4.21688e-03,1.05,1.01
-4.21680e-03,1.09,1.09
-4.21672e-03,1.05,1.01
-4.21664e-03,1.07,1.09
-4.21656e-03,1.07,1.03
-4.21648e-03,1.07,1.09
-4.21640e-03,1.07,1.03
-4.21632e-03,1.07,1.09
-4.21624e-03,1.07,1.03
-4.21616e-03,1.07,1.09
-4.21608e-03,1.07,1.03
-4.21600e-03,1.07,1.09
-4.21592e-03,1.05,1.03
-4.21584e-03,1.05,1.09
-4.21576e-03,1.07,1.01
-4.21568e-03,1.07,1.09
-4.21560e-03,1.07,1.03
-4.21552e-03,1.05,1.09
-4.21544e-03,1.05,1.01
-4.21536e-03,1.05,1.09
-4.21528e-03,1.05,1.01
-4.21520e-03,1.03,1.09
-4.21512e-03,1.05,1.01
-4.21504e-03,1.07,1.09
-4.21496e-03,1.07,1.01
-4.21488e-03,1.07,1.09
-4.21480e-03,1.09,1.01
-4.21472e-03,1.07,1.09
-4.21464e-03,1.07,1.01
-4.21456e-03,1.07,1.09
-4.21448e-03,1.07,1.01
-4.21440e-03,1.07,1.09
-4.21432e-03,1.07,1.03
-4.21424e-03,1.07,1.09
-4.21416e-03,1.05,1.01
-4.21408e-03,1.07,1.09
-4.21400e-03,1.05,1.03
-4.21392e-03,1.07,1.09
-4.21384e-03,1.07,1.01
-4.21376e-03,1.05,1.07
-4.21368e-03,1.07,1.03
-4.21360e-03,1.07,1.09
-4.21352e-03,1.05,1.01
-4.21344e-03,1.05,1.07
-4.21336e-03,1.07,1.01
-4.21328e-03,1.07,1.09
-4.21320e-03,1.07,1.03
-4.21312e-03,1.07,1.09
-4.21304e-03,1.09,1.03
-4.21296e-03,1.07,1.09
-4.21288e-03,1.05,1.01
-4.21280e-03,1.07,1.09
-4.21272e-03,1.09,1.01
-4.21264e-03,1.05,1.09
-4.21256e-03,1.05,1.03
-4.21248e-03,1.07,1.09
-4.21240e-03,1.05,1.03
-4.21232e-03,1.07,1.09
-4.21224e-03,1.07,1.03
-4.21216e-03,1.07,1.09
-4.21208e-03,1.07,1.01
-4.21200e-03,1.07,1.09
-4.21192e-03,1.09,1.03
-4.21184e-03,1.05,1.09
-4.21176e-03,1.09,1.03
-4.21168e-03,1.07,1.09
-4.21160e-03,1.07,1.03
-4.21152e-03,1.07,1.09
-4.21144e-03,1.07,1.03
-4.21136e-03,1.07,1.09
-4.21128e-03,1.07,1.03
-4.21120e-03,1.07,1.09
-4.21112e-03,1.07,1.03
-4.21104e-03,1.09,1.09
-4.21096e-03,1.07,1.03
-4.21088e-03,1.07,1.09
-4.21080e-03,1.09,1.03
-4.21072e-03,1.07,1.09
-4.21064e-03,1.07,1.03
-4.21056e-03,1.07,1.09
-4.21048e-03,1.09,1.03
-4.21040e-03,1.09,1.09
-4.21032e-03,1.09,1.03
-4.21024e-03,1.09,1.09
-4.21016e-03,1.07,1.03
-4.21008e-03,1.07,1.09
-4.21000e-03,1.07,1.03
-4.20992e-03,1.09,1.09
-4.20984e-03,1.07,1.03
-4.20976e-03,1.05,1.09
-4.20968e-03,1.07,1.03
-4.20960e-03,1.07,1.09
-4.20952e-03,1.07,1.03
-4.20944e-03,1.07,1.09
-4.20936e-03,1.09,1.03
-4.20928e-03,1.07,1.09
-4.20920e-03,1.07,1.03
-4.20912e-03,1.05,1.09
-4.20904e-03,1.07,1.03
-4.20896e-03,1.07,1.09
-4.20888e-03,1.07,1.03
-4.20880e-03,1.07,1.11
-4.20872e-03,1.07,1.03
-4.20864e-03,1.09,1.09
-4.20856e-03,1.07,1.03
-4.20848e-03,1.09,1.09
-4.20840e-03,1.07,1.03
-4.20832e-03,1.07,1.09
-4.20824e-03,1.07,1.03
-4.20816e-03,1.07,1.11
-4.20808e-03,1.09,1.03
-4.20800e-03,1.09,1.09
-4.20792e-03,1.09,1.03
-4.20784e-03,1.07,1.09
-4.20776e-03,1.07,1.03
-4.20768e-03,1.07,1.09
-4.20760e-03,1.09,1.03
-4.20752e-03,1.07,1.09
-4.20744e-03,1.09,1.03
-4.20736e-03,1.09,1.09
-4.20728e-03,1.05,1.03
-4.20720e-03,1.09,1.09
-4.20712e-03,1.07,1.03
-4.20704e-03,1.07,1.09
-4.20696e-03,1.07,1.03
-4.20688e-03,1.07,1.09
-4.20680e-03,1.09,1.03
-4.20672e-03,1.07,1.09
-4.20664e-03,1.09,1.03
-4.20656e-03,1.05,1.09
-4.20648e-03,1.05,1.01
-4.20640e-03,1.07,1.09
-4.20632e-03,1.05,1.01
-4.20624e-03,1.09,1.11
-4.20616e-03,1.09,1.01
-4.20608e-03,1.09,1.11
-4.20600e-03,1.07,1.03
-4.20592e-03,1.07,1.09
-4.20584e-03,1.07,1.03
-4.20576e-03,1.07,1.09
-4.20568e-03,1.07,1.03
-4.20560e-03,1.09,1.09
-4.20552e-03,1.09,1.03
-4.20544e-03,1.05,1.09
-4.20536e-03,1.07,1.03
-4.20528e-03,1.09,1.09
-4.20520e-03,1.07,1.03
-4.20512e-03,1.07,1.09
-4.20504e-03,1.09,1.03
-4.20496e-03,1.07,1.09
-4.20488e-03,1.09,1.03
-4.20480e-03,1.07,1.09
-4.20472e-03,1.07,1.01
-4.20464e-03,1.07,1.09
-4.20456e-03,1.07,1.03
-4.20448e-03,1.05,1.09
-4.20440e-03,1.07,1.03
-4.20432e-03,1.07,1.09
-4.20424e-03,1.07,1.03
-4.20416e-03,1.07,1.09
-4.20408e-03,1.09,1.03
-4.20400e-03,1.07,1.09
-4.20392e-03,1.07,1.03
-4.20384e-03,1.07,1.09
-4.20376e-03,1.09,1.03
-4.20368e-03,1.07,1.09
-4.20360e-03,1.09,1.03
-4.20352e-03,1.07,1.09
-4.20344e-03,1.07,1.03
-4.20336e-03,1.09,1.09
-4.20328e-03,1.07,1.03
-4.20320e-03,1.07,1.09
-4.20312e-03,1.07,1.03
-4.20304e-03,1.07,1.09
-4.20296e-03,1.09,1.03
-4.20288e-03,1.07,1.09
-4.20280e-03,1.07,1.03
-4.20272e-03,1.07,1.09
-4.20264e-03,1.07,1.03
-4.20256e-03,1.07,1.09
-4.20248e-03,1.09,1.03
-4.20240e-03,1.07,1.11
-4.20232e-03,1.07,1.03
-4.20224e-03,1.09,1.09
-4.20216e-03,1.07,1.03
-4.20208e-03,1.09,1.09
-4.20200e-03,1.07,1.03
-4.20192e-03,1.07,1.09
-4.20184e-03,1.07,1.03
-4.20176e-03,1.07,1.11
-4.20168e-03,1.09,1.03
-4.20160e-03,1.09,1.09
-4.20152e-03,1.07,1.03
-4.20144e-03,1.09,1.11
-4.20136e-03,1.09,1.03
-4.20128e-03,1.07,1.09
-4.20120e-03,1.07,1.03
-4.20112e-03,1.07,1.09
-4.20104e-03,1.09,1.03
-4.20096e-03,1.09,1.09
-4.20088e-03,1.09,1.03
-4.20080e-03,1.09,1.09
-4.20072e-03,1.07,1.03
-4.20064e-03,1.09,1.09
-4.20056e-03,1.07,1.03
-4.20048e-03,1.09,1.09
-4.20040e-03,1.09,1.03
-4.20032e-03,1.09,1.09
-4.20024e-03,1.07,1.01
-4.20016e-03,1.07,1.09
-4.20008e-03,1.09,1.03
-4.20000e-03,1.09,1.11
-4.19992e-03,1.09,1.03
-4.19984e-03,1.07,1.11
-4.19976e-03,1.07,1.03
-4.19968e-03,1.07,1.09
-4.19960e-03,1.07,1.03
-4.19952e-03,1.07,1.09
-4.19944e-03,1.05,1.03
-4.19936e-03,1.09,1.09
-4.19928e-03,1.07,1.03
-4.19920e-03,1.07,1.09
-4.19912e-03,1.09,1.03
-4.19904e-03,1.07,1.09
-4.19896e-03,1.09,1.03
-4.19888e-03,1.09,1.09
-4.19880e-03,1.09,1.03
-4.19872e-03,1.09,1.09
-4.19864e-03,1.09,1.03
-4.19856e-03,1.09,1.09
-4.19848e-03,1.09,1.03
-4.19840e-03,1.07,1.09
-4.19832e-03,1.07,1.03
-4.19824e-03,1.05,1.09
-4.19816e-03,1.09,1.03
-4.19808e-03,1.07,1.11
-4.19800e-03,1.09,1.03
-4.19792e-03,1.09,1.09
-4.19784e-03,1.09,1.03
-4.19776e-03,1.07,1.09
-4.19768e-03,1.07,1.03
-4.19760e-03,1.07,1.11
-4.19752e-03,1.07,1.03
-4.19744e-03,1.07,1.09
-4.19736e-03,1.07,1.03
-4.19728e-03,1.07,1.09
-4.19720e-03,1.07,1.03
-4.19712e-03,1.07,1.09
-4.19704e-03,1.07,1.03
-4.19696e-03,1.09,1.11
-4.19688e-03,1.07,1.03
-4.19680e-03,1.07,1.11
-4.19672e-03,1.07,1.03
-4.19664e-03,1.07,1.09
-4.19656e-03,1.09,1.03
-4.19648e-03,1.07,1.09
-4.19640e-03,1.07,1.03
-4.19632e-03,1.07,1.09
-4.19624e-03,1.07,1.03
-4.19616e-03,1.07,1.09
-4.19608e-03,1.09,1.03
-4.19600e-03,1.07,1.09
-4.19592e-03,1.09,1.03
-4.19584e-03,1.07,1.09
-4.19576e-03,1.05,1.01
-4.19568e-03,1.07,1.11
-4.19560e-03,1.07,1.03
-4.19552e-03,1.09,1.09
-4.19544e-03,1.07,1.03
-4.19536e-03,1.07,1.09
-4.19528e-03,1.07,1.03
-4.19520e-03,1.09,1.09
-4.19512e-03,1.07,1.03
-4.19504e-03,1.07,1.09
-4.19496e-03,1.09,1.03
-4.19488e-03,1.07,1.09
-4.19480e-03,1.09,1.03
-4.19472e-03,1.07,1.09
-4.19464e-03,1.09,1.03
-4.19456e-03,1.07,1.09
-4.19448e-03,1.09,1.03
-4.19440e-03,1.05,1.09
-4.19432e-03,1.07,1.03
-4.19424e-03,1.09,1.09
-4.19416e-03,1.07,1.03
-4.19408e-03,1.07,1.09
-4.19400e-03,1.05,1.03
-4.19392e-03,1.07,1.09
-4.19384e-03,1.05,1.03
-4.19376e-03,1.07,1.09
-4.19368e-03,1.07,1.03
-4.19360e-03,1.07,1.09
-4.19352e-03,1.07,1.03
-4.19344e-03,1.07,1.11
-4.19336e-03,1.09,1.03
-4.19328e-03,1.07,1.09
-4.19320e-03,1.07,1.03
-4.19312e-03,1.07,1.09
-4.19304e-03,1.07,1.03
-4.19296e-03,1.05,1.09
-4.19288e-03,1.07,1.03
-4.19280e-03,1.05,1.09
-4.19272e-03,1.07,1.01
-4.19264e-03,1.07,1.09
-4.19256e-03,1.07,1.03
-4.19248e-03,1.07,1.09
-4.19240e-03,1.07,1.03
-4.19232e-03,1.07,1.09
-4.19224e-03,1.07,1.03
-4.19216e-03,1.07,1.09
-4.19208e-03,1.07,1.03
-4.19200e-03,1.09,1.09
-4.19192e-03,1.07,1.03
-4.19184e-03,1.07,1.09
-4.19176e-03,1.07,1.03
-4.19168e-03,1.07,1.09
-4.19160e-03,1.07,1.03
-4.19152e-03,1.07,1.09
-4.19144e-03,1.07,1.03
-4.19136e-03,1.07,1.09
-4.19128e-03,1.07,1.03
-4.19120e-03,1.05,1.09
-4.19112e-03,1.05,1.03
-4.19104e-03,1.07,1.09
-4.19096e-03,1.07,1.03
-4.19088e-03,1.07,1.09
-4.19080e-03,1.09,1.03
-4.19072e-03,1.07,1.09
-4.19064e-03,1.07,1.03
-4.19056e-03,1.07,1.09
-4.19048e-03,1.07,1.03
-4.19040e-03,1.07,1.11
-4.19032e-03,1.07,1.03
-4.19024e-03,1.07,1.09
-4.19016e-03,1.07,1.03
-4.19008e-03,1.07,1.09
-4.19000e-03,1.07,1.03
-4.18992e-03,1.09,1.09
-4.18984e-03,1.07,1.03
-4.18976e-03,1.07,1.09
-4.18968e-03,1.07,1.03
-4.18960e-03,1.07,1.09
-4.18952e-03,1.07,1.03
-4.18944e-03,1.05,1.09
-4.18936e-03,1.09,1.03
-4.18928e-03,1.07,1.09
-4.18920e-03,1.07,1.03
-4.18912e-03,1.07,1.09
-4.18904e-03,1.07,1.03
-4.18896e-03,1.09,1.09
-4.18888e-03,1.11,1.03
-4.18880e-03,1.09,1.09
-4.18872e-03,1.09,1.01
-4.18864e-03,1.09,1.11
-4.18856e-03,1.07,1.01
-4.18848e-03,1.07,1.11
-4.18840e-03,1.07,1.03
-4.18832e-03,1.07,1.11
-4.18824e-03,1.07,1.03
-4.18816e-03,1.07,1.09
-4.18808e-03,1.09,1.03
-4.18800e-03,1.07,1.09
-4.18792e-03,1.07,1.03
-4.18784e-03,1.07,1.09
-4.18776e-03,1.07,1.03
-4.18768e-03,1.09,1.09
-4.18760e-03,1.07,1.03
-4.18752e-03,1.07,1.09
-4.18744e-03,1.07,1.03
-4.18736e-03,1.07,1.09
-4.18728e-03,1.07,1.03
-4.18720e-03,1.07,1.09
-4.18712e-03,1.07,1.03
-4.18704e-03,1.05,1.09
-4.18696e-03,1.07,1.03
-4.18688e-03,1.07,1.09
-4.18680e-03,1.05,1.01
-4.18672e-03,1.05,1.09
-4.18664e-03,1.07,1.03
-4.18656e-03,1.07,1.09
-4.18648e-03,1.07,1.01
-4.18640e-03,1.07,1.09
-4.18632e-03,1.07,1.03
-4.18624e-03,1.07,1.09
-4.18616e-03,1.09,1.03
-4.18608e-03,1.07,1.09
-4.18600e-03,1.07,1.03
-4.18592e-03,1.07,1.09
-4.18584e-03,1.07,1.03
-4.18576e-03,1.07,1.09
-4.18568e-03,1.05,1.03
-4.18560e-03,1.07,1.09
-4.18552e-03,1.07,1.03
-4.18544e-03,1.05,1.09
-4.18536e-03,1.07,1.01
-4.18528e-03,1.05,1.09
-4.18520e-03,1.07,1.01
-4.18512e-03,1.07,1.09
-4.18504e-03,1.07,1.03
-4.18496e-03,1.07,1.09
-4.18488e-03,1.07,1.03
-4.18480e-03,1.07,1.09
-4.18472e-03,1.07,1.01
-4.18464e-03,1.07,1.09
-4.18456e-03,1.05,1.03
-4.18448e-03,1.07,1.09
-4.18440e-03,1.07,1.01
-4.18432e-03,1.05,1.09
-4.18424e-03,1.05,1.03
-4.18416e-03,1.07,1.09
-4.18408e-03,1.07,1.01
-4.18400e-03,1.07,1.09
-4.18392e-03,1.07,1.01
-4.18384e-03,1.09,1.09
-4.18376e-03,1.09,1.01
-4.18368e-03,1.07,1.09
-4.18360e-03,1.07,1.01
-4.18352e-03,1.07,1.09
-4.18344e-03,1.05,1.03
-4.18336e-03,1.07,1.09
-4.18328e-03,1.07,1.01
-4.18320e-03,1.07,1.09
-4.18312e-03,1.05,1.03
-4.18304e-03,1.07,1.09
-4.18296e-03,1.09,1.01
-4.18288e-03,1.07,1.09
-4.18280e-03,1.05,1.03
-4.18272e-03,1.07,1.09
-4.18264e-03,1.07,1.01
-4.18256e-03,1.07,1.09
-4.18248e-03,1.07,1.03
-4.18240e-03,1.05,1.09
-4.18232e-03,1.07,1.03
-4.18224e-03,1.07,1.09
-4.18216e-03,1.07,1.01
-4.18208e-03,1.07,1.09
-4.18200e-03,1.05,1.03
-4.18192e-03,1.07,1.09
-4.18184e-03,1.07,1.03
-4.18176e-03,1.05,1.09
-4.18168e-03,1.07,1.03
-4.18160e-03,1.07,1.09
-4.18152e-03,1.07,1.03
-4.18144e-03,1.05,1.09
-4.18136e-03,1.07,1.03
-4.18128e-03,1.07,1.09
-4.18120e-03,1.09,1.03
-4.18112e-03,1.07,1.09
-4.18104e-03,1.05,1.03
-4.18096e-03,1.07,1.09
-4.18088e-03,1.05,1.03
-4.18080e-03,1.07,1.09
-4.18072e-03,1.05,1.03
-4.18064e-03,1.07,1.09
-4.18056e-03,1.07,1.03
-4.18048e-03,1.09,1.09
-4.18040e-03,1.07,1.03
-4.18032e-03,1.07,1.09
-4.18024e-03,1.07,1.03
-4.18016e-03,1.07,1.09
-4.18008e-03,1.07,1.03
-4.18000e-03,1.07,1.09
-4.17992e-03,1.07,1.03
-4.17984e-03,1.05,1.09
-4.17976e-03,1.07,1.03
-4.17968e-03,1.07,1.09
-4.17960e-03,1.05,1.03
-4.17952e-03,1.05,1.09
-4.17944e-03,1.03,1.03
-4.17936e-03,1.09,1.09
-4.17928e-03,1.05,1.01
-4.17920e-03,1.07,1.09
-4.17912e-03,1.07,1.01
-4.17904e-03,1.07,1.09
-4.17896e-03,0.87,1.03
-4.17888e-03,1.01,1.09
-4.17880e-03,1.01,0.53
-4.17872e-03,1.01,1.07
-4.17864e-03,0.99,0.93
-4.17856e-03,0.97,1.01
-4.17848e-03,0.99,0.95
-4.17840e-03,1.01,1.01
-4.17832e-03,1.03,0.95
-4.17824e-03,1.05,1.03
-4.17816e-03,1.07,0.99
-4.17808e-03,1.09,1.07
-4.17800e-03,1.09,1.01
-4.17792e-03,1.07,1.09
-4.17784e-03,1.09,1.03
-4.17776e-03,1.07,1.11
-4.17768e-03,1.07,1.03
-4.17760e-03,1.07,1.11
-4.17752e-03,1.07,1.03
-4.17744e-03,1.09,1.09
-4.17736e-03,1.05,1.03
-4.17728e-03,1.07,1.09
-4.17720e-03,1.07,1.01
-4.17712e-03,1.07,1.09
-4.17704e-03,1.07,1.01
-4.17696e-03,1.07,1.09
-4.17688e-03,1.07,1.01
-4.17680e-03,1.05,1.09
-4.17672e-03,1.07,1.01
-4.17664e-03,1.05,1.09
-4.17656e-03,1.07,1.01
-4.17648e-03,1.07,1.09
-4.17640e-03,1.07,1.01
-4.17632e-03,1.05,1.09
-4.17624e-03,1.05,1.01
-4.17616e-03,1.05,1.09
-4.17608e-03,1.07,1.01
-4.17600e-03,1.07,1.07
-4.17592e-03,1.03,1.01
-4.17584e-03,1.07,1.07
-4.17576e-03,1.05,1.01
-4.17568e-03,1.05,1.07
-4.17560e-03,1.07,1.01
-4.17552e-03,1.05,1.07
-4.17544e-03,1.05,1.01
-4.17536e-03,1.05,1.07
-4.17528e-03,1.07,1.01
-4.17520e-03,1.05,1.09
-4.17512e-03,1.07,1.01
-4.17504e-03,1.05,1.07
-4.17496e-03,1.05,1.01
-4.17488e-03,1.07,1.07
-4.17480e-03,1.05,1.01
-4.17472e-03,1.07,1.09
-4.17464e-03,1.03,1.01
-4.17456e-03,1.07,1.07
-4.17448e-03,1.05,1.01
-4.17440e-03,1.07,1.07
-4.17432e-03,1.05,1.01
-4.17424e-03,1.07,1.07
-4.17416e-03,1.07,1.01
-4.17408e-03,1.05,1.07
-4.17400e-03,1.05,1.01
-4.17392e-03,1.05,1.07
-4.17384e-03,1.05,1.01
-4.17376e-03,1.05,1.09
-4.17368e-03,1.07,1.01
-4.17360e-03,1.07,1.09
-4.17352e-03,1.07,1.01
-4.17344e-03,1.07,1.09
-4.17336e-03,1.05,1.01
-4.17328e-03,1.07,1.09
-4.17320e-03,1.07,1.01
-4.17312e-03,1.07,1.07
-4.17304e-03,1.05,1.01
-4.17296e-03,1.07,1.07
-4.17288e-03,1.05,1.01
-4.17280e-03,1.05,1.09
-4.17272e-03,1.05,1.01
-4.17264e-03,1.03,1.07
-4.17256e-03,1.07,1.01
-4.17248e-03,1.07,1.07
-4.17240e-03,1.07,1.01
-4.17232e-03,1.07,1.07
-4.17224e-03,1.49,1.03
-4.17216e-03,1.09,1.07
-4.17208e-03,1.13,1.03
-4.17200e-03,1.15,1.59
-4.17192e-03,1.13,1.07
-4.17184e-03,1.13,1.15
-4.17176e-03,1.13,1.07
-4.17168e-03,1.11,1.15
-4.17160e-03,1.11,1.07
-4.17152e-03,1.09,1.15
-4.17144e-03,1.07,1.05
-4.17136e-03,1.05,1.13
-4.17128e-03,1.03,1.03
-4.17120e-03,1.03,1.11
-4.17112e-03,1.03,1.01
-4.17104e-03,1.05,1.09
-4.17096e-03,1.07,0.99
-4.17088e-03,1.05,1.07
-4.17080e-03,1.07,0.99
-4.17072e-03,1.03,1.09
-4.17064e-03,1.09,1.01
-4.17056e-03,1.07,1.09
-4.17048e-03,1.07,1.01
-4.17040e-03,1.09,1.09
-4.17032e-03,1.07,1.01
-4.17024e-03,1.07,1.09
-4.17016e-03,1.07,1.03
-4.17008e-03,1.07,1.09
-4.17000e-03,1.05,1.01
-4.16992e-03,1.07,1.09
-4.16984e-03,1.07,1.03
-4.16976e-03,1.07,1.09
-4.16968e-03,1.07,1.01
-4.16960e-03,1.05,1.09
-4.16952e-03,1.07,1.01
-4.16944e-03,1.07,1.09
-4.16936e-03,1.07,1.01
-4.16928e-03,1.07,1.09
-4.16920e-03,1.07,1.01
-4.16912e-03,1.07,1.09
-4.16904e-03,1.07,1.03
-4.16896e-03,1.07,1.09
-4.16888e-03,1.07,1.03
-4.16880e-03,1.07,1.09
-4.16872e-03,1.07,1.03
-4.16864e-03,1.07,1.09
-4.16856e-03,1.07,1.03
-4.16848e-03,1.07,1.09
-4.16840e-03,1.07,1.03
-4.16832e-03,1.05,1.09
-4.16824e-03,1.07,1.03
-4.16816e-03,1.05,1.09
-4.16808e-03,1.07,1.03
-4.16800e-03,1.07,1.09
-4.16792e-03,1.07,1.03
-4.16784e-03,1.07,1.09
-4.16776e-03,1.07,1.03
-4.16768e-03,1.07,1.09
-4.16760e-03,1.07,1.03
-4.16752e-03,1.07,1.09
-4.16744e-03,1.09,1.03
-4.16736e-03,1.07,1.09
-4.16728e-03,1.05,1.03
-4.16720e-03,1.09,1.09
-4.16712e-03,1.07,1.03
-4.16704e-03,1.07,1.09
-4.16696e-03,1.07,1.03
-4.16688e-03,1.07,1.09
-4.16680e-03,1.07,1.01
-4.16672e-03,1.07,1.09
-4.16664e-03,1.05,1.01
-4.16656e-03,1.07,1.09
-4.16648e-03,1.05,1.01
-4.16640e-03,1.07,1.09
-4.16632e-03,1.07,1.01
-4.16624e-03,1.07,1.09
-4.16616e-03,1.05,1.03
-4.16608e-03,1.09,1.09
-4.16600e-03,1.05,1.03
-4.16592e-03,1.07,1.09
-4.16584e-03,1.07,1.03
-4.16576e-03,1.05,1.07
-4.16568e-03,1.05,1.01
-4.16560e-03,1.07,1.07
-4.16552e-03,1.07,1.01
-4.16544e-03,1.05,1.09
-4.16536e-03,1.05,1.03
-4.16528e-03,1.07,1.09
-4.16520e-03,1.05,1.03
-4.16512e-03,1.07,1.09
-4.16504e-03,1.07,1.01
-4.16496e-03,1.07,1.09
-4.16488e-03,1.03,1.03
-4.16480e-03,1.09,1.09
-4.16472e-03,1.05,1.01
-4.16464e-03,1.07,1.09
-4.16456e-03,1.05,1.01
-4.16448e-03,1.05,1.09
-4.16440e-03,1.05,1.01
-4.16432e-03,1.05,1.09
-4.16424e-03,1.07,1.03
-4.16416e-03,1.05,1.09
-4.16408e-03,1.07,1.01
-4.16400e-03,1.05,1.09
-4.16392e-03,1.07,1.03
-4.16384e-03,1.07,1.09
-4.16376e-03,1.07,1.03
-4.16368e-03,1.05,1.09
-4.16360e-03,1.07,1.01
-4.16352e-03,1.07,1.09
-4.16344e-03,1.05,1.01
-4.16336e-03,1.07,1.09
-4.16328e-03,1.07,1.03
-4.16320e-03,1.07,1.07
-4.16312e-03,1.07,1.03
-4.16304e-03,1.07,1.09
-4.16296e-03,1.09,1.03
-4.16288e-03,1.07,1.09
-4.16280e-03,1.05,1.01
-4.16272e-03,1.05,1.09
-4.16264e-03,1.07,1.01
-4.16256e-03,1.05,1.09
-4.16248e-03,1.05,1.03
-4.16240e-03,1.07,1.09
-4.16232e-03,1.07,1.03
-4.16224e-03,1.07,1.09
-4.16216e-03,1.07,1.03
-4.16208e-03,1.07,1.09
-4.16200e-03,1.05,1.01
-4.16192e-03,1.07,1.09
-4.16184e-03,1.05,1.03
-4.16176e-03,1.07,1.09
-4.16168e-03,1.05,1.03
-4.16160e-03,1.07,1.09
-4.16152e-03,1.07,1.03
-4.16144e-03,1.05,1.09
-4.16136e-03,1.07,1.03
-4.16128e-03,1.07,1.09
-4.16120e-03,1.09,1.03
-4.16112e-03,1.05,1.09
-4.16104e-03,1.05,1.03
-4.16096e-03,1.07,1.09
-4.16088e-03,1.07,1.01
-4.16080e-03,1.07,1.09
-4.16072e-03,1.07,1.03
-4.16064e-03,1.07,1.09
-4.16056e-03,1.07,1.03
-4.16048e-03,1.07,1.09
-4.16040e-03,1.07,1.03
-4.16032e-03,1.07,1.09
-4.16024e-03,1.09,1.03
-4.16016e-03,1.07,1.09
-4.16008e-03,1.09,1.03
-4.16000e-03,1.07,1.09
-4.15992e-03,1.07,1.03
-4.15984e-03,1.07,1.09
-4.15976e-03,1.09,1.03
-4.15968e-03,1.07,1.09
-4.15960e-03,1.07,1.03
-4.15952e-03,1.07,1.09
-4.15944e-03,1.07,1.03
-4.15936e-03,1.07,1.09
-4.15928e-03,1.07,1.03
-4.15920e-03,1.09,1.09
-4.15912e-03,1.07,1.03
-4.15904e-03,1.09,1.09
-4.15896e-03,1.07,1.03
-4.15888e-03,1.07,1.09
-4.15880e-03,1.09,1.03
-4.15872e-03,1.09,1.09
-4.15864e-03,1.09,1.03
-4.15856e-03,1.07,1.11
-4.15848e-03,1.07,1.03
-4.15840e-03,1.07,1.09
-4.15832e-03,1.07,1.03
-4.15824e-03,1.07,1.09
-4.15816e-03,1.07,1.03
-4.15808e-03,1.09,1.09
-4.15800e-03,1.05,1.03
-4.15792e-03,1.07,1.09
-4.15784e-03,1.07,1.03
-4.15776e-03,1.07,1.09
-4.15768e-03,1.09,1.03
-4.15760e-03,1.07,1.09
-4.15752e-03,1.07,1.03
-4.15744e-03,1.07,1.09
-4.15736e-03,1.07,1.03
-4.15728e-03,1.07,1.09
-4.15720e-03,1.07,1.03
-4.15712e-03,1.07,1.09
-4.15704e-03,1.07,1.03
-4.15696e-03,1.09,1.09
-4.15688e-03,1.07,1.03
-4.15680e-03,1.07,1.09
-4.15672e-03,1.07,1.01
-4.15664e-03,1.07,1.09
-4.15656e-03,1.09,1.03
-4.15648e-03,1.09,1.11
-4.15640e-03,1.07,1.03
-4.15632e-03,1.07,1.09
-4.15624e-03,1.07,1.03
-4.15616e-03,1.07,1.09
-4.15608e-03,1.09,1.03
-4.15600e-03,1.07,1.11
-4.15592e-03,1.07,1.03
-4.15584e-03,1.07,1.11
-4.15576e-03,1.11,1.03
-4.15568e-03,1.05,1.11
-4.15560e-03,1.07,1.03
-4.15552e-03,1.07,1.11
-4.15544e-03,1.07,1.03
-4.15536e-03,1.07,1.09
-4.15528e-03,1.07,1.03
-4.15520e-03,1.09,1.09
-4.15512e-03,1.07,1.03
-4.15504e-03,1.07,1.09
-4.15496e-03,1.09,1.03
-4.15488e-03,1.07,1.09
-4.15480e-03,1.07,1.03
-4.15472e-03,1.07,1.09
-4.15464e-03,1.09,1.03
-4.15456e-03,1.07,1.11
-4.15448e-03,1.09,1.03
-4.15440e-03,1.07,1.11
-4.15432e-03,1.05,1.01
-4.15424e-03,1.07,1.09
-4.15416e-03,1.07,1.03
-4.15408e-03,1.07,1.09
-4.15400e-03,1.09,1.03
-4.15392e-03,1.09,1.09
-4.15384e-03,1.07,1.03
-4.15376e-03,1.09,1.09
-4.15368e-03,1.07,1.03
-4.15360e-03,1.09,1.09
-4.15352e-03,1.09,1.03
-4.15344e-03,1.09,1.11
-4.15336e-03,1.07,1.01
-4.15328e-03,1.07,1.09
-4.15320e-03,1.09,1.03
-4.15312e-03,1.07,1.09
-4.15304e-03,1.05,1.03
-4.15296e-03,1.05,1.09
-4.15288e-03,1.05,1.01
-4.15280e-03,1.07,1.09
-4.15272e-03,1.05,1.01
-4.15264e-03,1.07,1.07
-4.15256e-03,1.05,1.01
-4.15248e-03,1.07,1.07
-4.15240e-03,1.07,1.03
-4.15232e-03,1.09,1.09
-4.15224e-03,1.09,1.03
-4.15216e-03,1.09,1.09
-4.15208e-03,1.09,1.05
-4.15200e-03,1.07,1.09
-4.15192e-03,1.07,1.03
-4.15184e-03,1.09,1.09
-4.15176e-03,1.07,1.03
-4.15168e-03,1.07,1.09
-4.15160e-03,1.09,1.03
-4.15152e-03,1.07,1.09
-4.15144e-03,1.07,1.03
-4.15136e-03,1.05,1.09
-4.15128e-03,1.07,1.03
-4.15120e-03,1.07,1.09
-4.15112e-03,1.07,1.03
-4.15104e-03,1.09,1.09
-4.15096e-03,1.09,1.05
-4.15088e-03,1.07,1.11
-4.15080e-03,1.09,1.05
-4.15072e-03,1.07,1.11
-4.15064e-03,1.09,1.05
-4.15056e-03,1.07,1.11
-4.15048e-03,1.09,1.03
-4.15040e-03,1.09,1.09
-4.15032e-03,1.09,1.05
-4.15024e-03,1.07,1.11
-4.15016e-03,1.07,1.03
-4.15008e-03,1.09,1.11
-4.15000e-03,1.07,1.03
-4.14992e-03,1.09,1.11
-4.14984e-03,1.05,1.05
-4.14976e-03,1.09,1.11
-4.14968e-03,1.07,1.03
-4.14960e-03,1.09,1.11
-4.14952e-03,1.07,1.05
-4.14944e-03,1.07,1.11
-4.14936e-03,1.09,1.03
-4.14928e-03,1.09,1.09
-4.14920e-03,1.11,1.01
-4.14912e-03,1.09,1.13
-4.14904e-03,1.09,1.03
-4.14896e-03,1.09,1.11
-4.14888e-03,1.09,1.03
-4.14880e-03,1.07,1.11
-4.14872e-03,1.09,1.03
-4.14864e-03,1.09,1.09
-4.14856e-03,1.07,1.03
-4.14848e-03,1.09,1.11
-4.14840e-03,1.09,1.05
-4.14832e-03,1.09,1.09
-4.14824e-03,1.09,1.03
-4.14816e-03,1.09,1.09
-4.14808e-03,1.09,1.03
-4.14800e-03,1.07,1.09
-4.14792e-03,1.07,1.05
-4.14784e-03,1.07,1.11
-4.14776e-03,1.09,1.03
-4.14768e-03,1.09,1.11
-4.14760e-03,1.09,1.05
-4.14752e-03,1.07,1.09
-4.14744e-03,1.09,1.03
-4.14736e-03,1.09,1.11
-4.14728e-03,1.07,1.03
-4.14720e-03,1.07,1.09
-4.14712e-03,1.07,1.03
-4.14704e-03,1.09,1.09
-4.14696e-03,1.07,1.03
-4.14688e-03,1.07,1.11
-4.14680e-03,1.09,1.03
-4.14672e-03,1.07,1.11
-4.14664e-03,1.09,1.03
-4.14656e-03,1.07,1.11
-4.14648e-03,1.09,1.03
-4.14640e-03,1.09,1.09
-4.14632e-03,1.07,1.03
-4.14624e-03,1.07,1.11
-4.14616e-03,1.09,1.03
-4.14608e-03,1.09,1.09
-4.14600e-03,1.05,1.03
-4.14592e-03,1.07,1.11
-4.14584e-03,1.07,1.03
-4.14576e-03,1.09,1.09
-4.14568e-03,1.09,1.03
-4.14560e-03,1.07,1.11
-4.14552e-03,1.09,1.03
-4.14544e-03,1.07,1.09
-4.14536e-03,1.09,1.03
-4.14528e-03,1.07,1.09
-4.14520e-03,1.07,1.03
-4.14512e-03,1.07,1.09
-4.14504e-03,1.07,1.03
-4.14496e-03,1.09,1.09
-4.14488e-03,1.07,1.03
-4.14480e-03,1.09,1.09
-4.14472e-03,1.07,1.03
-4.14464e-03,1.09,1.09
-4.14456e-03,1.07,1.05
-4.14448e-03,1.07,1.09
-4.14440e-03,1.07,1.03
-4.14432e-03,1.07,1.11
-4.14424e-03,1.09,1.03
-4.14416e-03,1.07,1.09
-4.14408e-03,1.09,1.03
-4.14400e-03,1.07,1.11
-4.14392e-03,1.07,1.03
-4.14384e-03,1.09,1.09
-4.14376e-03,1.07,1.03
-4.14368e-03,1.09,1.09
-4.14360e-03,1.09,1.03
-4.14352e-03,1.09,1.09
-4.14344e-03,1.09,1.05
-4.14336e-03,1.09,1.09
-4.14328e-03,1.07,1.03
-4.14320e-03,1.09,1.09
-4.14312e-03,1.09,1.03
-4.14304e-03,1.09,1.09
-4.14296e-03,1.09,1.03
-4.14288e-03,1.09,1.09
-4.14280e-03,1.07,1.03
-4.14272e-03,1.07,1.09
-4.14264e-03,1.09,1.03
-4.14256e-03,1.07,1.09
-4.14248e-03,1.09,1.03
-4.14240e-03,1.09,1.11
-4.14232e-03,1.07,1.03
-4.14224e-03,1.09,1.09
-4.14216e-03,1.09,1.03
-4.14208e-03,1.09,1.09
-4.14200e-03,1.07,1.05
-4.14192e-03,1.09,1.09
-4.14184e-03,1.09,1.05
-4.14176e-03,1.09,1.09
-4.14168e-03,1.09,1.03
-4.14160e-03,1.07,1.09
-4.14152e-03,1.09,1.03
-4.14144e-03,1.07,1.09
-4.14136e-03,1.07,1.03
-4.14128e-03,1.07,1.09
-4.14120e-03,1.07,1.03
-4.14112e-03,1.07,1.09
-4.14104e-03,1.07,1.03
-4.14096e-03,1.07,1.09
-4.14088e-03,1.07,1.03
-4.14080e-03,1.07,1.09
-4.14072e-03,1.07,1.03
-4.14064e-03,1.09,1.11
-4.14056e-03,1.07,1.03
-4.14048e-03,1.07,1.09
-4.14040e-03,1.09,1.03
-4.14032e-03,1.09,1.09
-4.14024e-03,1.07,1.03
-4.14016e-03,1.07,1.09
-4.14008e-03,1.07,1.03
-4.14000e-03,1.07,1.09
-4.13992e-03,1.07,1.03
-4.13984e-03,1.07,1.09
-4.13976e-03,1.07,1.03
-4.13968e-03,1.07,1.09
-4.13960e-03,1.09,1.03
-4.13952e-03,1.09,1.09
-4.13944e-03,1.07,1.03
-4.13936e-03,1.09,1.09
-4.13928e-03,1.07,1.03
-4.13920e-03,1.07,1.09
-4.13912e-03,1.07,1.03
-4.13904e-03,1.09,1.09
-4.13896e-03,1.07,1.03
-4.13888e-03,1.07,1.09
-4.13880e-03,1.07,1.03
-4.13872e-03,1.05,1.09
-4.13864e-03,1.07,1.03
-4.13856e-03,1.05,1.09
-4.13848e-03,1.07,1.03
-4.13840e-03,1.07,1.09
-4.13832e-03,1.07,1.03
-4.13824e-03,1.09,1.09
-4.13816e-03,1.09,1.03
-4.13808e-03,1.07,1.09
-4.13800e-03,1.07,1.03
-4.13792e-03,1.09,1.09
-4.13784e-03,1.09,1.03
-4.13776e-03,1.09,1.09
-4.13768e-03,1.07,1.03
-4.13760e-03,1.07,1.09
-4.13752e-03,1.09,1.03
-4.13744e-03,1.07,1.09
-4.13736e-03,1.07,1.03
-4.13728e-03,1.07,1.11
-4.13720e-03,1.09,1.03
-4.13712e-03,1.07,1.11
-4.13704e-03,1.09,1.03
-4.13696e-03,1.09,1.09
-4.13688e-03,1.07,1.03
-4.13680e-03,1.07,1.09
-4.13672e-03,1.09,1.03
-4.13664e-03,1.07,1.09
-4.13656e-03,1.07,1.03
-4.13648e-03,1.07,1.09
-4.13640e-03,1.09,1.03
-4.13632e-03,1.07,1.09
-4.13624e-03,1.09,1.03
-4.13616e-03,1.09,1.11
-4.13608e-03,1.07,1.03
-4.13600e-03,1.07,1.09
-4.13592e-03,1.09,1.03
-4.13584e-03,1.09,1.11
-4.13576e-03,1.07,1.01
-4.13568e-03,1.07,1.09
-4.13560e-03,1.07,1.03
-4.13552e-03,1.07,1.11
-4.13544e-03,1.07,1.03
-4.13536e-03,1.07,1.09
-4.13528e-03,1.09,1.01
-4.13520e-03,1.07,1.09
-4.13512e-03,1.07,1.03
-4.13504e-03,1.09,1.09
-4.13496e-03,1.07,1.03
-4.13488e-03,1.07,1.09
-4.13480e-03,1.07,1.03
-4.13472e-03,1.07,1.09
-4.13464e-03,1.07,1.03
-4.13456e-03,1.09,1.09
-4.13448e-03,1.07,1.03
-4.13440e-03,1.09,1.11
-4.13432e-03,1.07,1.03
-4.13424e-03,1.09,1.09
-4.13416e-03,1.07,1.03
-4.13408e-03,1.09,1.09
-4.13400e-03,1.07,1.03
-4.13392e-03,1.07,1.09
-4.13384e-03,1.07,1.03
-4.13376e-03,1.07,1.09
-4.13368e-03,1.09,1.03
-4.13360e-03,1.07,1.09
-4.13352e-03,1.07,1.03
-4.13344e-03,1.07,1.09
-4.13336e-03,1.07,1.03
-4.13328e-03,1.07,1.09
-4.13320e-03,1.09,1.03
-4.13312e-03,1.07,1.09
-4.13304e-03,1.07,1.03
-4.13296e-03,1.07,1.09
-4.13288e-03,1.07,1.03
-4.13280e-03,1.07,1.09
-4.13272e-03,1.09,1.03
-4.13264e-03,1.07,1.09
-4.13256e-03,1.07,1.03
-4.13248e-03,1.07,1.09
-4.13240e-03,1.07,1.03
-4.13232e-03,1.07,1.09
-4.13224e-03,1.07,1.03
-4.13216e-03,1.09,1.09
-4.13208e-03,1.07,1.03
-4.13200e-03,1.07,1.09
-4.13192e-03,1.09,1.03
-4.13184e-03,1.09,1.09
-4.13176e-03,1.07,1.03
-4.13168e-03,1.09,1.09
-4.13160e-03,1.07,1.03
-4.13152e-03,1.07,1.09
-4.13144e-03,1.07,1.01
-4.13136e-03,1.07,1.09
-4.13128e-03,1.07,1.03
-4.13120e-03,1.07,1.09
-4.13112e-03,1.07,1.03
-4.13104e-03,1.07,1.09
-4.13096e-03,1.09,1.03
-4.13088e-03,1.07,1.09
-4.13080e-03,1.09,1.03
-4.13072e-03,1.07,1.09
-4.13064e-03,1.07,1.03
-4.13056e-03,1.05,1.09
-4.13048e-03,1.09,1.03
-4.13040e-03,1.09,1.09
-4.13032e-03,1.07,1.03
-4.13024e-03,1.07,1.09
-4.13016e-03,1.09,1.03
-4.13008e-03,1.07,1.09
-4.13000e-03,1.07,1.03
-4.12992e-03,1.07,1.09
-4.12984e-03,1.07,1.03
-4.12976e-03,1.07,1.09
-4.12968e-03,1.07,1.03
-4.12960e-03,1.07,1.09
-4.12952e-03,1.09,1.03
-4.12944e-03,1.07,1.09
-4.12936e-03,1.07,1.01
-4.12928e-03,1.07,1.09
-4.12920e-03,1.07,1.03
-4.12912e-03,1.07,1.09
-4.12904e-03,1.09,1.03
-4.12896e-03,0.73,1.09
-4.12888e-03,0.95,0.73
-4.12880e-03,0.97,1.09
-4.12872e-03,0.99,0.55
-4.12864e-03,1.01,1.03
-4.12856e-03,0.99,0.93
-4.12848e-03,0.99,1.05
-4.12840e-03,1.01,0.95
-4.12832e-03,1.03,1.03
-4.12824e-03,1.05,0.95
-4.12816e-03,1.05,1.05
-4.12808e-03,1.09,0.99
-4.12800e-03,1.11,1.07
-4.12792e-03,1.09,1.03
-4.12784e-03,1.11,1.11
-4.12776e-03,1.07,1.03
-4.12768e-03,1.09,1.11
-4.12760e-03,1.09,1.03
-4.12752e-03,1.07,1.11
-4.12744e-03,1.07,1.03
-4.12736e-03,1.07,1.11
-4.12728e-03,1.07,1.03
-4.12720e-03,1.05,1.09
-4.12712e-03,1.07,1.03
-4.12704e-03,1.07,1.09
-4.12696e-03,1.07,1.01
-4.12688e-03,1.05,1.09
-4.12680e-03,1.05,1.01
-4.12672e-03,1.07,1.09
-4.12664e-03,1.07,1.01
-4.12656e-03,1.07,1.09
-4.12648e-03,1.07,1.01
-4.12640e-03,1.09,1.09
-4.12632e-03,1.07,1.01
-4.12624e-03,1.07,1.09
-4.12616e-03,1.07,1.01
-4.12608e-03,1.07,1.09
-4.12600e-03,1.05,1.01
-4.12592e-03,1.05,1.07
-4.12584e-03,1.05,1.01
-4.12576e-03,1.05,1.09
-4.12568e-03,1.07,1.01
-4.12560e-03,1.05,1.09
-4.12552e-03,1.07,1.01
-4.12544e-03,1.05,1.07
-4.12536e-03,1.05,1.01
-4.12528e-03,1.07,1.07
-4.12520e-03,1.07,1.01
-4.12512e-03,1.05,1.09
-4.12504e-03,1.05,1.01
-4.12496e-03,1.07,1.09
-4.12488e-03,1.05,1.01
-4.12480e-03,1.07,1.09
-4.12472e-03,1.07,1.01
-4.12464e-03,1.07,1.09
-4.12456e-03,1.07,1.01
-4.12448e-03,1.05,1.09
-4.12440e-03,1.07,1.03
-4.12432e-03,1.05,1.09
-4.12424e-03,1.05,1.01
-4.12416e-03,1.05,1.07
-4.12408e-03,1.05,1.01
-4.12400e-03,1.05,1.09
-4.12392e-03,1.05,1.01
-4.12384e-03,1.07,1.09
-4.12376e-03,1.05,1.01
-4.12368e-03,1.05,1.07
-4.12360e-03,1.07,1.01
-4.12352e-03,1.07,1.07
-4.12344e-03,1.07,1.01
-4.12336e-03,1.05,1.09
-4.12328e-03,1.07,1.01
-4.12320e-03,1.09,1.07
-4.12312e-03,1.07,1.01
-4.12304e-03,1.05,1.09
-4.12296e-03,1.05,0.99
-4.12288e-03,1.05,1.09
-4.12280e-03,1.07,1.01
-4.12272e-03,1.07,1.09
-4.12264e-03,1.05,1.01
-4.12256e-03,1.07,1.09
-4.12248e-03,1.05,1.01
-4.12240e-03,1.07,1.09
-4.12232e-03,1.07,1.01
-4.12224e-03,1.05,1.09
-4.12216e-03,1.31,1.03
-4.12208e-03,1.13,1.09
-4.12200e-03,1.13,1.03
-4.12192e-03,1.11,1.59
-4.12184e-03,1.15,1.07
-4.12176e-03,1.13,1.17
-4.12168e-03,1.13,1.07
-4.12160e-03,1.09,1.15
-4.12152e-03,1.11,1.07
-4.12144e-03,1.07,1.15
-4.12136e-03,1.07,1.05
-4.12128e-03,1.07,1.11
-4.12120e-03,1.07,1.03
-4.12112e-03,1.05,1.09
-4.12104e-03,1.05,1.01
-4.12096e-03,1.05,1.07
-4.12088e-03,1.05,1.01
-4.12080e-03,1.07,1.07
-4.12072e-03,1.03,1.01
-4.12064e-03,1.09,1.07
-4.12056e-03,1.07,1.01
-4.12048e-03,1.07,1.09
-4.12040e-03,1.07,1.01
-4.12032e-03,1.05,1.09
-4.12024e-03,1.07,1.03
-4.12016e-03,1.07,1.09
-4.12008e-03,1.07,1.03
-4.12000e-03,1.07,1.09
-4.11992e-03,1.07,1.03
-4.11984e-03,1.07,1.09
-4.11976e-03,1.07,1.03
-4.11968e-03,1.05,1.09
-4.11960e-03,1.07,1.03
-4.11952e-03,1.07,1.09
-4.11944e-03,1.07,1.01
-4.11936e-03,1.09,1.09
-4.11928e-03,1.07,1.01
-4.11920e-03,1.07,1.09
-4.11912e-03,1.07,1.03
-4.11904e-03,1.07,1.09
-4.11896e-03,1.07,1.03
-4.11888e-03,1.07,1.09
-4.11880e-03,1.05,1.03
-4.11872e-03,1.07,1.09
-4.11864e-03,1.09,1.03
-4.11856e-03,1.05,1.09
-4.11848e-03,1.07,1.03
-4.11840e-03,1.07,1.09
-4.11832e-03,1.09,1.01
-4.11824e-03,1.09,1.11
-4.11816e-03,1.07,1.03
-4.11808e-03,1.05,1.11
-4.11800e-03,1.09,1.01
-4.11792e-03,1.07,1.09
-4.11784e-03,1.07,1.03
-4.11776e-03,1.07,1.11
-4.11768e-03,1.09,1.03
-4.11760e-03,1.07,1.09
-4.11752e-03,1.09,1.03
-4.11744e-03,1.07,1.09
-4.11736e-03,1.07,1.03
-4.11728e-03,1.07,1.11
-4.11720e-03,1.07,1.01
-4.11712e-03,1.09,1.09
-4.11704e-03,1.07,1.03
-4.11696e-03,1.07,1.09
-4.11688e-03,1.07,1.01
-4.11680e-03,1.07,1.09
-4.11672e-03,1.05,1.03
-4.11664e-03,1.07,1.09
-4.11656e-03,1.07,1.03
-4.11648e-03,1.09,1.09
-4.11640e-03,1.05,1.03
-4.11632e-03,1.09,1.09
-4.11624e-03,1.07,1.01
-4.11616e-03,1.07,1.09
-4.11608e-03,1.05,1.03
-4.11600e-03,1.07,1.09
-4.11592e-03,1.07,1.03
-4.11584e-03,1.07,1.09
-4.11576e-03,1.07,1.03
-4.11568e-03,1.07,1.09
-4.11560e-03,1.05,1.03
-4.11552e-03,1.09,1.09
-4.11544e-03,1.05,1.03
-4.11536e-03,1.09,1.09
-4.11528e-03,1.07,1.03
-4.11520e-03,1.07,1.09
-4.11512e-03,1.07,1.03
-4.11504e-03,1.07,1.09
-4.11496e-03,1.07,1.03
-4.11488e-03,1.07,1.09
-4.11480e-03,1.07,1.03
-4.11472e-03,1.07,1.09
-4.11464e-03,1.09,1.03
-4.11456e-03,1.05,1.09
-4.11448e-03,1.07,1.03
-4.11440e-03,1.07,1.09
-4.11432e-03,1.05,1.03
-4.11424e-03,1.07,1.09
-4.11416e-03,1.07,1.03
-4.11408e-03,1.09,1.09
-4.11400e-03,1.05,1.03
-4.11392e-03,1.09,1.09
-4.11384e-03,1.07,1.03
-4.11376e-03,1.09,1.09
-4.11368e-03,1.07,1.03
-4.11360e-03,1.07,1.09
-4.11352e-03,1.07,1.03
-4.11344e-03,1.07,1.09
-4.11336e-03,1.07,1.03
-4.11328e-03,1.05,1.09
-4.11320e-03,1.07,1.03
-4.11312e-03,1.07,1.09
-4.11304e-03,1.09,1.03
-4.11296e-03,1.07,1.09
-4.11288e-03,1.07,1.03
-4.11280e-03,1.09,1.09
-4.11272e-03,1.07,1.01
-4.11264e-03,1.07,1.09
-4.11256e-03,1.05,1.03
-4.11248e-03,1.07,1.11
-4.11240e-03,1.07,1.03
-4.11232e-03,1.05,1.09
-4.11224e-03,1.09,1.03
-4.11216e-03,1.07,1.09
-4.11208e-03,1.07,1.03
-4.11200e-03,1.07,1.09
-4.11192e-03,1.07,1.03
-4.11184e-03,1.07,1.09
-4.11176e-03,1.07,1.03
-4.11168e-03,1.05,1.09
-4.11160e-03,1.05,1.03
-4.11152e-03,1.07,1.09
-4.11144e-03,1.05,1.03
-4.11136e-03,1.07,1.09
-4.11128e-03,1.09,1.03
-4.11120e-03,1.07,1.09
-4.11112e-03,1.07,1.03
-4.11104e-03,1.07,1.09
-4.11096e-03,1.07,1.03
-4.11088e-03,1.07,1.09
-4.11080e-03,1.07,1.03
-4.11072e-03,1.07,1.09
-4.11064e-03,1.09,1.03
-4.11056e-03,1.09,1.09
-4.11048e-03,1.09,1.03
-4.11040e-03,1.09,1.09
-4.11032e-03,1.07,1.03
-4.11024e-03,1.09,1.09
-4.11016e-03,1.07,1.03
-4.11008e-03,1.09,1.09
-4.11000e-03,1.07,1.01
-4.10992e-03,1.09,1.11
-4.10984e-03,1.07,1.03
-4.10976e-03,1.09,1.11
-4.10968e-03,1.07,1.03
-4.10960e-03,1.07,1.09
-4.10952e-03,1.07,1.03
-4.10944e-03,1.07,1.11
-4.10936e-03,1.11,1.03
-4.10928e-03,1.09,1.09
-4.10920e-03,1.09,1.03
-4.10912e-03,1.07,1.11
-4.10904e-03,1.07,1.03
-4.10896e-03,1.09,1.11
-4.10888e-03,1.07,1.03
-4.10880e-03,1.09,1.11
-4.10872e-03,1.07,1.03
-4.10864e-03,1.09,1.09
-4.10856e-03,1.07,1.03
-4.10848e-03,1.07,1.11
-4.10840e-03,1.07,1.05
-4.10832e-03,1.07,1.11
-4.10824e-03,1.09,1.03
-4.10816e-03,1.07,1.09
-4.10808e-03,1.09,1.03
-4.10800e-03,1.07,1.09
-4.10792e-03,1.07,1.05
-4.10784e-03,1.09,1.11
-4.10776e-03,1.09,1.03
-4.10768e-03,1.09,1.09
-4.10760e-03,1.09,1.05
-4.10752e-03,1.07,1.09
-4.10744e-03,1.07,1.03
-4.10736e-03,1.07,1.09
-4.10728e-03,1.07,1.03
-4.10720e-03,1.09,1.09
-4.10712e-03,1.07,1.05
-4.10704e-03,1.09,1.09
-4.10696e-03,1.09,1.03
-4.10688e-03,1.07,1.09
-4.10680e-03,1.09,1.03
-4.10672e-03,1.09,1.09
-4.10664e-03,1.07,1.03
-4.10656e-03,1.07,1.09
-4.10648e-03,1.07,1.03
-4.10640e-03,1.07,1.09
-4.10632e-03,1.07,1.03
-4.10624e-03,1.09,1.11
-4.10616e-03,1.07,1.03
-4.10608e-03,1.09,1.09
-4.10600e-03,1.07,1.03
-4.10592e-03,1.07,1.09
-4.10584e-03,1.07,1.05
-4.10576e-03,1.07,1.09
-4.10568e-03,1.09,1.05
-4.10560e-03,1.09,1.11
-4.10552e-03,1.07,1.03
-4.10544e-03,1.07,1.09
-4.10536e-03,1.09,1.03
-4.10528e-03,1.09,1.09
-4.10520e-03,1.09,1.05
-4.10512e-03,1.09,1.09
-4.10504e-03,1.09,1.03
-4.10496e-03,1.07,1.09
-4.10488e-03,1.07,1.05
-4.10480e-03,1.07,1.09
-4.10472e-03,1.07,1.05
-4.10464e-03,1.09,1.09
-4.10456e-03,1.05,1.05
-4.10448e-03,1.07,1.09
-4.10440e-03,1.07,1.03
-4.10432e-03,1.07,1.09
-4.10424e-03,1.07,1.03
-4.10416e-03,1.07,1.09
-4.10408e-03,1.09,1.03
-4.10400e-03,1.07,1.09
-4.10392e-03,1.09,1.03
-4.10384e-03,1.09,1.09
-4.10376e-03,1.07,1.03
-4.10368e-03,1.09,1.09
-4.10360e-03,1.07,1.03
-4.10352e-03,1.07,1.09
-4.10344e-03,1.09,1.03
-4.10336e-03,1.09,1.09
-4.10328e-03,1.07,1.03
-4.10320e-03,1.07,1.11
-4.10312e-03,1.05,1.03
-4.10304e-03,1.07,1.11
-4.10296e-03,1.09,1.03
-4.10288e-03,1.07,1.09
-4.10280e-03,1.09,1.05
-4.10272e-03,1.07,1.09
-4.10264e-03,1.09,1.03
-4.10256e-03,1.09,1.09
-4.10248e-03,1.07,1.03
-4.10240e-03,1.09,1.11
-4.10232e-03,1.07,1.03
-4.10224e-03,1.09,1.09
-4.10216e-03,1.07,1.03
-4.10208e-03,1.07,1.09
-4.10200e-03,1.05,1.03
-4.10192e-03,1.09,1.09
-4.10184e-03,1.07,1.03
-4.10176e-03,1.07,1.09
-4.10168e-03,1.07,1.03
-4.10160e-03,1.09,1.09
-4.10152e-03,1.07,1.03
-4.10144e-03,1.05,1.11
-4.10136e-03,1.09,1.03
-4.10128e-03,1.09,1.11
-4.10120e-03,1.09,1.03
-4.10112e-03,1.07,1.09
-4.10104e-03,1.09,1.03
-4.10096e-03,1.09,1.09
-4.10088e-03,1.05,1.03
-4.10080e-03,1.07,1.11
-4.10072e-03,1.07,1.01
-4.10064e-03,1.07,1.11
-4.10056e-03,1.09,1.03
-4.10048e-03,1.09,1.11
-4.10040e-03,1.09,1.03
-4.10032e-03,1.07,1.11
-4.10024e-03,1.09,1.03
-4.10016e-03,1.07,1.09
-4.10008e-03,1.09,1.03
-4.10000e-03,1.09,1.11
-4.09992e-03,1.07,1.03
-4.09984e-03,1.09,1.11
-4.09976e-03,1.09,1.05
-4.09968e-03,1.09,1.09
-4.09960e-03,1.09,1.03
-4.09952e-03,1.09,1.09
-4.09944e-03,1.09,1.03
-4.09936e-03,1.07,1.09
-4.09928e-03,1.09,1.05
-4.09920e-03,1.09,1.11
-4.09912e-03,1.07,1.03
-4.09904e-03,1.07,1.11
-4.09896e-03,1.07,1.03
-4.09888e-03,1.09,1.11
-4.09880e-03,1.09,1.05
-4.09872e-03,1.07,1.11
-4.09864e-03,1.09,1.05
-4.09856e-03,1.09,1.11
-4.09848e-03,1.09,1.05
-4.09840e-03,1.09,1.11
-4.09832e-03,1.09,1.05
-4.09824e-03,1.09,1.09
-4.09816e-03,1.09,1.05
-4.09808e-03,1.09,1.11
-4.09800e-03,1.09,1.05
-4.09792e-03,1.09,1.09
-4.09784e-03,1.07,1.05
-4.09776e-03,1.09,1.11
-4.09768e-03,1.09,1.05
-4.09760e-03,1.09,1.09
-4.09752e-03,1.07,1.05
-4.09744e-03,1.07,1.09
-4.09736e-03,1.09,1.03
-4.09728e-03,1.07,1.11
-4.09720e-03,1.07,1.05
-4.09712e-03,1.09,1.11
-4.09704e-03,1.11,1.03
-4.09696e-03,1.09,1.11
-4.09688e-03,1.07,1.03
-4.09680e-03,1.07,1.11
-4.09672e-03,1.07,1.03
-4.09664e-03,1.09,1.11
-4.09656e-03,1.09,1.03
-4.09648e-03,1.09,1.09
-4.09640e-03,1.07,1.03
-4.09632e-03,1.07,1.09
-4.09624e-03,1.09,1.03
-4.09616e-03,1.07,1.09
-4.09608e-03,1.09,1.03
-4.09600e-03,1.07,1.09
-4.09592e-03,1.09,1.03
-4.09584e-03,1.09,1.09
-4.09576e-03,1.09,1.03
-4.09568e-03,1.09,1.09
-4.09560e-03,1.09,1.03
-4.09552e-03,1.09,1.09
-4.09544e-03,1.09,1.05
-4.09536e-03,1.09,1.09
-4.09528e-03,1.09,1.03
-4.09520e-03,1.07,1.09
-4.09512e-03,1.09,1.03
-4.09504e-03,1.07,1.11
-4.09496e-03,1.09,1.03
-4.09488e-03,1.07,1.11
-4.09480e-03,1.09,1.03
-4.09472e-03,1.07,1.11
-4.09464e-03,1.07,1.03
-4.09456e-03,1.07,1.11
-4.09448e-03,1.07,1.03
-4.09440e-03,1.07,1.09
-4.09432e-03,1.07,1.05
-4.09424e-03,1.07,1.09
-4.09416e-03,1.07,1.05
-4.09408e-03,1.07,1.09
-4.09400e-03,1.07,1.03
-4.09392e-03,1.07,1.09
-4.09384e-03,1.07,1.03
-4.09376e-03,1.07,1.11
-4.09368e-03,1.07,1.03
-4.09360e-03,1.07,1.11
-4.09352e-03,1.09,1.03
-4.09344e-03,1.07,1.09
-4.09336e-03,1.07,1.03
-4.09328e-03,1.07,1.09
-4.09320e-03,1.07,1.03
-4.09312e-03,1.07,1.09
-4.09304e-03,1.07,1.03
-4.09296e-03,1.07,1.09
-4.09288e-03,1.07,1.03
-4.09280e-03,1.09,1.09
-4.09272e-03,1.07,1.03
-4.09264e-03,1.07,1.09
-4.09256e-03,1.07,1.03
-4.09248e-03,1.09,1.09
-4.09240e-03,1.07,1.03
-4.09232e-03,1.07,1.09
-4.09224e-03,1.07,1.03
-4.09216e-03,1.09,1.09
-4.09208e-03,1.09,1.03
-4.09200e-03,1.07,1.11
-4.09192e-03,1.09,1.03
-4.09184e-03,1.07,1.09
-4.09176e-03,1.05,1.03
-4.09168e-03,1.07,1.09
-4.09160e-03,1.07,1.03
-4.09152e-03,1.07,1.11
-4.09144e-03,1.07,1.03
-4.09136e-03,1.09,1.09
-4.09128e-03,1.09,1.03
-4.09120e-03,1.07,1.09
-4.09112e-03,1.09,1.03
-4.09104e-03,1.07,1.09
-4.09096e-03,1.07,1.03
-4.09088e-03,1.07,1.09
-4.09080e-03,1.09,1.03
-4.09072e-03,1.07,1.09
-4.09064e-03,1.07,1.03
-4.09056e-03,1.09,1.09
-4.09048e-03,1.07,1.03
-4.09040e-03,1.07,1.09
-4.09032e-03,1.07,1.03
-4.09024e-03,1.07,1.11
-4.09016e-03,1.07,1.03
-4.09008e-03,1.09,1.09
-4.09000e-03,1.07,1.03
-4.08992e-03,1.07,1.09
-4.08984e-03,1.09,1.03
-4.08976e-03,1.07,1.09
-4.08968e-03,1.09,1.03
-4.08960e-03,1.09,1.09
-4.08952e-03,1.07,1.03
-4.08944e-03,1.07,1.09
-4.08936e-03,1.09,1.03
-4.08928e-03,1.05,1.09
-4.08920e-03,1.07,1.03
-4.08912e-03,1.05,1.09
-4.08904e-03,1.09,1.03
-4.08896e-03,1.07,1.09
-4.08888e-03,1.07,1.03
-4.08880e-03,1.09,1.11
-4.08872e-03,1.07,1.05
-4.08864e-03,1.09,1.09
-4.08856e-03,1.07,1.03
-4.08848e-03,1.07,1.11
-4.08840e-03,1.07,1.03
-4.08832e-03,1.07,1.09
-4.08824e-03,1.07,1.03
-4.08816e-03,1.07,1.09
-4.08808e-03,1.05,1.03
-4.08800e-03,1.07,1.09
-4.08792e-03,1.07,1.01
-4.08784e-03,1.05,1.15
-4.08776e-03,1.03,1.01
-4.08768e-03,1.03,1.09
-4.08760e-03,1.01,1.01
-4.08752e-03,0.99,1.09
-4.08744e-03,0.97,0.97
-4.08736e-03,0.91,1.05
-4.08728e-03,0.73,0.89
-4.08720e-03,0.39,0.99
-4.08712e-03,0.09,0.37
-4.08704e-03,0.07,0.91
-4.08696e-03,0.07,0.03
-4.08688e-03,0.05,0.37
-4.08680e-03,0.07,0.03
-4.08672e-03,0.05,0.09
-4.08664e-03,0.03,0.01
-4.08656e-03,0.05,0.07
-4.08648e-03,0.03,0.01
-4.08640e-03,0.05,0.07
-4.08632e-03,0.03,0.01
-4.08624e-03,0.05,0.07
-4.08616e-03,0.03,-0.01
-4.08608e-03,0.05,0.07
-4.08600e-03,0.03,0.01
-4.08592e-03,0.05,0.07
-4.08584e-03,0.05,-0.01
-4.08576e-03,0.05,0.07
-4.08568e-03,0.03,-0.01
-4.08560e-03,0.05,0.07
-4.08552e-03,0.03,-0.01
-4.08544e-03,0.03,0.05
-4.08536e-03,0.05,0.01
-4.08528e-03,0.03,0.07
-4.08520e-03,0.03,-0.01
-4.08512e-03,0.03,0.07
-4.08504e-03,0.03,-0.01
-4.08496e-03,0.03,0.07
-4.08488e-03,0.05,-0.01
-4.08480e-03,0.03,0.07
-4.08472e-03,0.05,-0.01
-4.08464e-03,0.05,0.07
-4.08456e-03,0.03,-0.01
-4.08448e-03,0.03,0.05
-4.08440e-03,0.07,-0.01
-4.08432e-03,0.01,0.07
-4.08424e-03,0.05,-0.01
-4.08416e-03,0.03,0.07
-4.08408e-03,0.05,-0.01
-4.08400e-03,0.03,0.07
-4.08392e-03,0.03,-0.01
-4.08384e-03,0.05,0.07
-4.08376e-03,0.03,-0.01
-4.08368e-03,0.05,0.05
-4.08360e-03,0.01,0.01
-4.08352e-03,0.05,0.07
-4.08344e-03,0.03,-0.01
-4.08336e-03,0.05,0.07
-4.08328e-03,0.03,-0.01
-4.08320e-03,0.03,0.07
-4.08312e-03,0.05,-0.01
-4.08304e-03,0.03,0.05
-4.08296e-03,0.03,-0.01
-4.08288e-03,0.05,0.05
-4.08280e-03,0.03,-0.01
-4.08272e-03,0.03,0.07
-4.08264e-03,0.03,-0.01
-4.08256e-03,0.05,0.07
-4.08248e-03,0.03,-0.01
-4.08240e-03,0.03,0.07
-4.08232e-03,0.03,-0.01
-4.08224e-03,0.03,0.05
-4.08216e-03,0.03,-0.01
-4.08208e-03,0.05,0.07
-4.08200e-03,0.03,-0.01
-4.08192e-03,0.03,0.07
-4.08184e-03,0.03,-0.01
-4.08176e-03,0.03,0.07
-4.08168e-03,0.05,-0.01
-4.08160e-03,0.05,0.05
-4.08152e-03,0.05,-0.01
-4.08144e-03,0.05,0.07
-4.08136e-03,0.03,-0.01
-4.08128e-03,0.07,0.07
-4.08120e-03,0.03,-0.01
-4.08112e-03,0.03,0.07
-4.08104e-03,0.03,-0.01
-4.08096e-03,0.05,0.05
-4.08088e-03,0.03,-0.01
-4.08080e-03,0.03,0.07
-4.08072e-03,0.03,-0.01
-4.08064e-03,0.03,0.07
-4.08056e-03,0.03,-0.01
-4.08048e-03,0.03,0.05
-4.08040e-03,0.05,-0.01
-4.08032e-03,0.03,0.05
-4.08024e-03,0.03,-0.01
-4.08016e-03,0.05,0.05
-4.08008e-03,0.05,-0.01
-4.08000e-03,0.05,0.05
-4.07992e-03,0.01,-0.01
-4.07984e-03,0.03,0.05
-4.07976e-03,0.03,-0.01
-4.07968e-03,0.05,0.05
-4.07960e-03,0.03,-0.01
-4.07952e-03,0.05,0.05
-4.07944e-03,0.03,-0.01
-4.07936e-03,0.03,0.05
-4.07928e-03,0.03,-0.01
-4.07920e-03,0.03,0.07
-4.07912e-03,0.07,-0.01
-4.07904e-03,0.01,0.05
-4.07896e-03,0.03,-0.01
-4.07888e-03,-0.11,0.07
-4.07880e-03,0.03,-0.15
-4.07872e-03,0.03,0.05
-4.07864e-03,0.01,-0.17
-4.07856e-03,0.03,0.05
-4.07848e-03,0.01,-0.03
-4.07840e-03,0.01,0.07
-4.07832e-03,0.03,-0.03
-4.07824e-03,0.01,0.03
-4.07816e-03,0.01,-0.01
-4.07808e-03,0.01,0.05
-4.07800e-03,0.03,-0.01
-4.07792e-03,0.01,0.05
-4.07784e-03,0.03,-0.01
-4.07776e-03,0.01,0.05
-4.07768e-03,0.03,-0.01
-4.07760e-03,0.03,0.03
-4.07752e-03,0.01,-0.01
-4.07744e-03,0.03,0.03
-4.07736e-03,0.03,-0.01
-4.07728e-03,0.03,0.05
-4.07720e-03,0.03,-0.01
-4.07712e-03,0.03,0.05
-4.07704e-03,0.03,-0.01
-4.07696e-03,0.03,0.05
-4.07688e-03,0.01,-0.01
-4.07680e-03,0.01,0.05
-4.07672e-03,0.03,-0.01
-4.07664e-03,0.01,0.05
-4.07656e-03,0.03,-0.01
-4.07648e-03,0.01,0.05
-4.07640e-03,0.03,-0.01
-4.07632e-03,0.01,0.05
-4.07624e-03,0.01,-0.03
-4.07616e-03,0.01,0.05
-4.07608e-03,0.01,-0.01
-4.07600e-03,0.05,0.05
-4.07592e-03,0.01,-0.01
-4.07584e-03,0.03,0.05
-4.07576e-03,0.03,-0.03
-4.07568e-03,0.01,0.05
-4.07560e-03,0.03,-0.01
-4.07552e-03,0.03,0.05
-4.07544e-03,0.03,-0.01
-4.07536e-03,0.01,0.05
-4.07528e-03,0.05,-0.03
-4.07520e-03,0.01,0.05
-4.07512e-03,0.01,-0.01
-4.07504e-03,0.01,0.05
-4.07496e-03,0.03,-0.01
-4.07488e-03,0.03,0.05
-4.07480e-03,0.03,-0.01
-4.07472e-03,0.01,0.05
-4.07464e-03,0.01,-0.01
-4.07456e-03,0.03,0.05
-4.07448e-03,0.03,-0.01
-4.07440e-03,0.03,0.05
-4.07432e-03,0.01,-0.01
-4.07424e-03,0.03,0.05
-4.07416e-03,0.03,-0.01
-4.07408e-03,0.03,0.05
-4.07400e-03,0.03,-0.01
-4.07392e-03,0.01,0.05
-4.07384e-03,0.07,-0.03
-4.07376e-03,0.01,0.05
-4.07368e-03,0.03,-0.03
-4.07360e-03,0.03,0.07
-4.07352e-03,0.01,-0.03
-4.07344e-03,0.03,0.05
-4.07336e-03,0.01,-0.03
-4.07328e-03,0.03,0.07
-4.07320e-03,0.01,-0.03
-4.07312e-03,0.05,0.05
-4.07304e-03,0.01,-0.01
-4.07296e-03,0.03,0.05
-4.07288e-03,0.03,-0.03
-4.07280e-03,0.03,0.05
-4.07272e-03,0.05,-0.03
-4.07264e-03,0.01,0.05
-4.07256e-03,0.03,-0.01
-4.07248e-03,0.01,0.05
-4.07240e-03,0.03,-0.01
-4.07232e-03,0.01,0.05
-4.07224e-03,0.03,-0.03
-4.07216e-03,0.07,0.05
-4.07208e-03,0.11,-0.03
-4.07200e-03,0.07,0.07
-4.07192e-03,0.05,0.03
-4.07184e-03,0.05,0.31
-4.07176e-03,0.03,-0.01
-4.07168e-03,0.05,0.09
-4.07160e-03,0.03,-0.01
-4.07152e-03,0.05,0.05
-4.07144e-03,0.05,-0.01
-4.07136e-03,0.03,0.07
-4.07128e-03,0.05,-0.01
-4.07120e-03,0.03,0.07
-4.07112e-03,0.05,-0.01
-4.07104e-03,0.03,0.05
-4.07096e-03,0.03,-0.01
-4.07088e-03,0.03,0.05
-4.07080e-03,0.05,-0.01
-4.07072e-03,0.01,0.07
-4.07064e-03,0.03,-0.05
-4.07056e-03,0.01,0.09
-4.07048e-03,0.03,-0.03
-4.07040e-03,0.05,0.07
-4.07032e-03,0.03,-0.01
-4.07024e-03,0.03,0.05
-4.07016e-03,0.03,-0.01
-4.07008e-03,0.03,0.05
-4.07000e-03,0.03,-0.01
-4.06992e-03,0.05,0.05
-4.06984e-03,0.05,-0.01
-4.06976e-03,0.03,0.07
-4.06968e-03,0.03,-0.01
-4.06960e-03,0.03,0.07
-4.06952e-03,0.05,-0.01
-4.06944e-03,0.03,0.05
-4.06936e-03,0.03,-0.01
-4.06928e-03,0.03,0.05
-4.06920e-03,0.03,-0.01
-4.06912e-03,0.03,0.05
-4.06904e-03,0.03,-0.01
-4.06896e-03,0.05,0.05
-4.06888e-03,0.03,-0.01
-4.06880e-03,0.05,0.05
-4.06872e-03,0.05,-0.01
-4.06864e-03,0.03,0.05
-4.06856e-03,0.05,-0.03
-4.06848e-03,0.03,0.05
-4.06840e-03,0.05,-0.01
-4.06832e-03,0.05,0.05
-4.06824e-03,0.05,-0.01
-4.06816e-03,0.03,0.05
-4.06808e-03,0.03,-0.01
-4.06800e-03,0.05,0.07
-4.06792e-03,0.03,-0.01
-4.06784e-03,0.03,0.05
-4.06776e-03,0.03,-0.01
-4.06768e-03,0.03,0.05
-4.06760e-03,0.03,-0.01
-4.06752e-03,0.03,0.05
-4.06744e-03,0.03,-0.01
-4.06736e-03,0.05,0.05
-4.06728e-03,0.03,-0.01
-4.06720e-03,0.03,0.05
-4.06712e-03,0.03,-0.01
-4.06704e-03,0.03,0.05
-4.06696e-03,0.03,-0.01
-4.06688e-03,0.03,0.05
-4.06680e-03,0.03,-0.01
-4.06672e-03,0.03,0.05
-4.06664e-03,0.05,-0.01
-4.06656e-03,0.03,0.05
-4.06648e-03,0.01,-0.01
-4.06640e-03,0.03,0.05
-4.06632e-03,0.03,-0.01
-4.06624e-03,0.03,0.05
-4.06616e-03,0.03,-0.01
-4.06608e-03,0.05,0.05
-4.06600e-03,0.03,-0.01
-4.06592e-03,0.03,0.07
-4.06584e-03,0.05,-0.01
-4.06576e-03,0.05,0.05
-4.06568e-03,0.05,-0.01
-4.06560e-03,0.03,0.05
-4.06552e-03,0.03,-0.01
-4.06544e-03,0.01,0.05
-4.06536e-03,0.03,-0.01
-4.06528e-03,0.03,0.05
-4.06520e-03,0.03,-0.03
-4.06512e-03,0.03,0.05
-4.06504e-03,0.03,-0.01
-4.06496e-03,0.03,0.03
-4.06488e-03,0.03,-0.01
-4.06480e-03,0.01,0.05
-4.06472e-03,0.03,-0.01
-4.06464e-03,0.03,0.05
-4.06456e-03,0.05,-0.03
-4.06448e-03,0.03,0.05
-4.06440e-03,0.03,-0.01
-4.06432e-03,0.01,0.05
-4.06424e-03,0.03,-0.01
-4.06416e-03,0.03,0.05
-4.06408e-03,0.03,-0.01
-4.06400e-03,0.03,0.05
-4.06392e-03,0.01,-0.01
-4.06384e-03,0.03,0.05
-4.06376e-03,0.03,-0.01
-4.06368e-03,0.03,0.05
-4.06360e-03,0.03,-0.01
-4.06352e-03,0.03,0.05
-4.06344e-03,0.03,-0.03
-4.06336e-03,0.03,0.05
-4.06328e-03,0.03,-0.01
-4.06320e-03,0.03,0.05
-4.06312e-03,0.03,-0.01
-4.06304e-03,0.03,0.05
-4.06296e-03,0.03,-0.01
-4.06288e-03,0.03,0.05
-4.06280e-03,0.03,-0.01
-4.06272e-03,0.03,0.05
-4.06264e-03,0.01,-0.01
-4.06256e-03,0.01,0.05
-4.06248e-03,0.01,-0.01
-4.06240e-03,0.03,0.05
-4.06232e-03,0.01,-0.01
-4.06224e-03,0.03,0.05
-4.06216e-03,0.03,-0.01
-4.06208e-03,0.03,0.05
-4.06200e-03,0.03,-0.01
-4.06192e-03,0.03,0.05
-4.06184e-03,0.03,-0.01
-4.06176e-03,0.03,0.05
-4.06168e-03,0.03,-0.01
-4.06160e-03,0.03,0.05
-4.06152e-03,0.03,-0.01
-4.06144e-03,0.01,0.05
-4.06136e-03,0.03,-0.01
-4.06128e-03,0.03,0.05
-4.06120e-03,0.05,-0.01
-4.06112e-03,0.05,0.05
-4.06104e-03,0.03,-0.03
-4.06096e-03,0.03,0.07
-4.06088e-03,0.03,-0.03
-4.06080e-03,0.03,0.05
-4.06072e-03,0.03,-0.05
-4.06064e-03,0.03,0.05
-4.06056e-03,0.03,-0.01
-4.06048e-03,0.01,0.05
-4.06040e-03,0.01,-0.01
-4.06032e-03,0.01,0.05
-4.06024e-03,0.03,-0.01
-4.06016e-03,0.03,0.03
-4.06008e-03,0.01,-0.01
-4.06000e-03,0.03,0.05
-4.05992e-03,0.03,-0.01
-4.05984e-03,0.01,0.03
-4.05976e-03,0.03,-0.01
-4.05968e-03,0.03,0.03
-4.05960e-03,0.01,-0.01
-4.05952e-03,0.03,0.05
-4.05944e-03,0.01,-0.01
-4.05936e-03,0.01,0.05
-4.05928e-03,0.03,-0.01
-4.05920e-03,0.03,0.05
-4.05912e-03,0.03,-0.01
-4.05904e-03,0.01,0.05
-4.05896e-03,0.03,-0.03
-4.05888e-03,0.01,0.05
-4.05880e-03,0.03,-0.03
-4.05872e-03,0.03,0.03
-4.05864e-03,0.01,-0.03
-4.05856e-03,0.01,0.05
-4.05848e-03,0.03,-0.01
-4.05840e-03,0.03,0.03
-4.05832e-03,0.01,-0.03
-4.05824e-03,0.01,0.03
-4.05816e-03,0.01,-0.03
-4.05808e-03,0.03,0.05
-4.05800e-03,0.01,-0.01
-4.05792e-03,0.01,0.03
-4.05784e-03,0.01,-0.01
-4.05776e-03,0.01,0.05
-4.05768e-03,0.03,-0.03
-4.05760e-03,0.03,0.03
-4.05752e-03,0.01,-0.03
-4.05744e-03,0.03,0.05
-4.05736e-03,0.01,-0.01
-4.05728e-03,0.03,0.03
-4.05720e-03,0.01,-0.01
-4.05712e-03,0.01,0.05
-4.05704e-03,0.01,-0.03
-4.05696e-03,0.03,0.03
-4.05688e-03,0.01,-0.03
-4.05680e-03,0.05,0.03
-4.05672e-03,0.01,-0.03
-4.05664e-03,0.03,0.05
-4.05656e-03,0.01,-0.03
-4.05648e-03,0.03,0.05
-4.05640e-03,0.01,-0.01
-4.05632e-03,-0.01,0.03
-4.05624e-03,0.03,-0.03
-4.05616e-03,0.01,0.05
-4.05608e-03,0.03,-0.03
-4.05600e-03,0.03,0.05
-4.05592e-03,0.01,-0.03
-4.05584e-03,0.01,0.05
-4.05576e-03,0.05,-0.03
-4.05568e-03,0.03,0.05
-4.05560e-03,0.01,-0.03
-4.05552e-03,0.01,0.05
-4.05544e-03,0.03,-0.03
-4.05536e-03,0.03,0.05
-4.05528e-03,0.03,-0.01
-4.05520e-03,0.01,0.05
-4.05512e-03,0.03,-0.01
-4.05504e-03,-0.01,0.05
-4.05496e-03,0.03,-0.03
-4.05488e-03,0.03,0.03
-4.05480e-03,0.01,-0.03
-4.05472e-03,0.03,0.05
-4.05464e-03,0.03,-0.03
-4.05456e-03,0.03,0.05
-4.05448e-03,0.01,-0.03
-4.05440e-03,0.03,0.03
-4.05432e-03,0.03,-0.03
-4.05424e-03,0.03,0.03
-4.05416e-03,0.01,-0.03
-4.05408e-03,0.01,0.03
-4.05400e-03,0.03,-0.03
-4.05392e-03,0.01,0.03
-4.05384e-03,0.01,-0.03
-4.05376e-03,-0.05,0.03
-4.05368e-03,-0.67,-0.09
-4.05360e-03,-0.99,0.03
-4.05352e-03,-1.23,-0.99
-4.05344e-03,-1.39,-0.07
-4.05336e-03,-1.45,-1.43
-4.05328e-03,-1.43,-0.99
-4.05320e-03,-1.35,-1.49
-4.05312e-03,-1.25,-1.39
-4.05304e-03,-1.15,-1.45
-4.05296e-03,-1.07,-1.25
-4.05288e-03,-1.01,-1.27
-4.05280e-03,-0.95,-1.07
-4.05272e-03,-0.93,-1.09
-4.05264e-03,-0.93,-0.95
-4.05256e-03,-0.93,-0.99
-4.05248e-03,-0.97,-0.89
-4.05240e-03,-0.95,-0.99
-4.05232e-03,-0.97,-0.89
-4.05224e-03,-1.01,-1.01
-4.05216e-03,-1.01,-0.93
-4.05208e-03,-1.05,-1.05
-4.05200e-03,-1.03,-0.95
-4.05192e-03,-1.05,-1.07
-4.05184e-03,-1.03,-0.99
-4.05176e-03,-1.05,-1.07
-4.05168e-03,-1.03,-1.03
-4.05160e-03,-1.03,-1.07
-4.05152e-03,-1.03,-1.01
-4.05144e-03,-1.01,-1.05
-4.05136e-03,-1.05,-1.01
-4.05128e-03,-0.99,-1.05
-4.05120e-03,-1.03,-0.99
-4.05112e-03,-0.99,-1.05
-4.05104e-03,-1.05,-0.99
-4.05096e-03,-1.01,-1.05
-4.05088e-03,-1.01,-0.99
-4.05080e-03,-1.03,-1.07
-4.05072e-03,-1.03,-0.99
-4.05064e-03,-1.03,-1.05
-4.05056e-03,-1.03,-0.99
-4.05048e-03,-1.05,-1.05
-4.05040e-03,-1.03,-0.99
-4.05032e-03,-1.03,-1.05
-4.05024e-03,-1.03,-1.01
-4.05016e-03,-1.03,-1.07
-4.05008e-03,-1.03,-1.01
-4.05000e-03,-1.01,-1.05
-4.04992e-03,-1.03,-0.99
-4.04984e-03,-1.01,-1.05
-4.04976e-03,-1.03,-0.99
-4.04968e-03,-1.03,-1.07
-4.04960e-03,-1.03,-0.99
-4.04952e-03,-1.03,-1.05
-4.04944e-03,-1.01,-1.01
-4.04936e-03,-1.03,-1.07
-4.04928e-03,-1.01,-1.01
-4.04920e-03,-1.03,-1.07
-4.04912e-03,-1.01,-1.01
-4.04904e-03,-1.03,-1.05
-4.04896e-03,-1.01,-0.99
-4.04888e-03,-1.01,-1.05
-4.04880e-03,-1.01,-0.99
-4.04872e-03,-1.01,-1.05
-4.04864e-03,-1.03,-1.01
-4.04856e-03,-1.01,-1.05
-4.04848e-03,-1.05,-0.99
-4.04840e-03,-1.03,-1.07
-4.04832e-03,-1.01,-0.99
-4.04824e-03,-1.01,-1.07
-4.04816e-03,-1.01,-0.99
-4.04808e-03,-1.01,-1.09
-4.04800e-03,-1.01,-0.99
-4.04792e-03,-1.03,-1.07
-4.04784e-03,-1.03,-0.99
-4.04776e-03,-1.03,-1.05
-4.04768e-03,-1.03,-1.01
-4.04760e-03,-1.03,-1.05
-4.04752e-03,-1.01,-1.01
-4.04744e-03,-1.01,-1.07
-4.04736e-03,-1.03,-0.99
-4.04728e-03,-0.99,-1.05
-4.04720e-03,-1.03,-1.01
-4.04712e-03,-1.01,-1.05
-4.04704e-03,-1.03,-0.99
-4.04696e-03,-1.03,-1.05
-4.04688e-03,-1.03,-1.01
-4.04680e-03,-1.01,-1.05
-4.04672e-03,-1.03,-1.01
-4.04664e-03,-1.03,-1.05
-4.04656e-03,-0.99,-0.99
-4.04648e-03,-1.03,-1.05
-4.04640e-03,-1.01,-0.99
-4.04632e-03,-1.03,-1.05
-4.04624e-03,-1.03,-1.01
-4.04616e-03,-1.03,-1.05
-4.04608e-03,-1.01,-0.99
-4.04600e-03,-1.01,-1.05
-4.04592e-03,-1.03,-0.99
-4.04584e-03,-1.03,-1.05
-4.04576e-03,-1.01,-0.99
-4.04568e-03,-1.03,-1.07
-4.04560e-03,-1.03,-1.01
-4.04552e-03,-1.01,-1.05
-4.04544e-03,-1.03,-0.99
-4.04536e-03,-1.03,-1.07
-4.04528e-03,-1.03,-1.01
-4.04520e-03,-1.03,-1.05
-4.04512e-03,-1.01,-0.99
-4.04504e-03,-1.03,-1.05
-4.04496e-03,-1.01,-0.99
-4.04488e-03,-1.01,-1.05
-4.04480e-03,-1.03,-0.99
-4.04472e-03,-1.03,-1.05
-4.04464e-03,-1.01,-1.01
-4.04456e-03,-1.01,-1.05
-4.04448e-03,-1.03,-0.99
-4.04440e-03,-1.03,-1.07
-4.04432e-03,-1.03,-0.99
-4.04424e-03,-1.03,-1.05
-4.04416e-03,-1.03,-1.01
-4.04408e-03,-1.05,-1.05
-4.04400e-03,-1.03,-1.01
-4.04392e-03,-1.03,-1.05
-4.04384e-03,-1.03,-0.99
-4.04376e-03,-1.03,-1.07
-4.04368e-03,-1.03,-1.01
-4.04360e-03,-1.03,-1.07
-4.04352e-03,-1.03,-1.01
-4.04344e-03,-1.03,-1.05
-4.04336e-03,-1.05,-1.01
-4.04328e-03,-1.03,-1.05
-4.04320e-03,-1.01,-1.01
-4.04312e-03,-1.01,-1.07
-4.04304e-03,-1.05,-1.01
-4.04296e-03,-1.03,-1.07
-4.04288e-03,-1.03,-1.01
-4.04280e-03,-1.01,-1.05
-4.04272e-03,-1.03,-1.01
-4.04264e-03,-1.03,-1.07
-4.04256e-03,-1.03,-1.01
-4.04248e-03,-1.05,-1.07
-4.04240e-03,-1.01,-1.01
-4.04232e-03,-1.03,-1.05
-4.04224e-03,-1.03,-1.01
-4.04216e-03,-1.03,-1.05
-4.04208e-03,-1.03,-0.99
-4.04200e-03,-1.03,-1.05
-4.04192e-03,-1.03,-1.01
-4.04184e-03,-1.05,-1.07
-4.04176e-03,-1.03,-1.01
-4.04168e-03,-1.03,-1.05
-4.04160e-03,-1.03,-1.01
-4.04152e-03,-1.03,-1.05
-4.04144e-03,-1.03,-1.01
-4.04136e-03,-1.05,-1.05
-4.04128e-03,-1.03,-0.99
-4.04120e-03,-1.03,-1.07
-4.04112e-03,-1.01,-1.01
-4.04104e-03,-1.03,-1.05
-4.04096e-03,-1.01,-1.01
-4.04088e-03,-1.01,-1.05
-4.04080e-03,-1.01,-1.01
-4.04072e-03,-1.01,-1.05
-4.04064e-03,-1.01,-0.99
-4.04056e-03,-1.01,-1.05
-4.04048e-03,-1.01,-1.01
-4.04040e-03,-1.03,-1.05
-4.04032e-03,-1.03,-1.01
-4.04024e-03,-1.03,-1.05
-4.04016e-03,-1.03,-1.01
-4.04008e-03,-1.05,-1.05
-4.04000e-03,-1.01,-0.99
-4.03992e-03,-1.05,-1.05
-4.03984e-03,-1.03,-0.99
-4.03976e-03,-1.03,-1.05
-4.03968e-03,-1.01,-1.01
-4.03960e-03,-1.01,-1.05
-4.03952e-03,-1.03,-0.99
-4.03944e-03,-1.01,-1.05
-4.03936e-03,-1.03,-1.01
-4.03928e-03,-1.03,-1.05
-4.03920e-03,-1.01,-1.01
-4.03912e-03,-1.01,-1.07
-4.03904e-03,-1.01,-0.99
-4.03896e-03,-1.03,-1.07
-4.03888e-03,-1.03,-0.99
-4.03880e-03,-1.05,-1.07
-4.03872e-03,-1.01,-0.99
-4.03864e-03,-1.03,-1.07
-4.03856e-03,-1.03,-0.99
-4.03848e-03,-1.03,-1.05
-4.03840e-03,-1.05,-0.99
-4.03832e-03,-1.01,-1.07
-4.03824e-03,-1.01,-0.99
-4.03816e-03,-1.01,-1.05
-4.03808e-03,-1.03,-1.01
-4.03800e-03,-1.01,-1.07
-4.03792e-03,-1.03,-0.99
-4.03784e-03,-1.01,-1.05
-4.03776e-03,-1.05,-0.99
-4.03768e-03,-1.01,-1.05
-4.03760e-03,-1.03,-1.01
-4.03752e-03,-1.03,-1.07
-4.03744e-03,-1.01,-0.99
-4.03736e-03,-1.05,-1.05
-4.03728e-03,-1.03,-0.99
-4.03720e-03,-1.03,-1.07
-4.03712e-03,-1.01,-0.99
-4.03704e-03,-1.03,-1.07
-4.03696e-03,-1.01,-0.99
-4.03688e-03,-1.03,-1.05
-4.03680e-03,-1.05,-0.99
-4.03672e-03,-1.01,-1.05
-4.03664e-03,-1.03,-0.99
-4.03656e-03,-1.01,-1.07
-4.03648e-03,-1.03,-0.99
-4.03640e-03,-1.01,-1.05
-4.03632e-03,-1.03,-1.01
-4.03624e-03,-1.05,-1.05
-4.03616e-03,-1.03,-0.99
-4.03608e-03,-1.03,-1.07
-4.03600e-03,-1.03,-1.01
-4.03592e-03,-1.03,-1.05
-4.03584e-03,-1.03,-1.01
-4.03576e-03,-1.03,-1.05
-4.03568e-03,-1.03,-1.01
-4.03560e-03,-1.05,-1.07
-4.03552e-03,-1.03,-1.01
-4.03544e-03,-1.03,-1.05
-4.03536e-03,-1.05,-0.99
-4.03528e-03,-1.01,-1.05
-4.03520e-03,-1.03,-1.01
-4.03512e-03,-1.03,-1.07
-4.03504e-03,-1.05,-1.01
-4.03496e-03,-1.01,-1.05
-4.03488e-03,-1.03,-0.99
-4.03480e-03,-1.03,-1.05
-4.03472e-03,-1.03,-1.01
-4.03464e-03,-1.03,-1.07
-4.03456e-03,-1.01,-0.99
-4.03448e-03,-1.03,-1.05
-4.03440e-03,-1.03,-1.01
-4.03432e-03,-1.03,-1.07
-4.03424e-03,-1.01,-1.01
-4.03416e-03,-1.01,-1.07
-4.03408e-03,-1.03,-0.99
-4.03400e-03,-1.03,-1.07
-4.03392e-03,-1.03,-1.01
-4.03384e-03,-1.01,-1.07
-4.03376e-03,-1.03,-1.01
-4.03368e-03,-1.03,-1.05
-4.03360e-03,-1.03,-1.01
-4.03352e-03,-1.03,-1.07
-4.03344e-03,-1.01,-1.01
-4.03336e-03,-1.03,-1.05
-4.03328e-03,-1.01,-1.01
-4.03320e-03,-1.03,-1.05
-4.03312e-03,-1.03,-0.99
-4.03304e-03,-1.03,-1.05
-4.03296e-03,-1.01,-1.01
-4.03288e-03,-1.03,-1.05
-4.03280e-03,-1.03,-1.01
-4.03272e-03,-1.01,-1.05
-4.03264e-03,-1.03,-0.99
-4.03256e-03,-0.99,-1.05
-4.03248e-03,-1.03,-1.01
-4.03240e-03,-1.03,-1.05
-4.03232e-03,-1.01,-0.99
-4.03224e-03,-1.03,-1.05
-4.03216e-03,-1.01,-0.99
-4.03208e-03,-1.01,-1.05
-4.03200e-03,-1.03,-0.99
-4.03192e-03,-1.03,-1.05
-4.03184e-03,-1.03,-1.01
-4.03176e-03,-1.03,-1.05
-4.03168e-03,-1.03,-0.99
-4.03160e-03,-1.03,-1.05
-4.03152e-03,-1.03,-1.01
-4.03144e-03,-1.01,-1.05
-4.03136e-03,-1.05,-1.01
-4.03128e-03,-1.01,-1.05
-4.03120e-03,-1.03,-1.01
-4.03112e-03,-1.01,-1.05
-4.03104e-03,-1.03,-0.99
-4.03096e-03,-1.03,-1.05
-4.03088e-03,-0.99,-1.01
-4.03080e-03,-0.99,-1.05
-4.03072e-03,-1.01,-0.99
-4.03064e-03,-1.03,-1.07
-4.03056e-03,-1.03,-0.97
-4.03048e-03,-1.03,-1.05
-4.03040e-03,-1.01,-0.99
-4.03032e-03,-1.03,-1.05
-4.03024e-03,-1.01,-0.99
-4.03016e-03,-1.03,-1.05
-4.03008e-03,-1.01,-0.99
-4.03000e-03,-1.01,-1.05
-4.02992e-03,-1.03,-0.99
-4.02984e-03,-1.01,-1.05
-4.02976e-03,-1.01,-0.99
-4.02968e-03,-1.01,-1.05
-4.02960e-03,-1.03,-0.99
-4.02952e-03,-1.01,-1.05
-4.02944e-03,-1.03,-0.99
-4.02936e-03,-1.01,-1.05
-4.02928e-03,-1.01,-0.99
-4.02920e-03,-1.03,-1.05
-4.02912e-03,-1.01,-0.99
-4.02904e-03,-1.03,-1.05
-4.02896e-03,-1.03,-0.99
-4.02888e-03,-1.01,-1.05
-4.02880e-03,-0.73,-0.99
-4.02872e-03,-0.91,-1.09
-4.02864e-03,-0.95,-0.71
-4.02856e-03,-0.95,-0.99
-4.02848e-03,-0.95,-0.73
-4.02840e-03,-0.93,-0.99
-4.02832e-03,-0.95,-0.93
-4.02824e-03,-0.95,-0.97
-4.02816e-03,-0.99,-0.91
-4.02808e-03,-1.01,-1.01
-4.02800e-03,-1.01,-0.93
-4.02792e-03,-1.01,-1.03
-4.02784e-03,-1.03,-0.97
-4.02776e-03,-1.05,-1.07
-4.02768e-03,-1.03,-0.99
-4.02760e-03,-1.03,-1.07
-4.02752e-03,-1.05,-1.03
-4.02744e-03,-1.03,-1.07
-4.02736e-03,-1.01,-1.01
-4.02728e-03,-1.03,-1.07
-4.02720e-03,-1.01,-1.01
-4.02712e-03,-1.01,-1.05
-4.02704e-03,-1.01,-0.99
-4.02696e-03,-1.03,-1.05
-4.02688e-03,-1.01,-0.99
-4.02680e-03,-1.01,-1.05
-4.02672e-03,-1.01,-0.99
-4.02664e-03,-1.03,-1.03
-4.02656e-03,-1.03,-0.99
-4.02648e-03,-1.01,-1.05
-4.02640e-03,-1.01,-1.01
-4.02632e-03,-1.01,-1.05
-4.02624e-03,-1.03,-0.99
-4.02616e-03,-1.01,-1.05
-4.02608e-03,-1.01,-0.99
-4.02600e-03,-1.01,-1.05
-4.02592e-03,-1.01,-0.99
-4.02584e-03,-1.01,-1.03
-4.02576e-03,-1.01,-0.99
-4.02568e-03,-1.01,-1.03
-4.02560e-03,-1.03,-0.99
-4.02552e-03,-0.99,-1.03
-4.02544e-03,-1.01,-0.99
-4.02536e-03,-0.99,-1.05
-4.02528e-03,-1.03,-0.99
-4.02520e-03,-0.99,-1.03
-4.02512e-03,-1.01,-0.99
-4.02504e-03,-1.01,-1.03
-4.02496e-03,-1.01,-0.99
-4.02488e-03,-1.03,-1.03
-4.02480e-03,-1.01,-0.99
-4.02472e-03,-1.01,-1.03
-4.02464e-03,-1.01,-0.99
-4.02456e-03,-1.03,-1.03
-4.02448e-03,-1.03,-0.99
-4.02440e-03,-1.03,-1.05
-4.02432e-03,-1.01,-0.99
-4.02424e-03,-1.01,-1.05
-4.02416e-03,-1.01,-0.99
-4.02408e-03,-1.01,-1.05
-4.02400e-03,-1.01,-0.99
-4.02392e-03,-1.01,-1.05
-4.02384e-03,-1.03,-0.99
-4.02376e-03,-0.99,-1.03
-4.02368e-03,-1.01,-0.99
-4.02360e-03,-1.01,-1.03
-4.02352e-03,-1.01,-0.99
-4.02344e-03,-1.03,-1.05
-4.02336e-03,-1.03,-0.99
-4.02328e-03,-1.01,-1.05
-4.02320e-03,-1.03,-0.99
-4.02312e-03,-1.01,-1.05
-4.02304e-03,-1.01,-0.99
-4.02296e-03,-1.03,-1.05
-4.02288e-03,-1.03,-0.99
-4.02280e-03,-1.01,-1.07
-4.02272e-03,-1.01,-0.99
-4.02264e-03,-1.03,-1.05
-4.02256e-03,-1.01,-0.99
-4.02248e-03,-1.01,-1.05
-4.02240e-03,-1.01,-0.99
-4.02232e-03,-1.01,-1.05
-4.02224e-03,-1.03,-0.99
-4.02216e-03,-1.01,-1.05
-4.02208e-03,-1.35,-0.99
-4.02200e-03,-1.13,-1.37
-4.02192e-03,-1.09,-0.93
-4.02184e-03,-1.07,-1.37
-4.02176e-03,-1.09,-1.03
-4.02168e-03,-1.05,-1.11
-4.02160e-03,-1.07,-1.05
-4.02152e-03,-1.09,-1.13
-4.02144e-03,-1.05,-1.05
-4.02136e-03,-1.05,-1.09
-4.02128e-03,-0.99,-1.03
-4.02120e-03,-1.03,-1.09
-4.02112e-03,-0.99,-0.99
-4.02104e-03,-0.99,-1.05
-4.02096e-03,-0.99,-0.97
-4.02088e-03,-0.99,-1.03
-4.02080e-03,-1.01,-0.95
-4.02072e-03,-0.99,-1.03
-4.02064e-03,-1.01,-0.97
-4.02056e-03,-1.01,-1.05
-4.02048e-03,-1.03,-0.97
-4.02040e-03,-1.01,-1.03
-4.02032e-03,-1.03,-0.99
-4.02024e-03,-1.01,-1.05
-4.02016e-03,-1.01,-0.99
-4.02008e-03,-1.03,-1.05
-4.02000e-03,-0.99,-0.99
-4.01992e-03,-1.01,-1.03
-4.01984e-03,-0.99,-0.99
-4.01976e-03,-1.01,-1.05
-4.01968e-03,-1.01,-0.99
-4.01960e-03,-1.01,-1.05
-4.01952e-03,-0.99,-0.99
-4.01944e-03,-1.01,-1.05
-4.01936e-03,-1.03,-0.99
-4.01928e-03,-1.01,-1.05
-4.01920e-03,-1.03,-0.97
-4.01912e-03,-1.01,-1.05
-4.01904e-03,-1.01,-1.01
-4.01896e-03,-1.01,-1.05
-4.01888e-03,-1.03,-0.97
-4.01880e-03,-1.03,-1.05
-4.01872e-03,-1.01,-0.99
-4.01864e-03,-1.03,-1.05
-4.01856e-03,-0.99,-0.99
-4.01848e-03,-1.01,-1.05
-4.01840e-03,-0.99,-0.99
-4.01832e-03,-1.01,-1.05
-4.01824e-03,-1.05,-0.97
-4.01816e-03,-1.03,-1.05
-4.01808e-03,-1.01,-0.97
-4.01800e-03,-0.99,-1.07
-4.01792e-03,-1.03,-0.97
-4.01784e-03,-1.03,-1.05
-4.01776e-03,-1.01,-0.99
-4.01768e-03,-1.03,-1.05
-4.01760e-03,-1.03,-0.99
-4.01752e-03,-1.03,-1.05
-4.01744e-03,-0.99,-0.99
-4.01736e-03,-1.03,-1.05
-4.01728e-03,-1.03,-0.99
-4.01720e-03,-1.03,-1.05
-4.01712e-03,-1.01,-0.99
-4.01704e-03,-1.03,-1.05
-4.01696e-03,-1.01,-0.99
-4.01688e-03,-1.03,-1.05
-4.01680e-03,-1.01,-0.99
-4.01672e-03,-1.03,-1.05
-4.01664e-03,-1.01,-0.99
-4.01656e-03,-1.01,-1.05
-4.01648e-03,-1.03,-0.99
-4.01640e-03,-1.01,-1.05
-4.01632e-03,-1.01,-0.99
-4.01624e-03,-1.03,-1.05
-4.01616e-03,-1.01,-0.99
-4.01608e-03,-1.01,-1.05
-4.01600e-03,-1.01,-0.99
-4.01592e-03,-1.03,-1.05
-4.01584e-03,-1.01,-0.99
-4.01576e-03,-1.03,-1.05
-4.01568e-03,-1.03,-0.99
-4.01560e-03,-1.01,-1.05
-4.01552e-03,-1.01,-0.99
-4.01544e-03,-1.01,-1.05
-4.01536e-03,-1.03,-0.99
-4.01528e-03,-1.01,-1.05
-4.01520e-03,-1.03,-0.99
-4.01512e-03,-1.01,-1.05
-4.01504e-03,-1.03,-0.99
-4.01496e-03,-1.01,-1.05
-4.01488e-03,-1.03,-0.99
-4.01480e-03,-1.05,-1.05
-4.01472e-03,-1.01,-0.99
-4.01464e-03,-1.03,-1.07
-4.01456e-03,-1.01,-0.99
-4.01448e-03,-1.01,-1.05
-4.01440e-03,-1.03,-0.99
-4.01432e-03,-1.03,-1.05
-4.01424e-03,-1.03,-0.99
-4.01416e-03,-1.03,-1.05
-4.01408e-03,-1.01,-0.99
-4.01400e-03,-1.01,-1.05
-4.01392e-03,-1.05,-0.99
-4.01384e-03,-1.01,-1.05
-4.01376e-03,-1.03,-1.01
-4.01368e-03,-1.01,-1.05
-4.01360e-03,-1.01,-0.99
-4.01352e-03,-1.01,-1.05
-4.01344e-03,-1.01,-1.01
-4.01336e-03,-1.01,-1.05
-4.01328e-03,-1.03,-0.99
-4.01320e-03,-1.03,-1.07
-4.01312e-03,-1.03,-0.99
-4.01304e-03,-1.05,-1.05
-4.01296e-03,-1.03,-0.99
-4.01288e-03,-1.03,-1.07
-4.01280e-03,-1.01,-0.99
-4.01272e-03,-1.01,-1.07
-4.01264e-03,-1.01,-0.99
-4.01256e-03,-1.03,-1.05
-4.01248e-03,-1.03,-0.99
-4.01240e-03,-1.01,-1.05
-4.01232e-03,-1.03,-1.01
-4.01224e-03,-1.03,-1.07
-4.01216e-03,-1.01,-1.01
-4.01208e-03,-1.03,-1.05
-4.01200e-03,-1.01,-1.01
-4.01192e-03,-1.03,-1.05
-4.01184e-03,-1.01,-0.99
-4.01176e-03,-1.03,-1.05
-4.01168e-03,-1.03,-0.99
-4.01160e-03,-1.03,-1.05
-4.01152e-03,-1.03,-0.99
-4.01144e-03,-1.01,-1.05
-4.01136e-03,-1.03,-1.01
-4.01128e-03,-1.01,-1.05
-4.01120e-03,-1.03,-1.01
-4.01112e-03,-1.01,-1.05
-4.01104e-03,-1.03,-1.01
-4.01096e-03,-1.03,-1.05
-4.01088e-03,-1.01,-0.99
-4.01080e-03,-1.03,-1.05
-4.01072e-03,-1.01,-1.01
-4.01064e-03,-1.03,-1.05
-4.01056e-03,-1.01,-0.99
-4.01048e-03,-1.03,-1.05
-4.01040e-03,-1.01,-0.99
-4.01032e-03,-1.05,-1.05
-4.01024e-03,-1.03,-0.99
-4.01016e-03,-1.03,-1.07
-4.01008e-03,-1.05,-0.99
-4.01000e-03,-1.01,-1.07
-4.00992e-03,-1.03,-0.99
-4.00984e-03,-1.01,-1.05
-4.00976e-03,-1.03,-1.01
-4.00968e-03,-1.03,-1.05
-4.00960e-03,-1.01,-0.99
-4.00952e-03,-1.03,-1.05
-4.00944e-03,-1.03,-0.99
-4.00936e-03,-1.03,-1.05
-4.00928e-03,-1.01,-0.99
-4.00920e-03,-1.03,-1.05
-4.00912e-03,-1.03,-1.01
-4.00904e-03,-1.01,-1.05
-4.00896e-03,-1.01,-0.99
-4.00888e-03,-1.03,-1.05
-4.00880e-03,-1.03,-0.99
-4.00872e-03,-0.99,-1.05
-4.00864e-03,-1.03,-1.01
-4.00856e-03,-1.01,-1.05
-4.00848e-03,-1.03,-0.99
-4.00840e-03,-1.01,-1.05
-4.00832e-03,-1.03,-0.99
-4.00824e-03,-1.03,-1.05
-4.00816e-03,-1.03,-0.99
-4.00808e-03,-1.03,-1.05
-4.00800e-03,-1.01,-0.99
-4.00792e-03,-1.03,-1.05
-4.00784e-03,-1.03,-1.01
-4.00776e-03,-1.01,-1.05
-4.00768e-03,-1.01,-0.99
-4.00760e-03,-1.01,-1.05
-4.00752e-03,-1.03,-0.99
-4.00744e-03,-1.03,-1.05
-4.00736e-03,-1.03,-0.99
-4.00728e-03,-1.01,-1.05
-4.00720e-03,-1.03,-0.99
-4.00712e-03,-1.03,-1.05
-4.00704e-03,-1.01,-0.99
-4.00696e-03,-1.03,-1.07
-4.00688e-03,-1.01,-0.99
-4.00680e-03,-1.01,-1.05
-4.00672e-03,-1.01,-0.99
-4.00664e-03,-1.03,-1.05
-4.00656e-03,-1.01,-0.99
-4.00648e-03,-1.03,-1.07
-4.00640e-03,-1.01,-0.99
-4.00632e-03,-1.03,-1.05
-4.00624e-03,-1.01,-0.99
-4.00616e-03,-1.03,-1.05
-4.00608e-03,-1.01,-0.99
-4.00600e-03,-1.01,-1.05
-4.00592e-03,-1.03,-0.99
-4.00584e-03,-1.03,-1.05
-4.00576e-03,-1.03,-0.99
-4.00568e-03,-1.03,-1.05
-4.00560e-03,-1.03,-1.01
-4.00552e-03,-1.03,-1.05
-4.00544e-03,-1.01,-0.99
-4.00536e-03,-1.01,-1.05
-4.00528e-03,-1.01,-0.99
-4.00520e-03,-1.03,-1.05
-4.00512e-03,-1.01,-0.99
-4.00504e-03,-1.03,-1.05
-4.00496e-03,-1.03,-1.01
-4.00488e-03,-1.01,-1.05
-4.00480e-03,-1.03,-1.01
-4.00472e-03,-1.01,-1.05
-4.00464e-03,-1.03,-1.01
-4.00456e-03,-1.01,-1.05
-4.00448e-03,-1.03,-1.01
-4.00440e-03,-1.05,-1.07
-4.00432e-03,-1.03,-0.99
-4.00424e-03,-1.05,-1.07
-4.00416e-03,-0.99,-0.99
-4.00408e-03,-1.03,-1.07
-4.00400e-03,-1.01,-0.99
-4.00392e-03,-1.03,-1.07
-4.00384e-03,-1.03,-0.99
-4.00376e-03,-1.01,-1.07
-4.00368e-03,-1.05,-1.01
-4.00360e-03,-1.03,-1.07
-4.00352e-03,-1.03,-1.01
-4.00344e-03,-1.03,-1.07
-4.00336e-03,-1.05,-1.01
-4.00328e-03,-1.03,-1.05
-4.00320e-03,-1.03,-1.01
-4.00312e-03,-1.05,-1.07
-4.00304e-03,-1.05,-1.01
-4.00296e-03,-1.03,-1.05
-4.00288e-03,-1.03,-1.01
-4.00280e-03,-1.03,-1.07
-4.00272e-03,-1.03,-1.01
-4.00264e-03,-1.03,-1.05
-4.00256e-03,-1.03,-1.01
-4.00248e-03,-1.03,-1.07
-4.00240e-03,-1.03,-1.01
-4.00232e-03,-1.05,-1.05
-4.00224e-03,-1.01,-1.01
-4.00216e-03,-1.03,-1.07
-4.00208e-03,-1.03,-1.01
-4.00200e-03,-1.03,-1.07
-4.00192e-03,-1.03,-1.01
-4.00184e-03,-1.03,-1.07
-4.00176e-03,-1.05,-0.99
-4.00168e-03,-1.03,-1.05
-4.00160e-03,-1.03,-1.01
-4.00152e-03,-1.03,-1.07
-4.00144e-03,-1.03,-1.01
-4.00136e-03,-1.03,-1.05
-4.00128e-03,-1.01,-1.01
-4.00120e-03,-1.05,-1.07
-4.00112e-03,-1.03,-1.01
-4.00104e-03,-1.01,-1.05
-4.00096e-03,-1.03,-1.01
-4.00088e-03,-1.01,-1.05
-4.00080e-03,-1.05,-0.99
-4.00072e-03,-1.01,-1.07
-4.00064e-03,-1.03,-0.99
-4.00056e-03,-1.03,-1.07
-4.00048e-03,-1.03,-1.01
-4.00040e-03,-1.03,-1.05
-4.00032e-03,-1.03,-0.99
-4.00024e-03,-1.03,-1.05
-4.00016e-03,-1.03,-1.01
-4.00008e-03,-1.03,-1.05
-4.00000e-03,-1.01,-1.01
-3.99992e-03,-1.03,-1.07
-3.99984e-03,-1.01,-1.01
-3.99976e-03,-1.05,-1.07
-3.99968e-03,-1.03,-0.99
-3.99960e-03,-1.03,-1.05
-3.99952e-03,-1.03,-1.01
-3.99944e-03,-1.03,-1.07
-3.99936e-03,-1.03,-0.99
-3.99928e-03,-1.03,-1.05
-3.99920e-03,-1.03,-1.01
-3.99912e-03,-1.03,-1.05
-3.99904e-03,-1.05,-1.01
-3.99896e-03,-1.01,-1.07
-3.99888e-03,-1.03,-0.99
-3.99880e-03,-1.03,-1.05
-3.99872e-03,-1.03,-1.01
-3.99864e-03,-1.03,-1.05
-3.99856e-03,-1.01,-1.01
-3.99848e-03,-1.03,-1.05
-3.99840e-03,-1.03,-0.99
-3.99832e-03,-1.03,-1.05
-3.99824e-03,-1.03,-1.01
-3.99816e-03,-1.03,-1.05
-3.99808e-03,-1.03,-1.01
-3.99800e-03,-1.01,-1.05
-3.99792e-03,-1.03,-0.99
-3.99784e-03,-1.03,-1.05
-3.99776e-03,-1.03,-0.99
-3.99768e-03,-1.03,-1.05
-3.99760e-03,-1.01,-1.01
-3.99752e-03,-1.03,-1.05
-3.99744e-03,-1.01,-1.01
-3.99736e-03,-1.03,-1.05
-3.99728e-03,-1.01,-1.01
-3.99720e-03,-1.05,-1.05
-3.99712e-03,-1.03,-0.99
-3.99704e-03,-1.03,-1.05
-3.99696e-03,-1.03,-1.01
-3.99688e-03,-1.01,-1.05
-3.99680e-03,-1.01,-0.99
-3.99672e-03,-1.01,-1.05
-3.99664e-03,-1.03,-1.01
-3.99656e-03,-1.01,-1.05
-3.99648e-03,-1.03,-0.99
-3.99640e-03,-1.01,-1.05
-3.99632e-03,-1.03,-0.99
-3.99624e-03,-1.01,-1.05
-3.99616e-03,-1.03,-1.01
-3.99608e-03,-1.03,-1.05
-3.99600e-03,-1.03,-0.99
-3.99592e-03,-1.03,-1.05
-3.99584e-03,-1.01,-0.99
-3.99576e-03,-1.03,-1.07
-3.99568e-03,-1.01,-0.99
-3.99560e-03,-1.01,-1.07
-3.99552e-03,-1.03,-0.99
-3.99544e-03,-1.01,-1.07
-3.99536e-03,-1.05,-1.01
-3.99528e-03,-1.03,-1.07
-3.99520e-03,-1.03,-0.99
-3.99512e-03,-1.01,-1.07
-3.99504e-03,-1.05,-1.01
-3.99496e-03,-1.03,-1.05
-3.99488e-03,-1.03,-1.01
-3.99480e-03,-1.05,-1.07
-3.99472e-03,-1.01,-0.99
-3.99464e-03,-1.03,-1.05
-3.99456e-03,-1.01,-0.99
-3.99448e-03,-1.03,-1.05
-3.99440e-03,-1.01,-1.01
-3.99432e-03,-1.03,-1.05
-3.99424e-03,-1.03,-1.01
-3.99416e-03,-1.01,-1.07
-3.99408e-03,-1.03,-1.01
-3.99400e-03,-1.01,-1.07
-3.99392e-03,-1.05,-1.01
-3.99384e-03,-1.01,-1.07
-3.99376e-03,-1.03,-0.99
-3.99368e-03,-1.03,-1.05
-3.99360e-03,-1.03,-1.01
-3.99352e-03,-1.05,-1.05
-3.99344e-03,-1.01,-1.01
-3.99336e-03,-1.05,-1.07
-3.99328e-03,-1.03,-1.01
-3.99320e-03,-1.03,-1.07
-3.99312e-03,-1.03,-0.99
-3.99304e-03,-1.03,-1.05
-3.99296e-03,-1.03,-0.99
-3.99288e-03,-1.01,-1.05
-3.99280e-03,-1.03,-1.01
-3.99272e-03,-1.03,-1.05
-3.99264e-03,-1.03,-1.01
-3.99256e-03,-1.01,-1.05
-3.99248e-03,-1.05,-1.01
-3.99240e-03,-1.03,-1.05
-3.99232e-03,-1.03,-1.01
-3.99224e-03,-1.05,-1.05
-3.99216e-03,-1.03,-1.01
-3.99208e-03,-1.05,-1.05
-3.99200e-03,-1.03,-1.01
-3.99192e-03,-1.05,-1.05
-3.99184e-03,-1.03,-0.99
-3.99176e-03,-1.03,-1.07
-3.99168e-03,-1.03,-0.99
-3.99160e-03,-1.03,-1.05
-3.99152e-03,-1.03,-1.01
-3.99144e-03,-1.01,-1.05
-3.99136e-03,-1.03,-1.01
-3.99128e-03,-1.01,-1.07
-3.99120e-03,-1.03,-0.99
-3.99112e-03,-1.01,-1.07
-3.99104e-03,-1.03,-1.01
-3.99096e-03,-1.03,-1.05
-3.99088e-03,-1.03,-0.99
-3.99080e-03,-1.03,-1.07
-3.99072e-03,-1.01,-0.99
-3.99064e-03,-1.01,-1.05
-3.99056e-03,-0.99,-0.99
-3.99048e-03,-0.99,-1.03
-3.99040e-03,-1.01,-0.99
-3.99032e-03,-1.01,-1.03
-3.99024e-03,-1.01,-0.97
-3.99016e-03,-1.01,-1.05
-3.99008e-03,-1.05,-0.97
-3.99000e-03,-1.01,-1.05
-3.98992e-03,-1.05,-0.99
-3.98984e-03,-1.01,-1.07
-3.98976e-03,-1.03,-1.01
-3.98968e-03,-1.05,-1.07
-3.98960e-03,-1.03,-0.99
-3.98952e-03,-1.03,-1.05
-3.98944e-03,-1.03,-1.01
-3.98936e-03,-1.03,-1.05
-3.98928e-03,-1.03,-1.01
-3.98920e-03,-1.03,-1.05
-3.98912e-03,-1.01,-1.01
-3.98904e-03,-1.01,-1.05
-3.98896e-03,-1.01,-0.99
-3.98888e-03,-1.01,-1.05
-3.98880e-03,-1.03,-1.01
-3.98872e-03,-1.01,-1.05
-3.98864e-03,-1.01,-0.99
-3.98856e-03,-1.03,-1.05
-3.98848e-03,-1.03,-0.99
-3.98840e-03,-1.03,-1.05
-3.98832e-03,-1.03,-1.01
-3.98824e-03,-1.03,-1.05
-3.98816e-03,-1.03,-1.01
-3.98808e-03,-1.03,-1.05
-3.98800e-03,-1.03,-1.01
-3.98792e-03,-1.03,-1.05
-3.98784e-03,-1.01,-1.01
-3.98776e-03,-1.03,-1.05
-3.98768e-03,-1.03,-0.99
-3.98760e-03,-1.03,-1.05
-3.98752e-03,-1.03,-1.01
-3.98744e-03,-1.01,-1.05
-3.98736e-03,-1.03,-1.01
-3.98728e-03,-1.01,-1.05
-3.98720e-03,-1.03,-1.01
-3.98712e-03,-1.03,-1.07
-3.98704e-03,-1.05,-0.99
-3.98696e-03,-1.05,-1.07
-3.98688e-03,-1.03,-0.99
-3.98680e-03,-1.01,-1.05
-3.98672e-03,-1.03,-0.99
-3.98664e-03,-1.05,-1.05
-3.98656e-03,-1.01,-0.99
-3.98648e-03,-1.03,-1.05
-3.98640e-03,-1.03,-1.01
-3.98632e-03,-1.03,-1.05
-3.98624e-03,-1.03,-0.99
-3.98616e-03,-1.03,-1.07
-3.98608e-03,-1.03,-0.99
-3.98600e-03,-1.03,-1.07
-3.98592e-03,-1.03,-1.01
-3.98584e-03,-1.01,-1.07
-3.98576e-03,-1.03,-1.01
-3.98568e-03,-1.03,-1.07
-3.98560e-03,-1.01,-1.01
-3.98552e-03,-1.03,-1.05
-3.98544e-03,-1.01,-1.01
-3.98536e-03,-1.05,-1.05
-3.98528e-03,-1.01,-1.01
-3.98520e-03,-1.03,-1.07
-3.98512e-03,-1.01,-0.99
-3.98504e-03,-1.05,-1.05
-3.98496e-03,-1.05,-0.99
-3.98488e-03,-1.01,-1.07
-3.98480e-03,-1.03,-1.01
-3.98472e-03,-1.01,-1.07
-3.98464e-03,-1.05,-0.99
-3.98456e-03,-1.03,-1.07
-3.98448e-03,-1.03,-0.99
-3.98440e-03,-1.03,-1.05
-3.98432e-03,-1.03,-1.01
-3.98424e-03,-1.03,-1.07
-3.98416e-03,-1.03,-1.01
-3.98408e-03,-1.03,-1.05
-3.98400e-03,-1.03,-1.01
-3.98392e-03,-1.05,-1.07
-3.98384e-03,-1.01,-1.01
-3.98376e-03,-1.03,-1.07
-3.98368e-03,-1.03,-1.01
-3.98360e-03,-1.05,-1.07
-3.98352e-03,-1.05,-1.01
-3.98344e-03,-1.03,-1.07
-3.98336e-03,-1.05,-1.01
-3.98328e-03,-1.01,-1.07
-3.98320e-03,-1.03,-1.01
-3.98312e-03,-1.01,-1.07
-3.98304e-03,-1.03,-1.01
-3.98296e-03,-1.01,-1.05
-3.98288e-03,-1.01,-1.01
-3.98280e-03,-1.05,-1.07
-3.98272e-03,-1.03,-1.01
-3.98264e-03,-1.05,-1.07
-3.98256e-03,-1.03,-1.01
-3.98248e-03,-1.05,-1.07
-3.98240e-03,-1.01,-0.99
-3.98232e-03,-1.03,-1.05
-3.98224e-03,-1.03,-1.01
-3.98216e-03,-1.01,-1.05
-3.98208e-03,-1.03,-1.01
-3.98200e-03,-1.01,-1.07
-3.98192e-03,-1.03,-1.01
-3.98184e-03,-1.01,-1.07
-3.98176e-03,-1.03,-1.01
-3.98168e-03,-1.03,-1.07
-3.98160e-03,-1.03,-1.01
-3.98152e-03,-1.03,-1.07
-3.98144e-03,-1.03,-1.01
-3.98136e-03,-1.03,-1.05
-3.98128e-03,-1.01,-0.99
-3.98120e-03,-1.03,-1.05
-3.98112e-03,-1.01,-1.01
-3.98104e-03,-1.03,-1.07
-3.98096e-03,-1.03,-0.99
-3.98088e-03,-1.01,-1.05
-3.98080e-03,-1.05,-1.01
-3.98072e-03,-1.03,-1.05
-3.98064e-03,-1.03,-0.99
-3.98056e-03,-1.01,-1.05
-3.98048e-03,-1.03,-0.99
-3.98040e-03,-1.01,-1.05
-3.98032e-03,-1.03,-0.99
-3.98024e-03,-1.03,-1.05
-3.98016e-03,-1.03,-0.99
-3.98008e-03,-1.03,-1.05
-3.98000e-03,-1.01,-1.01
-3.97992e-03,-1.03,-1.05
-3.97984e-03,-1.03,-0.99
-3.97976e-03,-1.03,-1.05
-3.97968e-03,-0.99,-0.99
-3.97960e-03,-1.03,-1.05
-3.97952e-03,-1.03,-0.99
-3.97944e-03,-1.01,-1.05
-3.97936e-03,-1.03,-0.99
-3.97928e-03,-1.01,-1.05
-3.97920e-03,-1.03,-0.99
-3.97912e-03,-1.01,-1.05
-3.97904e-03,-1.05,-1.01
-3.97896e-03,-1.03,-1.05
-3.97888e-03,-1.03,-0.99
-3.97880e-03,-1.03,-1.05
-3.97872e-03,-0.85,-0.99
-3.97864e-03,-0.95,-1.07
-3.97856e-03,-0.95,-0.71
-3.97848e-03,-0.93,-1.01
-3.97840e-03,-0.95,-0.87
-3.97832e-03,-0.89,-1.03
-3.97824e-03,-0.95,-0.91
-3.97816e-03,-0.95,-0.99
-3.97808e-03,-0.99,-0.89
-3.97800e-03,-1.01,-1.03
-3.97792e-03,-1.03,-0.93
-3.97784e-03,-1.05,-1.05
-3.97776e-03,-1.03,-0.97
-3.97768e-03,-1.03,-1.09
-3.97760e-03,-1.03,-1.01
-3.97752e-03,-1.05,-1.07
-3.97744e-03,-1.05,-1.03
-3.97736e-03,-1.03,-1.07
-3.97728e-03,-1.01,-1.01
-3.97720e-03,-1.01,-1.05
-3.97712e-03,-1.01,-1.01
-3.97704e-03,-1.01,-1.05
-3.97696e-03,-1.01,-0.99
-3.97688e-03,-1.01,-1.05
-3.97680e-03,-1.03,-1.01
-3.97672e-03,-1.03,-1.05
-3.97664e-03,-1.01,-0.99
-3.97656e-03,-1.03,-1.05
-3.97648e-03,-1.01,-1.01
-3.97640e-03,-1.03,-1.05
-3.97632e-03,-1.05,-0.99
-3.97624e-03,-1.03,-1.05
-3.97616e-03,-1.01,-0.99
-3.97608e-03,-1.03,-1.05
-3.97600e-03,-0.99,-0.99
-3.97592e-03,-1.01,-1.05
-3.97584e-03,-1.01,-0.99
-3.97576e-03,-1.01,-1.05
-3.97568e-03,-1.01,-0.99
-3.97560e-03,-1.01,-1.05
-3.97552e-03,-1.01,-0.99
-3.97544e-03,-1.01,-1.03
-3.97536e-03,-1.01,-0.99
-3.97528e-03,-1.01,-1.03
-3.97520e-03,-1.01,-0.99
-3.97512e-03,-1.03,-1.05
-3.97504e-03,-1.01,-0.99
-3.97496e-03,-1.03,-1.05
-3.97488e-03,-1.03,-0.97
-3.97480e-03,-1.01,-1.05
-3.97472e-03,-1.01,-0.99
-3.97464e-03,-1.01,-1.05
-3.97456e-03,-1.03,-0.99
-3.97448e-03,-0.99,-1.05
-3.97440e-03,-1.03,-0.99
-3.97432e-03,-1.01,-1.05
-3.97424e-03,-1.01,-0.99
-3.97416e-03,-1.01,-1.05
-3.97408e-03,-1.03,-0.99
-3.97400e-03,-1.01,-1.05
-3.97392e-03,-1.03,-0.99
-3.97384e-03,-1.03,-1.05
-3.97376e-03,-0.99,-0.99
-3.97368e-03,-1.03,-1.05
-3.97360e-03,-1.01,-0.99
-3.97352e-03,-1.03,-1.05
-3.97344e-03,-1.01,-0.99
-3.97336e-03,-1.01,-1.05
-3.97328e-03,-1.03,-0.99
-3.97320e-03,-1.01,-1.05
-3.97312e-03,-1.01,-0.99
-3.97304e-03,-0.99,-1.05
-3.97296e-03,-1.03,-0.99
-3.97288e-03,-1.03,-1.05
-3.97280e-03,-1.01,-0.99
-3.97272e-03,-1.03,-1.05
-3.97264e-03,-1.03,-0.99
-3.97256e-03,-1.01,-1.05
-3.97248e-03,-1.03,-0.99
-3.97240e-03,-1.03,-1.05
-3.97232e-03,-1.03,-0.99
-3.97224e-03,-1.01,-1.05
-3.97216e-03,-1.01,-1.01
-3.97208e-03,-1.01,-1.05
-3.97200e-03,-1.37,-0.99
-3.97192e-03,-1.09,-1.37
-3.97184e-03,-1.07,-0.95
-3.97176e-03,-1.07,-1.39
-3.97168e-03,-1.07,-1.03
-3.97160e-03,-1.09,-1.11
-3.97152e-03,-1.07,-1.05
-3.97144e-03,-1.07,-1.11
-3.97136e-03,-1.05,-1.05
-3.97128e-03,-1.03,-1.11
-3.97120e-03,-1.01,-1.01
-3.97112e-03,-0.99,-1.07
-3.97104e-03,-1.01,-1.01
-3.97096e-03,-0.99,-1.05
-3.97088e-03,-0.99,-0.99
-3.97080e-03,-1.01,-1.03
-3.97072e-03,-0.99,-0.97
-3.97064e-03,-1.01,-1.03
-3.97056e-03,-0.99,-0.97
-3.97048e-03,-1.01,-1.05
-3.97040e-03,-0.99,-0.97
-3.97032e-03,-1.01,-1.05
-3.97024e-03,-1.01,-0.99
-3.97016e-03,-1.01,-1.05
-3.97008e-03,-1.01,-0.99
-3.97000e-03,-0.99,-1.05
-3.96992e-03,-1.01,-0.99
-3.96984e-03,-0.99,-1.05
-3.96976e-03,-0.99,-0.99
-3.96968e-03,-0.99,-1.05
-3.96960e-03,-1.01,-0.99
-3.96952e-03,-1.01,-1.07
-3.96944e-03,-1.03,-0.97
-3.96936e-03,-1.01,-1.05
-3.96928e-03,-1.01,-0.99
-3.96920e-03,-1.01,-1.05
-3.96912e-03,-1.01,-0.97
-3.96904e-03,-1.01,-1.05
-3.96896e-03,-1.01,-0.99
-3.96888e-03,-1.03,-1.05
-3.96880e-03,-1.01,-0.99
-3.96872e-03,-1.01,-1.05
-3.96864e-03,-1.03,-0.99
-3.96856e-03,-1.01,-1.05
-3.96848e-03,-1.03,-0.99
-3.96840e-03,-1.01,-1.05
-3.96832e-03,-0.99,-0.99
-3.96824e-03,-1.03,-1.05
-3.96816e-03,-1.01,-0.99
-3.96808e-03,-1.03,-1.05
-3.96800e-03,-0.99,-0.99
-3.96792e-03,-1.03,-1.05
-3.96784e-03,-1.03,-0.99
-3.96776e-03,-1.03,-1.05
-3.96768e-03,-1.01,-0.99
-3.96760e-03,-1.01,-1.05
-3.96752e-03,-1.03,-0.99
-3.96744e-03,-1.01,-1.05
-3.96736e-03,-1.03,-0.99
-3.96728e-03,-1.03,-1.07
-3.96720e-03,-1.03,-1.01
-3.96712e-03,-0.99,-1.05
-3.96704e-03,-1.03,-1.01
-3.96696e-03,-1.03,-1.05
-3.96688e-03,-1.03,-0.99
-3.96680e-03,-1.05,-1.05
-3.96672e-03,-1.03,-0.99
-3.96664e-03,-1.03,-1.05
-3.96656e-03,-1.01,-1.01
-3.96648e-03,-1.03,-1.05
-3.96640e-03,-1.03,-0.99
-3.96632e-03,-1.03,-1.05
-3.96624e-03,-1.03,-0.99
-3.96616e-03,-1.01,-1.05
-3.96608e-03,-1.03,-1.01
-3.96600e-03,-1.01,-1.05
-3.96592e-03,-1.03,-0.99
-3.96584e-03,-1.01,-1.05
-3.96576e-03,-1.03,-1.01
-3.96568e-03,-1.03,-1.05
-3.96560e-03,-1.01,-1.01
-3.96552e-03,-1.05,-1.05
-3.96544e-03,-1.03,-1.01
-3.96536e-03,-1.03,-1.05
-3.96528e-03,-1.01,-0.99
-3.96520e-03,-1.01,-1.05
-3.96512e-03,-0.99,-1.01
-3.96504e-03,-1.05,-1.05
-3.96496e-03,-1.03,-0.99
-3.96488e-03,-1.01,-1.05
-3.96480e-03,-1.03,-0.99
-3.96472e-03,-1.03,-1.07
-3.96464e-03,-1.03,-0.99
-3.96456e-03,-1.01,-1.07
-3.96448e-03,-1.03,-0.99
-3.96440e-03,-1.01,-1.07
-3.96432e-03,-1.01,-1.01
-3.96424e-03,-1.03,-1.05
-3.96416e-03,-1.03,-0.99
-3.96408e-03,-1.03,-1.05
-3.96400e-03,-1.03,-1.01
-3.96392e-03,-1.05,-1.05
-3.96384e-03,-1.01,-0.99
-3.96376e-03,-1.03,-1.05
-3.96368e-03,-1.03,-0.99
-3.96360e-03,-1.03,-1.07
-3.96352e-03,-1.05,-1.01
-3.96344e-03,-1.01,-1.07
-3.96336e-03,-1.03,-0.99
-3.96328e-03,-1.03,-1.07
-3.96320e-03,-1.03,-1.01
-3.96312e-03,-1.03,-1.05
-3.96304e-03,-1.03,-0.99
-3.96296e-03,-1.03,-1.07
-3.96288e-03,-1.03,-1.01
-3.96280e-03,-1.03,-1.05
-3.96272e-03,-1.03,-1.01
-3.96264e-03,-1.03,-1.07
-3.96256e-03,-1.03,-1.01
-3.96248e-03,-1.05,-1.07
-3.96240e-03,-1.03,-1.01
-3.96232e-03,-1.03,-1.07
-3.96224e-03,-1.03,-1.01
-3.96216e-03,-1.03,-1.07
-3.96208e-03,-1.03,-1.01
-3.96200e-03,-1.01,-1.07
-3.96192e-03,-1.03,-0.99
-3.96184e-03,-1.03,-1.07
-3.96176e-03,-1.03,-0.99
-3.96168e-03,-1.03,-1.05
-3.96160e-03,-1.03,-1.01
-3.96152e-03,-1.03,-1.09
-3.96144e-03,-1.03,-1.01
-3.96136e-03,-1.03,-1.07
-3.96128e-03,-1.01,-1.01
-3.96120e-03,-1.05,-1.09
-3.96112e-03,-1.05,-1.01
-3.96104e-03,-1.05,-1.07
-3.96096e-03,-1.01,-0.99
-3.96088e-03,-1.01,-1.07
-3.96080e-03,-1.03,-0.99
-3.96072e-03,-1.01,-1.05
-3.96064e-03,-1.03,-1.01
-3.96056e-03,-1.01,-1.05
-3.96048e-03,-1.05,-1.01
-3.96040e-03,-1.01,-1.05
-3.96032e-03,-1.03,-0.99
-3.96024e-03,-1.03,-1.05
-3.96016e-03,-1.03,-1.01
-3.96008e-03,-1.03,-1.05
-3.96000e-03,-1.01,-1.01
-3.95992e-03,-1.03,-1.05
-3.95984e-03,-1.03,-1.01
-3.95976e-03,-1.03,-1.05
-3.95968e-03,-1.03,-1.01
-3.95960e-03,-1.03,-1.05
-3.95952e-03,-1.01,-1.01
-3.95944e-03,-1.01,-1.05
-3.95936e-03,-1.03,-1.01
-3.95928e-03,-1.01,-1.05
-3.95920e-03,-1.03,-0.99
-3.95912e-03,-1.01,-1.05
-3.95904e-03,-1.03,-0.99
-3.95896e-03,-1.01,-1.07
-3.95888e-03,-1.05,-0.99
-3.95880e-03,-1.03,-1.05
-3.95872e-03,-1.01,-1.01
-3.95864e-03,-1.03,-1.07
-3.95856e-03,-1.01,-1.01
-3.95848e-03,-1.03,-1.05
-3.95840e-03,-1.01,-0.99
-3.95832e-03,-1.03,-1.05
-3.95824e-03,-1.03,-1.01
-3.95816e-03,-1.03,-1.05
-3.95808e-03,-1.03,-0.99
-3.95800e-03,-1.01,-1.05
-3.95792e-03,-1.03,-1.01
-3.95784e-03,-1.01,-1.05
-3.95776e-03,-1.01,-1.01
-3.95768e-03,-1.01,-1.05
-3.95760e-03,-1.01,-1.01
-3.95752e-03,-1.01,-1.05
-3.95744e-03,-1.01,-1.01
-3.95736e-03,-1.03,-1.05
-3.95728e-03,-1.01,-1.01
-3.95720e-03,-1.03,-1.05
-3.95712e-03,-0.99,-1.01
-3.95704e-03,-1.03,-1.05
-3.95696e-03,-1.01,-0.99
-3.95688e-03,-1.03,-1.05
-3.95680e-03,-1.03,-0.99
-3.95672e-03,-1.01,-1.05
-3.95664e-03,-1.03,-0.99
-3.95656e-03,-1.03,-1.05
-3.95648e-03,-1.01,-1.01
-3.95640e-03,-1.03,-1.05
-3.95632e-03,-1.03,-0.99
-3.95624e-03,-1.01,-1.05
-3.95616e-03,-1.03,-0.99
-3.95608e-03,-1.01,-1.05
-3.95600e-03,-1.01,-1.01
-3.95592e-03,-1.05,-1.05
-3.95584e-03,-1.03,-0.99
-3.95576e-03,-1.05,-1.07
-3.95568e-03,-1.03,-1.01
-3.95560e-03,-1.01,-1.05
-3.95552e-03,-1.03,-0.99
-3.95544e-03,-1.03,-1.05
-3.95536e-03,-1.03,-1.01
-3.95528e-03,-1.03,-1.05
-3.95520e-03,-1.03,-1.01
-3.95512e-03,-1.03,-1.07
-3.95504e-03,-1.05,-0.99
-3.95496e-03,-1.03,-1.05
-3.95488e-03,-1.03,-1.01
-3.95480e-03,-1.03,-1.07
-3.95472e-03,-0.99,-0.99
-3.95464e-03,-1.03,-1.07
-3.95456e-03,-1.03,-0.99
-3.95448e-03,-1.03,-1.07
-3.95440e-03,-1.03,-1.01
-3.95432e-03,-1.03,-1.07
-3.95424e-03,-1.03,-1.01
-3.95416e-03,-1.03,-1.05
-3.95408e-03,-1.03,-1.01
-3.95400e-03,-1.03,-1.05
-3.95392e-03,-1.03,-1.01
-3.95384e-03,-1.03,-1.05
-3.95376e-03,-1.03,-1.01
-3.95368e-03,-1.05,-1.07
-3.95360e-03,-1.03,-1.01
-3.95352e-03,-1.03,-1.05
-3.95344e-03,-1.01,-1.01
-3.95336e-03,-1.01,-1.05
-3.95328e-03,-1.03,-0.99
-3.95320e-03,-1.03,-1.05
-3.95312e-03,-1.03,-1.01
-3.95304e-03,-1.05,-1.07
-3.95296e-03,-1.05,-1.01
-3.95288e-03,-1.03,-1.05
-3.95280e-03,-1.05,-1.01
-3.95272e-03,-1.03,-1.07
-3.95264e-03,-1.03,-1.01
-3.95256e-03,-1.03,-1.07
-3.95248e-03,-1.05,-1.01
-3.95240e-03,-1.03,-1.07
-3.95232e-03,-1.05,-0.99
-3.95224e-03,-1.05,-1.07
-3.95216e-03,-1.03,-0.99
-3.95208e-03,-1.03,-1.07
-3.95200e-03,-1.05,-0.99
-3.95192e-03,-1.03,-1.07
-3.95184e-03,-1.05,-0.99
-3.95176e-03,-1.01,-1.07
-3.95168e-03,-1.05,-0.99
-3.95160e-03,-1.01,-1.07
-3.95152e-03,-1.03,-0.99
-3.95144e-03,-1.03,-1.07
-3.95136e-03,-1.05,-1.01
-3.95128e-03,-1.05,-1.07
-3.95120e-03,-1.03,-1.01
-3.95112e-03,-1.03,-1.05
-3.95104e-03,-1.05,-1.01
-3.95096e-03,-1.05,-1.07
-3.95088e-03,-1.03,-1.01
-3.95080e-03,-1.05,-1.07
-3.95072e-03,-1.03,-1.01
-3.95064e-03,-1.03,-1.07
-3.95056e-03,-1.03,-1.01
-3.95048e-03,-1.05,-1.07
-3.95040e-03,-1.03,-1.01
-3.95032e-03,-1.03,-1.07
-3.95024e-03,-1.03,-1.01
-3.95016e-03,-1.03,-1.07
-3.95008e-03,-1.05,-1.01
-3.95000e-03,-1.01,-1.07
-3.94992e-03,-1.05,-1.01
-3.94984e-03,-1.03,-1.07
-3.94976e-03,-1.05,-1.01
-3.94968e-03,-1.03,-1.07
-3.94960e-03,-1.03,-1.01
-3.94952e-03,-1.03,-1.07
-3.94944e-03,-1.03,-1.01
-3.94936e-03,-1.03,-1.07
-3.94928e-03,-1.03,-1.01
-3.94920e-03,-1.05,-1.07
-3.94912e-03,-1.05,-1.01
-3.94904e-03,-1.03,-1.07
-3.94896e-03,-1.03,-1.01
-3.94888e-03,-1.03,-1.07
-3.94880e-03,-1.03,-1.01
-3.94872e-03,-1.01,-1.07
-3.94864e-03,-1.03,-1.01
-3.94856e-03,-1.01,-1.05
-3.94848e-03,-1.03,-1.01
-3.94840e-03,-1.01,-1.07
-3.94832e-03,-1.03,-0.99
-3.94824e-03,-1.05,-1.07
-3.94816e-03,-1.01,-1.01
-3.94808e-03,-1.05,-1.07
-3.94800e-03,-1.01,-0.99
-3.94792e-03,-1.05,-1.05
-3.94784e-03,-1.03,-0.99
-3.94776e-03,-1.03,-1.05
-3.94768e-03,-1.03,-1.01
-3.94760e-03,-1.03,-1.07
-3.94752e-03,-1.03,-1.01
-3.94744e-03,-1.05,-1.05
-3.94736e-03,-1.03,-1.01
-3.94728e-03,-1.01,-1.05
-3.94720e-03,-1.03,-1.01
-3.94712e-03,-1.01,-1.07
-3.94704e-03,-1.03,-1.01
-3.94696e-03,-1.03,-1.05
-3.94688e-03,-1.01,-1.01
-3.94680e-03,-1.03,-1.05
-3.94672e-03,-1.01,-1.01
-3.94664e-03,-1.03,-1.07
-3.94656e-03,-1.03,-1.01
-3.94648e-03,-1.05,-1.05
-3.94640e-03,-1.03,-0.99
-3.94632e-03,-1.03,-1.05
-3.94624e-03,-1.03,-1.01
-3.94616e-03,-1.03,-1.07
-3.94608e-03,-1.05,-1.01
-3.94600e-03,-1.03,-1.05
-3.94592e-03,-1.05,-1.01
-3.94584e-03,-1.03,-1.07
-3.94576e-03,-1.03,-1.01
-3.94568e-03,-1.03,-1.07
-3.94560e-03,-1.03,-1.01
-3.94552e-03,-1.05,-1.05
-3.94544e-03,-1.03,-1.01
-3.94536e-03,-1.05,-1.05
-3.94528e-03,-1.01,-1.01
-3.94520e-03,-1.03,-1.07
-3.94512e-03,-1.01,-0.99
-3.94504e-03,-1.05,-1.07
-3.94496e-03,-1.03,-1.01
-3.94488e-03,-0.99,-1.05
-3.94480e-03,-1.05,-1.01
-3.94472e-03,-1.01,-1.05
-3.94464e-03,-1.03,-0.99
-3.94456e-03,-1.03,-1.05
-3.94448e-03,-1.05,-1.01
-3.94440e-03,-1.03,-1.07
-3.94432e-03,-1.03,-1.01
-3.94424e-03,-1.03,-1.05
-3.94416e-03,-1.01,-1.01
-3.94408e-03,-1.05,-1.05
-3.94400e-03,-1.05,-1.01
-3.94392e-03,-1.05,-1.07
-3.94384e-03,-1.01,-0.99
-3.94376e-03,-1.03,-1.07
-3.94368e-03,-1.01,-0.99
-3.94360e-03,-1.03,-1.07
-3.94352e-03,-1.03,-0.99
-3.94344e-03,-1.01,-1.07
-3.94336e-03,-1.03,-1.01
-3.94328e-03,-1.03,-1.05
-3.94320e-03,-1.03,-1.01
-3.94312e-03,-1.05,-1.07
-3.94304e-03,-1.05,-0.99
-3.94296e-03,-1.03,-1.05
-3.94288e-03,-1.03,-1.01
-3.94280e-03,-1.05,-1.05
-3.94272e-03,-1.01,-1.01
-3.94264e-03,-1.03,-1.05
-3.94256e-03,-1.03,-0.99
-3.94248e-03,-1.03,-1.05
-3.94240e-03,-1.03,-1.01
-3.94232e-03,-1.01,-1.05
-3.94224e-03,-1.03,-0.99
-3.94216e-03,-1.03,-1.07
-3.94208e-03,-1.05,-1.01
-3.94200e-03,-1.03,-1.05
-3.94192e-03,-1.03,-1.01
-3.94184e-03,-1.03,-1.05
-3.94176e-03,-1.03,-1.01
-3.94168e-03,-1.05,-1.05
-3.94160e-03,-1.03,-1.01
-3.94152e-03,-1.03,-1.05
-3.94144e-03,-1.05,-1.01
-3.94136e-03,-1.03,-1.05
-3.94128e-03,-1.05,-1.01
-3.94120e-03,-1.03,-1.07
-3.94112e-03,-1.03,-0.99
-3.94104e-03,-1.03,-1.05
-3.94096e-03,-1.01,-1.01
-3.94088e-03,-1.03,-1.07
-3.94080e-03,-1.05,-1.01
-3.94072e-03,-1.05,-1.05
-3.94064e-03,-1.05,-1.01
-3.94056e-03,-1.01,-1.05
-3.94048e-03,-1.03,-1.01
-3.94040e-03,-1.03,-1.05
-3.94032e-03,-1.01,-1.01
-3.94024e-03,-1.03,-1.07
-3.94016e-03,-1.03,-1.01
-3.94008e-03,-1.05,-1.05
-3.94000e-03,-1.01,-0.99
-3.93992e-03,-1.05,-1.07
-3.93984e-03,-1.01,-1.01
-3.93976e-03,-1.03,-1.05
-3.93968e-03,-1.01,-0.99
-3.93960e-03,-1.03,-1.05
-3.93952e-03,-1.03,-1.01
-3.93944e-03,-1.01,-1.05
-3.93936e-03,-1.03,-1.01
-3.93928e-03,-1.03,-1.05
-3.93920e-03,-1.05,-0.99
-3.93912e-03,-1.01,-1.05
-3.93904e-03,-1.03,-1.01
-3.93896e-03,-1.01,-1.05
-3.93888e-03,-1.03,-0.99
-3.93880e-03,-1.03,-1.05
-3.93872e-03,-1.01,-1.01
-3.93864e-03,-1.03,-1.05
-3.93856e-03,-1.03,-0.99
-3.93848e-03,-1.03,-1.05
-3.93840e-03,-1.01,-1.01
-3.93832e-03,-1.03,-1.05
-3.93824e-03,-1.03,-1.01
-3.93816e-03,-1.03,-1.05
-3.93808e-03,-1.01,-1.01
-3.93800e-03,-1.01,-1.05
-3.93792e-03,-1.03,-1.01
-3.93784e-03,-1.03,-1.07
-3.93776e-03,-1.01,-1.01
-3.93768e-03,-1.03,-1.05
-3.93760e-03,-1.03,-1.01
-3.93752e-03,-1.05,-1.05
-3.93744e-03,-1.01,-0.99
-3.93736e-03,-1.03,-1.05
-3.93728e-03,-1.01,-1.01
-3.93720e-03,-1.03,-1.07
-3.93712e-03,-1.03,-1.01
-3.93704e-03,-1.03,-1.05
-3.93696e-03,-1.03,-1.01
-3.93688e-03,-1.03,-1.05
-3.93680e-03,-1.03,-1.01
-3.93672e-03,-1.03,-1.05
-3.93664e-03,-1.03,-1.01
-3.93656e-03,-1.03,-1.05
-3.93648e-03,-1.03,-1.01
-3.93640e-03,-1.01,-1.05
-3.93632e-03,-1.03,-1.01
-3.93624e-03,-1.03,-1.05
-3.93616e-03,-1.03,-0.99
-3.93608e-03,-1.03,-1.05
-3.93600e-03,-1.03,-1.01
-3.93592e-03,-1.05,-1.05
-3.93584e-03,-1.03,-1.01
-3.93576e-03,-1.01,-1.05
-3.93568e-03,-1.03,-1.01
-3.93560e-03,-1.03,-1.07
-3.93552e-03,-1.01,-1.01
-3.93544e-03,-1.03,-1.05
-3.93536e-03,-1.05,-1.01
-3.93528e-03,-1.01,-1.05
-3.93520e-03,-1.01,-0.99
-3.93512e-03,-0.99,-1.05
-3.93504e-03,-1.03,-1.01
-3.93496e-03,-1.03,-1.07
-3.93488e-03,-1.03,-0.99
-3.93480e-03,-1.03,-1.05
-3.93472e-03,-1.03,-0.99
-3.93464e-03,-1.03,-1.05
-3.93456e-03,-1.03,-1.01
-3.93448e-03,-1.03,-1.07
-3.93440e-03,-1.03,-1.01
-3.93432e-03,-1.03,-1.05
-3.93424e-03,-1.01,-1.01
-3.93416e-03,-1.03,-1.07
-3.93408e-03,-1.03,-0.99
-3.93400e-03,-1.03,-1.07
-3.93392e-03,-1.03,-1.01
-3.93384e-03,-1.01,-1.05
-3.93376e-03,-1.03,-0.99
-3.93368e-03,-1.01,-1.07
-3.93360e-03,-1.03,-1.01
-3.93352e-03,-1.03,-1.05
-3.93344e-03,-1.03,-0.99
-3.93336e-03,-1.05,-1.05
-3.93328e-03,-1.03,-0.99
-3.93320e-03,-1.03,-1.05
-3.93312e-03,-1.03,-0.99
-3.93304e-03,-1.03,-1.05
-3.93296e-03,-1.03,-0.99
-3.93288e-03,-1.03,-1.07
-3.93280e-03,-1.03,-1.01
-3.93272e-03,-1.01,-1.05
-3.93264e-03,-1.01,-1.01
-3.93256e-03,-1.01,-1.05
-3.93248e-03,-1.03,-1.01
-3.93240e-03,-1.03,-1.05
-3.93232e-03,-1.03,-0.99
-3.93224e-03,-1.03,-1.05
-3.93216e-03,-1.01,-0.99
-3.93208e-03,-1.03,-1.05
-3.93200e-03,-1.01,-1.01
-3.93192e-03,-1.03,-1.05
-3.93184e-03,-1.03,-0.99
-3.93176e-03,-1.03,-1.05
-3.93168e-03,-1.01,-1.01
-3.93160e-03,-1.03,-1.07
-3.93152e-03,-1.03,-0.99
-3.93144e-03,-1.01,-1.07
-3.93136e-03,-1.03,-1.01
-3.93128e-03,-1.01,-1.05
-3.93120e-03,-1.03,-1.01
-3.93112e-03,-1.01,-1.07
-3.93104e-03,-1.03,-0.99
-3.93096e-03,-1.03,-1.05
-3.93088e-03,-1.03,-0.99
-3.93080e-03,-1.03,-1.07
-3.93072e-03,-1.01,-1.01
-3.93064e-03,-1.03,-1.05
-3.93056e-03,-1.01,-1.01
-3.93048e-03,-1.03,-1.05
-3.93040e-03,-1.01,-0.99
-3.93032e-03,-1.01,-1.05
-3.93024e-03,-1.03,-0.99
-3.93016e-03,-1.01,-1.05
-3.93008e-03,-1.03,-1.01
-3.93000e-03,-1.01,-1.05
-3.92992e-03,-1.03,-0.99
-3.92984e-03,-1.01,-1.05
-3.92976e-03,-1.03,-0.99
-3.92968e-03,-1.03,-1.05
-3.92960e-03,-1.01,-1.01
-3.92952e-03,-1.03,-1.05
-3.92944e-03,-1.01,-0.99
-3.92936e-03,-1.03,-1.05
-3.92928e-03,-1.01,-0.99
-3.92920e-03,-1.03,-1.05
-3.92912e-03,-1.03,-0.99
-3.92904e-03,-1.03,-1.05
-3.92896e-03,-1.03,-0.99
-3.92888e-03,-1.03,-1.05
-3.92880e-03,-1.05,-0.99
-3.92872e-03,-1.05,-1.05
-3.92864e-03,-0.89,-1.01
-3.92856e-03,-0.95,-1.09
-3.92848e-03,-0.95,-0.71
-3.92840e-03,-0.95,-0.99
-3.92832e-03,-0.95,-0.91
-3.92824e-03,-0.93,-0.99
-3.92816e-03,-0.95,-0.91
-3.92808e-03,-0.97,-0.99
-3.92800e-03,-0.99,-0.91
-3.92792e-03,-0.99,-1.01
-3.92784e-03,-1.03,-0.95
-3.92776e-03,-1.05,-1.05
-3.92768e-03,-1.03,-0.97
-3.92760e-03,-1.05,-1.07
-3.92752e-03,-1.03,-1.01
-3.92744e-03,-1.05,-1.07
-3.92736e-03,-1.03,-1.01
-3.92728e-03,-1.03,-1.07
-3.92720e-03,-1.01,-1.01
-3.92712e-03,-1.01,-1.07
-3.92704e-03,-1.01,-1.01
-3.92696e-03,-1.01,-1.05
-3.92688e-03,-1.01,-0.99
-3.92680e-03,-0.99,-1.05
-3.92672e-03,-1.01,-0.99
-3.92664e-03,-1.01,-1.05
-3.92656e-03,-1.03,-0.99
-3.92648e-03,-1.03,-1.07
-3.92640e-03,-1.01,-0.99
-3.92632e-03,-1.03,-1.07
-3.92624e-03,-1.01,-0.99
-3.92616e-03,-1.01,-1.05
-3.92608e-03,-1.03,-0.99
-3.92600e-03,-1.01,-1.05
-3.92592e-03,-0.99,-0.99
-3.92584e-03,-1.03,-1.03
-3.92576e-03,-0.97,-0.99
-3.92568e-03,-1.01,-1.05
-3.92560e-03,-1.03,-0.97
-3.92552e-03,-1.01,-1.03
-3.92544e-03,-1.01,-0.99
-3.92536e-03,-1.01,-1.03
-3.92528e-03,-1.01,-0.99
-3.92520e-03,-1.01,-1.03
-3.92512e-03,-1.01,-0.99
-3.92504e-03,-1.01,-1.05
-3.92496e-03,-1.03,-0.99
-3.92488e-03,-1.01,-1.05
-3.92480e-03,-1.01,-0.99
-3.92472e-03,-0.99,-1.03
-3.92464e-03,-1.01,-0.99
-3.92456e-03,-1.03,-1.05
-3.92448e-03,-0.99,-0.99
-3.92440e-03,-1.03,-1.05
-3.92432e-03,-1.01,-0.99
-3.92424e-03,-1.01,-1.05
-3.92416e-03,-1.01,-0.99
-3.92408e-03,-1.01,-1.05
-3.92400e-03,-1.01,-0.99
-3.92392e-03,-1.01,-1.05
-3.92384e-03,-1.01,-0.99
-3.92376e-03,-1.01,-1.05
-3.92368e-03,-1.01,-0.99
-3.92360e-03,-1.03,-1.05
-3.92352e-03,-1.03,-0.99
-3.92344e-03,-1.03,-1.03
-3.92336e-03,-1.01,-0.99
-3.92328e-03,-1.01,-1.03
-3.92320e-03,-1.03,-0.99
-3.92312e-03,-1.01,-1.05
-3.92304e-03,-1.01,-0.99
-3.92296e-03,-1.01,-1.03
-3.92288e-03,-1.01,-0.99
-3.92280e-03,-0.99,-1.03
-3.92272e-03,-1.03,-0.99
-3.92264e-03,-1.01,-1.05
-3.92256e-03,-0.99,-0.99
-3.92248e-03,-1.01,-1.05
-3.92240e-03,-1.01,-0.99
-3.92232e-03,-1.01,-1.05
-3.92224e-03,-1.03,-0.99
-3.92216e-03,-1.01,-1.05
-3.92208e-03,-1.01,-0.99
-3.92200e-03,-1.03,-1.03
-3.92192e-03,-1.31,-0.99
-3.92184e-03,-1.05,-1.37
-3.92176e-03,-1.09,-0.93
-3.92168e-03,-1.07,-1.33
-3.92160e-03,-1.05,-1.01
-3.92152e-03,-1.11,-1.11
-3.92144e-03,-1.07,-1.05
-3.92136e-03,-1.07,-1.11
-3.92128e-03,-1.03,-1.03
-3.92120e-03,-1.05,-1.09
-3.92112e-03,-1.01,-1.03
-3.92104e-03,-1.01,-1.07
-3.92096e-03,-0.99,-1.01
-3.92088e-03,-0.99,-1.03
-3.92080e-03,-1.01,-0.99
-3.92072e-03,-0.99,-1.03
-3.92064e-03,-1.01,-0.97
-3.92056e-03,-0.99,-1.03
-3.92048e-03,-1.03,-0.97
-3.92040e-03,-1.01,-1.03
-3.92032e-03,-1.01,-0.97
-3.92024e-03,-1.01,-1.05
-3.92016e-03,-1.01,-0.99
-3.92008e-03,-1.01,-1.05
-3.92000e-03,-0.99,-0.99
-3.91992e-03,-1.01,-1.05
-3.91984e-03,-1.01,-0.99
-3.91976e-03,-1.01,-1.05
-3.91968e-03,-1.03,-0.99
-3.91960e-03,-0.99,-1.05
-3.91952e-03,-1.01,-0.99
-3.91944e-03,-0.99,-1.05
-3.91936e-03,-1.03,-0.99
-3.91928e-03,-1.01,-1.05
-3.91920e-03,-0.99,-0.99
-3.91912e-03,-1.03,-1.05
-3.91904e-03,-1.01,-0.97
-3.91896e-03,-1.03,-1.05
-3.91888e-03,-1.01,-0.99
-3.91880e-03,-1.05,-1.05
-3.91872e-03,-0.99,-0.99
-3.91864e-03,-1.03,-1.05
-3.91856e-03,-1.01,-0.99
-3.91848e-03,-1.01,-1.05
-3.91840e-03,-0.99,-0.99
-3.91832e-03,-1.01,-1.05
-3.91824e-03,-1.03,-0.99
-3.91816e-03,-0.99,-1.05
-3.91808e-03,-1.01,-0.99
-3.91800e-03,-1.01,-1.05
-3.91792e-03,-1.03,-0.99
-3.91784e-03,-1.03,-1.05
-3.91776e-03,-1.03,-0.97
-3.91768e-03,-1.01,-1.05
-3.91760e-03,-1.01,-0.99
-3.91752e-03,-1.01,-1.05
-3.91744e-03,-1.01,-0.99
-3.91736e-03,-1.03,-1.05
-3.91728e-03,-1.01,-0.99
-3.91720e-03,-1.03,-1.05
-3.91712e-03,-1.01,-0.99
-3.91704e-03,-1.01,-1.05
-3.91696e-03,-1.01,-0.99
-3.91688e-03,-1.01,-1.05
-3.91680e-03,-1.03,-0.99
-3.91672e-03,-1.01,-1.05
-3.91664e-03,-1.03,-0.99
-3.91656e-03,-1.01,-1.05
-3.91648e-03,-1.03,-0.99
-3.91640e-03,-1.03,-1.05
-3.91632e-03,-1.01,-0.99
-3.91624e-03,-1.03,-1.05
-3.91616e-03,-1.01,-0.99
-3.91608e-03,-1.03,-1.05
-3.91600e-03,-1.01,-1.01
-3.91592e-03,-1.03,-1.05
-3.91584e-03,-1.03,-0.99
-3.91576e-03,-1.03,-1.05
-3.91568e-03,-1.01,-0.99
-3.91560e-03,-1.01,-1.05
-3.91552e-03,-1.01,-1.01
-3.91544e-03,-1.03,-1.05
-3.91536e-03,-1.03,-0.99
-3.91528e-03,-1.01,-1.05
-3.91520e-03,-1.01,-1.01
-3.91512e-03,-1.01,-1.05
-3.91504e-03,-1.03,-0.99
-3.91496e-03,-1.01,-1.07
-3.91488e-03,-1.01,-0.99
-3.91480e-03,-1.03,-1.05
-3.91472e-03,-1.01,-0.99
-3.91464e-03,-1.03,-1.05
-3.91456e-03,-1.03,-1.01
-3.91448e-03,-1.03,-1.05
-3.91440e-03,-1.03,-0.99
-3.91432e-03,-1.03,-1.07
-3.91424e-03,-1.03,-1.01
-3.91416e-03,-1.01,-1.07
-3.91408e-03,-1.03,-1.01
-3.91400e-03,-1.01,-1.05
-3.91392e-03,-1.03,-1.01
-3.91384e-03,-1.03,-1.05
-3.91376e-03,-1.01,-1.01
-3.91368e-03,-1.03,-1.05
-3.91360e-03,-1.03,-0.99
-3.91352e-03,-1.03,-1.05
-3.91344e-03,-1.01,-1.01
-3.91336e-03,-1.03,-1.05
-3.91328e-03,-1.03,-0.99
-3.91320e-03,-1.01,-1.05
-3.91312e-03,-1.03,-0.99
-3.91304e-03,-1.03,-1.05
-3.91296e-03,-1.03,-0.99
-3.91288e-03,-1.01,-1.05
-3.91280e-03,-1.03,-1.01
-3.91272e-03,-1.01,-1.05
-3.91264e-03,-1.03,-1.01
-3.91256e-03,-1.03,-1.05
-3.91248e-03,-1.05,-0.99
-3.91240e-03,-1.03,-1.05
-3.91232e-03,-1.03,-0.99
-3.91224e-03,-1.05,-1.05
-3.91216e-03,-1.01,-1.01
-3.91208e-03,-1.05,-1.05
-3.91200e-03,-1.01,-0.99
-3.91192e-03,-1.03,-1.07
-3.91184e-03,-1.01,-1.01
-3.91176e-03,-1.03,-1.05
-3.91168e-03,-1.03,-1.01
-3.91160e-03,-1.03,-1.05
-3.91152e-03,-1.03,-0.99
-3.91144e-03,-1.01,-1.05
-3.91136e-03,-1.03,-0.99
-3.91128e-03,-0.99,-1.05
-3.91120e-03,-1.05,-1.01
-3.91112e-03,-0.99,-1.05
-3.91104e-03,-1.03,-0.99
-3.91096e-03,-1.03,-1.05
-3.91088e-03,-1.03,-0.99
-3.91080e-03,-1.01,-1.05
-3.91072e-03,-1.03,-1.01
-3.91064e-03,-1.01,-1.07
-3.91056e-03,-1.01,-1.01
-3.91048e-03,-1.03,-1.07
-3.91040e-03,-1.03,-1.01
-3.91032e-03,-1.03,-1.07
-3.91024e-03,-1.03,-1.01
-3.91016e-03,-1.01,-1.05
-3.91008e-03,-1.05,-1.01
-3.91000e-03,-0.99,-1.05
-3.90992e-03,-1.03,-1.01
-3.90984e-03,-0.99,-1.05
-3.90976e-03,-1.01,-0.99
-3.90968e-03,-1.01,-1.05
-3.90960e-03,-1.03,-0.99
-3.90952e-03,-1.05,-1.05
-3.90944e-03,-1.03,-0.99
-3.90936e-03,-1.03,-1.05
-3.90928e-03,-1.01,-0.99
-3.90920e-03,-1.01,-1.05
-3.90912e-03,-1.03,-0.99
-3.90904e-03,-1.03,-1.05
-3.90896e-03,-1.01,-0.99
-3.90888e-03,-1.03,-1.05
-3.90880e-03,-1.01,-0.99
-3.90872e-03,-1.03,-1.05
-3.90864e-03,-1.03,-0.99
-3.90856e-03,-1.01,-1.05
-3.90848e-03,-1.03,-0.99
-3.90840e-03,-1.01,-1.05
-3.90832e-03,-0.99,-0.99
-3.90824e-03,-1.03,-1.05
-3.90816e-03,-1.01,-0.99
-3.90808e-03,-1.01,-1.05
-3.90800e-03,-1.01,-0.99
-3.90792e-03,-1.01,-1.05
-3.90784e-03,-1.03,-0.99
-3.90776e-03,-1.03,-1.05
-3.90768e-03,-1.01,-0.99
-3.90760e-03,-1.03,-1.05
-3.90752e-03,-1.03,-0.99
-3.90744e-03,-1.01,-1.05
-3.90736e-03,-1.01,-0.99
-3.90728e-03,-1.01,-1.05
-3.90720e-03,-1.05,-0.99
-3.90712e-03,-1.01,-1.05
-3.90704e-03,-1.01,-0.99
-3.90696e-03,-1.01,-1.05
-3.90688e-03,-1.01,-0.99
-3.90680e-03,-1.03,-1.05
-3.90672e-03,-1.01,-0.99
-3.90664e-03,-1.03,-1.05
-3.90656e-03,-1.03,-0.99
-3.90648e-03,-1.03,-1.05
-3.90640e-03,-1.01,-0.99
-3.90632e-03,-1.01,-1.05
-3.90624e-03,-1.01,-0.99
-3.90616e-03,-1.01,-1.05
-3.90608e-03,-1.05,-0.99
-3.90600e-03,-0.99,-1.05
-3.90592e-03,-1.03,-0.99
-3.90584e-03,-1.03,-1.05
-3.90576e-03,-1.03,-0.99
-3.90568e-03,-1.03,-1.05
-3.90560e-03,-1.03,-0.99
-3.90552e-03,-1.03,-1.05
-3.90544e-03,-1.01,-0.99
-3.90536e-03,-1.01,-1.05
-3.90528e-03,-1.01,-0.99
-3.90520e-03,-1.01,-1.05
-3.90512e-03,-1.03,-0.99
-3.90504e-03,-1.03,-1.05
-3.90496e-03,-1.03,-0.99
-3.90488e-03,-1.01,-1.05
-3.90480e-03,-1.01,-0.99
-3.90472e-03,-1.01,-1.05
-3.90464e-03,-1.03,-0.99
-3.90456e-03,-1.03,-1.05
-3.90448e-03,-1.05,-0.99
-3.90440e-03,-1.01,-1.05
-3.90432e-03,-1.01,-0.97
-3.90424e-03,-1.01,-1.05
-3.90416e-03,-1.01,-0.99
-3.90408e-03,-1.03,-1.05
-3.90400e-03,-1.01,-0.99
-3.90392e-03,-1.03,-1.05
-3.90384e-03,-1.01,-1.01
-3.90376e-03,-1.03,-1.05
-3.90368e-03,-1.03,-0.99
-3.90360e-03,-1.01,-1.05
-3.90352e-03,-1.03,-0.99
-3.90344e-03,-1.01,-1.05
-3.90336e-03,-1.03,-1.01
-3.90328e-03,-1.03,-1.05
-3.90320e-03,-1.03,-1.01
-3.90312e-03,-1.01,-1.05
-3.90304e-03,-1.05,-0.99
-3.90296e-03,-1.01,-1.07
-3.90288e-03,-1.01,-0.99
-3.90280e-03,-1.03,-1.05
-3.90272e-03,-1.03,-0.99
-3.90264e-03,-1.05,-1.05
-3.90256e-03,-1.01,-1.01
-3.90248e-03,-1.03,-1.05
-3.90240e-03,-1.03,-1.01
-3.90232e-03,-1.01,-1.05
-3.90224e-03,-1.01,-0.99
-3.90216e-03,-1.01,-1.05
-3.90208e-03,-1.05,-0.99
-3.90200e-03,-1.01,-1.05
-3.90192e-03,-1.05,-0.99
-3.90184e-03,-1.03,-1.05
-3.90176e-03,-1.03,-1.01
-3.90168e-03,-1.03,-1.05
-3.90160e-03,-1.05,-1.01
-3.90152e-03,-1.03,-1.05
-3.90144e-03,-1.01,-0.99
-3.90136e-03,-1.03,-1.05
-3.90128e-03,-1.03,-0.99
-3.90120e-03,-1.05,-1.05
-3.90112e-03,-1.03,-0.99
-3.90104e-03,-1.03,-1.05
-3.90096e-03,-1.03,-1.01
-3.90088e-03,-1.01,-1.07
-3.90080e-03,-1.05,-1.01
-3.90072e-03,-1.05,-1.07
-3.90064e-03,-1.03,-1.01
-3.90056e-03,-1.05,-1.07
-3.90048e-03,-1.01,-0.99
-3.90040e-03,-1.03,-1.07
-3.90032e-03,-1.03,-0.99
-3.90024e-03,-1.03,-1.05
-3.90016e-03,-1.03,-1.01
-3.90008e-03,-1.03,-1.05
-3.90000e-03,-1.03,-1.01
-3.89992e-03,-1.03,-1.07
-3.89984e-03,-1.03,-1.01
-3.89976e-03,-1.03,-1.07
-3.89968e-03,-1.03,-1.01
-3.89960e-03,-1.03,-1.05
-3.89952e-03,-1.03,-0.99
-3.89944e-03,-1.01,-1.05
-3.89936e-03,-1.03,-0.99
-3.89928e-03,-1.01,-1.05
-3.89920e-03,-1.03,-1.01
-3.89912e-03,-1.01,-1.07
-3.89904e-03,-1.03,-1.01
-3.89896e-03,-1.03,-1.05
-3.89888e-03,-1.03,-1.01
-3.89880e-03,-1.01,-1.05
-3.89872e-03,-1.01,-1.01
-3.89864e-03,-1.05,-1.05
-3.89856e-03,-1.01,-1.01
-3.89848e-03,-1.03,-1.05
-3.89840e-03,-1.01,-1.01
-3.89832e-03,-1.03,-1.05
-3.89824e-03,-1.03,-1.01
-3.89816e-03,-1.01,-1.05
-3.89808e-03,-1.03,-1.01
-3.89800e-03,-1.01,-1.05
-3.89792e-03,-1.03,-0.99
-3.89784e-03,-1.01,-1.05
-3.89776e-03,-1.01,-0.99
-3.89768e-03,-1.03,-1.05
-3.89760e-03,-1.03,-0.99
-3.89752e-03,-1.03,-1.05
-3.89744e-03,-1.01,-0.99
-3.89736e-03,-1.03,-1.05
-3.89728e-03,-0.99,-1.01
-3.89720e-03,-1.01,-1.05
-3.89712e-03,-1.01,-0.99
-3.89704e-03,-1.03,-1.05
-3.89696e-03,-1.01,-0.99
-3.89688e-03,-0.99,-1.05
-3.89680e-03,-1.01,-0.99
-3.89672e-03,-1.01,-1.05
-3.89664e-03,-1.03,-0.99
-3.89656e-03,-1.01,-1.07
-3.89648e-03,-1.05,-0.99
-3.89640e-03,-1.01,-1.05
-3.89632e-03,-1.03,-0.99
-3.89624e-03,-1.03,-1.05
-3.89616e-03,-1.01,-0.99
-3.89608e-03,-1.03,-1.05
-3.89600e-03,-1.01,-0.99
-3.89592e-03,-1.05,-1.05
-3.89584e-03,-1.01,-0.99
-3.89576e-03,-1.03,-1.05
-3.89568e-03,-1.01,-1.01
-3.89560e-03,-1.03,-1.05
-3.89552e-03,-1.01,-0.99
-3.89544e-03,-1.03,-1.07
-3.89536e-03,-1.01,-0.99
-3.89528e-03,-1.03,-1.05
-3.89520e-03,-1.03,-0.99
-3.89512e-03,-1.01,-1.07
-3.89504e-03,-1.01,-0.99
-3.89496e-03,-1.01,-1.05
-3.89488e-03,-0.99,-0.99
-3.89480e-03,-1.03,-1.05
-3.89472e-03,-1.01,-0.99
-3.89464e-03,-1.05,-1.05
-3.89456e-03,-1.01,-0.99
-3.89448e-03,-1.01,-1.05
-3.89440e-03,-1.03,-0.99
-3.89432e-03,-1.03,-1.05
-3.89424e-03,-1.03,-0.99
-3.89416e-03,-1.01,-1.05
-3.89408e-03,-1.03,-1.01
-3.89400e-03,-1.01,-1.05
-3.89392e-03,-1.03,-0.99
-3.89384e-03,-1.01,-1.05
-3.89376e-03,-1.03,-0.99
-3.89368e-03,-1.01,-1.05
-3.89360e-03,-1.03,-0.99
-3.89352e-03,-1.03,-1.05
-3.89344e-03,-1.01,-1.01
-3.89336e-03,-1.03,-1.05
-3.89328e-03,-1.01,-0.99
-3.89320e-03,-1.03,-1.05
-3.89312e-03,-1.01,-1.01
-3.89304e-03,-1.01,-1.05
-3.89296e-03,-1.01,-0.99
-3.89288e-03,-0.99,-1.05
-3.89280e-03,-1.03,-0.99
-3.89272e-03,-1.03,-1.05
-3.89264e-03,-1.03,-0.99
-3.89256e-03,-1.01,-1.05
-3.89248e-03,-1.03,-0.99
-3.89240e-03,-1.03,-1.07
-3.89232e-03,-1.05,-0.99
-3.89224e-03,-1.03,-1.07
-3.89216e-03,-1.03,-0.97
-3.89208e-03,-1.03,-1.07
-3.89200e-03,-0.99,-0.99
-3.89192e-03,-1.03,-1.05
-3.89184e-03,-1.01,-0.97
-3.89176e-03,-1.03,-1.07
-3.89168e-03,-1.03,-1.01
-3.89160e-03,-1.03,-1.05
-3.89152e-03,-1.03,-0.99
-3.89144e-03,-1.01,-1.05
-3.89136e-03,-1.01,-0.99
-3.89128e-03,-1.01,-1.05
-3.89120e-03,-1.03,-1.01
-3.89112e-03,-1.01,-1.05
-3.89104e-03,-1.03,-0.99
-3.89096e-03,-1.03,-1.05
-3.89088e-03,-1.03,-1.01
-3.89080e-03,-1.03,-1.05
-3.89072e-03,-1.03,-1.01
-3.89064e-03,-1.03,-1.05
-3.89056e-03,-1.03,-1.01
-3.89048e-03,-1.05,-1.05
-3.89040e-03,-1.01,-1.01
-3.89032e-03,-1.01,-1.05
-3.89024e-03,-1.03,-0.99
-3.89016e-03,-1.01,-1.05
-3.89008e-03,-1.03,-1.01
-3.89000e-03,-1.01,-1.05
-3.88992e-03,-1.03,-1.01
-3.88984e-03,-1.01,-1.05
-3.88976e-03,-1.03,-1.01
-3.88968e-03,-1.03,-1.05
-3.88960e-03,-1.01,-0.99
-3.88952e-03,-1.01,-1.05
-3.88944e-03,-1.01,-0.99
-3.88936e-03,-1.03,-1.05
-3.88928e-03,-1.01,-0.99
-3.88920e-03,-1.03,-1.07
-3.88912e-03,-1.01,-0.99
-3.88904e-03,-1.03,-1.05
-3.88896e-03,-1.01,-0.99
-3.88888e-03,-0.99,-1.05
-3.88880e-03,-1.03,-0.97
-3.88872e-03,-1.01,-1.05
-3.88864e-03,-1.01,-0.99
-3.88856e-03,-1.01,-1.05
-3.88848e-03,-1.03,-0.99
-3.88840e-03,-1.01,-1.05
-3.88832e-03,-1.01,-0.99
-3.88824e-03,-1.01,-1.05
-3.88816e-03,-1.01,-0.99
-3.88808e-03,-1.03,-1.05
-3.88800e-03,-0.99,-0.99
-3.88792e-03,-1.03,-1.05
-3.88784e-03,-1.03,-0.99
-3.88776e-03,-1.03,-1.05
-3.88768e-03,-1.01,-0.99
-3.88760e-03,-1.01,-1.05
-3.88752e-03,-1.03,-0.99
-3.88744e-03,-1.01,-1.05
-3.88736e-03,-1.03,-0.99
-3.88728e-03,-1.01,-1.07
-3.88720e-03,-1.03,-0.99
-3.88712e-03,-1.01,-1.05
-3.88704e-03,-1.01,-0.99
-3.88696e-03,-1.01,-1.05
-3.88688e-03,-1.03,-1.01
-3.88680e-03,-1.03,-1.05
-3.88672e-03,-1.01,-1.01
-3.88664e-03,-1.01,-1.05
-3.88656e-03,-1.01,-0.99
-3.88648e-03,-1.03,-1.05
-3.88640e-03,-1.03,-0.99
-3.88632e-03,-1.03,-1.05
-3.88624e-03,-1.01,-0.99
-3.88616e-03,-1.01,-1.05
-3.88608e-03,-1.03,-0.99
-3.88600e-03,-1.01,-1.05
-3.88592e-03,-1.03,-1.01
-3.88584e-03,-1.01,-1.05
-3.88576e-03,-1.01,-0.99
-3.88568e-03,-1.03,-1.05
-3.88560e-03,-1.03,-0.99
-3.88552e-03,-1.01,-1.05
-3.88544e-03,-1.03,-1.01
-3.88536e-03,-1.03,-1.05
-3.88528e-03,-1.01,-1.01
-3.88520e-03,-1.03,-1.05
-3.88512e-03,-1.01,-0.99
-3.88504e-03,-1.05,-1.05
-3.88496e-03,-1.01,-0.99
-3.88488e-03,-1.01,-1.05
-3.88480e-03,-1.03,-0.99
-3.88472e-03,-1.03,-1.05
-3.88464e-03,-1.03,-0.99
-3.88456e-03,-1.01,-1.05
-3.88448e-03,-1.03,-0.99
-3.88440e-03,-1.03,-1.05
-3.88432e-03,-1.01,-0.99
-3.88424e-03,-1.03,-1.05
-3.88416e-03,-1.03,-0.99
-3.88408e-03,-1.01,-1.05
-3.88400e-03,-1.03,-0.99
-3.88392e-03,-1.03,-1.05
-3.88384e-03,-1.03,-0.99
-3.88376e-03,-1.03,-1.05
-3.88368e-03,-1.03,-0.99
-3.88360e-03,-1.03,-1.05
-3.88352e-03,-1.03,-0.99
-3.88344e-03,-1.01,-1.07
-3.88336e-03,-1.05,-0.99
-3.88328e-03,-1.01,-1.07
-3.88320e-03,-1.03,-0.99
-3.88312e-03,-1.01,-1.07
-3.88304e-03,-1.01,-0.99
-3.88296e-03,-1.03,-1.05
-3.88288e-03,-1.01,-0.99
-3.88280e-03,-1.03,-1.05
-3.88272e-03,-1.03,-0.99
-3.88264e-03,-1.01,-1.05
-3.88256e-03,-0.99,-0.99
-3.88248e-03,-1.03,-1.05
-3.88240e-03,-1.01,-0.99
-3.88232e-03,-1.01,-1.05
-3.88224e-03,-1.05,-0.99
-3.88216e-03,-1.03,-1.05
-3.88208e-03,-1.03,-0.99
-3.88200e-03,-1.01,-1.05
-3.88192e-03,-1.03,-0.99
-3.88184e-03,-1.01,-1.05
-3.88176e-03,-1.01,-0.99
-3.88168e-03,-1.01,-1.05
-3.88160e-03,-1.03,-0.99
-3.88152e-03,-1.01,-1.05
-3.88144e-03,-0.99,-1.01
-3.88136e-03,-1.03,-1.05
-3.88128e-03,-1.01,-0.99
-3.88120e-03,-1.03,-1.05
-3.88112e-03,-1.01,-0.99
-3.88104e-03,-1.03,-1.05
-3.88096e-03,-1.01,-0.99
-3.88088e-03,-0.99,-1.05
-3.88080e-03,-1.03,-0.99
-3.88072e-03,-1.01,-1.05
-3.88064e-03,-1.03,-0.99
-3.88056e-03,-1.01,-1.05
-3.88048e-03,-1.01,-0.99
-3.88040e-03,-1.01,-1.05
-3.88032e-03,-1.01,-0.99
-3.88024e-03,-1.01,-1.05
-3.88016e-03,-0.99,-0.99
-3.88008e-03,-1.01,-1.05
-3.88000e-03,-0.99,-0.99
-3.87992e-03,-1.03,-1.05
-3.87984e-03,-0.99,-0.99
-3.87976e-03,-1.03,-1.05
-3.87968e-03,-1.03,-0.99
-3.87960e-03,-1.01,-1.05
-3.87952e-03,-1.01,-0.97
-3.87944e-03,-0.99,-1.05
-3.87936e-03,-1.03,-0.99
-3.87928e-03,-1.01,-1.05
-3.87920e-03,-1.01,-0.99
-3.87912e-03,-1.01,-1.05
-3.87904e-03,-1.01,-0.99
-3.87896e-03,-1.01,-1.05
-3.87888e-03,-1.01,-0.99
-3.87880e-03,-1.03,-1.05
-3.87872e-03,-1.01,-0.99
-3.87864e-03,-0.73,-1.05
-3.87856e-03,-0.89,-0.99
-3.87848e-03,-0.95,-1.09
-3.87840e-03,-0.95,-0.71
-3.87832e-03,-0.93,-0.99
-3.87824e-03,-0.95,-0.89
-3.87816e-03,-0.95,-0.97
-3.87808e-03,-0.95,-0.93
-3.87800e-03,-0.99,-0.97
-3.87792e-03,-0.99,-0.93
-3.87784e-03,-1.01,-1.01
-3.87776e-03,-1.03,-0.95
-3.87768e-03,-1.03,-1.05
-3.87760e-03,-1.05,-0.99
-3.87752e-03,-1.03,-1.05
-3.87744e-03,-1.03,-1.01
-3.87736e-03,-1.03,-1.07
-3.87728e-03,-1.01,-1.01
-3.87720e-03,-1.03,-1.05
-3.87712e-03,-1.01,-1.01
-3.87704e-03,-1.01,-1.05
-3.87696e-03,-1.01,-1.01
-3.87688e-03,-1.01,-1.05
-3.87680e-03,-1.01,-0.99
-3.87672e-03,-1.01,-1.05
-3.87664e-03,-0.99,-0.99
-3.87656e-03,-1.03,-1.03
-3.87648e-03,-0.99,-0.99
-3.87640e-03,-1.01,-1.05
-3.87632e-03,-1.01,-0.99
-3.87624e-03,-1.01,-1.05
-3.87616e-03,-1.01,-0.99
-3.87608e-03,-1.01,-1.05
-3.87600e-03,-1.01,-0.99
-3.87592e-03,-1.01,-1.05
-3.87584e-03,-1.01,-0.99
-3.87576e-03,-0.99,-1.05
-3.87568e-03,-1.01,-0.99
-3.87560e-03,-1.01,-1.05
-3.87552e-03,-1.01,-0.99
-3.87544e-03,-1.01,-1.05
-3.87536e-03,-1.01,-0.99
-3.87528e-03,-1.01,-1.03
-3.87520e-03,-0.97,-0.99
-3.87512e-03,-0.99,-1.05
-3.87504e-03,-1.01,-0.97
-3.87496e-03,-1.03,-1.07
-3.87488e-03,-1.01,-0.97
-3.87480e-03,-1.01,-1.05
-3.87472e-03,-1.01,-0.97
-3.87464e-03,-1.03,-1.03
-3.87456e-03,-1.01,-0.99
-3.87448e-03,-0.99,-1.05
-3.87440e-03,-1.01,-0.99
-3.87432e-03,-1.01,-1.05
-3.87424e-03,-1.01,-0.99
-3.87416e-03,-1.01,-1.05
-3.87408e-03,-0.99,-0.99
-3.87400e-03,-1.01,-1.05
-3.87392e-03,-1.01,-0.97
-3.87384e-03,-1.01,-1.03
-3.87376e-03,-1.01,-0.97
-3.87368e-03,-1.01,-1.05
-3.87360e-03,-0.99,-0.99
-3.87352e-03,-1.03,-1.03
-3.87344e-03,-1.01,-0.99
-3.87336e-03,-1.01,-1.03
-3.87328e-03,-1.01,-0.99
-3.87320e-03,-0.99,-1.03
-3.87312e-03,-1.01,-0.99
-3.87304e-03,-1.01,-1.03
-3.87296e-03,-0.99,-0.99
-3.87288e-03,-1.01,-1.03
-3.87280e-03,-1.01,-0.99
-3.87272e-03,-1.03,-1.03
-3.87264e-03,-1.01,-0.99
-3.87256e-03,-1.01,-1.05
-3.87248e-03,-0.99,-0.99
-3.87240e-03,-1.01,-1.05
-3.87232e-03,-1.01,-0.97
-3.87224e-03,-1.03,-1.05
-3.87216e-03,-1.01,-0.99
-3.87208e-03,-1.01,-1.03
-3.87200e-03,-1.01,-0.99
-3.87192e-03,-0.99,-1.03
-3.87184e-03,-1.15,-0.99
-3.87176e-03,-1.05,-1.39
-3.87168e-03,-1.05,-0.93
-3.87160e-03,-1.07,-1.17
-3.87152e-03,-1.07,-1.03
-3.87144e-03,-1.09,-1.09
-3.87136e-03,-1.07,-1.05
-3.87128e-03,-1.03,-1.13
-3.87120e-03,-1.05,-1.05
-3.87112e-03,-1.03,-1.09
-3.87104e-03,-1.01,-1.01
-3.87096e-03,-0.99,-1.07
-3.87088e-03,-0.97,-0.99
-3.87080e-03,-0.99,-1.03
-3.87072e-03,-0.99,-0.97
-3.87064e-03,-1.01,-1.01
-3.87056e-03,-1.01,-0.97
-3.87048e-03,-0.99,-1.03
-3.87040e-03,-0.99,-0.97
-3.87032e-03,-1.01,-1.03
-3.87024e-03,-1.01,-0.97
-3.87016e-03,-1.01,-1.03
-3.87008e-03,-1.01,-0.99
-3.87000e-03,-0.99,-1.03
-3.86992e-03,-1.03,-0.99
-3.86984e-03,-0.99,-1.03
-3.86976e-03,-1.01,-0.99
-3.86968e-03,-1.01,-1.05
-3.86960e-03,-0.99,-0.97
-3.86952e-03,-1.01,-1.03
-3.86944e-03,-0.99,-0.99
-3.86936e-03,-1.01,-1.03
-3.86928e-03,-1.01,-0.97
-3.86920e-03,-1.03,-1.03
-3.86912e-03,-0.99,-0.97
-3.86904e-03,-1.01,-1.05
-3.86896e-03,-0.99,-0.99
-3.86888e-03,-1.01,-1.03
-3.86880e-03,-1.01,-0.99
-3.86872e-03,-0.99,-1.03
-3.86864e-03,-1.03,-0.99
-3.86856e-03,-1.01,-1.05
-3.86848e-03,-1.01,-0.99
-3.86840e-03,-0.99,-1.03
-3.86832e-03,-1.01,-0.97
-3.86824e-03,-1.03,-1.03
-3.86816e-03,-1.01,-0.99
-3.86808e-03,-1.01,-1.05
-3.86800e-03,-0.99,-0.99
-3.86792e-03,-1.03,-1.03
-3.86784e-03,-1.01,-0.99
-3.86776e-03,-1.01,-1.03
-3.86768e-03,-1.01,-0.99
-3.86760e-03,-1.01,-1.05
-3.86752e-03,-1.01,-0.99
-3.86744e-03,-0.99,-1.05
-3.86736e-03,-1.01,-0.99
-3.86728e-03,-0.99,-1.05
-3.86720e-03,-1.01,-0.99
-3.86712e-03,-1.01,-1.05
-3.86704e-03,-1.01,-0.99
-3.86696e-03,-1.01,-1.05
-3.86688e-03,-1.01,-0.99
-3.86680e-03,-1.01,-1.05
-3.86672e-03,-1.01,-0.99
-3.86664e-03,-1.03,-1.05
-3.86656e-03,-1.01,-0.99
-3.86648e-03,-1.01,-1.05
-3.86640e-03,-1.01,-0.99
-3.86632e-03,-1.01,-1.05
-3.86624e-03,-1.03,-0.99
-3.86616e-03,-1.01,-1.05
-3.86608e-03,-1.01,-0.99
-3.86600e-03,-1.01,-1.05
-3.86592e-03,-1.01,-0.99
-3.86584e-03,-1.01,-1.05
-3.86576e-03,-1.01,-0.99
-3.86568e-03,-1.03,-1.05
-3.86560e-03,-1.01,-0.97
-3.86552e-03,-1.01,-1.05
-3.86544e-03,-1.01,-0.97
-3.86536e-03,-1.03,-1.05
-3.86528e-03,-1.01,-0.99
-3.86520e-03,-1.03,-1.05
-3.86512e-03,-0.99,-0.99
-3.86504e-03,-1.01,-1.05
-3.86496e-03,-1.01,-0.99
-3.86488e-03,-0.99,-1.05
-3.86480e-03,-1.03,-0.99
-3.86472e-03,-0.99,-1.05
-3.86464e-03,-1.03,-0.99
-3.86456e-03,-1.01,-1.05
-3.86448e-03,-1.01,-0.99
-3.86440e-03,-1.01,-1.05
-3.86432e-03,-1.01,-0.99
-3.86424e-03,-1.03,-1.05
-3.86416e-03,-1.01,-0.99
-3.86408e-03,-1.03,-1.05
-3.86400e-03,-1.03,-0.99
-3.86392e-03,-1.03,-1.05
-3.86384e-03,-1.01,-0.99
-3.86376e-03,-1.01,-1.05
-3.86368e-03,-1.03,-0.99
-3.86360e-03,-1.01,-1.05
-3.86352e-03,-1.03,-0.99
-3.86344e-03,-1.01,-1.05
-3.86336e-03,-1.03,-0.99
-3.86328e-03,-0.99,-1.05
-3.86320e-03,-1.01,-0.99
-3.86312e-03,-1.01,-1.05
-3.86304e-03,-1.03,-0.99
-3.86296e-03,-1.01,-1.05
-3.86288e-03,-1.01,-0.99
-3.86280e-03,-1.01,-1.05
-3.86272e-03,-1.03,-0.99
-3.86264e-03,-1.01,-1.05
-3.86256e-03,-1.01,-0.99
-3.86248e-03,-1.03,-1.05
-3.86240e-03,-1.01,-1.01
-3.86232e-03,-1.03,-1.05
-3.86224e-03,-1.03,-0.99
-3.86216e-03,-1.01,-1.07
-3.86208e-03,-1.03,-0.99
-3.86200e-03,-1.01,-1.05
-3.86192e-03,-1.03,-0.99
-3.86184e-03,-1.03,-1.05
-3.86176e-03,-1.03,-0.99
-3.86168e-03,-1.01,-1.05
-3.86160e-03,-1.03,-0.99
-3.86152e-03,-1.01,-1.05
-3.86144e-03,-1.01,-0.99
-3.86136e-03,-1.03,-1.05
-3.86128e-03,-1.03,-0.99
-3.86120e-03,-1.03,-1.05
-3.86112e-03,-1.01,-0.99
-3.86104e-03,-1.03,-1.05
-3.86096e-03,-1.03,-0.99
-3.86088e-03,-1.01,-1.05
-3.86080e-03,-1.03,-0.99
-3.86072e-03,-1.03,-1.05
-3.86064e-03,-1.03,-0.99
-3.86056e-03,-1.01,-1.05
-3.86048e-03,-1.03,-0.99
-3.86040e-03,-1.01,-1.05
-3.86032e-03,-1.03,-0.99
-3.86024e-03,-1.01,-1.05
-3.86016e-03,-1.01,-0.99
-3.86008e-03,-1.03,-1.05
-3.86000e-03,-1.01,-0.99
-3.85992e-03,-1.03,-1.07
-3.85984e-03,-1.01,-0.97
-3.85976e-03,-1.01,-1.05
-3.85968e-03,-1.03,-0.99
-3.85960e-03,-1.03,-1.05
-3.85952e-03,-1.01,-0.99
-3.85944e-03,-1.03,-1.05
-3.85936e-03,-1.03,-0.99
-3.85928e-03,-1.01,-1.05
-3.85920e-03,-1.03,-0.99
-3.85912e-03,-1.03,-1.05
-3.85904e-03,-1.03,-0.99
-3.85896e-03,-1.03,-1.05
-3.85888e-03,-1.03,-0.99
-3.85880e-03,-1.03,-1.05
-3.85872e-03,-0.99,-0.99
-3.85864e-03,-1.03,-1.05
-3.85856e-03,-0.99,-0.99
-3.85848e-03,-1.03,-1.05
-3.85840e-03,-1.03,-0.99
-3.85832e-03,-1.01,-1.05
-3.85824e-03,-1.03,-0.99
-3.85816e-03,-1.01,-1.05
-3.85808e-03,-0.99,-0.99
-3.85800e-03,-0.99,-1.07
-3.85792e-03,-1.03,-0.99
-3.85784e-03,-1.01,-1.05
-3.85776e-03,-1.03,-0.99
-3.85768e-03,-1.01,-1.07
-3.85760e-03,-1.01,-0.97
-3.85752e-03,-1.03,-1.05
-3.85744e-03,-0.99,-0.97
-3.85736e-03,-1.03,-1.05
-3.85728e-03,-0.99,-0.97
-3.85720e-03,-1.03,-1.05
-3.85712e-03,-1.01,-0.99
-3.85704e-03,-1.01,-1.05
-3.85696e-03,-1.03,-0.99
-3.85688e-03,-0.99,-1.05
-3.85680e-03,-1.03,-0.99
-3.85672e-03,-1.01,-1.05
-3.85664e-03,-1.01,-0.99
-3.85656e-03,-1.01,-1.07
-3.85648e-03,-1.01,-0.99
-3.85640e-03,-1.01,-1.05
-3.85632e-03,-1.03,-0.99
-3.85624e-03,-1.01,-1.05
-3.85616e-03,-1.01,-0.99
-3.85608e-03,-1.03,-1.05
-3.85600e-03,-1.01,-0.99
-3.85592e-03,-1.03,-1.05
-3.85584e-03,-1.03,-0.99
-3.85576e-03,-1.03,-1.05
-3.85568e-03,-1.01,-0.99
-3.85560e-03,-1.03,-1.05
-3.85552e-03,-1.03,-0.99
-3.85544e-03,-1.01,-1.05
-3.85536e-03,-1.03,-0.99
-3.85528e-03,-1.03,-1.05
-3.85520e-03,-1.03,-1.01
-3.85512e-03,-1.01,-1.05
-3.85504e-03,-1.03,-1.01
-3.85496e-03,-1.03,-1.05
-3.85488e-03,-1.01,-1.01
-3.85480e-03,-1.03,-1.05
-3.85472e-03,-1.01,-0.99
-3.85464e-03,-1.03,-1.05
-3.85456e-03,-1.01,-0.99
-3.85448e-03,-1.03,-1.05
-3.85440e-03,-1.03,-0.99
-3.85432e-03,-1.01,-1.05
-3.85424e-03,-1.03,-0.99
-3.85416e-03,-0.99,-1.05
-3.85408e-03,-1.01,-1.01
-3.85400e-03,-1.03,-1.05
-3.85392e-03,-1.03,-0.99
-3.85384e-03,-1.03,-1.07
-3.85376e-03,-1.03,-0.99
-3.85368e-03,-1.03,-1.05
-3.85360e-03,-1.01,-0.99
-3.85352e-03,-1.03,-1.05
-3.85344e-03,-1.01,-0.99
-3.85336e-03,-1.03,-1.05
-3.85328e-03,-1.01,-1.01
-3.85320e-03,-1.03,-1.05
-3.85312e-03,-1.03,-0.99
-3.85304e-03,-1.03,-1.07
-3.85296e-03,-1.03,-0.99
-3.85288e-03,-1.01,-1.07
-3.85280e-03,-1.03,-0.99
-3.85272e-03,-1.03,-1.07
-3.85264e-03,-1.03,-0.99
-3.85256e-03,-1.03,-1.07
-3.85248e-03,-1.03,-1.01
-3.85240e-03,-1.03,-1.05
-3.85232e-03,-1.05,-1.01
-3.85224e-03,-1.03,-1.07
-3.85216e-03,-1.01,-0.99
-3.85208e-03,-1.05,-1.05
-3.85200e-03,-1.03,-1.01
-3.85192e-03,-1.03,-1.05
-3.85184e-03,-1.03,-1.01
-3.85176e-03,-1.03,-1.05
-3.85168e-03,-1.03,-1.01
-3.85160e-03,-1.03,-1.05
-3.85152e-03,-1.03,-1.01
-3.85144e-03,-1.03,-1.05
-3.85136e-03,-1.03,-0.99
-3.85128e-03,-1.01,-1.05
-3.85120e-03,-1.03,-1.01
-3.85112e-03,-1.03,-1.07
-3.85104e-03,-1.03,-1.01
-3.85096e-03,-1.03,-1.05
-3.85088e-03,-1.01,-1.01
-3.85080e-03,-1.05,-1.07
-3.85072e-03,-1.01,-1.01
-3.85064e-03,-1.03,-1.05
-3.85056e-03,-1.03,-1.01
-3.85048e-03,-1.03,-1.05
-3.85040e-03,-1.03,-1.01
-3.85032e-03,-1.03,-1.05
-3.85024e-03,-1.03,-1.01
-3.85016e-03,-1.03,-1.05
-3.85008e-03,-1.03,-1.01
-3.85000e-03,-1.01,-1.05
-3.84992e-03,-1.03,-1.01
-3.84984e-03,-1.03,-1.05
-3.84976e-03,-1.03,-0.99
-3.84968e-03,-1.03,-1.07
-3.84960e-03,-1.03,-1.01
-3.84952e-03,-1.03,-1.07
-3.84944e-03,-1.01,-1.01
-3.84936e-03,-1.03,-1.05
-3.84928e-03,-1.01,-1.01
-3.84920e-03,-1.01,-1.07
-3.84912e-03,-1.01,-0.99
-3.84904e-03,-1.05,-1.05
-3.84896e-03,-1.03,-0.99
-3.84888e-03,-1.01,-1.05
-3.84880e-03,-1.01,-1.01
-3.84872e-03,-1.03,-1.07
-3.84864e-03,-1.01,-1.01
-3.84856e-03,-0.99,-1.07
-3.84848e-03,-1.05,-0.99
-3.84840e-03,-1.01,-1.05
-3.84832e-03,-1.03,-0.99
-3.84824e-03,-1.03,-1.05
-3.84816e-03,-1.01,-0.99
-3.84808e-03,-1.03,-1.05
-3.84800e-03,-1.03,-1.01
-3.84792e-03,-1.05,-1.05
-3.84784e-03,-1.01,-0.99
-3.84776e-03,-1.03,-1.07
-3.84768e-03,-1.03,-0.99
-3.84760e-03,-1.03,-1.05
-3.84752e-03,-1.03,-0.99
-3.84744e-03,-1.01,-1.07
-3.84736e-03,-1.01,-1.01
-3.84728e-03,-1.03,-1.05
-3.84720e-03,-1.01,-0.99
-3.84712e-03,-1.01,-1.05
-3.84704e-03,-1.01,-1.01
-3.84696e-03,-1.01,-1.05
-3.84688e-03,-1.01,-0.99
-3.84680e-03,-1.01,-1.05
-3.84672e-03,-1.01,-1.01
-3.84664e-03,-1.03,-1.05
-3.84656e-03,-1.01,-1.01
-3.84648e-03,-1.01,-1.07
-3.84640e-03,-1.03,-0.99
-3.84632e-03,-1.03,-1.05
-3.84624e-03,-1.03,-0.99
-3.84616e-03,-1.01,-1.05
-3.84608e-03,-1.05,-1.01
-3.84600e-03,-1.01,-1.05
-3.84592e-03,-1.03,-0.99
-3.84584e-03,-1.01,-1.05
-3.84576e-03,-1.01,-0.99
-3.84568e-03,-1.03,-1.05
-3.84560e-03,-1.01,-1.01
-3.84552e-03,-1.01,-1.05
-3.84544e-03,-1.01,-1.01
-3.84536e-03,-1.03,-1.05
-3.84528e-03,-1.03,-0.99
-3.84520e-03,-1.05,-1.07
-3.84512e-03,-1.01,-0.99
-3.84504e-03,-1.03,-1.05
-3.84496e-03,-1.03,-0.99
-3.84488e-03,-1.01,-1.07
-3.84480e-03,-1.01,-1.01
-3.84472e-03,-1.01,-1.05
-3.84464e-03,-1.03,-0.99
-3.84456e-03,-1.01,-1.05
-3.84448e-03,-1.03,-0.99
-3.84440e-03,-1.01,-1.05
-3.84432e-03,-1.03,-1.01
-3.84424e-03,-1.03,-1.05
-3.84416e-03,-1.03,-0.99
-3.84408e-03,-1.03,-1.05
-3.84400e-03,-1.01,-0.99
-3.84392e-03,-1.03,-1.05
-3.84384e-03,-1.01,-0.99
-3.84376e-03,-1.05,-1.05
-3.84368e-03,-1.03,-0.99
-3.84360e-03,-1.01,-1.05
-3.84352e-03,-1.03,-0.99
-3.84344e-03,-1.03,-1.05
-3.84336e-03,-1.05,-0.99
-3.84328e-03,-1.01,-1.05
-3.84320e-03,-1.03,-0.99
-3.84312e-03,-1.01,-1.05
-3.84304e-03,-1.01,-0.99
-3.84296e-03,-1.01,-1.05
-3.84288e-03,-1.01,-1.01
-3.84280e-03,-1.01,-1.05
-3.84272e-03,-1.01,-0.99
-3.84264e-03,-1.03,-1.05
-3.84256e-03,-1.01,-0.99
-3.84248e-03,-1.01,-1.05
-3.84240e-03,-1.03,-0.99
-3.84232e-03,-1.03,-1.05
-3.84224e-03,-1.01,-0.99
-3.84216e-03,-1.01,-1.05
-3.84208e-03,-1.03,-0.99
-3.84200e-03,-1.03,-1.05
-3.84192e-03,-1.01,-0.99
-3.84184e-03,-1.01,-1.05
-3.84176e-03,-1.03,-0.99
-3.84168e-03,-1.03,-1.05
-3.84160e-03,-0.99,-0.99
-3.84152e-03,-1.01,-1.05
-3.84144e-03,-1.03,-0.99
-3.84136e-03,-1.03,-1.05
-3.84128e-03,-0.99,-1.01
-3.84120e-03,-1.03,-1.05
-3.84112e-03,-1.03,-0.99
-3.84104e-03,-1.03,-1.05
-3.84096e-03,-1.05,-0.99
-3.84088e-03,-1.03,-1.07
-3.84080e-03,-1.03,-0.99
-3.84072e-03,-0.99,-1.07
-3.84064e-03,-1.01,-0.99
-3.84056e-03,-1.03,-1.07
-3.84048e-03,-1.03,-0.99
-3.84040e-03,-1.03,-1.05
-3.84032e-03,-1.03,-0.99
-3.84024e-03,-1.01,-1.05
-3.84016e-03,-1.03,-0.99
-3.84008e-03,-1.03,-1.05
-3.84000e-03,-1.01,-0.99
-3.83992e-03,-1.05,-1.05
-3.83984e-03,-1.01,-0.99
-3.83976e-03,-1.03,-1.05
-3.83968e-03,-1.03,-0.99
-3.83960e-03,-1.03,-1.05
-3.83952e-03,-1.03,-0.99
-3.83944e-03,-1.01,-1.05
-3.83936e-03,-1.05,-0.99
-3.83928e-03,-1.03,-1.05
-3.83920e-03,-1.01,-1.01
-3.83912e-03,-1.01,-1.05
-3.83904e-03,-1.03,-1.01
-3.83896e-03,-1.03,-1.05
-3.83888e-03,-1.03,-0.99
-3.83880e-03,-1.01,-1.07
-3.83872e-03,-1.01,-0.99
-3.83864e-03,-1.03,-1.05
-3.83856e-03,-1.01,-0.99
-3.83848e-03,-1.01,-1.05
-3.83840e-03,-1.01,-0.99
-3.83832e-03,-1.01,-1.05
-3.83824e-03,-1.05,-0.97
-3.83816e-03,-1.01,-1.05
-3.83808e-03,-1.03,-0.97
-3.83800e-03,-1.01,-1.05
-3.83792e-03,-1.03,-0.99
-3.83784e-03,-1.01,-1.05
-3.83776e-03,-1.01,-0.99
-3.83768e-03,-1.01,-1.05
-3.83760e-03,-1.01,-0.99
-3.83752e-03,-1.01,-1.05
-3.83744e-03,-1.01,-0.99
-3.83736e-03,-1.01,-1.05
-3.83728e-03,-1.01,-0.99
-3.83720e-03,-1.03,-1.05
-3.83712e-03,-1.01,-0.99
-3.83704e-03,-1.03,-1.07
-3.83696e-03,-1.03,-0.99
-3.83688e-03,-1.01,-1.05
-3.83680e-03,-1.03,-0.99
-3.83672e-03,-1.01,-1.05
-3.83664e-03,-1.03,-0.99
-3.83656e-03,-1.01,-1.05
-3.83648e-03,-1.03,-0.99
-3.83640e-03,-1.01,-1.05
-3.83632e-03,-1.03,-0.99
-3.83624e-03,-1.03,-1.07
-3.83616e-03,-1.01,-0.99
-3.83608e-03,-1.03,-1.05
-3.83600e-03,-1.01,-0.99
-3.83592e-03,-1.03,-1.05
-3.83584e-03,-1.03,-0.99
-3.83576e-03,-1.03,-1.05
-3.83568e-03,-1.01,-0.99
-3.83560e-03,-1.01,-1.05
-3.83552e-03,-1.01,-0.99
-3.83544e-03,-1.01,-1.05
-3.83536e-03,-1.01,-0.99
-3.83528e-03,-1.03,-1.05
-3.83520e-03,-1.01,-0.99
-3.83512e-03,-1.01,-1.05
-3.83504e-03,-1.03,-0.99
-3.83496e-03,-1.01,-1.05
-3.83488e-03,-1.01,-0.99
-3.83480e-03,-1.03,-1.07
-3.83472e-03,-1.01,-0.99
-3.83464e-03,-1.03,-1.05
-3.83456e-03,-0.99,-0.99
-3.83448e-03,-1.01,-1.05
-3.83440e-03,-1.01,-0.99
-3.83432e-03,-1.03,-1.05
-3.83424e-03,-1.01,-0.99
-3.83416e-03,-1.01,-1.05
-3.83408e-03,-1.03,-0.99
-3.83400e-03,-1.03,-1.05
-3.83392e-03,-1.03,-0.99
-3.83384e-03,-1.01,-1.05
-3.83376e-03,-1.03,-0.99
-3.83368e-03,-1.01,-1.05
-3.83360e-03,-1.01,-0.99
-3.83352e-03,-1.03,-1.05
-3.83344e-03,-1.01,-0.99
-3.83336e-03,-1.03,-1.05
-3.83328e-03,-0.99,-0.99
-3.83320e-03,-1.01,-1.05
-3.83312e-03,-1.01,-0.99
-3.83304e-03,-1.03,-1.05
-3.83296e-03,-1.01,-0.99
-3.83288e-03,-1.01,-1.05
-3.83280e-03,-1.01,-0.99
-3.83272e-03,-1.03,-1.05
-3.83264e-03,-1.03,-0.99
-3.83256e-03,-1.01,-1.05
-3.83248e-03,-1.03,-0.99
-3.83240e-03,-0.99,-1.07
-3.83232e-03,-0.99,-0.99
-3.83224e-03,-1.01,-1.05
-3.83216e-03,-0.99,-0.99
-3.83208e-03,-1.03,-1.07
-3.83200e-03,-1.01,-0.99
-3.83192e-03,-0.99,-1.05
-3.83184e-03,-1.01,-0.99
-3.83176e-03,-0.99,-1.07
-3.83168e-03,-1.03,-0.99
-3.83160e-03,-0.99,-1.05
-3.83152e-03,-1.01,-0.99
-3.83144e-03,-1.01,-1.07
-3.83136e-03,-1.01,-0.99
-3.83128e-03,-1.01,-1.05
-3.83120e-03,-1.03,-0.99
-3.83112e-03,-1.03,-1.05
-3.83104e-03,-1.01,-0.99
-3.83096e-03,-1.01,-1.05
-3.83088e-03,-1.01,-0.99
-3.83080e-03,-1.03,-1.05
-3.83072e-03,-1.01,-0.99
-3.83064e-03,-1.03,-1.05
-3.83056e-03,-1.01,-0.99
-3.83048e-03,-1.03,-1.05
-3.83040e-03,-1.01,-0.99
-3.83032e-03,-1.01,-1.05
-3.83024e-03,-1.03,-0.99
-3.83016e-03,-1.01,-1.05
-3.83008e-03,-1.03,-0.99
-3.83000e-03,-1.01,-1.05
-3.82992e-03,-1.03,-0.99
-3.82984e-03,-1.01,-1.05
-3.82976e-03,-1.03,-0.99
-3.82968e-03,-1.03,-1.05
-3.82960e-03,-1.01,-0.99
-3.82952e-03,-1.05,-1.05
-3.82944e-03,-1.01,-0.99
-3.82936e-03,-1.03,-1.05
-3.82928e-03,-1.01,-0.99
-3.82920e-03,-1.01,-1.05
-3.82912e-03,-1.03,-0.99
-3.82904e-03,-1.03,-1.05
-3.82896e-03,-1.01,-1.01
-3.82888e-03,-1.01,-1.05
-3.82880e-03,-1.03,-0.99
-3.82872e-03,-0.99,-1.05
-3.82864e-03,-1.01,-0.99
-3.82856e-03,-0.71,-1.03
-3.82848e-03,-0.89,-0.97
-3.82840e-03,-0.95,-1.07
-3.82832e-03,-0.93,-0.69
-3.82824e-03,-0.93,-0.97
-3.82816e-03,-0.93,-0.89
-3.82808e-03,-0.95,-0.97
-3.82800e-03,-0.97,-0.91
-3.82792e-03,-0.99,-0.99
-3.82784e-03,-1.03,-0.91
-3.82776e-03,-1.03,-1.03
-3.82768e-03,-1.03,-0.97
-3.82760e-03,-1.05,-1.07
-3.82752e-03,-1.05,-0.99
-3.82744e-03,-1.05,-1.07
-3.82736e-03,-1.03,-1.03
-3.82728e-03,-1.05,-1.07
-3.82720e-03,-1.03,-1.01
-3.82712e-03,-1.03,-1.07
-3.82704e-03,-1.03,-1.01
-3.82696e-03,-1.01,-1.05
-3.82688e-03,-0.99,-1.01
-3.82680e-03,-1.01,-1.05
-3.82672e-03,-1.03,-0.99
-3.82664e-03,-1.03,-1.05
-3.82656e-03,-1.01,-0.99
-3.82648e-03,-1.03,-1.05
-3.82640e-03,-1.01,-0.99
-3.82632e-03,-1.01,-1.05
-3.82624e-03,-1.01,-0.99
-3.82616e-03,-1.01,-1.05
-3.82608e-03,-1.01,-0.99
-3.82600e-03,-1.01,-1.05
-3.82592e-03,-1.03,-0.99
-3.82584e-03,-1.01,-1.05
-3.82576e-03,-0.99,-0.99
-3.82568e-03,-0.99,-1.05
-3.82560e-03,-1.01,-0.99
-3.82552e-03,-0.99,-1.03
-3.82544e-03,-1.01,-0.99
-3.82536e-03,-0.99,-1.03
-3.82528e-03,-1.01,-0.99
-3.82520e-03,-1.01,-1.03
-3.82512e-03,-0.99,-0.99
-3.82504e-03,-1.01,-1.05
-3.82496e-03,-1.03,-0.99
-3.82488e-03,-1.01,-1.05
-3.82480e-03,-1.01,-0.99
-3.82472e-03,-1.03,-1.05
-3.82464e-03,-1.01,-0.99
-3.82456e-03,-1.01,-1.05
-3.82448e-03,-1.01,-0.99
-3.82440e-03,-0.99,-1.05
-3.82432e-03,-1.01,-0.99
-3.82424e-03,-1.03,-1.05
-3.82416e-03,-1.01,-0.99
-3.82408e-03,-1.01,-1.05
-3.82400e-03,-1.01,-0.99
-3.82392e-03,-1.01,-1.05
-3.82384e-03,-0.99,-0.99
-3.82376e-03,-0.99,-1.07
-3.82368e-03,-1.01,-0.97
-3.82360e-03,-1.01,-1.05
-3.82352e-03,-1.03,-0.99
-3.82344e-03,-1.01,-1.05
-3.82336e-03,-1.03,-0.99
-3.82328e-03,-1.01,-1.05
-3.82320e-03,-0.99,-0.99
-3.82312e-03,-1.01,-1.05
-3.82304e-03,-1.01,-0.99
-3.82296e-03,-1.01,-1.05
-3.82288e-03,-1.01,-0.99
-3.82280e-03,-1.01,-1.05
-3.82272e-03,-1.01,-0.99
-3.82264e-03,-1.03,-1.03
-3.82256e-03,-1.03,-0.99
-3.82248e-03,-1.01,-1.05
-3.82240e-03,-1.01,-0.99
-3.82232e-03,-1.01,-1.05
-3.82224e-03,-1.03,-0.99
-3.82216e-03,-1.01,-1.05
-3.82208e-03,-1.01,-0.99
-3.82200e-03,-1.03,-1.05
-3.82192e-03,-1.01,-0.99
-3.82184e-03,-1.27,-1.05
-3.82176e-03,-1.13,-0.99
-3.82168e-03,-1.05,-1.41
-3.82160e-03,-1.05,-0.95
-3.82152e-03,-1.09,-1.13
-3.82144e-03,-1.07,-1.03
-3.82136e-03,-1.09,-1.11
-3.82128e-03,-1.09,-1.05
-3.82120e-03,-1.07,-1.13
-3.82112e-03,-1.05,-1.05
-3.82104e-03,-1.01,-1.11
-3.82096e-03,-1.01,-1.03
-3.82088e-03,-0.99,-1.07
-3.82080e-03,-0.99,-0.99
-3.82072e-03,-0.97,-1.03
-3.82064e-03,-0.99,-0.97
-3.82056e-03,-1.01,-1.03
-3.82048e-03,-0.99,-0.97
-3.82040e-03,-0.99,-1.03
-3.82032e-03,-0.99,-0.99
-3.82024e-03,-1.01,-1.05
-3.82016e-03,-1.01,-0.99
-3.82008e-03,-1.03,-1.03
-3.82000e-03,-0.99,-0.99
-3.81992e-03,-1.03,-1.05
-3.81984e-03,-1.01,-0.99
-3.81976e-03,-0.99,-1.05
-3.81968e-03,-1.01,-0.99
-3.81960e-03,-1.01,-1.05
-3.81952e-03,-1.01,-0.97
-3.81944e-03,-1.01,-1.05
-3.81936e-03,-1.01,-0.99
-3.81928e-03,-1.01,-1.05
-3.81920e-03,-1.01,-0.99
-3.81912e-03,-1.01,-1.05
-3.81904e-03,-1.01,-0.99
-3.81896e-03,-1.01,-1.03
-3.81888e-03,-1.01,-0.99
-3.81880e-03,-1.03,-1.05
-3.81872e-03,-1.01,-0.99
-3.81864e-03,-1.01,-1.03
-3.81856e-03,-0.99,-0.99
-3.81848e-03,-1.03,-1.05
-3.81840e-03,-0.99,-0.99
-3.81832e-03,-1.01,-1.05
-3.81824e-03,-1.03,-0.99
-3.81816e-03,-1.01,-1.05
-3.81808e-03,-1.05,-0.99
-3.81800e-03,-1.01,-1.05
-3.81792e-03,-1.03,-0.99
-3.81784e-03,-1.01,-1.05
-3.81776e-03,-1.01,-0.99
-3.81768e-03,-1.01,-1.05
-3.81760e-03,-1.01,-0.99
-3.81752e-03,-1.05,-1.05
-3.81744e-03,-1.01,-0.99
-3.81736e-03,-1.03,-1.05
-3.81728e-03,-1.03,-1.01
-3.81720e-03,-1.01,-1.05
-3.81712e-03,-1.03,-0.99
-3.81704e-03,-1.03,-1.05
-3.81696e-03,-1.03,-1.01
-3.81688e-03,-1.01,-1.05
-3.81680e-03,-1.03,-1.01
-3.81672e-03,-1.01,-1.05
-3.81664e-03,-1.05,-0.99
-3.81656e-03,-1.03,-1.05
-3.81648e-03,-1.03,-0.99
-3.81640e-03,-1.01,-1.05
-3.81632e-03,-1.01,-0.99
-3.81624e-03,-1.03,-1.05
-3.81616e-03,-1.03,-0.99
-3.81608e-03,-1.01,-1.05
-3.81600e-03,-1.01,-0.99
-3.81592e-03,-1.03,-1.05
-3.81584e-03,-1.01,-0.99
-3.81576e-03,-1.03,-1.05
-3.81568e-03,-0.99,-0.99
-3.81560e-03,-1.01,-1.07
-3.81552e-03,-1.03,-0.99
-3.81544e-03,-1.03,-1.07
-3.81536e-03,-1.05,-0.99
-3.81528e-03,-1.03,-1.07
-3.81520e-03,-1.01,-0.99
-3.81512e-03,-1.01,-1.05
-3.81504e-03,-1.03,-0.97
-3.81496e-03,-1.03,-1.07
-3.81488e-03,-1.01,-0.99
-3.81480e-03,-1.01,-1.07
-3.81472e-03,-1.01,-0.99
-3.81464e-03,-1.03,-1.07
-3.81456e-03,-1.03,-0.99
-3.81448e-03,-1.01,-1.05
-3.81440e-03,-1.03,-1.01
-3.81432e-03,-1.01,-1.05
-3.81424e-03,-1.03,-1.01
-3.81416e-03,-1.01,-1.05
-3.81408e-03,-1.03,-0.99
-3.81400e-03,-1.01,-1.05
-3.81392e-03,-1.03,-1.01
-3.81384e-03,-1.01,-1.05
-3.81376e-03,-1.01,-1.01
-3.81368e-03,-1.03,-1.05
-3.81360e-03,-1.03,-0.99
-3.81352e-03,-1.05,-1.05
-3.81344e-03,-1.01,-1.01
-3.81336e-03,-1.03,-1.05
-3.81328e-03,-1.01,-0.99
-3.81320e-03,-1.01,-1.05
-3.81312e-03,-1.03,-1.01
-3.81304e-03,-1.03,-1.07
-3.81296e-03,-1.03,-0.99
-3.81288e-03,-1.01,-1.05
-3.81280e-03,-1.03,-1.01
-3.81272e-03,-1.03,-1.05
-3.81264e-03,-1.03,-1.01
-3.81256e-03,-1.03,-1.05
-3.81248e-03,-1.05,-1.01
-3.81240e-03,-1.01,-1.07
-3.81232e-03,-1.03,-1.01
-3.81224e-03,-1.05,-1.07
-3.81216e-03,-1.03,-1.01
-3.81208e-03,-1.05,-1.07
-3.81200e-03,-1.03,-1.01
-3.81192e-03,-1.05,-1.07
-3.81184e-03,-1.03,-1.01
-3.81176e-03,-1.03,-1.07
-3.81168e-03,-1.03,-1.01
-3.81160e-03,-1.01,-1.05
-3.81152e-03,-1.03,-1.01
-3.81144e-03,-1.01,-1.05
-3.81136e-03,-1.05,-0.99
-3.81128e-03,-1.01,-1.05
-3.81120e-03,-1.03,-1.01
-3.81112e-03,-1.03,-1.05
-3.81104e-03,-1.03,-1.01
-3.81096e-03,-1.05,-1.05
-3.81088e-03,-1.01,-1.01
-3.81080e-03,-1.05,-1.05
-3.81072e-03,-1.03,-0.99
-3.81064e-03,-1.03,-1.05
-3.81056e-03,-1.01,-1.01
-3.81048e-03,-1.03,-1.05
-3.81040e-03,-1.03,-0.99
-3.81032e-03,-1.03,-1.05
-3.81024e-03,-1.03,-1.01
-3.81016e-03,-1.01,-1.05
-3.81008e-03,-1.05,-1.01
-3.81000e-03,-1.03,-1.05
-3.80992e-03,-1.03,-1.01
-3.80984e-03,-1.03,-1.07
-3.80976e-03,-1.03,-1.01
-3.80968e-03,-1.03,-1.07
-3.80960e-03,-1.03,-0.99
-3.80952e-03,-1.03,-1.05
-3.80944e-03,-1.03,-1.01
-3.80936e-03,-1.05,-1.05
-3.80928e-03,-1.03,-1.01
-3.80920e-03,-1.03,-1.07
-3.80912e-03,-1.03,-0.99
-3.80904e-03,-1.01,-1.05
-3.80896e-03,-1.03,-1.01
-3.80888e-03,-1.01,-1.05
-3.80880e-03,-1.03,-1.01
-3.80872e-03,-1.01,-1.05
-3.80864e-03,-1.03,-0.99
-3.80856e-03,-1.01,-1.05
-3.80848e-03,-1.03,-1.01
-3.80840e-03,-1.01,-1.05
-3.80832e-03,-1.03,-1.01
-3.80824e-03,-1.05,-1.05
-3.80816e-03,-1.03,-1.01
-3.80808e-03,-1.03,-1.07
-3.80800e-03,-1.01,-1.01
-3.80792e-03,-1.03,-1.05
-3.80784e-03,-1.01,-1.01
-3.80776e-03,-1.03,-1.05
-3.80768e-03,-1.03,-1.01
-3.80760e-03,-1.03,-1.05
-3.80752e-03,-1.03,-1.01
-3.80744e-03,-1.01,-1.05
-3.80736e-03,-1.01,-1.01
-3.80728e-03,-1.01,-1.05
-3.80720e-03,-1.05,-0.99
-3.80712e-03,-1.01,-1.05
-3.80704e-03,-1.03,-1.01
-3.80696e-03,-1.03,-1.05
-3.80688e-03,-1.03,-1.01
-3.80680e-03,-1.07,-1.07
-3.80672e-03,-1.03,-0.99
-3.80664e-03,-1.03,-1.07
-3.80656e-03,-0.99,-0.99
-3.80648e-03,-1.03,-1.07
-3.80640e-03,-1.01,-0.99
-3.80632e-03,-1.01,-1.05
-3.80624e-03,-1.03,-1.01
-3.80616e-03,-1.01,-1.05
-3.80608e-03,-1.03,-0.99
-3.80600e-03,-1.01,-1.07
-3.80592e-03,-1.03,-1.01
-3.80584e-03,-1.03,-1.05
-3.80576e-03,-1.03,-0.99
-3.80568e-03,-1.01,-1.05
-3.80560e-03,-1.01,-1.01
-3.80552e-03,-1.03,-1.05
-3.80544e-03,-1.01,-1.01
-3.80536e-03,-1.05,-1.05
-3.80528e-03,-1.03,-1.01
-3.80520e-03,-1.03,-1.05
-3.80512e-03,-1.03,-0.99
-3.80504e-03,-1.03,-1.05
-3.80496e-03,-1.03,-1.01
-3.80488e-03,-1.01,-1.05
-3.80480e-03,-1.03,-1.01
-3.80472e-03,-1.01,-1.05
-3.80464e-03,-1.05,-1.01
-3.80456e-03,-1.01,-1.05
-3.80448e-03,-1.03,-1.01
-3.80440e-03,-1.03,-1.07
-3.80432e-03,-1.03,-0.99
-3.80424e-03,-1.03,-1.05
-3.80416e-03,-1.03,-1.01
-3.80408e-03,-1.03,-1.07
-3.80400e-03,-1.03,-1.01
-3.80392e-03,-1.03,-1.05
-3.80384e-03,-1.01,-1.01
-3.80376e-03,-1.05,-1.05
-3.80368e-03,-1.05,-1.01
-3.80360e-03,-1.03,-1.07
-3.80352e-03,-1.05,-0.99
-3.80344e-03,-1.01,-1.07
-3.80336e-03,-1.03,-1.01
-3.80328e-03,-1.03,-1.05
-3.80320e-03,-1.05,-0.99
-3.80312e-03,-1.03,-1.07
-3.80304e-03,-1.03,-1.01
-3.80296e-03,-1.05,-1.05
-3.80288e-03,-1.01,-0.99
-3.80280e-03,-1.03,-1.05
-3.80272e-03,-1.03,-1.01
-3.80264e-03,-1.03,-1.07
-3.80256e-03,-1.05,-1.01
-3.80248e-03,-1.03,-1.05
-3.80240e-03,-1.05,-1.01
-3.80232e-03,-1.05,-1.07
-3.80224e-03,-1.05,-1.01
-3.80216e-03,-1.03,-1.07
-3.80208e-03,-1.05,-1.01
-3.80200e-03,-1.03,-1.07
-3.80192e-03,-1.03,-1.01
-3.80184e-03,-1.03,-1.07
-3.80176e-03,-1.03,-1.01
-3.80168e-03,-1.03,-1.07
-3.80160e-03,-1.03,-1.01
-3.80152e-03,-1.03,-1.07
-3.80144e-03,-1.03,-1.01
-3.80136e-03,-1.03,-1.07
-3.80128e-03,-1.03,-1.01
-3.80120e-03,-1.05,-1.07
-3.80112e-03,-1.01,-1.01
-3.80104e-03,-1.05,-1.07
-3.80096e-03,-1.05,-1.01
-3.80088e-03,-1.01,-1.07
-3.80080e-03,-1.03,-1.01
-3.80072e-03,-1.01,-1.07
-3.80064e-03,-1.05,-1.01
-3.80056e-03,-1.03,-1.07
-3.80048e-03,-1.05,-1.01
-3.80040e-03,-1.03,-1.07
-3.80032e-03,-1.03,-0.99
-3.80024e-03,-1.03,-1.07
-3.80016e-03,-1.03,-1.01
-3.80008e-03,-1.03,-1.07
-3.80000e-03,-1.01,-1.01
-3.79992e-03,-1.05,-1.07
-3.79984e-03,-1.03,-1.01
-3.79976e-03,-1.03,-1.05
-3.79968e-03,-1.03,-1.01
-3.79960e-03,-1.03,-1.07
-3.79952e-03,-1.05,-1.01
-3.79944e-03,-1.05,-1.05
-3.79936e-03,-1.05,-1.01
-3.79928e-03,-1.03,-1.07
-3.79920e-03,-1.03,-1.01
-3.79912e-03,-1.03,-1.07
-3.79904e-03,-1.03,-1.01
-3.79896e-03,-1.03,-1.05
-3.79888e-03,-1.01,-1.01
-3.79880e-03,-1.03,-1.07
-3.79872e-03,-1.03,-1.01
-3.79864e-03,-1.05,-1.05
-3.79856e-03,-1.01,-1.01
-3.79848e-03,-1.03,-1.05
-3.79840e-03,-1.05,-0.99
-3.79832e-03,-1.05,-1.07
-3.79824e-03,-1.03,-1.01
-3.79816e-03,-1.01,-1.07
-3.79808e-03,-1.03,-0.99
-3.79800e-03,-1.03,-1.07
-3.79792e-03,-1.05,-1.01
-3.79784e-03,-1.03,-1.07
-3.79776e-03,-1.03,-0.99
-3.79768e-03,-1.01,-1.07
-3.79760e-03,-1.03,-1.01
-3.79752e-03,-1.03,-1.07
-3.79744e-03,-1.01,-1.01
-3.79736e-03,-1.05,-1.07
-3.79728e-03,-1.03,-1.01
-3.79720e-03,-1.03,-1.07
-3.79712e-03,-1.03,-1.01
-3.79704e-03,-1.05,-1.07
-3.79696e-03,-1.03,-1.01
-3.79688e-03,-1.03,-1.05
-3.79680e-03,-1.03,-0.99
-3.79672e-03,-1.03,-1.05
-3.79664e-03,-1.05,-1.01
-3.79656e-03,-1.03,-1.05
-3.79648e-03,-1.03,-1.01
-3.79640e-03,-1.05,-1.05
-3.79632e-03,-1.03,-1.01
-3.79624e-03,-1.03,-1.05
-3.79616e-03,-1.03,-1.01
-3.79608e-03,-1.05,-1.05
-3.79600e-03,-1.03,-1.01
-3.79592e-03,-1.05,-1.05
-3.79584e-03,-1.03,-1.01
-3.79576e-03,-1.01,-1.05
-3.79568e-03,-1.03,-1.01
-3.79560e-03,-1.01,-1.07
-3.79552e-03,-1.05,-1.01
-3.79544e-03,-1.03,-1.05
-3.79536e-03,-1.03,-1.01
-3.79528e-03,-1.03,-1.05
-3.79520e-03,-1.03,-1.01
-3.79512e-03,-1.03,-1.05
-3.79504e-03,-1.03,-1.01
-3.79496e-03,-1.03,-1.07
-3.79488e-03,-1.03,-0.99
-3.79480e-03,-1.05,-1.05
-3.79472e-03,-1.01,-1.01
-3.79464e-03,-1.03,-1.05
-3.79456e-03,-1.03,-1.01
-3.79448e-03,-1.03,-1.07
-3.79440e-03,-1.03,-0.99
-3.79432e-03,-1.03,-1.07
-3.79424e-03,-1.03,-1.01
-3.79416e-03,-1.01,-1.07
-3.79408e-03,-1.03,-1.01
-3.79400e-03,-1.01,-1.05
-3.79392e-03,-1.03,-1.01
-3.79384e-03,-1.03,-1.05
-3.79376e-03,-1.03,-1.01
-3.79368e-03,-1.05,-1.07
-3.79360e-03,-1.03,-1.01
-3.79352e-03,-1.03,-1.05
-3.79344e-03,-1.03,-1.01
-3.79336e-03,-1.03,-1.05
-3.79328e-03,-1.03,-1.01
-3.79320e-03,-1.01,-1.05
-3.79312e-03,-1.01,-1.01
-3.79304e-03,-1.03,-1.07
-3.79296e-03,-1.03,-1.01
-3.79288e-03,-1.01,-1.07
-3.79280e-03,-1.03,-0.99
-3.79272e-03,-1.01,-1.05
-3.79264e-03,-1.03,-1.01
-3.79256e-03,-1.01,-1.05
-3.79248e-03,-1.03,-1.01
-3.79240e-03,-1.03,-1.05
-3.79232e-03,-1.03,-1.01
-3.79224e-03,-1.05,-1.05
-3.79216e-03,-1.01,-1.01
-3.79208e-03,-1.05,-1.05
-3.79200e-03,-1.01,-0.99
-3.79192e-03,-1.03,-1.07
-3.79184e-03,-1.03,-1.01
-3.79176e-03,-1.01,-1.07
-3.79168e-03,-1.03,-1.01
-3.79160e-03,-1.01,-1.07
-3.79152e-03,-1.05,-1.01
-3.79144e-03,-1.01,-1.05
-3.79136e-03,-1.03,-1.01
-3.79128e-03,-1.01,-1.05
-3.79120e-03,-1.03,-1.01
-3.79112e-03,-1.03,-1.05
-3.79104e-03,-1.03,-1.01
-3.79096e-03,-1.03,-1.05
-3.79088e-03,-1.01,-1.01
-3.79080e-03,-1.05,-1.05
-3.79072e-03,-1.01,-1.01
-3.79064e-03,-1.05,-1.07
-3.79056e-03,-1.05,-0.99
-3.79048e-03,-1.03,-1.07
-3.79040e-03,-1.03,-1.01
-3.79032e-03,-1.03,-1.07
-3.79024e-03,-1.03,-1.01
-3.79016e-03,-1.01,-1.07
-3.79008e-03,-1.03,-1.01
-3.79000e-03,-1.01,-1.05
-3.78992e-03,-1.03,-1.01
-3.78984e-03,-1.01,-1.07
-3.78976e-03,-1.05,-0.99
-3.78968e-03,-1.05,-1.07
-3.78960e-03,-1.03,-0.99
-3.78952e-03,-1.03,-1.05
-3.78944e-03,-1.03,-0.99
-3.78936e-03,-1.03,-1.05
-3.78928e-03,-1.01,-1.01
-3.78920e-03,-1.01,-1.07
-3.78912e-03,-1.03,-0.99
-3.78904e-03,-1.03,-1.07
-3.78896e-03,-1.03,-0.99
-3.78888e-03,-1.03,-1.07
-3.78880e-03,-1.01,-1.01
-3.78872e-03,-1.03,-1.05
-3.78864e-03,-1.03,-1.01
-3.78856e-03,-1.01,-1.05
-3.78848e-03,-1.05,-1.01
-3.78840e-03,-1.01,-1.07
-3.78832e-03,-1.01,-0.99
-3.78824e-03,-1.05,-1.05
-3.78816e-03,-1.01,-1.01
-3.78808e-03,-1.05,-1.05
-3.78800e-03,-1.01,-1.01
-3.78792e-03,-1.03,-1.05
-3.78784e-03,-1.03,-1.01
-3.78776e-03,-1.01,-1.05
-3.78768e-03,-1.03,-0.99
-3.78760e-03,-1.03,-1.05
-3.78752e-03,-1.01,-0.99
-3.78744e-03,-1.01,-1.05
-3.78736e-03,-1.03,-1.01
-3.78728e-03,-1.01,-1.05
-3.78720e-03,-1.03,-0.99
-3.78712e-03,-1.01,-1.05
-3.78704e-03,-1.01,-0.99
-3.78696e-03,-1.03,-1.05
-3.78688e-03,-0.99,-1.01
-3.78680e-03,-1.03,-1.05
-3.78672e-03,-1.01,-0.99
-3.78664e-03,-1.03,-1.07
-3.78656e-03,-1.03,-0.99
-3.78648e-03,-1.03,-1.07
-3.78640e-03,-1.03,-0.99
-3.78632e-03,-1.03,-1.05
-3.78624e-03,-1.01,-1.01
-3.78616e-03,-1.03,-1.05
-3.78608e-03,-1.03,-0.99
-3.78600e-03,-0.99,-1.05
-3.78592e-03,-1.03,-0.99
-3.78584e-03,-0.99,-1.07
-3.78576e-03,-1.03,-0.99
-3.78568e-03,-1.03,-1.07
-3.78560e-03,-1.03,-0.99
-3.78552e-03,-1.03,-1.05
-3.78544e-03,-1.01,-0.99
-3.78536e-03,-1.05,-1.07
-3.78528e-03,-1.03,-0.99
-3.78520e-03,-1.03,-1.07
-3.78512e-03,-1.01,-0.99
-3.78504e-03,-1.03,-1.05
-3.78496e-03,-1.01,-0.99
-3.78488e-03,-1.03,-1.05
-3.78480e-03,-1.03,-1.01
-3.78472e-03,-1.01,-1.05
-3.78464e-03,-1.03,-1.01
-3.78456e-03,-1.01,-1.05
-3.78448e-03,-1.01,-0.99
-3.78440e-03,-1.01,-1.05
-3.78432e-03,-0.99,-1.01
-3.78424e-03,-1.01,-1.05
-3.78416e-03,-1.01,-0.99
-3.78408e-03,-1.01,-1.07
-3.78400e-03,-1.01,-1.01
-3.78392e-03,-1.01,-1.05
-3.78384e-03,-1.03,-0.99
-3.78376e-03,-1.03,-1.05
-3.78368e-03,-1.03,-0.99
-3.78360e-03,-1.03,-1.07
-3.78352e-03,-1.01,-0.99
-3.78344e-03,-1.01,-1.05
-3.78336e-03,-1.03,-0.99
-3.78328e-03,-1.01,-1.05
-3.78320e-03,-1.03,-0.99
-3.78312e-03,-1.01,-1.07
-3.78304e-03,-1.03,-1.01
-3.78296e-03,-1.01,-1.05
-3.78288e-03,-0.99,-0.99
-3.78280e-03,-1.03,-1.05
-3.78272e-03,-1.01,-0.99
-3.78264e-03,-1.03,-1.05
-3.78256e-03,-1.01,-0.99
-3.78248e-03,-1.01,-1.05
-3.78240e-03,-1.01,-0.99
-3.78232e-03,-1.03,-1.05
-3.78224e-03,-1.03,-0.99
-3.78216e-03,-1.01,-1.05
-3.78208e-03,-1.05,-0.99
-3.78200e-03,-1.01,-1.05
-3.78192e-03,-1.03,-0.99
-3.78184e-03,-1.01,-1.05
-3.78176e-03,-1.01,-1.01
-3.78168e-03,-1.03,-1.05
-3.78160e-03,-1.03,-0.99
-3.78152e-03,-1.03,-1.05
-3.78144e-03,-0.99,-1.01
-3.78136e-03,-1.01,-1.07
-3.78128e-03,-1.01,-0.99
-3.78120e-03,-1.03,-1.07
-3.78112e-03,-1.01,-0.99
-3.78104e-03,-1.03,-1.05
-3.78096e-03,-1.01,-0.99
-3.78088e-03,-1.01,-1.05
-3.78080e-03,-1.05,-0.99
-3.78072e-03,-1.01,-1.07
-3.78064e-03,-1.03,-0.99
-3.78056e-03,-1.01,-1.05
-3.78048e-03,-1.03,-0.99
-3.78040e-03,-1.01,-1.05
-3.78032e-03,-1.03,-0.99
-3.78024e-03,-1.03,-1.05
-3.78016e-03,-1.01,-1.01
-3.78008e-03,-1.03,-1.05
-3.78000e-03,-1.01,-0.99
-3.77992e-03,-1.01,-1.05
-3.77984e-03,-1.01,-0.99
-3.77976e-03,-1.01,-1.05
-3.77968e-03,-1.01,-0.99
-3.77960e-03,-1.01,-1.05
-3.77952e-03,-1.03,-0.99
-3.77944e-03,-1.01,-1.05
-3.77936e-03,-1.03,-1.01
-3.77928e-03,-1.01,-1.05
-3.77920e-03,-1.03,-0.99
-3.77912e-03,-1.03,-1.05
-3.77904e-03,-1.01,-0.99
-3.77896e-03,-1.01,-1.05
-3.77888e-03,-1.03,-0.99
-3.77880e-03,-1.03,-1.05
-3.77872e-03,-1.01,-0.99
-3.77864e-03,-1.03,-1.05
-3.77856e-03,-1.01,-0.99
-3.77848e-03,-0.77,-1.05
-3.77840e-03,-0.95,-0.99
-3.77832e-03,-0.97,-1.07
-3.77824e-03,-0.95,-0.71
-3.77816e-03,-0.95,-1.01
-3.77808e-03,-0.93,-0.95
-3.77800e-03,-0.97,-0.99
-3.77792e-03,-0.95,-0.93
-3.77784e-03,-1.01,-0.99
-3.77776e-03,-1.01,-0.93
-3.77768e-03,-1.01,-1.03
-3.77760e-03,-1.03,-0.95
-3.77752e-03,-1.05,-1.07
-3.77744e-03,-1.03,-0.99
-3.77736e-03,-1.05,-1.07
-3.77728e-03,-1.05,-1.03
-3.77720e-03,-1.03,-1.07
-3.77712e-03,-1.03,-1.01
-3.77704e-03,-1.01,-1.07
-3.77696e-03,-1.03,-1.01
-3.77688e-03,-1.01,-1.07
-3.77680e-03,-0.99,-1.01
-3.77672e-03,-1.03,-1.03
-3.77664e-03,-1.01,-0.99
-3.77656e-03,-1.03,-1.05
-3.77648e-03,-1.01,-0.99
-3.77640e-03,-1.03,-1.05
-3.77632e-03,-1.03,-0.99
-3.77624e-03,-1.03,-1.05
-3.77616e-03,-1.01,-0.99
-3.77608e-03,-1.01,-1.05
-3.77600e-03,-1.03,-1.01
-3.77592e-03,-1.01,-1.05
-3.77584e-03,-1.01,-0.99
-3.77576e-03,-1.01,-1.05
-3.77568e-03,-1.01,-1.01
-3.77560e-03,-0.99,-1.03
-3.77552e-03,-1.01,-0.99
-3.77544e-03,-1.01,-1.05
-3.77536e-03,-1.01,-0.99
-3.77528e-03,-1.01,-1.05
-3.77520e-03,-1.01,-0.99
-3.77512e-03,-1.01,-1.05
-3.77504e-03,-1.01,-0.99
-3.77496e-03,-1.01,-1.05
-3.77488e-03,-1.03,-0.99
-3.77480e-03,-1.01,-1.05
-3.77472e-03,-1.01,-0.99
-3.77464e-03,-1.01,-1.03
-3.77456e-03,-1.01,-0.99
-3.77448e-03,-1.01,-1.03
-3.77440e-03,-1.01,-0.99
-3.77432e-03,-1.03,-1.03
-3.77424e-03,-1.01,-1.01
-3.77416e-03,-1.03,-1.05
-3.77408e-03,-1.01,-0.99
-3.77400e-03,-1.05,-1.05
-3.77392e-03,-1.01,-0.99
-3.77384e-03,-1.03,-1.05
-3.77376e-03,-1.01,-0.99
-3.77368e-03,-1.01,-1.05
-3.77360e-03,-1.03,-0.99
-3.77352e-03,-1.01,-1.05
-3.77344e-03,-1.03,-0.99
-3.77336e-03,-1.01,-1.05
-3.77328e-03,-1.01,-0.99
-3.77320e-03,-1.01,-1.05
-3.77312e-03,-1.03,-0.99
-3.77304e-03,-1.03,-1.05
-3.77296e-03,-1.01,-0.99
-3.77288e-03,-1.01,-1.07
-3.77280e-03,-0.99,-0.97
-3.77272e-03,-1.01,-1.05
-3.77264e-03,-1.03,-0.99
-3.77256e-03,-1.01,-1.05
-3.77248e-03,-1.01,-0.99
-3.77240e-03,-1.01,-1.05
-3.77232e-03,-1.03,-0.99
-3.77224e-03,-1.01,-1.05
-3.77216e-03,-1.01,-0.99
-3.77208e-03,-1.03,-1.05
-3.77200e-03,-1.01,-0.99
-3.77192e-03,-1.01,-1.05
-3.77184e-03,-1.01,-1.01
-3.77176e-03,-1.33,-1.05
-3.77168e-03,-1.09,-0.99
-3.77160e-03,-1.07,-1.39
-3.77152e-03,-1.09,-0.93
-3.77144e-03,-1.05,-1.11
-3.77136e-03,-1.09,-1.03
-3.77128e-03,-1.07,-1.11
-3.77120e-03,-1.09,-1.05
-3.77112e-03,-1.05,-1.11
-3.77104e-03,-1.03,-1.05
-3.77096e-03,-1.03,-1.09
-3.77088e-03,-0.99,-1.01
-3.77080e-03,-1.01,-1.05
-3.77072e-03,-0.99,-0.99
-3.77064e-03,-1.01,-1.03
-3.77056e-03,-0.99,-0.97
-3.77048e-03,-0.99,-1.03
-3.77040e-03,-0.99,-0.97
-3.77032e-03,-0.99,-1.03
-3.77024e-03,-1.01,-0.97
-3.77016e-03,-0.99,-1.03
-3.77008e-03,-1.01,-0.97
-3.77000e-03,-1.01,-1.05
-3.76992e-03,-1.03,-0.99
-3.76984e-03,-1.01,-1.05
-3.76976e-03,-1.01,-0.99
-3.76968e-03,-1.01,-1.05
-3.76960e-03,-1.01,-0.99
-3.76952e-03,-1.01,-1.05
-3.76944e-03,-1.01,-0.99
-3.76936e-03,-1.01,-1.05
-3.76928e-03,-1.01,-0.99
-3.76920e-03,-1.03,-1.05
-3.76912e-03,-1.01,-0.99
-3.76904e-03,-1.03,-1.05
-3.76896e-03,-1.01,-0.99
-3.76888e-03,-1.01,-1.05
-3.76880e-03,-1.01,-0.99
-3.76872e-03,-1.01,-1.05
-3.76864e-03,-1.03,-0.99
-3.76856e-03,-0.99,-1.05
-3.76848e-03,-1.01,-0.99
-3.76840e-03,-1.01,-1.05
-3.76832e-03,-1.01,-0.99
-3.76824e-03,-1.05,-1.05
-3.76816e-03,-0.99,-0.99
-3.76808e-03,-1.03,-1.05
-3.76800e-03,-0.99,-0.99
-3.76792e-03,-1.03,-1.05
-3.76784e-03,-1.01,-0.99
-3.76776e-03,-1.03,-1.05
-3.76768e-03,-1.01,-0.99
-3.76760e-03,-1.03,-1.07
-3.76752e-03,-1.01,-0.99
-3.76744e-03,-0.99,-1.05
-3.76736e-03,-1.01,-0.99
-3.76728e-03,-1.01,-1.05
-3.76720e-03,-1.01,-0.99
-3.76712e-03,-1.01,-1.05
-3.76704e-03,-1.01,-1.01
-3.76696e-03,-1.01,-1.05
-3.76688e-03,-1.01,-1.01
-3.76680e-03,-1.03,-1.05
-3.76672e-03,-1.01,-0.99
-3.76664e-03,-1.01,-1.05
-3.76656e-03,-1.03,-0.99
-3.76648e-03,-1.03,-1.05
-3.76640e-03,-1.03,-1.01
-3.76632e-03,-1.01,-1.05
-3.76624e-03,-1.03,-0.99
-3.76616e-03,-1.01,-1.05
-3.76608e-03,-1.03,-0.99
-3.76600e-03,-1.01,-1.05
-3.76592e-03,-1.03,-0.99
-3.76584e-03,-1.01,-1.05
-3.76576e-03,-1.01,-0.99
-3.76568e-03,-1.03,-1.05
-3.76560e-03,-1.01,-0.99
-3.76552e-03,-1.03,-1.05
-3.76544e-03,-1.01,-1.01
-3.76536e-03,-1.03,-1.05
-3.76528e-03,-1.01,-1.01
-3.76520e-03,-1.05,-1.05
-3.76512e-03,-1.03,-0.99
-3.76504e-03,-1.03,-1.05
-3.76496e-03,-1.03,-1.01
-3.76488e-03,-1.01,-1.05
-3.76480e-03,-1.03,-1.01
-3.76472e-03,-1.01,-1.05
-3.76464e-03,-1.01,-0.99
-3.76456e-03,-1.03,-1.05
-3.76448e-03,-1.03,-1.01
-3.76440e-03,-1.03,-1.07
-3.76432e-03,-1.03,-0.99
-3.76424e-03,-1.01,-1.05
-3.76416e-03,-1.01,-1.01
-3.76408e-03,-1.03,-1.07
-3.76400e-03,-1.01,-0.99
-3.76392e-03,-1.05,-1.05
-3.76384e-03,-1.01,-0.99
-3.76376e-03,-1.03,-1.07
-3.76368e-03,-1.03,-0.99
-3.76360e-03,-1.03,-1.05
-3.76352e-03,-1.03,-1.01
-3.76344e-03,-1.01,-1.05
-3.76336e-03,-1.03,-0.99
-3.76328e-03,-1.01,-1.05
-3.76320e-03,-1.03,-0.99
-3.76312e-03,-1.01,-1.05
-3.76304e-03,-1.03,-0.99
-3.76296e-03,-1.03,-1.05
-3.76288e-03,-1.01,-0.99
-3.76280e-03,-1.03,-1.05
-3.76272e-03,-1.01,-1.01
-3.76264e-03,-1.03,-1.05
-3.76256e-03,-1.03,-1.01
-3.76248e-03,-1.03,-1.05
-3.76240e-03,-1.01,-1.01
-3.76232e-03,-1.01,-1.05
-3.76224e-03,-1.03,-1.01
-3.76216e-03,-1.01,-1.05
-3.76208e-03,-1.05,-0.99
-3.76200e-03,-1.01,-1.05
-3.76192e-03,-1.01,-1.01
-3.76184e-03,-1.01,-1.05
-3.76176e-03,-1.03,-0.99
-3.76168e-03,-1.03,-1.05
-3.76160e-03,-1.01,-1.01
-3.76152e-03,-1.03,-1.05
-3.76144e-03,-1.01,-1.01
-3.76136e-03,-1.03,-1.07
-3.76128e-03,-1.03,-1.01
-3.76120e-03,-1.03,-1.05
-3.76112e-03,-1.03,-0.99
-3.76104e-03,-1.03,-1.05
-3.76096e-03,-1.03,-0.99
-3.76088e-03,-1.03,-1.05
-3.76080e-03,-1.03,-0.99
-3.76072e-03,-1.01,-1.07
-3.76064e-03,-1.03,-1.01
-3.76056e-03,-1.03,-1.05
-3.76048e-03,-1.03,-0.99
-3.76040e-03,-1.03,-1.05
-3.76032e-03,-1.03,-1.01
-3.76024e-03,-1.01,-1.05
-3.76016e-03,-1.03,-1.01
-3.76008e-03,-1.03,-1.05
-3.76000e-03,-1.01,-0.99
-3.75992e-03,-1.03,-1.05
-3.75984e-03,-1.01,-0.99
-3.75976e-03,-1.03,-1.05
-3.75968e-03,-1.03,-1.01
-3.75960e-03,-1.03,-1.05
-3.75952e-03,-1.03,-1.01
-3.75944e-03,-1.03,-1.05
-3.75936e-03,-1.05,-1.01
-3.75928e-03,-1.01,-1.05
-3.75920e-03,-1.05,-0.99
-3.75912e-03,-1.03,-1.05
-3.75904e-03,-1.03,-0.99
-3.75896e-03,-1.03,-1.05
-3.75888e-03,-1.01,-1.01
-3.75880e-03,-1.03,-1.05
-3.75872e-03,-1.01,-0.99
-3.75864e-03,-1.03,-1.05
-3.75856e-03,-1.01,-1.01
-3.75848e-03,-1.03,-1.05
-3.75840e-03,-1.01,-0.99
-3.75832e-03,-1.01,-1.07
-3.75824e-03,-1.03,-1.01
-3.75816e-03,-1.01,-1.05
-3.75808e-03,-1.03,-0.99
-3.75800e-03,-1.03,-1.05
-3.75792e-03,-1.05,-1.01
-3.75784e-03,-1.01,-1.05
-3.75776e-03,-1.03,-0.99
-3.75768e-03,-1.03,-1.05
-3.75760e-03,-1.01,-0.99
-3.75752e-03,-1.03,-1.05
-3.75744e-03,-1.03,-0.99
-3.75736e-03,-1.03,-1.05
-3.75728e-03,-1.01,-0.99
-3.75720e-03,-1.01,-1.07
-3.75712e-03,-1.03,-1.01
-3.75704e-03,-1.03,-1.05
-3.75696e-03,-1.01,-1.01
-3.75688e-03,-1.03,-1.05
-3.75680e-03,-1.03,-0.99
-3.75672e-03,-1.01,-1.05
-3.75664e-03,-1.03,-0.99
-3.75656e-03,-1.01,-1.05
-3.75648e-03,-1.05,-1.01
-3.75640e-03,-1.01,-1.05
-3.75632e-03,-1.01,-1.01
-3.75624e-03,-1.03,-1.05
-3.75616e-03,-1.03,-0.99
-3.75608e-03,-1.03,-1.05
-3.75600e-03,-1.01,-0.99
-3.75592e-03,-1.01,-1.07
-3.75584e-03,-1.01,-0.99
-3.75576e-03,-1.01,-1.07
-3.75568e-03,-1.03,-0.99
-3.75560e-03,-1.01,-1.05
-3.75552e-03,-1.05,-0.99
-3.75544e-03,-1.03,-1.07
-3.75536e-03,-1.03,-0.99
-3.75528e-03,-1.01,-1.05
-3.75520e-03,-1.03,-1.01
-3.75512e-03,-1.03,-1.05
-3.75504e-03,-1.03,-0.99
-3.75496e-03,-1.03,-1.07
-3.75488e-03,-1.03,-0.99
-3.75480e-03,-1.05,-1.05
-3.75472e-03,-1.03,-1.01
-3.75464e-03,-1.03,-1.05
-3.75456e-03,-1.03,-1.01
-3.75448e-03,-1.03,-1.07
-3.75440e-03,-1.01,-1.01
-3.75432e-03,-1.01,-1.05
-3.75424e-03,-1.03,-1.01
-3.75416e-03,-1.03,-1.05
-3.75408e-03,-1.05,-1.01
-3.75400e-03,-1.01,-1.07
-3.75392e-03,-1.03,-1.01
-3.75384e-03,-1.03,-1.05
-3.75376e-03,-1.03,-1.01
-3.75368e-03,-1.03,-1.05
-3.75360e-03,-1.03,-0.99
-3.75352e-03,-1.03,-1.07
-3.75344e-03,-1.01,-1.01
-3.75336e-03,-1.03,-1.05
-3.75328e-03,-1.01,-1.01
-3.75320e-03,-1.03,-1.05
-3.75312e-03,-1.01,-1.01
-3.75304e-03,-1.03,-1.05
-3.75296e-03,-1.03,-0.99
-3.75288e-03,-1.01,-1.05
-3.75280e-03,-1.03,-0.99
-3.75272e-03,-1.03,-1.05
-3.75264e-03,-1.03,-1.01
-3.75256e-03,-1.03,-1.07
-3.75248e-03,-1.03,-0.99
-3.75240e-03,-1.03,-1.05
-3.75232e-03,-1.03,-0.99
-3.75224e-03,-1.03,-1.07
-3.75216e-03,-1.01,-1.01
-3.75208e-03,-1.03,-1.07
-3.75200e-03,-1.03,-0.99
-3.75192e-03,-1.03,-1.05
-3.75184e-03,-1.01,-1.01
-3.75176e-03,-1.03,-1.07
-3.75168e-03,-1.03,-1.01
-3.75160e-03,-1.03,-1.07
-3.75152e-03,-1.01,-1.01
-3.75144e-03,-1.03,-1.05
-3.75136e-03,-1.03,-0.99
-3.75128e-03,-1.01,-1.07
-3.75120e-03,-1.01,-1.01
-3.75112e-03,-1.01,-1.05
-3.75104e-03,-1.03,-0.99
-3.75096e-03,-1.03,-1.07
-3.75088e-03,-1.01,-1.01
-3.75080e-03,-1.03,-1.05
-3.75072e-03,-1.03,-0.99
-3.75064e-03,-1.05,-1.07
-3.75056e-03,-1.05,-1.01
-3.75048e-03,-1.05,-1.05
-3.75040e-03,-1.05,-1.01
-3.75032e-03,-1.01,-1.07
-3.75024e-03,-1.05,-1.01
-3.75016e-03,-1.01,-1.07
-3.75008e-03,-1.03,-1.01
-3.75000e-03,-1.01,-1.05
-3.74992e-03,-1.01,-1.01
-3.74984e-03,-1.03,-1.07
-3.74976e-03,-1.03,-1.01
-3.74968e-03,-1.03,-1.05
-3.74960e-03,-1.03,-0.99
-3.74952e-03,-1.03,-1.05
-3.74944e-03,-1.03,-1.01
-3.74936e-03,-1.03,-1.05
-3.74928e-03,-1.03,-1.01
-3.74920e-03,-1.03,-1.07
-3.74912e-03,-1.03,-1.01
-3.74904e-03,-1.01,-1.05
-3.74896e-03,-1.03,-1.01
-3.74888e-03,-1.03,-1.05
-3.74880e-03,-1.03,-1.01
-3.74872e-03,-1.01,-1.05
-3.74864e-03,-1.03,-1.01
-3.74856e-03,-1.03,-1.07
-3.74848e-03,-1.03,-0.99
-3.74840e-03,-1.01,-1.07
-3.74832e-03,-1.03,-1.01
-3.74824e-03,-1.05,-1.07
-3.74816e-03,-1.01,-1.01
-3.74808e-03,-1.05,-1.07
-3.74800e-03,-1.01,-1.01
-3.74792e-03,-1.03,-1.05
-3.74784e-03,-1.03,-1.01
-3.74776e-03,-1.01,-1.05
-3.74768e-03,-1.01,-0.99
-3.74760e-03,-1.03,-1.05
-3.74752e-03,-1.01,-0.99
-3.74744e-03,-1.01,-1.07
-3.74736e-03,-1.05,-0.99
-3.74728e-03,-1.01,-1.07
-3.74720e-03,-1.03,-0.99
-3.74712e-03,-1.01,-1.05
-3.74704e-03,-1.01,-0.99
-3.74696e-03,-1.01,-1.07
-3.74688e-03,-1.01,-0.99
-3.74680e-03,-1.03,-1.07
-3.74672e-03,-0.99,-0.99
-3.74664e-03,-1.03,-1.05
-3.74656e-03,-1.01,-0.99
-3.74648e-03,-1.03,-1.05
-3.74640e-03,-1.03,-0.99
-3.74632e-03,-1.01,-1.05
-3.74624e-03,-1.03,-0.99
-3.74616e-03,-1.01,-1.05
-3.74608e-03,-1.03,-0.99
-3.74600e-03,-1.03,-1.05
-3.74592e-03,-1.03,-1.01
-3.74584e-03,-1.03,-1.05
-3.74576e-03,-1.01,-0.99
-3.74568e-03,-1.03,-1.05
-3.74560e-03,-1.01,-0.99
-3.74552e-03,-1.03,-1.05
-3.74544e-03,-1.01,-0.99
-3.74536e-03,-1.03,-1.05
-3.74528e-03,-1.01,-1.01
-3.74520e-03,-1.03,-1.05
-3.74512e-03,-1.03,-1.01
-3.74504e-03,-1.03,-1.05
-3.74496e-03,-1.01,-0.99
-3.74488e-03,-1.01,-1.07
-3.74480e-03,-1.05,-0.99
-3.74472e-03,-1.01,-1.05
-3.74464e-03,-1.03,-1.01
-3.74456e-03,-1.01,-1.05
-3.74448e-03,-1.01,-0.99
-3.74440e-03,-1.03,-1.05
-3.74432e-03,-1.03,-0.99
-3.74424e-03,-1.01,-1.05
-3.74416e-03,-1.03,-0.99
-3.74408e-03,-1.03,-1.07
-3.74400e-03,-1.01,-1.01
-3.74392e-03,-1.03,-1.05
-3.74384e-03,-1.03,-0.99
-3.74376e-03,-1.03,-1.07
-3.74368e-03,-1.03,-1.01
-3.74360e-03,-1.01,-1.05
-3.74352e-03,-1.03,-1.01
-3.74344e-03,-0.99,-1.05
-3.74336e-03,-1.03,-0.99
-3.74328e-03,-1.01,-1.07
-3.74320e-03,-1.03,-0.99
-3.74312e-03,-1.05,-1.05
-3.74304e-03,-1.01,-0.99
-3.74296e-03,-1.05,-1.05
-3.74288e-03,-1.01,-0.99
-3.74280e-03,-1.03,-1.07
-3.74272e-03,-1.01,-1.01
-3.74264e-03,-1.03,-1.05
-3.74256e-03,-1.03,-0.99
-3.74248e-03,-1.03,-1.05
-3.74240e-03,-1.03,-1.01
-3.74232e-03,-1.01,-1.05
-3.74224e-03,-1.05,-1.01
-3.74216e-03,-1.01,-1.05
-3.74208e-03,-1.03,-0.99
-3.74200e-03,-1.01,-1.05
-3.74192e-03,-1.03,-0.99
-3.74184e-03,-1.03,-1.05
-3.74176e-03,-1.03,-0.99
-3.74168e-03,-1.03,-1.05
-3.74160e-03,-1.03,-0.99
-3.74152e-03,-1.03,-1.05
-3.74144e-03,-1.01,-0.99
-3.74136e-03,-1.03,-1.05
-3.74128e-03,-1.03,-0.99
-3.74120e-03,-1.03,-1.05
-3.74112e-03,-0.99,-0.99
-3.74104e-03,-1.03,-1.05
-3.74096e-03,-1.03,-0.99
-3.74088e-03,-1.01,-1.05
-3.74080e-03,-1.03,-1.01
-3.74072e-03,-1.03,-1.05
-3.74064e-03,-1.03,-0.99
-3.74056e-03,-1.01,-1.05
-3.74048e-03,-1.03,-0.99
-3.74040e-03,-1.03,-1.05
-3.74032e-03,-1.03,-1.01
-3.74024e-03,-1.03,-1.05
-3.74016e-03,-1.01,-0.99
-3.74008e-03,-1.03,-1.05
-3.74000e-03,-1.01,-0.99
-3.73992e-03,-1.03,-1.05
-3.73984e-03,-1.01,-0.99
-3.73976e-03,-1.03,-1.05
-3.73968e-03,-1.03,-0.99
-3.73960e-03,-1.03,-1.05
-3.73952e-03,-1.03,-1.01
-3.73944e-03,-1.01,-1.05
-3.73936e-03,-1.05,-1.01
-3.73928e-03,-1.05,-1.05
-3.73920e-03,-1.05,-0.99
-3.73912e-03,-1.03,-1.07
-3.73904e-03,-1.03,-0.99
-3.73896e-03,-1.01,-1.07
-3.73888e-03,-1.01,-0.99
-3.73880e-03,-1.03,-1.05
-3.73872e-03,-1.01,-0.99
-3.73864e-03,-1.03,-1.05
-3.73856e-03,-0.99,-0.99
-3.73848e-03,-1.03,-1.05
-3.73840e-03,-1.01,-0.99
-3.73832e-03,-1.01,-1.07
-3.73824e-03,-1.01,-0.99
-3.73816e-03,-1.01,-1.05
-3.73808e-03,-1.01,-0.99
-3.73800e-03,-1.03,-1.05
-3.73792e-03,-1.03,-0.99
-3.73784e-03,-1.01,-1.07
-3.73776e-03,-1.03,-0.99
-3.73768e-03,-1.03,-1.05
-3.73760e-03,-1.03,-1.01
-3.73752e-03,-1.03,-1.05
-3.73744e-03,-1.01,-0.99
-3.73736e-03,-1.05,-1.05
-3.73728e-03,-1.01,-1.01
-3.73720e-03,-1.01,-1.05
-3.73712e-03,-1.03,-0.99
-3.73704e-03,-1.01,-1.07
-3.73696e-03,-1.01,-0.99
-3.73688e-03,-1.01,-1.05
-3.73680e-03,-1.03,-0.99
-3.73672e-03,-0.97,-1.05
-3.73664e-03,-1.01,-0.99
-3.73656e-03,-1.01,-1.05
-3.73648e-03,-1.01,-0.97
-3.73640e-03,-1.01,-1.05
-3.73632e-03,-1.01,-0.99
-3.73624e-03,-1.03,-1.05
-3.73616e-03,-1.01,-0.99
-3.73608e-03,-1.03,-1.05
-3.73600e-03,-1.01,-0.99
-3.73592e-03,-1.03,-1.05
-3.73584e-03,-0.99,-0.99
-3.73576e-03,-1.01,-1.05
-3.73568e-03,-1.01,-0.99
-3.73560e-03,-1.01,-1.05
-3.73552e-03,-1.01,-0.99
-3.73544e-03,-1.01,-1.05
-3.73536e-03,-1.03,-0.99
-3.73528e-03,-1.01,-1.05
-3.73520e-03,-1.03,-0.99
-3.73512e-03,-1.01,-1.05
-3.73504e-03,-1.01,-0.99
-3.73496e-03,-1.01,-1.05
-3.73488e-03,-1.01,-0.99
-3.73480e-03,-1.03,-1.05
-3.73472e-03,-1.01,-0.99
-3.73464e-03,-1.01,-1.05
-3.73456e-03,-1.01,-0.99
-3.73448e-03,-1.03,-1.05
-3.73440e-03,-1.01,-0.99
-3.73432e-03,-1.01,-1.05
-3.73424e-03,-1.03,-0.99
-3.73416e-03,-1.01,-1.05
-3.73408e-03,-1.01,-0.97
-3.73400e-03,-0.99,-1.05
-3.73392e-03,-1.01,-0.99
-3.73384e-03,-1.03,-1.05
-3.73376e-03,-1.01,-0.99
-3.73368e-03,-1.01,-1.05
-3.73360e-03,-1.01,-0.99
-3.73352e-03,-1.01,-1.05
-3.73344e-03,-1.03,-0.99
-3.73336e-03,-1.03,-1.05
-3.73328e-03,-1.01,-0.99
-3.73320e-03,-1.03,-1.05
-3.73312e-03,-1.01,-0.99
-3.73304e-03,-1.01,-1.05
-3.73296e-03,-1.01,-0.99
-3.73288e-03,-1.01,-1.07
-3.73280e-03,-1.01,-0.99
-3.73272e-03,-1.01,-1.07
-3.73264e-03,-1.03,-0.99
-3.73256e-03,-1.01,-1.05
-3.73248e-03,-1.03,-0.99
-3.73240e-03,-1.01,-1.05
-3.73232e-03,-1.01,-0.99
-3.73224e-03,-1.01,-1.05
-3.73216e-03,-1.01,-0.99
-3.73208e-03,-1.01,-1.05
-3.73200e-03,-1.01,-0.99
-3.73192e-03,-1.03,-1.05
-3.73184e-03,-1.01,-0.99
-3.73176e-03,-1.01,-1.05
-3.73168e-03,-1.03,-0.99
-3.73160e-03,-1.01,-1.05
-3.73152e-03,-1.03,-0.99
-3.73144e-03,-1.01,-1.05
-3.73136e-03,-1.03,-0.99
-3.73128e-03,-1.03,-1.05
-3.73120e-03,-1.03,-0.99
-3.73112e-03,-1.01,-1.05
-3.73104e-03,-1.01,-0.99
-3.73096e-03,-1.03,-1.05
-3.73088e-03,-1.01,-0.99
-3.73080e-03,-1.05,-1.07
-3.73072e-03,-1.03,-0.99
-3.73064e-03,-1.03,-1.05
-3.73056e-03,-0.99,-0.97
-3.73048e-03,-1.03,-1.05
-3.73040e-03,-1.01,-0.99
-3.73032e-03,-1.01,-1.05
-3.73024e-03,-1.03,-0.99
-3.73016e-03,-1.01,-1.05
-3.73008e-03,-1.03,-0.99
-3.73000e-03,-0.99,-1.05
-3.72992e-03,-1.05,-0.99
-3.72984e-03,-1.03,-1.05
-3.72976e-03,-1.01,-0.99
-3.72968e-03,-1.01,-1.05
-3.72960e-03,-0.99,-0.99
-3.72952e-03,-1.01,-1.05
-3.72944e-03,-0.99,-0.99
-3.72936e-03,-1.01,-1.05
-3.72928e-03,-1.01,-0.99
-3.72920e-03,-1.01,-1.05
-3.72912e-03,-1.01,-0.99
-3.72904e-03,-1.03,-1.05
-3.72896e-03,-1.03,-0.99
-3.72888e-03,-1.01,-1.05
-3.72880e-03,-1.01,-0.99
-3.72872e-03,-1.01,-1.05
-3.72864e-03,-1.01,-0.99
-3.72856e-03,-1.01,-1.05
-3.72848e-03,-1.05,-0.99
-3.72840e-03,-0.87,-1.05
-3.72832e-03,-0.95,-0.99
-3.72824e-03,-0.95,-1.07
-3.72816e-03,-0.95,-0.69
-3.72808e-03,-0.93,-0.99
-3.72800e-03,-0.95,-0.93
-3.72792e-03,-0.93,-0.99
-3.72784e-03,-0.97,-0.91
-3.72776e-03,-0.97,-0.99
-3.72768e-03,-1.01,-0.91
-3.72760e-03,-1.05,-1.03
-3.72752e-03,-1.03,-0.95
-3.72744e-03,-1.03,-1.05
-3.72736e-03,-1.05,-0.99
-3.72728e-03,-1.03,-1.07
-3.72720e-03,-1.03,-1.03
-3.72712e-03,-1.03,-1.07
-3.72704e-03,-1.01,-1.01
-3.72696e-03,-1.03,-1.05
-3.72688e-03,-1.01,-1.01
-3.72680e-03,-0.99,-1.05
-3.72672e-03,-1.01,-1.01
-3.72664e-03,-0.99,-1.05
-3.72656e-03,-1.03,-0.99
-3.72648e-03,-1.03,-1.05
-3.72640e-03,-1.01,-0.99
-3.72632e-03,-1.01,-1.05
-3.72624e-03,-1.01,-0.99
-3.72616e-03,-1.03,-1.05
-3.72608e-03,-1.03,-0.99
-3.72600e-03,-1.01,-1.05
-3.72592e-03,-1.01,-0.99
-3.72584e-03,-1.03,-1.05
-3.72576e-03,-1.01,-0.99
-3.72568e-03,-1.01,-1.05
-3.72560e-03,-1.01,-0.99
-3.72552e-03,-0.99,-1.05
-3.72544e-03,-1.01,-0.99
-3.72536e-03,-1.01,-1.05
-3.72528e-03,-1.01,-0.99
-3.72520e-03,-1.01,-1.03
-3.72512e-03,-1.01,-0.99
-3.72504e-03,-1.01,-1.03
-3.72496e-03,-1.01,-0.99
-3.72488e-03,-1.03,-1.05
-3.72480e-03,-1.01,-0.99
-3.72472e-03,-1.01,-1.05
-3.72464e-03,-1.01,-0.99
-3.72456e-03,-1.01,-1.05
-3.72448e-03,-1.01,-0.99
-3.72440e-03,-1.01,-1.03
-3.72432e-03,-1.01,-0.99
-3.72424e-03,-1.01,-1.03
-3.72416e-03,-1.01,-0.99
-3.72408e-03,-0.99,-1.03
-3.72400e-03,-1.01,-0.99
-3.72392e-03,-1.01,-1.05
-3.72384e-03,-1.01,-0.99
-3.72376e-03,-1.01,-1.05
-3.72368e-03,-1.01,-0.99
-3.72360e-03,-1.01,-1.05
-3.72352e-03,-1.01,-0.99
-3.72344e-03,-1.01,-1.03
-3.72336e-03,-1.01,-0.99
-3.72328e-03,-1.01,-1.03
-3.72320e-03,-1.01,-0.99
-3.72312e-03,-1.01,-1.05
-3.72304e-03,-1.01,-0.99
-3.72296e-03,-1.01,-1.05
-3.72288e-03,-1.01,-0.99
-3.72280e-03,-0.99,-1.03
-3.72272e-03,-1.01,-0.99
-3.72264e-03,-1.01,-1.03
-3.72256e-03,-1.01,-0.99
-3.72248e-03,-1.03,-1.05
-3.72240e-03,-1.01,-0.99
-3.72232e-03,-0.99,-1.07
-3.72224e-03,-0.99,-0.97
-3.72216e-03,-1.01,-1.05
-3.72208e-03,-0.99,-0.99
-3.72200e-03,-1.01,-1.05
-3.72192e-03,-1.01,-0.97
-3.72184e-03,-1.01,-1.03
-3.72176e-03,-1.01,-0.97
-3.72168e-03,-1.33,-1.05
-3.72160e-03,-1.07,-0.99
-3.72152e-03,-1.07,-1.37
-3.72144e-03,-1.05,-0.93
-3.72136e-03,-1.05,-1.09
-3.72128e-03,-1.09,-1.03
-3.72120e-03,-1.07,-1.09
-3.72112e-03,-1.05,-1.05
-3.72104e-03,-1.03,-1.11
-3.72096e-03,-1.03,-1.05
-3.72088e-03,-1.01,-1.09
-3.72080e-03,-0.99,-1.01
-3.72072e-03,-0.99,-1.05
-3.72064e-03,-0.99,-0.99
-3.72056e-03,-0.99,-1.03
-3.72048e-03,-1.01,-0.95
-3.72040e-03,-1.01,-1.03
-3.72032e-03,-0.97,-0.97
-3.72024e-03,-1.01,-1.03
-3.72016e-03,-1.01,-0.97
-3.72008e-03,-1.01,-1.03
-3.72000e-03,-0.99,-0.97
-3.71992e-03,-1.01,-1.03
-3.71984e-03,-1.01,-0.99
-3.71976e-03,-0.99,-1.05
-3.71968e-03,-1.01,-0.97
-3.71960e-03,-0.99,-1.03
-3.71952e-03,-1.01,-0.99
-3.71944e-03,-0.99,-1.03
-3.71936e-03,-1.01,-0.97
-3.71928e-03,-0.99,-1.03
-3.71920e-03,-0.99,-0.99
-3.71912e-03,-1.01,-1.03
-3.71904e-03,-1.01,-0.97
-3.71896e-03,-1.03,-1.03
-3.71888e-03,-1.01,-0.99
-3.71880e-03,-1.01,-1.03
-3.71872e-03,-1.01,-0.99
-3.71864e-03,-1.01,-1.03
-3.71856e-03,-0.99,-0.97
-3.71848e-03,-1.01,-1.05
-3.71840e-03,-1.01,-0.99
-3.71832e-03,-0.99,-1.03
-3.71824e-03,-1.03,-0.97
-3.71816e-03,-1.01,-1.05
-3.71808e-03,-1.01,-0.99
-3.71800e-03,-1.01,-1.05
-3.71792e-03,-1.01,-0.99
-3.71784e-03,-1.01,-1.03
-3.71776e-03,-1.01,-0.97
-3.71768e-03,-1.01,-1.05
-3.71760e-03,-1.01,-0.99
-3.71752e-03,-1.01,-1.05
-3.71744e-03,-1.01,-0.99
-3.71736e-03,-1.03,-1.05
-3.71728e-03,-1.03,-0.99
-3.71720e-03,-1.03,-1.05
-3.71712e-03,-1.01,-0.99
-3.71704e-03,-1.01,-1.05
-3.71696e-03,-1.03,-0.99
-3.71688e-03,-1.03,-1.05
-3.71680e-03,-1.03,-0.99
-3.71672e-03,-0.99,-1.05
-3.71664e-03,-1.03,-0.99
-3.71656e-03,-1.01,-1.05
-3.71648e-03,-1.03,-0.99
-3.71640e-03,-1.01,-1.05
-3.71632e-03,-1.01,-0.99
-3.71624e-03,-1.03,-1.05
-3.71616e-03,-1.01,-0.99
-3.71608e-03,-1.03,-1.05
-3.71600e-03,-0.99,-0.99
-3.71592e-03,-1.03,-1.05
-3.71584e-03,-1.01,-0.97
-3.71576e-03,-1.01,-1.05
-3.71568e-03,-1.03,-0.99
-3.71560e-03,-1.01,-1.03
-3.71552e-03,-1.01,-0.99
-3.71544e-03,-0.99,-1.05
-3.71536e-03,-1.01,-0.99
-3.71528e-03,-0.99,-1.05
-3.71520e-03,-1.01,-0.99
-3.71512e-03,-1.01,-1.05
-3.71504e-03,-1.01,-0.99
-3.71496e-03,-1.03,-1.05
-3.71488e-03,-1.01,-0.99
-3.71480e-03,-1.03,-1.05
-3.71472e-03,-1.01,-0.99
-3.71464e-03,-1.01,-1.05
-3.71456e-03,-1.03,-0.99
-3.71448e-03,-1.03,-1.05
-3.71440e-03,-1.01,-0.99
-3.71432e-03,-1.01,-1.05
-3.71424e-03,-1.01,-0.99
-3.71416e-03,-1.01,-1.05
-3.71408e-03,-1.01,-0.99
-3.71400e-03,-1.03,-1.05
-3.71392e-03,-1.03,-0.99
-3.71384e-03,-1.01,-1.07
-3.71376e-03,-0.97,-0.99
-3.71368e-03,-1.03,-1.05
-3.71360e-03,-1.01,-0.97
-3.71352e-03,-1.01,-1.07
-3.71344e-03,-1.03,-0.99
-3.71336e-03,-1.01,-1.05
-3.71328e-03,-1.03,-0.99
-3.71320e-03,-1.01,-1.05
-3.71312e-03,-1.03,-0.97
-3.71304e-03,-1.01,-1.05
-3.71296e-03,-1.01,-0.99
-3.71288e-03,-1.01,-1.05
-3.71280e-03,-1.03,-0.99
-3.71272e-03,-1.01,-1.05
-3.71264e-03,-0.99,-0.99
-3.71256e-03,-1.03,-1.07
-3.71248e-03,-1.03,-0.99
-3.71240e-03,-1.03,-1.05
-3.71232e-03,-1.01,-0.99
-3.71224e-03,-1.03,-1.05
-3.71216e-03,-1.01,-0.99
-3.71208e-03,-1.03,-1.05
-3.71200e-03,-1.01,-0.99
-3.71192e-03,-1.03,-1.05
-3.71184e-03,-1.01,-0.99
-3.71176e-03,-1.03,-1.05
-3.71168e-03,-1.05,-0.99
-3.71160e-03,-1.03,-1.05
-3.71152e-03,-1.03,-0.99
-3.71144e-03,-1.01,-1.05
-3.71136e-03,-1.01,-0.99
-3.71128e-03,-1.01,-1.05
-3.71120e-03,-1.03,-0.99
-3.71112e-03,-1.01,-1.05
-3.71104e-03,-1.01,-0.99
-3.71096e-03,-1.03,-1.05
-3.71088e-03,-1.01,-0.99
-3.71080e-03,-1.03,-1.05
-3.71072e-03,-1.01,-0.99
-3.71064e-03,-1.03,-1.05
-3.71056e-03,-1.01,-0.99
-3.71048e-03,-1.03,-1.05
-3.71040e-03,-1.03,-0.99
-3.71032e-03,-1.03,-1.07
-3.71024e-03,-1.03,-1.01
-3.71016e-03,-1.01,-1.05
-3.71008e-03,-1.03,-0.99
-3.71000e-03,-1.01,-1.05
-3.70992e-03,-1.03,-0.99
-3.70984e-03,-1.01,-1.05
-3.70976e-03,-1.01,-0.99
-3.70968e-03,-1.03,-1.05
-3.70960e-03,-1.01,-0.99
-3.70952e-03,-1.01,-1.05
-3.70944e-03,-1.01,-1.01
-3.70936e-03,-1.03,-1.05
-3.70928e-03,-1.03,-0.99
-3.70920e-03,-1.05,-1.05
-3.70912e-03,-1.03,-0.99
-3.70904e-03,-1.01,-1.05
-3.70896e-03,-1.01,-0.99
-3.70888e-03,-1.01,-1.07
-3.70880e-03,-1.03,-0.97
-3.70872e-03,-1.01,-1.07
-3.70864e-03,-1.03,-0.99
-3.70856e-03,-0.99,-1.05
-3.70848e-03,-1.05,-0.99
-3.70840e-03,-1.01,-1.05
-3.70832e-03,-1.01,-0.99
-3.70824e-03,-1.01,-1.05
-3.70816e-03,-0.99,-0.99
-3.70808e-03,-1.03,-1.07
-3.70800e-03,-1.01,-0.99
-3.70792e-03,-1.01,-1.05
-3.70784e-03,-1.01,-0.99
-3.70776e-03,-1.01,-1.05
-3.70768e-03,-1.03,-0.99
-3.70760e-03,-1.01,-1.05
-3.70752e-03,-1.03,-0.99
-3.70744e-03,-1.01,-1.05
-3.70736e-03,-1.05,-0.99
-3.70728e-03,-1.03,-1.05
-3.70720e-03,-1.03,-0.99
-3.70712e-03,-1.03,-1.05
-3.70704e-03,-1.03,-0.99
-3.70696e-03,-1.01,-1.05
-3.70688e-03,-1.03,-0.99
-3.70680e-03,-1.01,-1.05
-3.70672e-03,-1.01,-0.99
-3.70664e-03,-1.03,-1.05
-3.70656e-03,-1.01,-0.99
-3.70648e-03,-1.03,-1.05
-3.70640e-03,-1.03,-0.99
-3.70632e-03,-1.01,-1.05
-3.70624e-03,-1.03,-0.99
-3.70616e-03,-1.01,-1.05
-3.70608e-03,-1.03,-0.99
-3.70600e-03,-1.01,-1.05
-3.70592e-03,-1.03,-0.99
-3.70584e-03,-1.01,-1.05
-3.70576e-03,-1.01,-0.99
-3.70568e-03,-1.03,-1.05
-3.70560e-03,-1.01,-0.99
-3.70552e-03,-1.01,-1.05
-3.70544e-03,-1.01,-0.99
-3.70536e-03,-1.01,-1.05
-3.70528e-03,-1.01,-0.99
-3.70520e-03,-1.03,-1.05
-3.70512e-03,-1.03,-0.99
-3.70504e-03,-1.01,-1.05
-3.70496e-03,-1.01,-0.99
-3.70488e-03,-0.99,-1.05
-3.70480e-03,-1.03,-0.99
-3.70472e-03,-1.01,-1.05
-3.70464e-03,-1.03,-0.99
-3.70456e-03,-1.03,-1.05
-3.70448e-03,-1.03,-0.99
-3.70440e-03,-1.03,-1.05
-3.70432e-03,-1.01,-0.99
-3.70424e-03,-1.03,-1.05
-3.70416e-03,-1.01,-0.99
-3.70408e-03,-1.03,-1.05
-3.70400e-03,-1.01,-0.99
-3.70392e-03,-1.03,-1.05
-3.70384e-03,-1.01,-0.99
-3.70376e-03,-1.03,-1.05
-3.70368e-03,-1.01,-0.99
-3.70360e-03,-1.01,-1.05
-3.70352e-03,-1.03,-0.99
-3.70344e-03,-1.01,-1.05
-3.70336e-03,-1.03,-0.99
-3.70328e-03,-1.01,-1.05
-3.70320e-03,-1.03,-0.99
-3.70312e-03,-1.03,-1.05
-3.70304e-03,-1.03,-0.99
-3.70296e-03,-1.03,-1.05
-3.70288e-03,-1.03,-0.99
-3.70280e-03,-1.03,-1.05
-3.70272e-03,-1.01,-0.99
-3.70264e-03,-1.03,-1.05
-3.70256e-03,-1.01,-0.99
-3.70248e-03,-1.01,-1.05
-3.70240e-03,-1.03,-0.99
-3.70232e-03,-0.99,-1.05
-3.70224e-03,-1.03,-1.01
-3.70216e-03,-1.01,-1.05
-3.70208e-03,-1.03,-0.99
-3.70200e-03,-1.03,-1.05
-3.70192e-03,-1.01,-0.99
-3.70184e-03,-1.03,-1.05
-3.70176e-03,-1.03,-0.99
-3.70168e-03,-1.03,-1.05
-3.70160e-03,-1.03,-0.99
-3.70152e-03,-1.05,-1.05
-3.70144e-03,-1.03,-0.99
-3.70136e-03,-1.03,-1.05
-3.70128e-03,-1.01,-0.99
-3.70120e-03,-1.03,-1.05
-3.70112e-03,-1.01,-0.99
-3.70104e-03,-1.03,-1.05
-3.70096e-03,-1.01,-0.99
-3.70088e-03,-1.01,-1.05
-3.70080e-03,-1.03,-0.99
-3.70072e-03,-1.03,-1.05
-3.70064e-03,-1.01,-0.99
-3.70056e-03,-1.03,-1.05
-3.70048e-03,-1.03,-0.99
-3.70040e-03,-1.01,-1.05
-3.70032e-03,-1.03,-1.01
-3.70024e-03,-1.03,-1.07
-3.70016e-03,-1.05,-0.99
-3.70008e-03,-1.05,-1.05
-3.70000e-03,-1.01,-0.99
-3.69992e-03,-1.03,-1.05
-3.69984e-03,-1.03,-1.01
-3.69976e-03,-1.01,-1.05
-3.69968e-03,-1.03,-0.99
-3.69960e-03,-1.01,-1.05
-3.69952e-03,-1.03,-0.99
-3.69944e-03,-1.01,-1.05
-3.69936e-03,-1.03,-0.99
-3.69928e-03,-1.01,-1.05
-3.69920e-03,-1.01,-1.01
-3.69912e-03,-1.01,-1.05
-3.69904e-03,-1.01,-0.99
-3.69896e-03,-1.03,-1.05
-3.69888e-03,-1.01,-1.01
-3.69880e-03,-1.03,-1.05
-3.69872e-03,-1.01,-0.99
-3.69864e-03,-1.03,-1.05
-3.69856e-03,-1.03,-1.01
-3.69848e-03,-1.03,-1.05
-3.69840e-03,-1.01,-1.01
-3.69832e-03,-1.01,-1.07
-3.69824e-03,-1.03,-1.01
-3.69816e-03,-1.01,-1.05
-3.69808e-03,-1.03,-0.99
-3.69800e-03,-1.03,-1.07
-3.69792e-03,-1.03,-0.99
-3.69784e-03,-1.01,-1.07
-3.69776e-03,-1.01,-0.99
-3.69768e-03,-1.03,-1.05
-3.69760e-03,-1.01,-0.99
-3.69752e-03,-1.03,-1.05
-3.69744e-03,-1.03,-1.01
-3.69736e-03,-1.01,-1.05
-3.69728e-03,-1.01,-0.99
-3.69720e-03,-1.05,-1.05
-3.69712e-03,-1.03,-0.99
-3.69704e-03,-1.01,-1.07
-3.69696e-03,-1.03,-0.99
-3.69688e-03,-0.99,-1.07
-3.69680e-03,-1.01,-0.99
-3.69672e-03,-1.01,-1.05
-3.69664e-03,-1.03,-0.99
-3.69656e-03,-1.01,-1.07
-3.69648e-03,-1.03,-0.99
-3.69640e-03,-1.01,-1.07
-3.69632e-03,-1.01,-0.99
-3.69624e-03,-1.01,-1.05
-3.69616e-03,-0.99,-0.99
-3.69608e-03,-1.03,-1.05
-3.69600e-03,-1.03,-0.99
-3.69592e-03,-1.03,-1.05
-3.69584e-03,-1.01,-0.99
-3.69576e-03,-1.03,-1.05
-3.69568e-03,-1.03,-0.99
-3.69560e-03,-1.01,-1.07
-3.69552e-03,-1.03,-0.99
-3.69544e-03,-1.01,-1.05
-3.69536e-03,-1.03,-0.99
-3.69528e-03,-1.03,-1.05
-3.69520e-03,-1.03,-0.99
-3.69512e-03,-1.03,-1.05
-3.69504e-03,-1.01,-0.99
-3.69496e-03,-1.01,-1.05
-3.69488e-03,-1.01,-1.01
-3.69480e-03,-1.05,-1.05
-3.69472e-03,-1.01,-1.01
-3.69464e-03,-1.03,-1.05
-3.69456e-03,-1.01,-0.99
-3.69448e-03,-1.01,-1.05
-3.69440e-03,-1.03,-0.99
-3.69432e-03,-1.03,-1.07
-3.69424e-03,-1.03,-1.01
-3.69416e-03,-1.01,-1.05
-3.69408e-03,-1.03,-0.99
-3.69400e-03,-1.03,-1.05
-3.69392e-03,-1.03,-1.01
-3.69384e-03,-1.03,-1.05
-3.69376e-03,-1.01,-1.01
-3.69368e-03,-1.03,-1.05
-3.69360e-03,-1.03,-1.01
-3.69352e-03,-1.03,-1.07
-3.69344e-03,-1.03,-0.99
-3.69336e-03,-1.03,-1.05
-3.69328e-03,-1.01,-1.01
-3.69320e-03,-1.03,-1.05
-3.69312e-03,-1.01,-1.01
-3.69304e-03,-1.03,-1.05
-3.69296e-03,-1.03,-0.99
-3.69288e-03,-1.01,-1.05
-3.69280e-03,-1.03,-0.99
-3.69272e-03,-1.03,-1.05
-3.69264e-03,-1.05,-0.99
-3.69256e-03,-1.01,-1.05
-3.69248e-03,-1.03,-1.01
-3.69240e-03,-1.01,-1.05
-3.69232e-03,-1.01,-0.99
-3.69224e-03,-1.03,-1.05
-3.69216e-03,-1.03,-1.01
-3.69208e-03,-1.03,-1.05
-3.69200e-03,-1.01,-0.99
-3.69192e-03,-1.03,-1.05
-3.69184e-03,-1.01,-1.01
-3.69176e-03,-1.01,-1.05
-3.69168e-03,-1.03,-1.01
-3.69160e-03,-1.01,-1.05
-3.69152e-03,-1.03,-0.99
-3.69144e-03,-1.01,-1.05
-3.69136e-03,-1.05,-0.99
-3.69128e-03,-1.03,-1.05
-3.69120e-03,-1.03,-0.99
-3.69112e-03,-1.03,-1.05
-3.69104e-03,-1.03,-1.01
-3.69096e-03,-1.05,-1.05
-3.69088e-03,-1.01,-0.99
-3.69080e-03,-1.01,-1.05
-3.69072e-03,-1.01,-1.01
-3.69064e-03,-1.03,-1.05
-3.69056e-03,-1.03,-1.01
-3.69048e-03,-1.01,-1.05
-3.69040e-03,-1.03,-1.01
-3.69032e-03,-1.01,-1.05
-3.69024e-03,-1.03,-1.01
-3.69016e-03,-1.03,-1.07
-3.69008e-03,-1.01,-0.99
-3.69000e-03,-1.03,-1.05
-3.68992e-03,-1.05,-0.99
-3.68984e-03,-1.01,-1.05
-3.68976e-03,-1.01,-0.99
-3.68968e-03,-1.03,-1.05
-3.68960e-03,-1.01,-0.99
-3.68952e-03,-1.05,-1.05
-3.68944e-03,-1.01,-1.01
-3.68936e-03,-1.03,-1.05
-3.68928e-03,-1.03,-0.99
-3.68920e-03,-1.01,-1.05
-3.68912e-03,-1.03,-1.01
-3.68904e-03,-1.03,-1.05
-3.68896e-03,-1.03,-1.01
-3.68888e-03,-1.03,-1.05
-3.68880e-03,-1.03,-0.99
-3.68872e-03,-1.01,-1.07
-3.68864e-03,-1.01,-0.99
-3.68856e-03,-1.01,-1.07
-3.68848e-03,-1.03,-0.99
-3.68840e-03,-1.03,-1.05
-3.68832e-03,-1.01,-0.99
-3.68824e-03,-1.05,-1.05
-3.68816e-03,-1.01,-0.99
-3.68808e-03,-1.05,-1.05
-3.68800e-03,-0.99,-1.01
-3.68792e-03,-1.03,-1.05
-3.68784e-03,-1.03,-0.99
-3.68776e-03,-1.03,-1.05
-3.68768e-03,-1.01,-0.99
-3.68760e-03,-1.03,-1.05
-3.68752e-03,-1.01,-0.99
-3.68744e-03,-1.01,-1.05
-3.68736e-03,-1.03,-0.99
-3.68728e-03,-1.01,-1.05
-3.68720e-03,-1.01,-1.01
-3.68712e-03,-1.03,-1.05
-3.68704e-03,-1.01,-1.01
-3.68696e-03,-1.03,-1.05
-3.68688e-03,-1.01,-0.99
-3.68680e-03,-1.03,-1.05
-3.68672e-03,-1.01,-0.99
-3.68664e-03,-1.03,-1.05
-3.68656e-03,-1.01,-1.01
-3.68648e-03,-1.03,-1.05
-3.68640e-03,-1.01,-0.99
-3.68632e-03,-1.01,-1.05
-3.68624e-03,-1.03,-0.99
-3.68616e-03,-1.01,-1.05
-3.68608e-03,-1.01,-1.01
-3.68600e-03,-1.01,-1.05
-3.68592e-03,-1.03,-0.99
-3.68584e-03,-1.01,-1.05
-3.68576e-03,-1.01,-0.99
-3.68568e-03,-1.03,-1.05
-3.68560e-03,-1.01,-0.99
-3.68552e-03,-1.03,-1.05
-3.68544e-03,-1.01,-0.99
-3.68536e-03,-1.03,-1.05
-3.68528e-03,-1.03,-0.99
-3.68520e-03,-1.01,-1.05
-3.68512e-03,-1.01,-0.99
-3.68504e-03,-1.01,-1.05
-3.68496e-03,-1.01,-0.99
-3.68488e-03,-1.01,-1.05
-3.68480e-03,-1.05,-0.99
-3.68472e-03,-1.01,-1.05
-3.68464e-03,-1.01,-0.99
-3.68456e-03,-1.01,-1.05
-3.68448e-03,-1.01,-0.99
-3.68440e-03,-1.03,-1.05
-3.68432e-03,-1.01,-0.99
-3.68424e-03,-1.01,-1.05
-3.68416e-03,-1.01,-0.99
-3.68408e-03,-1.03,-1.05
-3.68400e-03,-1.01,-0.99
-3.68392e-03,-1.01,-1.05
-3.68384e-03,-1.01,-1.01
-3.68376e-03,-1.03,-1.05
-3.68368e-03,-1.03,-0.99
-3.68360e-03,-1.01,-1.05
-3.68352e-03,-1.03,-0.99
-3.68344e-03,-1.01,-1.05
-3.68336e-03,-1.03,-0.99
-3.68328e-03,-1.01,-1.05
-3.68320e-03,-1.03,-0.99
-3.68312e-03,-1.01,-1.05
-3.68304e-03,-1.01,-0.99
-3.68296e-03,-1.01,-1.05
-3.68288e-03,-1.01,-0.99
-3.68280e-03,-1.01,-1.05
-3.68272e-03,-1.01,-0.99
-3.68264e-03,-1.03,-1.07
-3.68256e-03,-1.01,-0.99
-3.68248e-03,-1.03,-1.05
-3.68240e-03,-1.03,-0.99
-3.68232e-03,-1.01,-1.05
-3.68224e-03,-1.03,-0.99
-3.68216e-03,-1.01,-1.05
-3.68208e-03,-1.03,-0.99
-3.68200e-03,-0.99,-1.05
-3.68192e-03,-1.01,-0.99
-3.68184e-03,-1.01,-1.05
-3.68176e-03,-1.03,-0.99
-3.68168e-03,-1.03,-1.05
-3.68160e-03,-1.03,-0.99
-3.68152e-03,-1.03,-1.05
-3.68144e-03,-0.99,-0.99
-3.68136e-03,-1.03,-1.03
-3.68128e-03,-1.01,-0.99
-3.68120e-03,-1.01,-1.05
-3.68112e-03,-1.03,-0.99
-3.68104e-03,-1.03,-1.05
-3.68096e-03,-1.01,-0.99
-3.68088e-03,-1.01,-1.03
-3.68080e-03,-1.03,-0.99
-3.68072e-03,-1.01,-1.05
-3.68064e-03,-1.01,-0.99
-3.68056e-03,-1.01,-1.05
-3.68048e-03,-1.01,-0.99
-3.68040e-03,-0.99,-1.05
-3.68032e-03,-1.01,-0.99
-3.68024e-03,-1.01,-1.07
-3.68016e-03,-1.03,-0.99
-3.68008e-03,-1.03,-1.05
-3.68000e-03,-1.03,-0.99
-3.67992e-03,-1.03,-1.05
-3.67984e-03,-1.03,-0.99
-3.67976e-03,-1.01,-1.05
-3.67968e-03,-1.03,-0.99
-3.67960e-03,-1.01,-1.05
-3.67952e-03,-1.01,-0.99
-3.67944e-03,-1.01,-1.05
-3.67936e-03,-1.01,-0.99
-3.67928e-03,-1.01,-1.05
-3.67920e-03,-1.03,-0.99
-3.67912e-03,-1.01,-1.05
-3.67904e-03,-1.01,-0.99
-3.67896e-03,-1.01,-1.05
-3.67888e-03,-1.01,-0.99
-3.67880e-03,-1.03,-1.05
-3.67872e-03,-1.03,-0.99
-3.67864e-03,-1.03,-1.05
-3.67856e-03,-1.01,-0.99
-3.67848e-03,-1.01,-1.05
-3.67840e-03,-0.75,-0.99
-3.67832e-03,-0.91,-1.09
-3.67824e-03,-0.95,-0.75
-3.67816e-03,-0.97,-0.99
-3.67808e-03,-0.93,-0.69
-3.67800e-03,-0.95,-0.99
-3.67792e-03,-0.93,-0.93
-3.67784e-03,-0.95,-0.99
-3.67776e-03,-0.99,-0.91
-3.67768e-03,-0.99,-1.01
-3.67760e-03,-1.03,-0.93
-3.67752e-03,-1.03,-1.03
-3.67744e-03,-1.03,-0.97
-3.67736e-03,-1.05,-1.05
-3.67728e-03,-1.05,-1.01
-3.67720e-03,-1.03,-1.07
-3.67712e-03,-1.05,-1.03
-3.67704e-03,-1.03,-1.07
-3.67696e-03,-1.01,-1.01
-3.67688e-03,-1.01,-1.05
-3.67680e-03,-1.01,-1.01
-3.67672e-03,-1.01,-1.05
-3.67664e-03,-1.01,-0.99
-3.67656e-03,-1.01,-1.03
-3.67648e-03,-0.99,-0.99
-3.67640e-03,-0.99,-1.03
-3.67632e-03,-1.01,-0.99
-3.67624e-03,-1.03,-1.03
-3.67616e-03,-1.03,-0.99
-3.67608e-03,-0.99,-1.05
-3.67600e-03,-1.01,-0.99
-3.67592e-03,-1.01,-1.05
-3.67584e-03,-1.03,-0.99
-3.67576e-03,-1.01,-1.05
-3.67568e-03,-1.01,-0.99
-3.67560e-03,-1.01,-1.03
-3.67552e-03,-1.01,-0.99
-3.67544e-03,-0.99,-1.03
-3.67536e-03,-1.01,-0.99
-3.67528e-03,-0.99,-1.03
-3.67520e-03,-0.99,-0.97
-3.67512e-03,-1.01,-1.03
-3.67504e-03,-1.01,-0.99
-3.67496e-03,-0.99,-1.03
-3.67488e-03,-1.01,-0.99
-3.67480e-03,-0.99,-1.03
-3.67472e-03,-1.01,-0.97
-3.67464e-03,-1.01,-1.03
-3.67456e-03,-0.99,-0.99
-3.67448e-03,-1.01,-1.03
-3.67440e-03,-0.99,-0.99
-3.67432e-03,-0.99,-1.03
-3.67424e-03,-1.01,-0.99
-3.67416e-03,-1.01,-1.03
-3.67408e-03,-1.01,-0.99
-3.67400e-03,-1.01,-1.05
-3.67392e-03,-0.99,-0.99
-3.67384e-03,-1.01,-1.03
-3.67376e-03,-1.01,-0.99
-3.67368e-03,-0.99,-1.03
-3.67360e-03,-0.99,-0.99
-3.67352e-03,-1.01,-1.03
-3.67344e-03,-0.99,-0.97
-3.67336e-03,-1.01,-1.05
-3.67328e-03,-1.01,-0.99
-3.67320e-03,-1.01,-1.03
-3.67312e-03,-1.01,-0.97
-3.67304e-03,-1.01,-1.03
-3.67296e-03,-1.03,-0.97
-3.67288e-03,-0.99,-1.05
-3.67280e-03,-1.01,-0.99
-3.67272e-03,-1.01,-1.03
-3.67264e-03,-0.99,-0.99
-3.67256e-03,-1.01,-1.03
-3.67248e-03,-1.01,-0.97
-3.67240e-03,-0.99,-1.03
-3.67232e-03,-1.03,-0.99
-3.67224e-03,-1.01,-1.03
-3.67216e-03,-1.01,-0.99
-3.67208e-03,-0.99,-1.03
-3.67200e-03,-1.01,-0.99
-3.67192e-03,-0.99,-1.05
-3.67184e-03,-1.01,-0.97
-3.67176e-03,-1.01,-1.03
-3.67168e-03,-0.99,-0.99
-3.67160e-03,-1.19,-1.03
-3.67152e-03,-1.05,-0.97
-3.67144e-03,-1.05,-1.37
-3.67136e-03,-1.07,-0.93
-3.67128e-03,-1.05,-1.09
-3.67120e-03,-1.09,-1.03
-3.67112e-03,-1.05,-1.11
-3.67104e-03,-1.07,-1.03
-3.67096e-03,-1.03,-1.11
-3.67088e-03,-1.01,-1.05
-3.67080e-03,-1.01,-1.07
-3.67072e-03,-0.99,-1.01
-3.67064e-03,-0.99,-1.03
-3.67056e-03,-0.97,-0.99
-3.67048e-03,-0.99,-1.01
-3.67040e-03,-0.99,-0.97
-3.67032e-03,-0.99,-1.03
-3.67024e-03,-1.01,-0.97
-3.67016e-03,-1.01,-1.03
-3.67008e-03,-1.03,-0.97
-3.67000e-03,-1.01,-1.03
-3.66992e-03,-1.01,-0.99
-3.66984e-03,-0.99,-1.03
-3.66976e-03,-1.01,-0.99
-3.66968e-03,-1.01,-1.05
-3.66960e-03,-1.01,-0.99
-3.66952e-03,-1.03,-1.05
-3.66944e-03,-0.99,-0.99
-3.66936e-03,-0.99,-1.03
-3.66928e-03,-1.01,-0.99
-3.66920e-03,-1.01,-1.05
-3.66912e-03,-0.99,-0.97
-3.66904e-03,-1.01,-1.03
-3.66896e-03,-1.01,-0.99
-3.66888e-03,-0.99,-1.03
-3.66880e-03,-1.01,-0.99
-3.66872e-03,-0.99,-1.03
-3.66864e-03,-1.01,-0.97
-3.66856e-03,-1.01,-1.05
-3.66848e-03,-1.01,-0.99
-3.66840e-03,-1.03,-1.05
-3.66832e-03,-0.99,-0.99
-3.66824e-03,-1.03,-1.05
-3.66816e-03,-0.99,-0.99
-3.66808e-03,-1.01,-1.03
-3.66800e-03,-0.99,-0.97
-3.66792e-03,-1.01,-1.05
-3.66784e-03,-0.99,-0.99
-3.66776e-03,-1.01,-1.05
-3.66768e-03,-1.01,-0.99
-3.66760e-03,-1.01,-1.05
-3.66752e-03,-1.03,-0.99
-3.66744e-03,-1.01,-1.05
-3.66736e-03,-1.03,-0.99
-3.66728e-03,-1.01,-1.05
-3.66720e-03,-1.03,-0.99
-3.66712e-03,-1.03,-1.05
-3.66704e-03,-1.03,-0.99
-3.66696e-03,-1.01,-1.05
-3.66688e-03,-0.99,-0.99
-3.66680e-03,-0.99,-1.05
-3.66672e-03,-0.99,-0.99
-3.66664e-03,-0.99,-1.05
-3.66656e-03,-1.01,-0.97
-3.66648e-03,-0.99,-1.03
-3.66640e-03,-0.99,-0.97
-3.66632e-03,-0.99,-1.05
-3.66624e-03,-1.01,-0.97
-3.66616e-03,-1.01,-1.05
-3.66608e-03,-1.03,-0.97
-3.66600e-03,-1.01,-1.05
-3.66592e-03,-1.03,-0.99
-3.66584e-03,-1.03,-1.05
-3.66576e-03,-1.01,-1.01
-3.66568e-03,-1.03,-1.05
-3.66560e-03,-1.03,-1.01
-3.66552e-03,-1.03,-1.05
-3.66544e-03,-1.01,-0.99
-3.66536e-03,-1.03,-1.05
-3.66528e-03,-1.03,-0.99
-3.66520e-03,-1.01,-1.05
-3.66512e-03,-1.01,-0.99
-3.66504e-03,-1.01,-1.05
-3.66496e-03,-1.03,-0.99
-3.66488e-03,-1.01,-1.05
-3.66480e-03,-1.03,-0.99
-3.66472e-03,-0.99,-1.05
-3.66464e-03,-1.03,-0.99
-3.66456e-03,-1.03,-1.05
-3.66448e-03,-1.03,-0.99
-3.66440e-03,-1.05,-1.05
-3.66432e-03,-1.01,-0.99
-3.66424e-03,-1.03,-1.05
-3.66416e-03,-1.01,-0.99
-3.66408e-03,-1.05,-1.05
-3.66400e-03,-1.01,-0.99
-3.66392e-03,-1.03,-1.07
-3.66384e-03,-1.01,-0.99
-3.66376e-03,-1.01,-1.05
-3.66368e-03,-1.01,-1.01
-3.66360e-03,-0.99,-1.05
-3.66352e-03,-1.01,-0.99
-3.66344e-03,-1.03,-1.05
-3.66336e-03,-1.03,-0.99
-3.66328e-03,-1.03,-1.07
-3.66320e-03,-1.01,-0.99
-3.66312e-03,-1.03,-1.07
-3.66304e-03,-1.01,-0.99
-3.66296e-03,-1.01,-1.05
-3.66288e-03,-1.01,-0.99
-3.66280e-03,-1.01,-1.05
-3.66272e-03,-1.03,-0.99
-3.66264e-03,-1.03,-1.05
-3.66256e-03,-1.03,-0.99
-3.66248e-03,-1.03,-1.05
-3.66240e-03,-1.03,-1.01
-3.66232e-03,-1.01,-1.05
-3.66224e-03,-1.05,-0.99
-3.66216e-03,-1.01,-1.05
-3.66208e-03,-1.03,-0.99
-3.66200e-03,-1.01,-1.07
-3.66192e-03,-1.03,-0.99
-3.66184e-03,-1.03,-1.05
-3.66176e-03,-1.03,-0.99
-3.66168e-03,-1.03,-1.05
-3.66160e-03,-1.01,-1.01
-3.66152e-03,-1.01,-1.05
-3.66144e-03,-1.03,-1.01
-3.66136e-03,-1.03,-1.05
-3.66128e-03,-1.01,-1.01
-3.66120e-03,-1.01,-1.05
-3.66112e-03,-1.05,-0.99
-3.66104e-03,-1.03,-1.07
-3.66096e-03,-1.03,-0.99
-3.66088e-03,-0.99,-1.05
-3.66080e-03,-1.03,-1.01
-3.66072e-03,-1.03,-1.05
-3.66064e-03,-1.03,-0.99
-3.66056e-03,-1.03,-1.05
-3.66048e-03,-1.03,-1.01
-3.66040e-03,-1.03,-1.05
-3.66032e-03,-1.03,-0.99
-3.66024e-03,-1.03,-1.05
-3.66016e-03,-1.03,-1.01
-3.66008e-03,-1.03,-1.05
-3.66000e-03,-1.03,-0.99
-3.65992e-03,-1.03,-1.07
-3.65984e-03,-1.03,-0.99
-3.65976e-03,-1.03,-1.05
-3.65968e-03,-1.03,-1.01
-3.65960e-03,-1.01,-1.05
-3.65952e-03,-1.03,-0.99
-3.65944e-03,-1.03,-1.05
-3.65936e-03,-1.03,-1.01
-3.65928e-03,-1.01,-1.05
-3.65920e-03,-1.03,-1.01
-3.65912e-03,-1.03,-1.05
-3.65904e-03,-1.03,-1.01
-3.65896e-03,-1.03,-1.05
-3.65888e-03,-1.01,-1.01
-3.65880e-03,-1.03,-1.05
-3.65872e-03,-1.01,-1.01
-3.65864e-03,-1.03,-1.05
-3.65856e-03,-1.03,-0.99
-3.65848e-03,-1.03,-1.05
-3.65840e-03,-1.03,-1.01
-3.65832e-03,-1.01,-1.07
-3.65824e-03,-1.05,-0.99
-3.65816e-03,-1.01,-1.07
-3.65808e-03,-1.03,-1.01
-3.65800e-03,-1.01,-1.05
-3.65792e-03,-1.03,-1.01
-3.65784e-03,-1.03,-1.05
-3.65776e-03,-1.03,-1.01
-3.65768e-03,-1.03,-1.05
-3.65760e-03,-1.01,-0.99
-3.65752e-03,-1.03,-1.05
-3.65744e-03,-1.01,-0.99
-3.65736e-03,-1.03,-1.07
-3.65728e-03,-1.01,-1.01
-3.65720e-03,-1.03,-1.05
-3.65712e-03,-1.03,-0.99
-3.65704e-03,-1.03,-1.05
-3.65696e-03,-1.03,-1.01
-3.65688e-03,-1.01,-1.05
-3.65680e-03,-1.03,-1.01
-3.65672e-03,-1.01,-1.07
-3.65664e-03,-1.03,-1.01
-3.65656e-03,-1.03,-1.07
-3.65648e-03,-1.05,-0.99
-3.65640e-03,-1.03,-1.07
-3.65632e-03,-1.01,-0.99
-3.65624e-03,-1.03,-1.05
-3.65616e-03,-1.01,-0.99
-3.65608e-03,-1.03,-1.07
-3.65600e-03,-1.01,-0.99
-3.65592e-03,-1.03,-1.05
-3.65584e-03,-1.01,-0.99
-3.65576e-03,-1.01,-1.05
-3.65568e-03,-1.03,-1.01
-3.65560e-03,-0.99,-1.05
-3.65552e-03,-1.03,-0.99
-3.65544e-03,-1.03,-1.05
-3.65536e-03,-1.03,-0.99
-3.65528e-03,-1.01,-1.07
-3.65520e-03,-1.01,-0.99
-3.65512e-03,-1.03,-1.07
-3.65504e-03,-1.01,-0.99
-3.65496e-03,-1.01,-1.07
-3.65488e-03,-1.01,-0.99
-3.65480e-03,-1.03,-1.05
-3.65472e-03,-1.01,-0.99
-3.65464e-03,-1.03,-1.05
-3.65456e-03,-1.01,-0.99
-3.65448e-03,-1.01,-1.05
-3.65440e-03,-1.03,-0.99
-3.65432e-03,-1.01,-1.07
-3.65424e-03,-1.03,-0.99
-3.65416e-03,-1.01,-1.05
-3.65408e-03,-1.05,-0.99
-3.65400e-03,-1.01,-1.07
-3.65392e-03,-1.03,-1.01
-3.65384e-03,-1.03,-1.05
-3.65376e-03,-1.03,-1.01
-3.65368e-03,-1.03,-1.07
-3.65360e-03,-1.03,-0.99
-3.65352e-03,-1.03,-1.05
-3.65344e-03,-1.03,-1.01
-3.65336e-03,-1.05,-1.05
-3.65328e-03,-1.01,-1.01
-3.65320e-03,-1.01,-1.07
-3.65312e-03,-1.03,-1.01
-3.65304e-03,-1.03,-1.07
-3.65296e-03,-1.03,-1.01
-3.65288e-03,-1.01,-1.05
-3.65280e-03,-1.03,-1.01
-3.65272e-03,-1.01,-1.05
-3.65264e-03,-1.03,-1.01
-3.65256e-03,-1.03,-1.05
-3.65248e-03,-1.03,-0.99
-3.65240e-03,-1.05,-1.05
-3.65232e-03,-1.03,-1.01
-3.65224e-03,-1.03,-1.07
-3.65216e-03,-1.01,-1.01
-3.65208e-03,-1.03,-1.07
-3.65200e-03,-1.01,-1.01
-3.65192e-03,-1.03,-1.07
-3.65184e-03,-1.03,-1.01
-3.65176e-03,-1.03,-1.07
-3.65168e-03,-1.03,-1.01
-3.65160e-03,-1.01,-1.05
-3.65152e-03,-1.05,-0.99
-3.65144e-03,-1.01,-1.05
-3.65136e-03,-1.03,-1.01
-3.65128e-03,-1.03,-1.05
-3.65120e-03,-1.03,-1.01
-3.65112e-03,-1.01,-1.05
-3.65104e-03,-1.03,-1.01
-3.65096e-03,-1.05,-1.05
-3.65088e-03,-1.03,-1.01
-3.65080e-03,-1.05,-1.07
-3.65072e-03,-1.03,-0.99
-3.65064e-03,-1.03,-1.07
-3.65056e-03,-1.05,-1.01
-3.65048e-03,-1.05,-1.05
-3.65040e-03,-1.01,-1.01
-3.65032e-03,-1.03,-1.05
-3.65024e-03,-1.03,-1.01
-3.65016e-03,-1.01,-1.05
-3.65008e-03,-1.03,-1.01
-3.65000e-03,-1.03,-1.05
-3.64992e-03,-1.03,-1.01
-3.64984e-03,-1.03,-1.07
-3.64976e-03,-1.03,-1.01
-3.64968e-03,-1.03,-1.07
-3.64960e-03,-1.03,-1.01
-3.64952e-03,-1.05,-1.07
-3.64944e-03,-1.03,-1.01
-3.64936e-03,-1.03,-1.07
-3.64928e-03,-1.05,-1.01
-3.64920e-03,-1.03,-1.05
-3.64912e-03,-1.03,-1.01
-3.64904e-03,-1.03,-1.05
-3.64896e-03,-1.05,-1.01
-3.64888e-03,-1.01,-1.07
-3.64880e-03,-1.03,-1.01
-3.64872e-03,-1.03,-1.07
-3.64864e-03,-1.03,-1.01
-3.64856e-03,-1.01,-1.05
-3.64848e-03,-1.03,-1.01
-3.64840e-03,-1.03,-1.05
-3.64832e-03,-1.01,-1.01
-3.64824e-03,-1.03,-1.07
-3.64816e-03,-1.01,-1.01
-3.64808e-03,-1.05,-1.07
-3.64800e-03,-1.01,-1.01
-3.64792e-03,-1.01,-1.05
-3.64784e-03,-1.03,-1.01
-3.64776e-03,-1.03,-1.05
-3.64768e-03,-1.03,-1.01
-3.64760e-03,-1.03,-1.07
-3.64752e-03,-1.03,-1.01
-3.64744e-03,-1.01,-1.05
-3.64736e-03,-1.03,-0.99
-3.64728e-03,-1.01,-1.07
-3.64720e-03,-1.03,-1.01
-3.64712e-03,-1.05,-1.07
-3.64704e-03,-1.03,-1.01
-3.64696e-03,-1.05,-1.07
-3.64688e-03,-1.01,-0.99
-3.64680e-03,-1.03,-1.07
-3.64672e-03,-1.03,-1.01
-3.64664e-03,-1.03,-1.07
-3.64656e-03,-1.03,-0.99
-3.64648e-03,-1.03,-1.07
-3.64640e-03,-1.03,-0.99
-3.64632e-03,-1.03,-1.07
-3.64624e-03,-1.03,-1.01
-3.64616e-03,-1.03,-1.07
-3.64608e-03,-1.05,-1.01
-3.64600e-03,-1.03,-1.05
-3.64592e-03,-1.05,-1.01
-3.64584e-03,-1.03,-1.07
-3.64576e-03,-1.03,-1.01
-3.64568e-03,-1.03,-1.07
-3.64560e-03,-1.01,-0.99
-3.64552e-03,-1.05,-1.07
-3.64544e-03,-1.03,-1.01
-3.64536e-03,-1.03,-1.07
-3.64528e-03,-1.01,-1.01
-3.64520e-03,-1.03,-1.05
-3.64512e-03,-1.03,-1.01
-3.64504e-03,-1.03,-1.07
-3.64496e-03,-1.03,-1.01
-3.64488e-03,-1.03,-1.07
-3.64480e-03,-1.05,-1.01
-3.64472e-03,-1.03,-1.07
-3.64464e-03,-1.03,-1.01
-3.64456e-03,-1.01,-1.07
-3.64448e-03,-1.03,-1.01
-3.64440e-03,-1.03,-1.07
-3.64432e-03,-1.01,-1.01
-3.64424e-03,-1.05,-1.07
-3.64416e-03,-1.01,-1.01
-3.64408e-03,-1.03,-1.07
-3.64400e-03,-1.03,-1.01
-3.64392e-03,-1.03,-1.07
-3.64384e-03,-1.03,-1.01
-3.64376e-03,-1.03,-1.05
-3.64368e-03,-1.03,-1.01
-3.64360e-03,-1.01,-1.07
-3.64352e-03,-1.05,-1.01
-3.64344e-03,-1.03,-1.05
-3.64336e-03,-1.05,-0.99
-3.64328e-03,-1.03,-1.05
-3.64320e-03,-1.03,-1.01
-3.64312e-03,-1.05,-1.07
-3.64304e-03,-1.01,-0.99
-3.64296e-03,-1.03,-1.07
-3.64288e-03,-1.03,-1.01
-3.64280e-03,-1.03,-1.05
-3.64272e-03,-1.03,-1.01
-3.64264e-03,-1.01,-1.07
-3.64256e-03,-1.01,-1.01
-3.64248e-03,-1.03,-1.05
-3.64240e-03,-1.03,-1.01
-3.64232e-03,-1.03,-1.05
-3.64224e-03,-1.05,-0.99
-3.64216e-03,-1.01,-1.07
-3.64208e-03,-1.05,-0.99
-3.64200e-03,-1.03,-1.05
-3.64192e-03,-1.03,-1.01
-3.64184e-03,-1.03,-1.05
-3.64176e-03,-1.01,-1.01
-3.64168e-03,-1.03,-1.05
-3.64160e-03,-1.01,-1.01
-3.64152e-03,-1.05,-1.05
-3.64144e-03,-1.03,-1.01
-3.64136e-03,-1.03,-1.07
-3.64128e-03,-1.01,-1.01
-3.64120e-03,-1.03,-1.05
-3.64112e-03,-1.03,-1.01
-3.64104e-03,-1.03,-1.05
-3.64096e-03,-1.03,-1.01
-3.64088e-03,-1.03,-1.05
-3.64080e-03,-1.05,-1.01
-3.64072e-03,-1.03,-1.07
-3.64064e-03,-1.01,-1.01
-3.64056e-03,-1.03,-1.07
-3.64048e-03,-1.03,-1.01
-3.64040e-03,-1.03,-1.07
-3.64032e-03,-1.03,-1.01
-3.64024e-03,-1.03,-1.05
-3.64016e-03,-1.01,-0.99
-3.64008e-03,-1.01,-1.07
-3.64000e-03,-1.03,-1.01
-3.63992e-03,-1.05,-1.07
-3.63984e-03,-1.01,-0.99
-3.63976e-03,-1.03,-1.05
-3.63968e-03,-1.01,-1.01
-3.63960e-03,-1.03,-1.05
-3.63952e-03,-1.05,-0.99
-3.63944e-03,-1.01,-1.05
-3.63936e-03,-1.03,-1.01
-3.63928e-03,-1.03,-1.05
-3.63920e-03,-1.03,-1.01
-3.63912e-03,-1.03,-1.05
-3.63904e-03,-1.01,-1.01
-3.63896e-03,-1.03,-1.05
-3.63888e-03,-1.01,-0.99
-3.63880e-03,-1.05,-1.05
-3.63872e-03,-1.03,-1.01
-3.63864e-03,-1.03,-1.07
-3.63856e-03,-1.01,-0.99
-3.63848e-03,-1.03,-1.07
-3.63840e-03,-1.01,-0.99
-3.63832e-03,-1.01,-1.07
-3.63824e-03,-1.03,-0.99
-3.63816e-03,-1.01,-1.07
-3.63808e-03,-1.03,-0.99
-3.63800e-03,-1.01,-1.05
-3.63792e-03,-1.03,-0.99
-3.63784e-03,-1.03,-1.05
-3.63776e-03,-1.05,-1.01
-3.63768e-03,-1.03,-1.07
-3.63760e-03,-1.03,-1.01
-3.63752e-03,-1.03,-1.07
-3.63744e-03,-1.03,-0.99
-3.63736e-03,-1.01,-1.07
-3.63728e-03,-1.03,-0.99
-3.63720e-03,-1.05,-1.05
-3.63712e-03,-1.01,-0.99
-3.63704e-03,-1.01,-1.05
-3.63696e-03,-1.05,-0.99
-3.63688e-03,-1.01,-1.05
-3.63680e-03,-1.05,-0.99
-3.63672e-03,-1.03,-1.07
-3.63664e-03,-1.01,-0.99
-3.63656e-03,-1.03,-1.05
-3.63648e-03,-1.01,-1.01
-3.63640e-03,-1.03,-1.05
-3.63632e-03,-1.03,-1.01
-3.63624e-03,-1.03,-1.05
-3.63616e-03,-1.03,-1.01
-3.63608e-03,-1.03,-1.05
-3.63600e-03,-1.01,-0.99
-3.63592e-03,-1.03,-1.05
-3.63584e-03,-1.01,-1.01
-3.63576e-03,-0.99,-1.05
-3.63568e-03,-1.03,-1.01
-3.63560e-03,-0.99,-1.05
-3.63552e-03,-1.03,-0.99
-3.63544e-03,-1.01,-1.05
-3.63536e-03,-1.01,-0.99
-3.63528e-03,-1.03,-1.05
-3.63520e-03,-1.01,-0.99
-3.63512e-03,-1.03,-1.05
-3.63504e-03,-1.01,-0.99
-3.63496e-03,-1.03,-1.05
-3.63488e-03,-1.01,-0.99
-3.63480e-03,-1.03,-1.05
-3.63472e-03,-1.01,-0.99
-3.63464e-03,-1.03,-1.05
-3.63456e-03,-1.03,-0.99
-3.63448e-03,-1.03,-1.05
-3.63440e-03,-1.03,-0.99
-3.63432e-03,-1.01,-1.05
-3.63424e-03,-1.03,-1.01
-3.63416e-03,-1.01,-1.05
-3.63408e-03,-1.03,-0.99
-3.63400e-03,-1.01,-1.05
-3.63392e-03,-1.01,-0.99
-3.63384e-03,-1.01,-1.05
-3.63376e-03,-1.03,-0.99
-3.63368e-03,-1.01,-1.05
-3.63360e-03,-1.01,-0.99
-3.63352e-03,-1.01,-1.05
-3.63344e-03,-1.03,-0.99
-3.63336e-03,-1.03,-1.05
-3.63328e-03,-0.99,-0.99
-3.63320e-03,-1.03,-1.05
-3.63312e-03,-1.03,-0.99
-3.63304e-03,-1.03,-1.05
-3.63296e-03,-1.03,-0.99
-3.63288e-03,-1.01,-1.05
-3.63280e-03,-1.03,-0.99
-3.63272e-03,-1.01,-1.05
-3.63264e-03,-1.03,-0.99
-3.63256e-03,-1.01,-1.05
-3.63248e-03,-1.03,-0.99
-3.63240e-03,-1.03,-1.05
-3.63232e-03,-1.01,-0.99
-3.63224e-03,-1.03,-1.05
-3.63216e-03,-1.01,-0.99
-3.63208e-03,-1.03,-1.05
-3.63200e-03,-1.01,-0.99
-3.63192e-03,-1.05,-1.05
-3.63184e-03,-1.01,-0.99
-3.63176e-03,-1.01,-1.05
-3.63168e-03,-1.03,-0.99
-3.63160e-03,-1.03,-1.05
-3.63152e-03,-1.03,-0.99
-3.63144e-03,-1.01,-1.05
-3.63136e-03,-1.01,-0.99
-3.63128e-03,-1.01,-1.05
-3.63120e-03,-1.01,-0.99
-3.63112e-03,-1.01,-1.05
-3.63104e-03,-1.03,-0.99
-3.63096e-03,-1.03,-1.05
-3.63088e-03,-1.01,-0.99
-3.63080e-03,-1.01,-1.05
-3.63072e-03,-1.01,-0.99
-3.63064e-03,-1.01,-1.05
-3.63056e-03,-1.03,-0.99
-3.63048e-03,-1.01,-1.05
-3.63040e-03,-1.05,-0.99
-3.63032e-03,-1.01,-1.07
-3.63024e-03,-1.03,-0.99
-3.63016e-03,-1.01,-1.07
-3.63008e-03,-1.03,-0.97
-3.63000e-03,-1.01,-1.07
-3.62992e-03,-1.03,-0.99
-3.62984e-03,-0.99,-1.07
-3.62976e-03,-1.03,-0.99
-3.62968e-03,-1.01,-1.05
-3.62960e-03,-1.01,-0.99
-3.62952e-03,-1.03,-1.05
-3.62944e-03,-1.01,-0.99
-3.62936e-03,-1.03,-1.05
-3.62928e-03,-1.01,-0.99
-3.62920e-03,-1.01,-1.05
-3.62912e-03,-1.03,-0.99
-3.62904e-03,-1.01,-1.07
-3.62896e-03,-1.01,-0.99
-3.62888e-03,-1.01,-1.05
-3.62880e-03,-1.03,-0.99
-3.62872e-03,-1.01,-1.05
-3.62864e-03,-1.01,-0.99
-3.62856e-03,-1.03,-1.05
-3.62848e-03,-1.03,-0.99
-3.62840e-03,-1.03,-1.05
-3.62832e-03,-0.79,-0.99
-3.62824e-03,-0.93,-1.09
-3.62816e-03,-0.97,-0.73
-3.62808e-03,-0.95,-1.01
-3.62800e-03,-0.97,-0.71
-3.62792e-03,-0.93,-1.01
-3.62784e-03,-0.97,-0.93
-3.62776e-03,-0.95,-0.99
-3.62768e-03,-0.99,-0.91
-3.62760e-03,-1.01,-1.01
-3.62752e-03,-1.01,-0.93
-3.62744e-03,-1.03,-1.03
-3.62736e-03,-1.05,-0.97
-3.62728e-03,-1.05,-1.07
-3.62720e-03,-1.03,-0.99
-3.62712e-03,-1.03,-1.07
-3.62704e-03,-1.05,-1.03
-3.62696e-03,-1.03,-1.07
-3.62688e-03,-1.03,-1.01
-3.62680e-03,-1.01,-1.05
-3.62672e-03,-1.03,-1.01
-3.62664e-03,-1.03,-1.05
-3.62656e-03,-1.01,-0.99
-3.62648e-03,-1.03,-1.05
-3.62640e-03,-1.01,-0.99
-3.62632e-03,-1.03,-1.05
-3.62624e-03,-1.03,-0.99
-3.62616e-03,-1.03,-1.05
-3.62608e-03,-1.03,-0.99
-3.62600e-03,-1.03,-1.05
-3.62592e-03,-1.01,-0.99
-3.62584e-03,-1.03,-1.05
-3.62576e-03,-1.01,-1.01
-3.62568e-03,-1.01,-1.05
-3.62560e-03,-1.01,-1.01
-3.62552e-03,-1.01,-1.05
-3.62544e-03,-1.01,-0.99
-3.62536e-03,-1.03,-1.05
-3.62528e-03,-1.01,-0.99
-3.62520e-03,-1.01,-1.03
-3.62512e-03,-1.01,-0.99
-3.62504e-03,-1.01,-1.05
-3.62496e-03,-1.01,-0.99
-3.62488e-03,-1.01,-1.03
-3.62480e-03,-0.99,-0.99
-3.62472e-03,-1.01,-1.05
-3.62464e-03,-1.03,-0.97
-3.62456e-03,-1.01,-1.05
-3.62448e-03,-1.01,-0.99
-3.62440e-03,-1.01,-1.05
-3.62432e-03,-1.01,-0.99
-3.62424e-03,-1.03,-1.05
-3.62416e-03,-1.01,-0.99
-3.62408e-03,-1.01,-1.05
-3.62400e-03,-1.01,-0.99
-3.62392e-03,-1.01,-1.05
-3.62384e-03,-1.01,-0.99
-3.62376e-03,-1.03,-1.05
-3.62368e-03,-1.01,-0.99
-3.62360e-03,-1.01,-1.03
-3.62352e-03,-1.03,-0.99
-3.62344e-03,-1.03,-1.05
-3.62336e-03,-1.01,-0.99
-3.62328e-03,-1.03,-1.03
-3.62320e-03,-0.99,-0.99
-3.62312e-03,-0.99,-1.05
-3.62304e-03,-1.03,-0.99
-3.62296e-03,-0.99,-1.05
-3.62288e-03,-1.03,-0.99
-3.62280e-03,-1.01,-1.05
-3.62272e-03,-1.01,-0.99
-3.62264e-03,-1.01,-1.03
-3.62256e-03,-1.01,-0.99
-3.62248e-03,-1.01,-1.05
-3.62240e-03,-1.01,-0.99
-3.62232e-03,-0.99,-1.05
-3.62224e-03,-1.01,-0.99
-3.62216e-03,-1.03,-1.05
-3.62208e-03,-1.01,-0.99
-3.62200e-03,-0.99,-1.05
-3.62192e-03,-0.99,-0.99
-3.62184e-03,-1.03,-1.05
-3.62176e-03,-1.03,-0.99
-3.62168e-03,-1.01,-1.05
-3.62160e-03,-1.05,-0.99
-3.62152e-03,-1.13,-1.05
-3.62144e-03,-1.03,-0.95
-3.62136e-03,-1.07,-1.39
-3.62128e-03,-1.07,-1.01
-3.62120e-03,-1.07,-1.09
-3.62112e-03,-1.09,-1.05
-3.62104e-03,-1.05,-1.11
-3.62096e-03,-1.05,-1.05
-3.62088e-03,-1.01,-1.11
-3.62080e-03,-1.05,-1.03
-3.62072e-03,-0.97,-1.09
-3.62064e-03,-1.01,-1.01
-3.62056e-03,-0.99,-1.05
-3.62048e-03,-0.99,-0.97
-3.62040e-03,-1.01,-1.03
-3.62032e-03,-0.99,-0.97
-3.62024e-03,-1.01,-1.03
-3.62016e-03,-0.99,-0.95
-3.62008e-03,-1.01,-1.03
-3.62000e-03,-0.99,-0.97
-3.61992e-03,-1.01,-1.03
-3.61984e-03,-1.03,-0.99
-3.61976e-03,-0.99,-1.05
-3.61968e-03,-1.01,-0.99
-3.61960e-03,-1.01,-1.03
-3.61952e-03,-1.01,-0.99
-3.61944e-03,-1.01,-1.03
-3.61936e-03,-1.03,-0.99
-3.61928e-03,-1.01,-1.05
-3.61920e-03,-1.01,-0.99
-3.61912e-03,-1.01,-1.05
-3.61904e-03,-1.01,-0.99
-3.61896e-03,-1.03,-1.03
-3.61888e-03,-1.03,-0.99
-3.61880e-03,-1.01,-1.05
-3.61872e-03,-1.01,-0.99
-3.61864e-03,-1.01,-1.05
-3.61856e-03,-1.01,-0.99
-3.61848e-03,-1.03,-1.05
-3.61840e-03,-1.01,-0.99
-3.61832e-03,-0.99,-1.05
-3.61824e-03,-1.01,-0.99
-3.61816e-03,-1.01,-1.05
-3.61808e-03,-1.03,-0.99
-3.61800e-03,-1.03,-1.05
-3.61792e-03,-1.01,-0.99
-3.61784e-03,-1.01,-1.05
-3.61776e-03,-0.99,-0.99
-3.61768e-03,-1.01,-1.05
-3.61760e-03,-1.01,-0.99
-3.61752e-03,-1.03,-1.05
-3.61744e-03,-0.99,-0.99
-3.61736e-03,-1.03,-1.05
-3.61728e-03,-1.01,-0.99
-3.61720e-03,-1.03,-1.05
-3.61712e-03,-1.03,-0.99
-3.61704e-03,-1.01,-1.05
-3.61696e-03,-1.03,-0.99
-3.61688e-03,-0.99,-1.05
-3.61680e-03,-1.03,-0.99
-3.61672e-03,-1.01,-1.05
-3.61664e-03,-1.03,-0.99
-3.61656e-03,-1.03,-1.07
-3.61648e-03,-1.03,-1.01
-3.61640e-03,-1.01,-1.05
-3.61632e-03,-1.01,-0.99
-3.61624e-03,-1.03,-1.05
-3.61616e-03,-0.99,-0.99
-3.61608e-03,-1.03,-1.05
-3.61600e-03,-1.01,-0.99
-3.61592e-03,-1.03,-1.05
-3.61584e-03,-1.01,-0.99
-3.61576e-03,-1.01,-1.05
-3.61568e-03,-1.01,-0.99
-3.61560e-03,-1.01,-1.05
-3.61552e-03,-1.03,-0.99
-3.61544e-03,-1.01,-1.05
-3.61536e-03,-1.03,-0.99
-3.61528e-03,-1.01,-1.05
-3.61520e-03,-1.01,-0.99
-3.61512e-03,-1.01,-1.05
-3.61504e-03,-1.03,-0.99
-3.61496e-03,-1.01,-1.05
-3.61488e-03,-1.01,-0.99
-3.61480e-03,-1.03,-1.05
-3.61472e-03,-1.01,-0.99
-3.61464e-03,-1.03,-1.05
-3.61456e-03,-1.03,-0.99
-3.61448e-03,-1.03,-1.05
-3.61440e-03,-1.03,-0.99
-3.61432e-03,-1.01,-1.05
-3.61424e-03,-1.03,-0.99
-3.61416e-03,-1.01,-1.05
-3.61408e-03,-1.01,-1.01
-3.61400e-03,-1.03,-1.05
-3.61392e-03,-1.01,-0.99
-3.61384e-03,-1.01,-1.05
-3.61376e-03,-1.01,-1.01
-3.61368e-03,-1.03,-1.05
-3.61360e-03,-1.01,-1.01
-3.61352e-03,-1.05,-1.05
-3.61344e-03,-1.01,-0.97
-3.61336e-03,-1.03,-1.07
-3.61328e-03,-1.03,-0.99
-3.61320e-03,-1.01,-1.05
-3.61312e-03,-1.05,-0.99
-3.61304e-03,-1.03,-1.07
-3.61296e-03,-1.05,-0.99
-3.61288e-03,-1.01,-1.05
-3.61280e-03,-1.01,-0.99
-3.61272e-03,-1.03,-1.05
-3.61264e-03,-1.03,-0.99
-3.61256e-03,-1.03,-1.05
-3.61248e-03,-1.03,-0.99
-3.61240e-03,-1.01,-1.05
-3.61232e-03,-1.01,-1.01
-3.61224e-03,-1.03,-1.05
-3.61216e-03,-1.01,-0.99
-3.61208e-03,-1.03,-1.05
-3.61200e-03,-1.01,-0.99
-3.61192e-03,-1.03,-1.05
-3.61184e-03,-1.01,-0.99
-3.61176e-03,-0.99,-1.05
-3.61168e-03,-1.01,-1.01
-3.61160e-03,-1.01,-1.05
-3.61152e-03,-1.03,-0.99
-3.61144e-03,-1.01,-1.05
-3.61136e-03,-1.03,-0.99
-3.61128e-03,-1.03,-1.07
-3.61120e-03,-1.03,-0.99
-3.61112e-03,-1.01,-1.05
-3.61104e-03,-1.01,-0.99
-3.61096e-03,-1.03,-1.07
-3.61088e-03,-1.01,-0.99
-3.61080e-03,-1.03,-1.05
-3.61072e-03,-1.01,-0.99
-3.61064e-03,-1.03,-1.05
-3.61056e-03,-1.01,-0.99
-3.61048e-03,-1.03,-1.05
-3.61040e-03,-1.01,-0.99
-3.61032e-03,-1.03,-1.05
-3.61024e-03,-1.03,-0.99
-3.61016e-03,-1.01,-1.05
-3.61008e-03,-1.03,-0.99
-3.61000e-03,-1.01,-1.05
-3.60992e-03,-1.03,-1.01
-3.60984e-03,-1.03,-1.05
-3.60976e-03,-1.01,-0.99
-3.60968e-03,-1.03,-1.07
-3.60960e-03,-1.01,-0.99
-3.60952e-03,-1.03,-1.05
-3.60944e-03,-1.01,-0.99
-3.60936e-03,-1.05,-1.05
-3.60928e-03,-1.03,-0.99
-3.60920e-03,-1.01,-1.05
-3.60912e-03,-1.03,-1.01
-3.60904e-03,-1.03,-1.05
-3.60896e-03,-1.03,-0.99
-3.60888e-03,-1.03,-1.05
-3.60880e-03,-1.01,-1.01
-3.60872e-03,-1.05,-1.07
-3.60864e-03,-1.03,-0.99
-3.60856e-03,-1.03,-1.07
-3.60848e-03,-1.03,-0.99
-3.60840e-03,-1.05,-1.07
-3.60832e-03,-1.01,-0.99
-3.60824e-03,-1.05,-1.05
-3.60816e-03,-1.03,-0.99
-3.60808e-03,-1.03,-1.05
-3.60800e-03,-1.01,-0.99
-3.60792e-03,-1.03,-1.05
-3.60784e-03,-1.03,-1.01
-3.60776e-03,-1.03,-1.07
-3.60768e-03,-1.03,-1.01
-3.60760e-03,-1.03,-1.07
-3.60752e-03,-1.05,-0.99
-3.60744e-03,-1.01,-1.07
-3.60736e-03,-1.03,-0.99
-3.60728e-03,-1.01,-1.05
-3.60720e-03,-1.01,-0.99
-3.60712e-03,-1.03,-1.05
-3.60704e-03,-1.01,-0.99
-3.60696e-03,-1.03,-1.05
-3.60688e-03,-1.01,-1.01
-3.60680e-03,-1.01,-1.05
-3.60672e-03,-1.03,-0.99
-3.60664e-03,-1.03,-1.05
-3.60656e-03,-1.03,-1.01
-3.60648e-03,-1.03,-1.07
-3.60640e-03,-1.03,-1.01
-3.60632e-03,-1.01,-1.05
-3.60624e-03,-1.03,-0.99
-3.60616e-03,-1.01,-1.05
-3.60608e-03,-1.05,-0.99
-3.60600e-03,-1.03,-1.05
-3.60592e-03,-1.01,-0.99
-3.60584e-03,-1.03,-1.05
-3.60576e-03,-1.03,-1.01
-3.60568e-03,-1.03,-1.05
-3.60560e-03,-1.01,-1.01
-3.60552e-03,-1.03,-1.05
-3.60544e-03,-1.01,-0.99
-3.60536e-03,-0.99,-1.05
-3.60528e-03,-1.01,-0.99
-3.60520e-03,-1.03,-1.07
-3.60512e-03,-1.03,-0.99
-3.60504e-03,-1.03,-1.05
-3.60496e-03,-1.03,-0.99
-3.60488e-03,-1.03,-1.05
-3.60480e-03,-1.03,-0.99
-3.60472e-03,-1.01,-1.05
-3.60464e-03,-1.03,-1.01
-3.60456e-03,-1.05,-1.05
-3.60448e-03,-1.03,-1.01
-3.60440e-03,-1.05,-1.07
-3.60432e-03,-1.01,-0.99
-3.60424e-03,-1.05,-1.05
-3.60416e-03,-1.01,-0.99
-3.60408e-03,-1.01,-1.07
-3.60400e-03,-1.03,-0.99
-3.60392e-03,-1.03,-1.07
-3.60384e-03,-1.01,-0.97
-3.60376e-03,-1.03,-1.05
-3.60368e-03,-1.03,-0.99
-3.60360e-03,-1.01,-1.05
-3.60352e-03,-1.03,-1.01
-3.60344e-03,-1.01,-1.05
-3.60336e-03,-1.03,-0.99
-3.60328e-03,-1.01,-1.07
-3.60320e-03,-1.03,-0.99
-3.60312e-03,-1.03,-1.05
-3.60304e-03,-1.01,-0.99
-3.60296e-03,-1.03,-1.07
-3.60288e-03,-1.01,-1.01
-3.60280e-03,-1.05,-1.05
-3.60272e-03,-1.01,-1.01
-3.60264e-03,-1.01,-1.05
-3.60256e-03,-1.05,-0.99
-3.60248e-03,-1.03,-1.05
-3.60240e-03,-1.01,-1.01
-3.60232e-03,-1.01,-1.05
-3.60224e-03,-1.03,-1.01
-3.60216e-03,-1.03,-1.07
-3.60208e-03,-1.03,-0.99
-3.60200e-03,-1.03,-1.07
-3.60192e-03,-1.03,-1.01
-3.60184e-03,-1.03,-1.05
-3.60176e-03,-1.01,-1.01
-3.60168e-03,-1.05,-1.07
-3.60160e-03,-1.01,-1.01
-3.60152e-03,-1.03,-1.07
-3.60144e-03,-1.01,-1.01
-3.60136e-03,-1.05,-1.07
-3.60128e-03,-1.03,-1.01
-3.60120e-03,-1.05,-1.05
-3.60112e-03,-1.01,-1.01
-3.60104e-03,-1.03,-1.07
-3.60096e-03,-1.03,-1.01
-3.60088e-03,-1.01,-1.05
-3.60080e-03,-1.05,-1.01
-3.60072e-03,-1.01,-1.05
-3.60064e-03,-1.03,-1.01
-3.60056e-03,-1.03,-1.07
-3.60048e-03,-1.03,-0.99
-3.60040e-03,-1.03,-1.05
-3.60032e-03,-1.01,-1.01
-3.60024e-03,-1.05,-1.05
-3.60016e-03,-1.03,-1.01
-3.60008e-03,-1.05,-1.07
-3.60000e-03,-1.01,-1.01
-3.59992e-03,-1.05,-1.05
-3.59984e-03,-1.03,-0.99
-3.59976e-03,-1.03,-1.07
-3.59968e-03,-1.05,-1.01
-3.59960e-03,-1.03,-1.05
-3.59952e-03,-1.03,-1.01
-3.59944e-03,-1.01,-1.05
-3.59936e-03,-1.07,-1.01
-3.59928e-03,-1.03,-1.07
-3.59920e-03,-1.03,-1.01
-3.59912e-03,-1.03,-1.07
-3.59904e-03,-1.03,-1.01
-3.59896e-03,-1.03,-1.07
-3.59888e-03,-1.03,-1.01
-3.59880e-03,-1.05,-1.07
-3.59872e-03,-1.03,-1.01
-3.59864e-03,-1.01,-1.05
-3.59856e-03,-1.01,-1.01
-3.59848e-03,-1.03,-1.05
-3.59840e-03,-1.05,-1.01
-3.59832e-03,-1.03,-1.05
-3.59824e-03,-1.03,-0.99
-3.59816e-03,-1.01,-1.07
-3.59808e-03,-1.03,-1.01
-3.59800e-03,-1.03,-1.05
-3.59792e-03,-1.03,-1.01
-3.59784e-03,-1.03,-1.05
-3.59776e-03,-1.01,-0.99
-3.59768e-03,-1.05,-1.07
-3.59760e-03,-1.01,-1.01
-3.59752e-03,-1.03,-1.05
-3.59744e-03,-1.03,-1.01
-3.59736e-03,-1.05,-1.07
-3.59728e-03,-1.03,-0.99
-3.59720e-03,-1.03,-1.07
-3.59712e-03,-1.05,-1.01
-3.59704e-03,-1.05,-1.05
-3.59696e-03,-1.05,-1.01
-3.59688e-03,-1.01,-1.07
-3.59680e-03,-1.01,-0.99
-3.59672e-03,-1.03,-1.07
-3.59664e-03,-1.03,-0.99
-3.59656e-03,-1.01,-1.07
-3.59648e-03,-1.03,-1.01
-3.59640e-03,-1.01,-1.07
-3.59632e-03,-1.03,-1.01
-3.59624e-03,-1.03,-1.07
-3.59616e-03,-1.03,-0.99
-3.59608e-03,-1.01,-1.07
-3.59600e-03,-1.01,-1.01
-3.59592e-03,-1.05,-1.05
-3.59584e-03,-1.05,-1.01
-3.59576e-03,-1.03,-1.05
-3.59568e-03,-1.03,-1.01
-3.59560e-03,-1.01,-1.07
-3.59552e-03,-1.03,-1.01
-3.59544e-03,-1.01,-1.05
-3.59536e-03,-1.03,-1.01
-3.59528e-03,-1.03,-1.07
-3.59520e-03,-1.03,-1.01
-3.59512e-03,-1.03,-1.07
-3.59504e-03,-1.03,-1.01
-3.59496e-03,-1.05,-1.05
-3.59488e-03,-1.01,-1.01
-3.59480e-03,-1.05,-1.07
-3.59472e-03,-1.01,-1.01
-3.59464e-03,-1.03,-1.05
-3.59456e-03,-1.03,-1.01
-3.59448e-03,-1.05,-1.05
-3.59440e-03,-1.03,-0.99
-3.59432e-03,-1.03,-1.07
-3.59424e-03,-1.05,-1.01
-3.59416e-03,-1.03,-1.07
-3.59408e-03,-1.05,-1.01
-3.59400e-03,-1.05,-1.07
-3.59392e-03,-1.05,-1.01
-3.59384e-03,-1.03,-1.07
-3.59376e-03,-1.03,-1.01
-3.59368e-03,-1.03,-1.07
-3.59360e-03,-1.01,-1.01
-3.59352e-03,-1.03,-1.07
-3.59344e-03,-1.01,-0.99
-3.59336e-03,-1.03,-1.07
-3.59328e-03,-1.01,-1.01
-3.59320e-03,-1.03,-1.05
-3.59312e-03,-1.03,-0.99
-3.59304e-03,-1.03,-1.05
-3.59296e-03,-1.03,-0.99
-3.59288e-03,-1.01,-1.07
-3.59280e-03,-1.05,-1.01
-3.59272e-03,-1.01,-1.07
-3.59264e-03,-1.03,-0.99
-3.59256e-03,-1.03,-1.07
-3.59248e-03,-1.05,-1.01
-3.59240e-03,-1.03,-1.07
-3.59232e-03,-1.03,-0.99
-3.59224e-03,-1.03,-1.05
-3.59216e-03,-1.03,-0.99
-3.59208e-03,-1.05,-1.05
-3.59200e-03,-1.03,-1.01
-3.59192e-03,-1.03,-1.05
-3.59184e-03,-1.03,-0.99
-3.59176e-03,-1.03,-1.07
-3.59168e-03,-1.03,-1.01
-3.59160e-03,-1.03,-1.07
-3.59152e-03,-1.03,-1.01
-3.59144e-03,-1.03,-1.05
-3.59136e-03,-1.03,-1.01
-3.59128e-03,-0.99,-1.05
-3.59120e-03,-1.03,-1.01
-3.59112e-03,-1.05,-1.05
-3.59104e-03,-1.03,-0.99
-3.59096e-03,-1.05,-1.07
-3.59088e-03,-1.03,-1.01
-3.59080e-03,-1.05,-1.05
-3.59072e-03,-1.01,-1.01
-3.59064e-03,-1.03,-1.07
-3.59056e-03,-1.01,-1.01
-3.59048e-03,-1.01,-1.05
-3.59040e-03,-1.05,-1.01
-3.59032e-03,-1.01,-1.05
-3.59024e-03,-1.03,-0.99
-3.59016e-03,-1.01,-1.05
-3.59008e-03,-1.03,-1.01
-3.59000e-03,-1.01,-1.07
-3.58992e-03,-1.05,-1.01
-3.58984e-03,-1.03,-1.05
-3.58976e-03,-1.03,-1.01
-3.58968e-03,-1.03,-1.05
-3.58960e-03,-1.01,-1.01
-3.58952e-03,-1.03,-1.05
-3.58944e-03,-1.01,-1.01
-3.58936e-03,-1.03,-1.05
-3.58928e-03,-1.03,-1.01
-3.58920e-03,-1.01,-1.05
-3.58912e-03,-1.03,-1.01
-3.58904e-03,-1.03,-1.05
-3.58896e-03,-1.05,-1.01
-3.58888e-03,-1.03,-1.05
-3.58880e-03,-1.01,-1.01
-3.58872e-03,-0.99,-1.07
-3.58864e-03,-1.03,-0.99
-3.58856e-03,-1.03,-1.07
-3.58848e-03,-1.05,-0.99
-3.58840e-03,-1.05,-1.07
-3.58832e-03,-1.03,-0.99
-3.58824e-03,-1.07,-1.07
-3.58816e-03,-1.01,-0.99
-3.58808e-03,-1.03,-1.07
-3.58800e-03,-1.03,-1.01
-3.58792e-03,-1.01,-1.05
-3.58784e-03,-1.03,-0.99
-3.58776e-03,-1.01,-1.07
-3.58768e-03,-1.03,-1.01
-3.58760e-03,-1.01,-1.05
-3.58752e-03,-1.03,-0.99
-3.58744e-03,-1.01,-1.05
-3.58736e-03,-1.03,-0.99
-3.58728e-03,-1.01,-1.05
-3.58720e-03,-1.01,-0.99
-3.58712e-03,-1.03,-1.05
-3.58704e-03,-1.01,-1.01
-3.58696e-03,-1.03,-1.05
-3.58688e-03,-1.01,-1.01
-3.58680e-03,-1.05,-1.05
-3.58672e-03,-1.03,-1.01
-3.58664e-03,-1.01,-1.05
-3.58656e-03,-1.03,-0.99
-3.58648e-03,-1.03,-1.05
-3.58640e-03,-1.03,-0.99
-3.58632e-03,-1.01,-1.07
-3.58624e-03,-1.03,-0.99
-3.58616e-03,-0.99,-1.05
-3.58608e-03,-1.03,-1.01
-3.58600e-03,-1.01,-1.05
-3.58592e-03,-1.03,-0.99
-3.58584e-03,-1.01,-1.05
-3.58576e-03,-1.01,-1.01
-3.58568e-03,-1.01,-1.05
-3.58560e-03,-1.01,-0.99
-3.58552e-03,-1.05,-1.05
-3.58544e-03,-1.03,-0.99
-3.58536e-03,-1.03,-1.05
-3.58528e-03,-1.03,-0.99
-3.58520e-03,-1.01,-1.05
-3.58512e-03,-1.03,-0.99
-3.58504e-03,-1.01,-1.05
-3.58496e-03,-1.03,-0.99
-3.58488e-03,-1.01,-1.05
-3.58480e-03,-1.03,-0.99
-3.58472e-03,-1.03,-1.05
-3.58464e-03,-1.01,-0.99
-3.58456e-03,-1.03,-1.05
-3.58448e-03,-1.01,-0.99
-3.58440e-03,-1.03,-1.05
-3.58432e-03,-1.01,-0.99
-3.58424e-03,-1.01,-1.05
-3.58416e-03,-1.01,-0.99
-3.58408e-03,-1.01,-1.05
-3.58400e-03,-1.03,-0.99
-3.58392e-03,-1.01,-1.03
-3.58384e-03,-1.03,-0.99
-3.58376e-03,-1.01,-1.05
-3.58368e-03,-1.03,-0.99
-3.58360e-03,-1.01,-1.05
-3.58352e-03,-1.03,-0.99
-3.58344e-03,-1.01,-1.05
-3.58336e-03,-1.03,-0.99
-3.58328e-03,-1.01,-1.05
-3.58320e-03,-1.01,-0.99
-3.58312e-03,-1.03,-1.03
-3.58304e-03,-0.99,-0.99
-3.58296e-03,-1.03,-1.05
-3.58288e-03,-1.01,-0.99
-3.58280e-03,-1.01,-1.05
-3.58272e-03,-1.01,-0.97
-3.58264e-03,-1.03,-1.05
-3.58256e-03,-1.01,-0.99
-3.58248e-03,-1.03,-1.05
-3.58240e-03,-1.01,-0.99
-3.58232e-03,-1.01,-1.05
-3.58224e-03,-1.03,-0.99
-3.58216e-03,-1.01,-1.05
-3.58208e-03,-1.03,-0.99
-3.58200e-03,-1.01,-1.03
-3.58192e-03,-1.01,-0.99
-3.58184e-03,-1.01,-1.05
-3.58176e-03,-0.99,-0.99
-3.58168e-03,-1.03,-1.05
-3.58160e-03,-0.99,-0.99
-3.58152e-03,-1.01,-1.05
-3.58144e-03,-1.01,-0.99
-3.58136e-03,-1.01,-1.05
-3.58128e-03,-1.03,-0.99
-3.58120e-03,-1.01,-1.05
-3.58112e-03,-1.01,-0.99
-3.58104e-03,-1.03,-1.05
-3.58096e-03,-1.03,-0.99
-3.58088e-03,-1.01,-1.05
-3.58080e-03,-1.01,-0.99
-3.58072e-03,-1.01,-1.05
-3.58064e-03,-1.03,-0.99
-3.58056e-03,-1.01,-1.05
-3.58048e-03,-1.03,-0.99
-3.58040e-03,-1.03,-1.05
-3.58032e-03,-1.01,-0.99
-3.58024e-03,-1.03,-1.05
-3.58016e-03,-0.99,-0.99
-3.58008e-03,-1.01,-1.05
-3.58000e-03,-0.99,-0.97
-3.57992e-03,-1.01,-1.05
-3.57984e-03,-1.01,-0.99
-3.57976e-03,-1.01,-1.05
-3.57968e-03,-1.01,-0.99
-3.57960e-03,-1.01,-1.05
-3.57952e-03,-1.03,-0.99
-3.57944e-03,-0.99,-1.05
-3.57936e-03,-1.03,-0.99
-3.57928e-03,-1.01,-1.05
-3.57920e-03,-1.01,-0.97
-3.57912e-03,-1.01,-1.05
-3.57904e-03,-1.03,-0.99
-3.57896e-03,-1.03,-1.05
-3.57888e-03,-1.01,-0.99
-3.57880e-03,-1.03,-1.05
-3.57872e-03,-1.01,-0.99
-3.57864e-03,-1.01,-1.05
-3.57856e-03,-0.99,-0.99
-3.57848e-03,-1.01,-1.05
-3.57840e-03,-1.01,-0.99
-3.57832e-03,-1.01,-1.05
-3.57824e-03,-0.75,-0.99
-3.57816e-03,-0.93,-1.09
-3.57808e-03,-0.95,-0.69
-3.57800e-03,-0.93,-0.97
-3.57792e-03,-0.93,-0.73
-3.57784e-03,-0.95,-1.01
-3.57776e-03,-0.95,-0.91
-3.57768e-03,-0.97,-0.99
-3.57760e-03,-0.97,-0.91
-3.57752e-03,-0.99,-1.01
-3.57744e-03,-1.01,-0.91
-3.57736e-03,-1.01,-1.03
-3.57728e-03,-1.03,-0.97
-3.57720e-03,-1.03,-1.07
-3.57712e-03,-1.03,-1.01
-3.57704e-03,-1.03,-1.07
-3.57696e-03,-1.01,-1.01
-3.57688e-03,-1.01,-1.07
-3.57680e-03,-1.01,-1.01
-3.57672e-03,-1.03,-1.05
-3.57664e-03,-1.01,-1.01
-3.57656e-03,-1.03,-1.05
-3.57648e-03,-1.01,-0.99
-3.57640e-03,-1.03,-1.05
-3.57632e-03,-1.01,-0.99
-3.57624e-03,-1.01,-1.03
-3.57616e-03,-1.01,-0.99
-3.57608e-03,-0.99,-1.05
-3.57600e-03,-1.03,-0.99
-3.57592e-03,-1.01,-1.05
-3.57584e-03,-1.03,-0.99
-3.57576e-03,-1.01,-1.05
-3.57568e-03,-1.01,-0.99
-3.57560e-03,-0.99,-1.03
-3.57552e-03,-1.01,-0.99
-3.57544e-03,-0.99,-1.03
-3.57536e-03,-0.99,-0.99
-3.57528e-03,-1.01,-1.03
-3.57520e-03,-1.01,-0.99
-3.57512e-03,-1.01,-1.03
-3.57504e-03,-0.99,-0.99
-3.57496e-03,-1.01,-1.03
-3.57488e-03,-1.01,-0.99
-3.57480e-03,-0.99,-1.03
-3.57472e-03,-1.01,-0.97
-3.57464e-03,-1.01,-1.03
-3.57456e-03,-1.03,-0.99
-3.57448e-03,-1.01,-1.05
-3.57440e-03,-1.01,-0.99
-3.57432e-03,-1.01,-1.05
-3.57424e-03,-1.01,-0.99
-3.57416e-03,-1.01,-1.05
-3.57408e-03,-1.01,-0.99
-3.57400e-03,-1.01,-1.03
-3.57392e-03,-0.99,-0.99
-3.57384e-03,-1.01,-1.05
-3.57376e-03,-1.01,-0.99
-3.57368e-03,-1.01,-1.03
-3.57360e-03,-1.01,-0.99
-3.57352e-03,-1.01,-1.03
-3.57344e-03,-1.01,-0.99
-3.57336e-03,-1.01,-1.05
-3.57328e-03,-1.01,-0.99
-3.57320e-03,-1.01,-1.05
-3.57312e-03,-1.01,-0.99
-3.57304e-03,-1.01,-1.03
-3.57296e-03,-1.01,-0.99
-3.57288e-03,-0.99,-1.03
-3.57280e-03,-1.01,-0.99
-3.57272e-03,-1.01,-1.03
-3.57264e-03,-1.01,-0.97
-3.57256e-03,-1.01,-1.05
-3.57248e-03,-1.01,-0.99
-3.57240e-03,-1.01,-1.03
-3.57232e-03,-1.01,-0.99
-3.57224e-03,-1.01,-1.03
-3.57216e-03,-1.01,-0.99
-3.57208e-03,-0.99,-1.05
-3.57200e-03,-0.99,-0.99
-3.57192e-03,-0.99,-1.05
-3.57184e-03,-1.01,-0.99
-3.57176e-03,-1.03,-1.05
-3.57168e-03,-1.01,-0.97
-3.57160e-03,-1.03,-1.05
-3.57152e-03,-1.31,-0.99
-3.57144e-03,-1.09,-1.37
-3.57136e-03,-1.05,-0.93
-3.57128e-03,-1.07,-1.37
-3.57120e-03,-1.09,-1.01
-3.57112e-03,-1.07,-1.09
-3.57104e-03,-1.07,-1.03
-3.57096e-03,-1.05,-1.11
-3.57088e-03,-1.05,-1.03
-3.57080e-03,-1.05,-1.09
-3.57072e-03,-1.01,-1.03
-3.57064e-03,-1.01,-1.07
-3.57056e-03,-1.01,-0.99
-3.57048e-03,-0.99,-1.05
-3.57040e-03,-1.01,-0.97
-3.57032e-03,-0.99,-1.03
-3.57024e-03,-1.01,-0.97
-3.57016e-03,-0.99,-1.03
-3.57008e-03,-1.01,-0.97
-3.57000e-03,-1.01,-1.03
-3.56992e-03,-0.99,-0.97
-3.56984e-03,-0.99,-1.03
-3.56976e-03,-0.99,-0.97
-3.56968e-03,-1.01,-1.05
-3.56960e-03,-0.99,-0.99
-3.56952e-03,-1.01,-1.03
-3.56944e-03,-0.99,-0.99
-3.56936e-03,-1.01,-1.03
-3.56928e-03,-0.99,-0.99
-3.56920e-03,-0.99,-1.03
-3.56912e-03,-0.99,-0.97
-3.56904e-03,-1.01,-1.03
-3.56896e-03,-1.01,-0.99
-3.56888e-03,-0.99,-1.03
-3.56880e-03,-1.01,-0.99
-3.56872e-03,-1.01,-1.03
-3.56864e-03,-1.01,-0.97
-3.56856e-03,-1.01,-1.03
-3.56848e-03,-1.01,-0.99
-3.56840e-03,-1.01,-1.05
-3.56832e-03,-1.01,-0.99
-3.56824e-03,-1.03,-1.03
-3.56816e-03,-1.01,-0.99
-3.56808e-03,-1.03,-1.05
-3.56800e-03,-1.01,-0.99
-3.56792e-03,-1.01,-1.03
-3.56784e-03,-1.01,-0.99
-3.56776e-03,-1.01,-1.03
-3.56768e-03,-1.01,-0.99
-3.56760e-03,-1.01,-1.05
-3.56752e-03,-1.01,-0.99
-3.56744e-03,-1.01,-1.03
-3.56736e-03,-1.03,-0.99
-3.56728e-03,-1.03,-1.05
-3.56720e-03,-1.01,-0.99
-3.56712e-03,-1.01,-1.05
-3.56704e-03,-1.01,-0.99
-3.56696e-03,-1.05,-1.05
-3.56688e-03,-0.99,-0.99
-3.56680e-03,-1.03,-1.05
-3.56672e-03,-1.01,-0.99
-3.56664e-03,-1.01,-1.05
-3.56656e-03,-1.01,-0.99
-3.56648e-03,-1.01,-1.05
-3.56640e-03,-1.01,-0.99
-3.56632e-03,-1.01,-1.05
-3.56624e-03,-1.05,-0.99
-3.56616e-03,-1.03,-1.05
-3.56608e-03,-1.03,-0.99
-3.56600e-03,-1.01,-1.05
-3.56592e-03,-1.01,-0.99
-3.56584e-03,-0.99,-1.05
-3.56576e-03,-1.01,-0.99
-3.56568e-03,-1.01,-1.05
-3.56560e-03,-0.99,-0.97
-3.56552e-03,-1.01,-1.05
-3.56544e-03,-0.99,-0.99
-3.56536e-03,-1.03,-1.05
-3.56528e-03,-0.99,-0.99
-3.56520e-03,-1.01,-1.03
-3.56512e-03,-1.01,-0.99
-3.56504e-03,-1.01,-1.05
-3.56496e-03,-1.01,-0.99
-3.56488e-03,-1.01,-1.05
-3.56480e-03,-1.03,-0.99
-3.56472e-03,-1.01,-1.05
-3.56464e-03,-1.03,-0.99
-3.56456e-03,-1.01,-1.05
-3.56448e-03,-1.01,-0.99
-3.56440e-03,-1.03,-1.03
-3.56432e-03,-0.99,-0.99
-3.56424e-03,-1.03,-1.05
-3.56416e-03,-0.99,-0.99
-3.56408e-03,-1.01,-1.05
-3.56400e-03,-1.01,-0.99
-3.56392e-03,-1.01,-1.03
-3.56384e-03,-0.99,-0.99
-3.56376e-03,-1.01,-1.05
-3.56368e-03,-1.03,-0.99
-3.56360e-03,-1.03,-1.05
-3.56352e-03,-1.03,-0.97
-3.56344e-03,-1.01,-1.07
-3.56336e-03,-1.05,-0.97
-3.56328e-03,-0.99,-1.05
-3.56320e-03,-1.01,-0.97
-3.56312e-03,-1.01,-1.05
-3.56304e-03,-1.01,-0.99
-3.56296e-03,-1.01,-1.05
-3.56288e-03,-0.99,-0.99
-3.56280e-03,-1.01,-1.05
-3.56272e-03,-0.99,-0.99
-3.56264e-03,-1.01,-1.05
-3.56256e-03,-1.01,-0.99
-3.56248e-03,-1.03,-1.05
-3.56240e-03,-1.01,-0.99
-3.56232e-03,-1.01,-1.05
-3.56224e-03,-1.03,-0.99
-3.56216e-03,-1.01,-1.05
-3.56208e-03,-1.03,-0.99
-3.56200e-03,-1.01,-1.05
-3.56192e-03,-1.03,-0.99
-3.56184e-03,-1.01,-1.05
-3.56176e-03,-1.03,-1.01
-3.56168e-03,-1.03,-1.05
-3.56160e-03,-0.99,-0.99
-3.56152e-03,-1.03,-1.05
-3.56144e-03,-1.01,-0.99
-3.56136e-03,-1.01,-1.05
-3.56128e-03,-1.01,-0.99
-3.56120e-03,-1.03,-1.05
-3.56112e-03,-1.01,-0.99
-3.56104e-03,-1.01,-1.05
-3.56096e-03,-1.03,-0.99
-3.56088e-03,-0.99,-1.05
-3.56080e-03,-1.03,-0.99
-3.56072e-03,-1.01,-1.05
-3.56064e-03,-1.03,-0.99
-3.56056e-03,-1.01,-1.05
-3.56048e-03,-1.03,-0.99
-3.56040e-03,-1.03,-1.05
-3.56032e-03,-1.03,-0.99
-3.56024e-03,-1.03,-1.05
-3.56016e-03,-1.01,-0.99
-3.56008e-03,-1.03,-1.05
-3.56000e-03,-1.01,-1.01
-3.55992e-03,-1.03,-1.05
-3.55984e-03,-1.01,-0.99
-3.55976e-03,-1.01,-1.05
-3.55968e-03,-1.03,-0.99
-3.55960e-03,-1.01,-1.05
-3.55952e-03,-1.01,-0.99
-3.55944e-03,-1.01,-1.05
-3.55936e-03,-1.03,-0.99
-3.55928e-03,-1.03,-1.05
-3.55920e-03,-1.01,-0.99
-3.55912e-03,-1.03,-1.05
-3.55904e-03,-1.01,-0.99
-3.55896e-03,-1.03,-1.05
-3.55888e-03,-1.01,-0.99
-3.55880e-03,-1.03,-1.05
-3.55872e-03,-1.03,-0.99
-3.55864e-03,-1.01,-1.05
-3.55856e-03,-1.01,-1.01
-3.55848e-03,-1.03,-1.05
-3.55840e-03,-1.03,-0.99
-3.55832e-03,-0.99,-1.05
-3.55824e-03,-1.03,-0.99
-3.55816e-03,-1.01,-1.05
-3.55808e-03,-1.03,-0.99
-3.55800e-03,-1.01,-1.05
-3.55792e-03,-1.01,-0.99
-3.55784e-03,-1.03,-1.05
-3.55776e-03,-1.03,-0.99
-3.55768e-03,-1.01,-1.05
-3.55760e-03,-1.01,-0.99
-3.55752e-03,-1.01,-1.05
-3.55744e-03,-1.01,-0.99
-3.55736e-03,-1.03,-1.05
-3.55728e-03,-1.03,-0.99
-3.55720e-03,-1.03,-1.05
-3.55712e-03,-1.01,-0.99
-3.55704e-03,-1.01,-1.05
-3.55696e-03,-1.03,-0.99
-3.55688e-03,-0.99,-1.05
-3.55680e-03,-1.03,-0.99
-3.55672e-03,-0.99,-1.05
-3.55664e-03,-1.01,-0.99
-3.55656e-03,-1.01,-1.05
-3.55648e-03,-1.01,-0.99
-3.55640e-03,-1.03,-1.05
-3.55632e-03,-1.01,-0.99
-3.55624e-03,-1.03,-1.05
-3.55616e-03,-1.01,-1.01
-3.55608e-03,-1.03,-1.05
-3.55600e-03,-1.01,-0.99
-3.55592e-03,-1.01,-1.05
-3.55584e-03,-1.01,-0.99
-3.55576e-03,-1.03,-1.05
-3.55568e-03,-1.03,-0.99
-3.55560e-03,-1.01,-1.05
-3.55552e-03,-1.05,-0.99
-3.55544e-03,-1.03,-1.05
-3.55536e-03,-1.03,-0.99
-3.55528e-03,-1.03,-1.07
-3.55520e-03,-1.01,-0.97
-3.55512e-03,-1.01,-1.05
-3.55504e-03,-1.01,-0.99
-3.55496e-03,-1.01,-1.05
-3.55488e-03,-1.01,-0.99
-3.55480e-03,-1.03,-1.05
-3.55472e-03,-1.03,-1.01
-3.55464e-03,-1.03,-1.07
-3.55456e-03,-1.03,-1.01
-3.55448e-03,-1.03,-1.05
-3.55440e-03,-1.03,-0.99
-3.55432e-03,-1.01,-1.05
-3.55424e-03,-1.03,-0.99
-3.55416e-03,-1.01,-1.05
-3.55408e-03,-1.01,-0.99
-3.55400e-03,-1.03,-1.07
-3.55392e-03,-1.01,-0.97
-3.55384e-03,-1.03,-1.05
-3.55376e-03,-1.01,-0.99
-3.55368e-03,-1.03,-1.05
-3.55360e-03,-1.01,-0.99
-3.55352e-03,-1.03,-1.05
-3.55344e-03,-1.01,-0.99
-3.55336e-03,-1.03,-1.05
-3.55328e-03,-1.03,-0.99
-3.55320e-03,-1.01,-1.05
-3.55312e-03,-1.03,-0.99
-3.55304e-03,-1.01,-1.05
-3.55296e-03,-1.03,-0.99
-3.55288e-03,-1.01,-1.05
-3.55280e-03,-1.03,-0.99
-3.55272e-03,-1.03,-1.05
-3.55264e-03,-1.01,-0.99
-3.55256e-03,-1.03,-1.05
-3.55248e-03,-1.01,-0.99
-3.55240e-03,-1.03,-1.05
-3.55232e-03,-1.01,-0.99
-3.55224e-03,-1.03,-1.05
-3.55216e-03,-0.99,-1.01
-3.55208e-03,-1.03,-1.05
-3.55200e-03,-1.03,-0.99
-3.55192e-03,-1.03,-1.07
-3.55184e-03,-1.03,-0.99
-3.55176e-03,-1.01,-1.05
-3.55168e-03,-1.05,-0.99
-3.55160e-03,-1.01,-1.05
-3.55152e-03,-1.01,-0.99
-3.55144e-03,-1.01,-1.07
-3.55136e-03,-1.03,-0.99
-3.55128e-03,-1.03,-1.05
-3.55120e-03,-1.01,-0.99
-3.55112e-03,-1.01,-1.05
-3.55104e-03,-1.03,-1.01
-3.55096e-03,-1.03,-1.07
-3.55088e-03,-1.01,-0.99
-3.55080e-03,-1.05,-1.07
-3.55072e-03,-0.99,-1.01
-3.55064e-03,-1.03,-1.05
-3.55056e-03,-1.01,-0.99
-3.55048e-03,-1.03,-1.07
-3.55040e-03,-1.03,-0.99
-3.55032e-03,-1.01,-1.05
-3.55024e-03,-1.03,-0.99
-3.55016e-03,-1.01,-1.05
-3.55008e-03,-1.05,-0.99
-3.55000e-03,-1.01,-1.07
-3.54992e-03,-1.03,-1.01
-3.54984e-03,-1.01,-1.05
-3.54976e-03,-1.01,-0.99
-3.54968e-03,-1.03,-1.07
-3.54960e-03,-1.01,-0.99
-3.54952e-03,-1.03,-1.05
-3.54944e-03,-1.01,-1.01
-3.54936e-03,-1.01,-1.05
-3.54928e-03,-1.03,-1.01
-3.54920e-03,-1.03,-1.05
-3.54912e-03,-1.03,-0.99
-3.54904e-03,-1.01,-1.05
-3.54896e-03,-1.03,-0.99
-3.54888e-03,-1.01,-1.07
-3.54880e-03,-1.05,-0.99
-3.54872e-03,-1.03,-1.05
-3.54864e-03,-1.05,-0.99
-3.54856e-03,-1.03,-1.05
-3.54848e-03,-1.03,-1.01
-3.54840e-03,-1.03,-1.05
-3.54832e-03,-1.01,-0.99
-3.54824e-03,-1.01,-1.05
-3.54816e-03,-0.99,-1.01
-3.54808e-03,-1.03,-1.07
-3.54800e-03,-1.01,-0.99
-3.54792e-03,-1.03,-1.05
-3.54784e-03,-1.03,-1.01
-3.54776e-03,-1.03,-1.05
-3.54768e-03,-1.01,-0.99
-3.54760e-03,-1.01,-1.05
-3.54752e-03,-1.05,-1.01
-3.54744e-03,-1.01,-1.07
-3.54736e-03,-1.03,-0.99
-3.54728e-03,-1.01,-1.05
-3.54720e-03,-1.05,-1.01
-3.54712e-03,-1.03,-1.07
-3.54704e-03,-1.03,-0.99
-3.54696e-03,-1.01,-1.05
-3.54688e-03,-1.01,-0.99
-3.54680e-03,-1.05,-1.05
-3.54672e-03,-1.01,-0.99
-3.54664e-03,-1.03,-1.05
-3.54656e-03,-1.01,-0.99
-3.54648e-03,-1.01,-1.05
-3.54640e-03,-1.01,-0.99
-3.54632e-03,-1.01,-1.05
-3.54624e-03,-1.03,-0.99
-3.54616e-03,-0.99,-1.05
-3.54608e-03,-1.03,-0.99
-3.54600e-03,-1.01,-1.05
-3.54592e-03,-1.03,-0.99
-3.54584e-03,-1.03,-1.05
-3.54576e-03,-1.03,-0.99
-3.54568e-03,-1.03,-1.05
-3.54560e-03,-1.03,-0.99
-3.54552e-03,-1.03,-1.05
-3.54544e-03,-1.01,-0.99
-3.54536e-03,-1.01,-1.05
-3.54528e-03,-1.01,-0.99
-3.54520e-03,-1.01,-1.05
-3.54512e-03,-1.05,-1.01
-3.54504e-03,-1.01,-1.05
-3.54496e-03,-1.05,-1.01
-3.54488e-03,-1.01,-1.07
-3.54480e-03,-1.03,-0.99
-3.54472e-03,-1.01,-1.05
-3.54464e-03,-1.03,-0.99
-3.54456e-03,-1.01,-1.05
-3.54448e-03,-1.03,-1.01
-3.54440e-03,-1.03,-1.05
-3.54432e-03,-1.01,-0.99
-3.54424e-03,-1.05,-1.05
-3.54416e-03,-1.01,-0.99
-3.54408e-03,-1.03,-1.05
-3.54400e-03,-1.03,-0.99
-3.54392e-03,-1.03,-1.05
-3.54384e-03,-1.01,-0.99
-3.54376e-03,-1.01,-1.05
-3.54368e-03,-1.01,-0.99
-3.54360e-03,-1.01,-1.05
-3.54352e-03,-1.03,-0.99
-3.54344e-03,-1.01,-1.05
-3.54336e-03,-1.03,-1.01
-3.54328e-03,-1.03,-1.05
-3.54320e-03,-1.01,-1.01
-3.54312e-03,-1.01,-1.05
-3.54304e-03,-1.03,-0.99
-3.54296e-03,-1.03,-1.07
-3.54288e-03,-1.01,-1.01
-3.54280e-03,-1.03,-1.05
-3.54272e-03,-1.01,-1.01
-3.54264e-03,-1.01,-1.05
-3.54256e-03,-1.03,-0.99
-3.54248e-03,-1.05,-1.05
-3.54240e-03,-1.03,-0.99
-3.54232e-03,-1.01,-1.05
-3.54224e-03,-1.05,-1.01
-3.54216e-03,-1.01,-1.05
-3.54208e-03,-1.03,-0.99
-3.54200e-03,-0.99,-1.07
-3.54192e-03,-1.01,-0.99
-3.54184e-03,-1.01,-1.05
-3.54176e-03,-1.03,-0.99
-3.54168e-03,-1.03,-1.07
-3.54160e-03,-1.01,-0.99
-3.54152e-03,-1.03,-1.05
-3.54144e-03,-1.01,-0.99
-3.54136e-03,-1.03,-1.05
-3.54128e-03,-1.03,-0.99
-3.54120e-03,-1.03,-1.05
-3.54112e-03,-1.03,-1.01
-3.54104e-03,-1.01,-1.05
-3.54096e-03,-1.05,-0.99
-3.54088e-03,-1.01,-1.05
-3.54080e-03,-1.03,-0.99
-3.54072e-03,-1.01,-1.05
-3.54064e-03,-1.03,-1.01
-3.54056e-03,-1.03,-1.05
-3.54048e-03,-1.03,-0.99
-3.54040e-03,-1.01,-1.05
-3.54032e-03,-0.99,-1.01
-3.54024e-03,-1.03,-1.05
-3.54016e-03,-1.03,-0.99
-3.54008e-03,-1.03,-1.05
-3.54000e-03,-1.01,-0.99
-3.53992e-03,-1.03,-1.05
-3.53984e-03,-1.01,-0.99
-3.53976e-03,-1.01,-1.05
-3.53968e-03,-1.05,-0.99
-3.53960e-03,-1.01,-1.05
-3.53952e-03,-1.03,-1.01
-3.53944e-03,-1.01,-1.05
-3.53936e-03,-1.03,-0.99
-3.53928e-03,-1.01,-1.05
-3.53920e-03,-1.03,-0.99
-3.53912e-03,-1.01,-1.05
-3.53904e-03,-1.03,-0.99
-3.53896e-03,-1.05,-1.05
-3.53888e-03,-1.01,-0.99
-3.53880e-03,-1.03,-1.07
-3.53872e-03,-1.01,-0.99
-3.53864e-03,-1.01,-1.07
-3.53856e-03,-1.01,-0.99
-3.53848e-03,-1.03,-1.05
-3.53840e-03,-1.01,-0.99
-3.53832e-03,-0.99,-1.05
-3.53824e-03,-1.03,-0.99
-3.53816e-03,-1.01,-1.05
-3.53808e-03,-1.03,-0.99
-3.53800e-03,-1.03,-1.05
-3.53792e-03,-1.01,-1.01
-3.53784e-03,-1.03,-1.05
-3.53776e-03,-1.01,-0.99
-3.53768e-03,-1.03,-1.05
-3.53760e-03,-1.01,-0.99
-3.53752e-03,-1.03,-1.05
-3.53744e-03,-1.01,-0.99
-3.53736e-03,-1.01,-1.05
-3.53728e-03,-1.01,-0.99
-3.53720e-03,-1.03,-1.05
-3.53712e-03,-1.01,-0.99
-3.53704e-03,-1.01,-1.05
-3.53696e-03,-1.01,-0.99
-3.53688e-03,-1.01,-1.05
-3.53680e-03,-1.03,-0.99
-3.53672e-03,-1.01,-1.05
-3.53664e-03,-1.03,-0.99
-3.53656e-03,-1.03,-1.05
-3.53648e-03,-1.01,-0.99
-3.53640e-03,-1.01,-1.05
-3.53632e-03,-1.01,-0.99
-3.53624e-03,-1.03,-1.05
-3.53616e-03,-1.01,-0.99
-3.53608e-03,-1.01,-1.05
-3.53600e-03,-1.03,-0.99
-3.53592e-03,-1.03,-1.05
-3.53584e-03,-1.03,-0.99
-3.53576e-03,-0.99,-1.05
-3.53568e-03,-1.03,-0.99
-3.53560e-03,-1.01,-1.05
-3.53552e-03,-1.01,-0.99
-3.53544e-03,-0.99,-1.05
-3.53536e-03,-1.03,-0.99
-3.53528e-03,-1.01,-1.05
-3.53520e-03,-1.03,-0.99
-3.53512e-03,-0.99,-1.05
-3.53504e-03,-1.01,-0.99
-3.53496e-03,-1.01,-1.05
-3.53488e-03,-1.01,-0.99
-3.53480e-03,-1.03,-1.05
-3.53472e-03,-1.01,-0.99
-3.53464e-03,-1.03,-1.05
-3.53456e-03,-1.01,-0.99
-3.53448e-03,-1.01,-1.05
-3.53440e-03,-1.01,-0.99
-3.53432e-03,-1.01,-1.05
-3.53424e-03,-1.01,-0.99
-3.53416e-03,-0.99,-1.05
-3.53408e-03,-1.01,-0.99
-3.53400e-03,-1.03,-1.05
-3.53392e-03,-1.01,-0.99
-3.53384e-03,-1.01,-1.05
-3.53376e-03,-1.01,-0.97
-3.53368e-03,-1.01,-1.05
-3.53360e-03,-1.01,-0.99
-3.53352e-03,-1.03,-1.05
-3.53344e-03,-0.99,-0.99
-3.53336e-03,-1.01,-1.05
-3.53328e-03,-1.01,-0.99
-3.53320e-03,-1.01,-1.05
-3.53312e-03,-1.01,-0.99
-3.53304e-03,-0.99,-1.05
-3.53296e-03,-1.01,-0.99
-3.53288e-03,-1.01,-1.05
-3.53280e-03,-1.03,-0.99
-3.53272e-03,-1.01,-1.05
-3.53264e-03,-1.01,-0.99
-3.53256e-03,-1.01,-1.05
-3.53248e-03,-0.99,-0.99
-3.53240e-03,-1.03,-1.05
-3.53232e-03,-1.01,-0.99
-3.53224e-03,-1.01,-1.05
-3.53216e-03,-1.01,-0.99
-3.53208e-03,-1.01,-1.03
-3.53200e-03,-1.01,-0.99
-3.53192e-03,-1.03,-1.05
-3.53184e-03,-0.99,-0.99
-3.53176e-03,-0.99,-1.05
-3.53168e-03,-1.03,-0.99
-3.53160e-03,-1.01,-1.05
-3.53152e-03,-1.01,-0.99
-3.53144e-03,-1.01,-1.05
-3.53136e-03,-1.03,-0.99
-3.53128e-03,-1.01,-1.05
-3.53120e-03,-1.01,-0.99
-3.53112e-03,-1.03,-1.05
-3.53104e-03,-1.01,-0.97
-3.53096e-03,-1.03,-1.05
-3.53088e-03,-1.01,-0.99
-3.53080e-03,-1.03,-1.05
-3.53072e-03,-1.01,-0.99
-3.53064e-03,-1.03,-1.05
-3.53056e-03,-1.01,-0.99
-3.53048e-03,-1.03,-1.07
-3.53040e-03,-1.01,-0.97
-3.53032e-03,-0.99,-1.05
-3.53024e-03,-1.01,-0.97
-3.53016e-03,-0.99,-1.05
-3.53008e-03,-1.03,-0.99
-3.53000e-03,-1.01,-1.05
-3.52992e-03,-1.03,-0.99
-3.52984e-03,-1.01,-1.05
-3.52976e-03,-1.01,-0.99
-3.52968e-03,-1.03,-1.07
-3.52960e-03,-1.01,-0.99
-3.52952e-03,-1.03,-1.05
-3.52944e-03,-1.01,-0.99
-3.52936e-03,-1.03,-1.05
-3.52928e-03,-1.03,-0.99
-3.52920e-03,-1.01,-1.05
-3.52912e-03,-1.01,-0.99
-3.52904e-03,-1.03,-1.05
-3.52896e-03,-0.99,-0.99
-3.52888e-03,-1.01,-1.05
-3.52880e-03,-1.01,-0.99
-3.52872e-03,-1.01,-1.05
-3.52864e-03,-1.01,-0.99
-3.52856e-03,-1.01,-1.05
-3.52848e-03,-1.01,-0.99
-3.52840e-03,-1.01,-1.05
-3.52832e-03,-0.99,-0.99
-3.52824e-03,-1.01,-1.05
-3.52816e-03,-0.87,-0.99
-3.52808e-03,-0.95,-1.09
-3.52800e-03,-0.95,-0.71
-3.52792e-03,-0.95,-1.01
-3.52784e-03,-0.97,-0.89
-3.52776e-03,-0.93,-0.97
-3.52768e-03,-0.95,-0.93
-3.52760e-03,-0.97,-0.97
-3.52752e-03,-0.97,-0.91
-3.52744e-03,-1.01,-1.01
-3.52736e-03,-1.01,-0.93
-3.52728e-03,-1.03,-1.03
-3.52720e-03,-1.03,-0.97
-3.52712e-03,-1.03,-1.07
-3.52704e-03,-1.03,-1.01
-3.52696e-03,-1.03,-1.05
-3.52688e-03,-1.01,-1.01
-3.52680e-03,-1.01,-1.07
-3.52672e-03,-1.01,-1.01
-3.52664e-03,-0.99,-1.05
-3.52656e-03,-1.03,-0.99
-3.52648e-03,-1.01,-1.05
-3.52640e-03,-1.03,-0.99
-3.52632e-03,-1.01,-1.05
-3.52624e-03,-1.01,-0.99
-3.52616e-03,-1.01,-1.05
-3.52608e-03,-1.01,-0.99
-3.52600e-03,-1.01,-1.03
-3.52592e-03,-1.01,-0.99
-3.52584e-03,-1.01,-1.05
-3.52576e-03,-1.01,-0.99
-3.52568e-03,-1.03,-1.05
-3.52560e-03,-1.03,-0.99
-3.52552e-03,-1.01,-1.05
-3.52544e-03,-1.01,-0.97
-3.52536e-03,-1.01,-1.05
-3.52528e-03,-1.01,-0.99
-3.52520e-03,-1.01,-1.05
-3.52512e-03,-0.99,-0.99
-3.52504e-03,-1.01,-1.05
-3.52496e-03,-1.01,-0.97
-3.52488e-03,-1.01,-1.03
-3.52480e-03,-0.99,-0.99
-3.52472e-03,-1.01,-1.03
-3.52464e-03,-0.99,-0.97
-3.52456e-03,-0.99,-1.03
-3.52448e-03,-1.01,-0.99
-3.52440e-03,-1.01,-1.03
-3.52432e-03,-0.99,-0.99
-3.52424e-03,-0.99,-1.03
-3.52416e-03,-1.01,-0.99
-3.52408e-03,-0.99,-1.05
-3.52400e-03,-1.01,-0.99
-3.52392e-03,-1.01,-1.05
-3.52384e-03,-1.01,-0.99
-3.52376e-03,-1.01,-1.05
-3.52368e-03,-1.01,-0.99
-3.52360e-03,-1.01,-1.03
-3.52352e-03,-0.99,-0.99
-3.52344e-03,-1.01,-1.03
-3.52336e-03,-0.99,-0.99
-3.52328e-03,-1.01,-1.03
-3.52320e-03,-0.99,-0.97
-3.52312e-03,-0.99,-1.03
-3.52304e-03,-1.01,-0.99
-3.52296e-03,-0.99,-1.05
-3.52288e-03,-0.99,-0.99
-3.52280e-03,-0.99,-1.05
-3.52272e-03,-1.01,-0.99
-3.52264e-03,-1.01,-1.05
-3.52256e-03,-1.01,-0.99
-3.52248e-03,-1.01,-1.03
-3.52240e-03,-1.03,-0.99
-3.52232e-03,-1.01,-1.05
-3.52224e-03,-1.01,-0.99
-3.52216e-03,-0.99,-1.05
-3.52208e-03,-0.99,-0.97
-3.52200e-03,-1.03,-1.05
-3.52192e-03,-1.01,-0.97
-3.52184e-03,-1.03,-1.03
-3.52176e-03,-0.99,-0.97
-3.52168e-03,-0.99,-1.03
-3.52160e-03,-1.01,-0.99
-3.52152e-03,-1.01,-1.05
-3.52144e-03,-1.33,-0.99
-3.52136e-03,-1.09,-1.39
-3.52128e-03,-1.05,-0.93
-3.52120e-03,-1.07,-1.35
-3.52112e-03,-1.05,-1.03
-3.52104e-03,-1.09,-1.11
-3.52096e-03,-1.07,-1.03
-3.52088e-03,-1.07,-1.09
-3.52080e-03,-1.05,-1.05
-3.52072e-03,-1.03,-1.09
-3.52064e-03,-1.01,-1.03
-3.52056e-03,-1.01,-1.05
-3.52048e-03,-0.97,-0.99
-3.52040e-03,-1.01,-1.03
-3.52032e-03,-0.97,-0.97
-3.52024e-03,-0.99,-1.01
-3.52016e-03,-0.99,-0.97
-3.52008e-03,-0.99,-1.03
-3.52000e-03,-0.99,-0.95
-3.51992e-03,-1.01,-1.03
-3.51984e-03,-1.01,-0.97
-3.51976e-03,-0.99,-1.03
-3.51968e-03,-1.03,-0.99
-3.51960e-03,-0.99,-1.03
-3.51952e-03,-1.01,-0.99
-3.51944e-03,-1.01,-1.05
-3.51936e-03,-1.01,-0.97
-3.51928e-03,-1.01,-1.05
-3.51920e-03,-1.01,-0.97
-3.51912e-03,-1.01,-1.03
-3.51904e-03,-1.01,-0.99
-3.51896e-03,-1.01,-1.03
-3.51888e-03,-0.99,-0.97
-3.51880e-03,-1.01,-1.05
-3.51872e-03,-0.99,-0.97
-3.51864e-03,-0.99,-1.03
-3.51856e-03,-1.01,-0.99
-3.51848e-03,-1.01,-1.05
-3.51840e-03,-1.01,-0.97
-3.51832e-03,-1.01,-1.05
-3.51824e-03,-1.03,-0.99
-3.51816e-03,-0.99,-1.03
-3.51808e-03,-1.01,-0.97
-3.51800e-03,-0.99,-1.03
-3.51792e-03,-1.01,-0.97
-3.51784e-03,-1.05,-1.03
-3.51776e-03,-0.99,-0.99
-3.51768e-03,-1.01,-1.05
-3.51760e-03,-1.01,-0.97
-3.51752e-03,-1.03,-1.05
-3.51744e-03,-1.01,-0.99
-3.51736e-03,-1.01,-1.03
-3.51728e-03,-1.03,-0.99
-3.51720e-03,-1.01,-1.03
-3.51712e-03,-1.03,-0.99
-3.51704e-03,-1.01,-1.05
-3.51696e-03,-1.03,-0.99
-3.51688e-03,-0.99,-1.05
-3.51680e-03,-1.01,-0.99
-3.51672e-03,-1.01,-1.03
-3.51664e-03,-1.01,-0.99
-3.51656e-03,-1.03,-1.05
-3.51648e-03,-1.03,-0.99
-3.51640e-03,-1.03,-1.05
-3.51632e-03,-0.99,-0.99
-3.51624e-03,-1.01,-1.05
-3.51616e-03,-0.99,-0.99
-3.51608e-03,-1.01,-1.05
-3.51600e-03,-0.99,-0.97
-3.51592e-03,-1.01,-1.05
-3.51584e-03,-1.01,-0.99
-3.51576e-03,-1.01,-1.05
-3.51568e-03,-1.01,-0.99
-3.51560e-03,-1.01,-1.05
-3.51552e-03,-1.01,-0.97
-3.51544e-03,-1.01,-1.05
-3.51536e-03,-1.01,-0.99
-3.51528e-03,-1.03,-1.05
-3.51520e-03,-1.01,-0.99
-3.51512e-03,-1.01,-1.05
-3.51504e-03,-1.01,-0.99
-3.51496e-03,-1.01,-1.05
-3.51488e-03,-1.01,-0.99
-3.51480e-03,-1.01,-1.03
-3.51472e-03,-0.99,-0.99
-3.51464e-03,-1.01,-1.05
-3.51456e-03,-0.99,-0.99
-3.51448e-03,-1.01,-1.05
-3.51440e-03,-1.03,-0.99
-3.51432e-03,-0.99,-1.05
-3.51424e-03,-1.03,-0.99
-3.51416e-03,-0.99,-1.05
-3.51408e-03,-1.01,-0.99
-3.51400e-03,-1.01,-1.05
-3.51392e-03,-1.03,-0.97
-3.51384e-03,-1.03,-1.05
-3.51376e-03,-0.99,-0.99
-3.51368e-03,-1.03,-1.05
-3.51360e-03,-1.01,-0.97
-3.51352e-03,-1.03,-1.05
-3.51344e-03,-1.01,-0.99
-3.51336e-03,-1.05,-1.05
-3.51328e-03,-1.01,-0.99
-3.51320e-03,-1.01,-1.07
-3.51312e-03,-1.03,-0.99
-3.51304e-03,-1.01,-1.07
-3.51296e-03,-1.05,-0.97
-3.51288e-03,-0.99,-1.05
-3.51280e-03,-1.01,-0.99
-3.51272e-03,-1.03,-1.05
-3.51264e-03,-1.01,-0.99
-3.51256e-03,-1.01,-1.05
-3.51248e-03,-1.01,-0.99
-3.51240e-03,-1.03,-1.05
-3.51232e-03,-1.01,-0.99
-3.51224e-03,-1.03,-1.05
-3.51216e-03,-1.01,-0.99
-3.51208e-03,-1.03,-1.05
-3.51200e-03,-1.01,-1.01
-3.51192e-03,-1.01,-1.05
-3.51184e-03,-1.01,-0.99
-3.51176e-03,-1.01,-1.05
-3.51168e-03,-1.03,-0.99
-3.51160e-03,-1.01,-1.05
-3.51152e-03,-1.01,-0.99
-3.51144e-03,-1.01,-1.05
-3.51136e-03,-1.03,-0.99
-3.51128e-03,-1.01,-1.05
-3.51120e-03,-1.01,-0.99
-3.51112e-03,-1.01,-1.05
-3.51104e-03,-1.03,-0.99
-3.51096e-03,-1.03,-1.05
-3.51088e-03,-1.01,-0.99
-3.51080e-03,-1.03,-1.05
-3.51072e-03,-1.01,-0.99
-3.51064e-03,-1.03,-1.05
-3.51056e-03,-1.01,-0.99
-3.51048e-03,-1.01,-1.05
-3.51040e-03,-1.03,-0.99
-3.51032e-03,-1.01,-1.05
-3.51024e-03,-1.03,-0.99
-3.51016e-03,-1.01,-1.05
-3.51008e-03,-1.03,-0.99
-3.51000e-03,-1.01,-1.05
-3.50992e-03,-1.01,-0.99
-3.50984e-03,-1.01,-1.05
-3.50976e-03,-1.01,-0.99
-3.50968e-03,-1.03,-1.05
-3.50960e-03,-1.01,-0.99
-3.50952e-03,-1.03,-1.05
-3.50944e-03,-1.01,-0.99
-3.50936e-03,-1.03,-1.05
-3.50928e-03,-1.01,-0.99
-3.50920e-03,-1.01,-1.05
-3.50912e-03,-1.01,-0.99
-3.50904e-03,-1.01,-1.05
-3.50896e-03,-1.03,-0.99
-3.50888e-03,-1.01,-1.05
-3.50880e-03,-1.01,-1.01
-3.50872e-03,-1.03,-1.05
-3.50864e-03,-1.03,-0.99
-3.50856e-03,-1.03,-1.05
-3.50848e-03,-1.03,-0.99
-3.50840e-03,-1.03,-1.05
-3.50832e-03,-1.01,-0.99
-3.50824e-03,-1.03,-1.05
-3.50816e-03,-0.99,-0.99
-3.50808e-03,-1.03,-1.05
-3.50800e-03,-1.03,-0.99
-3.50792e-03,-1.03,-1.05
-3.50784e-03,-1.03,-0.99
-3.50776e-03,-1.01,-1.05
-3.50768e-03,-1.03,-0.99
-3.50760e-03,-1.03,-1.05
-3.50752e-03,-1.01,-0.99
-3.50744e-03,-1.01,-1.05
-3.50736e-03,-1.03,-0.99
-3.50728e-03,-1.03,-1.05
-3.50720e-03,-1.01,-0.99
-3.50712e-03,-1.03,-1.05
-3.50704e-03,-1.03,-0.99
-3.50696e-03,-1.03,-1.05
-3.50688e-03,-1.01,-0.99
-3.50680e-03,-1.05,-1.05
-3.50672e-03,-1.03,-0.99
-3.50664e-03,-1.01,-1.05
-3.50656e-03,-1.01,-1.01
-3.50648e-03,-1.03,-1.05
-3.50640e-03,-1.03,-0.99
-3.50632e-03,-1.01,-1.05
-3.50624e-03,-1.03,-0.99
-3.50616e-03,-1.03,-1.05
-3.50608e-03,-1.03,-0.99
-3.50600e-03,-1.03,-1.05
-3.50592e-03,-1.05,-0.99
-3.50584e-03,-1.03,-1.05
-3.50576e-03,-1.03,-1.01
-3.50568e-03,-1.05,-1.07
-3.50560e-03,-1.03,-0.99
-3.50552e-03,-1.03,-1.07
-3.50544e-03,-1.01,-0.99
-3.50536e-03,-1.03,-1.05
-3.50528e-03,-1.03,-0.99
-3.50520e-03,-1.03,-1.05
-3.50512e-03,-1.03,-0.99
-3.50504e-03,-1.01,-1.05
-3.50496e-03,-1.03,-0.99
-3.50488e-03,-1.03,-1.05
-3.50480e-03,-1.01,-0.99
-3.50472e-03,-0.99,-1.05
-3.50464e-03,-0.99,-0.99
-3.50456e-03,-0.99,-1.05
-3.50448e-03,-0.99,-0.97
-3.50440e-03,-0.99,-1.03
-3.50432e-03,-1.01,-0.97
-3.50424e-03,-1.03,-1.03
-3.50416e-03,-1.01,-0.99
-3.50408e-03,-1.01,-1.05
-3.50400e-03,-1.03,-0.99
-3.50392e-03,-1.05,-1.05
-3.50384e-03,-1.03,-1.01
-3.50376e-03,-1.03,-1.05
-3.50368e-03,-1.03,-0.99
-3.50360e-03,-1.01,-1.07
-3.50352e-03,-1.03,-1.01
-3.50344e-03,-1.03,-1.05
-3.50336e-03,-1.05,-0.99
-3.50328e-03,-1.03,-1.07
-3.50320e-03,-1.03,-1.01
-3.50312e-03,-1.01,-1.05
-3.50304e-03,-1.03,-0.99
-3.50296e-03,-1.01,-1.05
-3.50288e-03,-1.01,-1.01
-3.50280e-03,-1.03,-1.05
-3.50272e-03,-1.01,-0.99
-3.50264e-03,-1.03,-1.05
-3.50256e-03,-1.03,-1.01
-3.50248e-03,-1.03,-1.07
-3.50240e-03,-1.03,-1.01
-3.50232e-03,-1.03,-1.05
-3.50224e-03,-1.03,-1.01
-3.50216e-03,-1.03,-1.07
-3.50208e-03,-1.03,-1.01
-3.50200e-03,-1.05,-1.07
-3.50192e-03,-0.99,-1.01
-3.50184e-03,-1.03,-1.05
-3.50176e-03,-1.03,-0.99
-3.50168e-03,-1.03,-1.07
-3.50160e-03,-1.01,-1.01
-3.50152e-03,-1.05,-1.07
-3.50144e-03,-1.03,-1.01
-3.50136e-03,-1.05,-1.07
-3.50128e-03,-1.03,-1.01
-3.50120e-03,-1.01,-1.07
-3.50112e-03,-1.05,-1.01
-3.50104e-03,-1.01,-1.07
-3.50096e-03,-1.03,-1.01
-3.50088e-03,-1.01,-1.07
-3.50080e-03,-1.03,-0.99
-3.50072e-03,-1.01,-1.07
-3.50064e-03,-1.03,-1.01
-3.50056e-03,-1.01,-1.07
-3.50048e-03,-1.03,-0.99
-3.50040e-03,-1.05,-1.07
-3.50032e-03,-1.01,-0.99
-3.50024e-03,-1.03,-1.07
-3.50016e-03,-1.03,-1.01
-3.50008e-03,-1.03,-1.05
-3.50000e-03,-1.01,-0.99
-3.49992e-03,-1.03,-1.05
-3.49984e-03,-1.03,-1.01
-3.49976e-03,-1.03,-1.07
-3.49968e-03,-1.03,-1.01
-3.49960e-03,-1.01,-1.05
-3.49952e-03,-1.01,-1.01
-3.49944e-03,-1.01,-1.05
-3.49936e-03,-1.05,-1.01
-3.49928e-03,-1.01,-1.07
-3.49920e-03,-1.05,-0.99
-3.49912e-03,-1.05,-1.09
-3.49904e-03,-1.03,-0.99
-3.49896e-03,-1.05,-1.07
-3.49888e-03,-1.03,-1.01
-3.49880e-03,-1.05,-1.05
-3.49872e-03,-1.03,-1.01
-3.49864e-03,-1.03,-1.05
-3.49856e-03,-1.03,-1.01
-3.49848e-03,-1.03,-1.05
-3.49840e-03,-1.03,-1.01
-3.49832e-03,-1.01,-1.07
-3.49824e-03,-1.03,-1.01
-3.49816e-03,-1.01,-1.07
-3.49808e-03,-1.03,-1.01
-3.49800e-03,-1.03,-1.05
-3.49792e-03,-1.03,-1.01
-3.49784e-03,-1.05,-1.07
-3.49776e-03,-1.01,-1.01
-3.49768e-03,-1.05,-1.07
-3.49760e-03,-1.03,-1.01
-3.49752e-03,-1.05,-1.07
-3.49744e-03,-1.05,-0.99
-3.49736e-03,-1.01,-1.07
-3.49728e-03,-1.03,-1.01
-3.49720e-03,-1.01,-1.07
-3.49712e-03,-1.01,-0.99
-3.49704e-03,-1.03,-1.07
-3.49696e-03,-1.03,-0.99
-3.49688e-03,-1.03,-1.07
-3.49680e-03,-1.03,-0.99
-3.49672e-03,-1.03,-1.05
-3.49664e-03,-1.01,-0.99
-3.49656e-03,-1.05,-1.07
-3.49648e-03,-1.03,-1.01
-3.49640e-03,-1.03,-1.05
-3.49632e-03,-1.01,-1.01
-3.49624e-03,-1.03,-1.07
-3.49616e-03,-1.03,-0.99
-3.49608e-03,-1.01,-1.05
-3.49600e-03,-1.03,-1.01
-3.49592e-03,-1.03,-1.05
-3.49584e-03,-1.03,-0.99
-3.49576e-03,-1.03,-1.05
-3.49568e-03,-1.03,-0.99
-3.49560e-03,-1.03,-1.05
-3.49552e-03,-1.05,-1.01
-3.49544e-03,-1.03,-1.05
-3.49536e-03,-1.03,-1.01
-3.49528e-03,-1.03,-1.05
-3.49520e-03,-1.03,-1.01
-3.49512e-03,-1.03,-1.05
-3.49504e-03,-1.01,-0.99
-3.49496e-03,-1.05,-1.05
-3.49488e-03,-1.01,-1.01
-3.49480e-03,-1.01,-1.05
-3.49472e-03,-1.03,-1.01
-3.49464e-03,-1.03,-1.05
-3.49456e-03,-1.03,-0.99
-3.49448e-03,-1.03,-1.05
-3.49440e-03,-1.03,-0.99
-3.49432e-03,-1.01,-1.05
-3.49424e-03,-1.05,-1.01
-3.49416e-03,-1.01,-1.05
-3.49408e-03,-1.03,-1.01
-3.49400e-03,-1.03,-1.05
-3.49392e-03,-1.05,-1.01
-3.49384e-03,-1.03,-1.05
-3.49376e-03,-1.01,-0.99
-3.49368e-03,-1.03,-1.05
-3.49360e-03,-1.01,-0.99
-3.49352e-03,-1.03,-1.05
-3.49344e-03,-1.01,-1.01
-3.49336e-03,-1.03,-1.05
-3.49328e-03,-0.99,-1.01
-3.49320e-03,-1.03,-1.05
-3.49312e-03,-1.03,-0.99
-3.49304e-03,-1.03,-1.05
-3.49296e-03,-1.03,-0.99
-3.49288e-03,-1.01,-1.07
-3.49280e-03,-1.03,-1.01
-3.49272e-03,-1.03,-1.05
-3.49264e-03,-1.01,-1.01
-3.49256e-03,-1.03,-1.05
-3.49248e-03,-1.03,-1.01
-3.49240e-03,-1.03,-1.05
-3.49232e-03,-1.01,-1.01
-3.49224e-03,-1.03,-1.05
-3.49216e-03,-1.03,-0.99
-3.49208e-03,-1.03,-1.07
-3.49200e-03,-1.03,-1.01
-3.49192e-03,-1.03,-1.05
-3.49184e-03,-1.03,-1.01
-3.49176e-03,-1.01,-1.05
-3.49168e-03,-1.03,-1.01
-3.49160e-03,-1.01,-1.07
-3.49152e-03,-1.03,-1.01
-3.49144e-03,-1.05,-1.05
-3.49136e-03,-1.03,-1.01
-3.49128e-03,-1.01,-1.05
-3.49120e-03,-1.03,-1.01
-3.49112e-03,-1.05,-1.05
-3.49104e-03,-1.01,-1.01
-3.49096e-03,-1.03,-1.05
-3.49088e-03,-1.03,-1.01
-3.49080e-03,-1.03,-1.07
-3.49072e-03,-1.03,-1.01
-3.49064e-03,-1.01,-1.05
-3.49056e-03,-1.03,-1.01
-3.49048e-03,-1.05,-1.07
-3.49040e-03,-1.03,-0.99
-3.49032e-03,-1.01,-1.07
-3.49024e-03,-1.05,-1.01
-3.49016e-03,-1.03,-1.07
-3.49008e-03,-1.05,-1.01
-3.49000e-03,-1.03,-1.07
-3.48992e-03,-1.03,-0.99
-3.48984e-03,-1.03,-1.07
-3.48976e-03,-1.03,-1.01
-3.48968e-03,-1.03,-1.07
-3.48960e-03,-1.03,-1.01
-3.48952e-03,-1.03,-1.05
-3.48944e-03,-1.01,-1.01
-3.48936e-03,-1.05,-1.07
-3.48928e-03,-1.05,-1.01
-3.48920e-03,-1.01,-1.07
-3.48912e-03,-1.03,-0.99
-3.48904e-03,-0.99,-1.07
-3.48896e-03,-1.05,-1.01
-3.48888e-03,-1.03,-1.07
-3.48880e-03,-1.05,-0.99
-3.48872e-03,-1.01,-1.05
-3.48864e-03,-1.03,-1.01
-3.48856e-03,-1.05,-1.05
-3.48848e-03,-1.01,-1.01
-3.48840e-03,-1.03,-1.07
-3.48832e-03,-1.03,-1.01
-3.48824e-03,-1.05,-1.07
-3.48816e-03,-1.01,-0.99
-3.48808e-03,-1.03,-1.07
-3.48800e-03,-1.03,-0.99
-3.48792e-03,-1.05,-1.05
-3.48784e-03,-1.03,-0.99
-3.48776e-03,-1.03,-1.05
-3.48768e-03,-1.03,-1.01
-3.48760e-03,-1.03,-1.07
-3.48752e-03,-1.05,-1.01
-3.48744e-03,-1.01,-1.07
-3.48736e-03,-1.03,-1.01
-3.48728e-03,-1.01,-1.07
-3.48720e-03,-1.05,-1.01
-3.48712e-03,-1.03,-1.07
-3.48704e-03,-1.03,-1.01
-3.48696e-03,-1.05,-1.07
-3.48688e-03,-1.03,-1.01
-3.48680e-03,-1.03,-1.05
-3.48672e-03,-1.01,-1.01
-3.48664e-03,-1.03,-1.05
-3.48656e-03,-1.03,-1.01
-3.48648e-03,-1.01,-1.07
-3.48640e-03,-1.03,-1.01
-3.48632e-03,-1.01,-1.05
-3.48624e-03,-1.03,-1.01
-3.48616e-03,-1.03,-1.05
-3.48608e-03,-1.03,-1.01
-3.48600e-03,-1.01,-1.05
-3.48592e-03,-1.03,-1.01
-3.48584e-03,-1.01,-1.05
-3.48576e-03,-1.03,-1.01
-3.48568e-03,-1.03,-1.05
-3.48560e-03,-1.01,-1.01
-3.48552e-03,-1.05,-1.05
-3.48544e-03,-1.01,-1.01
-3.48536e-03,-1.03,-1.05
-3.48528e-03,-1.03,-0.99
-3.48520e-03,-1.03,-1.05
-3.48512e-03,-1.03,-1.01
-3.48504e-03,-1.01,-1.05
-3.48496e-03,-1.03,-1.01
-3.48488e-03,-1.01,-1.05
-3.48480e-03,-1.03,-1.01
-3.48472e-03,-1.03,-1.05
-3.48464e-03,-1.03,-0.99
-3.48456e-03,-1.03,-1.05
-3.48448e-03,-1.03,-0.99
-3.48440e-03,-1.01,-1.05
-3.48432e-03,-1.01,-0.99
-3.48424e-03,-1.05,-1.07
-3.48416e-03,-1.01,-0.99
-3.48408e-03,-1.03,-1.05
-3.48400e-03,-1.03,-1.01
-3.48392e-03,-1.03,-1.05
-3.48384e-03,-1.03,-0.99
-3.48376e-03,-1.03,-1.05
-3.48368e-03,-1.01,-1.01
-3.48360e-03,-1.01,-1.05
-3.48352e-03,-1.01,-0.99
-3.48344e-03,-1.01,-1.07
-3.48336e-03,-1.01,-0.99
-3.48328e-03,-1.01,-1.05
-3.48320e-03,-1.03,-1.01
-3.48312e-03,-1.01,-1.07
-3.48304e-03,-0.99,-0.99
-3.48296e-03,-1.01,-1.05
-3.48288e-03,-1.01,-0.99
-3.48280e-03,-1.03,-1.05
-3.48272e-03,-1.03,-0.99
-3.48264e-03,-1.01,-1.05
-3.48256e-03,-1.03,-0.99
-3.48248e-03,-1.03,-1.05
-3.48240e-03,-1.03,-0.99
-3.48232e-03,-1.01,-1.05
-3.48224e-03,-1.01,-0.99
-3.48216e-03,-0.99,-1.05
-3.48208e-03,-1.03,-0.99
-3.48200e-03,-1.01,-1.05
-3.48192e-03,-1.01,-0.99
-3.48184e-03,-1.01,-1.05
-3.48176e-03,-1.01,-0.99
-3.48168e-03,-1.03,-1.05
-3.48160e-03,-1.01,-0.99
-3.48152e-03,-1.03,-1.05
-3.48144e-03,-1.01,-0.99
-3.48136e-03,-1.03,-1.05
-3.48128e-03,-1.01,-0.99
-3.48120e-03,-1.05,-1.05
-3.48112e-03,-1.05,-0.99
-3.48104e-03,-1.03,-1.07
-3.48096e-03,-1.03,-0.99
-3.48088e-03,-1.01,-1.07
-3.48080e-03,-1.03,-0.99
-3.48072e-03,-1.01,-1.07
-3.48064e-03,-1.01,-0.99
-3.48056e-03,-1.03,-1.05
-3.48048e-03,-1.01,-0.99
-3.48040e-03,-1.05,-1.05
-3.48032e-03,-0.99,-0.99
-3.48024e-03,-1.03,-1.07
-3.48016e-03,-1.01,-0.99
-3.48008e-03,-1.01,-1.05
-3.48000e-03,-1.01,-0.99
-3.47992e-03,-1.03,-1.07
-3.47984e-03,-1.01,-0.99
-3.47976e-03,-1.01,-1.05
-3.47968e-03,-1.01,-0.99
-3.47960e-03,-1.03,-1.05
-3.47952e-03,-1.03,-0.99
-3.47944e-03,-1.01,-1.05
-3.47936e-03,-1.03,-0.99
-3.47928e-03,-1.03,-1.05
-3.47920e-03,-1.03,-0.99
-3.47912e-03,-1.05,-1.05
-3.47904e-03,-1.01,-1.01
-3.47896e-03,-1.03,-1.05
-3.47888e-03,-1.01,-0.99
-3.47880e-03,-1.01,-1.05
-3.47872e-03,-1.01,-0.99
-3.47864e-03,-1.01,-1.05
-3.47856e-03,-1.03,-0.99
-3.47848e-03,-1.03,-1.05
-3.47840e-03,-1.01,-0.99
-3.47832e-03,-1.01,-1.05
-3.47824e-03,-1.01,-0.99
-3.47816e-03,-0.91,-1.05
-3.47808e-03,-0.93,-0.99
-3.47800e-03,-0.97,-1.09
-3.47792e-03,-0.97,-0.71
-3.47784e-03,-0.93,-1.01
-3.47776e-03,-0.95,-0.91
-3.47768e-03,-0.95,-0.99
-3.47760e-03,-0.97,-0.93
-3.47752e-03,-0.99,-0.97
-3.47744e-03,-0.99,-0.91
-3.47736e-03,-1.01,-1.01
-3.47728e-03,-1.03,-0.93
-3.47720e-03,-1.05,-1.05
-3.47712e-03,-1.03,-0.97
-3.47704e-03,-1.05,-1.07
-3.47696e-03,-1.03,-1.01
-3.47688e-03,-1.03,-1.07
-3.47680e-03,-1.03,-1.01
-3.47672e-03,-1.03,-1.05
-3.47664e-03,-1.03,-1.01
-3.47656e-03,-1.03,-1.05
-3.47648e-03,-1.01,-0.99
-3.47640e-03,-1.03,-1.05
-3.47632e-03,-1.03,-0.99
-3.47624e-03,-1.01,-1.03
-3.47616e-03,-1.01,-0.99
-3.47608e-03,-0.99,-1.05
-3.47600e-03,-1.01,-0.99
-3.47592e-03,-1.03,-1.05
-3.47584e-03,-1.01,-0.99
-3.47576e-03,-1.03,-1.05
-3.47568e-03,-1.03,-0.99
-3.47560e-03,-1.01,-1.05
-3.47552e-03,-1.03,-0.99
-3.47544e-03,-1.03,-1.05
-3.47536e-03,-1.01,-0.99
-3.47528e-03,-1.03,-1.05
-3.47520e-03,-0.99,-0.99
-3.47512e-03,-1.01,-1.05
-3.47504e-03,-0.99,-0.99
-3.47496e-03,-1.01,-1.05
-3.47488e-03,-1.01,-0.99
-3.47480e-03,-1.01,-1.03
-3.47472e-03,-1.03,-0.99
-3.47464e-03,-1.01,-1.03
-3.47456e-03,-1.01,-0.99
-3.47448e-03,-1.01,-1.05
-3.47440e-03,-1.01,-0.99
-3.47432e-03,-1.01,-1.03
-3.47424e-03,-1.01,-0.99
-3.47416e-03,-1.01,-1.03
-3.47408e-03,-1.01,-0.99
-3.47400e-03,-1.01,-1.05
-3.47392e-03,-1.01,-0.99
-3.47384e-03,-1.03,-1.05
-3.47376e-03,-1.03,-0.99
-3.47368e-03,-1.01,-1.05
-3.47360e-03,-1.03,-0.99
-3.47352e-03,-1.01,-1.05
-3.47344e-03,-1.01,-0.99
-3.47336e-03,-1.01,-1.05
-3.47328e-03,-1.01,-0.99
-3.47320e-03,-1.03,-1.05
-3.47312e-03,-1.01,-0.97
-3.47304e-03,-1.01,-1.05
-3.47296e-03,-1.03,-0.99
-3.47288e-03,-1.03,-1.05
-3.47280e-03,-1.01,-0.99
-3.47272e-03,-1.03,-1.07
-3.47264e-03,-0.99,-0.97
-3.47256e-03,-1.01,-1.05
-3.47248e-03,-1.01,-0.97
-3.47240e-03,-1.01,-1.05
-3.47232e-03,-1.01,-0.99
-3.47224e-03,-1.01,-1.03
-3.47216e-03,-1.03,-0.99
-3.47208e-03,-1.01,-1.05
-3.47200e-03,-0.99,-0.99
-3.47192e-03,-1.01,-1.05
-3.47184e-03,-1.03,-0.99
-3.47176e-03,-1.01,-1.05
-3.47168e-03,-1.03,-0.99
-3.47160e-03,-1.01,-1.05
-3.47152e-03,-1.01,-0.99
-3.47144e-03,-1.01,-1.05
-3.47136e-03,-1.25,-0.99
-3.47128e-03,-1.05,-1.37
-3.47120e-03,-1.05,-0.93
-3.47112e-03,-1.07,-1.27
-3.47104e-03,-1.07,-1.03
-3.47096e-03,-1.09,-1.09
-3.47088e-03,-1.07,-1.05
-3.47080e-03,-1.07,-1.13
-3.47072e-03,-1.03,-1.05
-3.47064e-03,-1.03,-1.11
-3.47056e-03,-1.01,-1.01
-3.47048e-03,-0.99,-1.07
-3.47040e-03,-1.01,-0.99
-3.47032e-03,-0.97,-1.03
-3.47024e-03,-1.01,-0.97
-3.47016e-03,-0.99,-1.03
-3.47008e-03,-0.99,-0.97
-3.47000e-03,-0.99,-1.03
-3.46992e-03,-1.01,-0.97
-3.46984e-03,-1.01,-1.03
-3.46976e-03,-1.01,-0.97
-3.46968e-03,-1.01,-1.03
-3.46960e-03,-0.99,-0.99
-3.46952e-03,-1.03,-1.03
-3.46944e-03,-1.01,-0.99
-3.46936e-03,-1.03,-1.03
-3.46928e-03,-1.01,-0.99
-3.46920e-03,-1.01,-1.05
-3.46912e-03,-1.01,-0.99
-3.46904e-03,-1.01,-1.05
-3.46896e-03,-1.01,-0.97
-3.46888e-03,-1.01,-1.05
-3.46880e-03,-1.03,-0.99
-3.46872e-03,-1.01,-1.05
-3.46864e-03,-0.99,-0.99
-3.46856e-03,-1.01,-1.05
-3.46848e-03,-0.99,-0.99
-3.46840e-03,-1.01,-1.05
-3.46832e-03,-1.01,-0.99
-3.46824e-03,-1.01,-1.05
-3.46816e-03,-1.01,-0.99
-3.46808e-03,-1.01,-1.03
-3.46800e-03,-1.01,-0.99
-3.46792e-03,-0.99,-1.05
-3.46784e-03,-1.01,-0.99
-3.46776e-03,-0.99,-1.05
-3.46768e-03,-1.03,-0.97
-3.46760e-03,-1.01,-1.05
-3.46752e-03,-1.01,-0.99
-3.46744e-03,-1.01,-1.05
-3.46736e-03,-1.01,-0.99
-3.46728e-03,-1.03,-1.05
-3.46720e-03,-1.01,-0.99
-3.46712e-03,-1.03,-1.05
-3.46704e-03,-1.01,-0.99
-3.46696e-03,-1.03,-1.05
-3.46688e-03,-1.01,-0.99
-3.46680e-03,-1.03,-1.05
-3.46672e-03,-1.01,-1.01
-3.46664e-03,-1.03,-1.05
-3.46656e-03,-1.03,-0.99
-3.46648e-03,-0.99,-1.05
-3.46640e-03,-1.03,-0.99
-3.46632e-03,-1.01,-1.05
-3.46624e-03,-1.03,-0.99
-3.46616e-03,-1.01,-1.05
-3.46608e-03,-1.03,-0.99
-3.46600e-03,-1.01,-1.05
-3.46592e-03,-1.01,-0.99
-3.46584e-03,-1.03,-1.05
-3.46576e-03,-1.01,-0.99
-3.46568e-03,-1.03,-1.05
-3.46560e-03,-1.01,-0.99
-3.46552e-03,-1.01,-1.05
-3.46544e-03,-1.03,-0.99
-3.46536e-03,-1.01,-1.05
-3.46528e-03,-1.01,-0.99
-3.46520e-03,-0.99,-1.05
-3.46512e-03,-1.03,-0.99
-3.46504e-03,-1.01,-1.05
-3.46496e-03,-1.01,-0.97
-3.46488e-03,-0.99,-1.07
-3.46480e-03,-1.03,-0.99
-3.46472e-03,-1.03,-1.05
-3.46464e-03,-1.03,-0.99
-3.46456e-03,-1.03,-1.05
-3.46448e-03,-1.03,-0.99
-3.46440e-03,-1.01,-1.05
-3.46432e-03,-1.01,-0.99
-3.46424e-03,-1.03,-1.07
-3.46416e-03,-1.01,-0.99
-3.46408e-03,-1.03,-1.05
-3.46400e-03,-1.01,-0.99
-3.46392e-03,-1.03,-1.05
-3.46384e-03,-1.01,-0.99
-3.46376e-03,-1.03,-1.05
-3.46368e-03,-1.03,-0.99
-3.46360e-03,-1.01,-1.07
-3.46352e-03,-1.03,-1.01
-3.46344e-03,-1.03,-1.05
-3.46336e-03,-1.03,-1.01
-3.46328e-03,-1.03,-1.07
-3.46320e-03,-1.03,-1.01
-3.46312e-03,-1.03,-1.05
-3.46304e-03,-1.01,-1.01
-3.46296e-03,-1.03,-1.05
-3.46288e-03,-1.01,-0.99
-3.46280e-03,-1.03,-1.07
-3.46272e-03,-1.01,-1.01
-3.46264e-03,-1.03,-1.05
-3.46256e-03,-1.03,-1.01
-3.46248e-03,-1.01,-1.05
-3.46240e-03,-1.03,-1.01
-3.46232e-03,-1.01,-1.07
-3.46224e-03,-1.03,-1.01
-3.46216e-03,-1.03,-1.05
-3.46208e-03,-1.03,-1.01
-3.46200e-03,-1.01,-1.05
-3.46192e-03,-1.03,-0.99
-3.46184e-03,-1.05,-1.05
-3.46176e-03,-1.01,-0.99
-3.46168e-03,-1.05,-1.05
-3.46160e-03,-1.01,-0.99
-3.46152e-03,-1.03,-1.07
-3.46144e-03,-1.03,-0.99
-3.46136e-03,-1.01,-1.05
-3.46128e-03,-1.03,-0.99
-3.46120e-03,-1.01,-1.07
-3.46112e-03,-1.01,-0.99
-3.46104e-03,-1.01,-1.05
-3.46096e-03,-1.03,-0.99
-3.46088e-03,-1.03,-1.07
-3.46080e-03,-1.03,-0.99
-3.46072e-03,-1.01,-1.05
-3.46064e-03,-1.01,-0.99
-3.46056e-03,-1.03,-1.05
-3.46048e-03,-1.01,-0.99
-3.46040e-03,-1.03,-1.05
-3.46032e-03,-1.01,-0.99
-3.46024e-03,-1.03,-1.07
-3.46016e-03,-1.03,-0.99
-3.46008e-03,-1.03,-1.05
-3.46000e-03,-1.01,-1.01
-3.45992e-03,-1.03,-1.05
-3.45984e-03,-1.03,-1.01
-3.45976e-03,-1.01,-1.05
-3.45968e-03,-1.01,-1.01
-3.45960e-03,-1.03,-1.05
-3.45952e-03,-1.03,-1.01
-3.45944e-03,-1.01,-1.05
-3.45936e-03,-1.03,-1.01
-3.45928e-03,-1.01,-1.05
-3.45920e-03,-1.01,-0.99
-3.45912e-03,-1.03,-1.05
-3.45904e-03,-1.01,-1.01
-3.45896e-03,-1.03,-1.05
-3.45888e-03,-1.03,-0.99
-3.45880e-03,-1.03,-1.05
-3.45872e-03,-1.01,-0.99
-3.45864e-03,-1.03,-1.05
-3.45856e-03,-1.03,-1.01
-3.45848e-03,-1.01,-1.05
-3.45840e-03,-1.01,-1.01
-3.45832e-03,-1.01,-1.05
-3.45824e-03,-1.01,-1.01
-3.45816e-03,-1.01,-1.05
-3.45808e-03,-1.03,-1.01
-3.45800e-03,-1.03,-1.05
-3.45792e-03,-1.03,-0.99
-3.45784e-03,-1.01,-1.05
-3.45776e-03,-1.01,-1.01
-3.45768e-03,-1.05,-1.05
-3.45760e-03,-1.03,-0.99
-3.45752e-03,-1.03,-1.05
-3.45744e-03,-1.03,-0.99
-3.45736e-03,-1.03,-1.05
-3.45728e-03,-1.03,-0.99
-3.45720e-03,-1.03,-1.07
-3.45712e-03,-1.03,-0.99
-3.45704e-03,-1.01,-1.05
-3.45696e-03,-1.03,-0.99
-3.45688e-03,-1.01,-1.07
-3.45680e-03,-1.03,-1.01
-3.45672e-03,-1.01,-1.05
-3.45664e-03,-1.01,-0.99
-3.45656e-03,-1.03,-1.05
-3.45648e-03,-1.05,-1.01
-3.45640e-03,-1.05,-1.07
-3.45632e-03,-1.03,-0.99
-3.45624e-03,-1.05,-1.07
-3.45616e-03,-1.01,-0.99
-3.45608e-03,-1.01,-1.07
-3.45600e-03,-1.01,-0.99
-3.45592e-03,-1.03,-1.07
-3.45584e-03,-1.03,-0.99
-3.45576e-03,-0.99,-1.05
-3.45568e-03,-1.03,-0.99
-3.45560e-03,-1.01,-1.05
-3.45552e-03,-1.03,-0.99
-3.45544e-03,-1.01,-1.05
-3.45536e-03,-1.03,-0.99
-3.45528e-03,-1.03,-1.05
-3.45520e-03,-0.99,-0.99
-3.45512e-03,-1.03,-1.05
-3.45504e-03,-1.01,-0.99
-3.45496e-03,-1.03,-1.05
-3.45488e-03,-1.01,-0.99
-3.45480e-03,-1.03,-1.05
-3.45472e-03,-1.01,-0.99
-3.45464e-03,-1.03,-1.05
-3.45456e-03,-1.01,-1.01
-3.45448e-03,-1.01,-1.05
-3.45440e-03,-1.03,-1.01
-3.45432e-03,-1.01,-1.05
-3.45424e-03,-1.03,-0.99
-3.45416e-03,-1.01,-1.05
-3.45408e-03,-1.01,-1.01
-3.45400e-03,-1.01,-1.05
-3.45392e-03,-1.01,-0.99
-3.45384e-03,-1.01,-1.05
-3.45376e-03,-1.01,-0.99
-3.45368e-03,-1.05,-1.05
-3.45360e-03,-1.01,-0.99
-3.45352e-03,-1.03,-1.05
-3.45344e-03,-1.01,-0.99
-3.45336e-03,-1.03,-1.05
-3.45328e-03,-1.01,-0.99
-3.45320e-03,-1.03,-1.05
-3.45312e-03,-1.03,-1.01
-3.45304e-03,-1.01,-1.07
-3.45296e-03,-1.03,-0.99
-3.45288e-03,-1.03,-1.05
-3.45280e-03,-1.03,-0.99
-3.45272e-03,-1.01,-1.05
-3.45264e-03,-1.03,-0.99
-3.45256e-03,-1.03,-1.07
-3.45248e-03,-1.03,-0.99
-3.45240e-03,-1.03,-1.07
-3.45232e-03,-1.01,-0.99
-3.45224e-03,-1.03,-1.05
-3.45216e-03,-1.01,-1.01
-3.45208e-03,-1.03,-1.07
-3.45200e-03,-1.01,-1.01
-3.45192e-03,-1.03,-1.05
-3.45184e-03,-1.03,-1.01
-3.45176e-03,-1.01,-1.07
-3.45168e-03,-1.03,-1.01
-3.45160e-03,-1.03,-1.07
-3.45152e-03,-1.05,-1.01
-3.45144e-03,-1.01,-1.05
-3.45136e-03,-1.01,-1.01
-3.45128e-03,-1.03,-1.07
-3.45120e-03,-1.03,-1.01
-3.45112e-03,-1.03,-1.07
-3.45104e-03,-1.03,-1.01
-3.45096e-03,-1.03,-1.05
-3.45088e-03,-1.03,-1.01
-3.45080e-03,-1.03,-1.05
-3.45072e-03,-1.03,-1.01
-3.45064e-03,-1.03,-1.05
-3.45056e-03,-1.01,-1.01
-3.45048e-03,-1.03,-1.05
-3.45040e-03,-1.03,-1.01
-3.45032e-03,-1.01,-1.07
-3.45024e-03,-1.05,-1.01
-3.45016e-03,-1.01,-1.05
-3.45008e-03,-1.03,-0.99
-3.45000e-03,-1.03,-1.05
-3.44992e-03,-1.03,-0.99
-3.44984e-03,-1.03,-1.05
-3.44976e-03,-1.01,-1.01
-3.44968e-03,-1.03,-1.05
-3.44960e-03,-1.03,-1.01
-3.44952e-03,-1.03,-1.07
-3.44944e-03,-1.01,-0.99
-3.44936e-03,-1.05,-1.07
-3.44928e-03,-1.01,-1.01
-3.44920e-03,-1.03,-1.07
-3.44912e-03,-1.03,-1.01
-3.44904e-03,-1.03,-1.07
-3.44896e-03,-1.03,-1.01
-3.44888e-03,-1.03,-1.07
-3.44880e-03,-1.05,-1.01
-3.44872e-03,-1.03,-1.05
-3.44864e-03,-1.05,-1.01
-3.44856e-03,-1.05,-1.07
-3.44848e-03,-1.05,-0.99
-3.44840e-03,-1.05,-1.05
-3.44832e-03,-1.03,-1.01
-3.44824e-03,-1.05,-1.07
-3.44816e-03,-1.03,-1.01
-3.44808e-03,-1.05,-1.07
-3.44800e-03,-1.03,-1.01
-3.44792e-03,-1.03,-1.05
-3.44784e-03,-1.05,-0.99
-3.44776e-03,-1.01,-1.07
-3.44768e-03,-1.03,-1.01
-3.44760e-03,-1.03,-1.07
-3.44752e-03,-1.03,-1.01
-3.44744e-03,-1.03,-1.05
-3.44736e-03,-1.03,-0.99
-3.44728e-03,-1.03,-1.07
-3.44720e-03,-1.01,-0.99
-3.44712e-03,-1.05,-1.05
-3.44704e-03,-1.05,-1.01
-3.44696e-03,-1.03,-1.07
-3.44688e-03,-1.01,-0.99
-3.44680e-03,-1.03,-1.07
-3.44672e-03,-1.03,-0.99
-3.44664e-03,-1.03,-1.07
-3.44656e-03,-1.03,-0.99
-3.44648e-03,-1.03,-1.05
-3.44640e-03,-1.03,-1.01
-3.44632e-03,-1.01,-1.05
-3.44624e-03,-1.03,-1.01
-3.44616e-03,-1.01,-1.07
-3.44608e-03,-1.03,-1.01
-3.44600e-03,-1.03,-1.07
-3.44592e-03,-1.03,-1.01
-3.44584e-03,-1.03,-1.07
-3.44576e-03,-1.01,-1.01
-3.44568e-03,-1.05,-1.07
-3.44560e-03,-1.01,-1.01
-3.44552e-03,-1.03,-1.05
-3.44544e-03,-1.03,-1.01
-3.44536e-03,-1.03,-1.05
-3.44528e-03,-1.03,-1.01
-3.44520e-03,-1.03,-1.05
-3.44512e-03,-1.05,-1.01
-3.44504e-03,-1.01,-1.05
-3.44496e-03,-1.03,-1.01
-3.44488e-03,-0.99,-1.05
-3.44480e-03,-1.05,-0.99
-3.44472e-03,-1.01,-1.05
-3.44464e-03,-1.03,-0.99
-3.44456e-03,-1.01,-1.05
-3.44448e-03,-1.03,-1.01
-3.44440e-03,-1.01,-1.05
-3.44432e-03,-1.03,-0.99
-3.44424e-03,-1.05,-1.05
-3.44416e-03,-1.03,-1.01
-3.44408e-03,-1.03,-1.07
-3.44400e-03,-1.01,-1.01
-3.44392e-03,-1.03,-1.05
-3.44384e-03,-1.03,-0.99
-3.44376e-03,-1.01,-1.05
-3.44368e-03,-1.03,-1.01
-3.44360e-03,-1.01,-1.07
-3.44352e-03,-1.03,-1.01
-3.44344e-03,-1.03,-1.05
-3.44336e-03,-1.05,-1.01
-3.44328e-03,-1.03,-1.07
-3.44320e-03,-1.03,-1.01
-3.44312e-03,-1.01,-1.05
-3.44304e-03,-1.01,-0.99
-3.44296e-03,-1.05,-1.07
-3.44288e-03,-1.01,-1.01
-3.44280e-03,-1.05,-1.05
-3.44272e-03,-1.01,-1.01
-3.44264e-03,-1.03,-1.07
-3.44256e-03,-1.03,-0.99
-3.44248e-03,-1.03,-1.05
-3.44240e-03,-1.03,-1.01
-3.44232e-03,-1.01,-1.05
-3.44224e-03,-1.03,-1.01
-3.44216e-03,-1.01,-1.05
-3.44208e-03,-1.03,-0.99
-3.44200e-03,-1.01,-1.05
-3.44192e-03,-1.03,-0.99
-3.44184e-03,-1.03,-1.05
-3.44176e-03,-1.01,-1.01
-3.44168e-03,-1.03,-1.05
-3.44160e-03,-1.01,-0.99
-3.44152e-03,-1.05,-1.05
-3.44144e-03,-1.03,-1.01
-3.44136e-03,-1.03,-1.05
-3.44128e-03,-1.03,-1.01
-3.44120e-03,-1.03,-1.07
-3.44112e-03,-1.01,-1.01
-3.44104e-03,-1.01,-1.07
-3.44096e-03,-1.05,-1.01
-3.44088e-03,-1.01,-1.07
-3.44080e-03,-1.03,-1.01
-3.44072e-03,-1.03,-1.05
-3.44064e-03,-1.01,-0.99
-3.44056e-03,-1.03,-1.05
-3.44048e-03,-1.01,-1.01
-3.44040e-03,-1.01,-1.07
-3.44032e-03,-1.01,-0.99
-3.44024e-03,-1.03,-1.07
-3.44016e-03,-1.03,-1.01
-3.44008e-03,-1.03,-1.05
-3.44000e-03,-1.01,-0.99
-3.43992e-03,-1.03,-1.07
-3.43984e-03,-1.03,-1.01
-3.43976e-03,-1.03,-1.09
-3.43968e-03,-1.05,-0.99
-3.43960e-03,-1.03,-1.07
-3.43952e-03,-1.03,-0.99
-3.43944e-03,-1.03,-1.07
-3.43936e-03,-1.03,-1.01
-3.43928e-03,-1.03,-1.07
-3.43920e-03,-1.03,-1.01
-3.43912e-03,-1.03,-1.07
-3.43904e-03,-1.01,-0.99
-3.43896e-03,-1.01,-1.05
-3.43888e-03,-1.03,-0.99
-3.43880e-03,-1.03,-1.05
-3.43872e-03,-1.01,-1.01
-3.43864e-03,-1.03,-1.05
-3.43856e-03,-1.03,-1.01
-3.43848e-03,-1.01,-1.05
-3.43840e-03,-1.03,-1.01
-3.43832e-03,-1.03,-1.05
-3.43824e-03,-1.03,-1.01
-3.43816e-03,-1.01,-1.07
-3.43808e-03,-1.03,-1.01
-3.43800e-03,-1.01,-1.05
-3.43792e-03,-1.03,-1.01
-3.43784e-03,-1.03,-1.05
-3.43776e-03,-1.03,-0.99
-3.43768e-03,-1.03,-1.05
-3.43760e-03,-1.01,-0.99
-3.43752e-03,-1.03,-1.05
-3.43744e-03,-1.03,-1.01
-3.43736e-03,-1.03,-1.05
-3.43728e-03,-1.01,-1.01
-3.43720e-03,-1.03,-1.07
-3.43712e-03,-1.01,-0.99
-3.43704e-03,-1.03,-1.05
-3.43696e-03,-1.05,-0.99
-3.43688e-03,-1.03,-1.05
-3.43680e-03,-1.03,-1.01
-3.43672e-03,-1.03,-1.05
-3.43664e-03,-1.01,-1.01
-3.43656e-03,-1.03,-1.05
-3.43648e-03,-1.01,-0.99
-3.43640e-03,-1.03,-1.07
-3.43632e-03,-1.03,-0.99
-3.43624e-03,-1.03,-1.05
-3.43616e-03,-1.03,-1.01
-3.43608e-03,-1.03,-1.05
-3.43600e-03,-1.03,-0.99
-3.43592e-03,-1.03,-1.05
-3.43584e-03,-1.01,-0.99
-3.43576e-03,-1.01,-1.05
-3.43568e-03,-1.03,-0.99
-3.43560e-03,-1.01,-1.05
-3.43552e-03,-1.05,-0.99
-3.43544e-03,-1.03,-1.05
-3.43536e-03,-1.01,-1.01
-3.43528e-03,-1.03,-1.07
-3.43520e-03,-1.01,-1.01
-3.43512e-03,-1.03,-1.05
-3.43504e-03,-1.03,-0.99
-3.43496e-03,-1.03,-1.05
-3.43488e-03,-1.03,-1.01
-3.43480e-03,-1.03,-1.05
-3.43472e-03,-1.01,-0.99
-3.43464e-03,-1.01,-1.05
-3.43456e-03,-1.01,-1.01
-3.43448e-03,-1.01,-1.07
-3.43440e-03,-1.03,-0.99
-3.43432e-03,-1.01,-1.05
-3.43424e-03,-1.03,-0.99
-3.43416e-03,-1.01,-1.05
-3.43408e-03,-1.03,-0.99
-3.43400e-03,-1.03,-1.05
-3.43392e-03,-1.03,-0.99
-3.43384e-03,-1.03,-1.05
-3.43376e-03,-1.01,-0.99
-3.43368e-03,-1.03,-1.05
-3.43360e-03,-1.03,-0.99
-3.43352e-03,-1.03,-1.05
-3.43344e-03,-1.03,-0.99
-3.43336e-03,-1.01,-1.05
-3.43328e-03,-1.01,-0.99
-3.43320e-03,-1.01,-1.07
-3.43312e-03,-1.03,-0.99
-3.43304e-03,-1.01,-1.05
-3.43296e-03,-1.03,-0.99
-3.43288e-03,-1.01,-1.05
-3.43280e-03,-1.03,-0.99
-3.43272e-03,-1.03,-1.05
-3.43264e-03,-1.03,-0.99
-3.43256e-03,-1.01,-1.05
-3.43248e-03,-1.01,-0.99
-3.43240e-03,-1.03,-1.05
-3.43232e-03,-1.01,-0.99
-3.43224e-03,-1.03,-1.05
-3.43216e-03,-1.01,-1.01
-3.43208e-03,-1.01,-1.05
-3.43200e-03,-1.01,-0.99
-3.43192e-03,-1.01,-1.05
-3.43184e-03,-1.03,-0.99
-3.43176e-03,-1.01,-1.05
-3.43168e-03,-1.03,-0.99
-3.43160e-03,-1.01,-1.05
-3.43152e-03,-1.01,-0.99
-3.43144e-03,-1.01,-1.05
-3.43136e-03,-1.01,-0.99
-3.43128e-03,-1.01,-1.05
-3.43120e-03,-1.01,-0.99
-3.43112e-03,-1.01,-1.05
-3.43104e-03,-1.01,-0.99
-3.43096e-03,-1.01,-1.05
-3.43088e-03,-1.03,-0.99
-3.43080e-03,-1.01,-1.07
-3.43072e-03,-1.03,-0.99
-3.43064e-03,-1.03,-1.05
-3.43056e-03,-1.01,-0.97
-3.43048e-03,-1.03,-1.05
-3.43040e-03,-1.03,-0.99
-3.43032e-03,-1.01,-1.05
-3.43024e-03,-1.03,-0.99
-3.43016e-03,-0.99,-1.05
-3.43008e-03,-1.03,-0.99
-3.43000e-03,-1.01,-1.05
-3.42992e-03,-1.03,-0.99
-3.42984e-03,-1.03,-1.05
-3.42976e-03,-1.01,-0.99
-3.42968e-03,-1.03,-1.05
-3.42960e-03,-0.99,-0.99
-3.42952e-03,-1.03,-1.05
-3.42944e-03,-1.03,-0.99
-3.42936e-03,-1.05,-1.05
-3.42928e-03,-1.03,-0.99
-3.42920e-03,-1.03,-1.05
-3.42912e-03,-1.01,-0.99
-3.42904e-03,-1.03,-1.05
-3.42896e-03,-1.03,-0.99
-3.42888e-03,-1.03,-1.05
-3.42880e-03,-1.01,-0.99
-3.42872e-03,-1.03,-1.05
-3.42864e-03,-1.01,-0.99
-3.42856e-03,-1.03,-1.05
-3.42848e-03,-1.01,-0.99
-3.42840e-03,-1.01,-1.05
-3.42832e-03,-1.01,-0.99
-3.42824e-03,-1.03,-1.05
-3.42816e-03,-1.01,-0.99
-3.42808e-03,-0.79,-1.05
-3.42800e-03,-0.93,-0.99
-3.42792e-03,-0.97,-1.09
-3.42784e-03,-0.97,-0.71
-3.42776e-03,-0.95,-1.01
-3.42768e-03,-0.95,-0.93
-3.42760e-03,-0.95,-0.97
-3.42752e-03,-0.95,-0.93
-3.42744e-03,-0.99,-0.99
-3.42736e-03,-0.99,-0.93
-3.42728e-03,-0.99,-1.01
-3.42720e-03,-1.03,-0.95
-3.42712e-03,-1.03,-1.05
-3.42704e-03,-1.05,-0.99
-3.42696e-03,-1.03,-1.07
-3.42688e-03,-1.03,-1.03
-3.42680e-03,-1.03,-1.07
-3.42672e-03,-1.01,-1.03
-3.42664e-03,-1.03,-1.07
-3.42656e-03,-1.01,-1.01
-3.42648e-03,-1.03,-1.07
-3.42640e-03,-1.01,-1.01
-3.42632e-03,-1.03,-1.05
-3.42624e-03,-1.01,-0.99
-3.42616e-03,-1.03,-1.05
-3.42608e-03,-0.99,-1.01
-3.42600e-03,-1.03,-1.05
-3.42592e-03,-1.01,-0.99
-3.42584e-03,-1.03,-1.05
-3.42576e-03,-1.01,-0.99
-3.42568e-03,-0.99,-1.05
-3.42560e-03,-1.01,-0.99
-3.42552e-03,-1.01,-1.05
-3.42544e-03,-0.99,-0.99
-3.42536e-03,-1.01,-1.05
-3.42528e-03,-1.01,-0.97
-3.42520e-03,-1.01,-1.03
-3.42512e-03,-1.01,-0.99
-3.42504e-03,-1.01,-1.03
-3.42496e-03,-1.01,-0.99
-3.42488e-03,-0.99,-1.03
-3.42480e-03,-1.01,-0.99
-3.42472e-03,-1.01,-1.03
-3.42464e-03,-1.01,-0.99
-3.42456e-03,-1.01,-1.03
-3.42448e-03,-1.01,-0.99
-3.42440e-03,-1.03,-1.05
-3.42432e-03,-1.01,-0.99
-3.42424e-03,-1.01,-1.05
-3.42416e-03,-1.03,-0.99
-3.42408e-03,-1.03,-1.03
-3.42400e-03,-1.01,-0.99
-3.42392e-03,-1.01,-1.05
-3.42384e-03,-1.01,-0.99
-3.42376e-03,-0.99,-1.03
-3.42368e-03,-1.01,-0.99
-3.42360e-03,-1.01,-1.05
-3.42352e-03,-1.03,-0.99
-3.42344e-03,-1.05,-1.05
-3.42336e-03,-1.01,-0.99
-3.42328e-03,-1.01,-1.05
-3.42320e-03,-0.99,-0.97
-3.42312e-03,-1.01,-1.05
-3.42304e-03,-1.01,-0.97
-3.42296e-03,-1.01,-1.03
-3.42288e-03,-1.01,-0.99
-3.42280e-03,-0.99,-1.03
-3.42272e-03,-1.01,-0.99
-3.42264e-03,-0.99,-1.03
-3.42256e-03,-1.01,-0.99
-3.42248e-03,-1.01,-1.03
-3.42240e-03,-1.01,-0.99
-3.42232e-03,-1.01,-1.05
-3.42224e-03,-1.01,-0.99
-3.42216e-03,-1.03,-1.03
-3.42208e-03,-1.01,-0.99
-3.42200e-03,-1.03,-1.05
-3.42192e-03,-1.01,-0.99
-3.42184e-03,-1.01,-1.03
-3.42176e-03,-1.01,-0.99
-3.42168e-03,-1.01,-1.03
-3.42160e-03,-1.01,-0.99
-3.42152e-03,-1.01,-1.05
-3.42144e-03,-1.01,-0.99
-3.42136e-03,-0.95,-1.03
-3.42128e-03,-1.13,-0.99
-3.42120e-03,-1.01,-1.35
-3.42112e-03,-1.05,-0.93
-3.42104e-03,-1.05,-1.13
-3.42096e-03,-1.07,-1.01
-3.42088e-03,-1.09,-1.11
-3.42080e-03,-1.07,-1.01
-3.42072e-03,-1.03,-1.11
-3.42064e-03,-1.05,-1.05
-3.42056e-03,-1.03,-1.11
-3.42048e-03,-1.01,-1.01
-3.42040e-03,-1.01,-1.07
-3.42032e-03,-0.99,-0.99
-3.42024e-03,-1.01,-1.03
-3.42016e-03,-0.97,-0.97
-3.42008e-03,-0.99,-1.03
-3.42000e-03,-0.99,-0.97
-3.41992e-03,-0.99,-1.01
-3.41984e-03,-1.01,-0.97
-3.41976e-03,-0.99,-1.03
-3.41968e-03,-0.99,-0.97
-3.41960e-03,-0.99,-1.03
-3.41952e-03,-1.01,-0.99
-3.41944e-03,-0.99,-1.05
-3.41936e-03,-1.01,-0.99
-3.41928e-03,-1.01,-1.03
-3.41920e-03,-0.99,-0.99
-3.41912e-03,-1.03,-1.03
-3.41904e-03,-0.99,-0.99
-3.41896e-03,-1.01,-1.03
-3.41888e-03,-0.99,-0.99
-3.41880e-03,-1.03,-1.03
-3.41872e-03,-0.99,-0.99
-3.41864e-03,-0.99,-1.05
-3.41856e-03,-1.01,-0.97
-3.41848e-03,-0.99,-1.03
-3.41840e-03,-1.01,-0.99
-3.41832e-03,-0.99,-1.03
-3.41824e-03,-1.01,-0.99
-3.41816e-03,-0.99,-1.05
-3.41808e-03,-1.01,-0.97
-3.41800e-03,-1.01,-1.03
-3.41792e-03,-1.01,-0.99
-3.41784e-03,-1.03,-1.05
-3.41776e-03,-0.99,-0.99
-3.41768e-03,-1.03,-1.03
-3.41760e-03,-0.99,-0.99
-3.41752e-03,-1.03,-1.05
-3.41744e-03,-1.01,-0.99
-3.41736e-03,-1.01,-1.05
-3.41728e-03,-1.03,-0.97
-3.41720e-03,-1.01,-1.05
-3.41712e-03,-1.01,-0.97
-3.41704e-03,-1.01,-1.05
-3.41696e-03,-1.03,-0.99
-3.41688e-03,-1.01,-1.05
-3.41680e-03,-1.01,-0.99
-3.41672e-03,-1.01,-1.05
-3.41664e-03,-1.01,-0.99
-3.41656e-03,-1.01,-1.05
-3.41648e-03,-1.01,-0.99
-3.41640e-03,-1.03,-1.05
-3.41632e-03,-0.99,-0.99
-3.41624e-03,-1.01,-1.03
-3.41616e-03,-1.01,-0.99
-3.41608e-03,-1.03,-1.05
-3.41600e-03,-1.01,-0.99
-3.41592e-03,-1.03,-1.03
-3.41584e-03,-0.99,-0.99
-3.41576e-03,-0.99,-1.05
-3.41568e-03,-1.01,-0.99
-3.41560e-03,-1.01,-1.05
-3.41552e-03,-1.03,-0.99
-3.41544e-03,-1.01,-1.05
-3.41536e-03,-1.01,-0.99
-3.41528e-03,-1.01,-1.07
-3.41520e-03,-0.99,-0.99
-3.41512e-03,-0.99,-1.05
-3.41504e-03,-1.03,-0.97
-3.41496e-03,-1.03,-1.07
-3.41488e-03,-1.01,-0.97
-3.41480e-03,-1.01,-1.05
-3.41472e-03,-1.01,-0.99
-3.41464e-03,-1.01,-1.05
-3.41456e-03,-1.01,-0.99
-3.41448e-03,-1.01,-1.05
-3.41440e-03,-1.03,-0.99
-3.41432e-03,-1.01,-1.05
-3.41424e-03,-1.03,-0.99
-3.41416e-03,-1.01,-1.05
-3.41408e-03,-1.03,-0.99
-3.41400e-03,-0.99,-1.05
-3.41392e-03,-1.01,-0.99
-3.41384e-03,-1.03,-1.05
-3.41376e-03,-1.01,-0.99
-3.41368e-03,-1.01,-1.05
-3.41360e-03,-1.03,-0.99
-3.41352e-03,-1.01,-1.05
-3.41344e-03,-1.01,-0.99
-3.41336e-03,-1.03,-1.05
-3.41328e-03,-1.01,-0.99
-3.41320e-03,-1.01,-1.05
-3.41312e-03,-1.03,-0.99
-3.41304e-03,-1.01,-1.05
-3.41296e-03,-1.05,-0.99
-3.41288e-03,-1.01,-1.05
-3.41280e-03,-1.05,-0.99
-3.41272e-03,-1.03,-1.05
-3.41264e-03,-1.03,-0.99
-3.41256e-03,-1.03,-1.05
-3.41248e-03,-1.01,-0.99
-3.41240e-03,-1.01,-1.05
-3.41232e-03,-1.01,-1.01
-3.41224e-03,-1.03,-1.05
-3.41216e-03,-1.01,-0.99
-3.41208e-03,-1.01,-1.05
-3.41200e-03,-1.01,-0.99
-3.41192e-03,-1.03,-1.05
-3.41184e-03,-1.03,-0.99
-3.41176e-03,-1.03,-1.05
-3.41168e-03,-1.03,-0.99
-3.41160e-03,-1.01,-1.05
-3.41152e-03,-1.03,-0.99
-3.41144e-03,-1.01,-1.05
-3.41136e-03,-1.03,-1.01
-3.41128e-03,-1.03,-1.05
-3.41120e-03,-1.01,-1.01
-3.41112e-03,-1.03,-1.05
-3.41104e-03,-1.03,-0.99
-3.41096e-03,-1.03,-1.05
-3.41088e-03,-1.01,-0.99
-3.41080e-03,-1.03,-1.05
-3.41072e-03,-1.01,-0.99
-3.41064e-03,-1.03,-1.05
-3.41056e-03,-1.03,-0.99
-3.41048e-03,-1.03,-1.05
-3.41040e-03,-1.01,-0.99
-3.41032e-03,-1.01,-1.05
-3.41024e-03,-1.03,-0.99
-3.41016e-03,-1.01,-1.05
-3.41008e-03,-1.03,-0.99
-3.41000e-03,-1.03,-1.05
-3.40992e-03,-1.03,-0.99
-3.40984e-03,-1.05,-1.05
-3.40976e-03,-0.99,-0.99
-3.40968e-03,-1.03,-1.07
-3.40960e-03,-1.01,-0.99
-3.40952e-03,-1.03,-1.05
-3.40944e-03,-1.01,-0.99
-3.40936e-03,-1.03,-1.05
-3.40928e-03,-1.01,-0.99
-3.40920e-03,-1.01,-1.05
-3.40912e-03,-1.03,-0.99
-3.40904e-03,-0.99,-1.05
-3.40896e-03,-1.03,-0.99
-3.40888e-03,-1.03,-1.05
-3.40880e-03,-1.03,-0.99
-3.40872e-03,-1.03,-1.05
-3.40864e-03,-1.03,-0.99
-3.40856e-03,-1.03,-1.05
-3.40848e-03,-1.03,-0.99
-3.40840e-03,-1.01,-1.05
-3.40832e-03,-0.99,-0.99
-3.40824e-03,-1.03,-1.05
-3.40816e-03,-1.01,-0.99
-3.40808e-03,-1.03,-1.05
-3.40800e-03,-1.01,-0.99
-3.40792e-03,-1.01,-1.05
-3.40784e-03,-1.01,-0.99
-3.40776e-03,-1.01,-1.07
-3.40768e-03,-1.03,-0.99
-3.40760e-03,-0.99,-1.05
-3.40752e-03,-1.01,-0.99
-3.40744e-03,-1.03,-1.05
-3.40736e-03,-1.01,-0.99
-3.40728e-03,-1.01,-1.05
-3.40720e-03,-1.03,-0.99
-3.40712e-03,-1.05,-1.05
-3.40704e-03,-1.03,-1.01
-3.40696e-03,-1.05,-1.07
-3.40688e-03,-1.01,-0.99
-3.40680e-03,-1.03,-1.05
-3.40672e-03,-1.01,-0.99
-3.40664e-03,-1.03,-1.07
-3.40656e-03,-1.01,-0.99
-3.40648e-03,-1.01,-1.05
-3.40640e-03,-1.01,-0.99
-3.40632e-03,-1.01,-1.05
-3.40624e-03,-1.03,-0.99
-3.40616e-03,-1.01,-1.05
-3.40608e-03,-1.03,-0.99
-3.40600e-03,-1.01,-1.05
-3.40592e-03,-1.03,-0.99
-3.40584e-03,-1.03,-1.05
-3.40576e-03,-1.01,-0.99
-3.40568e-03,-1.01,-1.05
-3.40560e-03,-1.01,-0.99
-3.40552e-03,-1.03,-1.05
-3.40544e-03,-0.99,-0.99
-3.40536e-03,-1.01,-1.05
-3.40528e-03,-1.01,-0.99
-3.40520e-03,-1.01,-1.05
-3.40512e-03,-1.01,-0.99
-3.40504e-03,-1.01,-1.05
-3.40496e-03,-1.01,-0.99
-3.40488e-03,-1.01,-1.05
-3.40480e-03,-1.03,-0.99
-3.40472e-03,-1.01,-1.05
-3.40464e-03,-1.01,-0.99
-3.40456e-03,-1.01,-1.05
-3.40448e-03,-1.01,-0.99
-3.40440e-03,-1.03,-1.05
-3.40432e-03,-1.01,-0.99
-3.40424e-03,-1.03,-1.05
-3.40416e-03,-1.01,-0.99
-3.40408e-03,-1.03,-1.05
-3.40400e-03,-1.01,-0.99
-3.40392e-03,-1.03,-1.05
-3.40384e-03,-1.03,-0.99
-3.40376e-03,-0.99,-1.05
-3.40368e-03,-1.01,-0.99
-3.40360e-03,-1.01,-1.05
-3.40352e-03,-1.03,-0.99
-3.40344e-03,-1.01,-1.05
-3.40336e-03,-1.03,-0.99
-3.40328e-03,-1.03,-1.05
-3.40320e-03,-1.01,-0.99
-3.40312e-03,-1.03,-1.05
-3.40304e-03,-1.01,-0.99
-3.40296e-03,-1.03,-1.05
-3.40288e-03,-1.01,-0.99
-3.40280e-03,-1.01,-1.05
-3.40272e-03,-1.01,-0.99
-3.40264e-03,-1.03,-1.05
-3.40256e-03,-1.03,-0.99
-3.40248e-03,-1.01,-1.05
-3.40240e-03,-1.03,-0.99
-3.40232e-03,-1.01,-1.05
-3.40224e-03,-1.03,-0.99
-3.40216e-03,-1.01,-1.05
-3.40208e-03,-1.03,-0.99
-3.40200e-03,-1.01,-1.05
-3.40192e-03,-1.03,-0.99
-3.40184e-03,-1.03,-1.05
-3.40176e-03,-0.99,-0.99
-3.40168e-03,-1.05,-1.05
-3.40160e-03,-1.01,-0.99
-3.40152e-03,-1.05,-1.05
-3.40144e-03,-1.03,-0.99
-3.40136e-03,-1.03,-1.07
-3.40128e-03,-1.05,-0.99
-3.40120e-03,-1.01,-1.05
-3.40112e-03,-1.03,-0.99
-3.40104e-03,-1.01,-1.05
-3.40096e-03,-1.05,-1.01
-3.40088e-03,-1.01,-1.05
-3.40080e-03,-1.01,-1.01
-3.40072e-03,-1.01,-1.07
-3.40064e-03,-1.03,-1.01
-3.40056e-03,-1.03,-1.05
-3.40048e-03,-1.01,-1.01
-3.40040e-03,-1.05,-1.05
-3.40032e-03,-1.03,-0.99
-3.40024e-03,-1.05,-1.05
-3.40016e-03,-1.01,-1.01
-3.40008e-03,-1.03,-1.05
-3.40000e-03,-1.03,-1.01
-3.39992e-03,-1.01,-1.05
-3.39984e-03,-1.03,-0.99
-3.39976e-03,-1.03,-1.05
-3.39968e-03,-1.01,-1.01
-3.39960e-03,-1.03,-1.07
-3.39952e-03,-1.03,-1.01
-3.39944e-03,-1.01,-1.05
-3.39936e-03,-1.03,-1.01
-3.39928e-03,-1.03,-1.05
-3.39920e-03,-1.01,-0.99
-3.39912e-03,-1.05,-1.05
-3.39904e-03,-1.03,-0.99
-3.39896e-03,-1.03,-1.05
-3.39888e-03,-1.01,-0.99
-3.39880e-03,-1.01,-1.07
-3.39872e-03,-0.99,-0.99
-3.39864e-03,-1.01,-1.07
-3.39856e-03,-1.03,-0.99
-3.39848e-03,-1.03,-1.05
-3.39840e-03,-1.03,-0.99
-3.39832e-03,-1.03,-1.07
-3.39824e-03,-1.05,-0.99
-3.39816e-03,-1.01,-1.07
-3.39808e-03,-1.03,-1.01
-3.39800e-03,-1.01,-1.07
-3.39792e-03,-1.03,-1.01
-3.39784e-03,-1.03,-1.05
-3.39776e-03,-1.01,-0.99
-3.39768e-03,-1.03,-1.05
-3.39760e-03,-1.01,-1.01
-3.39752e-03,-1.03,-1.05
-3.39744e-03,-1.03,-1.01
-3.39736e-03,-1.03,-1.05
-3.39728e-03,-1.01,-0.99
-3.39720e-03,-1.03,-1.05
-3.39712e-03,-1.03,-1.01
-3.39704e-03,-0.99,-1.05
-3.39696e-03,-1.05,-0.99
-3.39688e-03,-1.05,-1.05
-3.39680e-03,-1.05,-0.99
-3.39672e-03,-1.01,-1.05
-3.39664e-03,-0.99,-0.99
-3.39656e-03,-1.03,-1.05
-3.39648e-03,-1.01,-0.99
-3.39640e-03,-1.03,-1.05
-3.39632e-03,-1.01,-0.99
-3.39624e-03,-1.03,-1.05
-3.39616e-03,-1.01,-1.01
-3.39608e-03,-1.01,-1.05
-3.39600e-03,-1.03,-1.01
-3.39592e-03,-1.01,-1.05
-3.39584e-03,-1.03,-0.99
-3.39576e-03,-1.01,-1.05
-3.39568e-03,-1.03,-0.99
-3.39560e-03,-1.01,-1.05
-3.39552e-03,-1.03,-1.01
-3.39544e-03,-1.01,-1.05
-3.39536e-03,-1.03,-0.99
-3.39528e-03,-1.03,-1.05
-3.39520e-03,-1.01,-0.99
-3.39512e-03,-1.03,-1.05
-3.39504e-03,-1.01,-0.99
-3.39496e-03,-1.03,-1.05
-3.39488e-03,-1.01,-0.99
-3.39480e-03,-1.01,-1.05
-3.39472e-03,-1.03,-1.01
-3.39464e-03,-1.05,-1.07
-3.39456e-03,-1.03,-0.99
-3.39448e-03,-1.01,-1.05
-3.39440e-03,-1.03,-0.99
-3.39432e-03,-1.03,-1.05
-3.39424e-03,-1.03,-0.99
-3.39416e-03,-1.01,-1.05
-3.39408e-03,-1.03,-1.01
-3.39400e-03,-1.03,-1.05
-3.39392e-03,-1.03,-1.01
-3.39384e-03,-1.03,-1.05
-3.39376e-03,-1.01,-1.01
-3.39368e-03,-1.03,-1.05
-3.39360e-03,-1.01,-0.99
-3.39352e-03,-1.03,-1.05
-3.39344e-03,-1.01,-0.99
-3.39336e-03,-1.03,-1.07
-3.39328e-03,-1.01,-0.99
-3.39320e-03,-1.01,-1.05
-3.39312e-03,-1.03,-0.99
-3.39304e-03,-1.01,-1.05
-3.39296e-03,-1.05,-0.99
-3.39288e-03,-1.01,-1.05
-3.39280e-03,-1.01,-0.99
-3.39272e-03,-1.01,-1.05
-3.39264e-03,-1.01,-1.01
-3.39256e-03,-1.01,-1.05
-3.39248e-03,-1.03,-0.99
-3.39240e-03,-1.03,-1.05
-3.39232e-03,-1.03,-1.01
-3.39224e-03,-1.05,-1.05
-3.39216e-03,-1.03,-1.01
-3.39208e-03,-1.01,-1.05
-3.39200e-03,-1.03,-0.99
-3.39192e-03,-1.01,-1.05
-3.39184e-03,-1.03,-1.01
-3.39176e-03,-1.01,-1.05
-3.39168e-03,-1.03,-0.99
-3.39160e-03,-1.01,-1.05
-3.39152e-03,-1.03,-1.01
-3.39144e-03,-1.03,-1.05
-3.39136e-03,-1.03,-0.99
-3.39128e-03,-1.03,-1.05
-3.39120e-03,-1.01,-0.99
-3.39112e-03,-1.03,-1.05
-3.39104e-03,-1.01,-0.99
-3.39096e-03,-1.03,-1.05
-3.39088e-03,-1.01,-1.01
-3.39080e-03,-1.03,-1.05
-3.39072e-03,-1.03,-0.99
-3.39064e-03,-1.05,-1.07
-3.39056e-03,-1.03,-0.99
-3.39048e-03,-1.03,-1.07
-3.39040e-03,-0.99,-0.99
-3.39032e-03,-1.01,-1.07
-3.39024e-03,-1.05,-0.99
-3.39016e-03,-1.01,-1.07
-3.39008e-03,-1.03,-0.99
-3.39000e-03,-1.01,-1.05
-3.38992e-03,-1.03,-0.99
-3.38984e-03,-1.03,-1.05
-3.38976e-03,-1.01,-0.99
-3.38968e-03,-1.05,-1.05
-3.38960e-03,-0.99,-0.99
-3.38952e-03,-1.01,-1.07
-3.38944e-03,-1.01,-0.99
-3.38936e-03,-1.03,-1.05
-3.38928e-03,-1.03,-0.99
-3.38920e-03,-1.01,-1.05
-3.38912e-03,-1.03,-0.99
-3.38904e-03,-1.01,-1.05
-3.38896e-03,-1.01,-1.01
-3.38888e-03,-1.01,-1.05
-3.38880e-03,-1.03,-0.99
-3.38872e-03,-1.01,-1.05
-3.38864e-03,-0.99,-0.99
-3.38856e-03,-1.01,-1.05
-3.38848e-03,-1.01,-0.99
-3.38840e-03,-1.03,-1.07
-3.38832e-03,-1.01,-0.99
-3.38824e-03,-1.03,-1.05
-3.38816e-03,-1.03,-0.99
-3.38808e-03,-1.03,-1.05
-3.38800e-03,-1.01,-0.99
-3.38792e-03,-1.03,-1.05
-3.38784e-03,-1.03,-1.01
-3.38776e-03,-1.01,-1.05
-3.38768e-03,-1.03,-0.99
-3.38760e-03,-1.01,-1.05
-3.38752e-03,-1.03,-0.99
-3.38744e-03,-1.03,-1.05
-3.38736e-03,-1.03,-1.01
-3.38728e-03,-1.03,-1.05
-3.38720e-03,-0.99,-0.99
-3.38712e-03,-1.03,-1.07
-3.38704e-03,-1.01,-0.99
-3.38696e-03,-1.03,-1.05
-3.38688e-03,-1.01,-0.99
-3.38680e-03,-1.03,-1.05
-3.38672e-03,-1.01,-0.99
-3.38664e-03,-1.03,-1.05
-3.38656e-03,-1.03,-0.99
-3.38648e-03,-1.01,-1.05
-3.38640e-03,-1.03,-0.99
-3.38632e-03,-1.01,-1.05
-3.38624e-03,-1.03,-0.99
-3.38616e-03,-1.01,-1.05
-3.38608e-03,-0.99,-0.99
-3.38600e-03,-1.01,-1.05
-3.38592e-03,-1.03,-0.99
-3.38584e-03,-1.03,-1.05
-3.38576e-03,-1.03,-1.01
-3.38568e-03,-1.01,-1.05
-3.38560e-03,-1.03,-1.01
-3.38552e-03,-1.03,-1.05
-3.38544e-03,-1.03,-0.99
-3.38536e-03,-1.01,-1.05
-3.38528e-03,-1.01,-0.99
-3.38520e-03,-1.01,-1.05
-3.38512e-03,-1.03,-0.99
-3.38504e-03,-1.03,-1.05
-3.38496e-03,-1.03,-0.99
-3.38488e-03,-1.01,-1.05
-3.38480e-03,-1.01,-0.99
-3.38472e-03,-1.03,-1.05
-3.38464e-03,-1.03,-0.99
-3.38456e-03,-1.01,-1.05
-3.38448e-03,-1.01,-0.99
-3.38440e-03,-1.01,-1.05
-3.38432e-03,-1.01,-0.99
-3.38424e-03,-1.03,-1.05
-3.38416e-03,-1.01,-0.99
-3.38408e-03,-1.03,-1.05
-3.38400e-03,-1.01,-0.99
-3.38392e-03,-1.01,-1.05
-3.38384e-03,-1.03,-0.99
-3.38376e-03,-1.01,-1.05
-3.38368e-03,-1.01,-0.99
-3.38360e-03,-1.01,-1.05
-3.38352e-03,-1.01,-0.99
-3.38344e-03,-1.01,-1.05
-3.38336e-03,-1.03,-0.99
-3.38328e-03,-1.03,-1.05
-3.38320e-03,-1.01,-0.99
-3.38312e-03,-1.03,-1.05
-3.38304e-03,-1.01,-0.99
-3.38296e-03,-1.03,-1.05
-3.38288e-03,-1.01,-0.99
-3.38280e-03,-1.03,-1.05
-3.38272e-03,-0.99,-0.99
-3.38264e-03,-0.99,-1.05
-3.38256e-03,-1.01,-0.99
-3.38248e-03,-0.99,-1.05
-3.38240e-03,-1.03,-0.99
-3.38232e-03,-1.03,-1.05
-3.38224e-03,-1.03,-0.99
-3.38216e-03,-1.03,-1.05
-3.38208e-03,-1.03,-0.99
-3.38200e-03,-1.03,-1.05
-3.38192e-03,-1.03,-0.99
-3.38184e-03,-1.01,-1.05
-3.38176e-03,-1.01,-0.99
-3.38168e-03,-1.03,-1.05
-3.38160e-03,-1.01,-0.99
-3.38152e-03,-1.03,-1.05
-3.38144e-03,-1.01,-0.99
-3.38136e-03,-1.01,-1.05
-3.38128e-03,-1.01,-0.99
-3.38120e-03,-1.01,-1.05
-3.38112e-03,-1.03,-0.99
-3.38104e-03,-1.01,-1.05
-3.38096e-03,-1.01,-0.99
-3.38088e-03,-1.01,-1.05
-3.38080e-03,-1.01,-0.99
-3.38072e-03,-1.01,-1.05
-3.38064e-03,-1.01,-0.99
-3.38056e-03,-0.99,-1.05
-3.38048e-03,-1.01,-0.99
-3.38040e-03,-1.01,-1.05
-3.38032e-03,-1.01,-0.99
-3.38024e-03,-1.03,-1.05
-3.38016e-03,-1.01,-0.99
-3.38008e-03,-1.01,-1.05
-3.38000e-03,-1.03,-0.99
-3.37992e-03,-1.03,-1.05
-3.37984e-03,-1.01,-0.99
-3.37976e-03,-1.01,-1.05
-3.37968e-03,-1.01,-0.99
-3.37960e-03,-1.01,-1.05
-3.37952e-03,-1.03,-0.97
-3.37944e-03,-1.01,-1.03
-3.37936e-03,-1.01,-0.99
-3.37928e-03,-1.01,-1.05
-3.37920e-03,-1.01,-0.99
-3.37912e-03,-1.03,-1.05
-3.37904e-03,-1.01,-0.99
-3.37896e-03,-1.01,-1.05
-3.37888e-03,-1.01,-0.99
-3.37880e-03,-1.03,-1.03
-3.37872e-03,-1.03,-0.99
-3.37864e-03,-1.01,-1.03
-3.37856e-03,-1.01,-0.97
-3.37848e-03,-1.01,-1.03
-3.37840e-03,-1.03,-0.99
-3.37832e-03,-1.01,-1.05
-3.37824e-03,-1.03,-0.99
-3.37816e-03,-1.01,-1.05
-3.37808e-03,-1.01,-0.99
-3.37800e-03,-0.73,-1.05
-3.37792e-03,-0.93,-0.99
-3.37784e-03,-0.97,-1.09
-3.37776e-03,-0.95,-0.71
-3.37768e-03,-0.95,-0.99
-3.37760e-03,-0.93,-0.93
-3.37752e-03,-0.95,-0.97
-3.37744e-03,-0.95,-0.91
-3.37736e-03,-0.97,-0.99
-3.37728e-03,-1.01,-0.91
-3.37720e-03,-1.01,-1.03
-3.37712e-03,-1.03,-0.93
-3.37704e-03,-1.03,-1.05
-3.37696e-03,-1.05,-0.97
-3.37688e-03,-1.03,-1.07
-3.37680e-03,-1.03,-1.01
-3.37672e-03,-1.01,-1.05
-3.37664e-03,-1.03,-1.01
-3.37656e-03,-1.01,-1.05
-3.37648e-03,-1.01,-0.99
-3.37640e-03,-1.01,-1.05
-3.37632e-03,-1.03,-0.99
-3.37624e-03,-1.03,-1.05
-3.37616e-03,-1.01,-0.99
-3.37608e-03,-1.01,-1.03
-3.37600e-03,-1.01,-0.97
-3.37592e-03,-1.01,-1.03
-3.37584e-03,-1.01,-0.99
-3.37576e-03,-1.01,-1.05
-3.37568e-03,-1.01,-0.99
-3.37560e-03,-1.03,-1.05
-3.37552e-03,-0.99,-0.99
-3.37544e-03,-1.01,-1.05
-3.37536e-03,-1.01,-0.99
-3.37528e-03,-1.01,-1.03
-3.37520e-03,-1.01,-0.99
-3.37512e-03,-1.01,-1.03
-3.37504e-03,-0.99,-0.99
-3.37496e-03,-1.01,-1.03
-3.37488e-03,-1.01,-0.99
-3.37480e-03,-0.99,-1.03
-3.37472e-03,-1.01,-0.99
-3.37464e-03,-1.01,-1.03
-3.37456e-03,-0.99,-0.99
-3.37448e-03,-1.01,-1.03
-3.37440e-03,-1.03,-0.99
-3.37432e-03,-1.03,-1.03
-3.37424e-03,-1.01,-0.99
-3.37416e-03,-1.01,-1.05
-3.37408e-03,-0.99,-0.97
-3.37400e-03,-1.01,-1.05
-3.37392e-03,-1.01,-0.97
-3.37384e-03,-1.01,-1.03
-3.37376e-03,-1.01,-0.99
-3.37368e-03,-1.01,-1.05
-3.37360e-03,-1.01,-0.99
-3.37352e-03,-0.99,-1.05
-3.37344e-03,-1.03,-0.99
-3.37336e-03,-0.99,-1.03
-3.37328e-03,-1.03,-0.99
-3.37320e-03,-1.01,-1.05
-3.37312e-03,-1.01,-0.99
-3.37304e-03,-1.03,-1.03
-3.37296e-03,-1.01,-0.99
-3.37288e-03,-1.01,-1.05
-3.37280e-03,-1.01,-0.99
-3.37272e-03,-1.03,-1.05
-3.37264e-03,-1.01,-0.99
-3.37256e-03,-1.01,-1.05
-3.37248e-03,-0.99,-0.99
-3.37240e-03,-1.01,-1.03
-3.37232e-03,-1.01,-0.99
-3.37224e-03,-0.99,-1.03
-3.37216e-03,-1.01,-0.99
-3.37208e-03,-0.99,-1.05
-3.37200e-03,-1.01,-0.99
-3.37192e-03,-1.01,-1.03
-3.37184e-03,-1.01,-0.99
-3.37176e-03,-1.01,-1.03
-3.37168e-03,-1.03,-0.99
-3.37160e-03,-1.03,-1.05
-3.37152e-03,-1.01,-0.99
-3.37144e-03,-1.01,-1.03
-3.37136e-03,-1.01,-0.99
-3.37128e-03,-1.33,-1.03
-3.37120e-03,-1.11,-0.97
-3.37112e-03,-1.07,-1.35
-3.37104e-03,-1.05,-0.95
-3.37096e-03,-1.05,-1.11
-3.37088e-03,-1.07,-1.01
-3.37080e-03,-1.07,-1.09
-3.37072e-03,-1.07,-1.03
-3.37064e-03,-1.05,-1.09
-3.37056e-03,-1.03,-1.03
-3.37048e-03,-1.01,-1.09
-3.37040e-03,-1.01,-1.01
-3.37032e-03,-0.99,-1.05
-3.37024e-03,-1.01,-0.99
-3.37016e-03,-0.99,-1.03
-3.37008e-03,-0.99,-0.97
-3.37000e-03,-0.99,-1.03
-3.36992e-03,-0.99,-0.97
-3.36984e-03,-1.03,-1.03
-3.36976e-03,-0.99,-0.97
-3.36968e-03,-1.01,-1.05
-3.36960e-03,-0.99,-0.97
-3.36952e-03,-0.99,-1.03
-3.36944e-03,-0.99,-0.97
-3.36936e-03,-1.01,-1.03
-3.36928e-03,-1.01,-0.99
-3.36920e-03,-1.01,-1.03
-3.36912e-03,-1.03,-0.97
-3.36904e-03,-0.99,-1.03
-3.36896e-03,-1.01,-0.99
-3.36888e-03,-1.01,-1.03
-3.36880e-03,-1.01,-0.97
-3.36872e-03,-1.01,-1.03
-3.36864e-03,-1.01,-0.99
-3.36856e-03,-0.99,-1.05
-3.36848e-03,-1.01,-0.99
-3.36840e-03,-1.03,-1.05
-3.36832e-03,-1.01,-0.97
-3.36824e-03,-1.01,-1.05
-3.36816e-03,-1.01,-0.97
-3.36808e-03,-0.99,-1.03
-3.36800e-03,-1.03,-0.99
-3.36792e-03,-0.99,-1.03
-3.36784e-03,-1.01,-0.99
-3.36776e-03,-0.99,-1.03
-3.36768e-03,-1.03,-0.99
-3.36760e-03,-0.99,-1.05
-3.36752e-03,-1.03,-0.99
-3.36744e-03,-1.01,-1.05
-3.36736e-03,-1.01,-0.99
-3.36728e-03,-1.03,-1.03
-3.36720e-03,-0.99,-0.99
-3.36712e-03,-1.01,-1.05
-3.36704e-03,-1.01,-0.99
-3.36696e-03,-1.03,-1.05
-3.36688e-03,-1.01,-0.99
-3.36680e-03,-1.01,-1.05
-3.36672e-03,-1.01,-0.99
-3.36664e-03,-1.01,-1.05
-3.36656e-03,-1.03,-0.99
-3.36648e-03,-1.01,-1.03
-3.36640e-03,-1.01,-0.99
-3.36632e-03,-1.01,-1.05
-3.36624e-03,-1.01,-0.99
-3.36616e-03,-0.99,-1.05
-3.36608e-03,-0.99,-0.99
-3.36600e-03,-1.03,-1.05
-3.36592e-03,-1.01,-0.99
-3.36584e-03,-1.03,-1.05
-3.36576e-03,-1.01,-0.99
-3.36568e-03,-1.01,-1.05
-3.36560e-03,-0.99,-0.99
-3.36552e-03,-1.01,-1.03
-3.36544e-03,-1.01,-0.99
-3.36536e-03,-1.01,-1.05
-3.36528e-03,-1.03,-0.99
-3.36520e-03,-0.99,-1.05
-3.36512e-03,-1.03,-0.99
-3.36504e-03,-1.01,-1.05
-3.36496e-03,-1.03,-0.99
-3.36488e-03,-0.99,-1.05
-3.36480e-03,-1.03,-0.99
-3.36472e-03,-0.99,-1.05
-3.36464e-03,-1.03,-0.99
-3.36456e-03,-1.01,-1.05
-3.36448e-03,-1.01,-0.99
-3.36440e-03,-1.01,-1.05
-3.36432e-03,-1.01,-0.99
-3.36424e-03,-1.01,-1.05
-3.36416e-03,-1.01,-0.99
-3.36408e-03,-1.03,-1.05
-3.36400e-03,-1.01,-0.99
-3.36392e-03,-1.01,-1.05
-3.36384e-03,-1.03,-0.99
-3.36376e-03,-1.01,-1.05
-3.36368e-03,-1.03,-0.99
-3.36360e-03,-1.01,-1.05
-3.36352e-03,-1.01,-0.99
-3.36344e-03,-0.99,-1.05
-3.36336e-03,-1.03,-0.99
-3.36328e-03,-1.01,-1.05
-3.36320e-03,-1.01,-0.99
-3.36312e-03,-1.03,-1.05
-3.36304e-03,-1.01,-0.99
-3.36296e-03,-1.03,-1.05
-3.36288e-03,-1.01,-0.99
-3.36280e-03,-1.03,-1.05
-3.36272e-03,-1.01,-0.99
-3.36264e-03,-1.01,-1.05
-3.36256e-03,-1.03,-0.99
-3.36248e-03,-0.99,-1.05
-3.36240e-03,-1.01,-0.99
-3.36232e-03,-1.01,-1.05
-3.36224e-03,-1.01,-0.99
-3.36216e-03,-1.03,-1.05
-3.36208e-03,-1.01,-0.99
-3.36200e-03,-1.01,-1.05
-3.36192e-03,-1.03,-0.99
-3.36184e-03,-1.03,-1.05
-3.36176e-03,-1.01,-0.99
-3.36168e-03,-1.05,-1.05
-3.36160e-03,-1.01,-0.99
-3.36152e-03,-1.03,-1.05
-3.36144e-03,-1.01,-1.01
-3.36136e-03,-1.05,-1.05
-3.36128e-03,-1.01,-0.99
-3.36120e-03,-1.01,-1.05
-3.36112e-03,-1.03,-0.99
-3.36104e-03,-1.01,-1.05
-3.36096e-03,-1.03,-1.01
-3.36088e-03,-1.03,-1.05
-3.36080e-03,-1.03,-0.99
-3.36072e-03,-1.03,-1.05
-3.36064e-03,-1.01,-1.01
-3.36056e-03,-1.03,-1.05
-3.36048e-03,-1.03,-0.99
-3.36040e-03,-1.01,-1.07
-3.36032e-03,-0.99,-0.99
-3.36024e-03,-1.03,-1.05
-3.36016e-03,-1.01,-0.99
-3.36008e-03,-1.01,-1.05
-3.36000e-03,-1.01,-0.99
-3.35992e-03,-1.03,-1.05
-3.35984e-03,-1.03,-0.99
-3.35976e-03,-1.01,-1.05
-3.35968e-03,-1.03,-0.99
-3.35960e-03,-1.01,-1.05
-3.35952e-03,-1.03,-0.99
-3.35944e-03,-1.01,-1.05
-3.35936e-03,-1.03,-0.99
-3.35928e-03,-1.03,-1.05
-3.35920e-03,-1.01,-0.99
-3.35912e-03,-1.01,-1.05
-3.35904e-03,-1.03,-0.99
-3.35896e-03,-1.05,-1.05
-3.35888e-03,-1.01,-0.99
-3.35880e-03,-1.03,-1.05
-3.35872e-03,-1.03,-0.99
-3.35864e-03,-1.01,-1.05
-3.35856e-03,-1.03,-0.99
-3.35848e-03,-1.01,-1.05
-3.35840e-03,-1.05,-0.99
-3.35832e-03,-1.03,-1.05
-3.35824e-03,-1.03,-0.99
-3.35816e-03,-1.01,-1.05
-3.35808e-03,-1.01,-0.99
-3.35800e-03,-1.01,-1.05
-3.35792e-03,-1.03,-0.99
-3.35784e-03,-1.03,-1.07
-3.35776e-03,-0.99,-0.99
-3.35768e-03,-1.03,-1.05
-3.35760e-03,-1.01,-0.97
-3.35752e-03,-1.01,-1.05
-3.35744e-03,-1.01,-0.99
-3.35736e-03,-1.01,-1.05
-3.35728e-03,-1.01,-0.99
-3.35720e-03,-1.01,-1.05
-3.35712e-03,-1.03,-0.99
-3.35704e-03,-1.01,-1.05
-3.35696e-03,-1.03,-0.99
-3.35688e-03,-1.01,-1.05
-3.35680e-03,-1.03,-0.99
-3.35672e-03,-1.01,-1.05
-3.35664e-03,-1.01,-1.01
-3.35656e-03,-1.01,-1.05
-3.35648e-03,-1.01,-0.99
-3.35640e-03,-1.03,-1.05
-3.35632e-03,-0.99,-0.99
-3.35624e-03,-1.03,-1.05
-3.35616e-03,-0.99,-0.99
-3.35608e-03,-1.03,-1.05
-3.35600e-03,-1.03,-0.99
-3.35592e-03,-1.01,-1.05
-3.35584e-03,-1.01,-0.99
-3.35576e-03,-1.01,-1.05
-3.35568e-03,-1.03,-1.01
-3.35560e-03,-0.99,-1.05
-3.35552e-03,-1.03,-0.99
-3.35544e-03,-1.01,-1.05
-3.35536e-03,-1.03,-0.99
-3.35528e-03,-1.03,-1.05
-3.35520e-03,-1.03,-0.99
-3.35512e-03,-1.03,-1.05
-3.35504e-03,-1.01,-0.99
-3.35496e-03,-1.03,-1.05
-3.35488e-03,-1.01,-0.99
-3.35480e-03,-1.01,-1.05
-3.35472e-03,-1.01,-0.99
-3.35464e-03,-1.03,-1.05
-3.35456e-03,-1.01,-0.99
-3.35448e-03,-1.01,-1.07
-3.35440e-03,-1.03,-0.97
-3.35432e-03,-1.01,-1.05
-3.35424e-03,-1.03,-0.99
-3.35416e-03,-1.01,-1.05
-3.35408e-03,-1.03,-0.99
-3.35400e-03,-1.03,-1.05
-3.35392e-03,-1.03,-0.99
-3.35384e-03,-1.01,-1.07
-3.35376e-03,-1.01,-0.99
-3.35368e-03,-1.01,-1.05
-3.35360e-03,-1.01,-0.99
-3.35352e-03,-1.01,-1.05
-3.35344e-03,-1.03,-0.99
-3.35336e-03,-1.01,-1.05
-3.35328e-03,-1.01,-0.99
-3.35320e-03,-1.01,-1.05
-3.35312e-03,-1.01,-0.99
-3.35304e-03,-0.99,-1.05
-3.35296e-03,-1.01,-0.99
-3.35288e-03,-1.03,-1.05
-3.35280e-03,-1.03,-0.99
-3.35272e-03,-1.03,-1.05
-3.35264e-03,-1.01,-0.99
-3.35256e-03,-1.03,-1.05
-3.35248e-03,-1.01,-0.99
-3.35240e-03,-1.03,-1.05
-3.35232e-03,-1.01,-0.99
-3.35224e-03,-1.03,-1.05
-3.35216e-03,-1.03,-0.99
-3.35208e-03,-1.03,-1.05
-3.35200e-03,-1.01,-0.99
-3.35192e-03,-1.01,-1.05
-3.35184e-03,-1.01,-0.99
-3.35176e-03,-1.03,-1.05
-3.35168e-03,-1.05,-0.99
-3.35160e-03,-1.01,-1.05
-3.35152e-03,-1.03,-0.99
-3.35144e-03,-1.01,-1.05
-3.35136e-03,-1.01,-0.99
-3.35128e-03,-1.01,-1.05
-3.35120e-03,-1.01,-1.01
-3.35112e-03,-1.03,-1.05
-3.35104e-03,-1.01,-1.01
-3.35096e-03,-1.03,-1.07
-3.35088e-03,-1.01,-0.99
-3.35080e-03,-1.03,-1.05
-3.35072e-03,-1.03,-0.99
-3.35064e-03,-1.01,-1.05
-3.35056e-03,-1.03,-1.01
-3.35048e-03,-1.01,-1.05
-3.35040e-03,-1.03,-0.99
-3.35032e-03,-1.01,-1.05
-3.35024e-03,-1.03,-1.01
-3.35016e-03,-1.01,-1.05
-3.35008e-03,-1.01,-0.99
-3.35000e-03,-1.03,-1.05
-3.34992e-03,-1.01,-0.99
-3.34984e-03,-1.05,-1.05
-3.34976e-03,-1.01,-0.99
-3.34968e-03,-1.03,-1.07
-3.34960e-03,-1.03,-0.99
-3.34952e-03,-1.01,-1.05
-3.34944e-03,-1.01,-0.99
-3.34936e-03,-1.01,-1.05
-3.34928e-03,-1.03,-0.99
-3.34920e-03,-1.01,-1.05
-3.34912e-03,-1.03,-0.99
-3.34904e-03,-1.01,-1.05
-3.34896e-03,-1.03,-0.99
-3.34888e-03,-1.01,-1.07
-3.34880e-03,-1.03,-0.99
-3.34872e-03,-1.03,-1.05
-3.34864e-03,-1.01,-1.01
-3.34856e-03,-1.03,-1.05
-3.34848e-03,-1.01,-1.01
-3.34840e-03,-1.03,-1.05
-3.34832e-03,-1.03,-1.01
-3.34824e-03,-1.03,-1.07
-3.34816e-03,-1.03,-0.99
-3.34808e-03,-1.03,-1.05
-3.34800e-03,-1.03,-0.99
-3.34792e-03,-1.03,-1.05
-3.34784e-03,-1.05,-0.99
-3.34776e-03,-1.01,-1.05
-3.34768e-03,-1.03,-1.01
-3.34760e-03,-1.01,-1.05
-3.34752e-03,-1.03,-0.99
-3.34744e-03,-1.03,-1.07
-3.34736e-03,-0.99,-1.01
-3.34728e-03,-1.03,-1.07
-3.34720e-03,-1.01,-0.99
-3.34712e-03,-1.01,-1.05
-3.34704e-03,-1.01,-0.99
-3.34696e-03,-1.01,-1.05
-3.34688e-03,-1.01,-0.99
-3.34680e-03,-1.03,-1.05
-3.34672e-03,-1.01,-1.01
-3.34664e-03,-1.03,-1.05
-3.34656e-03,-1.03,-1.01
-3.34648e-03,-1.01,-1.07
-3.34640e-03,-1.01,-0.99
-3.34632e-03,-1.01,-1.05
-3.34624e-03,-1.01,-1.01
-3.34616e-03,-1.03,-1.05
-3.34608e-03,-1.05,-0.99
-3.34600e-03,-1.01,-1.05
-3.34592e-03,-1.01,-0.99
-3.34584e-03,-1.03,-1.05
-3.34576e-03,-1.01,-0.99
-3.34568e-03,-1.03,-1.05
-3.34560e-03,-1.03,-0.99
-3.34552e-03,-1.03,-1.05
-3.34544e-03,-1.01,-1.01
-3.34536e-03,-1.01,-1.05
-3.34528e-03,-1.03,-0.99
-3.34520e-03,-1.01,-1.05
-3.34512e-03,-1.05,-0.99
-3.34504e-03,-1.01,-1.05
-3.34496e-03,-1.03,-1.01
-3.34488e-03,-1.03,-1.05
-3.34480e-03,-1.03,-0.99
-3.34472e-03,-1.01,-1.07
-3.34464e-03,-1.01,-0.99
-3.34456e-03,-1.03,-1.05
-3.34448e-03,-1.03,-1.01
-3.34440e-03,-1.03,-1.07
-3.34432e-03,-0.99,-0.99
-3.34424e-03,-1.03,-1.05
-3.34416e-03,-1.03,-0.99
-3.34408e-03,-1.03,-1.05
-3.34400e-03,-1.01,-1.01
-3.34392e-03,-1.01,-1.05
-3.34384e-03,-1.03,-0.99
-3.34376e-03,-1.03,-1.05
-3.34368e-03,-1.03,-1.01
-3.34360e-03,-1.03,-1.05
-3.34352e-03,-1.03,-1.01
-3.34344e-03,-1.03,-1.05
-3.34336e-03,-1.03,-0.99
-3.34328e-03,-1.03,-1.05
-3.34320e-03,-1.01,-0.99
-3.34312e-03,-1.03,-1.05
-3.34304e-03,-1.01,-0.99
-3.34296e-03,-1.03,-1.05
-3.34288e-03,-1.01,-1.01
-3.34280e-03,-1.03,-1.05
-3.34272e-03,-1.01,-1.01
-3.34264e-03,-1.01,-1.05
-3.34256e-03,-1.01,-0.99
-3.34248e-03,-0.99,-1.03
-3.34240e-03,-1.01,-0.97
-3.34232e-03,-1.01,-1.05
-3.34224e-03,-1.01,-0.95
-3.34216e-03,-1.01,-1.05
-3.34208e-03,-1.05,-0.99
-3.34200e-03,-1.03,-1.07
-3.34192e-03,-1.05,-0.99
-3.34184e-03,-1.07,-1.07
-3.34176e-03,-1.05,-1.01
-3.34168e-03,-1.07,-1.07
-3.34160e-03,-1.03,-0.99
-3.34152e-03,-1.01,-1.09
-3.34144e-03,-1.01,-0.99
-3.34136e-03,-1.01,-1.07
-3.34128e-03,-1.03,-0.99
-3.34120e-03,-1.01,-1.05
-3.34112e-03,-1.03,-1.01
-3.34104e-03,-1.03,-1.05
-3.34096e-03,-1.03,-0.99
-3.34088e-03,-1.03,-1.05
-3.34080e-03,-1.03,-0.99
-3.34072e-03,-1.03,-1.05
-3.34064e-03,-1.03,-0.99
-3.34056e-03,-1.03,-1.05
-3.34048e-03,-1.03,-0.99
-3.34040e-03,-1.03,-1.05
-3.34032e-03,-0.99,-0.99
-3.34024e-03,-1.03,-1.07
-3.34016e-03,-1.01,-0.99
-3.34008e-03,-1.03,-1.05
-3.34000e-03,-1.03,-1.01
-3.33992e-03,-1.01,-1.07
-3.33984e-03,-1.03,-1.01
-3.33976e-03,-1.01,-1.05
-3.33968e-03,-1.03,-1.01
-3.33960e-03,-1.01,-1.05
-3.33952e-03,-1.03,-1.01
-3.33944e-03,-1.01,-1.05
-3.33936e-03,-1.01,-1.01
-3.33928e-03,-1.03,-1.05
-3.33920e-03,-1.01,-1.01
-3.33912e-03,-1.03,-1.05
-3.33904e-03,-1.01,-0.99
-3.33896e-03,-1.03,-1.07
-3.33888e-03,-1.03,-1.01
-3.33880e-03,-1.05,-1.05
-3.33872e-03,-1.03,-0.99
-3.33864e-03,-1.01,-1.05
-3.33856e-03,-1.03,-1.01
-3.33848e-03,-1.01,-1.05
-3.33840e-03,-1.03,-1.01
-3.33832e-03,-1.03,-1.05
-3.33824e-03,-1.03,-1.01
-3.33816e-03,-1.01,-1.05
-3.33808e-03,-1.01,-1.01
-3.33800e-03,-1.01,-1.05
-3.33792e-03,-1.03,-1.01
-3.33784e-03,-1.01,-1.07
-3.33776e-03,-1.03,-1.01
-3.33768e-03,-1.05,-1.07
-3.33760e-03,-1.01,-0.99
-3.33752e-03,-1.03,-1.05
-3.33744e-03,-1.05,-1.01
-3.33736e-03,-1.03,-1.07
-3.33728e-03,-1.05,-1.01
-3.33720e-03,-1.01,-1.05
-3.33712e-03,-1.03,-0.99
-3.33704e-03,-1.01,-1.05
-3.33696e-03,-1.05,-1.01
-3.33688e-03,-0.99,-1.07
-3.33680e-03,-1.05,-1.01
-3.33672e-03,-1.01,-1.07
-3.33664e-03,-1.03,-0.99
-3.33656e-03,-1.03,-1.07
-3.33648e-03,-1.03,-1.01
-3.33640e-03,-1.05,-1.05
-3.33632e-03,-1.01,-0.99
-3.33624e-03,-1.03,-1.05
-3.33616e-03,-1.03,-0.99
-3.33608e-03,-1.01,-1.05
-3.33600e-03,-1.03,-1.01
-3.33592e-03,-1.03,-1.05
-3.33584e-03,-1.05,-0.99
-3.33576e-03,-1.01,-1.05
-3.33568e-03,-1.03,-0.99
-3.33560e-03,-1.01,-1.05
-3.33552e-03,-1.03,-0.99
-3.33544e-03,-1.01,-1.05
-3.33536e-03,-1.03,-0.99
-3.33528e-03,-1.03,-1.05
-3.33520e-03,-1.03,-0.99
-3.33512e-03,-1.05,-1.05
-3.33504e-03,-1.01,-1.01
-3.33496e-03,-1.01,-1.05
-3.33488e-03,-1.03,-0.99
-3.33480e-03,-1.03,-1.05
-3.33472e-03,-1.03,-0.99
-3.33464e-03,-1.03,-1.05
-3.33456e-03,-1.03,-1.01
-3.33448e-03,-1.01,-1.05
-3.33440e-03,-1.03,-0.99
-3.33432e-03,-1.03,-1.05
-3.33424e-03,-1.03,-0.99
-3.33416e-03,-1.03,-1.05
-3.33408e-03,-1.03,-0.99
-3.33400e-03,-1.03,-1.05
-3.33392e-03,-1.01,-0.99
-3.33384e-03,-1.01,-1.05
-3.33376e-03,-0.99,-0.99
-3.33368e-03,-1.03,-1.07
-3.33360e-03,-1.01,-0.99
-3.33352e-03,-1.03,-1.07
-3.33344e-03,-1.01,-0.99
-3.33336e-03,-1.03,-1.07
-3.33328e-03,-1.01,-0.99
-3.33320e-03,-1.03,-1.05
-3.33312e-03,-1.01,-0.99
-3.33304e-03,-1.01,-1.05
-3.33296e-03,-1.03,-0.99
-3.33288e-03,-1.03,-1.05
-3.33280e-03,-1.03,-0.99
-3.33272e-03,-1.01,-1.05
-3.33264e-03,-1.01,-0.99
-3.33256e-03,-1.03,-1.05
-3.33248e-03,-1.01,-0.99
-3.33240e-03,-1.05,-1.05
-3.33232e-03,-1.01,-1.01
-3.33224e-03,-1.01,-1.05
-3.33216e-03,-1.01,-0.99
-3.33208e-03,-1.01,-1.05
-3.33200e-03,-1.03,-1.01
-3.33192e-03,-1.03,-1.05
-3.33184e-03,-1.01,-0.99
-3.33176e-03,-1.01,-1.05
-3.33168e-03,-1.03,-0.99
-3.33160e-03,-1.01,-1.05
-3.33152e-03,-1.03,-0.99
-3.33144e-03,-0.99,-1.05
-3.33136e-03,-1.03,-0.99
-3.33128e-03,-1.01,-1.05
-3.33120e-03,-1.01,-0.99
-3.33112e-03,-1.03,-1.05
-3.33104e-03,-1.01,-1.01
-3.33096e-03,-1.01,-1.05
-3.33088e-03,-1.01,-1.01
-3.33080e-03,-1.01,-1.05
-3.33072e-03,-0.99,-0.99
-3.33064e-03,-1.01,-1.05
-3.33056e-03,-1.03,-0.99
-3.33048e-03,-1.01,-1.05
-3.33040e-03,-1.03,-0.99
-3.33032e-03,-1.01,-1.05
-3.33024e-03,-1.03,-0.99
-3.33016e-03,-1.01,-1.05
-3.33008e-03,-1.01,-0.99
-3.33000e-03,-1.03,-1.05
-3.32992e-03,-1.01,-0.99
-3.32984e-03,-1.03,-1.05
-3.32976e-03,-1.01,-0.99
-3.32968e-03,-1.01,-1.05
-3.32960e-03,-1.01,-0.99
-3.32952e-03,-1.01,-1.05
-3.32944e-03,-1.01,-1.01
-3.32936e-03,-1.03,-1.05
-3.32928e-03,-1.03,-0.99
-3.32920e-03,-1.03,-1.05
-3.32912e-03,-1.03,-0.99
-3.32904e-03,-1.01,-1.05
-3.32896e-03,-1.03,-0.99
-3.32888e-03,-1.01,-1.05
-3.32880e-03,-1.03,-0.99
-3.32872e-03,-0.99,-1.05
-3.32864e-03,-0.99,-0.99
-3.32856e-03,-1.03,-1.05
-3.32848e-03,-1.01,-0.99
-3.32840e-03,-1.03,-1.05
-3.32832e-03,-1.03,-0.99
-3.32824e-03,-1.03,-1.05
-3.32816e-03,-1.01,-0.99
-3.32808e-03,-1.03,-1.05
-3.32800e-03,-1.01,-0.99
-3.32792e-03,-0.85,-1.05
-3.32784e-03,-0.97,-1.01
-3.32776e-03,-0.97,-1.09
-3.32768e-03,-0.95,-0.73
-3.32760e-03,-0.95,-1.01
-3.32752e-03,-0.91,-0.93
-3.32744e-03,-0.95,-0.97
-3.32736e-03,-0.95,-0.91
-3.32728e-03,-0.99,-0.99
-3.32720e-03,-1.01,-0.93
-3.32712e-03,-1.03,-1.03
-3.32704e-03,-1.01,-0.95
-3.32696e-03,-1.05,-1.05
-3.32688e-03,-1.05,-1.01
-3.32680e-03,-1.03,-1.07
-3.32672e-03,-1.05,-1.01
-3.32664e-03,-1.03,-1.07
-3.32656e-03,-1.03,-1.03
-3.32648e-03,-1.03,-1.07
-3.32640e-03,-1.01,-1.01
-3.32632e-03,-1.01,-1.05
-3.32624e-03,-0.99,-0.99
-3.32616e-03,-1.01,-1.05
-3.32608e-03,-1.01,-0.99
-3.32600e-03,-1.01,-1.05
-3.32592e-03,-1.01,-0.99
-3.32584e-03,-1.01,-1.03
-3.32576e-03,-1.03,-0.99
-3.32568e-03,-1.01,-1.05
-3.32560e-03,-0.99,-0.99
-3.32552e-03,-1.01,-1.07
-3.32544e-03,-1.01,-0.99
-3.32536e-03,-1.03,-1.05
-3.32528e-03,-1.03,-0.99
-3.32520e-03,-1.03,-1.05
-3.32512e-03,-1.01,-0.97
-3.32504e-03,-1.01,-1.05
-3.32496e-03,-1.01,-0.99
-3.32488e-03,-1.01,-1.03
-3.32480e-03,-0.99,-0.99
-3.32472e-03,-1.03,-1.03
-3.32464e-03,-0.99,-0.99
-3.32456e-03,-1.01,-1.05
-3.32448e-03,-1.01,-0.99
-3.32440e-03,-1.01,-1.03
-3.32432e-03,-1.01,-0.99
-3.32424e-03,-1.01,-1.05
-3.32416e-03,-1.01,-0.99
-3.32408e-03,-1.03,-1.03
-3.32400e-03,-1.01,-0.99
-3.32392e-03,-1.03,-1.05
-3.32384e-03,-1.01,-0.99
-3.32376e-03,-1.01,-1.05
-3.32368e-03,-1.01,-0.99
-3.32360e-03,-1.01,-1.03
-3.32352e-03,-1.01,-0.99
-3.32344e-03,-1.01,-1.03
-3.32336e-03,-1.01,-0.99
-3.32328e-03,-0.99,-1.05
-3.32320e-03,-0.99,-0.99
-3.32312e-03,-1.01,-1.05
-3.32304e-03,-1.03,-0.99
-3.32296e-03,-1.03,-1.03
-3.32288e-03,-1.01,-0.99
-3.32280e-03,-1.03,-1.03
-3.32272e-03,-1.03,-0.99
-3.32264e-03,-1.03,-1.05
-3.32256e-03,-1.01,-0.99
-3.32248e-03,-1.03,-1.05
-3.32240e-03,-1.01,-0.99
-3.32232e-03,-1.03,-1.05
-3.32224e-03,-1.01,-0.99
-3.32216e-03,-1.01,-1.03
-3.32208e-03,-1.01,-0.99
-3.32200e-03,-1.03,-1.05
-3.32192e-03,-1.01,-0.99
-3.32184e-03,-1.01,-1.05
-3.32176e-03,-1.01,-0.99
-3.32168e-03,-1.01,-1.05
-3.32160e-03,-1.01,-0.99
-3.32152e-03,-1.01,-1.03
-3.32144e-03,-1.01,-0.99
-3.32136e-03,-0.99,-1.03
-3.32128e-03,-1.01,-0.99
-3.32120e-03,-1.33,-1.03
-3.32112e-03,-1.07,-0.99
-3.32104e-03,-1.05,-1.37
-3.32096e-03,-1.07,-0.95
-3.32088e-03,-1.07,-1.09
-3.32080e-03,-1.09,-1.03
-3.32072e-03,-1.07,-1.11
-3.32064e-03,-1.07,-1.03
-3.32056e-03,-1.05,-1.11
-3.32048e-03,-1.01,-1.03
-3.32040e-03,-1.01,-1.09
-3.32032e-03,-0.99,-0.99
-3.32024e-03,-0.99,-1.05
-3.32016e-03,-0.97,-0.99
-3.32008e-03,-0.99,-1.03
-3.32000e-03,-0.99,-0.97
-3.31992e-03,-0.99,-1.03
-3.31984e-03,-0.99,-0.97
-3.31976e-03,-1.01,-1.03
-3.31968e-03,-1.01,-0.97
-3.31960e-03,-0.99,-1.03
-3.31952e-03,-1.03,-0.99
-3.31944e-03,-1.01,-1.03
-3.31936e-03,-1.01,-0.97
-3.31928e-03,-1.03,-1.05
-3.31920e-03,-1.01,-0.99
-3.31912e-03,-1.01,-1.03
-3.31904e-03,-0.99,-0.99
-3.31896e-03,-1.01,-1.05
-3.31888e-03,-1.01,-0.97
-3.31880e-03,-1.03,-1.05
-3.31872e-03,-1.01,-0.99
-3.31864e-03,-0.99,-1.03
-3.31856e-03,-1.01,-0.99
-3.31848e-03,-0.99,-1.05
-3.31840e-03,-0.99,-0.99
-3.31832e-03,-0.99,-1.05
-3.31824e-03,-1.01,-0.99
-3.31816e-03,-1.01,-1.05
-3.31808e-03,-1.01,-0.99
-3.31800e-03,-1.03,-1.05
-3.31792e-03,-1.01,-0.99
-3.31784e-03,-1.01,-1.05
-3.31776e-03,-1.01,-0.99
-3.31768e-03,-1.01,-1.05
-3.31760e-03,-1.01,-0.99
-3.31752e-03,-1.03,-1.07
-3.31744e-03,-1.03,-0.97
-3.31736e-03,-1.03,-1.05
-3.31728e-03,-1.03,-0.99
-3.31720e-03,-1.01,-1.07
-3.31712e-03,-1.01,-0.99
-3.31704e-03,-1.03,-1.05
-3.31696e-03,-1.03,-0.99
-3.31688e-03,-1.01,-1.05
-3.31680e-03,-1.03,-0.99
-3.31672e-03,-1.01,-1.05
-3.31664e-03,-1.03,-0.99
-3.31656e-03,-1.03,-1.05
-3.31648e-03,-1.03,-0.99
-3.31640e-03,-1.03,-1.05
-3.31632e-03,-1.03,-0.99
-3.31624e-03,-1.05,-1.05
-3.31616e-03,-1.01,-1.01
-3.31608e-03,-1.03,-1.07
-3.31600e-03,-1.01,-0.99
-3.31592e-03,-1.01,-1.05
-3.31584e-03,-1.03,-0.99
-3.31576e-03,-1.03,-1.05
-3.31568e-03,-1.03,-0.99
-3.31560e-03,-0.99,-1.05
-3.31552e-03,-1.01,-0.99
-3.31544e-03,-1.01,-1.05
-3.31536e-03,-1.01,-0.99
-3.31528e-03,-1.01,-1.05
-3.31520e-03,-1.01,-0.99
-3.31512e-03,-1.03,-1.05
-3.31504e-03,-1.03,-0.99
-3.31496e-03,-1.03,-1.05
-3.31488e-03,-1.01,-0.99
-3.31480e-03,-1.03,-1.05
-3.31472e-03,-1.01,-0.99
-3.31464e-03,-1.03,-1.05
-3.31456e-03,-1.03,-0.99
-3.31448e-03,-1.01,-1.05
-3.31440e-03,-1.01,-0.99
-3.31432e-03,-1.01,-1.05
-3.31424e-03,-1.01,-0.99
-3.31416e-03,-1.01,-1.05
-3.31408e-03,-1.03,-0.99
-3.31400e-03,-1.01,-1.05
-3.31392e-03,-1.01,-0.99
-3.31384e-03,-1.01,-1.05
-3.31376e-03,-1.01,-0.99
-3.31368e-03,-1.03,-1.05
-3.31360e-03,-1.01,-1.01
-3.31352e-03,-1.01,-1.05
-3.31344e-03,-1.03,-1.01
-3.31336e-03,-1.03,-1.05
-3.31328e-03,-1.03,-0.99
-3.31320e-03,-1.01,-1.05
-3.31312e-03,-1.03,-0.99
-3.31304e-03,-1.01,-1.05
-3.31296e-03,-1.03,-1.01
-3.31288e-03,-1.03,-1.05
-3.31280e-03,-1.03,-0.99
-3.31272e-03,-1.03,-1.05
-3.31264e-03,-0.99,-1.01
-3.31256e-03,-1.01,-1.05
-3.31248e-03,-1.01,-0.99
-3.31240e-03,-1.03,-1.05
-3.31232e-03,-1.01,-0.99
-3.31224e-03,-1.03,-1.07
-3.31216e-03,-1.03,-0.99
-3.31208e-03,-1.03,-1.05
-3.31200e-03,-1.03,-0.99
-3.31192e-03,-1.03,-1.05
-3.31184e-03,-1.03,-0.99
-3.31176e-03,-1.03,-1.05
-3.31168e-03,-1.05,-1.01
-3.31160e-03,-1.01,-1.05
-3.31152e-03,-1.03,-0.99
-3.31144e-03,-1.01,-1.07
-3.31136e-03,-1.01,-0.99
-3.31128e-03,-1.03,-1.05
-3.31120e-03,-1.01,-1.01
-3.31112e-03,-1.03,-1.05
-3.31104e-03,-1.01,-1.01
-3.31096e-03,-1.03,-1.05
-3.31088e-03,-1.01,-1.01
-3.31080e-03,-1.05,-1.05
-3.31072e-03,-1.03,-0.99
-3.31064e-03,-1.03,-1.05
-3.31056e-03,-1.03,-0.99
-3.31048e-03,-1.01,-1.07
-3.31040e-03,-1.05,-1.01
-3.31032e-03,-1.03,-1.07
-3.31024e-03,-1.03,-0.99
-3.31016e-03,-1.01,-1.05
-3.31008e-03,-1.01,-1.01
-3.31000e-03,-1.03,-1.05
-3.30992e-03,-1.03,-0.99
-3.30984e-03,-1.03,-1.05
-3.30976e-03,-1.01,-0.99
-3.30968e-03,-1.03,-1.05
-3.30960e-03,-1.01,-0.99
-3.30952e-03,-1.01,-1.05
-3.30944e-03,-0.99,-0.99
-3.30936e-03,-1.01,-1.07
-3.30928e-03,-1.03,-0.99
-3.30920e-03,-1.03,-1.07
-3.30912e-03,-1.05,-0.99
-3.30904e-03,-1.01,-1.07
-3.30896e-03,-1.03,-0.99
-3.30888e-03,-1.01,-1.05
-3.30880e-03,-1.03,-0.99
-3.30872e-03,-0.99,-1.05
-3.30864e-03,-1.03,-0.99
-3.30856e-03,-1.03,-1.07
-3.30848e-03,-1.01,-0.99
-3.30840e-03,-1.03,-1.05
-3.30832e-03,-1.01,-0.99
-3.30824e-03,-1.03,-1.05
-3.30816e-03,-0.99,-0.99
-3.30808e-03,-1.03,-1.05
-3.30800e-03,-1.01,-0.99
-3.30792e-03,-1.01,-1.05
-3.30784e-03,-1.03,-1.01
-3.30776e-03,-1.03,-1.05
-3.30768e-03,-1.05,-1.01
-3.30760e-03,-1.03,-1.07
-3.30752e-03,-1.03,-0.99
-3.30744e-03,-1.01,-1.05
-3.30736e-03,-1.03,-0.99
-3.30728e-03,-1.03,-1.05
-3.30720e-03,-1.01,-1.01
-3.30712e-03,-1.03,-1.05
-3.30704e-03,-1.03,-1.01
-3.30696e-03,-1.03,-1.07
-3.30688e-03,-1.01,-0.99
-3.30680e-03,-1.03,-1.07
-3.30672e-03,-1.03,-0.99
-3.30664e-03,-1.03,-1.05
-3.30656e-03,-1.05,-1.01
-3.30648e-03,-1.01,-1.05
-3.30640e-03,-1.03,-0.99
-3.30632e-03,-1.01,-1.05
-3.30624e-03,-1.03,-0.99
-3.30616e-03,-1.01,-1.05
-3.30608e-03,-1.03,-1.01
-3.30600e-03,-1.03,-1.05
-3.30592e-03,-1.03,-1.01
-3.30584e-03,-1.01,-1.05
-3.30576e-03,-1.01,-0.99
-3.30568e-03,-1.05,-1.05
-3.30560e-03,-1.01,-0.99
-3.30552e-03,-1.01,-1.05
-3.30544e-03,-1.01,-0.99
-3.30536e-03,-1.03,-1.05
-3.30528e-03,-1.03,-1.01
-3.30520e-03,-1.01,-1.05
-3.30512e-03,-1.03,-0.99
-3.30504e-03,-0.99,-1.05
-3.30496e-03,-1.05,-1.01
-3.30488e-03,-1.01,-1.05
-3.30480e-03,-1.01,-0.99
-3.30472e-03,-1.03,-1.05
-3.30464e-03,-1.03,-0.99
-3.30456e-03,-1.03,-1.05
-3.30448e-03,-1.05,-1.01
-3.30440e-03,-1.05,-1.05
-3.30432e-03,-1.01,-0.99
-3.30424e-03,-1.03,-1.05
-3.30416e-03,-1.01,-0.99
-3.30408e-03,-1.03,-1.07
-3.30400e-03,-1.03,-0.99
-3.30392e-03,-1.01,-1.07
-3.30384e-03,-1.01,-1.01
-3.30376e-03,-1.03,-1.05
-3.30368e-03,-1.05,-0.99
-3.30360e-03,-1.01,-1.05
-3.30352e-03,-1.03,-0.99
-3.30344e-03,-1.01,-1.05
-3.30336e-03,-1.01,-0.99
-3.30328e-03,-1.01,-1.05
-3.30320e-03,-1.03,-0.99
-3.30312e-03,-1.01,-1.05
-3.30304e-03,-1.03,-0.99
-3.30296e-03,-1.03,-1.05
-3.30288e-03,-1.01,-0.99
-3.30280e-03,-1.03,-1.05
-3.30272e-03,-1.01,-1.01
-3.30264e-03,-1.03,-1.05
-3.30256e-03,-1.03,-1.01
-3.30248e-03,-1.01,-1.05
-3.30240e-03,-1.03,-0.99
-3.30232e-03,-0.99,-1.07
-3.30224e-03,-1.03,-0.99
-3.30216e-03,-1.01,-1.05
-3.30208e-03,-1.03,-0.99
-3.30200e-03,-1.01,-1.05
-3.30192e-03,-1.03,-1.01
-3.30184e-03,-1.03,-1.07
-3.30176e-03,-1.03,-1.01
-3.30168e-03,-1.05,-1.05
-3.30160e-03,-1.03,-0.99
-3.30152e-03,-1.03,-1.05
-3.30144e-03,-1.01,-1.01
-3.30136e-03,-1.03,-1.07
-3.30128e-03,-1.03,-0.99
-3.30120e-03,-1.03,-1.07
-3.30112e-03,-1.03,-1.01
-3.30104e-03,-1.05,-1.07
-3.30096e-03,-1.03,-1.01
-3.30088e-03,-1.05,-1.07
-3.30080e-03,-1.05,-1.01
-3.30072e-03,-1.03,-1.07
-3.30064e-03,-1.05,-1.01
-3.30056e-03,-1.05,-1.07
-3.30048e-03,-1.05,-1.01
-3.30040e-03,-1.03,-1.07
-3.30032e-03,-1.05,-1.01
-3.30024e-03,-1.05,-1.07
-3.30016e-03,-1.03,-1.01
-3.30008e-03,-1.05,-1.07
-3.30000e-03,-1.05,-1.01
-3.29992e-03,-1.03,-1.07
-3.29984e-03,-1.05,-1.03
-3.29976e-03,-1.03,-1.07
-3.29968e-03,-1.03,-1.01
-3.29960e-03,-1.05,-1.07
-3.29952e-03,-1.05,-1.01
-3.29944e-03,-1.01,-1.07
-3.29936e-03,-1.03,-1.01
-3.29928e-03,-1.03,-1.07
-3.29920e-03,-1.03,-1.01
-3.29912e-03,-1.05,-1.07
-3.29904e-03,-1.03,-1.01
-3.29896e-03,-1.05,-1.05
-3.29888e-03,-1.01,-1.01
-3.29880e-03,-1.05,-1.07
-3.29872e-03,-1.03,-1.01
-3.29864e-03,-1.03,-1.05
-3.29856e-03,-1.03,-1.01
-3.29848e-03,-1.03,-1.05
-3.29840e-03,-1.03,-1.01
-3.29832e-03,-1.01,-1.05
-3.29824e-03,-1.03,-1.01
-3.29816e-03,-1.03,-1.05
-3.29808e-03,-1.03,-1.01
-3.29800e-03,-1.03,-1.05
-3.29792e-03,-1.01,-1.01
-3.29784e-03,-1.03,-1.05
-3.29776e-03,-1.01,-1.01
-3.29768e-03,-1.03,-1.05
-3.29760e-03,-1.01,-0.99
-3.29752e-03,-1.03,-1.05
-3.29744e-03,-1.05,-1.01
-3.29736e-03,-1.01,-1.05
-3.29728e-03,-1.05,-1.01
-3.29720e-03,-1.03,-1.05
-3.29712e-03,-1.03,-1.01
-3.29704e-03,-1.03,-1.05
-3.29696e-03,-1.05,-1.01
-3.29688e-03,-1.01,-1.05
-3.29680e-03,-1.05,-0.99
-3.29672e-03,-1.03,-1.05
-3.29664e-03,-1.03,-0.99
-3.29656e-03,-1.03,-1.05
-3.29648e-03,-1.01,-1.01
-3.29640e-03,-1.03,-1.05
-3.29632e-03,-1.03,-0.99
-3.29624e-03,-1.03,-1.07
-3.29616e-03,-1.03,-1.01
-3.29608e-03,-1.03,-1.05
-3.29600e-03,-1.03,-1.01
-3.29592e-03,-1.01,-1.07
-3.29584e-03,-1.03,-1.01
-3.29576e-03,-1.05,-1.07
-3.29568e-03,-1.05,-1.01
-3.29560e-03,-1.05,-1.07
-3.29552e-03,-1.05,-1.01
-3.29544e-03,-1.03,-1.07
-3.29536e-03,-1.03,-1.01
-3.29528e-03,-1.03,-1.07
-3.29520e-03,-1.03,-1.01
-3.29512e-03,-1.05,-1.07
-3.29504e-03,-1.03,-1.01
-3.29496e-03,-1.05,-1.07
-3.29488e-03,-1.03,-1.01
-3.29480e-03,-1.05,-1.05
-3.29472e-03,-1.03,-1.01
-3.29464e-03,-1.05,-1.07
-3.29456e-03,-1.05,-1.01
-3.29448e-03,-1.03,-1.07
-3.29440e-03,-1.03,-1.01
-3.29432e-03,-1.03,-1.07
-3.29424e-03,-1.05,-1.01
-3.29416e-03,-1.03,-1.05
-3.29408e-03,-1.03,-1.01
-3.29400e-03,-1.05,-1.05
-3.29392e-03,-1.01,-1.01
-3.29384e-03,-1.03,-1.05
-3.29376e-03,-1.01,-1.01
-3.29368e-03,-1.03,-1.05
-3.29360e-03,-1.01,-1.01
-3.29352e-03,-1.03,-1.05
-3.29344e-03,-1.03,-1.01
-3.29336e-03,-1.05,-1.07
-3.29328e-03,-1.01,-1.01
-3.29320e-03,-1.01,-1.07
-3.29312e-03,-1.01,-0.99
-3.29304e-03,-0.99,-1.07
-3.29296e-03,-1.03,-0.97
-3.29288e-03,-1.01,-1.05
-3.29280e-03,-1.03,-0.99
-3.29272e-03,-1.01,-1.05
-3.29264e-03,-1.01,-0.99
-3.29256e-03,-1.03,-1.05
-3.29248e-03,-1.01,-0.99
-3.29240e-03,-1.05,-1.05
-3.29232e-03,-0.99,-0.99
-3.29224e-03,-1.01,-1.05
-3.29216e-03,-1.01,-0.99
-3.29208e-03,-1.01,-1.07
-3.29200e-03,-0.99,-0.99
-3.29192e-03,-1.03,-1.05
-3.29184e-03,-1.01,-0.99
-3.29176e-03,-1.01,-1.05
-3.29168e-03,-1.03,-0.99
-3.29160e-03,-1.01,-1.05
-3.29152e-03,-1.03,-0.99
-3.29144e-03,-1.03,-1.05
-3.29136e-03,-1.01,-0.99
-3.29128e-03,-1.03,-1.05
-3.29120e-03,-1.03,-0.99
-3.29112e-03,-1.03,-1.05
-3.29104e-03,-1.01,-0.99
-3.29096e-03,-1.01,-1.05
-3.29088e-03,-1.01,-1.01
-3.29080e-03,-1.03,-1.05
-3.29072e-03,-1.01,-0.99
-3.29064e-03,-1.03,-1.05
-3.29056e-03,-1.01,-1.01
-3.29048e-03,-1.01,-1.05
-3.29040e-03,-1.03,-1.01
-3.29032e-03,-1.01,-1.05
-3.29024e-03,-1.03,-0.99
-3.29016e-03,-1.03,-1.05
-3.29008e-03,-1.03,-0.99
-3.29000e-03,-1.05,-1.07
-3.28992e-03,-1.01,-0.99
-3.28984e-03,-1.03,-1.07
-3.28976e-03,-1.01,-0.99
-3.28968e-03,-1.03,-1.07
-3.28960e-03,-1.03,-0.99
-3.28952e-03,-1.03,-1.05
-3.28944e-03,-1.03,-0.99
-3.28936e-03,-1.03,-1.05
-3.28928e-03,-1.01,-1.01
-3.28920e-03,-1.01,-1.05
-3.28912e-03,-1.03,-1.01
-3.28904e-03,-1.01,-1.05
-3.28896e-03,-1.03,-1.01
-3.28888e-03,-1.01,-1.05
-3.28880e-03,-1.03,-1.01
-3.28872e-03,-1.03,-1.05
-3.28864e-03,-1.01,-1.01
-3.28856e-03,-1.05,-1.05
-3.28848e-03,-1.03,-1.01
-3.28840e-03,-1.05,-1.07
-3.28832e-03,-1.01,-0.99
-3.28824e-03,-1.03,-1.05
-3.28816e-03,-1.03,-0.99
-3.28808e-03,-1.01,-1.05
-3.28800e-03,-1.01,-1.01
-3.28792e-03,-1.03,-1.05
-3.28784e-03,-1.01,-1.01
-3.28776e-03,-1.03,-1.05
-3.28768e-03,-1.03,-1.01
-3.28760e-03,-1.01,-1.07
-3.28752e-03,-1.01,-1.01
-3.28744e-03,-1.03,-1.07
-3.28736e-03,-1.05,-1.01
-3.28728e-03,-1.03,-1.07
-3.28720e-03,-1.03,-1.01
-3.28712e-03,-1.03,-1.05
-3.28704e-03,-1.01,-1.01
-3.28696e-03,-1.03,-1.07
-3.28688e-03,-1.01,-1.01
-3.28680e-03,-1.05,-1.05
-3.28672e-03,-1.03,-0.99
-3.28664e-03,-1.01,-1.07
-3.28656e-03,-1.01,-1.01
-3.28648e-03,-1.01,-1.07
-3.28640e-03,-1.03,-0.99
-3.28632e-03,-1.01,-1.05
-3.28624e-03,-1.03,-0.99
-3.28616e-03,-1.01,-1.05
-3.28608e-03,-1.01,-1.01
-3.28600e-03,-1.03,-1.05
-3.28592e-03,-1.01,-1.01
-3.28584e-03,-1.01,-1.05
-3.28576e-03,-1.01,-0.99
-3.28568e-03,-1.03,-1.05
-3.28560e-03,-1.03,-0.99
-3.28552e-03,-1.03,-1.05
-3.28544e-03,-1.01,-1.01
-3.28536e-03,-1.03,-1.07
-3.28528e-03,-1.05,-1.01
-3.28520e-03,-1.03,-1.07
-3.28512e-03,-1.05,-0.97
-3.28504e-03,-1.01,-1.05
-3.28496e-03,-1.05,-0.99
-3.28488e-03,-0.99,-1.07
-3.28480e-03,-1.03,-0.99
-3.28472e-03,-1.03,-1.05
-3.28464e-03,-1.01,-0.99
-3.28456e-03,-1.03,-1.05
-3.28448e-03,-0.99,-1.01
-3.28440e-03,-1.03,-1.05
-3.28432e-03,-1.01,-0.99
-3.28424e-03,-1.03,-1.05
-3.28416e-03,-1.03,-1.01
-3.28408e-03,-1.01,-1.05
-3.28400e-03,-1.03,-1.01
-3.28392e-03,-1.03,-1.05
-3.28384e-03,-1.03,-1.01
-3.28376e-03,-1.03,-1.07
-3.28368e-03,-1.05,-0.99
-3.28360e-03,-1.01,-1.07
-3.28352e-03,-1.03,-1.01
-3.28344e-03,-1.03,-1.07
-3.28336e-03,-1.03,-1.01
-3.28328e-03,-1.03,-1.07
-3.28320e-03,-1.03,-1.01
-3.28312e-03,-1.03,-1.07
-3.28304e-03,-1.03,-1.01
-3.28296e-03,-1.05,-1.07
-3.28288e-03,-1.03,-1.01
-3.28280e-03,-1.05,-1.05
-3.28272e-03,-1.03,-1.01
-3.28264e-03,-1.03,-1.05
-3.28256e-03,-1.03,-1.01
-3.28248e-03,-1.01,-1.05
-3.28240e-03,-1.05,-1.01
-3.28232e-03,-1.01,-1.05
-3.28224e-03,-1.03,-1.01
-3.28216e-03,-1.03,-1.07
-3.28208e-03,-1.03,-1.01
-3.28200e-03,-1.03,-1.07
-3.28192e-03,-1.03,-0.99
-3.28184e-03,-1.03,-1.07
-3.28176e-03,-1.01,-0.99
-3.28168e-03,-1.03,-1.05
-3.28160e-03,-1.01,-1.01
-3.28152e-03,-1.03,-1.07
-3.28144e-03,-1.03,-1.01
-3.28136e-03,-1.03,-1.05
-3.28128e-03,-1.03,-1.01
-3.28120e-03,-1.01,-1.05
-3.28112e-03,-1.03,-0.99
-3.28104e-03,-1.01,-1.05
-3.28096e-03,-1.01,-0.99
-3.28088e-03,-1.01,-1.05
-3.28080e-03,-1.03,-0.99
-3.28072e-03,-1.01,-1.05
-3.28064e-03,-1.01,-0.99
-3.28056e-03,-1.01,-1.05
-3.28048e-03,-1.01,-0.99
-3.28040e-03,-1.01,-1.05
-3.28032e-03,-1.01,-0.99
-3.28024e-03,-1.03,-1.05
-3.28016e-03,-1.01,-0.99
-3.28008e-03,-1.01,-1.05
-3.28000e-03,-1.01,-0.99
-3.27992e-03,-1.01,-1.05
-3.27984e-03,-1.03,-0.99
-3.27976e-03,-0.99,-1.05
-3.27968e-03,-1.01,-0.99
-3.27960e-03,-1.03,-1.05
-3.27952e-03,-1.01,-0.99
-3.27944e-03,-1.01,-1.05
-3.27936e-03,-1.03,-0.99
-3.27928e-03,-1.03,-1.05
-3.27920e-03,-1.03,-0.99
-3.27912e-03,-1.01,-1.05
-3.27904e-03,-1.01,-0.99
-3.27896e-03,-1.03,-1.05
-3.27888e-03,-1.01,-0.99
-3.27880e-03,-1.03,-1.05
-3.27872e-03,-1.01,-0.99
-3.27864e-03,-1.01,-1.05
-3.27856e-03,-1.03,-0.99
-3.27848e-03,-1.01,-1.05
-3.27840e-03,-1.03,-0.99
-3.27832e-03,-1.01,-1.05
-3.27824e-03,-1.03,-0.99
-3.27816e-03,-1.01,-1.05
-3.27808e-03,-1.03,-0.99
-3.27800e-03,-1.01,-1.05
-3.27792e-03,-1.09,-1.01
-3.27784e-03,-0.91,-1.09
-3.27776e-03,-0.97,-0.99
-3.27768e-03,-0.97,-1.09
-3.27760e-03,-0.95,-0.75
-3.27752e-03,-0.95,-1.01
-3.27744e-03,-0.95,-0.95
-3.27736e-03,-0.95,-0.99
-3.27728e-03,-0.99,-0.93
-3.27720e-03,-0.99,-1.01
-3.27712e-03,-1.01,-0.93
-3.27704e-03,-1.03,-1.05
-3.27696e-03,-1.03,-0.95
-3.27688e-03,-1.05,-1.07
-3.27680e-03,-1.03,-0.99
-3.27672e-03,-1.05,-1.07
-3.27664e-03,-1.03,-1.01
-3.27656e-03,-1.03,-1.07
-3.27648e-03,-1.03,-1.01
-3.27640e-03,-1.01,-1.07
-3.27632e-03,-1.01,-1.01
-3.27624e-03,-1.01,-1.05
-3.27616e-03,-1.03,-0.99
-3.27608e-03,-1.01,-1.05
-3.27600e-03,-1.03,-0.99
-3.27592e-03,-0.99,-1.05
-3.27584e-03,-1.01,-0.99
-3.27576e-03,-1.01,-1.05
-3.27568e-03,-0.99,-0.99
-3.27560e-03,-1.03,-1.05
-3.27552e-03,-1.03,-0.99
-3.27544e-03,-0.99,-1.03
-3.27536e-03,-1.01,-0.99
-3.27528e-03,-0.99,-1.05
-3.27520e-03,-1.03,-0.99
-3.27512e-03,-0.99,-1.03
-3.27504e-03,-0.99,-0.99
-3.27496e-03,-1.01,-1.03
-3.27488e-03,-0.99,-0.99
-3.27480e-03,-1.01,-1.03
-3.27472e-03,-1.01,-0.99
-3.27464e-03,-0.99,-1.03
-3.27456e-03,-1.01,-0.99
-3.27448e-03,-1.01,-1.03
-3.27440e-03,-1.01,-0.99
-3.27432e-03,-1.01,-1.03
-3.27424e-03,-1.01,-0.99
-3.27416e-03,-0.99,-1.03
-3.27408e-03,-1.01,-0.99
-3.27400e-03,-1.03,-1.03
-3.27392e-03,-1.01,-0.99
-3.27384e-03,-1.01,-1.03
-3.27376e-03,-1.03,-0.99
-3.27368e-03,-1.01,-1.05
-3.27360e-03,-1.03,-0.99
-3.27352e-03,-1.01,-1.03
-3.27344e-03,-1.01,-0.99
-3.27336e-03,-0.99,-1.03
-3.27328e-03,-1.01,-0.99
-3.27320e-03,-1.01,-1.03
-3.27312e-03,-1.01,-0.99
-3.27304e-03,-1.01,-1.03
-3.27296e-03,-1.01,-0.99
-3.27288e-03,-0.99,-1.05
-3.27280e-03,-1.01,-0.99
-3.27272e-03,-1.01,-1.05
-3.27264e-03,-0.99,-0.99
-3.27256e-03,-1.01,-1.03
-3.27248e-03,-1.01,-0.99
-3.27240e-03,-1.03,-1.05
-3.27232e-03,-0.99,-0.99
-3.27224e-03,-1.01,-1.03
-3.27216e-03,-1.03,-0.99
-3.27208e-03,-1.01,-1.03
-3.27200e-03,-1.01,-0.99
-3.27192e-03,-1.01,-1.03
-3.27184e-03,-1.01,-0.99
-3.27176e-03,-1.03,-1.03
-3.27168e-03,-1.01,-0.99
-3.27160e-03,-1.01,-1.05
-3.27152e-03,-1.01,-0.99
-3.27144e-03,-1.01,-1.03
-3.27136e-03,-1.01,-0.99
-3.27128e-03,-1.01,-1.05
-3.27120e-03,-0.99,-0.99
-3.27112e-03,-1.29,-1.05
-3.27104e-03,-1.05,-0.99
-3.27096e-03,-1.07,-1.33
-3.27088e-03,-1.09,-0.93
-3.27080e-03,-1.07,-1.09
-3.27072e-03,-1.09,-1.03
-3.27064e-03,-1.07,-1.11
-3.27056e-03,-1.07,-1.05
-3.27048e-03,-1.03,-1.13
-3.27040e-03,-1.03,-1.05
-3.27032e-03,-1.03,-1.09
-3.27024e-03,-1.01,-1.01
-3.27016e-03,-0.99,-1.05
-3.27008e-03,-0.99,-0.99
-3.27000e-03,-0.99,-1.03
-3.26992e-03,-0.99,-0.97
-3.26984e-03,-0.99,-1.03
-3.26976e-03,-0.99,-0.97
-3.26968e-03,-1.01,-1.03
-3.26960e-03,-0.99,-0.99
-3.26952e-03,-1.01,-1.03
-3.26944e-03,-1.01,-0.97
-3.26936e-03,-1.01,-1.05
-3.26928e-03,-1.03,-0.99
-3.26920e-03,-1.01,-1.05
-3.26912e-03,-1.03,-0.97
-3.26904e-03,-1.01,-1.05
-3.26896e-03,-1.01,-0.97
-3.26888e-03,-1.01,-1.05
-3.26880e-03,-1.01,-0.99
-3.26872e-03,-1.03,-1.05
-3.26864e-03,-1.01,-0.97
-3.26856e-03,-1.01,-1.05
-3.26848e-03,-1.01,-0.99
-3.26840e-03,-1.01,-1.05
-3.26832e-03,-1.01,-0.97
-3.26824e-03,-1.03,-1.05
-3.26816e-03,-1.01,-0.99
-3.26808e-03,-1.01,-1.05
-3.26800e-03,-1.01,-0.99
-3.26792e-03,-0.99,-1.03
-3.26784e-03,-1.01,-0.99
-3.26776e-03,-1.01,-1.05
-3.26768e-03,-1.01,-0.99
-3.26760e-03,-1.01,-1.05
-3.26752e-03,-1.03,-0.99
-3.26744e-03,-1.01,-1.03
-3.26736e-03,-1.01,-0.99
-3.26728e-03,-1.03,-1.05
-3.26720e-03,-1.01,-0.99
-3.26712e-03,-1.03,-1.05
-3.26704e-03,-1.01,-0.99
-3.26696e-03,-1.01,-1.05
-3.26688e-03,-1.01,-0.99
-3.26680e-03,-1.01,-1.05
-3.26672e-03,-1.01,-0.99
-3.26664e-03,-1.01,-1.05
-3.26656e-03,-1.01,-0.99
-3.26648e-03,-1.01,-1.05
-3.26640e-03,-1.05,-0.99
-3.26632e-03,-1.01,-1.05
-3.26624e-03,-1.03,-0.99
-3.26616e-03,-1.01,-1.05
-3.26608e-03,-1.03,-0.99
-3.26600e-03,-1.03,-1.05
-3.26592e-03,-1.03,-0.99
-3.26584e-03,-1.03,-1.05
-3.26576e-03,-1.03,-0.99
-3.26568e-03,-1.03,-1.07
-3.26560e-03,-1.01,-0.99
-3.26552e-03,-1.03,-1.05
-3.26544e-03,-1.01,-0.99
-3.26536e-03,-1.01,-1.05
-3.26528e-03,-1.03,-1.01
-3.26520e-03,-1.01,-1.05
-3.26512e-03,-1.01,-0.99
-3.26504e-03,-1.01,-1.05
-3.26496e-03,-1.03,-0.99
-3.26488e-03,-1.01,-1.05
-3.26480e-03,-1.01,-0.99
-3.26472e-03,-1.03,-1.05
-3.26464e-03,-1.01,-0.99
-3.26456e-03,-1.03,-1.05
-3.26448e-03,-1.03,-0.99
-3.26440e-03,-1.03,-1.05
-3.26432e-03,-1.03,-0.99
-3.26424e-03,-1.03,-1.05
-3.26416e-03,-1.03,-1.01
-3.26408e-03,-1.01,-1.07
-3.26400e-03,-1.01,-1.01
-3.26392e-03,-1.03,-1.07
-3.26384e-03,-1.03,-0.97
-3.26376e-03,-1.01,-1.05
-3.26368e-03,-1.01,-0.99
-3.26360e-03,-1.01,-1.05
-3.26352e-03,-1.03,-0.99
-3.26344e-03,-1.03,-1.07
-3.26336e-03,-1.01,-0.99
-3.26328e-03,-1.03,-1.07
-3.26320e-03,-1.01,-0.99
-3.26312e-03,-1.03,-1.05
-3.26304e-03,-1.03,-0.99
-3.26296e-03,-1.03,-1.05
-3.26288e-03,-1.03,-0.99
-3.26280e-03,-1.03,-1.05
-3.26272e-03,-1.03,-0.99
-3.26264e-03,-1.03,-1.05
-3.26256e-03,-1.03,-1.01
-3.26248e-03,-0.99,-1.05
-3.26240e-03,-1.03,-0.99
-3.26232e-03,-1.03,-1.05
-3.26224e-03,-1.01,-0.99
-3.26216e-03,-1.01,-1.05
-3.26208e-03,-1.03,-0.99
-3.26200e-03,-1.03,-1.05
-3.26192e-03,-1.01,-0.99
-3.26184e-03,-1.01,-1.05
-3.26176e-03,-1.01,-0.99
-3.26168e-03,-1.01,-1.05
-3.26160e-03,-1.01,-0.99
-3.26152e-03,-1.03,-1.05
-3.26144e-03,-1.01,-0.99
-3.26136e-03,-1.05,-1.05
-3.26128e-03,-1.05,-0.99
-3.26120e-03,-1.01,-1.05
-3.26112e-03,-1.01,-0.99
-3.26104e-03,-0.99,-1.05
-3.26096e-03,-1.01,-0.97
-3.26088e-03,-1.01,-1.05
-3.26080e-03,-1.01,-0.99
-3.26072e-03,-1.03,-1.05
-3.26064e-03,-1.01,-0.99
-3.26056e-03,-1.01,-1.05
-3.26048e-03,-1.01,-0.99
-3.26040e-03,-1.01,-1.05
-3.26032e-03,-1.01,-0.99
-3.26024e-03,-1.03,-1.05
-3.26016e-03,-1.01,-0.99
-3.26008e-03,-1.03,-1.05
-3.26000e-03,-1.01,-0.99
-3.25992e-03,-1.01,-1.05
-3.25984e-03,-1.03,-0.99
-3.25976e-03,-1.01,-1.05
-3.25968e-03,-1.03,-0.99
-3.25960e-03,-1.01,-1.05
-3.25952e-03,-1.01,-0.99
-3.25944e-03,-1.01,-1.05
-3.25936e-03,-1.03,-0.99
-3.25928e-03,-1.01,-1.05
-3.25920e-03,-1.01,-0.99
-3.25912e-03,-1.03,-1.05
-3.25904e-03,-1.01,-0.99
-3.25896e-03,-1.01,-1.05
-3.25888e-03,-1.01,-0.99
-3.25880e-03,-1.01,-1.05
-3.25872e-03,-1.03,-0.99
-3.25864e-03,-1.01,-1.05
-3.25856e-03,-1.03,-1.01
-3.25848e-03,-1.01,-1.05
-3.25840e-03,-1.05,-0.99
-3.25832e-03,-1.01,-1.05
-3.25824e-03,-1.03,-0.99
-3.25816e-03,-1.03,-1.05
-3.25808e-03,-1.01,-0.99
-3.25800e-03,-1.03,-1.05
-3.25792e-03,-1.01,-0.99
-3.25784e-03,-1.03,-1.05
-3.25776e-03,-1.01,-0.99
-3.25768e-03,-1.01,-1.05
-3.25760e-03,-1.01,-0.99
-3.25752e-03,-1.03,-1.05
-3.25744e-03,-1.01,-0.99
-3.25736e-03,-1.03,-1.05
-3.25728e-03,-1.03,-0.99
-3.25720e-03,-1.01,-1.05
-3.25712e-03,-1.03,-0.99
-3.25704e-03,-1.01,-1.05
-3.25696e-03,-1.01,-0.99
-3.25688e-03,-1.01,-1.05
-3.25680e-03,-1.03,-0.99
-3.25672e-03,-1.01,-1.05
-3.25664e-03,-1.03,-0.99
-3.25656e-03,-1.01,-1.05
-3.25648e-03,-1.01,-0.99
-3.25640e-03,-1.03,-1.05
-3.25632e-03,-1.03,-0.99
-3.25624e-03,-1.03,-1.05
-3.25616e-03,-1.01,-0.99
-3.25608e-03,-1.03,-1.05
-3.25600e-03,-1.03,-0.99
-3.25592e-03,-1.01,-1.05
-3.25584e-03,-1.05,-0.99
-3.25576e-03,-0.99,-1.05
-3.25568e-03,-1.03,-0.99
-3.25560e-03,-1.03,-1.05
-3.25552e-03,-1.03,-0.99
-3.25544e-03,-1.03,-1.05
-3.25536e-03,-1.01,-1.01
-3.25528e-03,-1.01,-1.05
-3.25520e-03,-1.01,-1.01
-3.25512e-03,-1.01,-1.05
-3.25504e-03,-1.01,-0.99
-3.25496e-03,-1.03,-1.05
-3.25488e-03,-1.01,-0.99
-3.25480e-03,-1.01,-1.05
-3.25472e-03,-1.01,-0.99
-3.25464e-03,-1.01,-1.05
-3.25456e-03,-1.03,-0.99
-3.25448e-03,-1.01,-1.05
-3.25440e-03,-1.03,-0.99
-3.25432e-03,-0.99,-1.05
-3.25424e-03,-1.03,-1.01
-3.25416e-03,-1.01,-1.05
-3.25408e-03,-1.01,-0.99
-3.25400e-03,-1.01,-1.05
-3.25392e-03,-1.01,-0.99
-3.25384e-03,-1.03,-1.05
-3.25376e-03,-0.99,-0.99
-3.25368e-03,-1.03,-1.05
-3.25360e-03,-1.01,-0.99
-3.25352e-03,-1.03,-1.05
-3.25344e-03,-1.01,-0.99
-3.25336e-03,-1.03,-1.05
-3.25328e-03,-1.01,-0.99
-3.25320e-03,-1.01,-1.05
-3.25312e-03,-1.03,-0.99
-3.25304e-03,-1.03,-1.05
-3.25296e-03,-1.03,-0.99
-3.25288e-03,-1.01,-1.05
-3.25280e-03,-1.05,-0.99
-3.25272e-03,-1.03,-1.05
-3.25264e-03,-1.01,-0.99
-3.25256e-03,-1.03,-1.05
-3.25248e-03,-1.01,-0.99
-3.25240e-03,-1.03,-1.05
-3.25232e-03,-1.01,-0.99
-3.25224e-03,-1.03,-1.05
-3.25216e-03,-1.01,-0.99
-3.25208e-03,-1.01,-1.05
-3.25200e-03,-1.01,-0.99
-3.25192e-03,-1.01,-1.05
-3.25184e-03,-1.03,-0.99
-3.25176e-03,-1.01,-1.05
-3.25168e-03,-1.01,-0.99
-3.25160e-03,-1.03,-1.05
-3.25152e-03,-1.03,-0.99
-3.25144e-03,-1.01,-1.05
-3.25136e-03,-1.03,-0.99
-3.25128e-03,-1.03,-1.05
-3.25120e-03,-1.01,-0.99
-3.25112e-03,-1.03,-1.05
-3.25104e-03,-1.01,-0.99
-3.25096e-03,-1.03,-1.05
-3.25088e-03,-1.03,-0.99
-3.25080e-03,-1.01,-1.05
-3.25072e-03,-1.03,-1.01
-3.25064e-03,-1.03,-1.05
-3.25056e-03,-1.03,-1.01
-3.25048e-03,-1.03,-1.05
-3.25040e-03,-1.01,-1.01
-3.25032e-03,-1.03,-1.05
-3.25024e-03,-1.05,-0.99
-3.25016e-03,-1.01,-1.05
-3.25008e-03,-1.03,-0.99
-3.25000e-03,-1.01,-1.05
-3.24992e-03,-1.03,-0.99
-3.24984e-03,-1.03,-1.05
-3.24976e-03,-1.01,-1.01
-3.24968e-03,-1.03,-1.05
-3.24960e-03,-1.01,-0.99
-3.24952e-03,-1.03,-1.05
-3.24944e-03,-1.03,-0.99
-3.24936e-03,-1.03,-1.05
-3.24928e-03,-1.03,-0.99
-3.24920e-03,-1.03,-1.07
-3.24912e-03,-1.03,-0.99
-3.24904e-03,-1.03,-1.07
-3.24896e-03,-1.03,-0.99
-3.24888e-03,-1.01,-1.07
-3.24880e-03,-1.03,-1.01
-3.24872e-03,-1.03,-1.05
-3.24864e-03,-1.01,-0.99
-3.24856e-03,-1.03,-1.05
-3.24848e-03,-1.03,-0.99
-3.24840e-03,-1.03,-1.05
-3.24832e-03,-1.01,-0.99
-3.24824e-03,-1.05,-1.05
-3.24816e-03,-1.03,-0.99
-3.24808e-03,-1.03,-1.05
-3.24800e-03,-1.03,-1.01
-3.24792e-03,-1.03,-1.05
-3.24784e-03,-1.03,-1.01
-3.24776e-03,-1.03,-1.05
-3.24768e-03,-1.03,-1.01
-3.24760e-03,-1.03,-1.05
-3.24752e-03,-1.03,-1.01
-3.24744e-03,-1.01,-1.05
-3.24736e-03,-1.03,-1.01
-3.24728e-03,-1.03,-1.05
-3.24720e-03,-1.01,-1.01
-3.24712e-03,-1.03,-1.05
-3.24704e-03,-1.03,-0.99
-3.24696e-03,-1.03,-1.05
-3.24688e-03,-1.03,-1.01
-3.24680e-03,-1.03,-1.05
-3.24672e-03,-1.03,-1.01
-3.24664e-03,-1.03,-1.05
-3.24656e-03,-1.03,-1.01
-3.24648e-03,-1.01,-1.05
-3.24640e-03,-1.03,-1.01
-3.24632e-03,-1.01,-1.05
-3.24624e-03,-1.03,-0.99
-3.24616e-03,-1.01,-1.05
-3.24608e-03,-1.01,-1.01
-3.24600e-03,-1.03,-1.05
-3.24592e-03,-1.03,-1.01
-3.24584e-03,-1.03,-1.05
-3.24576e-03,-1.01,-0.99
-3.24568e-03,-1.05,-1.05
-3.24560e-03,-1.01,-1.01
-3.24552e-03,-1.03,-1.07
-3.24544e-03,-1.03,-1.01
-3.24536e-03,-1.03,-1.05
-3.24528e-03,-1.01,-0.99
-3.24520e-03,-1.03,-1.05
-3.24512e-03,-1.01,-0.99
-3.24504e-03,-1.01,-1.05
-3.24496e-03,-1.03,-0.99
-3.24488e-03,-1.01,-1.09
-3.24480e-03,-1.03,-0.99
-3.24472e-03,-1.03,-1.05
-3.24464e-03,-1.01,-0.99
-3.24456e-03,-1.03,-1.07
-3.24448e-03,-1.01,-0.99
-3.24440e-03,-1.01,-1.05
-3.24432e-03,-1.01,-1.01
-3.24424e-03,-1.03,-1.05
-3.24416e-03,-1.03,-0.99
-3.24408e-03,-1.03,-1.05
-3.24400e-03,-1.01,-0.99
-3.24392e-03,-1.01,-1.05
-3.24384e-03,-1.03,-1.01
-3.24376e-03,-1.01,-1.05
-3.24368e-03,-1.03,-1.01
-3.24360e-03,-1.01,-1.05
-3.24352e-03,-1.03,-0.99
-3.24344e-03,-1.01,-1.05
-3.24336e-03,-1.01,-1.01
-3.24328e-03,-1.01,-1.05
-3.24320e-03,-1.03,-0.99
-3.24312e-03,-1.03,-1.05
-3.24304e-03,-1.01,-1.01
-3.24296e-03,-1.03,-1.07
-3.24288e-03,-1.01,-1.01
-3.24280e-03,-1.01,-1.05
-3.24272e-03,-1.01,-0.99
-3.24264e-03,-1.01,-1.05
-3.24256e-03,-1.03,-0.99
-3.24248e-03,-1.01,-1.05
-3.24240e-03,-1.03,-0.99
-3.24232e-03,-1.03,-1.05
-3.24224e-03,-1.03,-1.01
-3.24216e-03,-1.03,-1.05
-3.24208e-03,-1.01,-0.99
-3.24200e-03,-1.03,-1.05
-3.24192e-03,-1.01,-0.99
-3.24184e-03,-1.01,-1.07
-3.24176e-03,-1.01,-0.99
-3.24168e-03,-1.03,-1.05
-3.24160e-03,-1.01,-0.99
-3.24152e-03,-1.03,-1.05
-3.24144e-03,-1.01,-1.01
-3.24136e-03,-1.03,-1.05
-3.24128e-03,-1.01,-0.99
-3.24120e-03,-1.03,-1.05
-3.24112e-03,-1.03,-0.99
-3.24104e-03,-1.01,-1.05
-3.24096e-03,-1.03,-0.99
-3.24088e-03,-1.03,-1.07
-3.24080e-03,-1.01,-1.01
-3.24072e-03,-1.03,-1.05
-3.24064e-03,-1.01,-1.01
-3.24056e-03,-1.03,-1.05
-3.24048e-03,-1.01,-1.01
-3.24040e-03,-1.03,-1.05
-3.24032e-03,-1.03,-1.01
-3.24024e-03,-1.01,-1.05
-3.24016e-03,-1.03,-1.01
-3.24008e-03,-1.01,-1.05
-3.24000e-03,-1.01,-0.99
-3.23992e-03,-1.01,-1.05
-3.23984e-03,-1.03,-0.99
-3.23976e-03,-1.01,-1.05
-3.23968e-03,-1.01,-1.01
-3.23960e-03,-1.03,-1.05
-3.23952e-03,-1.05,-1.01
-3.23944e-03,-1.03,-1.05
-3.23936e-03,-1.03,-0.99
-3.23928e-03,-1.01,-1.05
-3.23920e-03,-1.03,-1.01
-3.23912e-03,-1.05,-1.05
-3.23904e-03,-1.01,-0.99
-3.23896e-03,-1.03,-1.05
-3.23888e-03,-1.01,-1.01
-3.23880e-03,-1.03,-1.05
-3.23872e-03,-1.03,-0.99
-3.23864e-03,-1.01,-1.05
-3.23856e-03,-1.03,-0.99
-3.23848e-03,-1.01,-1.05
-3.23840e-03,-1.05,-0.99
-3.23832e-03,-1.03,-1.05
-3.23824e-03,-1.03,-1.01
-3.23816e-03,-1.01,-1.05
-3.23808e-03,-1.03,-0.99
-3.23800e-03,-1.01,-1.05
-3.23792e-03,-1.03,-1.01
-3.23784e-03,-1.05,-1.07
-3.23776e-03,-1.03,-0.99
-3.23768e-03,-1.03,-1.07
-3.23760e-03,-0.99,-0.99
-3.23752e-03,-1.01,-1.07
-3.23744e-03,-1.03,-0.99
-3.23736e-03,-0.99,-1.05
-3.23728e-03,-1.01,-1.01
-3.23720e-03,-1.01,-1.05
-3.23712e-03,-1.03,-0.99
-3.23704e-03,-1.03,-1.07
-3.23696e-03,-1.03,-0.99
-3.23688e-03,-1.05,-1.07
-3.23680e-03,-1.03,-0.99
-3.23672e-03,-1.03,-1.07
-3.23664e-03,-1.01,-0.99
-3.23656e-03,-1.03,-1.05
-3.23648e-03,-1.01,-1.01
-3.23640e-03,-1.03,-1.05
-3.23632e-03,-1.01,-0.99
-3.23624e-03,-1.03,-1.05
-3.23616e-03,-1.01,-1.01
-3.23608e-03,-1.01,-1.05
-3.23600e-03,-1.03,-0.99
-3.23592e-03,-1.01,-1.05
-3.23584e-03,-1.03,-0.99
-3.23576e-03,-1.01,-1.05
-3.23568e-03,-1.03,-0.99
-3.23560e-03,-1.01,-1.05
-3.23552e-03,-1.03,-0.99
-3.23544e-03,-1.05,-1.05
-3.23536e-03,-1.01,-0.99
-3.23528e-03,-1.03,-1.07
-3.23520e-03,-1.01,-0.99
-3.23512e-03,-1.03,-1.05
-3.23504e-03,-1.01,-0.99
-3.23496e-03,-1.03,-1.05
-3.23488e-03,-1.03,-0.99
-3.23480e-03,-1.03,-1.05
-3.23472e-03,-1.01,-1.01
-3.23464e-03,-1.01,-1.05
-3.23456e-03,-1.03,-0.99
-3.23448e-03,-1.01,-1.05
-3.23440e-03,-1.01,-0.99
-3.23432e-03,-0.99,-1.05
-3.23424e-03,-1.01,-0.99
-3.23416e-03,-0.99,-1.05
-3.23408e-03,-1.01,-0.99
-3.23400e-03,-1.01,-1.05
-3.23392e-03,-1.03,-0.99
-3.23384e-03,-1.01,-1.05
-3.23376e-03,-1.01,-0.99
-3.23368e-03,-1.01,-1.05
-3.23360e-03,-1.01,-0.99
-3.23352e-03,-1.01,-1.05
-3.23344e-03,-1.01,-0.99
-3.23336e-03,-1.01,-1.05
-3.23328e-03,-1.03,-0.99
-3.23320e-03,-1.01,-1.05
-3.23312e-03,-1.03,-0.99
-3.23304e-03,-1.01,-1.05
-3.23296e-03,-1.03,-0.99
-3.23288e-03,-1.01,-1.05
-3.23280e-03,-1.01,-0.99
-3.23272e-03,-1.03,-1.05
-3.23264e-03,-1.01,-0.99
-3.23256e-03,-1.03,-1.05
-3.23248e-03,-1.01,-0.99
-3.23240e-03,-1.03,-1.05
-3.23232e-03,-1.01,-0.99
-3.23224e-03,-1.01,-1.05
-3.23216e-03,-1.01,-0.99
-3.23208e-03,-1.01,-1.05
-3.23200e-03,-1.03,-0.99
-3.23192e-03,-1.03,-1.05
-3.23184e-03,-1.01,-0.99
-3.23176e-03,-0.99,-1.05
-3.23168e-03,-1.03,-0.99
-3.23160e-03,-1.01,-1.05
-3.23152e-03,-1.01,-0.99
-3.23144e-03,-1.01,-1.05
-3.23136e-03,-1.03,-0.99
-3.23128e-03,-1.01,-1.03
-3.23120e-03,-0.99,-0.99
-3.23112e-03,-1.01,-1.05
-3.23104e-03,-0.99,-0.99
-3.23096e-03,-1.03,-1.05
-3.23088e-03,-1.01,-0.99
-3.23080e-03,-1.01,-1.05
-3.23072e-03,-1.01,-0.99
-3.23064e-03,-1.01,-1.05
-3.23056e-03,-1.03,-0.99
-3.23048e-03,-1.01,-1.05
-3.23040e-03,-1.01,-0.99
-3.23032e-03,-1.01,-1.05
-3.23024e-03,-1.03,-0.99
-3.23016e-03,-1.01,-1.05
-3.23008e-03,-1.01,-0.99
-3.23000e-03,-1.01,-1.05
-3.22992e-03,-1.01,-0.99
-3.22984e-03,-1.01,-1.03
-3.22976e-03,-1.01,-0.99
-3.22968e-03,-1.01,-1.03
-3.22960e-03,-0.99,-0.99
-3.22952e-03,-1.01,-1.05
-3.22944e-03,-1.01,-0.99
-3.22936e-03,-1.01,-1.03
-3.22928e-03,-1.01,-0.99
-3.22920e-03,-1.01,-1.03
-3.22912e-03,-1.03,-0.99
-3.22904e-03,-1.01,-1.05
-3.22896e-03,-1.01,-0.99
-3.22888e-03,-0.99,-1.05
-3.22880e-03,-0.99,-0.97
-3.22872e-03,-1.01,-1.05
-3.22864e-03,-1.01,-0.99
-3.22856e-03,-1.01,-1.05
-3.22848e-03,-0.99,-0.97
-3.22840e-03,-1.03,-1.05
-3.22832e-03,-0.99,-0.97
-3.22824e-03,-1.01,-1.05
-3.22816e-03,-0.99,-0.99
-3.22808e-03,-1.01,-1.05
-3.22800e-03,-1.01,-0.99
-3.22792e-03,-1.01,-1.05
-3.22784e-03,-0.81,-0.99
-3.22776e-03,-0.93,-1.09
-3.22768e-03,-0.97,-0.81
-3.22760e-03,-0.95,-0.99
-3.22752e-03,-0.95,-0.75
-3.22744e-03,-0.93,-0.99
-3.22736e-03,-0.95,-0.93
-3.22728e-03,-0.95,-0.97
-3.22720e-03,-0.99,-0.91
-3.22712e-03,-0.97,-0.99
-3.22704e-03,-1.03,-0.93
-3.22696e-03,-1.03,-1.03
-3.22688e-03,-1.03,-0.95
-3.22680e-03,-1.03,-1.05
-3.22672e-03,-1.05,-0.99
-3.22664e-03,-1.03,-1.07
-3.22656e-03,-1.05,-1.01
-3.22648e-03,-1.03,-1.07
-3.22640e-03,-1.01,-1.01
-3.22632e-03,-0.99,-1.05
-3.22624e-03,-1.01,-1.01
-3.22616e-03,-1.03,-1.05
-3.22608e-03,-1.01,-0.99
-3.22600e-03,-1.03,-1.05
-3.22592e-03,-1.01,-0.99
-3.22584e-03,-1.03,-1.03
-3.22576e-03,-0.99,-0.99
-3.22568e-03,-0.99,-1.03
-3.22560e-03,-1.03,-0.99
-3.22552e-03,-1.01,-1.05
-3.22544e-03,-1.03,-0.99
-3.22536e-03,-1.01,-1.05
-3.22528e-03,-1.01,-0.99
-3.22520e-03,-0.99,-1.03
-3.22512e-03,-1.01,-0.99
-3.22504e-03,-0.99,-1.03
-3.22496e-03,-0.99,-0.99
-3.22488e-03,-1.01,-1.05
-3.22480e-03,-0.99,-0.99
-3.22472e-03,-1.03,-1.03
-3.22464e-03,-1.01,-0.99
-3.22456e-03,-1.01,-1.05
-3.22448e-03,-1.03,-0.99
-3.22440e-03,-1.01,-1.03
-3.22432e-03,-1.01,-0.99
-3.22424e-03,-1.01,-1.03
-3.22416e-03,-1.01,-0.99
-3.22408e-03,-0.99,-1.03
-3.22400e-03,-1.01,-0.99
-3.22392e-03,-1.01,-1.05
-3.22384e-03,-1.01,-0.99
-3.22376e-03,-1.03,-1.05
-3.22368e-03,-1.01,-0.99
-3.22360e-03,-1.03,-1.05
-3.22352e-03,-0.99,-0.99
-3.22344e-03,-1.03,-1.05
-3.22336e-03,-1.01,-0.99
-3.22328e-03,-1.01,-1.05
-3.22320e-03,-1.01,-0.99
-3.22312e-03,-1.01,-1.05
-3.22304e-03,-1.01,-0.99
-3.22296e-03,-1.03,-1.03
-3.22288e-03,-1.01,-0.99
-3.22280e-03,-1.01,-1.05
-3.22272e-03,-1.01,-0.99
-3.22264e-03,-1.01,-1.03
-3.22256e-03,-0.99,-0.99
-3.22248e-03,-1.01,-1.05
-3.22240e-03,-1.03,-0.99
-3.22232e-03,-1.03,-1.03
-3.22224e-03,-1.01,-0.99
-3.22216e-03,-1.03,-1.03
-3.22208e-03,-1.01,-0.99
-3.22200e-03,-1.01,-1.03
-3.22192e-03,-1.01,-0.99
-3.22184e-03,-1.01,-1.03
-3.22176e-03,-1.01,-0.99
-3.22168e-03,-1.01,-1.03
-3.22160e-03,-1.01,-0.99
-3.22152e-03,-0.99,-1.03
-3.22144e-03,-1.01,-0.99
-3.22136e-03,-0.99,-1.03
-3.22128e-03,-0.99,-0.99
-3.22120e-03,-1.01,-1.03
-3.22112e-03,-0.99,-0.99
-3.22104e-03,-1.05,-1.03
-3.22096e-03,-1.01,-0.99
-3.22088e-03,-1.05,-1.29
-3.22080e-03,-1.09,-0.91
-3.22072e-03,-1.05,-1.11
-3.22064e-03,-1.09,-0.99
-3.22056e-03,-1.07,-1.11
-3.22048e-03,-1.05,-1.03
-3.22040e-03,-1.05,-1.09
-3.22032e-03,-1.01,-1.03
-3.22024e-03,-1.01,-1.07
-3.22016e-03,-0.99,-0.99
-3.22008e-03,-0.99,-1.03
-3.22000e-03,-0.97,-0.97
-3.21992e-03,-0.99,-1.01
-3.21984e-03,-0.99,-0.97
-3.21976e-03,-0.99,-1.01
-3.21968e-03,-1.01,-0.97
-3.21960e-03,-0.99,-1.03
-3.21952e-03,-0.99,-0.97
-3.21944e-03,-0.99,-1.03
-3.21936e-03,-1.01,-0.97
-3.21928e-03,-1.03,-1.03
-3.21920e-03,-0.99,-0.99
-3.21912e-03,-1.01,-1.05
-3.21904e-03,-1.01,-0.99
-3.21896e-03,-1.01,-1.03
-3.21888e-03,-1.01,-0.97
-3.21880e-03,-1.01,-1.03
-3.21872e-03,-1.01,-0.99
-3.21864e-03,-0.99,-1.03
-3.21856e-03,-1.01,-0.99
-3.21848e-03,-0.99,-1.05
-3.21840e-03,-1.03,-0.99
-3.21832e-03,-0.99,-1.05
-3.21824e-03,-1.01,-0.99
-3.21816e-03,-0.99,-1.05
-3.21808e-03,-1.01,-0.99
-3.21800e-03,-1.01,-1.03
-3.21792e-03,-0.99,-0.99
-3.21784e-03,-1.01,-1.03
-3.21776e-03,-1.01,-0.99
-3.21768e-03,-1.01,-1.05
-3.21760e-03,-1.01,-0.99
-3.21752e-03,-1.01,-1.05
-3.21744e-03,-1.01,-0.99
-3.21736e-03,-1.01,-1.03
-3.21728e-03,-1.01,-0.99
-3.21720e-03,-0.99,-1.05
-3.21712e-03,-1.03,-0.99
-3.21704e-03,-1.01,-1.03
-3.21696e-03,-1.03,-0.99
-3.21688e-03,-1.01,-1.05
-3.21680e-03,-1.01,-0.99
-3.21672e-03,-1.01,-1.05
-3.21664e-03,-0.99,-0.99
-3.21656e-03,-1.03,-1.05
-3.21648e-03,-1.01,-0.99
-3.21640e-03,-1.03,-1.05
-3.21632e-03,-0.99,-0.99
-3.21624e-03,-1.03,-1.05
-3.21616e-03,-1.01,-0.99
-3.21608e-03,-1.03,-1.07
-3.21600e-03,-1.01,-0.99
-3.21592e-03,-1.01,-1.05
-3.21584e-03,-1.03,-0.99
-3.21576e-03,-1.03,-1.05
-3.21568e-03,-1.01,-0.99
-3.21560e-03,-1.01,-1.05
-3.21552e-03,-1.01,-0.99
-3.21544e-03,-1.03,-1.05
-3.21536e-03,-1.03,-0.99
-3.21528e-03,-1.03,-1.05
-3.21520e-03,-1.01,-0.99
-3.21512e-03,-1.03,-1.03
-3.21504e-03,-1.01,-0.99
-3.21496e-03,-1.03,-1.05
-3.21488e-03,-1.01,-0.99
-3.21480e-03,-1.01,-1.05
-3.21472e-03,-1.03,-0.99
-3.21464e-03,-1.01,-1.05
-3.21456e-03,-1.05,-0.99
-3.21448e-03,-1.01,-1.05
-3.21440e-03,-1.01,-0.99
-3.21432e-03,-1.01,-1.05
-3.21424e-03,-1.03,-0.99
-3.21416e-03,-1.01,-1.05
-3.21408e-03,-1.03,-0.99
-3.21400e-03,-1.03,-1.05
-3.21392e-03,-1.01,-0.99
-3.21384e-03,-1.01,-1.05
-3.21376e-03,-1.01,-0.99
-3.21368e-03,-1.01,-1.05
-3.21360e-03,-1.01,-1.01
-3.21352e-03,-1.01,-1.03
-3.21344e-03,-1.01,-0.99
-3.21336e-03,-1.03,-1.05
-3.21328e-03,-1.01,-0.99
-3.21320e-03,-1.01,-1.05
-3.21312e-03,-1.01,-1.01
-3.21304e-03,-1.01,-1.03
-3.21296e-03,-1.03,-0.99
-3.21288e-03,-1.01,-1.05
-3.21280e-03,-1.01,-0.99
-3.21272e-03,-1.01,-1.05
-3.21264e-03,-1.01,-0.97
-3.21256e-03,-1.03,-1.07
-3.21248e-03,-1.01,-0.99
-3.21240e-03,-1.05,-1.05
-3.21232e-03,-1.01,-0.99
-3.21224e-03,-1.03,-1.05
-3.21216e-03,-1.01,-1.01
-3.21208e-03,-0.99,-1.05
-3.21200e-03,-1.03,-1.01
-3.21192e-03,-1.01,-1.05
-3.21184e-03,-1.01,-0.99
-3.21176e-03,-1.03,-1.05
-3.21168e-03,-1.01,-0.99
-3.21160e-03,-1.01,-1.05
-3.21152e-03,-1.03,-0.99
-3.21144e-03,-1.03,-1.07
-3.21136e-03,-1.03,-0.97
-3.21128e-03,-1.01,-1.05
-3.21120e-03,-1.01,-0.99
-3.21112e-03,-1.03,-1.05
-3.21104e-03,-1.03,-0.99
-3.21096e-03,-1.03,-1.05
-3.21088e-03,-1.01,-0.99
-3.21080e-03,-1.01,-1.05
-3.21072e-03,-1.03,-1.01
-3.21064e-03,-1.01,-1.05
-3.21056e-03,-1.01,-0.99
-3.21048e-03,-1.03,-1.05
-3.21040e-03,-1.01,-0.99
-3.21032e-03,-1.01,-1.05
-3.21024e-03,-1.01,-0.99
-3.21016e-03,-1.03,-1.05
-3.21008e-03,-1.03,-0.99
-3.21000e-03,-1.01,-1.05
-3.20992e-03,-1.03,-0.99
-3.20984e-03,-1.03,-1.05
-3.20976e-03,-1.01,-1.01
-3.20968e-03,-1.03,-1.05
-3.20960e-03,-1.01,-0.99
-3.20952e-03,-1.03,-1.05
-3.20944e-03,-1.01,-0.99
-3.20936e-03,-1.03,-1.05
-3.20928e-03,-1.03,-0.99
-3.20920e-03,-1.01,-1.05
-3.20912e-03,-1.01,-0.99
-3.20904e-03,-1.01,-1.05
-3.20896e-03,-1.03,-0.99
-3.20888e-03,-1.03,-1.05
-3.20880e-03,-1.03,-0.99
-3.20872e-03,-1.01,-1.05
-3.20864e-03,-1.01,-0.99
-3.20856e-03,-1.03,-1.05
-3.20848e-03,-1.01,-1.01
-3.20840e-03,-1.05,-1.05
-3.20832e-03,-1.01,-0.99
-3.20824e-03,-1.05,-1.05
-3.20816e-03,-1.03,-0.99
-3.20808e-03,-1.01,-1.05
-3.20800e-03,-1.01,-0.99
-3.20792e-03,-1.01,-1.05
-3.20784e-03,-0.99,-0.99
-3.20776e-03,-1.01,-1.05
-3.20768e-03,-1.03,-0.99
-3.20760e-03,-1.03,-1.05
-3.20752e-03,-1.01,-0.99
-3.20744e-03,-1.03,-1.05
-3.20736e-03,-1.03,-1.01
-3.20728e-03,-1.03,-1.05
-3.20720e-03,-1.01,-0.99
-3.20712e-03,-1.03,-1.05
-3.20704e-03,-1.01,-1.01
-3.20696e-03,-1.01,-1.05
-3.20688e-03,-1.03,-0.99
-3.20680e-03,-1.01,-1.05
-3.20672e-03,-1.03,-0.99
-3.20664e-03,-1.01,-1.05
-3.20656e-03,-1.03,-0.99
-3.20648e-03,-1.03,-1.05
-3.20640e-03,-1.01,-0.99
-3.20632e-03,-1.01,-1.05
-3.20624e-03,-1.01,-0.99
-3.20616e-03,-1.01,-1.05
-3.20608e-03,-1.01,-1.01
-3.20600e-03,-1.03,-1.05
-3.20592e-03,-1.01,-0.99
-3.20584e-03,-1.03,-1.05
-3.20576e-03,-1.01,-1.01
-3.20568e-03,-1.03,-1.05
-3.20560e-03,-1.03,-0.99
-3.20552e-03,-1.03,-1.05
-3.20544e-03,-1.03,-0.99
-3.20536e-03,-1.03,-1.05
-3.20528e-03,-1.03,-0.99
-3.20520e-03,-1.01,-1.05
-3.20512e-03,-1.03,-0.99
-3.20504e-03,-1.01,-1.05
-3.20496e-03,-1.01,-1.01
-3.20488e-03,-0.99,-1.07
-3.20480e-03,-0.99,-0.99
-3.20472e-03,-1.03,-1.05
-3.20464e-03,-1.01,-0.99
-3.20456e-03,-1.03,-1.05
-3.20448e-03,-1.01,-0.99
-3.20440e-03,-1.03,-1.05
-3.20432e-03,-1.01,-0.99
-3.20424e-03,-1.03,-1.05
-3.20416e-03,-1.03,-0.99
-3.20408e-03,-1.01,-1.05
-3.20400e-03,-1.05,-0.99
-3.20392e-03,-1.03,-1.05
-3.20384e-03,-1.03,-0.99
-3.20376e-03,-1.01,-1.05
-3.20368e-03,-1.03,-1.01
-3.20360e-03,-1.01,-1.05
-3.20352e-03,-1.03,-0.99
-3.20344e-03,-1.03,-1.07
-3.20336e-03,-1.05,-0.99
-3.20328e-03,-1.01,-1.05
-3.20320e-03,-1.01,-1.01
-3.20312e-03,-1.03,-1.05
-3.20304e-03,-1.01,-0.99
-3.20296e-03,-1.03,-1.05
-3.20288e-03,-1.03,-0.99
-3.20280e-03,-1.01,-1.05
-3.20272e-03,-1.03,-0.99
-3.20264e-03,-1.01,-1.05
-3.20256e-03,-1.03,-0.99
-3.20248e-03,-1.03,-1.05
-3.20240e-03,-1.03,-0.99
-3.20232e-03,-1.03,-1.05
-3.20224e-03,-1.03,-1.01
-3.20216e-03,-1.03,-1.05
-3.20208e-03,-1.03,-0.99
-3.20200e-03,-1.01,-1.05
-3.20192e-03,-1.03,-1.01
-3.20184e-03,-1.01,-1.07
-3.20176e-03,-1.01,-0.99
-3.20168e-03,-1.03,-1.05
-3.20160e-03,-1.01,-1.01
-3.20152e-03,-1.01,-1.05
-3.20144e-03,-1.03,-0.99
-3.20136e-03,-1.03,-1.05
-3.20128e-03,-1.01,-0.99
-3.20120e-03,-0.99,-1.07
-3.20112e-03,-1.05,-0.99
-3.20104e-03,-1.01,-1.05
-3.20096e-03,-1.03,-0.99
-3.20088e-03,-1.01,-1.05
-3.20080e-03,-1.03,-1.01
-3.20072e-03,-1.05,-1.05
-3.20064e-03,-1.03,-0.99
-3.20056e-03,-1.03,-1.05
-3.20048e-03,-1.03,-1.01
-3.20040e-03,-1.01,-1.05
-3.20032e-03,-1.01,-0.99
-3.20024e-03,-1.03,-1.05
-3.20016e-03,-1.01,-1.01
-3.20008e-03,-1.01,-1.05
-3.20000e-03,-1.01,-0.99
-3.19992e-03,-1.03,-1.05
-3.19984e-03,-1.03,-0.99
-3.19976e-03,-1.01,-1.05
-3.19968e-03,-1.03,-1.01
-3.19960e-03,-1.03,-1.05
-3.19952e-03,-1.03,-0.99
-3.19944e-03,-1.03,-1.05
-3.19936e-03,-1.03,-1.01
-3.19928e-03,-1.03,-1.05
-3.19920e-03,-1.03,-1.01
-3.19912e-03,-1.03,-1.05
-3.19904e-03,-1.03,-0.99
-3.19896e-03,-1.03,-1.05
-3.19888e-03,-1.03,-0.99
-3.19880e-03,-1.03,-1.05
-3.19872e-03,-1.03,-0.99
-3.19864e-03,-1.01,-1.05
-3.19856e-03,-1.03,-0.99
-3.19848e-03,-1.01,-1.05
-3.19840e-03,-1.01,-0.99
-3.19832e-03,-1.01,-1.05
-3.19824e-03,-1.03,-0.99
-3.19816e-03,-1.03,-1.05
-3.19808e-03,-1.01,-1.01
-3.19800e-03,-1.03,-1.05
-3.19792e-03,-1.01,-1.01
-3.19784e-03,-1.01,-1.05
-3.19776e-03,-1.03,-0.99
-3.19768e-03,-1.03,-1.05
-3.19760e-03,-1.01,-1.01
-3.19752e-03,-1.03,-1.05
-3.19744e-03,-1.03,-1.01
-3.19736e-03,-1.01,-1.05
-3.19728e-03,-1.03,-0.99
-3.19720e-03,-1.01,-1.05
-3.19712e-03,-1.05,-1.01
-3.19704e-03,-1.01,-1.05
-3.19696e-03,-1.03,-1.01
-3.19688e-03,-1.05,-1.05
-3.19680e-03,-1.07,-1.01
-3.19672e-03,-1.03,-1.07
-3.19664e-03,-1.01,-0.99
-3.19656e-03,-1.01,-1.07
-3.19648e-03,-1.01,-0.99
-3.19640e-03,-1.03,-1.07
-3.19632e-03,-1.01,-0.99
-3.19624e-03,-1.03,-1.05
-3.19616e-03,-1.03,-0.99
-3.19608e-03,-1.03,-1.05
-3.19600e-03,-1.03,-1.01
-3.19592e-03,-1.01,-1.05
-3.19584e-03,-1.03,-0.99
-3.19576e-03,-1.01,-1.05
-3.19568e-03,-1.01,-0.99
-3.19560e-03,-1.01,-1.05
-3.19552e-03,-1.03,-1.01
-3.19544e-03,-1.01,-1.05
-3.19536e-03,-1.03,-0.99
-3.19528e-03,-1.03,-1.05
-3.19520e-03,-1.01,-1.01
-3.19512e-03,-1.03,-1.05
-3.19504e-03,-1.03,-1.01
-3.19496e-03,-1.03,-1.05
-3.19488e-03,-1.01,-0.99
-3.19480e-03,-1.03,-1.07
-3.19472e-03,-1.03,-0.99
-3.19464e-03,-1.01,-1.05
-3.19456e-03,-1.03,-0.99
-3.19448e-03,-1.01,-1.07
-3.19440e-03,-1.05,-0.99
-3.19432e-03,-0.99,-1.05
-3.19424e-03,-1.03,-0.99
-3.19416e-03,-1.01,-1.05
-3.19408e-03,-1.03,-0.99
-3.19400e-03,-1.03,-1.05
-3.19392e-03,-1.03,-0.99
-3.19384e-03,-1.03,-1.05
-3.19376e-03,-1.01,-0.99
-3.19368e-03,-1.03,-1.05
-3.19360e-03,-1.01,-1.01
-3.19352e-03,-1.01,-1.05
-3.19344e-03,-1.03,-0.99
-3.19336e-03,-1.01,-1.05
-3.19328e-03,-1.03,-0.99
-3.19320e-03,-1.01,-1.05
-3.19312e-03,-1.03,-1.01
-3.19304e-03,-1.01,-1.05
-3.19296e-03,-1.03,-0.99
-3.19288e-03,-1.01,-1.05
-3.19280e-03,-1.03,-0.99
-3.19272e-03,-1.03,-1.05
-3.19264e-03,-1.01,-0.99
-3.19256e-03,-1.03,-1.05
-3.19248e-03,-1.01,-0.99
-3.19240e-03,-1.03,-1.05
-3.19232e-03,-1.01,-1.01
-3.19224e-03,-1.03,-1.05
-3.19216e-03,-1.03,-0.99
-3.19208e-03,-1.03,-1.05
-3.19200e-03,-1.01,-0.99
-3.19192e-03,-1.03,-1.05
-3.19184e-03,-1.03,-1.01
-3.19176e-03,-1.03,-1.05
-3.19168e-03,-1.03,-0.99
-3.19160e-03,-1.01,-1.05
-3.19152e-03,-1.03,-1.01
-3.19144e-03,-1.01,-1.05
-3.19136e-03,-1.01,-0.99
-3.19128e-03,-1.03,-1.05
-3.19120e-03,-1.01,-0.99
-3.19112e-03,-1.03,-1.05
-3.19104e-03,-0.99,-1.01
-3.19096e-03,-1.03,-1.05
-3.19088e-03,-1.01,-0.99
-3.19080e-03,-1.03,-1.05
-3.19072e-03,-1.03,-1.01
-3.19064e-03,-1.03,-1.05
-3.19056e-03,-1.01,-1.01
-3.19048e-03,-1.03,-1.07
-3.19040e-03,-1.03,-1.01
-3.19032e-03,-1.01,-1.05
-3.19024e-03,-1.03,-1.01
-3.19016e-03,-1.01,-1.05
-3.19008e-03,-1.01,-1.01
-3.19000e-03,-1.03,-1.05
-3.18992e-03,-1.01,-1.01
-3.18984e-03,-1.03,-1.05
-3.18976e-03,-1.01,-0.99
-3.18968e-03,-1.03,-1.05
-3.18960e-03,-1.01,-0.99
-3.18952e-03,-1.03,-1.05
-3.18944e-03,-1.03,-0.99
-3.18936e-03,-1.01,-1.05
-3.18928e-03,-1.03,-1.01
-3.18920e-03,-1.01,-1.05
-3.18912e-03,-1.03,-1.01
-3.18904e-03,-1.01,-1.05
-3.18896e-03,-1.05,-1.01
-3.18888e-03,-1.01,-1.07
-3.18880e-03,-1.03,-0.99
-3.18872e-03,-1.03,-1.05
-3.18864e-03,-1.01,-0.99
-3.18856e-03,-1.03,-1.05
-3.18848e-03,-1.01,-0.99
-3.18840e-03,-1.03,-1.05
-3.18832e-03,-0.99,-1.01
-3.18824e-03,-1.03,-1.05
-3.18816e-03,-1.01,-0.99
-3.18808e-03,-1.03,-1.05
-3.18800e-03,-1.03,-0.99
-3.18792e-03,-1.01,-1.05
-3.18784e-03,-1.03,-0.99
-3.18776e-03,-1.03,-1.05
-3.18768e-03,-1.05,-1.01
-3.18760e-03,-1.01,-1.05
-3.18752e-03,-1.03,-0.99
-3.18744e-03,-1.01,-1.07
-3.18736e-03,-1.03,-0.99
-3.18728e-03,-1.03,-1.05
-3.18720e-03,-1.01,-0.99
-3.18712e-03,-1.03,-1.05
-3.18704e-03,-1.01,-0.99
-3.18696e-03,-1.01,-1.05
-3.18688e-03,-1.01,-0.99
-3.18680e-03,-1.01,-1.05
-3.18672e-03,-1.03,-0.99
-3.18664e-03,-1.03,-1.05
-3.18656e-03,-1.03,-1.01
-3.18648e-03,-1.03,-1.05
-3.18640e-03,-1.03,-0.99
-3.18632e-03,-1.03,-1.05
-3.18624e-03,-1.03,-1.01
-3.18616e-03,-1.03,-1.05
-3.18608e-03,-1.03,-0.99
-3.18600e-03,-1.03,-1.05
-3.18592e-03,-1.01,-1.01
-3.18584e-03,-1.03,-1.05
-3.18576e-03,-1.03,-1.01
-3.18568e-03,-1.01,-1.05
-3.18560e-03,-0.99,-0.99
-3.18552e-03,-1.01,-1.05
-3.18544e-03,-1.03,-0.99
-3.18536e-03,-1.03,-1.07
-3.18528e-03,-1.03,-0.99
-3.18520e-03,-1.01,-1.07
-3.18512e-03,-1.03,-0.99
-3.18504e-03,-1.01,-1.07
-3.18496e-03,-1.03,-0.99
-3.18488e-03,-1.01,-1.05
-3.18480e-03,-1.03,-0.99
-3.18472e-03,-1.01,-1.05
-3.18464e-03,-1.01,-0.99
-3.18456e-03,-1.01,-1.05
-3.18448e-03,-1.03,-0.99
-3.18440e-03,-1.01,-1.05
-3.18432e-03,-1.01,-0.99
-3.18424e-03,-1.03,-1.05
-3.18416e-03,-1.01,-0.99
-3.18408e-03,-1.01,-1.05
-3.18400e-03,-1.01,-0.99
-3.18392e-03,-1.01,-1.05
-3.18384e-03,-1.01,-0.99
-3.18376e-03,-1.01,-1.05
-3.18368e-03,-1.03,-0.99
-3.18360e-03,-1.01,-1.05
-3.18352e-03,-1.01,-0.99
-3.18344e-03,-1.03,-1.05
-3.18336e-03,-1.01,-0.99
-3.18328e-03,-1.03,-1.05
-3.18320e-03,-1.01,-0.99
-3.18312e-03,-1.03,-1.05
-3.18304e-03,-1.01,-0.99
-3.18296e-03,-1.03,-1.05
-3.18288e-03,-1.01,-1.01
-3.18280e-03,-1.01,-1.05
-3.18272e-03,-1.01,-0.99
-3.18264e-03,-1.03,-1.05
-3.18256e-03,-1.03,-0.99
-3.18248e-03,-1.01,-1.05
-3.18240e-03,-1.03,-0.99
-3.18232e-03,-1.01,-1.05
-3.18224e-03,-1.01,-0.99
-3.18216e-03,-0.99,-1.05
-3.18208e-03,-1.01,-0.99
-3.18200e-03,-1.03,-1.05
-3.18192e-03,-1.03,-0.99
-3.18184e-03,-1.01,-1.05
-3.18176e-03,-1.01,-0.99
-3.18168e-03,-1.03,-1.05
-3.18160e-03,-1.01,-0.99
-3.18152e-03,-1.03,-1.05
-3.18144e-03,-1.01,-0.99
-3.18136e-03,-1.01,-1.05
-3.18128e-03,-1.01,-0.99
-3.18120e-03,-1.01,-1.05
-3.18112e-03,-1.01,-0.99
-3.18104e-03,-1.01,-1.05
-3.18096e-03,-1.03,-0.99
-3.18088e-03,-1.01,-1.05
-3.18080e-03,-0.99,-0.99
-3.18072e-03,-1.01,-1.05
-3.18064e-03,-0.99,-0.97
-3.18056e-03,-0.99,-1.05
-3.18048e-03,-1.01,-0.99
-3.18040e-03,-1.01,-1.05
-3.18032e-03,-1.01,-0.97
-3.18024e-03,-1.03,-1.03
-3.18016e-03,-1.01,-0.97
-3.18008e-03,-1.03,-1.03
-3.18000e-03,-1.03,-0.97
-3.17992e-03,-1.03,-1.05
-3.17984e-03,-1.03,-0.99
-3.17976e-03,-1.01,-1.05
-3.17968e-03,-1.03,-0.99
-3.17960e-03,-1.01,-1.05
-3.17952e-03,-1.01,-0.99
-3.17944e-03,-1.01,-1.05
-3.17936e-03,-1.01,-1.01
-3.17928e-03,-1.03,-1.05
-3.17920e-03,-1.01,-0.99
-3.17912e-03,-1.01,-1.05
-3.17904e-03,-1.01,-0.99
-3.17896e-03,-1.01,-1.05
-3.17888e-03,-1.01,-0.99
-3.17880e-03,-1.03,-1.05
-3.17872e-03,-1.03,-0.99
-3.17864e-03,-1.03,-1.05
-3.17856e-03,-1.03,-0.99
-3.17848e-03,-0.99,-1.05
-3.17840e-03,-1.01,-0.99
-3.17832e-03,-1.03,-1.05
-3.17824e-03,-1.01,-0.99
-3.17816e-03,-1.01,-1.05
-3.17808e-03,-1.01,-0.97
-3.17800e-03,-1.03,-1.05
-3.17792e-03,-1.01,-0.99
-3.17784e-03,-1.03,-1.05
-3.17776e-03,-0.91,-0.99
-3.17768e-03,-0.95,-1.09
-3.17760e-03,-0.99,-0.85
-3.17752e-03,-0.99,-0.99
-3.17744e-03,-0.95,-0.83
-3.17736e-03,-0.93,-1.01
-3.17728e-03,-0.95,-0.93
-3.17720e-03,-0.97,-0.99
-3.17712e-03,-0.97,-0.93
-3.17704e-03,-0.99,-1.01
-3.17696e-03,-1.03,-0.93
-3.17688e-03,-1.03,-1.03
-3.17680e-03,-1.05,-0.97
-3.17672e-03,-1.05,-1.05
-3.17664e-03,-1.03,-1.01
-3.17656e-03,-1.03,-1.07
-3.17648e-03,-1.03,-1.03
-3.17640e-03,-1.01,-1.07
-3.17632e-03,-1.03,-1.01
-3.17624e-03,-1.03,-1.05
-3.17616e-03,-1.01,-1.01
-3.17608e-03,-1.01,-1.05
-3.17600e-03,-1.03,-0.99
-3.17592e-03,-1.01,-1.05
-3.17584e-03,-1.01,-0.99
-3.17576e-03,-1.01,-1.03
-3.17568e-03,-1.03,-0.99
-3.17560e-03,-1.03,-1.05
-3.17552e-03,-1.03,-0.99
-3.17544e-03,-1.01,-1.05
-3.17536e-03,-1.01,-0.99
-3.17528e-03,-1.01,-1.05
-3.17520e-03,-1.01,-1.01
-3.17512e-03,-1.03,-1.05
-3.17504e-03,-1.01,-0.99
-3.17496e-03,-0.99,-1.05
-3.17488e-03,-1.01,-0.99
-3.17480e-03,-1.01,-1.05
-3.17472e-03,-1.03,-0.99
-3.17464e-03,-1.01,-1.05
-3.17456e-03,-1.01,-0.99
-3.17448e-03,-1.01,-1.03
-3.17440e-03,-1.01,-0.99
-3.17432e-03,-1.01,-1.03
-3.17424e-03,-1.01,-0.99
-3.17416e-03,-1.03,-1.03
-3.17408e-03,-1.03,-0.99
-3.17400e-03,-1.01,-1.05
-3.17392e-03,-1.03,-0.99
-3.17384e-03,-1.03,-1.05
-3.17376e-03,-1.01,-0.99
-3.17368e-03,-1.01,-1.05
-3.17360e-03,-1.01,-0.99
-3.17352e-03,-1.01,-1.05
-3.17344e-03,-1.01,-0.99
-3.17336e-03,-1.01,-1.05
-3.17328e-03,-1.01,-0.99
-3.17320e-03,-1.01,-1.05
-3.17312e-03,-1.01,-0.99
-3.17304e-03,-1.03,-1.05
-3.17296e-03,-1.03,-0.99
-3.17288e-03,-1.03,-1.05
-3.17280e-03,-1.03,-0.99
-3.17272e-03,-0.99,-1.05
-3.17264e-03,-1.01,-0.99
-3.17256e-03,-1.01,-1.05
-3.17248e-03,-1.01,-0.99
-3.17240e-03,-1.01,-1.05
-3.17232e-03,-0.99,-0.99
-3.17224e-03,-1.01,-1.05
-3.17216e-03,-1.01,-0.99
-3.17208e-03,-1.03,-1.05
-3.17200e-03,-1.01,-0.99
-3.17192e-03,-1.01,-1.05
-3.17184e-03,-1.03,-0.99
-3.17176e-03,-1.01,-1.05
-3.17168e-03,-1.01,-0.99
-3.17160e-03,-1.01,-1.03
-3.17152e-03,-1.03,-0.99
-3.17144e-03,-1.01,-1.03
-3.17136e-03,-1.03,-0.99
-3.17128e-03,-1.01,-1.05
-3.17120e-03,-1.01,-0.99
-3.17112e-03,-1.03,-1.03
-3.17104e-03,-1.17,-1.01
-3.17096e-03,-1.01,-1.17
-3.17088e-03,-1.03,-0.95
-3.17080e-03,-1.05,-1.23
-3.17072e-03,-1.07,-1.01
-3.17064e-03,-1.07,-1.09
-3.17056e-03,-1.09,-1.03
-3.17048e-03,-1.05,-1.11
-3.17040e-03,-1.05,-1.03
-3.17032e-03,-1.03,-1.11
-3.17024e-03,-1.03,-1.05
-3.17016e-03,-1.01,-1.07
-3.17008e-03,-1.03,-1.01
-3.17000e-03,-0.99,-1.05
-3.16992e-03,-0.99,-0.99
-3.16984e-03,-1.01,-1.03
-3.16976e-03,-1.01,-0.97
-3.16968e-03,-1.01,-1.03
-3.16960e-03,-1.01,-0.97
-3.16952e-03,-0.99,-1.03
-3.16944e-03,-1.01,-0.97
-3.16936e-03,-1.01,-1.05
-3.16928e-03,-1.03,-0.99
-3.16920e-03,-0.99,-1.05
-3.16912e-03,-1.03,-0.99
-3.16904e-03,-0.99,-1.05
-3.16896e-03,-1.01,-0.99
-3.16888e-03,-1.01,-1.05
-3.16880e-03,-1.01,-0.99
-3.16872e-03,-1.01,-1.05
-3.16864e-03,-1.01,-0.99
-3.16856e-03,-1.03,-1.05
-3.16848e-03,-1.01,-0.99
-3.16840e-03,-1.03,-1.05
-3.16832e-03,-1.01,-0.99
-3.16824e-03,-1.03,-1.05
-3.16816e-03,-1.03,-0.99
-3.16808e-03,-1.01,-1.05
-3.16800e-03,-1.03,-0.99
-3.16792e-03,-1.01,-1.05
-3.16784e-03,-1.03,-0.99
-3.16776e-03,-1.01,-1.05
-3.16768e-03,-1.01,-0.99
-3.16760e-03,-1.01,-1.05
-3.16752e-03,-1.01,-0.99
-3.16744e-03,-1.01,-1.05
-3.16736e-03,-1.01,-0.99
-3.16728e-03,-1.03,-1.05
-3.16720e-03,-1.01,-0.99
-3.16712e-03,-1.05,-1.05
-3.16704e-03,-1.01,-0.99
-3.16696e-03,-1.05,-1.05
-3.16688e-03,-1.01,-1.01
-3.16680e-03,-1.03,-1.05
-3.16672e-03,-1.03,-0.99
-3.16664e-03,-1.01,-1.05
-3.16656e-03,-1.03,-0.99
-3.16648e-03,-1.01,-1.05
-3.16640e-03,-1.03,-0.99
-3.16632e-03,-1.03,-1.05
-3.16624e-03,-1.03,-1.01
-3.16616e-03,-1.01,-1.05
-3.16608e-03,-1.01,-1.01
-3.16600e-03,-1.03,-1.05
-3.16592e-03,-1.01,-0.99
-3.16584e-03,-1.03,-1.05
-3.16576e-03,-1.03,-0.99
-3.16568e-03,-1.03,-1.05
-3.16560e-03,-1.01,-0.99
-3.16552e-03,-1.03,-1.05
-3.16544e-03,-1.03,-0.99
-3.16536e-03,-1.03,-1.05
-3.16528e-03,-1.03,-1.01
-3.16520e-03,-0.99,-1.05
-3.16512e-03,-1.03,-1.01
-3.16504e-03,-1.03,-1.05
-3.16496e-03,-1.03,-0.99
-3.16488e-03,-1.03,-1.05
-3.16480e-03,-0.99,-1.01
-3.16472e-03,-1.01,-1.07
-3.16464e-03,-0.99,-0.99
-3.16456e-03,-1.03,-1.05
-3.16448e-03,-1.03,-0.99
-3.16440e-03,-1.03,-1.07
-3.16432e-03,-1.03,-0.97
-3.16424e-03,-1.03,-1.05
-3.16416e-03,-1.03,-0.99
-3.16408e-03,-1.03,-1.05
-3.16400e-03,-1.03,-0.99
-3.16392e-03,-1.01,-1.05
-3.16384e-03,-1.03,-0.99
-3.16376e-03,-1.03,-1.05
-3.16368e-03,-1.03,-0.99
-3.16360e-03,-1.03,-1.05
-3.16352e-03,-1.01,-0.99
-3.16344e-03,-1.01,-1.05
-3.16336e-03,-1.01,-0.99
-3.16328e-03,-1.03,-1.05
-3.16320e-03,-1.01,-1.01
-3.16312e-03,-1.03,-1.05
-3.16304e-03,-1.01,-0.99
-3.16296e-03,-1.01,-1.05
-3.16288e-03,-1.01,-0.99
-3.16280e-03,-1.03,-1.05
-3.16272e-03,-1.03,-1.01
-3.16264e-03,-1.01,-1.05
-3.16256e-03,-1.03,-1.01
-3.16248e-03,-1.03,-1.05
-3.16240e-03,-1.03,-0.99
-3.16232e-03,-1.01,-1.05
-3.16224e-03,-1.03,-0.99
-3.16216e-03,-1.01,-1.05
-3.16208e-03,-1.03,-0.99
-3.16200e-03,-1.01,-1.05
-3.16192e-03,-1.01,-1.01
-3.16184e-03,-1.03,-1.05
-3.16176e-03,-1.01,-0.99
-3.16168e-03,-1.03,-1.05
-3.16160e-03,-0.99,-1.01
-3.16152e-03,-1.03,-1.05
-3.16144e-03,-1.03,-0.99
-3.16136e-03,-1.01,-1.05
-3.16128e-03,-1.03,-0.99
-3.16120e-03,-1.01,-1.05
-3.16112e-03,-1.03,-0.99
-3.16104e-03,-1.01,-1.05
-3.16096e-03,-1.03,-0.99
-3.16088e-03,-1.01,-1.05
-3.16080e-03,-1.01,-0.99
-3.16072e-03,-1.01,-1.05
-3.16064e-03,-1.01,-0.99
-3.16056e-03,-1.01,-1.05
-3.16048e-03,-1.01,-0.99
-3.16040e-03,-1.03,-1.05
-3.16032e-03,-1.01,-0.99
-3.16024e-03,-1.03,-1.05
-3.16016e-03,-1.01,-0.99
-3.16008e-03,-1.01,-1.05
-3.16000e-03,-1.03,-1.01
-3.15992e-03,-1.01,-1.05
-3.15984e-03,-1.03,-1.01
-3.15976e-03,-1.01,-1.05
-3.15968e-03,-1.01,-0.99
-3.15960e-03,-1.01,-1.07
-3.15952e-03,-1.01,-1.01
-3.15944e-03,-1.05,-1.05
-3.15936e-03,-0.99,-1.01
-3.15928e-03,-0.99,-1.07
-3.15920e-03,-1.01,-0.99
-3.15912e-03,-1.05,-1.07
-3.15904e-03,-1.03,-0.99
-3.15896e-03,-1.03,-1.07
-3.15888e-03,-1.01,-1.01
-3.15880e-03,-1.01,-1.05
-3.15872e-03,-1.03,-0.99
-3.15864e-03,-1.01,-1.05
-3.15856e-03,-1.03,-1.01
-3.15848e-03,-1.03,-1.05
-3.15840e-03,-1.05,-1.01
-3.15832e-03,-1.03,-1.05
-3.15824e-03,-1.03,-0.99
-3.15816e-03,-1.03,-1.05
-3.15808e-03,-1.01,-0.99
-3.15800e-03,-1.03,-1.05
-3.15792e-03,-1.01,-1.01
-3.15784e-03,-1.03,-1.05
-3.15776e-03,-1.03,-0.99
-3.15768e-03,-1.03,-1.05
-3.15760e-03,-1.03,-0.99
-3.15752e-03,-1.01,-1.05
-3.15744e-03,-1.03,-1.01
-3.15736e-03,-1.01,-1.05
-3.15728e-03,-1.03,-1.01
-3.15720e-03,-1.03,-1.07
-3.15712e-03,-1.03,-0.99
-3.15704e-03,-1.01,-1.05
-3.15696e-03,-1.03,-1.01
-3.15688e-03,-1.03,-1.07
-3.15680e-03,-1.05,-0.99
-3.15672e-03,-1.05,-1.07
-3.15664e-03,-1.01,-0.99
-3.15656e-03,-1.05,-1.07
-3.15648e-03,-1.01,-0.99
-3.15640e-03,-1.03,-1.05
-3.15632e-03,-1.01,-0.99
-3.15624e-03,-1.03,-1.05
-3.15616e-03,-1.01,-0.99
-3.15608e-03,-1.03,-1.07
-3.15600e-03,-1.03,-1.01
-3.15592e-03,-1.03,-1.05
-3.15584e-03,-1.05,-1.01
-3.15576e-03,-1.01,-1.07
-3.15568e-03,-1.05,-1.01
-3.15560e-03,-1.03,-1.05
-3.15552e-03,-1.03,-1.01
-3.15544e-03,-1.01,-1.05
-3.15536e-03,-1.03,-1.01
-3.15528e-03,-1.03,-1.05
-3.15520e-03,-1.01,-1.01
-3.15512e-03,-1.03,-1.05
-3.15504e-03,-1.01,-1.01
-3.15496e-03,-1.05,-1.05
-3.15488e-03,-1.03,-1.01
-3.15480e-03,-1.03,-1.05
-3.15472e-03,-1.03,-1.01
-3.15464e-03,-1.03,-1.05
-3.15456e-03,-1.03,-0.99
-3.15448e-03,-1.01,-1.05
-3.15440e-03,-1.03,-1.01
-3.15432e-03,-1.01,-1.05
-3.15424e-03,-1.03,-1.01
-3.15416e-03,-1.01,-1.05
-3.15408e-03,-1.01,-1.01
-3.15400e-03,-1.03,-1.05
-3.15392e-03,-1.01,-1.01
-3.15384e-03,-1.03,-1.05
-3.15376e-03,-1.01,-1.01
-3.15368e-03,-1.05,-1.05
-3.15360e-03,-1.01,-1.01
-3.15352e-03,-1.01,-1.05
-3.15344e-03,-1.03,-0.99
-3.15336e-03,-1.03,-1.05
-3.15328e-03,-1.03,-1.01
-3.15320e-03,-1.01,-1.07
-3.15312e-03,-1.03,-1.01
-3.15304e-03,-1.03,-1.05
-3.15296e-03,-1.01,-0.99
-3.15288e-03,-1.01,-1.05
-3.15280e-03,-1.01,-1.01
-3.15272e-03,-1.01,-1.05
-3.15264e-03,-1.01,-0.99
-3.15256e-03,-1.03,-1.07
-3.15248e-03,-1.01,-1.01
-3.15240e-03,-1.03,-1.05
-3.15232e-03,-1.03,-1.01
-3.15224e-03,-1.01,-1.07
-3.15216e-03,-1.03,-1.01
-3.15208e-03,-1.01,-1.07
-3.15200e-03,-1.03,-1.01
-3.15192e-03,-1.01,-1.07
-3.15184e-03,-1.01,-1.01
-3.15176e-03,-1.03,-1.07
-3.15168e-03,-1.05,-1.01
-3.15160e-03,-1.03,-1.07
-3.15152e-03,-1.03,-1.01
-3.15144e-03,-1.03,-1.05
-3.15136e-03,-1.03,-0.99
-3.15128e-03,-1.05,-1.05
-3.15120e-03,-1.03,-1.01
-3.15112e-03,-1.03,-1.05
-3.15104e-03,-1.01,-1.01
-3.15096e-03,-1.03,-1.05
-3.15088e-03,-1.03,-1.01
-3.15080e-03,-1.03,-1.05
-3.15072e-03,-1.03,-1.01
-3.15064e-03,-1.03,-1.07
-3.15056e-03,-1.05,-1.01
-3.15048e-03,-1.03,-1.05
-3.15040e-03,-1.03,-1.01
-3.15032e-03,-1.03,-1.05
-3.15024e-03,-1.03,-1.01
-3.15016e-03,-1.03,-1.05
-3.15008e-03,-1.03,-1.01
-3.15000e-03,-1.03,-1.05
-3.14992e-03,-1.03,-1.01
-3.14984e-03,-1.03,-1.05
-3.14976e-03,-1.01,-1.01
-3.14968e-03,-1.03,-1.05
-3.14960e-03,-1.03,-1.01
-3.14952e-03,-1.03,-1.05
-3.14944e-03,-1.03,-1.01
-3.14936e-03,-1.03,-1.05
-3.14928e-03,-1.03,-1.01
-3.14920e-03,-1.01,-1.07
-3.14912e-03,-1.03,-1.01
-3.14904e-03,-1.03,-1.05
-3.14896e-03,-1.03,-1.01
-3.14888e-03,-1.05,-1.07
-3.14880e-03,-1.07,-0.99
-3.14872e-03,-1.05,-1.07
-3.14864e-03,-1.03,-0.99
-3.14856e-03,-1.03,-1.07
-3.14848e-03,-1.01,-0.99
-3.14840e-03,-1.05,-1.07
-3.14832e-03,-1.01,-1.01
-3.14824e-03,-1.03,-1.05
-3.14816e-03,-1.03,-1.01
-3.14808e-03,-1.03,-1.05
-3.14800e-03,-1.03,-1.01
-3.14792e-03,-1.03,-1.07
-3.14784e-03,-1.05,-1.01
-3.14776e-03,-1.03,-1.07
-3.14768e-03,-1.03,-1.01
-3.14760e-03,-1.03,-1.07
-3.14752e-03,-1.03,-1.01
-3.14744e-03,-1.01,-1.07
-3.14736e-03,-1.03,-1.01
-3.14728e-03,-1.03,-1.07
-3.14720e-03,-1.01,-1.01
-3.14712e-03,-1.05,-1.05
-3.14704e-03,-1.03,-1.01
-3.14696e-03,-0.99,-1.07
-3.14688e-03,-1.03,-1.01
-3.14680e-03,-1.01,-1.05
-3.14672e-03,-1.03,-0.99
-3.14664e-03,-1.01,-1.07
-3.14656e-03,-1.03,-1.01
-3.14648e-03,-1.01,-1.07
-3.14640e-03,-1.03,-1.01
-3.14632e-03,-1.03,-1.07
-3.14624e-03,-1.03,-1.01
-3.14616e-03,-1.03,-1.05
-3.14608e-03,-1.01,-1.01
-3.14600e-03,-1.03,-1.05
-3.14592e-03,-1.01,-0.99
-3.14584e-03,-1.05,-1.07
-3.14576e-03,-0.99,-0.99
-3.14568e-03,-1.03,-1.05
-3.14560e-03,-1.01,-0.99
-3.14552e-03,-1.01,-1.05
-3.14544e-03,-1.03,-1.01
-3.14536e-03,-1.03,-1.07
-3.14528e-03,-1.03,-1.01
-3.14520e-03,-1.03,-1.05
-3.14512e-03,-1.03,-1.01
-3.14504e-03,-1.03,-1.07
-3.14496e-03,-1.03,-1.01
-3.14488e-03,-1.03,-1.07
-3.14480e-03,-1.01,-1.01
-3.14472e-03,-1.03,-1.05
-3.14464e-03,-1.03,-0.99
-3.14456e-03,-1.03,-1.07
-3.14448e-03,-1.03,-1.01
-3.14440e-03,-1.03,-1.07
-3.14432e-03,-1.03,-1.01
-3.14424e-03,-1.03,-1.07
-3.14416e-03,-1.03,-1.01
-3.14408e-03,-1.01,-1.05
-3.14400e-03,-1.03,-1.01
-3.14392e-03,-1.03,-1.05
-3.14384e-03,-1.05,-1.01
-3.14376e-03,-1.01,-1.07
-3.14368e-03,-1.05,-0.99
-3.14360e-03,-1.03,-1.07
-3.14352e-03,-1.03,-1.01
-3.14344e-03,-1.03,-1.07
-3.14336e-03,-1.03,-0.99
-3.14328e-03,-1.01,-1.05
-3.14320e-03,-1.01,-1.01
-3.14312e-03,-1.03,-1.05
-3.14304e-03,-1.03,-0.99
-3.14296e-03,-1.03,-1.05
-3.14288e-03,-1.03,-1.01
-3.14280e-03,-1.03,-1.05
-3.14272e-03,-1.03,-1.01
-3.14264e-03,-1.03,-1.07
-3.14256e-03,-1.05,-1.01
-3.14248e-03,-1.03,-1.05
-3.14240e-03,-1.03,-1.01
-3.14232e-03,-1.01,-1.05
-3.14224e-03,-1.03,-1.01
-3.14216e-03,-1.03,-1.07
-3.14208e-03,-1.03,-1.01
-3.14200e-03,-1.05,-1.05
-3.14192e-03,-1.01,-1.01
-3.14184e-03,-1.03,-1.05
-3.14176e-03,-1.03,-1.01
-3.14168e-03,-1.03,-1.05
-3.14160e-03,-1.03,-1.01
-3.14152e-03,-1.03,-1.05
-3.14144e-03,-1.03,-1.01
-3.14136e-03,-1.03,-1.05
-3.14128e-03,-1.03,-1.01
-3.14120e-03,-1.03,-1.07
-3.14112e-03,-1.05,-1.01
-3.14104e-03,-1.03,-1.07
-3.14096e-03,-1.05,-1.01
-3.14088e-03,-1.03,-1.07
-3.14080e-03,-1.01,-0.99
-3.14072e-03,-1.03,-1.07
-3.14064e-03,-1.01,-0.99
-3.14056e-03,-1.03,-1.07
-3.14048e-03,-1.03,-1.01
-3.14040e-03,-1.03,-1.05
-3.14032e-03,-1.03,-1.01
-3.14024e-03,-1.03,-1.05
-3.14016e-03,-1.03,-0.99
-3.14008e-03,-1.03,-1.07
-3.14000e-03,-1.03,-1.01
-3.13992e-03,-1.03,-1.05
-3.13984e-03,-1.03,-1.01
-3.13976e-03,-1.01,-1.05
-3.13968e-03,-1.05,-1.01
-3.13960e-03,-1.03,-1.05
-3.13952e-03,-1.01,-0.99
-3.13944e-03,-1.01,-1.07
-3.13936e-03,-1.01,-1.01
-3.13928e-03,-1.03,-1.05
-3.13920e-03,-1.03,-1.01
-3.13912e-03,-1.03,-1.05
-3.13904e-03,-1.05,-1.01
-3.13896e-03,-1.03,-1.05
-3.13888e-03,-1.03,-1.01
-3.13880e-03,-1.03,-1.07
-3.13872e-03,-1.03,-1.01
-3.13864e-03,-1.03,-1.05
-3.13856e-03,-1.03,-1.01
-3.13848e-03,-1.03,-1.05
-3.13840e-03,-1.03,-1.01
-3.13832e-03,-1.03,-1.05
-3.13824e-03,-1.03,-1.01
-3.13816e-03,-1.03,-1.05
-3.13808e-03,-1.01,-1.01
-3.13800e-03,-1.03,-1.05
-3.13792e-03,-1.03,-0.99
-3.13784e-03,-1.01,-1.05
-3.13776e-03,-1.03,-1.01
-3.13768e-03,-1.03,-1.07
-3.13760e-03,-1.03,-1.01
-3.13752e-03,-1.03,-1.05
-3.13744e-03,-1.03,-1.01
-3.13736e-03,-1.05,-1.05
-3.13728e-03,-1.03,-1.01
-3.13720e-03,-1.01,-1.05
-3.13712e-03,-1.05,-0.99
-3.13704e-03,-1.05,-1.05
-3.13696e-03,-1.01,-1.01
-3.13688e-03,-1.03,-1.07
-3.13680e-03,-1.03,-1.01
-3.13672e-03,-1.03,-1.07
-3.13664e-03,-1.01,-0.99
-3.13656e-03,-1.03,-1.05
-3.13648e-03,-1.01,-0.99
-3.13640e-03,-1.03,-1.05
-3.13632e-03,-1.01,-1.01
-3.13624e-03,-1.03,-1.05
-3.13616e-03,-1.03,-1.01
-3.13608e-03,-1.03,-1.05
-3.13600e-03,-1.03,-0.99
-3.13592e-03,-1.03,-1.05
-3.13584e-03,-1.01,-1.01
-3.13576e-03,-1.01,-1.05
-3.13568e-03,-1.03,-0.99
-3.13560e-03,-1.03,-1.05
-3.13552e-03,-1.01,-1.01
-3.13544e-03,-1.03,-1.05
-3.13536e-03,-1.03,-0.99
-3.13528e-03,-1.01,-1.05
-3.13520e-03,-1.01,-1.01
-3.13512e-03,-1.03,-1.05
-3.13504e-03,-1.03,-0.99
-3.13496e-03,-1.03,-1.05
-3.13488e-03,-1.03,-1.01
-3.13480e-03,-1.03,-1.05
-3.13472e-03,-1.03,-1.01
-3.13464e-03,-1.03,-1.05
-3.13456e-03,-1.03,-1.01
-3.13448e-03,-1.03,-1.05
-3.13440e-03,-1.03,-1.01
-3.13432e-03,-1.03,-1.05
-3.13424e-03,-1.01,-1.01
-3.13416e-03,-1.03,-1.05
-3.13408e-03,-1.03,-0.99
-3.13400e-03,-1.03,-1.05
-3.13392e-03,-1.03,-0.99
-3.13384e-03,-1.01,-1.05
-3.13376e-03,-1.01,-0.99
-3.13368e-03,-1.01,-1.05
-3.13360e-03,-1.01,-0.99
-3.13352e-03,-1.03,-1.05
-3.13344e-03,-1.01,-0.99
-3.13336e-03,-1.01,-1.05
-3.13328e-03,-1.03,-0.99
-3.13320e-03,-1.01,-1.05
-3.13312e-03,-1.01,-1.01
-3.13304e-03,-1.01,-1.09
-3.13296e-03,-1.05,-0.99
-3.13288e-03,-1.01,-1.05
-3.13280e-03,-1.01,-0.99
-3.13272e-03,-1.01,-1.07
-3.13264e-03,-1.01,-0.97
-3.13256e-03,-1.01,-1.07
-3.13248e-03,-1.01,-0.99
-3.13240e-03,-1.03,-1.05
-3.13232e-03,-1.01,-0.99
-3.13224e-03,-1.03,-1.05
-3.13216e-03,-0.99,-0.99
-3.13208e-03,-1.01,-1.05
-3.13200e-03,-1.03,-0.99
-3.13192e-03,-1.01,-1.05
-3.13184e-03,-1.03,-0.99
-3.13176e-03,-1.01,-1.05
-3.13168e-03,-1.01,-1.01
-3.13160e-03,-1.03,-1.05
-3.13152e-03,-1.03,-0.99
-3.13144e-03,-1.03,-1.05
-3.13136e-03,-1.03,-0.99
-3.13128e-03,-1.03,-1.05
-3.13120e-03,-1.01,-0.99
-3.13112e-03,-1.03,-1.05
-3.13104e-03,-1.01,-0.99
-3.13096e-03,-1.01,-1.05
-3.13088e-03,-1.01,-0.99
-3.13080e-03,-1.03,-1.05
-3.13072e-03,-1.01,-0.99
-3.13064e-03,-1.03,-1.05
-3.13056e-03,-1.01,-0.99
-3.13048e-03,-0.99,-1.05
-3.13040e-03,-1.01,-0.99
-3.13032e-03,-1.03,-1.05
-3.13024e-03,-1.03,-0.99
-3.13016e-03,-1.03,-1.05
-3.13008e-03,-1.03,-0.99
-3.13000e-03,-1.03,-1.05
-3.12992e-03,-1.01,-0.99
-3.12984e-03,-1.03,-1.05
-3.12976e-03,-1.01,-0.99
-3.12968e-03,-1.03,-1.05
-3.12960e-03,-1.01,-0.99
-3.12952e-03,-1.01,-1.05
-3.12944e-03,-1.01,-0.99
-3.12936e-03,-1.01,-1.05
-3.12928e-03,-1.01,-0.99
-3.12920e-03,-1.01,-1.05
-3.12912e-03,-1.01,-0.99
-3.12904e-03,-1.01,-1.05
-3.12896e-03,-1.03,-0.99
-3.12888e-03,-1.01,-1.05
-3.12880e-03,-1.03,-0.99
-3.12872e-03,-1.01,-1.05
-3.12864e-03,-1.03,-0.99
-3.12856e-03,-1.03,-1.05
-3.12848e-03,-1.01,-0.99
-3.12840e-03,-1.01,-1.05
-3.12832e-03,-1.01,-0.99
-3.12824e-03,-1.03,-1.05
-3.12816e-03,-1.01,-0.99
-3.12808e-03,-1.01,-1.05
-3.12800e-03,-1.01,-0.99
-3.12792e-03,-1.01,-1.05
-3.12784e-03,-1.01,-0.99
-3.12776e-03,-1.01,-1.05
-3.12768e-03,-0.91,-0.99
-3.12760e-03,-0.99,-1.09
-3.12752e-03,-0.99,-0.85
-3.12744e-03,-0.95,-1.03
-3.12736e-03,-0.95,-0.93
-3.12728e-03,-0.95,-1.01
-3.12720e-03,-0.95,-0.93
-3.12712e-03,-0.97,-0.99
-3.12704e-03,-0.99,-0.93
-3.12696e-03,-1.01,-1.01
-3.12688e-03,-1.03,-0.95
-3.12680e-03,-1.03,-1.05
-3.12672e-03,-1.05,-0.97
-3.12664e-03,-1.03,-1.07
-3.12656e-03,-1.03,-1.01
-3.12648e-03,-1.03,-1.07
-3.12640e-03,-1.03,-1.01
-3.12632e-03,-0.99,-1.05
-3.12624e-03,-1.03,-1.01
-3.12616e-03,-1.01,-1.07
-3.12608e-03,-1.03,-0.99
-3.12600e-03,-0.97,-1.05
-3.12592e-03,-1.01,-0.97
-3.12584e-03,-1.03,-1.05
-3.12576e-03,-1.01,-0.97
-3.12568e-03,-1.01,-1.03
-3.12560e-03,-1.03,-0.99
-3.12552e-03,-1.01,-1.05
-3.12544e-03,-1.03,-0.99
-3.12536e-03,-1.03,-1.05
-3.12528e-03,-1.01,-1.01
-3.12520e-03,-1.03,-1.03
-3.12512e-03,-1.03,-1.01
-3.12504e-03,-1.03,-1.05
-3.12496e-03,-0.99,-0.97
-3.12488e-03,-0.99,-1.05
-3.12480e-03,-0.99,-0.99
-3.12472e-03,-1.01,-1.05
-3.12464e-03,-1.01,-0.99
-3.12456e-03,-0.99,-1.05
-3.12448e-03,-1.01,-0.99
-3.12440e-03,-1.01,-1.03
-3.12432e-03,-1.01,-0.99
-3.12424e-03,-1.01,-1.03
-3.12416e-03,-1.01,-0.97
-3.12408e-03,-1.03,-1.03
-3.12400e-03,-1.01,-0.99
-3.12392e-03,-1.01,-1.03
-3.12384e-03,-1.01,-0.97
-3.12376e-03,-1.01,-1.05
-3.12368e-03,-1.01,-0.99
-3.12360e-03,-0.99,-1.03
-3.12352e-03,-1.03,-0.99
-3.12344e-03,-1.01,-1.05
-3.12336e-03,-1.01,-0.99
-3.12328e-03,-1.01,-1.03
-3.12320e-03,-0.99,-0.99
-3.12312e-03,-1.01,-1.05
-3.12304e-03,-1.03,-0.99
-3.12296e-03,-0.99,-1.03
-3.12288e-03,-1.03,-0.99
-3.12280e-03,-1.01,-1.03
-3.12272e-03,-1.01,-0.99
-3.12264e-03,-1.01,-1.05
-3.12256e-03,-0.99,-0.99
-3.12248e-03,-1.01,-1.05
-3.12240e-03,-1.01,-0.99
-3.12232e-03,-1.01,-1.05
-3.12224e-03,-1.01,-0.99
-3.12216e-03,-1.01,-1.03
-3.12208e-03,-1.01,-0.99
-3.12200e-03,-1.01,-1.05
-3.12192e-03,-1.01,-0.99
-3.12184e-03,-1.01,-1.03
-3.12176e-03,-0.99,-0.99
-3.12168e-03,-1.01,-1.05
-3.12160e-03,-1.01,-0.99
-3.12152e-03,-1.01,-1.03
-3.12144e-03,-1.01,-0.99
-3.12136e-03,-1.01,-1.05
-3.12128e-03,-1.01,-0.99
-3.12120e-03,-1.03,-1.05
-3.12112e-03,-1.01,-0.99
-3.12104e-03,-1.01,-1.05
-3.12096e-03,-1.21,-0.99
-3.12088e-03,-1.01,-1.21
-3.12080e-03,-1.03,-0.93
-3.12072e-03,-1.05,-1.23
-3.12064e-03,-1.07,-0.99
-3.12056e-03,-1.09,-1.09
-3.12048e-03,-1.05,-1.01
-3.12040e-03,-1.07,-1.11
-3.12032e-03,-1.03,-1.05
-3.12024e-03,-1.03,-1.09
-3.12016e-03,-1.01,-1.03
-3.12008e-03,-0.99,-1.07
-3.12000e-03,-0.99,-0.99
-3.11992e-03,-1.01,-1.05
-3.11984e-03,-0.99,-0.99
-3.11976e-03,-0.99,-1.03
-3.11968e-03,-1.03,-0.97
-3.11960e-03,-1.01,-1.03
-3.11952e-03,-1.01,-0.97
-3.11944e-03,-1.03,-1.03
-3.11936e-03,-1.01,-0.97
-3.11928e-03,-1.03,-1.05
-3.11920e-03,-1.01,-0.99
-3.11912e-03,-1.03,-1.05
-3.11904e-03,-1.01,-0.99
-3.11896e-03,-1.01,-1.05
-3.11888e-03,-1.01,-0.99
-3.11880e-03,-1.01,-1.05
-3.11872e-03,-1.01,-0.99
-3.11864e-03,-1.01,-1.03
-3.11856e-03,-1.01,-0.99
-3.11848e-03,-0.99,-1.03
-3.11840e-03,-1.01,-0.99
-3.11832e-03,-0.99,-1.03
-3.11824e-03,-1.03,-0.99
-3.11816e-03,-1.03,-1.05
-3.11808e-03,-1.01,-0.99
-3.11800e-03,-1.01,-1.05
-3.11792e-03,-1.01,-0.99
-3.11784e-03,-1.03,-1.05
-3.11776e-03,-1.03,-0.99
-3.11768e-03,-1.01,-1.05
-3.11760e-03,-0.99,-0.99
-3.11752e-03,-1.03,-1.05
-3.11744e-03,-1.01,-0.99
-3.11736e-03,-1.01,-1.05
-3.11728e-03,-1.01,-0.99
-3.11720e-03,-1.01,-1.05
-3.11712e-03,-1.03,-0.99
-3.11704e-03,-1.01,-1.05
-3.11696e-03,-1.03,-0.99
-3.11688e-03,-0.99,-1.07
-3.11680e-03,-0.99,-0.99
-3.11672e-03,-1.01,-1.07
-3.11664e-03,-1.01,-0.99
-3.11656e-03,-1.01,-1.05
-3.11648e-03,-1.03,-0.99
-3.11640e-03,-1.01,-1.07
-3.11632e-03,-1.03,-0.99
-3.11624e-03,-1.03,-1.05
-3.11616e-03,-1.03,-0.99
-3.11608e-03,-1.03,-1.05
-3.11600e-03,-1.03,-0.99
-3.11592e-03,-1.03,-1.07
-3.11584e-03,-1.03,-0.99
-3.11576e-03,-1.01,-1.07
-3.11568e-03,-1.03,-1.01
-3.11560e-03,-1.01,-1.05
-3.11552e-03,-1.01,-0.99
-3.11544e-03,-1.03,-1.05
-3.11536e-03,-1.01,-1.01
-3.11528e-03,-1.03,-1.05
-3.11520e-03,-1.01,-0.99
-3.11512e-03,-1.03,-1.05
-3.11504e-03,-1.01,-0.99
-3.11496e-03,-1.01,-1.05
-3.11488e-03,-1.01,-1.01
-3.11480e-03,-1.01,-1.05
-3.11472e-03,-1.03,-0.99
-3.11464e-03,-1.01,-1.05
-3.11456e-03,-1.03,-0.99
-3.11448e-03,-1.01,-1.05
-3.11440e-03,-1.03,-0.99
-3.11432e-03,-0.99,-1.05
-3.11424e-03,-1.03,-1.01
-3.11416e-03,-1.01,-1.05
-3.11408e-03,-1.01,-0.99
-3.11400e-03,-1.01,-1.05
-3.11392e-03,-1.01,-0.99
-3.11384e-03,-1.01,-1.05
-3.11376e-03,-1.01,-1.01
-3.11368e-03,-1.03,-1.05
-3.11360e-03,-1.01,-0.99
-3.11352e-03,-1.03,-1.05
-3.11344e-03,-1.03,-1.01
-3.11336e-03,-1.01,-1.05
-3.11328e-03,-1.01,-0.99
-3.11320e-03,-1.01,-1.05
-3.11312e-03,-1.03,-1.01
-3.11304e-03,-1.01,-1.05
-3.11296e-03,-1.03,-1.01
-3.11288e-03,-1.03,-1.05
-3.11280e-03,-1.03,-0.99
-3.11272e-03,-1.01,-1.05
-3.11264e-03,-1.01,-0.99
-3.11256e-03,-1.01,-1.05
-3.11248e-03,-1.01,-1.01
-3.11240e-03,-1.03,-1.05
-3.11232e-03,-1.03,-0.99
-3.11224e-03,-1.03,-1.05
-3.11216e-03,-1.03,-1.01
-3.11208e-03,-1.03,-1.05
-3.11200e-03,-1.03,-1.01
-3.11192e-03,-1.01,-1.05
-3.11184e-03,-1.03,-1.01
-3.11176e-03,-1.01,-1.05
-3.11168e-03,-1.05,-1.01
-3.11160e-03,-1.03,-1.05
-3.11152e-03,-1.03,-1.01
-3.11144e-03,-1.03,-1.05
-3.11136e-03,-1.01,-1.01
-3.11128e-03,-1.01,-1.05
-3.11120e-03,-1.03,-1.01
-3.11112e-03,-1.03,-1.05
-3.11104e-03,-1.01,-1.01
-3.11096e-03,-1.01,-1.05
-3.11088e-03,-1.03,-1.01
-3.11080e-03,-1.01,-1.05
-3.11072e-03,-1.03,-0.99
-3.11064e-03,-1.03,-1.05
-3.11056e-03,-1.03,-1.01
-3.11048e-03,-1.01,-1.05
-3.11040e-03,-1.03,-1.01
-3.11032e-03,-1.03,-1.05
-3.11024e-03,-1.03,-0.99
-3.11016e-03,-1.01,-1.05
-3.11008e-03,-1.01,-1.01
-3.11000e-03,-1.03,-1.05
-3.10992e-03,-1.03,-1.01
-3.10984e-03,-1.03,-1.05
-3.10976e-03,-1.01,-0.99
-3.10968e-03,-1.03,-1.07
-3.10960e-03,-1.01,-1.01
-3.10952e-03,-1.01,-1.07
-3.10944e-03,-1.01,-1.01
-3.10936e-03,-1.03,-1.05
-3.10928e-03,-1.05,-1.01
-3.10920e-03,-1.05,-1.05
-3.10912e-03,-1.03,-0.99
-3.10904e-03,-1.03,-1.07
-3.10896e-03,-1.01,-0.99
-3.10888e-03,-1.03,-1.07
-3.10880e-03,-1.03,-0.99
-3.10872e-03,-1.03,-1.07
-3.10864e-03,-1.03,-0.99
-3.10856e-03,-1.03,-1.05
-3.10848e-03,-1.03,-1.01
-3.10840e-03,-1.05,-1.05
-3.10832e-03,-1.03,-1.01
-3.10824e-03,-1.03,-1.07
-3.10816e-03,-1.01,-0.99
-3.10808e-03,-1.03,-1.05
-3.10800e-03,-1.03,-1.01
-3.10792e-03,-1.03,-1.05
-3.10784e-03,-1.01,-0.99
-3.10776e-03,-1.03,-1.05
-3.10768e-03,-1.03,-1.01
-3.10760e-03,-1.03,-1.05
-3.10752e-03,-1.03,-1.01
-3.10744e-03,-1.03,-1.05
-3.10736e-03,-1.03,-0.99
-3.10728e-03,-1.03,-1.05
-3.10720e-03,-1.03,-1.01
-3.10712e-03,-1.05,-1.05
-3.10704e-03,-1.01,-1.01
-3.10696e-03,-1.01,-1.07
-3.10688e-03,-0.99,-0.99
-3.10680e-03,-1.03,-1.07
-3.10672e-03,-1.05,-0.99
-3.10664e-03,-1.03,-1.05
-3.10656e-03,-1.03,-0.99
-3.10648e-03,-1.03,-1.05
-3.10640e-03,-1.03,-1.01
-3.10632e-03,-1.01,-1.07
-3.10624e-03,-1.03,-1.01
-3.10616e-03,-1.03,-1.05
-3.10608e-03,-1.03,-1.01
-3.10600e-03,-1.03,-1.05
-3.10592e-03,-1.03,-1.01
-3.10584e-03,-1.03,-1.05
-3.10576e-03,-1.01,-1.01
-3.10568e-03,-1.01,-1.07
-3.10560e-03,-1.03,-1.01
-3.10552e-03,-1.01,-1.05
-3.10544e-03,-1.03,-1.01
-3.10536e-03,-1.03,-1.05
-3.10528e-03,-1.03,-1.01
-3.10520e-03,-1.03,-1.05
-3.10512e-03,-1.01,-0.99
-3.10504e-03,-1.03,-1.07
-3.10496e-03,-1.03,-0.99
-3.10488e-03,-1.03,-1.05
-3.10480e-03,-1.03,-1.01
-3.10472e-03,-1.03,-1.05
-3.10464e-03,-1.01,-1.01
-3.10456e-03,-1.05,-1.05
-3.10448e-03,-1.01,-1.01
-3.10440e-03,-1.03,-1.05
-3.10432e-03,-1.01,-0.99
-3.10424e-03,-1.03,-1.05
-3.10416e-03,-1.03,-1.01
-3.10408e-03,-1.01,-1.05
-3.10400e-03,-1.03,-0.99
-3.10392e-03,-1.03,-1.05
-3.10384e-03,-1.03,-1.01
-3.10376e-03,-1.03,-1.05
-3.10368e-03,-1.03,-0.99
-3.10360e-03,-1.01,-1.05
-3.10352e-03,-1.01,-0.99
-3.10344e-03,-1.01,-1.05
-3.10336e-03,-1.03,-0.99
-3.10328e-03,-1.03,-1.05
-3.10320e-03,-1.01,-0.99
-3.10312e-03,-1.03,-1.07
-3.10304e-03,-1.01,-0.99
-3.10296e-03,-1.03,-1.05
-3.10288e-03,-1.03,-1.01
-3.10280e-03,-1.03,-1.07
-3.10272e-03,-1.03,-0.99
-3.10264e-03,-1.01,-1.05
-3.10256e-03,-1.03,-0.99
-3.10248e-03,-1.03,-1.07
-3.10240e-03,-1.03,-1.01
-3.10232e-03,-1.01,-1.07
-3.10224e-03,-1.03,-1.01
-3.10216e-03,-1.03,-1.07
-3.10208e-03,-1.01,-1.01
-3.10200e-03,-1.03,-1.07
-3.10192e-03,-1.03,-1.01
-3.10184e-03,-1.03,-1.07
-3.10176e-03,-1.03,-1.01
-3.10168e-03,-1.03,-1.05
-3.10160e-03,-1.03,-1.01
-3.10152e-03,-1.03,-1.05
-3.10144e-03,-1.03,-1.01
-3.10136e-03,-1.01,-1.05
-3.10128e-03,-1.05,-0.99
-3.10120e-03,-0.99,-1.05
-3.10112e-03,-1.05,-1.01
-3.10104e-03,-1.01,-1.05
-3.10096e-03,-1.03,-0.99
-3.10088e-03,-1.03,-1.07
-3.10080e-03,-1.01,-0.99
-3.10072e-03,-1.05,-1.07
-3.10064e-03,-1.01,-0.99
-3.10056e-03,-1.05,-1.07
-3.10048e-03,-1.01,-0.99
-3.10040e-03,-1.05,-1.07
-3.10032e-03,-1.03,-1.01
-3.10024e-03,-1.01,-1.05
-3.10016e-03,-1.03,-1.01
-3.10008e-03,-1.01,-1.05
-3.10000e-03,-1.03,-1.01
-3.09992e-03,-1.01,-1.05
-3.09984e-03,-1.03,-1.01
-3.09976e-03,-1.01,-1.05
-3.09968e-03,-1.01,-0.99
-3.09960e-03,-1.01,-1.05
-3.09952e-03,-1.01,-0.99
-3.09944e-03,-1.03,-1.05
-3.09936e-03,-1.01,-1.01
-3.09928e-03,-1.03,-1.05
-3.09920e-03,-1.03,-0.99
-3.09912e-03,-1.03,-1.05
-3.09904e-03,-1.03,-0.99
-3.09896e-03,-1.03,-1.05
-3.09888e-03,-1.03,-1.01
-3.09880e-03,-1.03,-1.05
-3.09872e-03,-1.01,-1.01
-3.09864e-03,-1.01,-1.05
-3.09856e-03,-1.05,-1.01
-3.09848e-03,-1.03,-1.05
-3.09840e-03,-1.03,-0.99
-3.09832e-03,-1.03,-1.05
-3.09824e-03,-1.01,-1.01
-3.09816e-03,-1.03,-1.05
-3.09808e-03,-1.01,-0.99
-3.09800e-03,-1.03,-1.05
-3.09792e-03,-1.01,-1.01
-3.09784e-03,-1.03,-1.05
-3.09776e-03,-1.03,-0.99
-3.09768e-03,-1.03,-1.05
-3.09760e-03,-1.01,-1.01
-3.09752e-03,-1.03,-1.05
-3.09744e-03,-1.01,-0.99
-3.09736e-03,-1.03,-1.05
-3.09728e-03,-1.03,-0.99
-3.09720e-03,-1.01,-1.05
-3.09712e-03,-1.03,-0.99
-3.09704e-03,-1.01,-1.05
-3.09696e-03,-1.01,-0.99
-3.09688e-03,-1.01,-1.05
-3.09680e-03,-1.03,-0.99
-3.09672e-03,-1.03,-1.05
-3.09664e-03,-1.01,-0.99
-3.09656e-03,-1.03,-1.05
-3.09648e-03,-1.03,-1.01
-3.09640e-03,-1.03,-1.05
-3.09632e-03,-1.03,-1.01
-3.09624e-03,-1.03,-1.07
-3.09616e-03,-1.03,-0.99
-3.09608e-03,-1.03,-1.05
-3.09600e-03,-1.03,-1.01
-3.09592e-03,-1.03,-1.05
-3.09584e-03,-1.05,-0.99
-3.09576e-03,-1.01,-1.05
-3.09568e-03,-1.03,-1.01
-3.09560e-03,-1.03,-1.07
-3.09552e-03,-1.03,-1.01
-3.09544e-03,-1.03,-1.05
-3.09536e-03,-1.03,-1.01
-3.09528e-03,-1.03,-1.05
-3.09520e-03,-1.01,-0.99
-3.09512e-03,-1.03,-1.05
-3.09504e-03,-1.03,-1.01
-3.09496e-03,-1.01,-1.05
-3.09488e-03,-1.01,-1.01
-3.09480e-03,-1.03,-1.05
-3.09472e-03,-1.03,-1.01
-3.09464e-03,-1.01,-1.05
-3.09456e-03,-1.05,-0.99
-3.09448e-03,-1.03,-1.05
-3.09440e-03,-1.03,-1.01
-3.09432e-03,-1.03,-1.05
-3.09424e-03,-1.03,-1.01
-3.09416e-03,-1.01,-1.05
-3.09408e-03,-1.03,-1.01
-3.09400e-03,-1.01,-1.05
-3.09392e-03,-1.01,-1.01
-3.09384e-03,-1.01,-1.05
-3.09376e-03,-1.01,-0.99
-3.09368e-03,-1.03,-1.05
-3.09360e-03,-1.03,-1.01
-3.09352e-03,-1.03,-1.05
-3.09344e-03,-1.03,-0.99
-3.09336e-03,-1.03,-1.05
-3.09328e-03,-1.05,-1.01
-3.09320e-03,-1.03,-1.07
-3.09312e-03,-1.03,-0.99
-3.09304e-03,-0.99,-1.05
-3.09296e-03,-1.01,-0.97
-3.09288e-03,-1.01,-1.07
-3.09280e-03,-1.01,-0.99
-3.09272e-03,-1.03,-1.05
-3.09264e-03,-0.99,-1.01
-3.09256e-03,-1.03,-1.05
-3.09248e-03,-1.01,-0.99
-3.09240e-03,-1.05,-1.05
-3.09232e-03,-1.01,-0.99
-3.09224e-03,-1.03,-1.05
-3.09216e-03,-1.01,-0.99
-3.09208e-03,-1.03,-1.05
-3.09200e-03,-1.03,-0.99
-3.09192e-03,-1.01,-1.05
-3.09184e-03,-1.03,-1.01
-3.09176e-03,-1.01,-1.05
-3.09168e-03,-1.03,-1.01
-3.09160e-03,-1.01,-1.05
-3.09152e-03,-1.01,-0.99
-3.09144e-03,-1.03,-1.05
-3.09136e-03,-1.03,-0.99
-3.09128e-03,-1.01,-1.05
-3.09120e-03,-1.01,-0.99
-3.09112e-03,-1.03,-1.05
-3.09104e-03,-0.99,-0.99
-3.09096e-03,-1.03,-1.05
-3.09088e-03,-1.01,-0.99
-3.09080e-03,-1.03,-1.05
-3.09072e-03,-1.03,-1.01
-3.09064e-03,-1.01,-1.05
-3.09056e-03,-1.03,-0.99
-3.09048e-03,-1.01,-1.05
-3.09040e-03,-1.01,-1.01
-3.09032e-03,-1.01,-1.05
-3.09024e-03,-1.03,-0.99
-3.09016e-03,-1.01,-1.05
-3.09008e-03,-1.01,-0.99
-3.09000e-03,-1.03,-1.05
-3.08992e-03,-1.01,-0.99
-3.08984e-03,-1.03,-1.05
-3.08976e-03,-1.01,-0.99
-3.08968e-03,-1.03,-1.05
-3.08960e-03,-1.01,-0.99
-3.08952e-03,-1.03,-1.05
-3.08944e-03,-1.01,-1.01
-3.08936e-03,-1.01,-1.05
-3.08928e-03,-1.03,-0.99
-3.08920e-03,-1.01,-1.05
-3.08912e-03,-1.03,-0.99
-3.08904e-03,-1.01,-1.05
-3.08896e-03,-1.01,-0.99
-3.08888e-03,-1.01,-1.05
-3.08880e-03,-1.03,-0.99
-3.08872e-03,-1.03,-1.05
-3.08864e-03,-1.03,-0.99
-3.08856e-03,-1.03,-1.05
-3.08848e-03,-1.01,-1.01
-3.08840e-03,-1.03,-1.05
-3.08832e-03,-1.01,-1.01
-3.08824e-03,-1.03,-1.05
-3.08816e-03,-1.03,-1.01
-3.08808e-03,-1.01,-1.07
-3.08800e-03,-1.01,-1.01
-3.08792e-03,-1.01,-1.05
-3.08784e-03,-1.01,-0.99
-3.08776e-03,-1.03,-1.05
-3.08768e-03,-1.03,-0.99
-3.08760e-03,-1.01,-1.05
-3.08752e-03,-1.03,-1.01
-3.08744e-03,-1.05,-1.05
-3.08736e-03,-1.03,-0.99
-3.08728e-03,-1.03,-1.05
-3.08720e-03,-1.01,-0.99
-3.08712e-03,-1.03,-1.07
-3.08704e-03,-0.99,-0.99
-3.08696e-03,-1.03,-1.07
-3.08688e-03,-1.03,-0.99
-3.08680e-03,-1.01,-1.05
-3.08672e-03,-1.03,-0.99
-3.08664e-03,-1.01,-1.05
-3.08656e-03,-1.03,-1.01
-3.08648e-03,-1.01,-1.05
-3.08640e-03,-1.03,-0.99
-3.08632e-03,-1.01,-1.07
-3.08624e-03,-1.03,-1.01
-3.08616e-03,-1.01,-1.05
-3.08608e-03,-1.01,-1.01
-3.08600e-03,-1.03,-1.05
-3.08592e-03,-1.01,-0.99
-3.08584e-03,-1.03,-1.05
-3.08576e-03,-1.01,-1.01
-3.08568e-03,-1.03,-1.05
-3.08560e-03,-1.01,-1.01
-3.08552e-03,-1.03,-1.05
-3.08544e-03,-1.01,-1.01
-3.08536e-03,-1.01,-1.05
-3.08528e-03,-1.03,-1.01
-3.08520e-03,-1.03,-1.05
-3.08512e-03,-1.01,-0.99
-3.08504e-03,-0.99,-1.07
-3.08496e-03,-1.01,-0.99
-3.08488e-03,-0.99,-1.07
-3.08480e-03,-1.03,-0.99
-3.08472e-03,-1.01,-1.07
-3.08464e-03,-1.01,-0.99
-3.08456e-03,-1.01,-1.05
-3.08448e-03,-1.01,-0.99
-3.08440e-03,-1.03,-1.05
-3.08432e-03,-1.01,-0.99
-3.08424e-03,-1.03,-1.05
-3.08416e-03,-1.01,-0.99
-3.08408e-03,-1.03,-1.05
-3.08400e-03,-1.03,-0.99
-3.08392e-03,-0.99,-1.05
-3.08384e-03,-1.03,-0.99
-3.08376e-03,-1.01,-1.07
-3.08368e-03,-1.01,-0.99
-3.08360e-03,-1.01,-1.05
-3.08352e-03,-1.03,-0.99
-3.08344e-03,-1.03,-1.05
-3.08336e-03,-1.01,-0.99
-3.08328e-03,-1.01,-1.05
-3.08320e-03,-1.01,-0.99
-3.08312e-03,-1.01,-1.05
-3.08304e-03,-1.01,-0.99
-3.08296e-03,-1.01,-1.05
-3.08288e-03,-1.01,-0.99
-3.08280e-03,-1.01,-1.05
-3.08272e-03,-1.03,-0.99
-3.08264e-03,-1.01,-1.05
-3.08256e-03,-1.05,-0.99
-3.08248e-03,-1.01,-1.05
-3.08240e-03,-1.03,-0.99
-3.08232e-03,-1.01,-1.05
-3.08224e-03,-1.03,-0.99
-3.08216e-03,-1.03,-1.05
-3.08208e-03,-0.99,-0.99
-3.08200e-03,-1.01,-1.05
-3.08192e-03,-1.01,-0.99
-3.08184e-03,-1.03,-1.05
-3.08176e-03,-1.03,-0.99
-3.08168e-03,-1.05,-1.05
-3.08160e-03,-1.01,-0.99
-3.08152e-03,-1.01,-1.05
-3.08144e-03,-1.03,-0.99
-3.08136e-03,-1.01,-1.05
-3.08128e-03,-1.01,-0.99
-3.08120e-03,-0.99,-1.05
-3.08112e-03,-1.01,-0.99
-3.08104e-03,-1.01,-1.05
-3.08096e-03,-1.01,-0.99
-3.08088e-03,-0.99,-1.05
-3.08080e-03,-1.01,-0.99
-3.08072e-03,-1.03,-1.07
-3.08064e-03,-1.01,-0.97
-3.08056e-03,-1.01,-1.05
-3.08048e-03,-1.01,-0.97
-3.08040e-03,-1.01,-1.05
-3.08032e-03,-1.01,-0.99
-3.08024e-03,-1.01,-1.05
-3.08016e-03,-1.01,-0.99
-3.08008e-03,-1.01,-1.05
-3.08000e-03,-1.01,-0.99
-3.07992e-03,-1.01,-1.05
-3.07984e-03,-1.03,-0.99
-3.07976e-03,-1.01,-1.05
-3.07968e-03,-1.03,-0.99
-3.07960e-03,-1.01,-1.05
-3.07952e-03,-1.03,-0.99
-3.07944e-03,-1.01,-1.05
-3.07936e-03,-1.01,-0.99
-3.07928e-03,-1.01,-1.03
-3.07920e-03,-1.01,-0.99
-3.07912e-03,-1.01,-1.05
-3.07904e-03,-0.99,-0.99
-3.07896e-03,-1.01,-1.05
-3.07888e-03,-1.01,-0.99
-3.07880e-03,-0.99,-1.03
-3.07872e-03,-1.01,-0.99
-3.07864e-03,-1.01,-1.05
-3.07856e-03,-1.03,-0.99
-3.07848e-03,-0.99,-1.05
-3.07840e-03,-1.03,-0.99
-3.07832e-03,-1.01,-1.05
-3.07824e-03,-1.03,-0.99
-3.07816e-03,-1.01,-1.05
-3.07808e-03,-1.01,-0.99
-3.07800e-03,-1.03,-1.03
-3.07792e-03,-1.03,-0.99
-3.07784e-03,-1.01,-1.05
-3.07776e-03,-1.01,-0.99
-3.07768e-03,-1.03,-1.05
-3.07760e-03,-0.99,-0.99
-3.07752e-03,-0.97,-1.09
-3.07744e-03,-0.99,-0.85
-3.07736e-03,-0.95,-1.03
-3.07728e-03,-0.93,-0.97
-3.07720e-03,-0.95,-1.01
-3.07712e-03,-0.93,-0.91
-3.07704e-03,-0.95,-0.99
-3.07696e-03,-0.97,-0.91
-3.07688e-03,-0.99,-1.01
-3.07680e-03,-1.01,-0.93
-3.07672e-03,-1.01,-1.03
-3.07664e-03,-1.05,-0.97
-3.07656e-03,-1.03,-1.05
-3.07648e-03,-1.03,-1.01
-3.07640e-03,-1.03,-1.07
-3.07632e-03,-1.01,-1.01
-3.07624e-03,-1.01,-1.05
-3.07616e-03,-1.01,-1.01
-3.07608e-03,-1.01,-1.05
-3.07600e-03,-1.01,-0.99
-3.07592e-03,-1.01,-1.03
-3.07584e-03,-1.01,-0.99
-3.07576e-03,-1.01,-1.03
-3.07568e-03,-1.01,-0.99
-3.07560e-03,-1.01,-1.03
-3.07552e-03,-1.01,-0.99
-3.07544e-03,-1.01,-1.03
-3.07536e-03,-1.01,-0.99
-3.07528e-03,-1.01,-1.05
-3.07520e-03,-1.01,-0.99
-3.07512e-03,-1.01,-1.03
-3.07504e-03,-1.01,-0.99
-3.07496e-03,-0.99,-1.03
-3.07488e-03,-0.99,-0.99
-3.07480e-03,-0.99,-1.03
-3.07472e-03,-1.01,-0.99
-3.07464e-03,-0.99,-1.03
-3.07456e-03,-1.01,-0.97
-3.07448e-03,-1.01,-1.03
-3.07440e-03,-0.97,-0.99
-3.07432e-03,-1.01,-1.03
-3.07424e-03,-1.01,-0.97
-3.07416e-03,-1.01,-1.03
-3.07408e-03,-1.01,-0.99
-3.07400e-03,-0.99,-1.03
-3.07392e-03,-1.01,-0.99
-3.07384e-03,-1.01,-1.03
-3.07376e-03,-1.01,-0.99
-3.07368e-03,-1.01,-1.03
-3.07360e-03,-1.01,-0.99
-3.07352e-03,-1.01,-1.03
-3.07344e-03,-1.01,-0.99
-3.07336e-03,-1.01,-1.03
-3.07328e-03,-1.03,-0.99
-3.07320e-03,-1.01,-1.03
-3.07312e-03,-1.01,-0.99
-3.07304e-03,-1.01,-1.03
-3.07296e-03,-1.01,-0.99
-3.07288e-03,-1.01,-1.05
-3.07280e-03,-1.01,-0.99
-3.07272e-03,-1.01,-1.05
-3.07264e-03,-1.01,-0.99
-3.07256e-03,-1.01,-1.03
-3.07248e-03,-0.99,-0.99
-3.07240e-03,-1.03,-1.03
-3.07232e-03,-1.03,-0.99
-3.07224e-03,-1.01,-1.03
-3.07216e-03,-1.01,-0.99
-3.07208e-03,-1.01,-1.05
-3.07200e-03,-1.01,-0.99
-3.07192e-03,-0.99,-1.03
-3.07184e-03,-1.01,-0.99
-3.07176e-03,-1.01,-1.03
-3.07168e-03,-1.01,-0.99
-3.07160e-03,-1.01,-1.03
-3.07152e-03,-1.01,-0.99
-3.07144e-03,-1.01,-1.05
-3.07136e-03,-1.01,-0.99
-3.07128e-03,-1.01,-1.05
-3.07120e-03,-0.99,-0.99
-3.07112e-03,-0.99,-1.03
-3.07104e-03,-1.03,-0.99
-3.07096e-03,-1.03,-1.05
-3.07088e-03,-1.21,-0.99
-3.07080e-03,-1.03,-1.21
-3.07072e-03,-1.05,-0.93
-3.07064e-03,-1.07,-1.21
-3.07056e-03,-1.09,-0.99
-3.07048e-03,-1.07,-1.11
-3.07040e-03,-1.05,-1.01
-3.07032e-03,-1.07,-1.11
-3.07024e-03,-1.05,-1.05
-3.07016e-03,-1.03,-1.09
-3.07008e-03,-1.01,-1.03
-3.07000e-03,-0.99,-1.07
-3.06992e-03,-0.99,-0.99
-3.06984e-03,-0.99,-1.03
-3.06976e-03,-0.99,-0.99
-3.06968e-03,-1.01,-1.03
-3.06960e-03,-0.99,-0.97
-3.06952e-03,-1.01,-1.05
-3.06944e-03,-1.01,-0.97
-3.06936e-03,-1.03,-1.03
-3.06928e-03,-1.05,-0.99
-3.06920e-03,-1.01,-1.07
-3.06912e-03,-1.03,-0.97
-3.06904e-03,-0.99,-1.05
-3.06896e-03,-1.01,-0.97
-3.06888e-03,-1.01,-1.05
-3.06880e-03,-0.97,-0.99
-3.06872e-03,-0.99,-1.05
-3.06864e-03,-0.99,-0.97
-3.06856e-03,-1.01,-1.05
-3.06848e-03,-1.01,-0.99
-3.06840e-03,-1.01,-1.03
-3.06832e-03,-1.01,-0.99
-3.06824e-03,-1.01,-1.05
-3.06816e-03,-1.01,-0.99
-3.06808e-03,-1.01,-1.05
-3.06800e-03,-1.03,-0.99
-3.06792e-03,-1.01,-1.03
-3.06784e-03,-1.01,-0.99
-3.06776e-03,-0.99,-1.05
-3.06768e-03,-1.01,-0.99
-3.06760e-03,-1.01,-1.05
-3.06752e-03,-1.03,-0.99
-3.06744e-03,-1.03,-1.05
-3.06736e-03,-1.01,-0.99
-3.06728e-03,-1.01,-1.05
-3.06720e-03,-1.01,-0.99
-3.06712e-03,-1.01,-1.05
-3.06704e-03,-0.99,-0.99
-3.06696e-03,-1.01,-1.05
-3.06688e-03,-1.03,-0.99
-3.06680e-03,-1.01,-1.03
-3.06672e-03,-1.01,-0.99
-3.06664e-03,-1.03,-1.05
-3.06656e-03,-1.01,-0.99
-3.06648e-03,-1.03,-1.05
-3.06640e-03,-1.03,-0.99
-3.06632e-03,-1.03,-1.05
-3.06624e-03,-1.03,-0.99
-3.06616e-03,-1.03,-1.05
-3.06608e-03,-1.03,-1.01
-3.06600e-03,-1.01,-1.05
-3.06592e-03,-1.01,-0.99
-3.06584e-03,-1.01,-1.05
-3.06576e-03,-1.01,-0.99
-3.06568e-03,-1.03,-1.05
-3.06560e-03,-1.01,-0.99
-3.06552e-03,-1.01,-1.05
-3.06544e-03,-1.01,-0.99
-3.06536e-03,-1.01,-1.05
-3.06528e-03,-1.01,-0.99
-3.06520e-03,-1.01,-1.05
-3.06512e-03,-1.01,-0.99
-3.06504e-03,-1.01,-1.05
-3.06496e-03,-1.03,-0.97
-3.06488e-03,-1.01,-1.05
-3.06480e-03,-1.01,-0.99
-3.06472e-03,-1.01,-1.05
-3.06464e-03,-1.01,-0.99
-3.06456e-03,-1.03,-1.05
-3.06448e-03,-1.01,-0.99
-3.06440e-03,-1.01,-1.05
-3.06432e-03,-1.01,-0.99
-3.06424e-03,-1.01,-1.05
-3.06416e-03,-0.99,-0.99
-3.06408e-03,-0.99,-1.05
-3.06400e-03,-0.99,-0.99
-3.06392e-03,-1.01,-1.05
-3.06384e-03,-1.01,-0.99
-3.06376e-03,-1.01,-1.05
-3.06368e-03,-1.01,-0.99
-3.06360e-03,-1.01,-1.05
-3.06352e-03,-1.03,-0.99
-3.06344e-03,-1.01,-1.05
-3.06336e-03,-1.01,-0.99
-3.06328e-03,-1.01,-1.05
-3.06320e-03,-0.99,-0.99
-3.06312e-03,-1.03,-1.05
-3.06304e-03,-1.01,-0.99
-3.06296e-03,-1.01,-1.05
-3.06288e-03,-1.03,-0.99
-3.06280e-03,-1.01,-1.05
-3.06272e-03,-1.01,-0.99
-3.06264e-03,-1.01,-1.05
-3.06256e-03,-1.01,-1.01
-3.06248e-03,-1.01,-1.05
-3.06240e-03,-1.01,-0.99
-3.06232e-03,-1.01,-1.05
-3.06224e-03,-1.01,-0.99
-3.06216e-03,-1.01,-1.05
-3.06208e-03,-1.01,-0.99
-3.06200e-03,-1.03,-1.05
-3.06192e-03,-0.99,-0.99
-3.06184e-03,-1.03,-1.05
-3.06176e-03,-1.01,-0.99
-3.06168e-03,-1.01,-1.05
-3.06160e-03,-1.01,-0.99
-3.06152e-03,-1.01,-1.05
-3.06144e-03,-0.99,-0.99
-3.06136e-03,-1.03,-1.07
-3.06128e-03,-1.01,-0.99
-3.06120e-03,-1.03,-1.05
-3.06112e-03,-1.01,-0.99
-3.06104e-03,-1.03,-1.05
-3.06096e-03,-1.01,-0.99
-3.06088e-03,-1.01,-1.05
-3.06080e-03,-1.01,-0.99
-3.06072e-03,-1.03,-1.05
-3.06064e-03,-1.01,-0.97
-3.06056e-03,-1.03,-1.05
-3.06048e-03,-1.03,-0.99
-3.06040e-03,-1.01,-1.05
-3.06032e-03,-1.01,-0.99
-3.06024e-03,-1.01,-1.05
-3.06016e-03,-1.01,-0.99
-3.06008e-03,-1.03,-1.05
-3.06000e-03,-1.01,-0.99
-3.05992e-03,-1.03,-1.05
-3.05984e-03,-1.03,-1.01
-3.05976e-03,-1.01,-1.05
-3.05968e-03,-1.03,-0.99
-3.05960e-03,-1.01,-1.05
-3.05952e-03,-1.03,-0.99
-3.05944e-03,-1.03,-1.05
-3.05936e-03,-1.01,-0.99
-3.05928e-03,-1.03,-1.05
-3.05920e-03,-1.03,-0.99
-3.05912e-03,-1.03,-1.05
-3.05904e-03,-1.01,-1.01
-3.05896e-03,-1.03,-1.05
-3.05888e-03,-1.01,-1.01
-3.05880e-03,-1.03,-1.05
-3.05872e-03,-1.03,-1.01
-3.05864e-03,-1.01,-1.05
-3.05856e-03,-1.03,-0.99
-3.05848e-03,-1.03,-1.05
-3.05840e-03,-1.03,-0.99
-3.05832e-03,-1.01,-1.05
-3.05824e-03,-1.01,-0.99
-3.05816e-03,-1.03,-1.05
-3.05808e-03,-1.01,-1.01
-3.05800e-03,-1.03,-1.05
-3.05792e-03,-0.99,-1.01
-3.05784e-03,-1.03,-1.05
-3.05776e-03,-1.01,-0.99
-3.05768e-03,-1.03,-1.05
-3.05760e-03,-1.01,-0.99
-3.05752e-03,-1.03,-1.05
-3.05744e-03,-1.01,-0.99
-3.05736e-03,-1.03,-1.05
-3.05728e-03,-1.03,-0.99
-3.05720e-03,-1.03,-1.05
-3.05712e-03,-1.03,-0.99
-3.05704e-03,-1.01,-1.05
-3.05696e-03,-1.01,-0.99
-3.05688e-03,-1.03,-1.05
-3.05680e-03,-1.01,-0.99
-3.05672e-03,-1.01,-1.05
-3.05664e-03,-1.01,-0.99
-3.05656e-03,-1.03,-1.05
-3.05648e-03,-1.03,-0.99
-3.05640e-03,-1.01,-1.05
-3.05632e-03,-1.01,-0.99
-3.05624e-03,-1.03,-1.05
-3.05616e-03,-1.01,-0.99
-3.05608e-03,-1.01,-1.05
-3.05600e-03,-1.03,-0.99
-3.05592e-03,-1.01,-1.05
-3.05584e-03,-1.03,-0.99
-3.05576e-03,-1.01,-1.05
-3.05568e-03,-1.03,-0.99
-3.05560e-03,-1.01,-1.05
-3.05552e-03,-1.01,-0.99
-3.05544e-03,-1.01,-1.05
-3.05536e-03,-1.01,-0.99
-3.05528e-03,-0.99,-1.05
-3.05520e-03,-1.01,-0.99
-3.05512e-03,-1.03,-1.05
-3.05504e-03,-1.01,-0.99
-3.05496e-03,-1.03,-1.05
-3.05488e-03,-1.01,-0.99
-3.05480e-03,-1.01,-1.05
-3.05472e-03,-1.01,-0.99
-3.05464e-03,-1.01,-1.07
-3.05456e-03,-1.03,-0.99
-3.05448e-03,-0.99,-1.07
-3.05440e-03,-1.03,-0.99
-3.05432e-03,-1.03,-1.05
-3.05424e-03,-1.01,-0.99
-3.05416e-03,-1.01,-1.05
-3.05408e-03,-1.03,-0.99
-3.05400e-03,-1.03,-1.05
-3.05392e-03,-0.99,-0.99
-3.05384e-03,-1.01,-1.05
-3.05376e-03,-1.01,-0.99
-3.05368e-03,-1.01,-1.05
-3.05360e-03,-1.01,-0.99
-3.05352e-03,-1.01,-1.05
-3.05344e-03,-1.01,-0.99
-3.05336e-03,-0.99,-1.05
-3.05328e-03,-1.01,-0.99
-3.05320e-03,-1.03,-1.07
-3.05312e-03,-1.05,-0.99
-3.05304e-03,-1.03,-1.07
-3.05296e-03,-1.03,-0.99
-3.05288e-03,-1.03,-1.05
-3.05280e-03,-1.03,-0.99
-3.05272e-03,-1.03,-1.07
-3.05264e-03,-1.01,-0.99
-3.05256e-03,-1.01,-1.07
-3.05248e-03,-1.01,-0.99
-3.05240e-03,-1.03,-1.07
-3.05232e-03,-1.01,-0.99
-3.05224e-03,-1.01,-1.07
-3.05216e-03,-1.01,-1.01
-3.05208e-03,-1.01,-1.05
-3.05200e-03,-1.03,-0.99
-3.05192e-03,-1.03,-1.05
-3.05184e-03,-1.03,-1.01
-3.05176e-03,-1.03,-1.05
-3.05168e-03,-1.01,-1.01
-3.05160e-03,-1.03,-1.05
-3.05152e-03,-1.01,-1.01
-3.05144e-03,-1.01,-1.05
-3.05136e-03,-1.03,-0.99
-3.05128e-03,-1.01,-1.05
-3.05120e-03,-1.01,-0.99
-3.05112e-03,-1.03,-1.05
-3.05104e-03,-1.01,-0.99
-3.05096e-03,-1.03,-1.05
-3.05088e-03,-0.99,-0.99
-3.05080e-03,-1.03,-1.05
-3.05072e-03,-1.01,-0.99
-3.05064e-03,-1.03,-1.05
-3.05056e-03,-1.03,-0.99
-3.05048e-03,-1.01,-1.05
-3.05040e-03,-1.01,-0.99
-3.05032e-03,-1.03,-1.05
-3.05024e-03,-1.03,-1.01
-3.05016e-03,-1.03,-1.07
-3.05008e-03,-1.01,-1.01
-3.05000e-03,-1.03,-1.05
-3.04992e-03,-1.03,-1.01
-3.04984e-03,-1.03,-1.05
-3.04976e-03,-1.01,-0.99
-3.04968e-03,-1.03,-1.05
-3.04960e-03,-1.03,-0.99
-3.04952e-03,-1.03,-1.07
-3.04944e-03,-1.01,-0.99
-3.04936e-03,-0.99,-1.05
-3.04928e-03,-1.01,-1.01
-3.04920e-03,-1.01,-1.05
-3.04912e-03,-1.01,-0.99
-3.04904e-03,-1.01,-1.05
-3.04896e-03,-1.01,-1.01
-3.04888e-03,-1.03,-1.05
-3.04880e-03,-1.03,-0.99
-3.04872e-03,-1.03,-1.05
-3.04864e-03,-1.01,-0.99
-3.04856e-03,-1.03,-1.05
-3.04848e-03,-1.01,-0.99
-3.04840e-03,-1.05,-1.05
-3.04832e-03,-1.01,-0.99
-3.04824e-03,-1.03,-1.05
-3.04816e-03,-1.01,-0.99
-3.04808e-03,-1.01,-1.05
-3.04800e-03,-1.05,-0.99
-3.04792e-03,-1.01,-1.05
-3.04784e-03,-1.03,-1.01
-3.04776e-03,-1.01,-1.05
-3.04768e-03,-1.03,-0.99
-3.04760e-03,-1.01,-1.05
-3.04752e-03,-1.03,-1.01
-3.04744e-03,-1.01,-1.05
-3.04736e-03,-1.03,-0.99
-3.04728e-03,-1.03,-1.05
-3.04720e-03,-1.03,-1.01
-3.04712e-03,-1.03,-1.05
-3.04704e-03,-1.01,-1.01
-3.04696e-03,-1.03,-1.05
-3.04688e-03,-1.03,-1.01
-3.04680e-03,-1.01,-1.05
-3.04672e-03,-1.01,-0.99
-3.04664e-03,-1.01,-1.05
-3.04656e-03,-1.03,-0.99
-3.04648e-03,-1.03,-1.05
-3.04640e-03,-1.01,-0.99
-3.04632e-03,-1.03,-1.05
-3.04624e-03,-1.03,-0.99
-3.04616e-03,-1.01,-1.05
-3.04608e-03,-1.03,-0.99
-3.04600e-03,-1.01,-1.05
-3.04592e-03,-1.03,-0.99
-3.04584e-03,-1.01,-1.05
-3.04576e-03,-1.01,-1.01
-3.04568e-03,-1.03,-1.05
-3.04560e-03,-1.05,-1.01
-3.04552e-03,-1.03,-1.07
-3.04544e-03,-1.03,-0.99
-3.04536e-03,-1.03,-1.07
-3.04528e-03,-1.01,-0.99
-3.04520e-03,-1.03,-1.07
-3.04512e-03,-1.01,-0.97
-3.04504e-03,-1.01,-1.05
-3.04496e-03,-1.01,-0.99
-3.04488e-03,-1.01,-1.05
-3.04480e-03,-1.01,-0.99
-3.04472e-03,-1.01,-1.05
-3.04464e-03,-1.03,-0.99
-3.04456e-03,-1.03,-1.05
-3.04448e-03,-1.01,-0.99
-3.04440e-03,-1.03,-1.05
-3.04432e-03,-1.01,-1.01
-3.04424e-03,-1.03,-1.05
-3.04416e-03,-1.03,-0.99
-3.04408e-03,-1.01,-1.05
-3.04400e-03,-1.03,-0.99
-3.04392e-03,-1.03,-1.05
-3.04384e-03,-1.03,-0.99
-3.04376e-03,-1.03,-1.05
-3.04368e-03,-1.03,-0.99
-3.04360e-03,-1.01,-1.05
-3.04352e-03,-1.03,-1.01
-3.04344e-03,-1.01,-1.05
-3.04336e-03,-1.01,-1.01
-3.04328e-03,-1.03,-1.05
-3.04320e-03,-1.01,-1.01
-3.04312e-03,-1.03,-1.05
-3.04304e-03,-1.01,-0.99
-3.04296e-03,-1.03,-1.05
-3.04288e-03,-1.03,-0.99
-3.04280e-03,-1.03,-1.05
-3.04272e-03,-1.01,-0.99
-3.04264e-03,-1.03,-1.05
-3.04256e-03,-1.03,-1.01
-3.04248e-03,-1.01,-1.05
-3.04240e-03,-1.03,-0.99
-3.04232e-03,-1.03,-1.05
-3.04224e-03,-1.03,-1.01
-3.04216e-03,-1.01,-1.05
-3.04208e-03,-1.03,-0.99
-3.04200e-03,-1.05,-1.07
-3.04192e-03,-1.01,-1.01
-3.04184e-03,-1.01,-1.05
-3.04176e-03,-1.01,-1.01
-3.04168e-03,-1.03,-1.05
-3.04160e-03,-1.01,-0.99
-3.04152e-03,-0.99,-1.05
-3.04144e-03,-1.03,-0.99
-3.04136e-03,-1.01,-1.09
-3.04128e-03,-0.99,-0.97
-3.04120e-03,-0.99,-1.05
-3.04112e-03,-0.99,-0.99
-3.04104e-03,-0.93,-1.03
-3.04096e-03,-0.93,-0.95
-3.04088e-03,-0.91,-0.99
-3.04080e-03,-0.81,-0.91
-3.04072e-03,-0.55,-0.95
-3.04064e-03,-0.15,-0.81
-3.04056e-03,0.03,-0.83
-3.04048e-03,0.01,-0.15
-3.04040e-03,0.01,-0.15
-3.04032e-03,0.01,0.07
-3.04024e-03,0.01,-0.05
-3.04016e-03,0.01,0.03
-3.04008e-03,0.01,-0.05
-3.04000e-03,0.01,0.03
-3.03992e-03,0.03,-0.03
-3.03984e-03,0.01,0.03
-3.03976e-03,0.01,-0.03
-3.03968e-03,0.01,0.03
-3.03960e-03,0.01,-0.03
-3.03952e-03,0.01,0.03
-3.03944e-03,-0.01,-0.03
-3.03936e-03,0.03,0.03
-3.03928e-03,0.01,-0.03
-3.03920e-03,0.01,0.03
-3.03912e-03,0.01,-0.03
-3.03904e-03,0.03,0.03
-3.03896e-03,0.03,-0.03
-3.03888e-03,0.01,0.03
-3.03880e-03,0.01,-0.03
-3.03872e-03,0.01,0.03
-3.03864e-03,0.03,-0.03
-3.03856e-03,0.01,0.03
-3.03848e-03,0.01,-0.03
-3.03840e-03,0.01,0.03
-3.03832e-03,0.03,-0.03
-3.03824e-03,0.01,0.05
-3.03816e-03,0.01,-0.03
-3.03808e-03,0.01,0.03
-3.03800e-03,0.01,-0.03
-3.03792e-03,0.03,0.03
-3.03784e-03,0.01,-0.03
-3.03776e-03,-0.01,0.03
-3.03768e-03,0.01,-0.03
-3.03760e-03,0.05,0.03
-3.03752e-03,0.01,-0.05
-3.03744e-03,-0.01,0.05
-3.03736e-03,0.01,-0.05
-3.03728e-03,-0.01,0.05
-3.03720e-03,0.03,-0.05
-3.03712e-03,0.01,0.05
-3.03704e-03,0.01,-0.03
-3.03696e-03,0.01,0.05
-3.03688e-03,0.01,-0.03
-3.03680e-03,0.01,0.03
-3.03672e-03,-0.01,-0.03
-3.03664e-03,0.03,0.05
-3.03656e-03,0.01,-0.03
-3.03648e-03,0.01,0.05
-3.03640e-03,0.03,-0.03
-3.03632e-03,0.03,0.03
-3.03624e-03,0.01,-0.03
-3.03616e-03,0.03,0.05
-3.03608e-03,0.03,-0.03
-3.03600e-03,0.03,0.03
-3.03592e-03,0.03,-0.03
-3.03584e-03,0.01,0.05
-3.03576e-03,0.01,-0.03
-3.03568e-03,0.01,0.03
-3.03560e-03,0.01,-0.01
-3.03552e-03,0.01,0.03
-3.03544e-03,0.01,-0.03
-3.03536e-03,0.03,0.03
-3.03528e-03,0.01,-0.03
-3.03520e-03,0.03,0.03
-3.03512e-03,0.03,-0.03
-3.03504e-03,0.01,0.05
-3.03496e-03,0.03,-0.01
-3.03488e-03,0.03,0.05
-3.03480e-03,0.01,-0.03
-3.03472e-03,0.01,0.05
-3.03464e-03,0.03,-0.03
-3.03456e-03,0.03,0.03
-3.03448e-03,0.03,-0.03
-3.03440e-03,0.01,0.05
-3.03432e-03,0.01,-0.03
-3.03424e-03,0.03,0.05
-3.03416e-03,0.01,-0.03
-3.03408e-03,0.03,0.03
-3.03400e-03,0.03,-0.03
-3.03392e-03,0.01,0.05
-3.03384e-03,0.01,-0.03
-3.03376e-03,0.03,0.05
-3.03368e-03,0.01,-0.03
-3.03360e-03,0.03,0.03
-3.03352e-03,0.03,-0.01
-3.03344e-03,0.03,0.05
-3.03336e-03,0.03,-0.01
-3.03328e-03,0.01,0.03
-3.03320e-03,0.03,-0.03
-3.03312e-03,0.03,0.05
-3.03304e-03,0.03,-0.01
-3.03296e-03,0.03,0.05
-3.03288e-03,0.03,-0.01
-3.03280e-03,0.03,0.05
-3.03272e-03,0.01,-0.03
-3.03264e-03,0.01,0.05
-3.03256e-03,0.01,-0.01
-3.03248e-03,0.03,0.05
-3.03240e-03,0.03,-0.01
-3.03232e-03,0.03,0.03
-3.03224e-03,0.03,-0.03
-3.03216e-03,0.01,0.05
-3.03208e-03,0.01,-0.03
-3.03200e-03,0.01,0.05
-3.03192e-03,0.03,-0.03
-3.03184e-03,0.01,0.05
-3.03176e-03,0.03,-0.03
-3.03168e-03,0.03,0.05
-3.03160e-03,0.05,-0.01
-3.03152e-03,0.03,0.05
-3.03144e-03,0.01,-0.01
-3.03136e-03,0.03,0.05
-3.03128e-03,0.01,-0.03
-3.03120e-03,0.01,0.05
-3.03112e-03,0.03,-0.03
-3.03104e-03,0.01,0.05
-3.03096e-03,0.01,-0.03
-3.03088e-03,-0.01,0.05
-3.03080e-03,0.01,-0.03
-3.03072e-03,0.01,0.05
-3.03064e-03,0.03,-0.01
-3.03056e-03,0.03,0.05
-3.03048e-03,0.03,-0.03
-3.03040e-03,0.03,0.05
-3.03032e-03,0.03,-0.03
-3.03024e-03,0.03,0.05
-3.03016e-03,0.03,-0.03
-3.03008e-03,0.01,0.05
-3.03000e-03,0.03,-0.03
-3.02992e-03,0.05,0.05
-3.02984e-03,0.01,-0.03
-3.02976e-03,0.01,0.05
-3.02968e-03,-0.01,-0.03
-3.02960e-03,0.01,0.05
-3.02952e-03,0.01,-0.03
-3.02944e-03,0.05,0.05
-3.02936e-03,0.01,-0.03
-3.02928e-03,0.03,0.05
-3.02920e-03,0.03,-0.03
-3.02912e-03,0.03,0.05
-3.02904e-03,0.01,-0.01
-3.02896e-03,0.05,0.05
-3.02888e-03,0.03,-0.03
-3.02880e-03,0.03,0.07
-3.02872e-03,0.03,-0.03
-3.02864e-03,0.05,0.05
-3.02856e-03,0.03,-0.05
-3.02848e-03,0.03,0.07
-3.02840e-03,0.01,-0.05
-3.02832e-03,0.03,0.05
-3.02824e-03,0.01,-0.03
-3.02816e-03,0.03,0.05
-3.02808e-03,0.03,-0.03
-3.02800e-03,0.03,0.05
-3.02792e-03,0.03,-0.01
-3.02784e-03,0.01,0.05
-3.02776e-03,0.03,-0.03
-3.02768e-03,0.03,0.05
-3.02760e-03,0.01,-0.03
-3.02752e-03,0.05,0.05
-3.02744e-03,0.01,-0.11
-3.02736e-03,0.03,0.05
-3.02728e-03,0.01,-0.05
-3.02720e-03,0.03,0.07
-3.02712e-03,0.01,-0.01
-3.02704e-03,0.03,0.05
-3.02696e-03,0.03,-0.01
-3.02688e-03,0.03,0.05
-3.02680e-03,0.03,-0.01
-3.02672e-03,0.03,0.05
-3.02664e-03,0.03,-0.01
-3.02656e-03,0.03,0.05
-3.02648e-03,0.03,-0.01
-3.02640e-03,0.03,0.05
-3.02632e-03,0.03,-0.01
-3.02624e-03,0.03,0.05
-3.02616e-03,0.03,-0.01
-3.02608e-03,0.03,0.05
-3.02600e-03,0.01,-0.01
-3.02592e-03,0.03,0.05
-3.02584e-03,0.03,-0.01
-3.02576e-03,0.03,0.05
-3.02568e-03,0.03,-0.01
-3.02560e-03,0.03,0.05
-3.02552e-03,0.03,-0.01
-3.02544e-03,0.03,0.05
-3.02536e-03,0.03,-0.03
-3.02528e-03,0.01,0.05
-3.02520e-03,0.03,-0.01
-3.02512e-03,0.03,0.05
-3.02504e-03,0.03,-0.03
-3.02496e-03,0.01,0.05
-3.02488e-03,0.03,-0.03
-3.02480e-03,0.03,0.05
-3.02472e-03,0.01,-0.03
-3.02464e-03,0.03,0.05
-3.02456e-03,0.03,-0.03
-3.02448e-03,0.03,0.03
-3.02440e-03,0.01,-0.01
-3.02432e-03,0.03,0.05
-3.02424e-03,0.03,-0.03
-3.02416e-03,0.01,0.05
-3.02408e-03,0.05,-0.03
-3.02400e-03,0.03,0.05
-3.02392e-03,0.03,-0.03
-3.02384e-03,0.01,0.05
-3.02376e-03,0.01,-0.03
-3.02368e-03,0.03,0.05
-3.02360e-03,0.03,-0.01
-3.02352e-03,0.03,0.05
-3.02344e-03,0.01,-0.01
-3.02336e-03,0.03,0.05
-3.02328e-03,0.01,-0.01
-3.02320e-03,0.03,0.03
-3.02312e-03,0.03,-0.01
-3.02304e-03,0.05,0.05
-3.02296e-03,0.03,-0.03
-3.02288e-03,0.03,0.05
-3.02280e-03,0.03,-0.03
-3.02272e-03,0.01,0.05
-3.02264e-03,0.03,-0.01
-3.02256e-03,0.03,0.03
-3.02248e-03,0.03,-0.01
-3.02240e-03,0.01,0.05
-3.02232e-03,0.01,-0.01
-3.02224e-03,0.03,0.03
-3.02216e-03,0.01,-0.03
-3.02208e-03,0.03,0.05
-3.02200e-03,0.01,-0.01
-3.02192e-03,0.03,0.05
-3.02184e-03,0.01,-0.03
-3.02176e-03,0.03,0.05
-3.02168e-03,0.03,-0.03
-3.02160e-03,0.01,0.05
-3.02152e-03,0.01,-0.03
-3.02144e-03,0.01,0.05
-3.02136e-03,0.03,-0.03
-3.02128e-03,0.03,0.05
-3.02120e-03,0.03,-0.03
-3.02112e-03,0.01,0.05
-3.02104e-03,0.01,-0.01
-3.02096e-03,0.03,0.05
-3.02088e-03,0.03,-0.03
-3.02080e-03,-0.05,0.05
-3.02072e-03,0.03,-0.15
-3.02064e-03,0.03,0.11
-3.02056e-03,-0.01,-0.07
-3.02048e-03,0.03,0.05
-3.02040e-03,-0.01,-0.03
-3.02032e-03,0.03,0.05
-3.02024e-03,0.01,-0.03
-3.02016e-03,0.01,0.05
-3.02008e-03,0.01,-0.03
-3.02000e-03,0.03,0.03
-3.01992e-03,0.03,-0.03
-3.01984e-03,0.03,0.05
-3.01976e-03,0.01,-0.03
-3.01968e-03,0.01,0.03
-3.01960e-03,0.03,-0.03
-3.01952e-03,0.03,0.03
-3.01944e-03,0.01,-0.03
-3.01936e-03,0.03,0.05
-3.01928e-03,0.01,-0.03
-3.01920e-03,0.03,0.03
-3.01912e-03,0.01,-0.03
-3.01904e-03,0.03,0.05
-3.01896e-03,-0.01,-0.03
-3.01888e-03,0.03,0.05
-3.01880e-03,-0.01,-0.03
-3.01872e-03,0.03,0.05
-3.01864e-03,0.01,-0.03
-3.01856e-03,0.03,0.03
-3.01848e-03,0.03,-0.03
-3.01840e-03,0.01,0.03
-3.01832e-03,0.03,-0.01
-3.01824e-03,0.03,0.05
-3.01816e-03,0.03,-0.03
-3.01808e-03,0.01,0.05
-3.01800e-03,0.03,-0.03
-3.01792e-03,0.03,0.03
-3.01784e-03,0.01,-0.03
-3.01776e-03,0.01,0.03
-3.01768e-03,0.01,-0.01
-3.01760e-03,0.03,0.05
-3.01752e-03,0.03,-0.03
-3.01744e-03,0.03,0.05
-3.01736e-03,0.03,-0.03
-3.01728e-03,0.03,0.05
-3.01720e-03,0.03,-0.03
-3.01712e-03,0.01,0.05
-3.01704e-03,0.03,-0.01
-3.01696e-03,0.01,0.05
-3.01688e-03,0.03,-0.01
-3.01680e-03,0.01,0.05
-3.01672e-03,0.03,-0.03
-3.01664e-03,0.03,0.05
-3.01656e-03,0.01,-0.03
-3.01648e-03,0.03,0.05
-3.01640e-03,0.03,-0.03
-3.01632e-03,0.03,0.05
-3.01624e-03,0.01,-0.01
-3.01616e-03,0.01,0.05
-3.01608e-03,0.03,-0.03
-3.01600e-03,0.01,0.03
-3.01592e-03,0.03,-0.03
-3.01584e-03,0.03,0.05
-3.01576e-03,0.03,-0.03
-3.01568e-03,0.03,0.05
-3.01560e-03,0.03,-0.03
-3.01552e-03,0.03,0.05
-3.01544e-03,0.03,-0.03
-3.01536e-03,0.05,0.05
-3.01528e-03,0.03,-0.01
-3.01520e-03,0.03,0.05
-3.01512e-03,0.01,-0.01
-3.01504e-03,0.05,0.05
-3.01496e-03,0.01,-0.03
-3.01488e-03,0.03,0.05
-3.01480e-03,0.01,-0.03
-3.01472e-03,0.01,0.05
-3.01464e-03,0.03,-0.03
-3.01456e-03,0.01,0.05
-3.01448e-03,0.03,-0.03
-3.01440e-03,0.01,0.03
-3.01432e-03,0.03,-0.01
-3.01424e-03,0.03,0.03
-3.01416e-03,0.03,-0.01
-3.01408e-03,0.03,0.03
-3.01400e-03,0.05,-0.03
-3.01392e-03,0.03,0.05
-3.01384e-03,0.01,-0.03
-3.01376e-03,0.01,0.05
-3.01368e-03,-0.01,-0.03
-3.01360e-03,0.03,0.05
-3.01352e-03,0.01,-0.03
-3.01344e-03,0.03,0.05
-3.01336e-03,0.01,-0.03
-3.01328e-03,0.01,0.05
-3.01320e-03,0.03,-0.03
-3.01312e-03,0.01,0.05
-3.01304e-03,0.05,-0.03
-3.01296e-03,0.03,0.05
-3.01288e-03,0.03,-0.03
-3.01280e-03,0.05,0.05
-3.01272e-03,0.01,-0.01
-3.01264e-03,0.05,0.05
-3.01256e-03,0.03,-0.01
-3.01248e-03,0.07,0.05
-3.01240e-03,0.03,-0.03
-3.01232e-03,0.05,0.07
-3.01224e-03,0.01,-0.03
-3.01216e-03,0.03,0.05
-3.01208e-03,0.03,-0.03
-3.01200e-03,0.03,0.05
-3.01192e-03,0.05,-0.01
-3.01184e-03,0.03,0.05
-3.01176e-03,0.01,-0.01
-3.01168e-03,0.03,0.05
-3.01160e-03,0.05,-0.03
-3.01152e-03,0.03,0.05
-3.01144e-03,0.01,-0.01
-3.01136e-03,0.03,0.05
-3.01128e-03,0.03,-0.01
-3.01120e-03,0.05,0.05
-3.01112e-03,0.01,-0.01
-3.01104e-03,0.03,0.05
-3.01096e-03,0.03,-0.01
-3.01088e-03,0.03,0.05
-3.01080e-03,0.03,-0.01
-3.01072e-03,0.03,0.05
-3.01064e-03,0.03,-0.01
-3.01056e-03,0.01,0.05
-3.01048e-03,0.03,-0.01
-3.01040e-03,0.01,0.05
-3.01032e-03,0.05,-0.01
-3.01024e-03,0.03,0.05
-3.01016e-03,0.03,-0.01
-3.01008e-03,0.03,0.05
-3.01000e-03,0.03,-0.01
-3.00992e-03,0.03,0.05
-3.00984e-03,0.03,-0.01
-3.00976e-03,0.03,0.05
-3.00968e-03,0.03,-0.01
-3.00960e-03,0.05,0.05
-3.00952e-03,0.01,-0.01
-3.00944e-03,0.03,0.05
-3.00936e-03,0.03,-0.01
-3.00928e-03,0.03,0.05
-3.00920e-03,0.05,-0.01
-3.00912e-03,0.01,0.05
-3.00904e-03,0.03,-0.03
-3.00896e-03,0.03,0.05
-3.00888e-03,0.03,-0.01
-3.00880e-03,0.03,0.05
-3.00872e-03,0.03,-0.01
-3.00864e-03,0.03,0.05
-3.00856e-03,0.03,-0.01
-3.00848e-03,0.03,0.05
-3.00840e-03,0.03,-0.01
-3.00832e-03,0.05,0.07
-3.00824e-03,0.03,-0.03
-3.00816e-03,0.03,0.05
-3.00808e-03,0.03,-0.03
-3.00800e-03,0.03,0.05
-3.00792e-03,0.05,-0.03
-3.00784e-03,0.01,0.05
-3.00776e-03,0.05,-0.03
-3.00768e-03,0.01,0.05
-3.00760e-03,0.03,-0.01
-3.00752e-03,0.01,0.05
-3.00744e-03,0.03,-0.03
-3.00736e-03,0.03,0.05
-3.00728e-03,0.01,-0.03
-3.00720e-03,0.03,0.05
-3.00712e-03,0.03,-0.01
-3.00704e-03,0.05,0.05
-3.00696e-03,0.03,-0.01
-3.00688e-03,0.03,0.05
-3.00680e-03,0.03,-0.01
-3.00672e-03,0.03,0.05
-3.00664e-03,0.03,-0.03
-3.00656e-03,0.01,0.05
-3.00648e-03,0.03,-0.01
-3.00640e-03,0.01,0.05
-3.00632e-03,0.03,-0.01
-3.00624e-03,0.03,0.05
-3.00616e-03,0.03,-0.03
-3.00608e-03,0.03,0.05
-3.00600e-03,0.03,-0.03
-3.00592e-03,0.03,0.05
-3.00584e-03,0.05,-0.03
-3.00576e-03,0.01,0.07
-3.00568e-03,0.03,-0.03
-3.00560e-03,0.01,0.05
-3.00552e-03,0.01,-0.03
-3.00544e-03,0.03,0.05
-3.00536e-03,0.03,-0.01
-3.00528e-03,0.03,0.05
-3.00520e-03,0.03,-0.01
-3.00512e-03,0.03,0.07
-3.00504e-03,0.03,-0.01
-3.00496e-03,0.01,0.05
-3.00488e-03,0.03,-0.03
-3.00480e-03,0.03,0.05
-3.00472e-03,0.03,-0.01
-3.00464e-03,0.01,0.05
-3.00456e-03,0.01,-0.01
-3.00448e-03,0.03,0.05
-3.00440e-03,0.01,-0.01
-3.00432e-03,0.03,0.05
-3.00424e-03,0.03,-0.01
-3.00416e-03,0.03,0.07
-3.00408e-03,0.03,-0.03
-3.00400e-03,0.03,0.05
-3.00392e-03,0.03,-0.03
-3.00384e-03,0.03,0.05
-3.00376e-03,0.03,-0.01
-3.00368e-03,0.03,0.07
-3.00360e-03,0.03,-0.01
-3.00352e-03,0.05,0.05
-3.00344e-03,0.03,-0.01
-3.00336e-03,0.05,0.05
-3.00328e-03,0.03,-0.01
-3.00320e-03,0.03,0.05
-3.00312e-03,0.01,-0.03
-3.00304e-03,0.03,0.05
-3.00296e-03,0.03,-0.01
-3.00288e-03,0.03,0.07
-3.00280e-03,0.03,-0.03
-3.00272e-03,0.01,0.05
-3.00264e-03,0.03,-0.03
-3.00256e-03,0.03,0.07
-3.00248e-03,0.01,-0.03
-3.00240e-03,0.05,0.05
-3.00232e-03,0.05,-0.05
-3.00224e-03,0.03,0.07
-3.00216e-03,0.03,-0.03
-3.00208e-03,0.03,0.07
-3.00200e-03,0.03,-0.01
-3.00192e-03,0.03,0.05
-3.00184e-03,0.03,-0.01
-3.00176e-03,0.05,0.05
-3.00168e-03,0.01,-0.01
-3.00160e-03,0.03,0.05
-3.00152e-03,0.03,-0.01
-3.00144e-03,0.01,0.05
-3.00136e-03,0.03,-0.01
-3.00128e-03,0.01,0.05
-3.00120e-03,0.03,-0.01
-3.00112e-03,0.03,0.05
-3.00104e-03,0.05,-0.03
-3.00096e-03,0.01,0.05
-3.00088e-03,0.03,-0.01
-3.00080e-03,0.01,0.05
-3.00072e-03,0.03,-0.01
-3.00064e-03,0.05,0.05
-3.00056e-03,0.03,-0.01
-3.00048e-03,0.03,0.05
-3.00040e-03,0.01,-0.03
-3.00032e-03,0.03,0.05
-3.00024e-03,0.05,-0.01
-3.00016e-03,0.03,0.05
-3.00008e-03,0.03,-0.01
-3.00000e-03,0.03,0.05
-2.99992e-03,0.05,-0.01
-2.99984e-03,0.01,0.05
-2.99976e-03,0.03,-0.01
-2.99968e-03,0.03,0.05
-2.99960e-03,0.03,-0.01
-2.99952e-03,0.03,0.05
-2.99944e-03,0.03,-0.01
-2.99936e-03,0.03,0.05
-2.99928e-03,0.03,-0.01
-2.99920e-03,0.03,0.05
-2.99912e-03,0.01,-0.01
-2.99904e-03,0.05,0.05
-2.99896e-03,0.03,-0.01
-2.99888e-03,0.03,0.05
-2.99880e-03,0.03,-0.01
-2.99872e-03,0.03,0.05
-2.99864e-03,0.01,-0.03
-2.99856e-03,0.03,0.05
-2.99848e-03,0.03,-0.01
-2.99840e-03,0.03,0.05
-2.99832e-03,0.05,-0.03
-2.99824e-03,0.01,0.05
-2.99816e-03,0.03,-0.03
-2.99808e-03,0.03,0.05
-2.99800e-03,0.05,-0.03
-2.99792e-03,0.05,0.05
-2.99784e-03,0.01,-0.03
-2.99776e-03,0.03,0.05
-2.99768e-03,0.03,-0.03
-2.99760e-03,0.01,0.05
-2.99752e-03,0.05,-0.01
-2.99744e-03,0.03,0.05
-2.99736e-03,0.05,-0.01
-2.99728e-03,0.03,0.05
-2.99720e-03,0.03,-0.01
-2.99712e-03,0.03,0.07
-2.99704e-03,0.05,-0.01
-2.99696e-03,0.01,0.05
-2.99688e-03,0.03,-0.01
-2.99680e-03,0.03,0.05
-2.99672e-03,0.03,-0.01
-2.99664e-03,0.05,0.05
-2.99656e-03,0.05,-0.01
-2.99648e-03,0.05,0.05
-2.99640e-03,0.03,-0.03
-2.99632e-03,0.05,0.05
-2.99624e-03,0.03,-0.03
-2.99616e-03,0.03,0.05
-2.99608e-03,0.05,-0.01
-2.99600e-03,0.01,0.05
-2.99592e-03,0.05,-0.01
-2.99584e-03,0.03,0.07
-2.99576e-03,0.05,-0.03
-2.99568e-03,0.01,0.05
-2.99560e-03,0.05,-0.01
-2.99552e-03,0.03,0.05
-2.99544e-03,0.03,-0.01
-2.99536e-03,0.05,0.05
-2.99528e-03,0.03,-0.01
-2.99520e-03,0.03,0.05
-2.99512e-03,0.03,-0.01
-2.99504e-03,0.05,0.05
-2.99496e-03,0.03,-0.01
-2.99488e-03,0.03,0.05
-2.99480e-03,0.03,-0.01
-2.99472e-03,0.03,0.05
-2.99464e-03,0.03,-0.01
-2.99456e-03,0.03,0.05
-2.99448e-03,0.03,-0.01
-2.99440e-03,0.01,0.05
-2.99432e-03,0.01,-0.01
-2.99424e-03,0.03,0.05
-2.99416e-03,0.03,-0.01
-2.99408e-03,0.03,0.05
-2.99400e-03,0.03,-0.01
-2.99392e-03,0.05,0.05
-2.99384e-03,0.03,-0.03
-2.99376e-03,0.03,0.05
-2.99368e-03,0.01,-0.03
-2.99360e-03,0.03,0.05
-2.99352e-03,0.03,-0.01
-2.99344e-03,0.03,0.07
-2.99336e-03,0.05,-0.01
-2.99328e-03,0.03,0.05
-2.99320e-03,0.05,-0.01
-2.99312e-03,0.03,0.05
-2.99304e-03,0.03,-0.03
-2.99296e-03,0.01,0.05
-2.99288e-03,0.01,-0.03
-2.99280e-03,0.01,0.05
-2.99272e-03,0.01,-0.01
-2.99264e-03,0.03,0.05
-2.99256e-03,0.03,-0.01
-2.99248e-03,0.03,0.05
-2.99240e-03,0.01,-0.01
-2.99232e-03,0.03,0.05
-2.99224e-03,0.05,-0.01
-2.99216e-03,0.03,0.05
-2.99208e-03,0.03,-0.01
-2.99200e-03,0.03,0.05
-2.99192e-03,0.05,-0.01
-2.99184e-03,0.03,0.05
-2.99176e-03,0.03,-0.03
-2.99168e-03,0.01,0.05
-2.99160e-03,0.03,-0.01
-2.99152e-03,0.03,0.05
-2.99144e-03,0.03,-0.01
-2.99136e-03,0.01,0.07
-2.99128e-03,0.01,-0.03
-2.99120e-03,0.03,0.05
-2.99112e-03,0.01,-0.01
-2.99104e-03,0.03,0.05
-2.99096e-03,0.01,-0.01
-2.99088e-03,0.03,0.05
-2.99080e-03,0.03,-0.01
-2.99072e-03,0.03,0.05
-2.99064e-03,0.01,-0.03
-2.99056e-03,0.03,0.05
-2.99048e-03,0.03,-0.03
-2.99040e-03,0.01,0.05
-2.99032e-03,0.03,-0.01
-2.99024e-03,0.03,0.05
-2.99016e-03,0.03,-0.01
-2.99008e-03,0.01,0.05
-2.99000e-03,-0.01,-0.03
-2.98992e-03,0.03,0.07
-2.98984e-03,0.01,-0.03
-2.98976e-03,0.07,0.05
-2.98968e-03,0.01,-0.03
-2.98960e-03,0.03,0.07
-2.98952e-03,0.01,-0.03
-2.98944e-03,0.03,0.07
-2.98936e-03,0.03,-0.01
-2.98928e-03,0.03,0.05
-2.98920e-03,0.03,-0.01
-2.98912e-03,0.01,0.05
-2.98904e-03,0.03,-0.01
-2.98896e-03,0.03,0.05
-2.98888e-03,0.03,-0.01
-2.98880e-03,0.01,0.05
-2.98872e-03,0.01,-0.03
-2.98864e-03,0.03,0.05
-2.98856e-03,0.03,-0.01
-2.98848e-03,0.03,0.05
-2.98840e-03,0.01,-0.03
-2.98832e-03,0.03,0.05
-2.98824e-03,0.03,-0.01
-2.98816e-03,0.03,0.05
-2.98808e-03,0.03,-0.01
-2.98800e-03,0.03,0.05
-2.98792e-03,0.03,-0.03
-2.98784e-03,0.03,0.07
-2.98776e-03,0.01,-0.01
-2.98768e-03,0.03,0.05
-2.98760e-03,0.05,-0.01
-2.98752e-03,0.03,0.05
-2.98744e-03,0.03,-0.01
-2.98736e-03,0.03,0.05
-2.98728e-03,0.03,-0.01
-2.98720e-03,0.03,0.05
-2.98712e-03,0.01,-0.01
-2.98704e-03,0.05,0.05
-2.98696e-03,0.03,-0.01
-2.98688e-03,0.03,0.05
-2.98680e-03,0.03,-0.01
-2.98672e-03,0.03,0.05
-2.98664e-03,0.03,-0.01
-2.98656e-03,0.03,0.05
-2.98648e-03,0.03,-0.01
-2.98640e-03,0.03,0.05
-2.98632e-03,0.03,-0.03
-2.98624e-03,0.03,0.05
-2.98616e-03,0.03,-0.03
-2.98608e-03,0.05,0.05
-2.98600e-03,0.03,-0.01
-2.98592e-03,0.05,0.05
-2.98584e-03,0.01,-0.03
-2.98576e-03,0.05,0.05
-2.98568e-03,0.03,-0.01
-2.98560e-03,0.01,0.05
-2.98552e-03,0.03,-0.03
-2.98544e-03,0.03,0.05
-2.98536e-03,0.03,-0.01
-2.98528e-03,0.03,0.05
-2.98520e-03,0.05,-0.01
-2.98512e-03,0.01,0.05
-2.98504e-03,0.05,-0.01
-2.98496e-03,0.03,0.05
-2.98488e-03,0.03,-0.03
-2.98480e-03,0.03,0.05
-2.98472e-03,0.03,-0.01
-2.98464e-03,0.03,0.03
-2.98456e-03,0.03,-0.01
-2.98448e-03,0.05,0.05
-2.98440e-03,0.03,-0.03
-2.98432e-03,0.03,0.05
-2.98424e-03,0.03,-0.01
-2.98416e-03,0.03,0.05
-2.98408e-03,0.01,-0.01
-2.98400e-03,0.03,0.05
-2.98392e-03,0.03,-0.01
-2.98384e-03,0.03,0.05
-2.98376e-03,0.05,-0.03
-2.98368e-03,0.03,0.05
-2.98360e-03,0.05,-0.03
-2.98352e-03,0.03,0.05
-2.98344e-03,0.03,-0.01
-2.98336e-03,0.03,0.05
-2.98328e-03,0.03,-0.01
-2.98320e-03,0.03,0.05
-2.98312e-03,0.01,-0.03
-2.98304e-03,0.03,0.07
-2.98296e-03,0.01,-0.01
-2.98288e-03,0.03,0.07
-2.98280e-03,0.03,-0.03
-2.98272e-03,0.03,0.05
-2.98264e-03,0.03,-0.01
-2.98256e-03,0.01,0.05
-2.98248e-03,0.01,-0.01
-2.98240e-03,0.01,0.05
-2.98232e-03,0.01,-0.03
-2.98224e-03,0.01,0.05
-2.98216e-03,0.01,-0.03
-2.98208e-03,0.05,0.07
-2.98200e-03,0.03,-0.01
-2.98192e-03,0.03,0.07
-2.98184e-03,0.03,-0.03
-2.98176e-03,0.03,0.07
-2.98168e-03,0.05,-0.01
-2.98160e-03,0.03,0.05
-2.98152e-03,0.03,-0.01
-2.98144e-03,0.03,0.05
-2.98136e-03,0.01,-0.01
-2.98128e-03,0.01,0.05
-2.98120e-03,0.03,-0.01
-2.98112e-03,0.01,0.05
-2.98104e-03,0.05,-0.01
-2.98096e-03,0.01,0.05
-2.98088e-03,0.01,-0.01
-2.98080e-03,0.03,0.05
-2.98072e-03,0.03,-0.01
-2.98064e-03,0.03,0.05
-2.98056e-03,0.03,-0.01
-2.98048e-03,0.03,0.05
-2.98040e-03,0.01,-0.03
-2.98032e-03,0.03,0.05
-2.98024e-03,0.03,-0.03
-2.98016e-03,0.01,0.07
-2.98008e-03,0.03,-0.01
-2.98000e-03,0.03,0.05
-2.97992e-03,0.03,-0.01
-2.97984e-03,0.01,0.05
-2.97976e-03,0.03,-0.01
-2.97968e-03,0.01,0.05
-2.97960e-03,0.01,-0.01
-2.97952e-03,0.03,0.05
-2.97944e-03,0.01,-0.01
-2.97936e-03,0.03,0.05
-2.97928e-03,0.03,-0.01
-2.97920e-03,0.05,0.05
-2.97912e-03,0.03,-0.01
-2.97904e-03,0.05,0.05
-2.97896e-03,0.01,-0.01
-2.97888e-03,0.03,0.05
-2.97880e-03,0.03,-0.01
-2.97872e-03,0.05,0.05
-2.97864e-03,0.03,-0.01
-2.97856e-03,0.01,0.05
-2.97848e-03,0.03,-0.03
-2.97840e-03,0.01,0.07
-2.97832e-03,0.03,-0.01
-2.97824e-03,0.01,0.05
-2.97816e-03,0.03,-0.01
-2.97808e-03,0.03,0.07
-2.97800e-03,0.03,-0.01
-2.97792e-03,0.05,0.07
-2.97784e-03,0.03,-0.01
-2.97776e-03,0.03,0.05
-2.97768e-03,0.03,-0.01
-2.97760e-03,0.05,0.05
-2.97752e-03,-0.07,-0.01
-2.97744e-03,0.03,0.05
-2.97736e-03,0.03,-0.11
-2.97728e-03,0.03,0.07
-2.97720e-03,0.03,-0.03
-2.97712e-03,0.03,0.05
-2.97704e-03,0.03,-0.01
-2.97696e-03,0.03,0.05
-2.97688e-03,0.01,-0.01
-2.97680e-03,0.03,0.05
-2.97672e-03,0.03,-0.03
-2.97664e-03,0.03,0.05
-2.97656e-03,0.03,-0.03
-2.97648e-03,0.03,0.05
-2.97640e-03,0.03,-0.01
-2.97632e-03,0.01,0.05
-2.97624e-03,0.03,-0.05
-2.97616e-03,0.05,0.05
-2.97608e-03,0.03,-0.01
-2.97600e-03,0.03,0.07
-2.97592e-03,0.05,-0.01
-2.97584e-03,0.03,0.05
-2.97576e-03,0.03,-0.01
-2.97568e-03,0.03,0.05
-2.97560e-03,0.03,-0.01
-2.97552e-03,0.03,0.05
-2.97544e-03,0.03,-0.01
-2.97536e-03,0.03,0.05
-2.97528e-03,0.01,-0.01
-2.97520e-03,0.05,0.07
-2.97512e-03,0.01,-0.01
-2.97504e-03,0.03,0.05
-2.97496e-03,0.03,-0.01
-2.97488e-03,0.03,0.05
-2.97480e-03,0.03,-0.03
-2.97472e-03,0.03,0.05
-2.97464e-03,0.05,-0.01
-2.97456e-03,0.03,0.05
-2.97448e-03,0.03,-0.01
-2.97440e-03,0.01,0.05
-2.97432e-03,0.03,-0.01
-2.97424e-03,0.05,0.05
-2.97416e-03,0.03,-0.01
-2.97408e-03,0.03,0.05
-2.97400e-03,0.03,-0.03
-2.97392e-03,0.03,0.07
-2.97384e-03,0.03,-0.03
-2.97376e-03,0.03,0.05
-2.97368e-03,0.03,-0.03
-2.97360e-03,0.01,0.05
-2.97352e-03,0.05,-0.03
-2.97344e-03,0.03,0.05
-2.97336e-03,0.03,-0.01
-2.97328e-03,0.01,0.05
-2.97320e-03,0.03,-0.01
-2.97312e-03,0.03,0.05
-2.97304e-03,0.01,-0.01
-2.97296e-03,0.03,0.05
-2.97288e-03,0.03,-0.01
-2.97280e-03,0.03,0.05
-2.97272e-03,0.03,-0.01
-2.97264e-03,0.03,0.05
-2.97256e-03,0.01,-0.01
-2.97248e-03,0.03,0.05
-2.97240e-03,0.03,-0.03
-2.97232e-03,0.01,0.05
-2.97224e-03,0.01,-0.01
-2.97216e-03,0.03,0.05
-2.97208e-03,0.03,-0.01
-2.97200e-03,0.01,0.05
-2.97192e-03,0.03,-0.03
-2.97184e-03,0.05,0.05
-2.97176e-03,0.03,-0.01
-2.97168e-03,0.03,0.05
-2.97160e-03,0.03,-0.03
-2.97152e-03,0.05,0.05
-2.97144e-03,0.03,-0.01
-2.97136e-03,0.05,0.05
-2.97128e-03,0.01,-0.03
-2.97120e-03,0.03,0.05
-2.97112e-03,0.01,-0.01
-2.97104e-03,0.05,0.05
-2.97096e-03,0.03,-0.03
-2.97088e-03,0.03,0.05
-2.97080e-03,0.11,-0.03
-2.97072e-03,-0.01,0.05
-2.97064e-03,0.05,-0.03
-2.97056e-03,0.03,0.15
-2.97048e-03,0.03,-0.05
-2.97040e-03,0.03,0.09
-2.97032e-03,0.05,-0.01
-2.97024e-03,0.05,0.07
-2.97016e-03,0.03,-0.01
-2.97008e-03,0.05,0.05
-2.97000e-03,0.01,-0.01
-2.96992e-03,0.03,0.05
-2.96984e-03,0.03,-0.01
-2.96976e-03,0.05,0.05
-2.96968e-03,0.03,-0.03
-2.96960e-03,0.03,0.05
-2.96952e-03,0.03,-0.01
-2.96944e-03,0.03,0.05
-2.96936e-03,0.03,-0.03
-2.96928e-03,0.01,0.05
-2.96920e-03,0.05,-0.01
-2.96912e-03,0.01,0.05
-2.96904e-03,0.05,-0.03
-2.96896e-03,0.03,0.05
-2.96888e-03,0.05,-0.03
-2.96880e-03,0.03,0.05
-2.96872e-03,0.03,-0.03
-2.96864e-03,0.05,0.05
-2.96856e-03,0.03,-0.03
-2.96848e-03,0.03,0.05
-2.96840e-03,0.01,-0.01
-2.96832e-03,0.05,0.07
-2.96824e-03,0.05,-0.03
-2.96816e-03,0.03,0.05
-2.96808e-03,0.03,-0.01
-2.96800e-03,0.03,0.05
-2.96792e-03,0.03,-0.01
-2.96784e-03,0.03,0.05
-2.96776e-03,0.03,-0.01
-2.96768e-03,0.01,0.05
-2.96760e-03,0.03,-0.03
-2.96752e-03,0.01,0.05
-2.96744e-03,0.03,-0.01
-2.96736e-03,0.03,0.05
-2.96728e-03,0.03,-0.01
-2.96720e-03,0.05,0.05
-2.96712e-03,0.01,-0.01
-2.96704e-03,0.03,0.05
-2.96696e-03,0.01,-0.01
-2.96688e-03,0.03,0.05
-2.96680e-03,0.03,-0.01
-2.96672e-03,0.03,0.05
-2.96664e-03,0.01,-0.03
-2.96656e-03,0.01,0.05
-2.96648e-03,0.03,-0.01
-2.96640e-03,0.03,0.07
-2.96632e-03,0.05,-0.03
-2.96624e-03,0.01,0.05
-2.96616e-03,0.03,-0.03
-2.96608e-03,0.03,0.07
-2.96600e-03,0.03,-0.01
-2.96592e-03,0.03,0.05
-2.96584e-03,0.01,-0.01
-2.96576e-03,0.05,0.07
-2.96568e-03,0.01,-0.03
-2.96560e-03,0.05,0.05
-2.96552e-03,0.03,-0.03
-2.96544e-03,0.03,0.05
-2.96536e-03,0.03,-0.03
-2.96528e-03,0.01,0.07
-2.96520e-03,0.05,-0.03
-2.96512e-03,0.01,0.05
-2.96504e-03,0.05,-0.03
-2.96496e-03,0.01,0.05
-2.96488e-03,0.03,-0.03
-2.96480e-03,0.03,0.05
-2.96472e-03,0.03,-0.01
-2.96464e-03,0.03,0.07
-2.96456e-03,0.03,-0.01
-2.96448e-03,0.03,0.05
-2.96440e-03,0.01,-0.03
-2.96432e-03,0.05,0.05
-2.96424e-03,0.03,-0.01
-2.96416e-03,0.01,0.05
-2.96408e-03,0.03,-0.03
-2.96400e-03,0.03,0.05
-2.96392e-03,0.03,-0.01
-2.96384e-03,0.05,0.05
-2.96376e-03,0.05,-0.01
-2.96368e-03,0.03,0.07
-2.96360e-03,0.03,-0.01
-2.96352e-03,0.03,0.05
-2.96344e-03,0.01,-0.01
-2.96336e-03,0.05,0.07
-2.96328e-03,0.03,-0.01
-2.96320e-03,0.03,0.05
-2.96312e-03,0.03,-0.01
-2.96304e-03,0.03,0.05
-2.96296e-03,0.01,-0.01
-2.96288e-03,0.03,0.05
-2.96280e-03,0.05,-0.03
-2.96272e-03,0.03,0.05
-2.96264e-03,0.03,-0.01
-2.96256e-03,0.01,0.05
-2.96248e-03,0.03,-0.01
-2.96240e-03,0.03,0.05
-2.96232e-03,0.03,-0.03
-2.96224e-03,0.03,0.05
-2.96216e-03,0.03,-0.01
-2.96208e-03,0.03,0.05
-2.96200e-03,0.01,-0.03
-2.96192e-03,0.03,0.05
-2.96184e-03,0.01,-0.01
-2.96176e-03,0.03,0.05
-2.96168e-03,0.01,-0.03
-2.96160e-03,0.03,0.05
-2.96152e-03,0.03,-0.03
-2.96144e-03,0.03,0.05
-2.96136e-03,0.03,-0.01
-2.96128e-03,0.01,0.05
-2.96120e-03,0.03,-0.01
-2.96112e-03,0.03,0.05
-2.96104e-03,0.03,-0.01
-2.96096e-03,0.03,0.05
-2.96088e-03,0.03,-0.01
-2.96080e-03,0.01,0.05
-2.96072e-03,0.03,-0.03
-2.96064e-03,0.03,0.05
-2.96056e-03,0.03,-0.03
-2.96048e-03,0.05,0.05
-2.96040e-03,0.01,-0.01
-2.96032e-03,0.03,0.05
-2.96024e-03,0.03,-0.01
-2.96016e-03,0.03,0.05
-2.96008e-03,0.03,-0.01
-2.96000e-03,0.01,0.05
-2.95992e-03,0.03,-0.01
-2.95984e-03,0.01,0.05
-2.95976e-03,0.05,-0.03
-2.95968e-03,0.03,0.05
-2.95960e-03,0.03,-0.01
-2.95952e-03,0.03,0.05
-2.95944e-03,0.01,-0.01
-2.95936e-03,0.03,0.05
-2.95928e-03,0.03,-0.03
-2.95920e-03,0.03,0.05
-2.95912e-03,0.01,-0.01
-2.95904e-03,0.05,0.05
-2.95896e-03,0.03,-0.01
-2.95888e-03,0.03,0.05
-2.95880e-03,0.03,-0.01
-2.95872e-03,0.01,0.07
-2.95864e-03,0.05,-0.01
-2.95856e-03,0.03,0.05
-2.95848e-03,0.05,-0.03
-2.95840e-03,0.03,0.05
-2.95832e-03,0.03,-0.03
-2.95824e-03,0.01,0.07
-2.95816e-03,0.03,-0.01
-2.95808e-03,0.03,0.07
-2.95800e-03,0.03,-0.03
-2.95792e-03,0.05,0.07
-2.95784e-03,0.03,-0.01
-2.95776e-03,0.03,0.05
-2.95768e-03,0.01,-0.01
-2.95760e-03,0.03,0.07
-2.95752e-03,0.03,-0.03
-2.95744e-03,0.03,0.05
-2.95736e-03,0.05,-0.01
-2.95728e-03,0.03,0.07
-2.95720e-03,0.03,-0.01
-2.95712e-03,0.03,0.05
-2.95704e-03,0.05,-0.01
-2.95696e-03,0.03,0.05
-2.95688e-03,0.03,-0.01
-2.95680e-03,0.03,0.05
-2.95672e-03,0.01,-0.01
-2.95664e-03,0.05,0.05
-2.95656e-03,0.01,-0.01
-2.95648e-03,0.05,0.05
-2.95640e-03,0.03,-0.01
-2.95632e-03,0.03,0.05
-2.95624e-03,0.01,-0.01
-2.95616e-03,0.05,0.05
-2.95608e-03,0.03,-0.01
-2.95600e-03,0.03,0.05
-2.95592e-03,0.05,-0.01
-2.95584e-03,0.01,0.05
-2.95576e-03,0.05,-0.01
-2.95568e-03,0.03,0.07
-2.95560e-03,0.05,-0.01
-2.95552e-03,0.01,0.05
-2.95544e-03,0.05,-0.01
-2.95536e-03,0.03,0.05
-2.95528e-03,0.05,-0.03
-2.95520e-03,0.03,0.07
-2.95512e-03,0.01,-0.01
-2.95504e-03,0.05,0.07
-2.95496e-03,0.01,-0.03
-2.95488e-03,0.03,0.05
-2.95480e-03,0.03,-0.01
-2.95472e-03,0.03,0.07
-2.95464e-03,0.01,-0.01
-2.95456e-03,0.01,0.05
-2.95448e-03,0.03,-0.01
-2.95440e-03,0.01,0.05
-2.95432e-03,0.03,-0.01
-2.95424e-03,0.03,0.05
-2.95416e-03,0.05,-0.01
-2.95408e-03,0.03,0.05
-2.95400e-03,0.03,-0.01
-2.95392e-03,0.03,0.05
-2.95384e-03,0.03,-0.01
-2.95376e-03,0.05,0.05
-2.95368e-03,0.03,-0.01
-2.95360e-03,0.03,0.07
-2.95352e-03,0.01,-0.01
-2.95344e-03,0.01,0.07
-2.95336e-03,0.03,-0.01
-2.95328e-03,0.01,0.05
-2.95320e-03,0.03,-0.01
-2.95312e-03,0.03,0.07
-2.95304e-03,0.03,-0.01
-2.95296e-03,0.01,0.05
-2.95288e-03,0.05,-0.03
-2.95280e-03,0.05,0.05
-2.95272e-03,0.01,-0.01
-2.95264e-03,0.05,0.05
-2.95256e-03,0.01,-0.03
-2.95248e-03,0.05,0.05
-2.95240e-03,0.03,-0.01
-2.95232e-03,0.05,0.05
-2.95224e-03,0.03,-0.03
-2.95216e-03,0.03,0.05
-2.95208e-03,0.03,-0.01
-2.95200e-03,0.03,0.05
-2.95192e-03,0.05,-0.03
-2.95184e-03,0.03,0.05
-2.95176e-03,0.03,-0.01
-2.95168e-03,0.01,0.05
-2.95160e-03,0.03,-0.01
-2.95152e-03,0.03,0.05
-2.95144e-03,0.03,-0.01
-2.95136e-03,0.03,0.05
-2.95128e-03,0.03,-0.03
-2.95120e-03,0.03,0.05
-2.95112e-03,0.03,-0.03
-2.95104e-03,0.03,0.05
-2.95096e-03,0.03,-0.01
-2.95088e-03,0.03,0.05
-2.95080e-03,0.03,-0.03
-2.95072e-03,0.03,0.05
-2.95064e-03,0.05,-0.03
-2.95056e-03,0.03,0.07
-2.95048e-03,0.03,-0.03
-2.95040e-03,0.03,0.05
-2.95032e-03,0.03,-0.03
-2.95024e-03,0.03,0.07
-2.95016e-03,0.03,-0.03
-2.95008e-03,0.03,0.05
-2.95000e-03,0.03,-0.01
-2.94992e-03,0.03,0.05
-2.94984e-03,0.03,-0.03
-2.94976e-03,0.03,0.07
-2.94968e-03,0.03,-0.03
-2.94960e-03,0.05,0.05
-2.94952e-03,0.03,-0.03
-2.94944e-03,0.03,0.05
-2.94936e-03,0.03,-0.01
-2.94928e-03,0.03,0.05
-2.94920e-03,0.05,-0.01
-2.94912e-03,0.03,0.05
-2.94904e-03,0.03,-0.01
-2.94896e-03,0.05,0.05
-2.94888e-03,0.03,-0.03
-2.94880e-03,0.03,0.05
-2.94872e-03,0.03,-0.01
-2.94864e-03,0.03,0.07
-2.94856e-03,0.03,-0.01
-2.94848e-03,0.05,0.07
-2.94840e-03,0.03,-0.01
-2.94832e-03,0.03,0.05
-2.94824e-03,0.03,-0.01
-2.94816e-03,0.03,0.05
-2.94808e-03,0.05,-0.01
-2.94800e-03,0.03,0.07
-2.94792e-03,0.03,-0.01
-2.94784e-03,0.03,0.05
-2.94776e-03,0.03,-0.01
-2.94768e-03,0.03,0.07
-2.94760e-03,0.03,-0.01
-2.94752e-03,0.03,0.05
-2.94744e-03,0.03,-0.03
-2.94736e-03,0.03,0.05
-2.94728e-03,0.01,-0.01
-2.94720e-03,0.03,0.05
-2.94712e-03,0.03,-0.01
-2.94704e-03,0.05,0.05
-2.94696e-03,0.03,-0.01
-2.94688e-03,0.03,0.05
-2.94680e-03,0.01,-0.01
-2.94672e-03,0.03,0.05
-2.94664e-03,0.05,-0.01
-2.94656e-03,0.03,0.07
-2.94648e-03,0.03,-0.01
-2.94640e-03,0.03,0.05
-2.94632e-03,0.01,-0.01
-2.94624e-03,0.03,0.05
-2.94616e-03,0.03,-0.01
-2.94608e-03,0.03,0.05
-2.94600e-03,0.01,-0.01
-2.94592e-03,0.03,0.05
-2.94584e-03,0.01,-0.01
-2.94576e-03,0.03,0.05
-2.94568e-03,0.01,-0.01
-2.94560e-03,0.03,0.05
-2.94552e-03,0.01,-0.01
-2.94544e-03,0.03,0.05
-2.94536e-03,0.03,-0.01
-2.94528e-03,0.03,0.05
-2.94520e-03,0.03,-0.01
-2.94512e-03,0.03,0.05
-2.94504e-03,0.05,-0.01
-2.94496e-03,0.03,0.05
-2.94488e-03,0.01,-0.01
-2.94480e-03,0.03,0.07
-2.94472e-03,0.05,-0.03
-2.94464e-03,0.03,0.07
-2.94456e-03,0.01,-0.03
-2.94448e-03,0.05,0.05
-2.94440e-03,0.03,-0.01
-2.94432e-03,0.05,0.05
-2.94424e-03,0.03,-0.03
-2.94416e-03,0.03,0.05
-2.94408e-03,0.05,-0.03
-2.94400e-03,0.03,0.05
-2.94392e-03,0.03,-0.01
-2.94384e-03,0.01,0.05
-2.94376e-03,0.03,-0.03
-2.94368e-03,0.05,0.05
-2.94360e-03,0.03,-0.01
-2.94352e-03,0.03,0.05
-2.94344e-03,0.05,-0.03
-2.94336e-03,0.03,0.05
-2.94328e-03,0.01,-0.01
-2.94320e-03,0.03,0.07
-2.94312e-03,0.03,-0.01
-2.94304e-03,0.03,0.05
-2.94296e-03,0.03,-0.01
-2.94288e-03,0.03,0.05
-2.94280e-03,0.05,-0.01
-2.94272e-03,0.01,0.05
-2.94264e-03,0.03,-0.03
-2.94256e-03,-0.01,0.07
-2.94248e-03,0.03,-0.03
-2.94240e-03,0.03,0.07
-2.94232e-03,0.03,-0.03
-2.94224e-03,0.01,0.05
-2.94216e-03,0.03,-0.03
-2.94208e-03,0.03,0.05
-2.94200e-03,0.03,-0.03
-2.94192e-03,0.03,0.05
-2.94184e-03,0.01,-0.03
-2.94176e-03,0.03,0.05
-2.94168e-03,0.03,-0.03
-2.94160e-03,0.01,0.05
-2.94152e-03,0.03,-0.03
-2.94144e-03,0.01,0.05
-2.94136e-03,0.03,-0.03
-2.94128e-03,0.01,0.07
-2.94120e-03,0.03,-0.03
-2.94112e-03,0.03,0.05
-2.94104e-03,0.03,-0.03
-2.94096e-03,0.03,0.05
-2.94088e-03,0.05,-0.01
-2.94080e-03,0.03,0.05
-2.94072e-03,0.01,-0.01
-2.94064e-03,0.05,0.05
-2.94056e-03,0.03,-0.01
-2.94048e-03,0.03,0.05
-2.94040e-03,0.03,-0.01
-2.94032e-03,0.01,0.05
-2.94024e-03,0.03,-0.01
-2.94016e-03,0.03,0.05
-2.94008e-03,0.05,-0.01
-2.94000e-03,0.03,0.05
-2.93992e-03,0.03,-0.01
-2.93984e-03,0.01,0.05
-2.93976e-03,0.03,-0.01
-2.93968e-03,0.01,0.05
-2.93960e-03,0.03,-0.01
-2.93952e-03,0.03,0.05
-2.93944e-03,0.01,-0.03
-2.93936e-03,0.03,0.05
-2.93928e-03,0.01,-0.03
-2.93920e-03,0.03,0.05
-2.93912e-03,-0.01,-0.03
-2.93904e-03,0.03,0.05
-2.93896e-03,0.03,-0.03
-2.93888e-03,0.03,0.05
-2.93880e-03,0.03,-0.03
-2.93872e-03,0.03,0.05
-2.93864e-03,0.03,-0.03
-2.93856e-03,0.03,0.05
-2.93848e-03,0.03,-0.03
-2.93840e-03,0.01,0.05
-2.93832e-03,0.01,-0.01
-2.93824e-03,0.03,0.05
-2.93816e-03,0.01,-0.01
-2.93808e-03,0.03,0.05
-2.93800e-03,0.03,-0.01
-2.93792e-03,0.03,0.05
-2.93784e-03,0.03,-0.01
-2.93776e-03,0.03,0.05
-2.93768e-03,0.03,-0.01
-2.93760e-03,0.03,0.05
-2.93752e-03,0.03,-0.01
-2.93744e-03,0.03,0.05
-2.93736e-03,0.03,-0.03
-2.93728e-03,0.03,0.05
-2.93720e-03,0.03,-0.01
-2.93712e-03,0.01,0.05
-2.93704e-03,0.05,-0.01
-2.93696e-03,0.03,0.05
-2.93688e-03,0.03,-0.01
-2.93680e-03,0.03,0.05
-2.93672e-03,0.01,-0.01
-2.93664e-03,0.03,0.05
-2.93656e-03,0.03,-0.01
-2.93648e-03,0.03,0.05
-2.93640e-03,0.03,-0.01
-2.93632e-03,0.03,0.05
-2.93624e-03,0.01,-0.01
-2.93616e-03,0.03,0.05
-2.93608e-03,0.03,-0.01
-2.93600e-03,0.01,0.05
-2.93592e-03,0.03,-0.01
-2.93584e-03,0.01,0.05
-2.93576e-03,0.03,-0.03
-2.93568e-03,0.01,0.05
-2.93560e-03,0.03,-0.01
-2.93552e-03,0.03,0.05
-2.93544e-03,0.01,-0.01
-2.93536e-03,0.03,0.05
-2.93528e-03,0.03,-0.01
-2.93520e-03,0.03,0.05
-2.93512e-03,0.01,-0.01
-2.93504e-03,0.03,0.05
-2.93496e-03,0.05,-0.03
-2.93488e-03,0.07,0.07
-2.93480e-03,0.07,-0.03
-2.93472e-03,0.03,0.07
-2.93464e-03,0.03,-0.03
-2.93456e-03,0.01,0.07
-2.93448e-03,0.03,-0.03
-2.93440e-03,0.03,0.05
-2.93432e-03,0.03,-0.01
-2.93424e-03,0.05,0.05
-2.93416e-03,0.01,-0.03
-2.93408e-03,0.05,0.05
-2.93400e-03,0.01,-0.03
-2.93392e-03,0.05,0.07
-2.93384e-03,0.01,-0.01
-2.93376e-03,0.03,0.05
-2.93368e-03,0.03,-0.03
-2.93360e-03,0.03,0.05
-2.93352e-03,0.03,-0.03
-2.93344e-03,0.03,0.05
-2.93336e-03,0.03,-0.03
-2.93328e-03,0.01,0.05
-2.93320e-03,0.05,-0.03
-2.93312e-03,0.01,0.07
-2.93304e-03,0.03,-0.03
-2.93296e-03,0.03,0.05
-2.93288e-03,0.03,-0.03
-2.93280e-03,0.03,0.05
-2.93272e-03,0.03,-0.01
-2.93264e-03,0.01,0.05
-2.93256e-03,0.03,-0.01
-2.93248e-03,0.03,0.05
-2.93240e-03,0.03,-0.03
-2.93232e-03,0.05,0.05
-2.93224e-03,0.03,-0.03
-2.93216e-03,0.03,0.05
-2.93208e-03,0.05,-0.01
-2.93200e-03,0.01,0.05
-2.93192e-03,0.05,-0.01
-2.93184e-03,0.01,0.05
-2.93176e-03,0.05,-0.01
-2.93168e-03,0.03,0.05
-2.93160e-03,0.03,-0.01
-2.93152e-03,0.01,0.05
-2.93144e-03,0.03,-0.01
-2.93136e-03,0.03,0.05
-2.93128e-03,0.03,-0.03
-2.93120e-03,0.03,0.05
-2.93112e-03,0.03,-0.01
-2.93104e-03,0.05,0.05
-2.93096e-03,0.03,-0.01
-2.93088e-03,0.03,0.05
-2.93080e-03,0.03,-0.01
-2.93072e-03,0.03,0.05
-2.93064e-03,0.05,-0.01
-2.93056e-03,0.03,0.05
-2.93048e-03,0.05,-0.03
-2.93040e-03,0.01,0.07
-2.93032e-03,0.03,-0.03
-2.93024e-03,0.03,0.05
-2.93016e-03,0.03,-0.01
-2.93008e-03,0.03,0.07
-2.93000e-03,0.03,-0.01
-2.92992e-03,0.03,0.05
-2.92984e-03,0.03,-0.03
-2.92976e-03,0.03,0.05
-2.92968e-03,0.01,-0.01
-2.92960e-03,0.03,0.05
-2.92952e-03,0.03,-0.03
-2.92944e-03,0.03,0.07
-2.92936e-03,0.05,-0.01
-2.92928e-03,0.03,0.05
-2.92920e-03,0.05,-0.01
-2.92912e-03,0.03,0.05
-2.92904e-03,0.03,-0.01
-2.92896e-03,0.03,0.07
-2.92888e-03,0.03,-0.01
-2.92880e-03,0.03,0.05
-2.92872e-03,0.01,-0.03
-2.92864e-03,0.03,0.05
-2.92856e-03,0.03,-0.01
-2.92848e-03,0.03,0.05
-2.92840e-03,0.03,-0.01
-2.92832e-03,0.03,0.05
-2.92824e-03,0.03,-0.01
-2.92816e-03,0.01,0.05
-2.92808e-03,0.05,-0.01
-2.92800e-03,0.03,0.05
-2.92792e-03,0.03,-0.01
-2.92784e-03,0.01,0.05
-2.92776e-03,0.03,-0.01
-2.92768e-03,0.03,0.07
-2.92760e-03,0.03,-0.03
-2.92752e-03,0.03,0.05
-2.92744e-03,-0.01,-0.03
-2.92736e-03,0.03,0.05
-2.92728e-03,0.01,-0.09
-2.92720e-03,0.01,0.07
-2.92712e-03,0.01,-0.05
-2.92704e-03,0.03,0.07
-2.92696e-03,0.03,-0.01
-2.92688e-03,0.01,0.07
-2.92680e-03,0.03,-0.03
-2.92672e-03,0.01,0.05
-2.92664e-03,0.03,-0.01
-2.92656e-03,0.01,0.05
-2.92648e-03,0.01,-0.03
-2.92640e-03,0.03,0.05
-2.92632e-03,0.03,-0.03
-2.92624e-03,0.03,0.05
-2.92616e-03,0.03,-0.01
-2.92608e-03,0.03,0.05
-2.92600e-03,0.03,-0.01
-2.92592e-03,0.03,0.05
-2.92584e-03,0.01,-0.03
-2.92576e-03,0.03,0.05
-2.92568e-03,0.03,-0.01
-2.92560e-03,0.03,0.05
-2.92552e-03,0.03,-0.01
-2.92544e-03,0.01,0.05
-2.92536e-03,0.05,-0.01
-2.92528e-03,0.03,0.05
-2.92520e-03,0.03,-0.03
-2.92512e-03,0.03,0.05
-2.92504e-03,0.03,-0.01
-2.92496e-03,0.03,0.05
-2.92488e-03,0.03,-0.01
-2.92480e-03,0.05,0.05
-2.92472e-03,0.03,-0.03
-2.92464e-03,0.03,0.05
-2.92456e-03,0.01,-0.01
-2.92448e-03,0.03,0.05
-2.92440e-03,0.03,-0.01
-2.92432e-03,0.03,0.05
-2.92424e-03,0.03,-0.01
-2.92416e-03,0.03,0.05
-2.92408e-03,0.05,-0.01
-2.92400e-03,0.03,0.05
-2.92392e-03,0.03,-0.01
-2.92384e-03,0.03,0.05
-2.92376e-03,0.03,-0.01
-2.92368e-03,0.03,0.05
-2.92360e-03,0.03,-0.01
-2.92352e-03,0.03,0.05
-2.92344e-03,0.03,-0.01
-2.92336e-03,0.03,0.05
-2.92328e-03,0.03,-0.01
-2.92320e-03,0.03,0.05
-2.92312e-03,0.03,-0.01
-2.92304e-03,0.03,0.05
-2.92296e-03,0.03,-0.01
-2.92288e-03,0.03,0.05
-2.92280e-03,0.05,-0.01
-2.92272e-03,0.03,0.05
-2.92264e-03,0.03,-0.01
-2.92256e-03,0.01,0.05
-2.92248e-03,0.03,-0.01
-2.92240e-03,0.03,0.05
-2.92232e-03,0.03,-0.01
-2.92224e-03,0.03,0.05
-2.92216e-03,0.03,-0.01
-2.92208e-03,0.03,0.05
-2.92200e-03,0.01,-0.03
-2.92192e-03,0.03,0.05
-2.92184e-03,0.03,-0.01
-2.92176e-03,0.05,0.05
-2.92168e-03,0.03,-0.01
-2.92160e-03,0.03,0.05
-2.92152e-03,0.03,-0.03
-2.92144e-03,0.01,0.05
-2.92136e-03,0.03,-0.01
-2.92128e-03,-0.01,0.05
-2.92120e-03,0.03,-0.01
-2.92112e-03,0.03,0.05
-2.92104e-03,0.03,-0.01
-2.92096e-03,0.01,0.05
-2.92088e-03,0.01,-0.01
-2.92080e-03,0.03,0.05
-2.92072e-03,0.07,-0.01
-2.92064e-03,0.03,0.05
-2.92056e-03,0.03,-0.05
-2.92048e-03,0.07,0.13
-2.92040e-03,0.03,-0.03
-2.92032e-03,0.03,0.07
-2.92024e-03,0.05,-0.01
-2.92016e-03,0.03,0.07
-2.92008e-03,0.03,-0.03
-2.92000e-03,0.01,0.05
-2.91992e-03,0.03,-0.01
-2.91984e-03,0.01,0.05
-2.91976e-03,0.03,-0.01
-2.91968e-03,0.03,0.05
-2.91960e-03,0.03,-0.01
-2.91952e-03,0.05,0.05
-2.91944e-03,0.03,-0.03
-2.91936e-03,0.05,0.05
-2.91928e-03,0.01,-0.01
-2.91920e-03,0.03,0.05
-2.91912e-03,0.01,-0.03
-2.91904e-03,0.03,0.07
-2.91896e-03,0.03,-0.03
-2.91888e-03,0.03,0.07
-2.91880e-03,0.05,-0.03
-2.91872e-03,0.03,0.07
-2.91864e-03,0.05,-0.03
-2.91856e-03,0.01,0.07
-2.91848e-03,0.05,-0.03
-2.91840e-03,0.03,0.05
-2.91832e-03,0.05,-0.03
-2.91824e-03,0.03,0.05
-2.91816e-03,0.01,-0.01
-2.91808e-03,0.05,0.05
-2.91800e-03,0.01,-0.01
-2.91792e-03,0.05,0.05
-2.91784e-03,0.01,-0.03
-2.91776e-03,0.05,0.05
-2.91768e-03,0.03,-0.01
-2.91760e-03,0.03,0.05
-2.91752e-03,0.05,-0.01
-2.91744e-03,0.03,0.05
-2.91736e-03,0.05,-0.01
-2.91728e-03,0.03,0.05
-2.91720e-03,0.05,-0.01
-2.91712e-03,0.01,0.07
-2.91704e-03,0.05,-0.01
-2.91696e-03,0.01,0.05
-2.91688e-03,0.03,-0.01
-2.91680e-03,0.03,0.05
-2.91672e-03,0.01,-0.01
-2.91664e-03,0.05,0.05
-2.91656e-03,0.03,-0.03
-2.91648e-03,0.03,0.05
-2.91640e-03,0.01,-0.01
-2.91632e-03,0.03,0.05
-2.91624e-03,0.03,-0.03
-2.91616e-03,0.03,0.05
-2.91608e-03,0.03,-0.03
-2.91600e-03,0.01,0.05
-2.91592e-03,0.05,-0.01
-2.91584e-03,0.01,0.05
-2.91576e-03,0.03,-0.03
-2.91568e-03,0.01,0.05
-2.91560e-03,0.03,-0.01
-2.91552e-03,0.03,0.05
-2.91544e-03,0.01,-0.03
-2.91536e-03,0.03,0.05
-2.91528e-03,0.01,-0.03
-2.91520e-03,0.03,0.05
-2.91512e-03,0.01,-0.03
-2.91504e-03,0.01,0.05
-2.91496e-03,0.01,-0.03
-2.91488e-03,0.03,0.05
-2.91480e-03,0.01,-0.03
-2.91472e-03,0.03,0.05
-2.91464e-03,0.05,-0.03
-2.91456e-03,0.03,0.07
-2.91448e-03,0.03,-0.01
-2.91440e-03,0.01,0.05
-2.91432e-03,0.03,-0.03
-2.91424e-03,0.03,0.05
-2.91416e-03,0.03,-0.01
-2.91408e-03,0.05,0.05
-2.91400e-03,0.01,-0.03
-2.91392e-03,0.03,0.05
-2.91384e-03,0.03,-0.01
-2.91376e-03,0.03,0.07
-2.91368e-03,0.01,-0.01
-2.91360e-03,0.03,0.07
-2.91352e-03,0.03,-0.01
-2.91344e-03,0.03,0.05
-2.91336e-03,0.05,-0.01
-2.91328e-03,0.01,0.05
-2.91320e-03,0.03,-0.03
-2.91312e-03,0.01,0.05
-2.91304e-03,0.03,-0.01
-2.91296e-03,0.03,0.05
-2.91288e-03,0.03,-0.01
-2.91280e-03,0.03,0.05
-2.91272e-03,0.01,-0.03
-2.91264e-03,0.05,0.05
-2.91256e-03,0.01,-0.01
-2.91248e-03,0.05,0.05
-2.91240e-03,0.01,-0.01
-2.91232e-03,0.03,0.05
-2.91224e-03,0.03,-0.03
-2.91216e-03,0.03,0.05
-2.91208e-03,0.03,-0.01
-2.91200e-03,0.01,0.07
-2.91192e-03,0.05,-0.01
-2.91184e-03,0.01,0.05
-2.91176e-03,0.05,-0.01
-2.91168e-03,0.03,0.05
-2.91160e-03,0.03,-0.01
-2.91152e-03,0.03,0.05
-2.91144e-03,0.03,-0.01
-2.91136e-03,0.03,0.05
-2.91128e-03,0.01,-0.01
-2.91120e-03,0.03,0.05
-2.91112e-03,0.03,-0.03
-2.91104e-03,0.05,0.07
-2.91096e-03,0.03,-0.03
-2.91088e-03,0.01,0.07
-2.91080e-03,0.03,-0.03
-2.91072e-03,0.01,0.05
-2.91064e-03,0.03,-0.03
-2.91056e-03,0.03,0.05
-2.91048e-03,0.05,-0.01
-2.91040e-03,0.03,0.05
-2.91032e-03,0.03,-0.03
-2.91024e-03,0.03,0.05
-2.91016e-03,0.03,-0.01
-2.91008e-03,0.03,0.05
-2.91000e-03,0.01,-0.01
-2.90992e-03,0.03,0.05
-2.90984e-03,0.03,-0.03
-2.90976e-03,0.03,0.05
-2.90968e-03,0.01,-0.01
-2.90960e-03,0.03,0.05
-2.90952e-03,0.03,-0.01
-2.90944e-03,0.01,0.05
-2.90936e-03,0.05,-0.01
-2.90928e-03,0.01,0.05
-2.90920e-03,0.03,-0.01
-2.90912e-03,0.03,0.05
-2.90904e-03,0.05,-0.01
-2.90896e-03,0.05,0.05
-2.90888e-03,0.05,-0.01
-2.90880e-03,0.03,0.05
-2.90872e-03,0.03,-0.01
-2.90864e-03,0.05,0.05
-2.90856e-03,0.03,-0.01
-2.90848e-03,0.03,0.05
-2.90840e-03,0.03,-0.01
-2.90832e-03,0.03,0.05
-2.90824e-03,0.03,-0.03
-2.90816e-03,0.03,0.05
-2.90808e-03,0.03,-0.01
-2.90800e-03,0.03,0.05
-2.90792e-03,0.05,-0.03
-2.90784e-03,0.01,0.05
-2.90776e-03,0.05,-0.01
-2.90768e-03,0.01,0.05
-2.90760e-03,0.03,-0.01
-2.90752e-03,0.03,0.05
-2.90744e-03,0.03,-0.01
-2.90736e-03,0.05,0.07
-2.90728e-03,0.01,-0.03
-2.90720e-03,0.05,0.07
-2.90712e-03,0.01,-0.03
-2.90704e-03,0.07,0.05
-2.90696e-03,0.03,-0.01
-2.90688e-03,0.03,0.07
-2.90680e-03,0.03,-0.01
-2.90672e-03,0.03,0.05
-2.90664e-03,0.05,-0.01
-2.90656e-03,0.01,0.05
-2.90648e-03,0.05,-0.01
-2.90640e-03,0.03,0.05
-2.90632e-03,0.03,-0.03
-2.90624e-03,0.03,0.07
-2.90616e-03,0.03,-0.03
-2.90608e-03,0.03,0.07
-2.90600e-03,0.03,-0.01
-2.90592e-03,0.03,0.05
-2.90584e-03,0.03,-0.01
-2.90576e-03,0.05,0.05
-2.90568e-03,0.03,-0.01
-2.90560e-03,0.03,0.05
-2.90552e-03,0.03,-0.01
-2.90544e-03,0.01,0.07
-2.90536e-03,0.05,-0.01
-2.90528e-03,0.03,0.05
-2.90520e-03,0.03,-0.01
-2.90512e-03,0.01,0.05
-2.90504e-03,0.03,-0.03
-2.90496e-03,0.03,0.05
-2.90488e-03,0.03,-0.01
-2.90480e-03,0.03,0.07
-2.90472e-03,0.03,-0.01
-2.90464e-03,0.03,0.05
-2.90456e-03,0.01,-0.01
-2.90448e-03,0.05,0.05
-2.90440e-03,0.03,-0.03
-2.90432e-03,0.05,0.05
-2.90424e-03,0.03,-0.03
-2.90416e-03,0.03,0.07
-2.90408e-03,0.05,-0.01
-2.90400e-03,0.03,0.07
-2.90392e-03,0.05,-0.01
-2.90384e-03,0.03,0.05
-2.90376e-03,0.03,-0.01
-2.90368e-03,0.03,0.05
-2.90360e-03,0.03,-0.03
-2.90352e-03,0.05,0.05
-2.90344e-03,0.03,-0.03
-2.90336e-03,0.05,0.09
-2.90328e-03,0.01,-0.03
-2.90320e-03,0.05,0.05
-2.90312e-03,0.03,-0.05
-2.90304e-03,0.05,0.07
-2.90296e-03,0.03,-0.01
-2.90288e-03,0.03,0.05
-2.90280e-03,0.05,-0.01
-2.90272e-03,0.01,0.05
-2.90264e-03,0.07,-0.01
-2.90256e-03,0.01,0.05
-2.90248e-03,0.05,-0.01
-2.90240e-03,0.03,0.07
-2.90232e-03,0.03,-0.01
-2.90224e-03,0.03,0.05
-2.90216e-03,0.03,-0.01
-2.90208e-03,0.05,0.07
-2.90200e-03,0.01,-0.03
-2.90192e-03,0.03,0.05
-2.90184e-03,0.01,-0.01
-2.90176e-03,0.05,0.05
-2.90168e-03,0.01,-0.01
-2.90160e-03,0.05,0.05
-2.90152e-03,0.05,-0.01
-2.90144e-03,0.03,0.05
-2.90136e-03,0.03,-0.03
-2.90128e-03,0.03,0.05
-2.90120e-03,0.03,-0.01
-2.90112e-03,0.01,0.05
-2.90104e-03,0.03,-0.03
-2.90096e-03,0.01,0.05
-2.90088e-03,0.03,-0.01
-2.90080e-03,0.03,0.05
-2.90072e-03,0.01,-0.03
-2.90064e-03,0.03,0.05
-2.90056e-03,0.03,-0.01
-2.90048e-03,0.05,0.05
-2.90040e-03,0.03,-0.01
-2.90032e-03,0.05,0.05
-2.90024e-03,0.05,-0.01
-2.90016e-03,0.01,0.05
-2.90008e-03,0.05,-0.01
-2.90000e-03,0.03,0.07
-2.89992e-03,0.03,-0.01
-2.89984e-03,0.03,0.07
-2.89976e-03,0.03,-0.01
-2.89968e-03,0.03,0.05
-2.89960e-03,0.03,-0.03
-2.89952e-03,0.03,0.05
-2.89944e-03,0.01,-0.03
-2.89936e-03,0.05,0.05
-2.89928e-03,0.01,-0.01
-2.89920e-03,0.05,0.07
-2.89912e-03,0.01,-0.01
-2.89904e-03,0.01,0.05
-2.89896e-03,0.03,-0.01
-2.89888e-03,0.03,0.07
-2.89880e-03,0.03,-0.03
-2.89872e-03,0.03,0.05
-2.89864e-03,0.05,-0.01
-2.89856e-03,0.01,0.05
-2.89848e-03,0.03,-0.01
-2.89840e-03,0.03,0.05
-2.89832e-03,0.03,-0.01
-2.89824e-03,0.03,0.05
-2.89816e-03,0.03,-0.03
-2.89808e-03,0.03,0.05
-2.89800e-03,0.01,-0.01
-2.89792e-03,0.05,0.05
-2.89784e-03,0.01,-0.01
-2.89776e-03,0.03,0.05
-2.89768e-03,0.03,-0.01
-2.89760e-03,0.03,0.05
-2.89752e-03,0.01,-0.01
-2.89744e-03,0.03,0.07
-2.89736e-03,0.03,-0.01
-2.89728e-03,0.03,0.05
-2.89720e-03,0.03,-0.01
-2.89712e-03,0.01,0.07
-2.89704e-03,0.03,-0.01
-2.89696e-03,0.01,0.05
-2.89688e-03,0.01,-0.03
-2.89680e-03,0.03,0.05
-2.89672e-03,0.03,-0.01
-2.89664e-03,0.03,0.05
-2.89656e-03,0.03,-0.03
-2.89648e-03,0.03,0.05
-2.89640e-03,0.01,-0.01
-2.89632e-03,0.03,0.05
-2.89624e-03,0.03,-0.01
-2.89616e-03,0.01,0.05
-2.89608e-03,0.01,-0.03
-2.89600e-03,0.03,0.05
-2.89592e-03,0.03,-0.01
-2.89584e-03,0.03,0.05
-2.89576e-03,0.05,-0.03
-2.89568e-03,0.03,0.05
-2.89560e-03,0.05,-0.01
-2.89552e-03,0.05,0.05
-2.89544e-03,0.01,-0.03
-2.89536e-03,0.03,0.05
-2.89528e-03,0.03,-0.03
-2.89520e-03,0.03,0.07
-2.89512e-03,0.05,-0.03
-2.89504e-03,0.03,0.07
-2.89496e-03,0.05,-0.03
-2.89488e-03,0.01,0.05
-2.89480e-03,0.05,-0.03
-2.89472e-03,0.01,0.07
-2.89464e-03,0.03,-0.01
-2.89456e-03,0.03,0.05
-2.89448e-03,0.03,-0.03
-2.89440e-03,0.01,0.05
-2.89432e-03,0.05,-0.01
-2.89424e-03,0.03,0.05
-2.89416e-03,0.03,-0.03
-2.89408e-03,0.03,0.05
-2.89400e-03,0.01,-0.01
-2.89392e-03,0.05,0.05
-2.89384e-03,0.01,-0.01
-2.89376e-03,0.03,0.07
-2.89368e-03,0.03,-0.03
-2.89360e-03,0.03,0.05
-2.89352e-03,0.03,-0.01
-2.89344e-03,0.01,0.05
-2.89336e-03,0.05,-0.01
-2.89328e-03,0.03,0.05
-2.89320e-03,0.03,-0.01
-2.89312e-03,0.01,0.05
-2.89304e-03,0.05,-0.01
-2.89296e-03,0.01,0.05
-2.89288e-03,0.03,-0.03
-2.89280e-03,0.05,0.05
-2.89272e-03,0.03,-0.01
-2.89264e-03,0.03,0.05
-2.89256e-03,0.03,-0.01
-2.89248e-03,0.03,0.05
-2.89240e-03,0.03,-0.03
-2.89232e-03,0.03,0.05
-2.89224e-03,0.01,-0.01
-2.89216e-03,0.01,0.05
-2.89208e-03,0.03,-0.01
-2.89200e-03,0.01,0.05
-2.89192e-03,0.03,-0.03
-2.89184e-03,0.03,0.05
-2.89176e-03,0.03,-0.03
-2.89168e-03,0.03,0.05
-2.89160e-03,0.03,-0.01
-2.89152e-03,0.03,0.07
-2.89144e-03,0.01,-0.03
-2.89136e-03,0.05,0.07
-2.89128e-03,0.03,-0.01
-2.89120e-03,0.05,0.05
-2.89112e-03,0.03,-0.01
-2.89104e-03,0.03,0.05
-2.89096e-03,0.01,-0.01
-2.89088e-03,0.03,0.05
-2.89080e-03,0.03,-0.03
-2.89072e-03,0.03,0.05
-2.89064e-03,0.03,-0.01
-2.89056e-03,0.03,0.05
-2.89048e-03,0.03,-0.03
-2.89040e-03,0.03,0.05
-2.89032e-03,0.01,-0.01
-2.89024e-03,0.03,0.05
-2.89016e-03,0.01,-0.01
-2.89008e-03,0.03,0.05
-2.89000e-03,0.01,-0.01
-2.88992e-03,0.05,0.05
-2.88984e-03,0.03,-0.01
-2.88976e-03,0.03,0.05
-2.88968e-03,0.01,-0.03
-2.88960e-03,0.05,0.05
-2.88952e-03,0.03,-0.03
-2.88944e-03,0.03,0.05
-2.88936e-03,0.03,-0.01
-2.88928e-03,0.01,0.05
-2.88920e-03,0.05,-0.01
-2.88912e-03,0.01,0.05
-2.88904e-03,0.03,-0.03
-2.88896e-03,0.01,0.05
-2.88888e-03,0.01,-0.01
-2.88880e-03,0.03,0.05
-2.88872e-03,0.03,-0.03
-2.88864e-03,0.05,0.07
-2.88856e-03,0.01,-0.03
-2.88848e-03,0.03,0.05
-2.88840e-03,0.01,-0.03
-2.88832e-03,0.03,0.05
-2.88824e-03,0.03,-0.03
-2.88816e-03,0.01,0.05
-2.88808e-03,0.03,-0.03
-2.88800e-03,0.01,0.05
-2.88792e-03,0.03,-0.01
-2.88784e-03,-0.01,0.05
-2.88776e-03,0.03,-0.03
-2.88768e-03,0.01,0.07
-2.88760e-03,0.03,-0.03
-2.88752e-03,0.05,0.05
-2.88744e-03,0.03,-0.03
-2.88736e-03,0.05,0.07
-2.88728e-03,0.01,-0.03
-2.88720e-03,0.03,0.05
-2.88712e-03,0.01,-0.03
-2.88704e-03,0.05,0.05
-2.88696e-03,0.03,-0.03
-2.88688e-03,0.03,0.07
-2.88680e-03,0.05,-0.01
-2.88672e-03,0.01,0.05
-2.88664e-03,0.05,-0.03
-2.88656e-03,0.01,0.05
-2.88648e-03,0.05,-0.01
-2.88640e-03,0.01,0.05
-2.88632e-03,0.05,-0.03
-2.88624e-03,0.03,0.05
-2.88616e-03,0.03,-0.03
-2.88608e-03,0.05,0.05
-2.88600e-03,0.03,-0.01
-2.88592e-03,0.03,0.05
-2.88584e-03,0.05,-0.03
-2.88576e-03,0.05,0.05
-2.88568e-03,0.01,-0.03
-2.88560e-03,0.03,0.07
-2.88552e-03,0.03,-0.01
-2.88544e-03,0.03,0.05
-2.88536e-03,0.03,-0.01
-2.88528e-03,0.03,0.05
-2.88520e-03,0.03,-0.01
-2.88512e-03,0.03,0.05
-2.88504e-03,0.03,-0.01
-2.88496e-03,0.03,0.05
-2.88488e-03,0.03,-0.01
-2.88480e-03,0.03,0.05
-2.88472e-03,0.01,-0.03
-2.88464e-03,0.05,0.05
-2.88456e-03,0.01,-0.01
-2.88448e-03,0.03,0.05
-2.88440e-03,0.03,-0.01
-2.88432e-03,0.03,0.05
-2.88424e-03,0.03,-0.01
-2.88416e-03,0.03,0.05
-2.88408e-03,0.05,-0.03
-2.88400e-03,0.03,0.05
-2.88392e-03,0.03,-0.03
-2.88384e-03,0.03,0.05
-2.88376e-03,0.03,-0.01
-2.88368e-03,0.01,0.05
-2.88360e-03,0.03,-0.03
-2.88352e-03,0.01,0.05
-2.88344e-03,0.01,-0.01
-2.88336e-03,0.03,0.05
-2.88328e-03,0.01,-0.03
-2.88320e-03,0.05,0.05
-2.88312e-03,0.01,-0.03
-2.88304e-03,0.03,0.05
-2.88296e-03,0.03,-0.01
-2.88288e-03,0.03,0.05
-2.88280e-03,0.03,-0.01
-2.88272e-03,0.03,0.05
-2.88264e-03,0.03,-0.01
-2.88256e-03,0.01,0.05
-2.88248e-03,0.03,-0.03
-2.88240e-03,0.03,0.05
-2.88232e-03,0.03,-0.03
-2.88224e-03,0.01,0.05
-2.88216e-03,0.03,-0.01
-2.88208e-03,0.03,0.05
-2.88200e-03,0.03,-0.01
-2.88192e-03,0.03,0.05
-2.88184e-03,0.01,-0.01
-2.88176e-03,0.03,0.05
-2.88168e-03,0.03,-0.01
-2.88160e-03,0.03,0.05
-2.88152e-03,0.03,-0.03
-2.88144e-03,0.01,0.05
-2.88136e-03,0.03,-0.03
-2.88128e-03,0.03,0.05
-2.88120e-03,0.05,-0.03
-2.88112e-03,0.01,0.05
-2.88104e-03,0.03,-0.01
-2.88096e-03,0.03,0.05
-2.88088e-03,0.03,-0.01
-2.88080e-03,0.03,0.05
-2.88072e-03,0.01,-0.01
-2.88064e-03,0.05,0.05
-2.88056e-03,0.01,-0.03
-2.88048e-03,0.03,0.05
-2.88040e-03,0.01,-0.03
-2.88032e-03,0.03,0.05
-2.88024e-03,0.01,-0.03
-2.88016e-03,0.03,0.05
-2.88008e-03,0.03,-0.03
-2.88000e-03,0.01,0.05
-2.87992e-03,0.03,-0.03
-2.87984e-03,0.01,0.05
-2.87976e-03,0.03,-0.01
-2.87968e-03,0.05,0.07
-2.87960e-03,0.05,-0.03
-2.87952e-03,0.05,0.07
-2.87944e-03,0.01,-0.03
-2.87936e-03,0.03,0.05
-2.87928e-03,0.01,-0.03
-2.87920e-03,0.05,0.05
-2.87912e-03,0.01,-0.01
-2.87904e-03,0.03,0.07
-2.87896e-03,0.03,-0.01
-2.87888e-03,0.03,0.05
-2.87880e-03,0.03,-0.03
-2.87872e-03,0.03,0.05
-2.87864e-03,0.03,-0.03
-2.87856e-03,0.03,0.05
-2.87848e-03,0.03,-0.01
-2.87840e-03,0.01,0.05
-2.87832e-03,0.03,-0.01
-2.87824e-03,0.03,0.07
-2.87816e-03,0.03,-0.01
-2.87808e-03,0.03,0.05
-2.87800e-03,0.03,-0.01
-2.87792e-03,0.05,0.05
-2.87784e-03,0.01,-0.03
-2.87776e-03,0.03,0.05
-2.87768e-03,0.03,-0.01
-2.87760e-03,0.03,0.05
-2.87752e-03,0.01,-0.01
-2.87744e-03,0.03,0.05
-2.87736e-03,0.01,-0.03
-2.87728e-03,-0.01,0.05
-2.87720e-03,0.03,-0.07
-2.87712e-03,0.03,0.07
-2.87704e-03,0.03,-0.03
-2.87696e-03,0.03,0.05
-2.87688e-03,0.03,-0.01
-2.87680e-03,0.05,0.05
-2.87672e-03,0.03,-0.01
-2.87664e-03,0.03,0.05
-2.87656e-03,0.01,-0.01
-2.87648e-03,0.03,0.05
-2.87640e-03,0.03,-0.03
-2.87632e-03,0.01,0.05
-2.87624e-03,0.03,-0.01
-2.87616e-03,0.01,0.05
-2.87608e-03,0.03,-0.01
-2.87600e-03,0.03,0.05
-2.87592e-03,0.03,-0.01
-2.87584e-03,0.03,0.05
-2.87576e-03,0.05,-0.01
-2.87568e-03,0.03,0.05
-2.87560e-03,0.03,-0.03
-2.87552e-03,0.03,0.05
-2.87544e-03,0.03,-0.01
-2.87536e-03,0.03,0.05
-2.87528e-03,0.01,-0.01
-2.87520e-03,0.03,0.05
-2.87512e-03,0.03,-0.01
-2.87504e-03,0.03,0.05
-2.87496e-03,0.03,-0.01
-2.87488e-03,0.01,0.05
-2.87480e-03,0.03,-0.01
-2.87472e-03,0.01,0.05
-2.87464e-03,0.03,-0.03
-2.87456e-03,0.01,0.05
-2.87448e-03,0.03,-0.03
-2.87440e-03,0.03,0.05
-2.87432e-03,0.03,-0.01
-2.87424e-03,0.03,0.05
-2.87416e-03,0.03,-0.03
-2.87408e-03,0.03,0.05
-2.87400e-03,0.01,-0.01
-2.87392e-03,0.03,0.05
-2.87384e-03,0.01,-0.03
-2.87376e-03,0.03,0.05
-2.87368e-03,0.03,-0.01
-2.87360e-03,0.03,0.05
-2.87352e-03,0.03,-0.01
-2.87344e-03,0.03,0.05
-2.87336e-03,0.03,-0.01
-2.87328e-03,0.01,0.05
-2.87320e-03,0.03,-0.01
-2.87312e-03,0.03,0.05
-2.87304e-03,0.03,-0.03
-2.87296e-03,0.03,0.05
-2.87288e-03,0.03,-0.01
-2.87280e-03,0.03,0.07
-2.87272e-03,0.03,-0.01
-2.87264e-03,0.03,0.05
-2.87256e-03,0.03,-0.01
-2.87248e-03,0.05,0.05
-2.87240e-03,0.05,-0.01
-2.87232e-03,0.03,0.05
-2.87224e-03,0.03,-0.01
-2.87216e-03,0.01,0.05
-2.87208e-03,0.03,-0.03
-2.87200e-03,0.01,0.07
-2.87192e-03,0.05,-0.03
-2.87184e-03,0.03,0.05
-2.87176e-03,0.05,-0.01
-2.87168e-03,0.05,0.05
-2.87160e-03,0.01,-0.01
-2.87152e-03,0.05,0.05
-2.87144e-03,0.03,-0.01
-2.87136e-03,0.05,0.05
-2.87128e-03,0.03,-0.01
-2.87120e-03,0.05,0.05
-2.87112e-03,0.03,-0.01
-2.87104e-03,0.05,0.05
-2.87096e-03,0.03,-0.01
-2.87088e-03,0.01,0.05
-2.87080e-03,0.05,-0.01
-2.87072e-03,0.01,0.05
-2.87064e-03,0.11,-0.01
-2.87056e-03,0.01,0.05
-2.87048e-03,0.03,-0.05
-2.87040e-03,0.03,0.13
-2.87032e-03,0.03,-0.01
-2.87024e-03,0.05,0.07
-2.87016e-03,0.03,-0.01
-2.87008e-03,0.03,0.05
-2.87000e-03,0.03,-0.01
-2.86992e-03,0.05,0.05
-2.86984e-03,0.03,-0.01
-2.86976e-03,0.05,0.05
-2.86968e-03,0.03,-0.01
-2.86960e-03,0.03,0.05
-2.86952e-03,0.03,-0.03
-2.86944e-03,0.03,0.05
-2.86936e-03,0.03,-0.01
-2.86928e-03,0.03,0.05
-2.86920e-03,0.05,-0.01
-2.86912e-03,0.03,0.05
-2.86904e-03,0.03,-0.01
-2.86896e-03,0.03,0.05
-2.86888e-03,0.03,-0.03
-2.86880e-03,0.05,0.05
-2.86872e-03,0.03,-0.01
-2.86864e-03,0.07,0.05
-2.86856e-03,0.01,-0.03
-2.86848e-03,0.05,0.07
-2.86840e-03,0.03,-0.01
-2.86832e-03,0.03,0.05
-2.86824e-03,0.05,-0.01
-2.86816e-03,0.03,0.07
-2.86808e-03,0.05,-0.03
-2.86800e-03,0.01,0.07
-2.86792e-03,0.05,-0.01
-2.86784e-03,0.03,0.05
-2.86776e-03,0.03,-0.01
-2.86768e-03,0.03,0.05
-2.86760e-03,0.03,-0.01
-2.86752e-03,0.03,0.07
-2.86744e-03,0.03,-0.01
-2.86736e-03,0.03,0.07
-2.86728e-03,0.01,-0.01
-2.86720e-03,0.03,0.05
-2.86712e-03,0.01,-0.01
-2.86704e-03,0.03,0.07
-2.86696e-03,0.03,-0.01
-2.86688e-03,0.03,0.05
-2.86680e-03,0.03,-0.03
-2.86672e-03,0.03,0.05
-2.86664e-03,0.03,-0.01
-2.86656e-03,0.03,0.05
-2.86648e-03,0.03,-0.01
-2.86640e-03,0.03,0.05
-2.86632e-03,0.05,-0.01
-2.86624e-03,0.01,0.05
-2.86616e-03,0.03,-0.03
-2.86608e-03,0.03,0.05
-2.86600e-03,0.01,-0.01
-2.86592e-03,0.01,0.05
-2.86584e-03,0.01,-0.01
-2.86576e-03,0.03,0.05
-2.86568e-03,0.03,-0.01
-2.86560e-03,0.03,0.05
-2.86552e-03,0.03,-0.01
-2.86544e-03,0.03,0.05
-2.86536e-03,0.05,-0.03
-2.86528e-03,0.01,0.05
-2.86520e-03,0.03,-0.01
-2.86512e-03,0.03,0.05
-2.86504e-03,0.03,-0.01
-2.86496e-03,0.03,0.05
-2.86488e-03,0.03,-0.03
-2.86480e-03,0.03,0.05
-2.86472e-03,0.01,-0.01
-2.86464e-03,0.03,0.05
-2.86456e-03,0.03,-0.01
-2.86448e-03,0.03,0.05
-2.86440e-03,0.03,-0.01
-2.86432e-03,0.01,0.05
-2.86424e-03,0.03,-0.01
-2.86416e-03,0.01,0.05
-2.86408e-03,0.05,-0.01
-2.86400e-03,0.05,0.05
-2.86392e-03,0.05,-0.03
-2.86384e-03,0.05,0.07
-2.86376e-03,0.03,-0.03
-2.86368e-03,0.03,0.05
-2.86360e-03,0.03,-0.03
-2.86352e-03,0.03,0.07
-2.86344e-03,0.01,-0.01
-2.86336e-03,0.03,0.05
-2.86328e-03,0.03,-0.01
-2.86320e-03,0.03,0.05
-2.86312e-03,0.01,-0.03
-2.86304e-03,0.03,0.05
-2.86296e-03,0.03,-0.03
-2.86288e-03,0.01,0.05
-2.86280e-03,0.03,-0.03
-2.86272e-03,0.03,0.05
-2.86264e-03,0.03,-0.01
-2.86256e-03,0.03,0.05
-2.86248e-03,0.03,-0.03
-2.86240e-03,0.03,0.05
-2.86232e-03,0.03,-0.03
-2.86224e-03,0.03,0.05
-2.86216e-03,0.03,-0.01
-2.86208e-03,0.03,0.05
-2.86200e-03,0.01,-0.01
-2.86192e-03,0.03,0.05
-2.86184e-03,0.01,-0.01
-2.86176e-03,0.05,0.05
-2.86168e-03,0.01,-0.01
-2.86160e-03,0.03,0.05
-2.86152e-03,0.03,-0.01
-2.86144e-03,0.03,0.05
-2.86136e-03,0.03,-0.01
-2.86128e-03,0.01,0.05
-2.86120e-03,0.03,-0.01
-2.86112e-03,0.03,0.05
-2.86104e-03,0.03,-0.01
-2.86096e-03,0.03,0.05
-2.86088e-03,0.03,-0.01
-2.86080e-03,0.03,0.05
-2.86072e-03,0.01,-0.01
-2.86064e-03,0.05,0.05
-2.86056e-03,0.03,-0.01
-2.86048e-03,0.03,0.05
-2.86040e-03,0.01,-0.01
-2.86032e-03,0.03,0.05
-2.86024e-03,0.05,-0.01
-2.86016e-03,0.01,0.05
-2.86008e-03,0.03,-0.03
-2.86000e-03,0.01,0.05
-2.85992e-03,0.03,-0.01
-2.85984e-03,0.03,0.05
-2.85976e-03,0.03,-0.01
-2.85968e-03,0.03,0.05
-2.85960e-03,0.03,-0.03
-2.85952e-03,0.03,0.05
-2.85944e-03,0.01,-0.03
-2.85936e-03,0.03,0.05
-2.85928e-03,0.01,-0.01
-2.85920e-03,0.03,0.05
-2.85912e-03,0.03,-0.03
-2.85904e-03,0.03,0.05
-2.85896e-03,0.05,-0.03
-2.85888e-03,0.01,0.05
-2.85880e-03,0.01,-0.03
-2.85872e-03,0.03,0.05
-2.85864e-03,0.03,-0.03
-2.85856e-03,0.01,0.05
-2.85848e-03,0.03,-0.03
-2.85840e-03,0.03,0.05
-2.85832e-03,0.01,-0.03
-2.85824e-03,0.03,0.07
-2.85816e-03,0.03,-0.01
-2.85808e-03,0.03,0.07
-2.85800e-03,0.03,-0.01
-2.85792e-03,0.03,0.05
-2.85784e-03,0.03,-0.01
-2.85776e-03,0.03,0.05
-2.85768e-03,0.01,-0.03
-2.85760e-03,0.01,0.05
-2.85752e-03,0.03,-0.01
-2.85744e-03,0.03,0.07
-2.85736e-03,0.01,-0.03
-2.85728e-03,0.01,0.05
-2.85720e-03,0.03,-0.01
-2.85712e-03,0.03,0.05
-2.85704e-03,0.03,-0.01
-2.85696e-03,0.01,0.05
-2.85688e-03,0.03,-0.01
-2.85680e-03,0.05,0.05
-2.85672e-03,0.01,-0.01
-2.85664e-03,0.05,0.05
-2.85656e-03,0.03,-0.01
-2.85648e-03,0.01,0.05
-2.85640e-03,0.01,-0.03
-2.85632e-03,0.03,0.07
-2.85624e-03,0.01,-0.03
-2.85616e-03,0.03,0.05
-2.85608e-03,0.03,-0.03
-2.85600e-03,0.03,0.07
-2.85592e-03,0.03,-0.01
-2.85584e-03,0.03,0.05
-2.85576e-03,0.03,-0.01
-2.85568e-03,0.03,0.05
-2.85560e-03,0.03,-0.03
-2.85552e-03,0.01,0.05
-2.85544e-03,0.03,-0.03
-2.85536e-03,0.03,0.05
-2.85528e-03,0.03,-0.03
-2.85520e-03,0.05,0.05
-2.85512e-03,0.05,-0.03
-2.85504e-03,0.05,0.05
-2.85496e-03,0.03,-0.03
-2.85488e-03,0.03,0.05
-2.85480e-03,0.03,-0.01
-2.85472e-03,0.03,0.05
-2.85464e-03,0.03,-0.01
-2.85456e-03,0.03,0.05
-2.85448e-03,0.05,-0.01
-2.85440e-03,0.01,0.05
-2.85432e-03,0.03,-0.03
-2.85424e-03,0.03,0.07
-2.85416e-03,0.01,-0.01
-2.85408e-03,0.03,0.05
-2.85400e-03,-0.01,-0.01
-2.85392e-03,0.05,0.05
-2.85384e-03,0.03,-0.03
-2.85376e-03,0.03,0.05
-2.85368e-03,0.01,-0.01
-2.85360e-03,0.03,0.05
-2.85352e-03,0.05,-0.01
-2.85344e-03,0.03,0.05
-2.85336e-03,0.05,-0.01
-2.85328e-03,0.01,0.05
-2.85320e-03,0.03,-0.01
-2.85312e-03,0.03,0.05
-2.85304e-03,0.03,-0.01
-2.85296e-03,0.01,0.05
-2.85288e-03,0.03,-0.01
-2.85280e-03,0.01,0.05
-2.85272e-03,0.01,-0.03
-2.85264e-03,0.03,0.05
-2.85256e-03,0.03,-0.03
-2.85248e-03,0.03,0.05
-2.85240e-03,0.03,-0.01
-2.85232e-03,0.03,0.05
-2.85224e-03,0.03,-0.01
-2.85216e-03,0.01,0.05
-2.85208e-03,0.03,-0.03
-2.85200e-03,0.03,0.05
-2.85192e-03,0.05,-0.03
-2.85184e-03,0.01,0.05
-2.85176e-03,0.03,-0.03
-2.85168e-03,0.03,0.05
-2.85160e-03,0.01,-0.03
-2.85152e-03,0.03,0.07
-2.85144e-03,0.01,-0.01
-2.85136e-03,0.03,0.05
-2.85128e-03,0.03,-0.01
-2.85120e-03,0.03,0.05
-2.85112e-03,0.03,-0.01
-2.85104e-03,0.05,0.05
-2.85096e-03,0.03,-0.03
-2.85088e-03,0.03,0.05
-2.85080e-03,0.05,-0.01
-2.85072e-03,0.01,0.05
-2.85064e-03,0.03,-0.01
-2.85056e-03,0.01,0.05
-2.85048e-03,0.03,-0.01
-2.85040e-03,0.03,0.05
-2.85032e-03,0.03,-0.03
-2.85024e-03,0.03,0.05
-2.85016e-03,0.03,-0.01
-2.85008e-03,0.03,0.05
-2.85000e-03,0.01,-0.01
-2.84992e-03,0.01,0.05
-2.84984e-03,0.03,-0.01
-2.84976e-03,0.03,0.05
-2.84968e-03,0.03,-0.03
-2.84960e-03,0.03,0.05
-2.84952e-03,0.03,-0.03
-2.84944e-03,0.03,0.05
-2.84936e-03,0.03,-0.01
-2.84928e-03,0.01,0.05
-2.84920e-03,0.03,-0.01
-2.84912e-03,0.03,0.05
-2.84904e-03,0.03,-0.01
-2.84896e-03,0.03,0.05
-2.84888e-03,0.03,-0.03
-2.84880e-03,0.03,0.05
-2.84872e-03,0.01,-0.03
-2.84864e-03,0.03,0.05
-2.84856e-03,0.01,-0.03
-2.84848e-03,0.01,0.05
-2.84840e-03,-0.01,-0.03
-2.84832e-03,0.01,0.05
-2.84824e-03,0.01,-0.05
-2.84816e-03,0.03,0.05
-2.84808e-03,0.05,-0.03
-2.84800e-03,0.01,0.05
-2.84792e-03,0.05,-0.03
-2.84784e-03,0.01,0.07
-2.84776e-03,0.03,-0.03
-2.84768e-03,0.01,0.05
-2.84760e-03,0.03,-0.03
-2.84752e-03,0.03,0.05
-2.84744e-03,0.01,-0.03
-2.84736e-03,0.01,0.05
-2.84728e-03,0.03,-0.01
-2.84720e-03,0.03,0.05
-2.84712e-03,0.03,-0.01
-2.84704e-03,0.03,0.05
-2.84696e-03,0.03,-0.01
-2.84688e-03,0.03,0.05
-2.84680e-03,0.03,-0.01
-2.84672e-03,0.03,0.05
-2.84664e-03,0.03,-0.01
-2.84656e-03,0.01,0.05
-2.84648e-03,0.03,-0.01
-2.84640e-03,0.03,0.05
-2.84632e-03,0.03,-0.01
-2.84624e-03,0.03,0.05
-2.84616e-03,0.03,-0.01
-2.84608e-03,0.05,0.05
-2.84600e-03,0.03,-0.01
-2.84592e-03,0.03,0.05
-2.84584e-03,0.03,-0.01
-2.84576e-03,0.03,0.05
-2.84568e-03,0.03,-0.01
-2.84560e-03,0.03,0.05
-2.84552e-03,0.01,-0.01
-2.84544e-03,0.03,0.05
-2.84536e-03,0.05,-0.01
-2.84528e-03,0.03,0.05
-2.84520e-03,0.05,-0.01
-2.84512e-03,0.01,0.05
-2.84504e-03,0.03,-0.03
-2.84496e-03,0.03,0.05
-2.84488e-03,0.03,-0.01
-2.84480e-03,0.05,0.05
-2.84472e-03,0.03,-0.01
-2.84464e-03,0.03,0.05
-2.84456e-03,0.01,-0.01
-2.84448e-03,0.03,0.05
-2.84440e-03,0.01,-0.01
-2.84432e-03,0.03,0.05
-2.84424e-03,0.03,-0.03
-2.84416e-03,0.03,0.05
-2.84408e-03,0.05,-0.01
-2.84400e-03,0.01,0.05
-2.84392e-03,0.03,-0.03
-2.84384e-03,0.03,0.05
-2.84376e-03,0.03,-0.03
-2.84368e-03,0.01,0.07
-2.84360e-03,0.03,-0.03
-2.84352e-03,0.03,0.05
-2.84344e-03,0.05,-0.03
-2.84336e-03,0.03,0.05
-2.84328e-03,0.01,-0.01
-2.84320e-03,0.03,0.05
-2.84312e-03,0.03,-0.03
-2.84304e-03,0.05,0.05
-2.84296e-03,0.03,-0.01
-2.84288e-03,0.03,0.05
-2.84280e-03,0.03,-0.03
-2.84272e-03,0.01,0.05
-2.84264e-03,0.03,-0.01
-2.84256e-03,0.03,0.05
-2.84248e-03,0.03,-0.01
-2.84240e-03,0.03,0.05
-2.84232e-03,0.05,-0.01
-2.84224e-03,0.03,0.05
-2.84216e-03,0.03,-0.01
-2.84208e-03,0.03,0.05
-2.84200e-03,0.01,-0.01
-2.84192e-03,0.03,0.05
-2.84184e-03,0.01,-0.03
-2.84176e-03,0.03,0.05
-2.84168e-03,0.03,-0.01
-2.84160e-03,0.05,0.05
-2.84152e-03,0.05,-0.01
-2.84144e-03,0.01,0.05
-2.84136e-03,0.03,-0.01
-2.84128e-03,0.01,0.05
-2.84120e-03,0.03,-0.01
-2.84112e-03,0.03,0.05
-2.84104e-03,0.03,-0.01
-2.84096e-03,0.03,0.05
-2.84088e-03,0.05,-0.03
-2.84080e-03,0.03,0.05
-2.84072e-03,0.03,-0.03
-2.84064e-03,0.03,0.07
-2.84056e-03,0.01,-0.03
-2.84048e-03,0.05,0.05
-2.84040e-03,0.01,-0.03
-2.84032e-03,0.03,0.07
-2.84024e-03,0.01,-0.01
-2.84016e-03,0.03,0.05
-2.84008e-03,0.03,-0.03
-2.84000e-03,-0.01,0.05
-2.83992e-03,0.05,-0.03
-2.83984e-03,0.01,0.05
-2.83976e-03,0.03,-0.03
-2.83968e-03,0.03,0.05
-2.83960e-03,0.03,-0.03
-2.83952e-03,0.03,0.05
-2.83944e-03,0.03,-0.01
-2.83936e-03,0.03,0.05
-2.83928e-03,0.03,-0.01
-2.83920e-03,0.05,0.05
-2.83912e-03,0.01,-0.01
-2.83904e-03,0.05,0.05
-2.83896e-03,0.03,-0.01
-2.83888e-03,0.03,0.05
-2.83880e-03,0.03,-0.03
-2.83872e-03,0.01,0.05
-2.83864e-03,0.03,-0.03
-2.83856e-03,0.03,0.05
-2.83848e-03,0.03,-0.01
-2.83840e-03,0.03,0.05
-2.83832e-03,0.03,-0.01
-2.83824e-03,0.03,0.05
-2.83816e-03,0.03,-0.03
-2.83808e-03,0.03,0.05
-2.83800e-03,0.03,-0.01
-2.83792e-03,0.03,0.05
-2.83784e-03,0.01,-0.03
-2.83776e-03,0.03,0.05
-2.83768e-03,0.03,-0.01
-2.83760e-03,0.03,0.07
-2.83752e-03,0.05,-0.01
-2.83744e-03,0.03,0.07
-2.83736e-03,0.03,-0.03
-2.83728e-03,0.01,0.05
-2.83720e-03,0.03,-0.03
-2.83712e-03,0.03,0.05
-2.83704e-03,0.03,-0.01
-2.83696e-03,0.03,0.05
-2.83688e-03,0.03,-0.01
-2.83680e-03,0.03,0.05
-2.83672e-03,0.01,-0.01
-2.83664e-03,0.05,0.05
-2.83656e-03,0.03,-0.01
-2.83648e-03,0.03,0.05
-2.83640e-03,0.03,-0.01
-2.83632e-03,0.03,0.05
-2.83624e-03,0.03,-0.01
-2.83616e-03,0.03,0.05
-2.83608e-03,0.05,-0.01
-2.83600e-03,0.03,0.05
-2.83592e-03,0.03,-0.03
-2.83584e-03,0.03,0.05
-2.83576e-03,0.03,-0.01
-2.83568e-03,0.01,0.05
-2.83560e-03,0.03,-0.03
-2.83552e-03,0.03,0.05
-2.83544e-03,0.03,-0.01
-2.83536e-03,0.05,0.05
-2.83528e-03,0.03,-0.01
-2.83520e-03,0.03,0.05
-2.83512e-03,0.03,-0.01
-2.83504e-03,0.03,0.05
-2.83496e-03,0.03,-0.01
-2.83488e-03,0.03,0.05
-2.83480e-03,0.03,-0.01
-2.83472e-03,0.03,0.05
-2.83464e-03,0.03,-0.01
-2.83456e-03,0.01,0.05
-2.83448e-03,0.03,-0.01
-2.83440e-03,0.03,0.05
-2.83432e-03,0.03,-0.03
-2.83424e-03,0.03,0.05
-2.83416e-03,0.01,-0.01
-2.83408e-03,0.05,0.05
-2.83400e-03,0.01,-0.01
-2.83392e-03,0.03,0.05
-2.83384e-03,0.03,-0.03
-2.83376e-03,0.03,0.05
-2.83368e-03,0.05,-0.01
-2.83360e-03,0.03,0.05
-2.83352e-03,0.03,-0.01
-2.83344e-03,0.03,0.05
-2.83336e-03,0.03,-0.01
-2.83328e-03,0.03,0.05
-2.83320e-03,0.05,-0.01
-2.83312e-03,0.01,0.05
-2.83304e-03,0.03,-0.03
-2.83296e-03,0.03,0.05
-2.83288e-03,0.03,-0.01
-2.83280e-03,0.05,0.05
-2.83272e-03,0.01,-0.03
-2.83264e-03,0.03,0.05
-2.83256e-03,-0.01,-0.03
-2.83248e-03,0.01,0.07
-2.83240e-03,0.03,-0.03
-2.83232e-03,0.01,0.07
-2.83224e-03,0.03,-0.03
-2.83216e-03,0.03,0.05
-2.83208e-03,0.05,-0.03
-2.83200e-03,0.03,0.07
-2.83192e-03,0.05,-0.03
-2.83184e-03,0.01,0.05
-2.83176e-03,0.03,-0.03
-2.83168e-03,0.03,0.07
-2.83160e-03,0.03,-0.01
-2.83152e-03,0.05,0.05
-2.83144e-03,0.03,-0.01
-2.83136e-03,0.05,0.05
-2.83128e-03,0.03,-0.03
-2.83120e-03,0.03,0.05
-2.83112e-03,0.01,-0.01
-2.83104e-03,0.03,0.07
-2.83096e-03,0.01,-0.01
-2.83088e-03,0.05,0.05
-2.83080e-03,0.03,-0.01
-2.83072e-03,0.01,0.05
-2.83064e-03,0.03,-0.01
-2.83056e-03,0.01,0.05
-2.83048e-03,0.03,-0.03
-2.83040e-03,0.03,0.05
-2.83032e-03,0.03,-0.01
-2.83024e-03,0.01,0.05
-2.83016e-03,0.01,-0.01
-2.83008e-03,0.03,0.05
-2.83000e-03,0.03,-0.01
-2.82992e-03,0.03,0.05
-2.82984e-03,0.01,-0.01
-2.82976e-03,0.03,0.05
-2.82968e-03,0.03,-0.01
-2.82960e-03,0.03,0.05
-2.82952e-03,0.03,-0.03
-2.82944e-03,0.03,0.05
-2.82936e-03,0.03,-0.01
-2.82928e-03,0.01,0.05
-2.82920e-03,0.05,-0.01
-2.82912e-03,0.03,0.05
-2.82904e-03,0.03,-0.03
-2.82896e-03,0.03,0.05
-2.82888e-03,0.03,-0.01
-2.82880e-03,0.03,0.05
-2.82872e-03,0.01,-0.01
-2.82864e-03,0.01,0.05
-2.82856e-03,0.03,-0.03
-2.82848e-03,0.05,0.07
-2.82840e-03,0.01,-0.03
-2.82832e-03,0.01,0.05
-2.82824e-03,0.03,-0.03
-2.82816e-03,0.03,0.05
-2.82808e-03,0.03,-0.01
-2.82800e-03,0.01,0.05
-2.82792e-03,0.05,-0.01
-2.82784e-03,0.03,0.05
-2.82776e-03,0.03,-0.03
-2.82768e-03,0.03,0.07
-2.82760e-03,0.03,-0.03
-2.82752e-03,0.03,0.05
-2.82744e-03,0.01,-0.01
-2.82736e-03,-0.05,0.05
-2.82728e-03,0.05,-0.07
-2.82720e-03,0.03,0.05
-2.82712e-03,0.01,-0.09
-2.82704e-03,0.03,0.05
-2.82696e-03,0.03,-0.03
-2.82688e-03,0.05,0.07
-2.82680e-03,0.03,-0.03
-2.82672e-03,0.03,0.05
-2.82664e-03,0.03,-0.01
-2.82656e-03,0.03,0.05
-2.82648e-03,0.03,-0.01
-2.82640e-03,0.03,0.05
-2.82632e-03,0.03,-0.03
-2.82624e-03,0.03,0.05
-2.82616e-03,0.03,-0.01
-2.82608e-03,0.03,0.05
-2.82600e-03,0.03,-0.01
-2.82592e-03,0.03,0.05
-2.82584e-03,0.03,-0.01
-2.82576e-03,0.03,0.05
-2.82568e-03,0.03,-0.01
-2.82560e-03,0.03,0.05
-2.82552e-03,0.03,-0.03
-2.82544e-03,0.01,0.05
-2.82536e-03,0.05,-0.03
-2.82528e-03,0.01,0.05
-2.82520e-03,0.03,-0.01
-2.82512e-03,0.01,0.05
-2.82504e-03,0.03,-0.03
-2.82496e-03,0.03,0.07
-2.82488e-03,0.03,-0.01
-2.82480e-03,0.01,0.05
-2.82472e-03,0.03,-0.03
-2.82464e-03,0.03,0.05
-2.82456e-03,0.05,-0.03
-2.82448e-03,0.01,0.05
-2.82440e-03,0.05,-0.01
-2.82432e-03,0.03,0.05
-2.82424e-03,0.03,-0.03
-2.82416e-03,0.01,0.05
-2.82408e-03,0.03,-0.01
-2.82400e-03,0.03,0.05
-2.82392e-03,0.05,-0.03
-2.82384e-03,0.03,0.05
-2.82376e-03,0.03,-0.01
-2.82368e-03,0.03,0.05
-2.82360e-03,0.03,-0.01
-2.82352e-03,0.05,0.07
-2.82344e-03,0.03,-0.01
-2.82336e-03,0.03,0.05
-2.82328e-03,0.01,-0.01
-2.82320e-03,0.03,0.05
-2.82312e-03,0.03,-0.01
-2.82304e-03,0.01,0.05
-2.82296e-03,0.03,-0.01
-2.82288e-03,0.03,0.05
-2.82280e-03,0.03,-0.01
-2.82272e-03,0.01,0.05
-2.82264e-03,0.03,-0.01
-2.82256e-03,0.03,0.05
-2.82248e-03,0.03,-0.01
-2.82240e-03,0.03,0.05
-2.82232e-03,0.05,-0.01
-2.82224e-03,0.05,0.05
-2.82216e-03,0.03,-0.01
-2.82208e-03,0.03,0.05
-2.82200e-03,0.01,-0.01
-2.82192e-03,0.03,0.05
-2.82184e-03,0.01,-0.01
-2.82176e-03,0.03,0.05
-2.82168e-03,0.03,-0.01
-2.82160e-03,0.03,0.05
-2.82152e-03,0.03,-0.01
-2.82144e-03,0.01,0.05
-2.82136e-03,0.03,-0.01
-2.82128e-03,0.03,0.05
-2.82120e-03,0.05,-0.01
-2.82112e-03,0.03,0.05
-2.82104e-03,0.01,-0.01
-2.82096e-03,0.01,0.05
-2.82088e-03,0.05,-0.01
-2.82080e-03,0.03,0.05
-2.82072e-03,0.03,-0.01
-2.82064e-03,0.03,0.05
-2.82056e-03,0.03,-0.01
-2.82048e-03,0.07,0.03
-2.82040e-03,0.03,-0.05
-2.82032e-03,0.03,0.13
-2.82024e-03,0.05,-0.01
-2.82016e-03,0.01,0.07
-2.82008e-03,0.03,-0.03
-2.82000e-03,0.01,0.05
-2.81992e-03,0.05,-0.01
-2.81984e-03,0.01,0.05
-2.81976e-03,0.05,-0.01
-2.81968e-03,0.05,0.07
-2.81960e-03,0.03,-0.01
-2.81952e-03,0.03,0.07
-2.81944e-03,0.01,-0.01
-2.81936e-03,0.07,0.05
-2.81928e-03,0.03,-0.03
-2.81920e-03,0.03,0.07
-2.81912e-03,0.01,-0.01
-2.81904e-03,0.05,0.05
-2.81896e-03,0.03,-0.01
-2.81888e-03,0.03,0.05
-2.81880e-03,0.05,-0.01
-2.81872e-03,0.01,0.05
-2.81864e-03,0.01,-0.01
-2.81856e-03,0.01,0.05
-2.81848e-03,0.03,-0.01
-2.81840e-03,0.01,0.05
-2.81832e-03,0.03,-0.01
-2.81824e-03,0.03,0.05
-2.81816e-03,0.03,-0.01
-2.81808e-03,0.05,0.05
-2.81800e-03,0.03,-0.03
-2.81792e-03,0.05,0.05
-2.81784e-03,0.01,-0.01
-2.81776e-03,0.03,0.05
-2.81768e-03,0.03,-0.01
-2.81760e-03,0.03,0.07
-2.81752e-03,0.05,-0.01
-2.81744e-03,0.03,0.05
-2.81736e-03,0.03,-0.01
-2.81728e-03,0.01,0.05
-2.81720e-03,0.03,-0.01
-2.81712e-03,-0.01,0.05
-2.81704e-03,0.03,-0.03
-2.81696e-03,0.03,0.05
-2.81688e-03,0.03,-0.03
-2.81680e-03,0.05,0.05
-2.81672e-03,0.03,-0.03
-2.81664e-03,0.05,0.05
-2.81656e-03,0.01,-0.03
-2.81648e-03,0.05,0.05
-2.81640e-03,0.05,-0.01
-2.81632e-03,0.03,0.05
-2.81624e-03,0.01,-0.03
-2.81616e-03,0.05,0.07
-2.81608e-03,0.03,-0.03
-2.81600e-03,0.03,0.07
-2.81592e-03,0.03,-0.03
-2.81584e-03,0.03,0.05
-2.81576e-03,0.03,-0.01
-2.81568e-03,0.01,0.05
-2.81560e-03,0.03,-0.01
-2.81552e-03,0.03,0.05
-2.81544e-03,0.03,-0.01
-2.81536e-03,0.03,0.05
-2.81528e-03,0.01,-0.01
-2.81520e-03,0.03,0.05
-2.81512e-03,0.03,-0.01
-2.81504e-03,0.03,0.05
-2.81496e-03,0.03,-0.03
-2.81488e-03,0.03,0.05
-2.81480e-03,0.05,-0.01
-2.81472e-03,0.03,0.05
-2.81464e-03,0.03,-0.01
-2.81456e-03,0.03,0.05
-2.81448e-03,0.03,-0.01
-2.81440e-03,0.01,0.05
-2.81432e-03,0.03,-0.01
-2.81424e-03,0.01,0.05
-2.81416e-03,0.03,-0.03
-2.81408e-03,0.05,0.05
-2.81400e-03,0.01,-0.01
-2.81392e-03,0.05,0.05
-2.81384e-03,0.01,-0.01
-2.81376e-03,0.03,0.05
-2.81368e-03,0.03,-0.01
-2.81360e-03,0.03,0.05
-2.81352e-03,0.05,-0.01
-2.81344e-03,0.03,0.05
-2.81336e-03,0.03,-0.03
-2.81328e-03,0.03,0.05
-2.81320e-03,0.03,-0.01
-2.81312e-03,0.01,0.05
-2.81304e-03,0.05,-0.03
-2.81296e-03,0.01,0.05
-2.81288e-03,0.01,-0.01
-2.81280e-03,0.03,0.05
-2.81272e-03,0.03,-0.03
-2.81264e-03,0.03,0.05
-2.81256e-03,0.01,-0.01
-2.81248e-03,0.03,0.05
-2.81240e-03,0.03,-0.01
-2.81232e-03,0.03,0.05
-2.81224e-03,0.01,-0.01
-2.81216e-03,0.03,0.05
-2.81208e-03,0.03,-0.03
-2.81200e-03,0.03,0.05
-2.81192e-03,0.01,-0.03
-2.81184e-03,0.01,0.07
-2.81176e-03,0.03,-0.03
-2.81168e-03,0.03,0.05
-2.81160e-03,0.03,-0.03
-2.81152e-03,0.03,0.05
-2.81144e-03,0.03,-0.01
-2.81136e-03,0.05,0.05
-2.81128e-03,0.01,-0.03
-2.81120e-03,0.03,0.05
-2.81112e-03,0.01,-0.03
-2.81104e-03,0.03,0.05
-2.81096e-03,0.03,-0.03
-2.81088e-03,0.03,0.05
-2.81080e-03,0.03,-0.01
-2.81072e-03,0.03,0.05
-2.81064e-03,0.05,-0.03
-2.81056e-03,0.01,0.05
-2.81048e-03,0.05,-0.03
-2.81040e-03,0.03,0.05
-2.81032e-03,0.03,-0.01
-2.81024e-03,0.03,0.05
-2.81016e-03,0.03,-0.01
-2.81008e-03,0.03,0.05
-2.81000e-03,0.03,-0.03
-2.80992e-03,0.03,0.05
-2.80984e-03,0.03,-0.01
-2.80976e-03,0.03,0.05
-2.80968e-03,0.01,-0.03
-2.80960e-03,0.03,0.05
-2.80952e-03,0.03,-0.03
-2.80944e-03,0.03,0.07
-2.80936e-03,0.05,-0.03
-2.80928e-03,0.03,0.07
-2.80920e-03,0.03,-0.03
-2.80912e-03,0.03,0.07
-2.80904e-03,0.03,-0.03
-2.80896e-03,0.03,0.07
-2.80888e-03,0.01,-0.01
-2.80880e-03,0.05,0.05
-2.80872e-03,0.01,-0.01
-2.80864e-03,0.03,0.07
-2.80856e-03,0.03,-0.03
-2.80848e-03,0.03,0.07
-2.80840e-03,0.03,-0.03
-2.80832e-03,0.03,0.05
-2.80824e-03,0.03,-0.03
-2.80816e-03,0.01,0.05
-2.80808e-03,0.03,-0.03
-2.80800e-03,0.01,0.05
-2.80792e-03,0.05,-0.03
-2.80784e-03,0.01,0.05
-2.80776e-03,0.03,-0.03
-2.80768e-03,0.03,0.05
-2.80760e-03,0.03,-0.03
-2.80752e-03,0.05,0.05
-2.80744e-03,0.03,-0.03
-2.80736e-03,0.03,0.05
-2.80728e-03,0.03,-0.01
-2.80720e-03,0.03,0.05
-2.80712e-03,0.01,-0.03
-2.80704e-03,0.03,0.05
-2.80696e-03,0.01,-0.01
-2.80688e-03,0.01,0.05
-2.80680e-03,0.03,-0.01
-2.80672e-03,0.01,0.05
-2.80664e-03,0.05,-0.03
-2.80656e-03,0.01,0.05
-2.80648e-03,0.03,-0.03
-2.80640e-03,0.03,0.05
-2.80632e-03,0.03,-0.03
-2.80624e-03,0.03,0.05
-2.80616e-03,0.01,-0.01
-2.80608e-03,0.05,0.05
-2.80600e-03,0.01,-0.03
-2.80592e-03,0.03,0.05
-2.80584e-03,0.03,-0.03
-2.80576e-03,0.03,0.05
-2.80568e-03,0.03,-0.01
-2.80560e-03,0.03,0.05
-2.80552e-03,0.03,-0.01
-2.80544e-03,0.01,0.05
-2.80536e-03,0.03,-0.03
-2.80528e-03,0.01,0.07
-2.80520e-03,0.03,-0.03
-2.80512e-03,0.01,0.07
-2.80504e-03,0.03,-0.01
-2.80496e-03,0.03,0.05
-2.80488e-03,0.03,-0.01
-2.80480e-03,0.03,0.05
-2.80472e-03,0.03,-0.01
-2.80464e-03,0.03,0.05
-2.80456e-03,0.03,-0.01
-2.80448e-03,0.05,0.05
-2.80440e-03,0.01,-0.01
-2.80432e-03,0.03,0.05
-2.80424e-03,0.05,-0.03
-2.80416e-03,0.03,0.05
-2.80408e-03,0.05,-0.03
-2.80400e-03,0.03,0.05
-2.80392e-03,0.05,-0.01
-2.80384e-03,0.01,0.05
-2.80376e-03,0.03,-0.01
-2.80368e-03,0.03,0.05
-2.80360e-03,0.05,-0.01
-2.80352e-03,0.03,0.05
-2.80344e-03,0.03,-0.01
-2.80336e-03,0.03,0.07
-2.80328e-03,0.03,-0.01
-2.80320e-03,0.05,0.05
-2.80312e-03,0.03,-0.01
-2.80304e-03,0.03,0.05
-2.80296e-03,0.03,-0.01
-2.80288e-03,0.01,0.05
-2.80280e-03,0.03,-0.03
-2.80272e-03,0.03,0.05
-2.80264e-03,0.05,-0.01
-2.80256e-03,0.03,0.07
-2.80248e-03,0.03,-0.01
-2.80240e-03,0.03,0.05
-2.80232e-03,0.03,-0.01
-2.80224e-03,0.03,0.05
-2.80216e-03,0.03,-0.03
-2.80208e-03,0.03,0.05
-2.80200e-03,0.03,-0.01
-2.80192e-03,0.03,0.05
-2.80184e-03,0.01,-0.01
-2.80176e-03,0.05,0.05
-2.80168e-03,0.03,-0.01
-2.80160e-03,0.01,0.05
-2.80152e-03,0.03,-0.01
-2.80144e-03,0.03,0.07
-2.80136e-03,0.05,-0.03
-2.80128e-03,0.03,0.07
-2.80120e-03,0.01,-0.03
-2.80112e-03,0.01,0.07
-2.80104e-03,0.01,-0.03
-2.80096e-03,0.01,0.07
-2.80088e-03,0.03,-0.01
-2.80080e-03,0.03,0.05
-2.80072e-03,0.03,-0.03
-2.80064e-03,0.03,0.05
-2.80056e-03,0.01,-0.03
-2.80048e-03,0.05,0.05
-2.80040e-03,0.03,-0.03
-2.80032e-03,0.01,0.07
-2.80024e-03,0.03,-0.01
-2.80016e-03,0.03,0.05
-2.80008e-03,0.05,-0.03
-2.80000e-03,0.01,0.05
-2.79992e-03,0.03,-0.03
-2.79984e-03,0.01,0.05
-2.79976e-03,0.03,-0.03
-2.79968e-03,0.01,0.05
-2.79960e-03,0.03,-0.01
-2.79952e-03,0.03,0.05
-2.79944e-03,0.01,-0.03
-2.79936e-03,0.03,0.05
-2.79928e-03,0.01,-0.01
-2.79920e-03,0.05,0.05
-2.79912e-03,0.03,-0.01
-2.79904e-03,0.03,0.05
-2.79896e-03,0.03,-0.01
-2.79888e-03,0.03,0.05
-2.79880e-03,0.05,-0.01
-2.79872e-03,0.03,0.05
-2.79864e-03,0.03,-0.01
-2.79856e-03,0.01,0.05
-2.79848e-03,0.03,-0.03
-2.79840e-03,0.03,0.05
-2.79832e-03,0.05,-0.03
-2.79824e-03,0.01,0.05
-2.79816e-03,0.03,-0.03
-2.79808e-03,0.03,0.05
-2.79800e-03,0.03,-0.03
-2.79792e-03,0.03,0.05
-2.79784e-03,0.01,-0.01
-2.79776e-03,0.03,0.05
-2.79768e-03,0.01,-0.03
-2.79760e-03,0.03,0.05
-2.79752e-03,0.03,-0.03
-2.79744e-03,0.03,0.05
-2.79736e-03,0.03,-0.01
-2.79728e-03,0.03,0.05
-2.79720e-03,0.01,-0.01
-2.79712e-03,0.03,0.05
-2.79704e-03,0.03,-0.03
-2.79696e-03,0.03,0.05
-2.79688e-03,0.03,-0.01
-2.79680e-03,0.03,0.05
-2.79672e-03,0.03,-0.01
-2.79664e-03,0.03,0.05
-2.79656e-03,0.01,-0.01
-2.79648e-03,0.05,0.05
-2.79640e-03,0.03,-0.03
-2.79632e-03,0.05,0.05
-2.79624e-03,0.03,-0.01
-2.79616e-03,0.01,0.05
-2.79608e-03,0.05,-0.03
-2.79600e-03,0.01,0.05
-2.79592e-03,0.05,-0.01
-2.79584e-03,0.01,0.05
-2.79576e-03,0.03,-0.03
-2.79568e-03,0.03,0.05
-2.79560e-03,0.03,-0.01
-2.79552e-03,0.05,0.05
-2.79544e-03,0.01,-0.03
-2.79536e-03,0.05,0.05
-2.79528e-03,0.01,-0.01
-2.79520e-03,0.05,0.05
-2.79512e-03,0.03,-0.01
-2.79504e-03,0.05,0.05
-2.79496e-03,0.03,-0.03
-2.79488e-03,0.03,0.07
-2.79480e-03,0.03,-0.01
-2.79472e-03,0.03,0.05
-2.79464e-03,0.05,-0.01
-2.79456e-03,0.03,0.05
-2.79448e-03,0.05,-0.01
-2.79440e-03,0.01,0.05
-2.79432e-03,0.03,-0.01
-2.79424e-03,0.03,0.05
-2.79416e-03,0.01,-0.03
-2.79408e-03,0.01,0.05
-2.79400e-03,0.01,-0.01
-2.79392e-03,0.05,0.05
-2.79384e-03,0.01,-0.03
-2.79376e-03,0.05,0.07
-2.79368e-03,0.03,-0.03
-2.79360e-03,0.03,0.05
-2.79352e-03,0.03,-0.03
-2.79344e-03,0.01,0.05
-2.79336e-03,0.05,-0.01
-2.79328e-03,0.01,0.05
-2.79320e-03,0.03,-0.03
-2.79312e-03,0.01,0.05
-2.79304e-03,0.03,-0.03
-2.79296e-03,0.03,0.05
-2.79288e-03,0.03,-0.01
-2.79280e-03,0.03,0.05
-2.79272e-03,0.01,-0.03
-2.79264e-03,0.03,0.05
-2.79256e-03,0.03,-0.01
-2.79248e-03,0.03,0.05
-2.79240e-03,0.03,-0.01
-2.79232e-03,0.03,0.05
-2.79224e-03,0.03,-0.03
-2.79216e-03,0.01,0.05
-2.79208e-03,0.03,-0.01
-2.79200e-03,0.03,0.05
-2.79192e-03,0.05,-0.01
-2.79184e-03,0.03,0.05
-2.79176e-03,0.03,-0.03
-2.79168e-03,0.03,0.05
-2.79160e-03,0.03,-0.01
-2.79152e-03,0.03,0.05
-2.79144e-03,0.01,-0.01
-2.79136e-03,0.03,0.05
-2.79128e-03,0.01,-0.01
-2.79120e-03,0.03,0.05
-2.79112e-03,0.03,-0.01
-2.79104e-03,0.03,0.05
-2.79096e-03,0.03,-0.01
-2.79088e-03,0.01,0.05
-2.79080e-03,0.05,-0.01
-2.79072e-03,0.03,0.05
-2.79064e-03,0.03,-0.01
-2.79056e-03,0.01,0.05
-2.79048e-03,0.05,-0.01
-2.79040e-03,0.03,0.05
-2.79032e-03,0.03,-0.01
-2.79024e-03,0.03,0.05
-2.79016e-03,0.01,-0.01
-2.79008e-03,0.03,0.05
-2.79000e-03,-0.01,-0.01
-2.78992e-03,0.03,0.05
-2.78984e-03,0.03,-0.01
-2.78976e-03,0.03,0.05
-2.78968e-03,0.01,-0.01
-2.78960e-03,0.03,0.05
-2.78952e-03,0.03,-0.03
-2.78944e-03,0.03,0.05
-2.78936e-03,0.03,-0.01
-2.78928e-03,0.03,0.05
-2.78920e-03,0.03,-0.01
-2.78912e-03,0.01,0.05
-2.78904e-03,0.03,-0.01
-2.78896e-03,0.01,0.05
-2.78888e-03,0.03,-0.01
-2.78880e-03,0.03,0.05
-2.78872e-03,0.03,-0.03
-2.78864e-03,0.03,0.05
-2.78856e-03,0.01,-0.01
-2.78848e-03,0.03,0.05
-2.78840e-03,0.03,-0.01
-2.78832e-03,0.03,0.05
-2.78824e-03,0.03,-0.01
-2.78816e-03,0.03,0.05
-2.78808e-03,0.03,-0.01
-2.78800e-03,0.03,0.05
-2.78792e-03,0.05,-0.01
-2.78784e-03,0.03,0.05
-2.78776e-03,0.03,-0.01
-2.78768e-03,0.05,0.05
-2.78760e-03,0.03,-0.01
-2.78752e-03,0.05,0.05
-2.78744e-03,0.01,-0.03
-2.78736e-03,0.03,0.05
-2.78728e-03,0.03,-0.01
-2.78720e-03,0.03,0.05
-2.78712e-03,0.03,-0.01
-2.78704e-03,0.03,0.05
-2.78696e-03,0.01,-0.01
-2.78688e-03,0.03,0.05
-2.78680e-03,0.01,-0.03
-2.78672e-03,0.01,0.07
-2.78664e-03,0.03,-0.03
-2.78656e-03,0.03,0.07
-2.78648e-03,0.03,-0.03
-2.78640e-03,0.03,0.05
-2.78632e-03,0.03,-0.01
-2.78624e-03,0.03,0.05
-2.78616e-03,0.03,-0.03
-2.78608e-03,0.03,0.07
-2.78600e-03,-0.01,-0.01
-2.78592e-03,0.05,0.05
-2.78584e-03,0.03,-0.03
-2.78576e-03,0.05,0.05
-2.78568e-03,0.03,-0.03
-2.78560e-03,0.01,0.07
-2.78552e-03,0.01,-0.03
-2.78544e-03,0.03,0.07
-2.78536e-03,0.05,-0.03
-2.78528e-03,0.03,0.05
-2.78520e-03,0.03,-0.01
-2.78512e-03,0.03,0.05
-2.78504e-03,0.03,-0.03
-2.78496e-03,0.05,0.05
-2.78488e-03,0.01,-0.03
-2.78480e-03,0.05,0.05
-2.78472e-03,0.01,-0.03
-2.78464e-03,0.05,0.05
-2.78456e-03,0.01,-0.01
-2.78448e-03,0.03,0.05
-2.78440e-03,0.03,-0.03
-2.78432e-03,0.05,0.07
-2.78424e-03,0.05,-0.01
-2.78416e-03,0.01,0.07
-2.78408e-03,0.03,-0.03
-2.78400e-03,0.01,0.05
-2.78392e-03,0.03,-0.01
-2.78384e-03,0.01,0.05
-2.78376e-03,0.03,-0.01
-2.78368e-03,0.03,0.05
-2.78360e-03,0.03,-0.01
-2.78352e-03,0.07,0.05
-2.78344e-03,0.03,-0.01
-2.78336e-03,0.03,0.07
-2.78328e-03,0.03,-0.03
-2.78320e-03,0.05,0.07
-2.78312e-03,0.03,-0.03
-2.78304e-03,0.03,0.05
-2.78296e-03,0.01,-0.03
-2.78288e-03,0.01,0.07
-2.78280e-03,0.05,-0.01
-2.78272e-03,0.03,0.05
-2.78264e-03,0.05,-0.03
-2.78256e-03,0.03,0.07
-2.78248e-03,0.03,-0.03
-2.78240e-03,0.03,0.05
-2.78232e-03,0.03,-0.01
-2.78224e-03,0.03,0.05
-2.78216e-03,0.03,-0.03
-2.78208e-03,0.03,0.05
-2.78200e-03,0.03,-0.01
-2.78192e-03,0.03,0.05
-2.78184e-03,0.01,-0.01
-2.78176e-03,0.03,0.05
-2.78168e-03,0.03,-0.03
-2.78160e-03,0.01,0.05
-2.78152e-03,0.01,-0.03
-2.78144e-03,0.03,0.05
-2.78136e-03,0.03,-0.03
-2.78128e-03,0.01,0.05
-2.78120e-03,0.03,-0.01
-2.78112e-03,0.01,0.05
-2.78104e-03,0.03,-0.03
-2.78096e-03,0.01,0.05
-2.78088e-03,0.03,-0.01
-2.78080e-03,0.03,0.05
-2.78072e-03,0.03,-0.01
-2.78064e-03,0.05,0.05
-2.78056e-03,0.01,-0.03
-2.78048e-03,0.05,0.05
-2.78040e-03,0.03,-0.01
-2.78032e-03,0.03,0.05
-2.78024e-03,0.01,-0.03
-2.78016e-03,0.03,0.05
-2.78008e-03,0.03,-0.01
-2.78000e-03,0.03,0.05
-2.77992e-03,0.01,-0.03
-2.77984e-03,0.03,0.05
-2.77976e-03,0.01,-0.03
-2.77968e-03,0.01,0.07
-2.77960e-03,0.03,-0.03
-2.77952e-03,0.03,0.05
-2.77944e-03,0.01,-0.03
-2.77936e-03,0.03,0.05
-2.77928e-03,0.01,-0.03
-2.77920e-03,0.05,0.05
-2.77912e-03,0.01,-0.03
-2.77904e-03,0.03,0.05
-2.77896e-03,0.01,-0.01
-2.77888e-03,0.03,0.05
-2.77880e-03,0.03,-0.03
-2.77872e-03,0.01,0.05
-2.77864e-03,0.03,-0.01
-2.77856e-03,0.01,0.05
-2.77848e-03,0.03,-0.03
-2.77840e-03,0.01,0.07
-2.77832e-03,0.05,-0.03
-2.77824e-03,0.03,0.05
-2.77816e-03,0.03,-0.03
-2.77808e-03,0.03,0.07
-2.77800e-03,0.01,-0.03
-2.77792e-03,0.05,0.05
-2.77784e-03,0.01,-0.01
-2.77776e-03,0.03,0.05
-2.77768e-03,0.01,-0.03
-2.77760e-03,0.01,0.05
-2.77752e-03,0.05,-0.03
-2.77744e-03,0.03,0.07
-2.77736e-03,0.03,-0.03
-2.77728e-03,0.01,0.05
-2.77720e-03,0.03,-0.05
-2.77712e-03,0.01,0.05
-2.77704e-03,0.01,-0.07
-2.77696e-03,0.03,0.05
-2.77688e-03,0.01,-0.03
-2.77680e-03,0.03,0.05
-2.77672e-03,0.01,-0.03
-2.77664e-03,0.03,0.05
-2.77656e-03,0.01,-0.03
-2.77648e-03,0.03,0.05
-2.77640e-03,0.03,-0.01
-2.77632e-03,0.01,0.05
-2.77624e-03,0.03,-0.01
-2.77616e-03,0.01,0.05
-2.77608e-03,0.01,-0.01
-2.77600e-03,0.01,0.03
-2.77592e-03,0.03,-0.03
-2.77584e-03,0.01,0.05
-2.77576e-03,0.01,-0.01
-2.77568e-03,0.01,0.05
-2.77560e-03,0.03,-0.01
-2.77552e-03,0.01,0.05
-2.77544e-03,0.03,-0.01
-2.77536e-03,0.03,0.05
-2.77528e-03,0.01,-0.03
-2.77520e-03,0.03,0.05
-2.77512e-03,0.03,-0.01
-2.77504e-03,0.03,0.05
-2.77496e-03,0.03,-0.01
-2.77488e-03,0.01,0.05
-2.77480e-03,0.03,-0.01
-2.77472e-03,0.03,0.03
-2.77464e-03,0.01,-0.01
-2.77456e-03,0.03,0.05
-2.77448e-03,0.03,-0.03
-2.77440e-03,0.03,0.05
-2.77432e-03,0.03,-0.01
-2.77424e-03,0.03,0.05
-2.77416e-03,0.01,-0.01
-2.77408e-03,0.03,0.05
-2.77400e-03,0.01,-0.03
-2.77392e-03,0.03,0.05
-2.77384e-03,0.03,-0.01
-2.77376e-03,0.03,0.05
-2.77368e-03,0.03,-0.01
-2.77360e-03,0.03,0.05
-2.77352e-03,0.03,-0.01
-2.77344e-03,0.03,0.05
-2.77336e-03,0.03,-0.03
-2.77328e-03,0.03,0.05
-2.77320e-03,0.01,-0.01
-2.77312e-03,0.03,0.05
-2.77304e-03,0.03,-0.01
-2.77296e-03,0.03,0.05
-2.77288e-03,0.03,-0.01
-2.77280e-03,0.03,0.05
-2.77272e-03,0.01,-0.01
-2.77264e-03,0.03,0.05
-2.77256e-03,0.01,-0.01
-2.77248e-03,0.03,0.05
-2.77240e-03,0.03,-0.01
-2.77232e-03,0.03,0.05
-2.77224e-03,0.03,-0.01
-2.77216e-03,0.03,0.05
-2.77208e-03,0.03,-0.01
-2.77200e-03,0.01,0.05
-2.77192e-03,0.01,-0.01
-2.77184e-03,0.03,0.05
-2.77176e-03,0.03,-0.01
-2.77168e-03,0.05,0.07
-2.77160e-03,0.03,-0.01
-2.77152e-03,0.05,0.05
-2.77144e-03,0.01,-0.01
-2.77136e-03,0.03,0.05
-2.77128e-03,0.01,-0.01
-2.77120e-03,0.03,0.05
-2.77112e-03,0.03,-0.01
-2.77104e-03,0.03,0.05
-2.77096e-03,0.03,-0.01
-2.77088e-03,0.03,0.05
-2.77080e-03,0.03,-0.01
-2.77072e-03,0.03,0.05
-2.77064e-03,0.03,-0.01
-2.77056e-03,0.05,0.05
-2.77048e-03,0.01,-0.01
-2.77040e-03,0.01,0.05
-2.77032e-03,-0.01,-0.05
-2.77024e-03,0.03,0.13
-2.77016e-03,0.03,-0.03
-2.77008e-03,0.07,0.07
-2.77000e-03,0.01,-0.03
-2.76992e-03,0.03,0.07
-2.76984e-03,0.01,-0.03
-2.76976e-03,0.03,0.07
-2.76968e-03,0.01,-0.01
-2.76960e-03,0.01,0.05
-2.76952e-03,0.05,-0.01
-2.76944e-03,0.01,0.05
-2.76936e-03,0.05,-0.01
-2.76928e-03,0.01,0.05
-2.76920e-03,0.05,-0.03
-2.76912e-03,0.01,0.05
-2.76904e-03,0.03,-0.01
-2.76896e-03,0.03,0.05
-2.76888e-03,0.03,-0.01
-2.76880e-03,0.03,0.05
-2.76872e-03,0.01,-0.03
-2.76864e-03,0.03,0.05
-2.76856e-03,0.01,-0.01
-2.76848e-03,0.03,0.05
-2.76840e-03,0.01,-0.03
-2.76832e-03,0.01,0.07
-2.76824e-03,0.03,-0.03
-2.76816e-03,0.03,0.05
-2.76808e-03,0.03,-0.03
-2.76800e-03,0.01,0.05
-2.76792e-03,0.05,-0.01
-2.76784e-03,0.01,0.05
-2.76776e-03,0.03,-0.03
-2.76768e-03,0.03,0.05
-2.76760e-03,0.03,-0.03
-2.76752e-03,0.03,0.05
-2.76744e-03,0.03,-0.01
-2.76736e-03,0.03,0.05
-2.76728e-03,0.01,-0.01
-2.76720e-03,0.05,0.05
-2.76712e-03,0.03,-0.01
-2.76704e-03,0.03,0.05
-2.76696e-03,0.05,-0.01
-2.76688e-03,0.03,0.07
-2.76680e-03,0.03,-0.01
-2.76672e-03,0.03,0.05
-2.76664e-03,0.05,-0.01
-2.76656e-03,0.03,0.05
-2.76648e-03,0.05,-0.01
-2.76640e-03,0.03,0.05
-2.76632e-03,0.01,-0.01
-2.76624e-03,0.03,0.05
-2.76616e-03,0.01,-0.01
-2.76608e-03,0.03,0.05
-2.76600e-03,0.01,-0.01
-2.76592e-03,0.03,0.05
-2.76584e-03,0.03,-0.01
-2.76576e-03,0.03,0.07
-2.76568e-03,0.03,-0.01
-2.76560e-03,0.01,0.05
-2.76552e-03,0.01,-0.01
-2.76544e-03,0.01,0.05
-2.76536e-03,0.03,-0.01
-2.76528e-03,0.01,0.05
-2.76520e-03,0.05,-0.01
-2.76512e-03,0.03,0.05
-2.76504e-03,0.03,-0.01
-2.76496e-03,0.03,0.05
-2.76488e-03,0.01,-0.03
-2.76480e-03,0.03,0.05
-2.76472e-03,0.03,-0.01
-2.76464e-03,0.03,0.05
-2.76456e-03,0.01,-0.03
-2.76448e-03,0.03,0.05
-2.76440e-03,0.03,-0.03
-2.76432e-03,0.01,0.05
-2.76424e-03,0.01,-0.03
-2.76416e-03,0.01,0.05
-2.76408e-03,0.03,-0.01
-2.76400e-03,0.01,0.05
-2.76392e-03,0.03,-0.03
-2.76384e-03,0.01,0.05
-2.76376e-03,0.05,-0.03
-2.76368e-03,0.01,0.05
-2.76360e-03,0.03,-0.03
-2.76352e-03,0.03,0.05
-2.76344e-03,0.01,-0.01
-2.76336e-03,0.03,0.05
-2.76328e-03,0.01,-0.03
-2.76320e-03,0.01,0.05
-2.76312e-03,0.03,-0.01
-2.76304e-03,0.03,0.05
-2.76296e-03,0.03,-0.03
-2.76288e-03,0.01,0.05
-2.76280e-03,-0.01,-0.03
-2.76272e-03,0.01,0.05
-2.76264e-03,0.03,-0.03
-2.76256e-03,0.01,0.07
-2.76248e-03,0.05,-0.03
-2.76240e-03,0.03,0.07
-2.76232e-03,0.03,-0.03
-2.76224e-03,0.01,0.05
-2.76216e-03,0.01,-0.03
-2.76208e-03,0.03,0.05
-2.76200e-03,0.03,-0.03
-2.76192e-03,0.05,0.05
-2.76184e-03,0.01,-0.03
-2.76176e-03,0.03,0.05
-2.76168e-03,0.01,-0.03
-2.76160e-03,0.03,0.05
-2.76152e-03,0.03,-0.03
-2.76144e-03,0.01,0.07
-2.76136e-03,0.05,-0.01
-2.76128e-03,0.01,0.05
-2.76120e-03,0.03,-0.03
-2.76112e-03,0.03,0.05
-2.76104e-03,0.03,-0.03
-2.76096e-03,0.03,0.05
-2.76088e-03,0.03,-0.01
-2.76080e-03,0.03,0.05
-2.76072e-03,0.03,-0.03
-2.76064e-03,0.05,0.05
-2.76056e-03,0.01,-0.01
-2.76048e-03,0.03,0.05
-2.76040e-03,0.03,-0.03
-2.76032e-03,0.03,0.05
-2.76024e-03,0.03,-0.03
-2.76016e-03,0.03,0.05
-2.76008e-03,0.03,-0.03
-2.76000e-03,-0.01,0.05
-2.75992e-03,0.03,-0.03
-2.75984e-03,0.01,0.05
-2.75976e-03,0.05,-0.01
-2.75968e-03,0.03,0.05
-2.75960e-03,0.05,-0.03
-2.75952e-03,0.03,0.05
-2.75944e-03,0.03,-0.01
-2.75936e-03,0.03,0.05
-2.75928e-03,0.01,-0.03
-2.75920e-03,0.03,0.05
-2.75912e-03,0.03,-0.03
-2.75904e-03,0.03,0.05
-2.75896e-03,0.03,-0.01
-2.75888e-03,0.01,0.05
-2.75880e-03,0.03,-0.01
-2.75872e-03,0.01,0.05
-2.75864e-03,0.01,-0.03
-2.75856e-03,0.01,0.05
-2.75848e-03,0.03,-0.01
-2.75840e-03,0.03,0.05
-2.75832e-03,0.01,-0.01
-2.75824e-03,0.03,0.05
-2.75816e-03,0.03,-0.03
-2.75808e-03,0.05,0.05
-2.75800e-03,0.01,-0.01
-2.75792e-03,0.03,0.05
-2.75784e-03,0.03,-0.03
-2.75776e-03,0.03,0.05
-2.75768e-03,0.03,-0.03
-2.75760e-03,0.03,0.05
-2.75752e-03,0.05,-0.03
-2.75744e-03,0.01,0.05
-2.75736e-03,0.03,-0.01
-2.75728e-03,0.01,0.05
-2.75720e-03,0.03,-0.03
-2.75712e-03,0.03,0.03
-2.75704e-03,0.03,-0.01
-2.75696e-03,0.03,0.05
-2.75688e-03,0.01,-0.01
-2.75680e-03,0.05,0.05
-2.75672e-03,0.01,-0.03
-2.75664e-03,0.05,0.05
-2.75656e-03,0.01,-0.03
-2.75648e-03,0.03,0.05
-2.75640e-03,0.03,-0.03
-2.75632e-03,0.03,0.05
-2.75624e-03,0.03,-0.01
-2.75616e-03,0.03,0.05
-2.75608e-03,0.05,-0.03
-2.75600e-03,0.03,0.05
-2.75592e-03,0.03,-0.01
-2.75584e-03,0.03,0.05
-2.75576e-03,0.03,-0.03
-2.75568e-03,0.03,0.05
-2.75560e-03,0.03,-0.03
-2.75552e-03,0.03,0.05
-2.75544e-03,0.01,-0.03
-2.75536e-03,0.03,0.05
-2.75528e-03,0.03,-0.01
-2.75520e-03,0.05,0.05
-2.75512e-03,0.01,-0.01
-2.75504e-03,0.01,0.05
-2.75496e-03,0.05,-0.01
-2.75488e-03,0.03,0.05
-2.75480e-03,0.07,-0.03
-2.75472e-03,0.01,0.05
-2.75464e-03,0.03,-0.03
-2.75456e-03,0.01,0.07
-2.75448e-03,0.03,-0.03
-2.75440e-03,0.03,0.07
-2.75432e-03,0.05,-0.03
-2.75424e-03,0.03,0.05
-2.75416e-03,0.03,-0.01
-2.75408e-03,0.05,0.05
-2.75400e-03,0.01,-0.03
-2.75392e-03,0.05,0.05
-2.75384e-03,0.01,-0.03
-2.75376e-03,0.03,0.05
-2.75368e-03,0.05,-0.01
-2.75360e-03,0.03,0.07
-2.75352e-03,0.05,-0.01
-2.75344e-03,0.03,0.07
-2.75336e-03,0.03,-0.03
-2.75328e-03,0.01,0.07
-2.75320e-03,0.05,-0.03
-2.75312e-03,0.01,0.05
-2.75304e-03,0.05,-0.01
-2.75296e-03,0.03,0.05
-2.75288e-03,0.01,-0.01
-2.75280e-03,0.05,0.05
-2.75272e-03,0.01,-0.01
-2.75264e-03,0.03,0.05
-2.75256e-03,0.01,-0.01
-2.75248e-03,0.03,0.05
-2.75240e-03,0.03,-0.01
-2.75232e-03,0.03,0.05
-2.75224e-03,0.03,-0.01
-2.75216e-03,0.01,0.05
-2.75208e-03,0.05,-0.03
-2.75200e-03,0.03,0.07
-2.75192e-03,0.05,-0.01
-2.75184e-03,0.03,0.05
-2.75176e-03,0.03,-0.01
-2.75168e-03,0.03,0.05
-2.75160e-03,0.03,-0.01
-2.75152e-03,0.03,0.07
-2.75144e-03,0.03,-0.01
-2.75136e-03,0.03,0.05
-2.75128e-03,0.01,-0.03
-2.75120e-03,0.03,0.05
-2.75112e-03,0.01,-0.01
-2.75104e-03,0.01,0.05
-2.75096e-03,0.03,-0.01
-2.75088e-03,0.03,0.05
-2.75080e-03,0.03,-0.03
-2.75072e-03,0.01,0.05
-2.75064e-03,0.03,-0.03
-2.75056e-03,0.01,0.05
-2.75048e-03,0.03,-0.01
-2.75040e-03,-0.01,0.05
-2.75032e-03,0.03,-0.01
-2.75024e-03,0.03,0.05
-2.75016e-03,0.03,-0.03
-2.75008e-03,0.03,0.05
-2.75000e-03,0.01,-0.01
-2.74992e-03,0.03,0.05
-2.74984e-03,0.01,-0.01
-2.74976e-03,0.03,0.05
-2.74968e-03,0.03,-0.03
-2.74960e-03,0.01,0.05
-2.74952e-03,0.03,-0.01
-2.74944e-03,0.03,0.05
-2.74936e-03,0.03,-0.01
-2.74928e-03,0.03,0.05
-2.74920e-03,0.03,-0.01
-2.74912e-03,0.03,0.05
-2.74904e-03,0.03,-0.01
-2.74896e-03,0.03,0.05
-2.74888e-03,0.01,-0.01
-2.74880e-03,0.03,0.05
-2.74872e-03,-0.01,-0.03
-2.74864e-03,0.05,0.05
-2.74856e-03,0.01,-0.03
-2.74848e-03,0.03,0.07
-2.74840e-03,0.01,-0.01
-2.74832e-03,0.01,0.05
-2.74824e-03,0.03,-0.03
-2.74816e-03,0.01,0.05
-2.74808e-03,0.03,-0.03
-2.74800e-03,0.03,0.05
-2.74792e-03,0.03,-0.03
-2.74784e-03,0.03,0.07
-2.74776e-03,0.03,-0.03
-2.74768e-03,0.01,0.05
-2.74760e-03,0.01,-0.01
-2.74752e-03,0.03,0.05
-2.74744e-03,0.01,-0.03
-2.74736e-03,0.01,0.05
-2.74728e-03,0.03,-0.01
-2.74720e-03,0.05,0.05
-2.74712e-03,0.03,-0.03
-2.74704e-03,0.03,0.07
-2.74696e-03,0.01,-0.03
-2.74688e-03,0.03,0.05
-2.74680e-03,0.03,-0.03
-2.74672e-03,0.03,0.07
-2.74664e-03,0.03,-0.03
-2.74656e-03,0.03,0.05
-2.74648e-03,0.05,-0.03
-2.74640e-03,0.03,0.07
-2.74632e-03,0.05,-0.01
-2.74624e-03,0.05,0.07
-2.74616e-03,0.03,-0.03
-2.74608e-03,0.03,0.05
-2.74600e-03,0.03,-0.01
-2.74592e-03,0.03,0.05
-2.74584e-03,0.01,-0.01
-2.74576e-03,0.03,0.05
-2.74568e-03,0.03,-0.01
-2.74560e-03,0.03,0.05
-2.74552e-03,0.03,-0.01
-2.74544e-03,0.03,0.05
-2.74536e-03,0.03,-0.01
-2.74528e-03,0.03,0.05
-2.74520e-03,0.05,-0.03
-2.74512e-03,0.03,0.05
-2.74504e-03,0.03,-0.01
-2.74496e-03,0.03,0.05
-2.74488e-03,0.03,-0.03
-2.74480e-03,0.05,0.05
-2.74472e-03,0.03,-0.03
-2.74464e-03,0.03,0.05
-2.74456e-03,0.03,-0.01
-2.74448e-03,0.01,0.05
-2.74440e-03,0.03,-0.03
-2.74432e-03,0.03,0.05
-2.74424e-03,0.03,-0.03
-2.74416e-03,0.01,0.05
-2.74408e-03,0.03,-0.03
-2.74400e-03,0.01,0.05
-2.74392e-03,0.05,-0.01
-2.74384e-03,0.01,0.05
-2.74376e-03,0.03,-0.01
-2.74368e-03,0.05,0.05
-2.74360e-03,0.01,-0.03
-2.74352e-03,0.05,0.05
-2.74344e-03,0.01,-0.03
-2.74336e-03,0.03,0.05
-2.74328e-03,0.01,-0.03
-2.74320e-03,0.03,0.05
-2.74312e-03,0.03,-0.01
-2.74304e-03,0.03,0.05
-2.74296e-03,0.03,-0.03
-2.74288e-03,0.03,0.05
-2.74280e-03,0.03,-0.03
-2.74272e-03,0.01,0.05
-2.74264e-03,0.03,-0.01
-2.74256e-03,0.01,0.05
-2.74248e-03,0.03,-0.01
-2.74240e-03,0.03,0.05
-2.74232e-03,0.03,-0.01
-2.74224e-03,0.01,0.05
-2.74216e-03,0.03,-0.03
-2.74208e-03,0.03,0.05
-2.74200e-03,0.03,-0.03
-2.74192e-03,0.03,0.05
-2.74184e-03,0.01,-0.01
-2.74176e-03,0.03,0.05
-2.74168e-03,0.03,-0.01
-2.74160e-03,0.01,0.05
-2.74152e-03,0.03,-0.01
-2.74144e-03,0.03,0.05
-2.74136e-03,0.03,-0.01
-2.74128e-03,0.01,0.05
-2.74120e-03,0.03,-0.01
-2.74112e-03,0.03,0.05
-2.74104e-03,0.03,-0.01
-2.74096e-03,0.05,0.05
-2.74088e-03,0.03,-0.01
-2.74080e-03,0.03,0.05
-2.74072e-03,0.03,-0.03
-2.74064e-03,0.03,0.05
-2.74056e-03,0.03,-0.03
-2.74048e-03,0.03,0.05
-2.74040e-03,0.03,-0.01
-2.74032e-03,0.01,0.05
-2.74024e-03,0.03,-0.01
-2.74016e-03,0.01,0.05
-2.74008e-03,0.05,-0.03
-2.74000e-03,-0.01,0.05
-2.73992e-03,0.03,-0.03
-2.73984e-03,0.03,0.07
-2.73976e-03,0.03,-0.01
-2.73968e-03,0.03,0.05
-2.73960e-03,0.03,-0.03
-2.73952e-03,0.03,0.05
-2.73944e-03,0.01,-0.01
-2.73936e-03,0.03,0.05
-2.73928e-03,0.01,-0.01
-2.73920e-03,0.03,0.05
-2.73912e-03,0.03,-0.03
-2.73904e-03,0.05,0.05
-2.73896e-03,0.07,-0.03
-2.73888e-03,0.01,0.05
-2.73880e-03,0.05,-0.03
-2.73872e-03,0.01,0.07
-2.73864e-03,0.03,-0.03
-2.73856e-03,0.01,0.05
-2.73848e-03,0.03,-0.03
-2.73840e-03,0.03,0.05
-2.73832e-03,0.01,-0.03
-2.73824e-03,0.03,0.07
-2.73816e-03,0.03,-0.03
-2.73808e-03,0.03,0.05
-2.73800e-03,0.01,-0.01
-2.73792e-03,0.03,0.05
-2.73784e-03,0.03,-0.03
-2.73776e-03,0.03,0.05
-2.73768e-03,0.03,-0.01
-2.73760e-03,0.03,0.05
-2.73752e-03,0.05,-0.03
-2.73744e-03,0.01,0.05
-2.73736e-03,0.05,-0.03
-2.73728e-03,0.03,0.05
-2.73720e-03,0.03,-0.01
-2.73712e-03,0.03,0.05
-2.73704e-03,0.03,-0.01
-2.73696e-03,0.03,0.05
-2.73688e-03,0.03,-0.01
-2.73680e-03,0.03,0.05
-2.73672e-03,0.03,-0.01
-2.73664e-03,0.03,0.05
-2.73656e-03,0.03,-0.03
-2.73648e-03,0.05,0.05
-2.73640e-03,0.01,-0.03
-2.73632e-03,0.01,0.07
-2.73624e-03,0.03,-0.03
-2.73616e-03,0.03,0.05
-2.73608e-03,0.03,-0.03
-2.73600e-03,0.01,0.05
-2.73592e-03,0.05,-0.01
-2.73584e-03,0.03,0.05
-2.73576e-03,0.03,-0.01
-2.73568e-03,0.03,0.05
-2.73560e-03,0.03,-0.03
-2.73552e-03,0.01,0.05
-2.73544e-03,0.03,-0.03
-2.73536e-03,0.01,0.05
-2.73528e-03,0.01,-0.01
-2.73520e-03,0.03,0.05
-2.73512e-03,0.01,-0.03
-2.73504e-03,0.03,0.05
-2.73496e-03,0.03,-0.03
-2.73488e-03,0.03,0.05
-2.73480e-03,0.03,-0.01
-2.73472e-03,0.01,0.05
-2.73464e-03,0.03,-0.01
-2.73456e-03,0.01,0.05
-2.73448e-03,0.01,-0.01
-2.73440e-03,0.03,0.05
-2.73432e-03,0.01,-0.03
-2.73424e-03,0.03,0.05
-2.73416e-03,0.01,-0.03
-2.73408e-03,0.05,0.05
-2.73400e-03,0.03,-0.01
-2.73392e-03,0.03,0.05
-2.73384e-03,0.01,-0.01
-2.73376e-03,0.03,0.05
-2.73368e-03,0.03,-0.03
-2.73360e-03,0.01,0.05
-2.73352e-03,0.03,-0.01
-2.73344e-03,0.03,0.05
-2.73336e-03,0.03,-0.01
-2.73328e-03,0.01,0.05
-2.73320e-03,0.03,-0.03
-2.73312e-03,0.01,0.05
-2.73304e-03,0.01,-0.03
-2.73296e-03,0.03,0.05
-2.73288e-03,0.01,-0.03
-2.73280e-03,0.03,0.05
-2.73272e-03,0.01,-0.01
-2.73264e-03,0.03,0.05
-2.73256e-03,0.01,-0.03
-2.73248e-03,0.03,0.05
-2.73240e-03,0.03,-0.01
-2.73232e-03,0.03,0.05
-2.73224e-03,0.03,-0.01
-2.73216e-03,0.03,0.05
-2.73208e-03,0.03,-0.01
-2.73200e-03,0.01,0.05
-2.73192e-03,0.03,-0.03
-2.73184e-03,0.01,0.05
-2.73176e-03,0.03,-0.03
-2.73168e-03,0.01,0.05
-2.73160e-03,0.01,-0.03
-2.73152e-03,0.01,0.07
-2.73144e-03,0.01,-0.03
-2.73136e-03,0.05,0.05
-2.73128e-03,0.01,-0.05
-2.73120e-03,0.03,0.07
-2.73112e-03,0.03,-0.01
-2.73104e-03,0.05,0.05
-2.73096e-03,0.01,-0.03
-2.73088e-03,0.03,0.05
-2.73080e-03,0.03,-0.01
-2.73072e-03,0.01,0.07
-2.73064e-03,0.03,-0.03
-2.73056e-03,0.01,0.05
-2.73048e-03,0.05,-0.01
-2.73040e-03,0.01,0.05
-2.73032e-03,0.03,-0.03
-2.73024e-03,0.03,0.05
-2.73016e-03,0.01,-0.01
-2.73008e-03,0.03,0.05
-2.73000e-03,0.03,-0.01
-2.72992e-03,0.03,0.05
-2.72984e-03,0.03,-0.01
-2.72976e-03,0.03,0.05
-2.72968e-03,0.01,-0.03
-2.72960e-03,0.01,0.05
-2.72952e-03,0.03,-0.03
-2.72944e-03,0.01,0.05
-2.72936e-03,0.03,-0.01
-2.72928e-03,0.03,0.05
-2.72920e-03,0.05,-0.01
-2.72912e-03,0.03,0.05
-2.72904e-03,0.03,-0.01
-2.72896e-03,0.03,0.05
-2.72888e-03,0.03,-0.01
-2.72880e-03,0.03,0.05
-2.72872e-03,0.03,-0.03
-2.72864e-03,0.03,0.05
-2.72856e-03,0.01,-0.01
-2.72848e-03,0.05,0.05
-2.72840e-03,0.01,-0.03
-2.72832e-03,0.03,0.05
-2.72824e-03,0.01,-0.03
-2.72816e-03,0.03,0.05
-2.72808e-03,0.01,-0.01
-2.72800e-03,0.01,0.05
-2.72792e-03,0.05,-0.01
-2.72784e-03,0.01,0.05
-2.72776e-03,0.03,-0.03
-2.72768e-03,0.03,0.05
-2.72760e-03,0.03,-0.03
-2.72752e-03,0.03,0.05
-2.72744e-03,0.01,-0.01
-2.72736e-03,0.01,0.05
-2.72728e-03,0.01,-0.01
-2.72720e-03,-0.01,0.05
-2.72712e-03,0.03,-0.07
-2.72704e-03,0.03,0.05
-2.72696e-03,0.01,-0.03
-2.72688e-03,0.01,0.09
-2.72680e-03,0.03,-0.03
-2.72672e-03,0.01,0.05
-2.72664e-03,0.03,-0.01
-2.72656e-03,0.01,0.07
-2.72648e-03,0.01,-0.03
-2.72640e-03,0.03,0.05
-2.72632e-03,0.01,-0.01
-2.72624e-03,0.03,0.05
-2.72616e-03,0.01,-0.01
-2.72608e-03,0.03,0.05
-2.72600e-03,0.03,-0.03
-2.72592e-03,0.03,0.05
-2.72584e-03,0.03,-0.01
-2.72576e-03,0.03,0.05
-2.72568e-03,0.01,-0.01
-2.72560e-03,0.03,0.05
-2.72552e-03,0.03,-0.01
-2.72544e-03,0.01,0.05
-2.72536e-03,0.03,-0.01
-2.72528e-03,0.03,0.05
-2.72520e-03,0.03,-0.01
-2.72512e-03,0.03,0.05
-2.72504e-03,0.03,-0.01
-2.72496e-03,0.03,0.05
-2.72488e-03,0.01,-0.01
-2.72480e-03,0.05,0.05
-2.72472e-03,0.01,-0.01
-2.72464e-03,0.03,0.05
-2.72456e-03,0.01,-0.03
-2.72448e-03,0.03,0.07
-2.72440e-03,0.03,-0.01
-2.72432e-03,0.03,0.05
-2.72424e-03,0.03,-0.01
-2.72416e-03,0.01,0.05
-2.72408e-03,0.03,-0.03
-2.72400e-03,0.03,0.05
-2.72392e-03,0.03,-0.01
-2.72384e-03,0.03,0.05
-2.72376e-03,0.03,-0.01
-2.72368e-03,0.05,0.05
-2.72360e-03,0.01,-0.01
-2.72352e-03,0.03,0.05
-2.72344e-03,0.01,-0.01
-2.72336e-03,0.03,0.07
-2.72328e-03,0.03,-0.03
-2.72320e-03,0.03,0.07
-2.72312e-03,0.03,-0.03
-2.72304e-03,0.01,0.05
-2.72296e-03,0.03,-0.01
-2.72288e-03,0.03,0.05
-2.72280e-03,0.03,-0.03
-2.72272e-03,0.03,0.07
-2.72264e-03,0.03,-0.01
-2.72256e-03,0.03,0.05
-2.72248e-03,0.03,-0.01
-2.72240e-03,0.03,0.05
-2.72232e-03,0.03,-0.01
-2.72224e-03,0.05,0.05
-2.72216e-03,0.03,-0.01
-2.72208e-03,0.03,0.05
-2.72200e-03,0.03,-0.01
-2.72192e-03,0.03,0.05
-2.72184e-03,0.03,-0.03
-2.72176e-03,0.03,0.05
-2.72168e-03,0.03,-0.01
-2.72160e-03,0.01,0.05
-2.72152e-03,0.05,-0.01
-2.72144e-03,0.03,0.05
-2.72136e-03,0.03,-0.01
-2.72128e-03,0.03,0.05
-2.72120e-03,0.03,-0.01
-2.72112e-03,0.03,0.05
-2.72104e-03,0.03,-0.01
-2.72096e-03,0.03,0.05
-2.72088e-03,0.03,-0.01
-2.72080e-03,0.03,0.05
-2.72072e-03,0.03,-0.01
-2.72064e-03,0.03,0.05
-2.72056e-03,0.03,-0.01
-2.72048e-03,0.09,0.05
-2.72040e-03,-0.01,-0.03
-2.72032e-03,0.05,0.11
-2.72024e-03,0.03,-0.05
-2.72016e-03,0.01,0.13
-2.72008e-03,0.03,-0.01
-2.72000e-03,0.03,0.05
-2.71992e-03,0.03,-0.01
-2.71984e-03,0.03,0.07
-2.71976e-03,0.03,-0.01
-2.71968e-03,0.03,0.05
-2.71960e-03,0.03,-0.03
-2.71952e-03,0.03,0.05
-2.71944e-03,0.01,-0.03
-2.71936e-03,0.03,0.05
-2.71928e-03,0.03,-0.01
-2.71920e-03,0.03,0.05
-2.71912e-03,0.03,-0.01
-2.71904e-03,0.03,0.05
-2.71896e-03,0.01,-0.01
-2.71888e-03,0.01,0.05
-2.71880e-03,0.05,-0.03
-2.71872e-03,0.01,0.05
-2.71864e-03,0.03,-0.03
-2.71856e-03,0.01,0.05
-2.71848e-03,0.03,-0.01
-2.71840e-03,0.05,0.05
-2.71832e-03,0.01,-0.01
-2.71824e-03,0.03,0.05
-2.71816e-03,0.03,-0.03
-2.71808e-03,0.03,0.05
-2.71800e-03,0.03,-0.03
-2.71792e-03,0.03,0.05
-2.71784e-03,0.01,-0.01
-2.71776e-03,0.03,0.05
-2.71768e-03,0.03,-0.01
-2.71760e-03,0.03,0.05
-2.71752e-03,0.03,-0.03
-2.71744e-03,0.01,0.05
-2.71736e-03,0.03,-0.03
-2.71728e-03,0.03,0.05
-2.71720e-03,0.03,-0.01
-2.71712e-03,0.03,0.05
-2.71704e-03,0.03,-0.01
-2.71696e-03,0.03,0.05
-2.71688e-03,0.03,-0.01
-2.71680e-03,0.03,0.05
-2.71672e-03,0.03,-0.03
-2.71664e-03,0.03,0.05
-2.71656e-03,0.01,-0.03
-2.71648e-03,0.03,0.05
-2.71640e-03,0.03,-0.03
-2.71632e-03,0.01,0.05
-2.71624e-03,0.03,-0.01
-2.71616e-03,0.01,0.05
-2.71608e-03,0.05,-0.03
-2.71600e-03,0.03,0.07
-2.71592e-03,0.05,-0.03
-2.71584e-03,0.01,0.05
-2.71576e-03,0.03,-0.05
-2.71568e-03,0.03,0.05
-2.71560e-03,0.01,-0.03
-2.71552e-03,0.03,0.05
-2.71544e-03,0.01,-0.03
-2.71536e-03,0.03,0.05
-2.71528e-03,0.01,-0.01
-2.71520e-03,0.05,0.05
-2.71512e-03,0.03,-0.01
-2.71504e-03,0.01,0.05
-2.71496e-03,0.03,-0.03
-2.71488e-03,0.01,0.05
-2.71480e-03,0.03,-0.03
-2.71472e-03,0.01,0.05
-2.71464e-03,0.03,-0.01
-2.71456e-03,0.01,0.05
-2.71448e-03,0.03,-0.01
-2.71440e-03,0.03,0.05
-2.71432e-03,0.01,-0.03
-2.71424e-03,0.01,0.05
-2.71416e-03,0.03,-0.01
-2.71408e-03,0.03,0.05
-2.71400e-03,0.03,-0.01
-2.71392e-03,0.05,0.03
-2.71384e-03,0.03,-0.03
-2.71376e-03,0.03,0.05
-2.71368e-03,0.03,-0.01
-2.71360e-03,0.03,0.05
-2.71352e-03,0.03,-0.01
-2.71344e-03,0.03,0.05
-2.71336e-03,0.03,-0.01
-2.71328e-03,0.03,0.05
-2.71320e-03,0.03,-0.01
-2.71312e-03,0.03,0.05
-2.71304e-03,0.03,-0.03
-2.71296e-03,0.03,0.05
-2.71288e-03,0.03,-0.01
-2.71280e-03,0.05,0.05
-2.71272e-03,0.01,-0.01
-2.71264e-03,0.03,0.05
-2.71256e-03,0.01,-0.03
-2.71248e-03,0.03,0.05
-2.71240e-03,0.05,-0.01
-2.71232e-03,0.03,0.05
-2.71224e-03,0.05,-0.03
-2.71216e-03,0.01,0.05
-2.71208e-03,0.03,-0.01
-2.71200e-03,0.03,0.05
-2.71192e-03,0.05,-0.03
-2.71184e-03,0.01,0.05
-2.71176e-03,0.05,-0.01
-2.71168e-03,0.03,0.05
-2.71160e-03,0.03,-0.01
-2.71152e-03,0.03,0.05
-2.71144e-03,0.01,-0.03
-2.71136e-03,0.03,0.05
-2.71128e-03,0.03,-0.03
-2.71120e-03,0.03,0.05
-2.71112e-03,0.03,-0.03
-2.71104e-03,0.03,0.05
-2.71096e-03,0.03,-0.01
-2.71088e-03,0.03,0.05
-2.71080e-03,0.03,-0.03
-2.71072e-03,0.01,0.05
-2.71064e-03,0.03,-0.03
-2.71056e-03,0.01,0.05
-2.71048e-03,0.05,-0.01
-2.71040e-03,0.01,0.05
-2.71032e-03,0.01,-0.03
-2.71024e-03,0.03,0.05
-2.71016e-03,0.01,-0.03
-2.71008e-03,0.03,0.05
-2.71000e-03,0.01,-0.01
-2.70992e-03,0.05,0.05
-2.70984e-03,0.03,-0.03
-2.70976e-03,0.03,0.05
-2.70968e-03,0.03,-0.03
-2.70960e-03,0.03,0.07
-2.70952e-03,0.03,-0.03
-2.70944e-03,0.03,0.05
-2.70936e-03,0.03,-0.01
-2.70928e-03,0.03,0.05
-2.70920e-03,0.05,-0.03
-2.70912e-03,0.03,0.05
-2.70904e-03,0.01,-0.01
-2.70896e-03,0.03,0.05
-2.70888e-03,0.01,-0.01
-2.70880e-03,0.05,0.05
-2.70872e-03,0.01,-0.01
-2.70864e-03,0.05,0.05
-2.70856e-03,0.03,-0.01
-2.70848e-03,0.03,0.05
-2.70840e-03,0.05,-0.01
-2.70832e-03,0.03,0.05
-2.70824e-03,0.03,-0.03
-2.70816e-03,0.01,0.07
-2.70808e-03,0.03,-0.03
-2.70800e-03,0.03,0.07
-2.70792e-03,0.05,-0.03
-2.70784e-03,0.05,0.07
-2.70776e-03,0.03,-0.03
-2.70768e-03,0.03,0.05
-2.70760e-03,0.03,-0.03
-2.70752e-03,0.03,0.05
-2.70744e-03,0.01,-0.03
-2.70736e-03,0.03,0.07
-2.70728e-03,0.03,-0.01
-2.70720e-03,0.03,0.05
-2.70712e-03,0.03,-0.01
-2.70704e-03,0.03,0.05
-2.70696e-03,0.05,-0.03
-2.70688e-03,0.01,0.05
-2.70680e-03,0.03,-0.01
-2.70672e-03,0.01,0.05
-2.70664e-03,0.03,-0.01
-2.70656e-03,0.03,0.05
-2.70648e-03,0.03,-0.03
-2.70640e-03,0.03,0.05
-2.70632e-03,0.03,-0.01
-2.70624e-03,0.01,0.05
-2.70616e-03,-0.01,-0.01
-2.70608e-03,0.03,0.05
-2.70600e-03,0.01,-0.03
-2.70592e-03,0.03,0.05
-2.70584e-03,0.03,-0.03
-2.70576e-03,0.03,0.05
-2.70568e-03,0.01,-0.01
-2.70560e-03,0.05,0.05
-2.70552e-03,0.03,-0.03
-2.70544e-03,0.01,0.05
-2.70536e-03,0.05,-0.01
-2.70528e-03,0.01,0.05
-2.70520e-03,0.03,-0.03
-2.70512e-03,0.03,0.05
-2.70504e-03,0.03,-0.03
-2.70496e-03,0.01,0.05
-2.70488e-03,0.01,-0.01
-2.70480e-03,0.03,0.05
-2.70472e-03,0.01,-0.01
-2.70464e-03,0.03,0.05
-2.70456e-03,0.03,-0.03
-2.70448e-03,0.03,0.05
-2.70440e-03,0.01,-0.01
-2.70432e-03,0.03,0.05
-2.70424e-03,0.03,-0.01
-2.70416e-03,0.01,0.05
-2.70408e-03,0.05,-0.01
-2.70400e-03,0.01,0.05
-2.70392e-03,0.03,-0.03
-2.70384e-03,0.01,0.05
-2.70376e-03,0.03,-0.03
-2.70368e-03,0.03,0.05
-2.70360e-03,0.03,-0.03
-2.70352e-03,0.05,0.05
-2.70344e-03,0.03,-0.03
-2.70336e-03,0.05,0.05
-2.70328e-03,0.01,-0.01
-2.70320e-03,0.01,0.05
-2.70312e-03,0.01,-0.03
-2.70304e-03,0.03,0.05
-2.70296e-03,0.01,-0.03
-2.70288e-03,0.03,0.05
-2.70280e-03,0.03,-0.03
-2.70272e-03,0.01,0.05
-2.70264e-03,0.03,-0.01
-2.70256e-03,0.01,0.05
-2.70248e-03,0.03,-0.03
-2.70240e-03,0.03,0.05
-2.70232e-03,0.03,-0.03
-2.70224e-03,0.03,0.05
-2.70216e-03,0.01,-0.01
-2.70208e-03,0.03,0.05
-2.70200e-03,0.03,-0.01
-2.70192e-03,0.03,0.05
-2.70184e-03,0.01,-0.01
-2.70176e-03,0.03,0.05
-2.70168e-03,0.03,-0.01
-2.70160e-03,0.03,0.05
-2.70152e-03,0.05,-0.03
-2.70144e-03,-0.01,0.05
-2.70136e-03,0.03,-0.01
-2.70128e-03,0.01,0.07
-2.70120e-03,0.05,-0.01
-2.70112e-03,0.03,0.05
-2.70104e-03,0.03,-0.03
-2.70096e-03,0.03,0.05
-2.70088e-03,0.03,-0.01
-2.70080e-03,0.05,0.05
-2.70072e-03,0.03,-0.01
-2.70064e-03,0.05,0.05
-2.70056e-03,0.03,-0.03
-2.70048e-03,0.05,0.05
-2.70040e-03,0.03,-0.03
-2.70032e-03,0.03,0.05
-2.70024e-03,0.03,-0.03
-2.70016e-03,0.03,0.05
-2.70008e-03,0.03,-0.01
-2.70000e-03,0.03,0.05
-2.69992e-03,0.03,-0.01
-2.69984e-03,0.03,0.05
-2.69976e-03,0.03,-0.03
-2.69968e-03,0.03,0.05
-2.69960e-03,0.03,-0.03
-2.69952e-03,0.05,0.07
-2.69944e-03,0.03,-0.03
-2.69936e-03,0.05,0.05
-2.69928e-03,0.03,-0.01
-2.69920e-03,0.03,0.05
-2.69912e-03,0.03,-0.01
-2.69904e-03,0.05,0.05
-2.69896e-03,0.03,-0.01
-2.69888e-03,0.03,0.05
-2.69880e-03,0.03,-0.01
-2.69872e-03,0.01,0.05
-2.69864e-03,0.03,-0.01
-2.69856e-03,0.01,0.07
-2.69848e-03,0.01,-0.03
-2.69840e-03,0.03,0.05
-2.69832e-03,0.03,-0.01
-2.69824e-03,0.03,0.05
-2.69816e-03,0.03,-0.01
-2.69808e-03,0.03,0.05
-2.69800e-03,0.03,-0.01
-2.69792e-03,0.03,0.05
-2.69784e-03,0.03,-0.03
-2.69776e-03,0.03,0.05
-2.69768e-03,0.03,-0.01
-2.69760e-03,0.01,0.05
-2.69752e-03,0.05,-0.01
-2.69744e-03,0.03,0.05
-2.69736e-03,0.05,-0.01
-2.69728e-03,0.01,0.05
-2.69720e-03,0.03,-0.01
-2.69712e-03,0.01,0.05
-2.69704e-03,0.03,-0.03
-2.69696e-03,0.03,0.05
-2.69688e-03,0.03,-0.03
-2.69680e-03,0.03,0.05
-2.69672e-03,0.03,-0.01
-2.69664e-03,0.03,0.05
-2.69656e-03,0.01,-0.03
-2.69648e-03,0.05,0.07
-2.69640e-03,0.03,-0.03
-2.69632e-03,0.03,0.05
-2.69624e-03,0.05,-0.01
-2.69616e-03,0.01,0.05
-2.69608e-03,0.03,-0.01
-2.69600e-03,0.03,0.05
-2.69592e-03,0.03,-0.01
-2.69584e-03,0.03,0.05
-2.69576e-03,0.03,-0.01
-2.69568e-03,0.03,0.05
-2.69560e-03,0.03,-0.01
-2.69552e-03,0.03,0.05
-2.69544e-03,0.01,-0.03
-2.69536e-03,0.03,0.05
-2.69528e-03,0.05,-0.03
-2.69520e-03,0.03,0.05
-2.69512e-03,0.01,-0.03
-2.69504e-03,0.03,0.05
-2.69496e-03,0.05,-0.03
-2.69488e-03,0.01,0.05
-2.69480e-03,0.05,-0.03
-2.69472e-03,0.01,0.05
-2.69464e-03,0.03,-0.01
-2.69456e-03,0.01,0.05
-2.69448e-03,0.03,-0.01
-2.69440e-03,0.03,0.05
-2.69432e-03,0.01,-0.03
-2.69424e-03,0.03,0.05
-2.69416e-03,0.01,-0.01
-2.69408e-03,0.03,0.05
-2.69400e-03,0.01,-0.01
-2.69392e-03,0.05,0.05
-2.69384e-03,0.01,-0.01
-2.69376e-03,0.03,0.05
-2.69368e-03,0.03,-0.03
-2.69360e-03,0.01,0.05
-2.69352e-03,0.05,-0.01
-2.69344e-03,0.01,0.05
-2.69336e-03,0.03,-0.01
-2.69328e-03,0.01,0.05
-2.69320e-03,0.05,-0.03
-2.69312e-03,0.03,0.05
-2.69304e-03,0.03,-0.01
-2.69296e-03,0.03,0.07
-2.69288e-03,0.03,-0.03
-2.69280e-03,0.03,0.05
-2.69272e-03,-0.01,-0.03
-2.69264e-03,0.01,0.05
-2.69256e-03,-0.01,-0.03
-2.69248e-03,0.05,0.05
-2.69240e-03,0.03,-0.03
-2.69232e-03,0.05,0.07
-2.69224e-03,0.03,-0.03
-2.69216e-03,0.03,0.05
-2.69208e-03,0.05,-0.03
-2.69200e-03,0.03,0.05
-2.69192e-03,0.03,-0.03
-2.69184e-03,0.01,0.05
-2.69176e-03,0.03,-0.03
-2.69168e-03,0.03,0.05
-2.69160e-03,0.01,-0.03
-2.69152e-03,0.03,0.05
-2.69144e-03,0.03,-0.01
-2.69136e-03,0.03,0.05
-2.69128e-03,0.01,-0.01
-2.69120e-03,0.03,0.05
-2.69112e-03,0.01,-0.03
-2.69104e-03,0.01,0.05
-2.69096e-03,0.03,-0.03
-2.69088e-03,0.01,0.07
-2.69080e-03,0.05,-0.03
-2.69072e-03,0.01,0.05
-2.69064e-03,0.05,-0.03
-2.69056e-03,0.01,0.05
-2.69048e-03,0.05,-0.03
-2.69040e-03,0.01,0.05
-2.69032e-03,0.01,-0.01
-2.69024e-03,0.05,0.05
-2.69016e-03,0.03,-0.01
-2.69008e-03,0.03,0.05
-2.69000e-03,0.01,-0.01
-2.68992e-03,0.05,0.05
-2.68984e-03,0.03,-0.03
-2.68976e-03,0.05,0.05
-2.68968e-03,0.03,-0.03
-2.68960e-03,0.03,0.05
-2.68952e-03,0.05,-0.01
-2.68944e-03,0.03,0.05
-2.68936e-03,0.03,-0.03
-2.68928e-03,0.03,0.05
-2.68920e-03,0.05,-0.01
-2.68912e-03,0.03,0.07
-2.68904e-03,0.03,-0.03
-2.68896e-03,0.05,0.05
-2.68888e-03,0.03,-0.01
-2.68880e-03,0.03,0.05
-2.68872e-03,0.01,-0.01
-2.68864e-03,0.05,0.05
-2.68856e-03,0.01,-0.03
-2.68848e-03,0.01,0.05
-2.68840e-03,0.01,-0.01
-2.68832e-03,0.03,0.05
-2.68824e-03,0.03,-0.03
-2.68816e-03,0.03,0.05
-2.68808e-03,0.05,-0.01
-2.68800e-03,0.03,0.05
-2.68792e-03,0.03,-0.03
-2.68784e-03,0.05,0.05
-2.68776e-03,0.03,-0.03
-2.68768e-03,0.03,0.05
-2.68760e-03,0.03,-0.01
-2.68752e-03,0.03,0.05
-2.68744e-03,0.03,-0.03
-2.68736e-03,0.03,0.05
-2.68728e-03,0.03,-0.03
-2.68720e-03,0.03,0.05
-2.68712e-03,0.03,-0.01
-2.68704e-03,0.05,0.05
-2.68696e-03,0.03,-0.03
-2.68688e-03,0.03,0.05
-2.68680e-03,0.03,-0.03
-2.68672e-03,0.03,0.05
-2.68664e-03,0.03,-0.03
-2.68656e-03,0.03,0.05
-2.68648e-03,0.05,-0.01
-2.68640e-03,0.01,0.05
-2.68632e-03,0.03,-0.01
-2.68624e-03,0.03,0.05
-2.68616e-03,0.01,-0.03
-2.68608e-03,0.03,0.05
-2.68600e-03,0.01,-0.01
-2.68592e-03,0.05,0.05
-2.68584e-03,0.01,-0.03
-2.68576e-03,0.01,0.05
-2.68568e-03,0.03,-0.03
-2.68560e-03,0.01,0.05
-2.68552e-03,0.03,-0.01
-2.68544e-03,0.01,0.05
-2.68536e-03,0.03,-0.01
-2.68528e-03,0.01,0.05
-2.68520e-03,0.05,-0.01
-2.68512e-03,0.05,0.05
-2.68504e-03,0.05,-0.01
-2.68496e-03,0.03,0.05
-2.68488e-03,0.01,-0.05
-2.68480e-03,0.03,0.07
-2.68472e-03,0.03,-0.01
-2.68464e-03,0.03,0.07
-2.68456e-03,0.01,-0.03
-2.68448e-03,0.03,0.05
-2.68440e-03,0.03,-0.03
-2.68432e-03,0.01,0.05
-2.68424e-03,0.03,-0.01
-2.68416e-03,0.03,0.05
-2.68408e-03,0.05,-0.03
-2.68400e-03,0.01,0.07
-2.68392e-03,0.03,-0.01
-2.68384e-03,0.03,0.05
-2.68376e-03,0.03,-0.01
-2.68368e-03,0.03,0.05
-2.68360e-03,0.01,-0.03
-2.68352e-03,0.03,0.05
-2.68344e-03,0.01,-0.01
-2.68336e-03,0.03,0.05
-2.68328e-03,0.01,-0.01
-2.68320e-03,0.03,0.05
-2.68312e-03,0.03,-0.03
-2.68304e-03,0.01,0.05
-2.68296e-03,0.01,-0.01
-2.68288e-03,0.03,0.05
-2.68280e-03,0.03,-0.01
-2.68272e-03,0.03,0.05
-2.68264e-03,0.03,-0.03
-2.68256e-03,0.03,0.05
-2.68248e-03,0.03,-0.03
-2.68240e-03,0.01,0.05
-2.68232e-03,0.03,-0.03
-2.68224e-03,0.03,0.05
-2.68216e-03,0.03,-0.03
-2.68208e-03,0.03,0.05
-2.68200e-03,0.01,-0.03
-2.68192e-03,0.03,0.05
-2.68184e-03,0.03,-0.01
-2.68176e-03,0.03,0.05
-2.68168e-03,0.03,-0.01
-2.68160e-03,0.01,0.05
-2.68152e-03,0.03,-0.01
-2.68144e-03,0.03,0.05
-2.68136e-03,0.03,-0.01
-2.68128e-03,0.01,0.05
-2.68120e-03,0.03,-0.01
-2.68112e-03,0.03,0.05
-2.68104e-03,0.01,-0.01
-2.68096e-03,0.03,0.05
-2.68088e-03,0.01,-0.01
-2.68080e-03,0.05,0.05
-2.68072e-03,0.03,-0.01
-2.68064e-03,0.03,0.05
-2.68056e-03,0.03,-0.01
-2.68048e-03,0.05,0.05
-2.68040e-03,0.03,-0.01
-2.68032e-03,0.03,0.07
-2.68024e-03,0.05,-0.01
-2.68016e-03,0.01,0.05
-2.68008e-03,0.03,-0.01
-2.68000e-03,0.01,0.05
-2.67992e-03,0.05,-0.01
-2.67984e-03,0.03,0.05
-2.67976e-03,0.03,-0.01
-2.67968e-03,0.01,0.05
-2.67960e-03,0.01,-0.01
-2.67952e-03,0.03,0.05
-2.67944e-03,0.03,-0.03
-2.67936e-03,0.03,0.05
-2.67928e-03,0.03,-0.03
-2.67920e-03,0.03,0.05
-2.67912e-03,0.03,-0.01
-2.67904e-03,0.03,0.05
-2.67896e-03,0.03,-0.01
-2.67888e-03,0.03,0.05
-2.67880e-03,0.03,-0.01
-2.67872e-03,0.01,0.05
-2.67864e-03,0.03,-0.01
-2.67856e-03,0.01,0.05
-2.67848e-03,0.03,-0.03
-2.67840e-03,0.03,0.05
-2.67832e-03,0.01,-0.01
-2.67824e-03,0.03,0.05
-2.67816e-03,0.03,-0.03
-2.67808e-03,0.05,0.05
-2.67800e-03,0.03,-0.03
-2.67792e-03,0.03,0.05
-2.67784e-03,0.03,-0.03
-2.67776e-03,0.05,0.07
-2.67768e-03,0.03,-0.03
-2.67760e-03,0.03,0.05
-2.67752e-03,0.03,-0.01
-2.67744e-03,0.01,0.05
-2.67736e-03,0.03,-0.03
-2.67728e-03,0.01,0.07
-2.67720e-03,0.01,-0.01
-2.67712e-03,-0.01,0.05
-2.67704e-03,-0.03,-0.07
-2.67696e-03,0.05,0.05
-2.67688e-03,0.03,-0.07
-2.67680e-03,0.05,0.07
-2.67672e-03,0.03,-0.03
-2.67664e-03,0.05,0.05
-2.67656e-03,0.03,-0.01
-2.67648e-03,0.03,0.05
-2.67640e-03,0.03,-0.01
-2.67632e-03,0.01,0.05
-2.67624e-03,0.05,-0.01
-2.67616e-03,0.01,0.05
-2.67608e-03,0.03,-0.01
-2.67600e-03,0.03,0.05
-2.67592e-03,0.03,-0.03
-2.67584e-03,0.03,0.05
-2.67576e-03,0.03,-0.01
-2.67568e-03,0.03,0.05
-2.67560e-03,0.03,-0.01
-2.67552e-03,0.03,0.05
-2.67544e-03,0.03,-0.01
-2.67536e-03,0.05,0.05
-2.67528e-03,0.03,-0.01
-2.67520e-03,0.03,0.05
-2.67512e-03,0.05,-0.01
-2.67504e-03,0.03,0.05
-2.67496e-03,0.05,-0.01
-2.67488e-03,0.03,0.05
-2.67480e-03,0.03,-0.01
-2.67472e-03,0.03,0.05
-2.67464e-03,0.03,-0.01
-2.67456e-03,0.03,0.05
-2.67448e-03,0.03,-0.01
-2.67440e-03,0.03,0.05
-2.67432e-03,0.03,-0.03
-2.67424e-03,0.03,0.05
-2.67416e-03,0.01,-0.01
-2.67408e-03,0.03,0.05
-2.67400e-03,0.01,-0.01
-2.67392e-03,0.03,0.05
-2.67384e-03,0.03,-0.03
-2.67376e-03,0.01,0.05
-2.67368e-03,0.05,-0.01
-2.67360e-03,0.01,0.05
-2.67352e-03,0.03,-0.01
-2.67344e-03,0.01,0.05
-2.67336e-03,0.03,-0.01
-2.67328e-03,0.03,0.05
-2.67320e-03,0.03,-0.01
-2.67312e-03,0.03,0.05
-2.67304e-03,0.03,-0.03
-2.67296e-03,0.01,0.05
-2.67288e-03,0.03,-0.01
-2.67280e-03,0.03,0.05
-2.67272e-03,0.01,-0.03
-2.67264e-03,0.03,0.05
-2.67256e-03,0.03,-0.01
-2.67248e-03,0.03,0.05
-2.67240e-03,0.03,-0.01
-2.67232e-03,0.03,0.05
-2.67224e-03,0.05,-0.01
-2.67216e-03,0.01,0.05
-2.67208e-03,0.03,-0.01
-2.67200e-03,0.01,0.05
-2.67192e-03,0.01,-0.03
-2.67184e-03,0.03,0.05
-2.67176e-03,0.03,-0.03
-2.67168e-03,0.01,0.05
-2.67160e-03,0.03,-0.03
-2.67152e-03,0.03,0.05
-2.67144e-03,0.03,-0.01
-2.67136e-03,0.03,0.05
-2.67128e-03,0.03,-0.01
-2.67120e-03,0.03,0.07
-2.67112e-03,0.03,-0.01
-2.67104e-03,0.03,0.05
-2.67096e-03,0.03,-0.01
-2.67088e-03,0.01,0.05
-2.67080e-03,0.03,-0.01
-2.67072e-03,0.03,0.05
-2.67064e-03,0.03,-0.01
-2.67056e-03,0.01,0.05
-2.67048e-03,0.03,-0.01
-2.67040e-03,0.11,0.05
-2.67032e-03,0.01,-0.01
-2.67024e-03,0.01,0.11
-2.67016e-03,0.05,-0.05
-2.67008e-03,0.03,0.13
-2.67000e-03,0.01,-0.03
-2.66992e-03,0.05,0.05
-2.66984e-03,0.03,-0.01
-2.66976e-03,0.03,0.05
-2.66968e-03,0.05,-0.01
-2.66960e-03,0.05,0.05
-2.66952e-03,0.03,-0.03
-2.66944e-03,0.01,0.05
-2.66936e-03,0.03,-0.03
-2.66928e-03,0.01,0.07
-2.66920e-03,0.05,-0.03
-2.66912e-03,0.03,0.07
-2.66904e-03,0.03,-0.03
-2.66896e-03,0.03,0.05
-2.66888e-03,0.03,-0.01
-2.66880e-03,0.03,0.05
-2.66872e-03,0.01,-0.03
-2.66864e-03,0.05,0.05
-2.66856e-03,0.03,-0.01
-2.66848e-03,0.03,0.05
-2.66840e-03,0.03,-0.01
-2.66832e-03,0.03,0.07
-2.66824e-03,0.03,-0.03
-2.66816e-03,0.03,0.05
-2.66808e-03,0.03,-0.03
-2.66800e-03,0.01,0.05
-2.66792e-03,0.05,-0.03
-2.66784e-03,0.01,0.07
-2.66776e-03,0.03,-0.03
-2.66768e-03,0.03,0.05
-2.66760e-03,0.01,-0.01
-2.66752e-03,0.03,0.07
-2.66744e-03,0.01,-0.01
-2.66736e-03,0.03,0.05
-2.66728e-03,0.01,-0.03
-2.66720e-03,0.03,0.05
-2.66712e-03,0.01,-0.01
-2.66704e-03,0.05,0.05
-2.66696e-03,0.05,-0.01
-2.66688e-03,0.03,0.05
-2.66680e-03,0.03,-0.03
-2.66672e-03,0.01,0.07
-2.66664e-03,0.05,-0.03
-2.66656e-03,0.03,0.05
-2.66648e-03,0.05,-0.01
-2.66640e-03,0.03,0.05
-2.66632e-03,0.03,-0.01
-2.66624e-03,0.05,0.05
-2.66616e-03,0.01,-0.01
-2.66608e-03,0.03,0.05
-2.66600e-03,0.03,-0.03
-2.66592e-03,0.05,0.05
-2.66584e-03,0.03,-0.03
-2.66576e-03,0.03,0.05
-2.66568e-03,0.03,-0.01
-2.66560e-03,0.03,0.05
-2.66552e-03,0.05,-0.03
-2.66544e-03,0.01,0.05
-2.66536e-03,0.03,-0.01
-2.66528e-03,0.03,0.05
-2.66520e-03,0.03,-0.01
-2.66512e-03,0.03,0.05
-2.66504e-03,0.01,-0.01
-2.66496e-03,0.03,0.05
-2.66488e-03,0.03,-0.01
-2.66480e-03,0.05,0.05
-2.66472e-03,0.01,-0.03
-2.66464e-03,0.05,0.05
-2.66456e-03,0.01,-0.03
-2.66448e-03,0.05,0.05
-2.66440e-03,0.03,-0.03
-2.66432e-03,0.03,0.07
-2.66424e-03,0.03,-0.01
-2.66416e-03,0.03,0.05
-2.66408e-03,0.03,-0.01
-2.66400e-03,0.03,0.05
-2.66392e-03,0.05,-0.03
-2.66384e-03,0.01,0.05
-2.66376e-03,0.03,-0.03
-2.66368e-03,0.03,0.05
-2.66360e-03,0.03,-0.03
-2.66352e-03,0.03,0.05
-2.66344e-03,0.01,-0.03
-2.66336e-03,0.03,0.05
-2.66328e-03,0.01,-0.01
-2.66320e-03,0.01,0.05
-2.66312e-03,0.03,-0.03
-2.66304e-03,0.03,0.05
-2.66296e-03,0.03,-0.03
-2.66288e-03,0.01,0.05
-2.66280e-03,0.01,-0.01
-2.66272e-03,0.01,0.05
-2.66264e-03,0.03,-0.03
-2.66256e-03,0.03,0.05
-2.66248e-03,0.03,-0.03
-2.66240e-03,0.03,0.05
-2.66232e-03,0.03,-0.03
-2.66224e-03,0.03,0.05
-2.66216e-03,0.01,-0.03
-2.66208e-03,0.03,0.05
-2.66200e-03,0.03,-0.03
-2.66192e-03,0.03,0.05
-2.66184e-03,0.01,-0.01
-2.66176e-03,0.03,0.05
-2.66168e-03,0.03,-0.01
-2.66160e-03,-0.01,0.05
-2.66152e-03,0.01,-0.03
-2.66144e-03,0.03,0.07
-2.66136e-03,0.05,-0.05
-2.66128e-03,0.03,0.07
-2.66120e-03,0.03,-0.03
-2.66112e-03,0.03,0.05
-2.66104e-03,0.03,-0.03
-2.66096e-03,0.03,0.07
-2.66088e-03,0.03,-0.03
-2.66080e-03,0.03,0.05
-2.66072e-03,0.03,-0.03
-2.66064e-03,0.03,0.07
-2.66056e-03,0.01,-0.03
-2.66048e-03,0.05,0.05
-2.66040e-03,0.01,-0.03
-2.66032e-03,0.03,0.07
-2.66024e-03,0.03,-0.03
-2.66016e-03,0.01,0.05
-2.66008e-03,0.03,-0.03
-2.66000e-03,0.03,0.05
-2.65992e-03,0.03,-0.01
-2.65984e-03,0.03,0.05
-2.65976e-03,0.03,-0.01
-2.65968e-03,0.03,0.05
-2.65960e-03,0.03,-0.01
-2.65952e-03,0.05,0.05
-2.65944e-03,0.03,-0.03
-2.65936e-03,0.03,0.05
-2.65928e-03,0.03,-0.01
-2.65920e-03,0.03,0.05
-2.65912e-03,0.03,-0.01
-2.65904e-03,0.01,0.05
-2.65896e-03,0.03,-0.01
-2.65888e-03,0.01,0.05
-2.65880e-03,0.03,-0.03
-2.65872e-03,0.01,0.05
-2.65864e-03,0.03,-0.01
-2.65856e-03,0.05,0.05
-2.65848e-03,0.03,-0.01
-2.65840e-03,0.03,0.05
-2.65832e-03,0.03,-0.01
-2.65824e-03,0.03,0.05
-2.65816e-03,0.03,-0.01
-2.65808e-03,0.03,0.05
-2.65800e-03,0.01,-0.01
-2.65792e-03,0.05,0.05
-2.65784e-03,0.01,-0.01
-2.65776e-03,0.03,0.05
-2.65768e-03,0.03,-0.01
-2.65760e-03,0.03,0.05
-2.65752e-03,0.03,-0.01
-2.65744e-03,0.03,0.05
-2.65736e-03,0.03,-0.01
-2.65728e-03,0.03,0.05
-2.65720e-03,0.03,-0.01
-2.65712e-03,0.03,0.05
-2.65704e-03,0.03,-0.01
-2.65696e-03,0.05,0.05
-2.65688e-03,0.03,-0.01
-2.65680e-03,0.05,0.05
-2.65672e-03,0.01,-0.01
-2.65664e-03,0.05,0.05
-2.65656e-03,0.03,-0.01
-2.65648e-03,0.05,0.05
-2.65640e-03,0.03,-0.01
-2.65632e-03,0.03,0.05
-2.65624e-03,0.03,-0.01
-2.65616e-03,0.01,0.05
-2.65608e-03,0.03,-0.01
-2.65600e-03,0.01,0.05
-2.65592e-03,0.03,-0.01
-2.65584e-03,0.03,0.05
-2.65576e-03,0.03,-0.01
-2.65568e-03,0.05,0.05
-2.65560e-03,0.01,-0.01
-2.65552e-03,0.05,0.05
-2.65544e-03,0.03,-0.03
-2.65536e-03,0.05,0.05
-2.65528e-03,0.03,-0.03
-2.65520e-03,0.03,0.07
-2.65512e-03,0.03,-0.01
-2.65504e-03,0.03,0.05
-2.65496e-03,0.03,-0.03
-2.65488e-03,0.01,0.05
-2.65480e-03,0.03,-0.03
-2.65472e-03,0.03,0.05
-2.65464e-03,0.03,-0.03
-2.65456e-03,0.03,0.05
-2.65448e-03,0.03,-0.03
-2.65440e-03,0.03,0.05
-2.65432e-03,0.03,-0.01
-2.65424e-03,0.03,0.05
-2.65416e-03,0.03,-0.03
-2.65408e-03,0.05,0.05
-2.65400e-03,0.03,-0.03
-2.65392e-03,0.01,0.05
-2.65384e-03,0.01,-0.03
-2.65376e-03,0.01,0.09
-2.65368e-03,0.03,-0.03
-2.65360e-03,0.03,0.07
-2.65352e-03,0.03,-0.03
-2.65344e-03,0.01,0.05
-2.65336e-03,0.05,-0.01
-2.65328e-03,0.03,0.05
-2.65320e-03,0.03,-0.03
-2.65312e-03,0.03,0.05
-2.65304e-03,0.03,-0.01
-2.65296e-03,0.03,0.05
-2.65288e-03,0.01,-0.01
-2.65280e-03,0.03,0.05
-2.65272e-03,0.01,-0.01
-2.65264e-03,0.05,0.05
-2.65256e-03,0.03,-0.03
-2.65248e-03,0.03,0.05
-2.65240e-03,0.05,-0.03
-2.65232e-03,0.03,0.05
-2.65224e-03,0.05,-0.01
-2.65216e-03,0.01,0.05
-2.65208e-03,0.05,-0.01
-2.65200e-03,0.01,0.05
-2.65192e-03,0.03,-0.01
-2.65184e-03,0.03,0.05
-2.65176e-03,0.03,-0.01
-2.65168e-03,0.03,0.05
-2.65160e-03,0.01,-0.01
-2.65152e-03,0.03,0.05
-2.65144e-03,0.01,-0.01
-2.65136e-03,0.03,0.05
-2.65128e-03,0.03,-0.01
-2.65120e-03,0.03,0.05
-2.65112e-03,0.03,-0.03
-2.65104e-03,0.03,0.05
-2.65096e-03,0.03,-0.03
-2.65088e-03,0.03,0.05
-2.65080e-03,0.03,-0.01
-2.65072e-03,0.01,0.03
-2.65064e-03,0.03,-0.01
-2.65056e-03,0.01,0.05
-2.65048e-03,0.03,-0.01
-2.65040e-03,0.01,0.05
-2.65032e-03,0.01,-0.01
-2.65024e-03,0.03,0.07
-2.65016e-03,0.01,-0.03
-2.65008e-03,0.03,0.05
-2.65000e-03,0.01,-0.01
-2.64992e-03,0.05,0.05
-2.64984e-03,0.03,-0.03
-2.64976e-03,0.03,0.05
-2.64968e-03,0.03,-0.01
-2.64960e-03,0.03,0.05
-2.64952e-03,0.03,-0.03
-2.64944e-03,0.01,0.05
-2.64936e-03,0.03,-0.01
-2.64928e-03,0.03,0.05
-2.64920e-03,0.05,-0.03
-2.64912e-03,0.05,0.05
-2.64904e-03,0.01,-0.03
-2.64896e-03,0.03,0.05
-2.64888e-03,0.01,-0.03
-2.64880e-03,0.05,0.05
-2.64872e-03,0.01,-0.03
-2.64864e-03,0.03,0.05
-2.64856e-03,0.03,-0.01
-2.64848e-03,0.03,0.05
-2.64840e-03,0.03,-0.03
-2.64832e-03,0.03,0.05
-2.64824e-03,0.03,-0.03
-2.64816e-03,0.01,0.07
-2.64808e-03,0.05,-0.01
-2.64800e-03,0.03,0.05
-2.64792e-03,0.05,-0.03
-2.64784e-03,0.03,0.05
-2.64776e-03,0.03,-0.03
-2.64768e-03,0.03,0.05
-2.64760e-03,0.03,-0.01
-2.64752e-03,0.05,0.07
-2.64744e-03,0.03,-0.01
-2.64736e-03,0.01,0.05
-2.64728e-03,0.01,-0.01
-2.64720e-03,0.03,0.05
-2.64712e-03,0.03,-0.03
-2.64704e-03,0.03,0.05
-2.64696e-03,0.05,-0.03
-2.64688e-03,0.05,0.05
-2.64680e-03,0.03,-0.03
-2.64672e-03,0.03,0.05
-2.64664e-03,0.03,-0.03
-2.64656e-03,0.01,0.05
-2.64648e-03,0.03,-0.01
-2.64640e-03,0.03,0.05
-2.64632e-03,0.03,-0.01
-2.64624e-03,0.03,0.05
-2.64616e-03,0.01,-0.03
-2.64608e-03,0.03,0.05
-2.64600e-03,-0.01,-0.03
-2.64592e-03,0.03,0.07
-2.64584e-03,0.03,-0.03
-2.64576e-03,0.05,0.07
-2.64568e-03,0.03,-0.03
-2.64560e-03,0.03,0.07
-2.64552e-03,0.03,-0.03
-2.64544e-03,0.03,0.05
-2.64536e-03,0.03,-0.03
-2.64528e-03,0.01,0.05
-2.64520e-03,0.05,-0.03
-2.64512e-03,0.03,0.05
-2.64504e-03,0.03,-0.01
-2.64496e-03,0.03,0.05
-2.64488e-03,0.03,-0.03
-2.64480e-03,0.03,0.05
-2.64472e-03,0.03,-0.01
-2.64464e-03,0.03,0.05
-2.64456e-03,0.01,-0.01
-2.64448e-03,0.03,0.05
-2.64440e-03,0.03,-0.01
-2.64432e-03,0.03,0.05
-2.64424e-03,0.03,-0.01
-2.64416e-03,0.03,0.05
-2.64408e-03,0.03,-0.01
-2.64400e-03,0.03,0.05
-2.64392e-03,0.03,-0.01
-2.64384e-03,0.01,0.05
-2.64376e-03,0.03,-0.03
-2.64368e-03,0.03,0.05
-2.64360e-03,0.03,-0.03
-2.64352e-03,0.03,0.05
-2.64344e-03,0.01,-0.01
-2.64336e-03,0.03,0.05
-2.64328e-03,0.03,-0.01
-2.64320e-03,0.03,0.05
-2.64312e-03,0.03,-0.03
-2.64304e-03,0.03,0.05
-2.64296e-03,0.03,-0.01
-2.64288e-03,0.01,0.05
-2.64280e-03,0.03,-0.01
-2.64272e-03,0.03,0.05
-2.64264e-03,0.05,-0.03
-2.64256e-03,0.01,0.05
-2.64248e-03,0.03,-0.01
-2.64240e-03,0.03,0.05
-2.64232e-03,0.03,-0.01
-2.64224e-03,0.03,0.05
-2.64216e-03,0.01,-0.03
-2.64208e-03,0.03,0.07
-2.64200e-03,0.03,-0.03
-2.64192e-03,0.03,0.05
-2.64184e-03,0.01,-0.01
-2.64176e-03,0.03,0.05
-2.64168e-03,0.03,-0.01
-2.64160e-03,0.03,0.05
-2.64152e-03,0.05,-0.03
-2.64144e-03,0.01,0.05
-2.64136e-03,0.03,-0.03
-2.64128e-03,0.01,0.05
-2.64120e-03,0.03,-0.03
-2.64112e-03,0.03,0.05
-2.64104e-03,0.03,-0.01
-2.64096e-03,0.03,0.05
-2.64088e-03,0.03,-0.01
-2.64080e-03,0.03,0.05
-2.64072e-03,0.03,-0.01
-2.64064e-03,0.03,0.05
-2.64056e-03,0.03,-0.01
-2.64048e-03,0.03,0.05
-2.64040e-03,0.03,-0.01
-2.64032e-03,0.03,0.05
-2.64024e-03,0.03,-0.01
-2.64016e-03,0.03,0.05
-2.64008e-03,0.05,-0.01
-2.64000e-03,0.01,0.05
-2.63992e-03,0.03,-0.03
-2.63984e-03,0.01,0.05
-2.63976e-03,0.03,-0.01
-2.63968e-03,0.03,0.05
-2.63960e-03,0.01,-0.01
-2.63952e-03,0.03,0.05
-2.63944e-03,0.03,-0.03
-2.63936e-03,0.03,0.05
-2.63928e-03,0.03,-0.03
-2.63920e-03,0.03,0.05
-2.63912e-03,0.03,-0.01
-2.63904e-03,0.03,0.05
-2.63896e-03,0.03,-0.03
-2.63888e-03,0.03,0.05
-2.63880e-03,0.05,-0.01
-2.63872e-03,0.01,0.05
-2.63864e-03,0.03,-0.03
-2.63856e-03,0.05,0.05
-2.63848e-03,0.05,-0.03
-2.63840e-03,0.05,0.07
-2.63832e-03,0.01,-0.03
-2.63824e-03,0.01,0.07
-2.63816e-03,0.01,-0.03
-2.63808e-03,0.03,0.07
-2.63800e-03,0.01,-0.03
-2.63792e-03,0.03,0.07
-2.63784e-03,0.01,-0.03
-2.63776e-03,0.03,0.05
-2.63768e-03,0.01,-0.01
-2.63760e-03,0.01,0.05
-2.63752e-03,0.03,-0.01
-2.63744e-03,0.01,0.05
-2.63736e-03,0.03,-0.01
-2.63728e-03,0.01,0.05
-2.63720e-03,0.01,-0.01
-2.63712e-03,0.01,0.05
-2.63704e-03,0.03,-0.01
-2.63696e-03,0.03,0.05
-2.63688e-03,0.01,-0.01
-2.63680e-03,0.03,0.05
-2.63672e-03,0.03,-0.03
-2.63664e-03,0.03,0.05
-2.63656e-03,0.03,-0.03
-2.63648e-03,0.03,0.05
-2.63640e-03,0.03,-0.03
-2.63632e-03,0.01,0.05
-2.63624e-03,0.03,-0.03
-2.63616e-03,0.01,0.05
-2.63608e-03,0.03,-0.01
-2.63600e-03,0.01,0.05
-2.63592e-03,0.03,-0.03
-2.63584e-03,0.03,0.05
-2.63576e-03,0.03,-0.03
-2.63568e-03,0.03,0.05
-2.63560e-03,0.03,-0.03
-2.63552e-03,0.03,0.05
-2.63544e-03,0.03,-0.01
-2.63536e-03,0.01,0.05
-2.63528e-03,0.03,-0.01
-2.63520e-03,0.05,0.05
-2.63512e-03,0.03,-0.03
-2.63504e-03,0.03,0.07
-2.63496e-03,0.03,-0.03
-2.63488e-03,0.03,0.05
-2.63480e-03,0.03,-0.03
-2.63472e-03,0.01,0.05
-2.63464e-03,0.03,-0.03
-2.63456e-03,0.03,0.05
-2.63448e-03,0.01,-0.03
-2.63440e-03,0.01,0.05
-2.63432e-03,-0.01,-0.03
-2.63424e-03,0.03,0.05
-2.63416e-03,0.01,-0.03
-2.63408e-03,0.03,0.05
-2.63400e-03,0.01,-0.01
-2.63392e-03,0.03,0.05
-2.63384e-03,0.01,-0.03
-2.63376e-03,0.03,0.05
-2.63368e-03,0.03,-0.01
-2.63360e-03,0.01,0.05
-2.63352e-03,0.03,-0.03
-2.63344e-03,0.01,0.05
-2.63336e-03,0.03,-0.03
-2.63328e-03,0.03,0.05
-2.63320e-03,0.03,-0.03
-2.63312e-03,0.01,0.05
-2.63304e-03,0.05,-0.03
-2.63296e-03,0.03,0.05
-2.63288e-03,0.01,-0.03
-2.63280e-03,0.03,0.05
-2.63272e-03,0.01,-0.01
-2.63264e-03,0.05,0.05
-2.63256e-03,0.01,-0.03
-2.63248e-03,0.05,0.05
-2.63240e-03,0.03,-0.01
-2.63232e-03,0.01,0.07
-2.63224e-03,0.05,-0.03
-2.63216e-03,0.03,0.05
-2.63208e-03,0.05,-0.03
-2.63200e-03,0.01,0.05
-2.63192e-03,0.03,-0.01
-2.63184e-03,0.03,0.05
-2.63176e-03,0.03,-0.03
-2.63168e-03,0.03,0.05
-2.63160e-03,0.03,-0.03
-2.63152e-03,0.03,0.05
-2.63144e-03,0.01,-0.01
-2.63136e-03,0.03,0.05
-2.63128e-03,0.01,-0.03
-2.63120e-03,0.05,0.05
-2.63112e-03,0.03,-0.01
-2.63104e-03,0.03,0.05
-2.63096e-03,0.03,-0.03
-2.63088e-03,0.03,0.05
-2.63080e-03,0.05,-0.03
-2.63072e-03,0.03,0.05
-2.63064e-03,0.03,-0.01
-2.63056e-03,0.03,0.05
-2.63048e-03,0.03,-0.05
-2.63040e-03,0.01,0.05
-2.63032e-03,0.01,-0.03
-2.63024e-03,0.03,0.05
-2.63016e-03,0.03,-0.03
-2.63008e-03,0.03,0.05
-2.63000e-03,0.01,-0.03
-2.62992e-03,0.03,0.05
-2.62984e-03,0.01,-0.03
-2.62976e-03,0.01,0.05
-2.62968e-03,0.03,-0.03
-2.62960e-03,0.03,0.05
-2.62952e-03,0.05,-0.01
-2.62944e-03,0.03,0.05
-2.62936e-03,0.03,-0.03
-2.62928e-03,0.03,0.05
-2.62920e-03,0.03,-0.03
-2.62912e-03,0.01,0.05
-2.62904e-03,0.03,-0.01
-2.62896e-03,0.03,0.05
-2.62888e-03,0.03,-0.03
-2.62880e-03,0.03,0.05
-2.62872e-03,0.01,-0.01
-2.62864e-03,0.03,0.05
-2.62856e-03,0.03,-0.01
-2.62848e-03,0.03,0.05
-2.62840e-03,0.03,-0.01
-2.62832e-03,0.03,0.05
-2.62824e-03,0.03,-0.03
-2.62816e-03,0.03,0.07
-2.62808e-03,0.03,-0.01
-2.62800e-03,0.03,0.05
-2.62792e-03,0.03,-0.01
-2.62784e-03,0.03,0.07
-2.62776e-03,0.03,-0.01
-2.62768e-03,0.01,0.05
-2.62760e-03,0.03,-0.03
-2.62752e-03,0.07,0.05
-2.62744e-03,0.03,-0.01
-2.62736e-03,0.01,0.07
-2.62728e-03,0.01,-0.01
-2.62720e-03,0.03,0.05
-2.62712e-03,-0.01,-0.01
-2.62704e-03,0.05,0.05
-2.62696e-03,0.01,-0.09
-2.62688e-03,0.01,0.05
-2.62680e-03,0.03,-0.05
-2.62672e-03,0.01,0.07
-2.62664e-03,0.03,-0.01
-2.62656e-03,0.01,0.05
-2.62648e-03,0.03,-0.01
-2.62640e-03,0.01,0.05
-2.62632e-03,0.01,-0.01
-2.62624e-03,0.03,0.05
-2.62616e-03,0.01,-0.01
-2.62608e-03,0.03,0.05
-2.62600e-03,0.03,-0.01
-2.62592e-03,0.01,0.05
-2.62584e-03,0.03,-0.01
-2.62576e-03,0.01,0.05
-2.62568e-03,0.03,-0.01
-2.62560e-03,0.03,0.05
-2.62552e-03,0.03,-0.01
-2.62544e-03,0.03,0.05
-2.62536e-03,0.03,-0.01
-2.62528e-03,0.03,0.05
-2.62520e-03,0.01,-0.03
-2.62512e-03,0.03,0.05
-2.62504e-03,0.01,-0.01
-2.62496e-03,0.03,0.05
-2.62488e-03,0.03,-0.01
-2.62480e-03,0.03,0.05
-2.62472e-03,-0.01,-0.01
-2.62464e-03,0.03,0.05
-2.62456e-03,0.03,-0.01
-2.62448e-03,0.03,0.05
-2.62440e-03,0.03,-0.01
-2.62432e-03,0.03,0.05
-2.62424e-03,0.03,-0.01
-2.62416e-03,0.05,0.05
-2.62408e-03,0.05,-0.01
-2.62400e-03,0.03,0.05
-2.62392e-03,0.03,-0.03
-2.62384e-03,0.03,0.05
-2.62376e-03,0.03,-0.01
-2.62368e-03,0.03,0.05
-2.62360e-03,0.03,-0.01
-2.62352e-03,0.03,0.05
-2.62344e-03,0.03,-0.01
-2.62336e-03,0.03,0.05
-2.62328e-03,0.03,-0.01
-2.62320e-03,0.01,0.05
-2.62312e-03,0.01,-0.01
-2.62304e-03,0.01,0.05
-2.62296e-03,0.03,-0.01
-2.62288e-03,0.01,0.05
-2.62280e-03,0.05,-0.03
-2.62272e-03,0.03,0.05
-2.62264e-03,0.03,-0.03
-2.62256e-03,0.03,0.05
-2.62248e-03,0.03,-0.03
-2.62240e-03,0.03,0.05
-2.62232e-03,0.01,-0.01
-2.62224e-03,0.05,0.05
-2.62216e-03,0.01,-0.01
-2.62208e-03,0.03,0.05
-2.62200e-03,0.03,-0.01
-2.62192e-03,0.01,0.05
-2.62184e-03,0.03,-0.03
-2.62176e-03,0.01,0.05
-2.62168e-03,0.03,-0.03
-2.62160e-03,0.03,0.05
-2.62152e-03,0.03,-0.03
-2.62144e-03,0.01,0.05
-2.62136e-03,0.03,-0.01
-2.62128e-03,0.01,0.05
-2.62120e-03,0.03,-0.03
-2.62112e-03,0.03,0.05
-2.62104e-03,0.03,-0.01
-2.62096e-03,0.03,0.05
-2.62088e-03,0.03,-0.01
-2.62080e-03,0.03,0.05
-2.62072e-03,0.01,-0.03
-2.62064e-03,0.03,0.05
-2.62056e-03,0.03,-0.03
-2.62048e-03,0.03,0.05
-2.62040e-03,0.01,-0.03
-2.62032e-03,0.05,0.05
-2.62024e-03,0.05,-0.03
-2.62016e-03,0.01,0.13
-2.62008e-03,0.03,-0.05
-2.62000e-03,0.03,0.09
-2.61992e-03,0.03,-0.03
-2.61984e-03,0.03,0.05
-2.61976e-03,0.03,-0.01
-2.61968e-03,0.03,0.05
-2.61960e-03,0.05,-0.01
-2.61952e-03,0.03,0.05
-2.61944e-03,0.03,-0.01
-2.61936e-03,0.03,0.05
-2.61928e-03,0.01,-0.03
-2.61920e-03,0.05,0.05
-2.61912e-03,0.03,-0.01
-2.61904e-03,0.03,0.05
-2.61896e-03,0.03,-0.01
-2.61888e-03,0.03,0.05
-2.61880e-03,0.03,-0.01
-2.61872e-03,0.03,0.05
-2.61864e-03,0.03,-0.01
-2.61856e-03,0.01,0.05
-2.61848e-03,0.03,-0.03
-2.61840e-03,0.03,0.05
-2.61832e-03,0.03,-0.03
-2.61824e-03,0.03,0.05
-2.61816e-03,0.03,-0.03
-2.61808e-03,0.01,0.05
-2.61800e-03,0.01,-0.03
-2.61792e-03,0.05,0.05
-2.61784e-03,0.05,-0.03
-2.61776e-03,0.01,0.05
-2.61768e-03,0.03,-0.03
-2.61760e-03,0.01,0.05
-2.61752e-03,0.03,-0.03
-2.61744e-03,0.03,0.05
-2.61736e-03,0.03,-0.03
-2.61728e-03,0.01,0.05
-2.61720e-03,0.03,-0.03
-2.61712e-03,0.01,0.05
-2.61704e-03,0.01,-0.03
-2.61696e-03,0.03,0.05
-2.61688e-03,0.03,-0.03
-2.61680e-03,0.03,0.05
-2.61672e-03,0.03,-0.03
-2.61664e-03,0.03,0.05
-2.61656e-03,0.03,-0.03
-2.61648e-03,0.01,0.07
-2.61640e-03,0.03,-0.01
-2.61632e-03,0.01,0.05
-2.61624e-03,0.03,-0.03
-2.61616e-03,0.03,0.05
-2.61608e-03,0.03,-0.03
-2.61600e-03,0.01,0.05
-2.61592e-03,0.01,-0.03
-2.61584e-03,0.03,0.05
-2.61576e-03,0.01,-0.03
-2.61568e-03,0.05,0.03
-2.61560e-03,0.03,-0.03
-2.61552e-03,0.03,0.05
-2.61544e-03,0.03,-0.01
-2.61536e-03,0.03,0.05
-2.61528e-03,0.01,-0.03
-2.61520e-03,0.01,0.05
-2.61512e-03,0.03,-0.03
-2.61504e-03,0.05,0.05
-2.61496e-03,0.03,-0.03
-2.61488e-03,0.01,0.07
-2.61480e-03,0.03,-0.03
-2.61472e-03,0.01,0.07
-2.61464e-03,0.03,-0.03
-2.61456e-03,0.01,0.07
-2.61448e-03,0.03,-0.03
-2.61440e-03,0.01,0.07
-2.61432e-03,0.03,-0.01
-2.61424e-03,0.03,0.05
-2.61416e-03,0.01,-0.03
-2.61408e-03,0.03,0.05
-2.61400e-03,0.01,-0.03
-2.61392e-03,0.03,0.05
-2.61384e-03,0.01,-0.03
-2.61376e-03,0.03,0.05
-2.61368e-03,0.03,-0.03
-2.61360e-03,0.01,0.05
-2.61352e-03,0.05,-0.01
-2.61344e-03,0.01,0.05
-2.61336e-03,0.03,-0.01
-2.61328e-03,0.03,0.05
-2.61320e-03,0.03,-0.01
-2.61312e-03,0.03,0.05
-2.61304e-03,0.03,-0.01
-2.61296e-03,0.03,0.05
-2.61288e-03,0.03,-0.03
-2.61280e-03,0.03,0.05
-2.61272e-03,0.01,-0.01
-2.61264e-03,0.05,0.05
-2.61256e-03,-0.01,-0.01
-2.61248e-03,0.03,0.07
-2.61240e-03,0.01,-0.03
-2.61232e-03,0.03,0.05
-2.61224e-03,0.03,-0.01
-2.61216e-03,0.03,0.05
-2.61208e-03,0.03,-0.03
-2.61200e-03,0.03,0.05
-2.61192e-03,0.01,-0.03
-2.61184e-03,0.03,0.05
-2.61176e-03,0.01,-0.01
-2.61168e-03,0.03,0.05
-2.61160e-03,0.03,-0.01
-2.61152e-03,0.03,0.05
-2.61144e-03,0.01,-0.03
-2.61136e-03,0.05,0.05
-2.61128e-03,0.03,-0.01
-2.61120e-03,0.03,0.07
-2.61112e-03,0.03,-0.01
-2.61104e-03,0.03,0.05
-2.61096e-03,0.03,-0.01
-2.61088e-03,0.03,0.05
-2.61080e-03,0.03,-0.01
-2.61072e-03,0.03,0.05
-2.61064e-03,0.03,-0.01
-2.61056e-03,0.01,0.05
-2.61048e-03,0.03,-0.01
-2.61040e-03,0.03,0.05
-2.61032e-03,0.03,-0.01
-2.61024e-03,0.03,0.07
-2.61016e-03,0.01,-0.01
-2.61008e-03,0.03,0.05
-2.61000e-03,0.03,-0.01
-2.60992e-03,0.03,0.05
-2.60984e-03,0.03,-0.01
-2.60976e-03,0.01,0.05
-2.60968e-03,0.03,-0.01
-2.60960e-03,0.03,0.05
-2.60952e-03,0.03,-0.01
-2.60944e-03,0.01,0.05
-2.60936e-03,0.03,-0.01
-2.60928e-03,0.03,0.05
-2.60920e-03,0.05,-0.01
-2.60912e-03,0.03,0.05
-2.60904e-03,0.01,-0.01
-2.60896e-03,0.07,0.05
-2.60888e-03,0.01,-0.03
-2.60880e-03,0.03,0.07
-2.60872e-03,0.01,-0.01
-2.60864e-03,0.03,0.07
-2.60856e-03,0.03,-0.03
-2.60848e-03,0.03,0.05
-2.60840e-03,0.03,-0.01
-2.60832e-03,0.03,0.05
-2.60824e-03,0.03,-0.01
-2.60816e-03,0.03,0.07
-2.60808e-03,0.05,-0.03
-2.60800e-03,0.01,0.05
-2.60792e-03,0.05,-0.01
-2.60784e-03,0.01,0.07
-2.60776e-03,0.03,-0.01
-2.60768e-03,0.03,0.05
-2.60760e-03,0.01,-0.03
-2.60752e-03,0.01,0.05
-2.60744e-03,0.01,-0.03
-2.60736e-03,0.03,0.05
-2.60728e-03,0.05,-0.05
-2.60720e-03,0.03,0.07
-2.60712e-03,0.01,-0.03
-2.60704e-03,0.03,0.05
-2.60696e-03,0.03,-0.03
-2.60688e-03,0.05,0.05
-2.60680e-03,0.03,-0.03
-2.60672e-03,0.03,0.05
-2.60664e-03,0.03,-0.03
-2.60656e-03,0.03,0.05
-2.60648e-03,0.03,-0.01
-2.60640e-03,0.01,0.05
-2.60632e-03,0.03,-0.03
-2.60624e-03,0.03,0.05
-2.60616e-03,0.01,-0.01
-2.60608e-03,0.03,0.05
-2.60600e-03,0.03,-0.03
-2.60592e-03,0.03,0.05
-2.60584e-03,0.01,-0.01
-2.60576e-03,0.03,0.05
-2.60568e-03,0.03,-0.03
-2.60560e-03,0.03,0.05
-2.60552e-03,0.03,-0.01
-2.60544e-03,0.03,0.05
-2.60536e-03,0.03,-0.03
-2.60528e-03,0.01,0.05
-2.60520e-03,0.03,-0.03
-2.60512e-03,0.03,0.05
-2.60504e-03,0.03,-0.01
-2.60496e-03,0.05,0.05
-2.60488e-03,0.03,-0.01
-2.60480e-03,0.03,0.05
-2.60472e-03,0.01,-0.01
-2.60464e-03,0.03,0.05
-2.60456e-03,0.03,-0.03
-2.60448e-03,0.03,0.07
-2.60440e-03,0.03,-0.03
-2.60432e-03,0.03,0.05
-2.60424e-03,0.03,-0.01
-2.60416e-03,0.01,0.05
-2.60408e-03,0.03,-0.01
-2.60400e-03,0.01,0.05
-2.60392e-03,0.05,-0.01
-2.60384e-03,0.03,0.05
-2.60376e-03,0.03,-0.01
-2.60368e-03,0.03,0.05
-2.60360e-03,0.03,-0.01
-2.60352e-03,0.03,0.05
-2.60344e-03,0.01,-0.03
-2.60336e-03,0.03,0.05
-2.60328e-03,0.01,-0.03
-2.60320e-03,0.03,0.05
-2.60312e-03,0.01,-0.01
-2.60304e-03,0.01,0.05
-2.60296e-03,0.03,-0.03
-2.60288e-03,0.03,0.05
-2.60280e-03,0.03,-0.03
-2.60272e-03,0.01,0.05
-2.60264e-03,0.03,-0.03
-2.60256e-03,0.01,0.05
-2.60248e-03,0.03,-0.01
-2.60240e-03,0.03,0.05
-2.60232e-03,0.03,-0.01
-2.60224e-03,0.03,0.05
-2.60216e-03,0.01,-0.01
-2.60208e-03,0.03,0.05
-2.60200e-03,0.03,-0.01
-2.60192e-03,0.05,0.05
-2.60184e-03,0.03,-0.03
-2.60176e-03,0.03,0.05
-2.60168e-03,0.03,-0.01
-2.60160e-03,0.01,0.05
-2.60152e-03,0.03,-0.01
-2.60144e-03,0.01,0.05
-2.60136e-03,0.05,-0.01
-2.60128e-03,0.01,0.05
-2.60120e-03,0.03,-0.03
-2.60112e-03,0.03,0.05
-2.60104e-03,0.03,-0.01
-2.60096e-03,0.01,0.05
-2.60088e-03,0.03,-0.01
-2.60080e-03,0.03,0.05
-2.60072e-03,0.01,-0.01
-2.60064e-03,0.03,0.05
-2.60056e-03,0.01,-0.03
-2.60048e-03,0.03,0.05
-2.60040e-03,0.03,-0.01
-2.60032e-03,0.03,0.05
-2.60024e-03,0.03,-0.03
-2.60016e-03,0.01,0.05
-2.60008e-03,0.05,-0.03
-2.60000e-03,-0.01,0.05
-2.59992e-03,0.03,-0.03
-2.59984e-03,0.03,0.05
-2.59976e-03,0.03,-0.03
-2.59968e-03,0.03,0.05
-2.59960e-03,0.01,-0.01
-2.59952e-03,0.03,0.05
-2.59944e-03,0.03,-0.03
-2.59936e-03,0.05,0.05
-2.59928e-03,0.03,-0.03
-2.59920e-03,0.01,0.05
-2.59912e-03,0.03,-0.03
-2.59904e-03,0.03,0.07
-2.59896e-03,0.03,-0.03
-2.59888e-03,0.01,0.05
-2.59880e-03,0.03,-0.03
-2.59872e-03,0.01,0.05
-2.59864e-03,0.03,-0.03
-2.59856e-03,0.03,0.05
-2.59848e-03,0.05,-0.03
-2.59840e-03,0.03,0.05
-2.59832e-03,0.01,-0.01
-2.59824e-03,0.03,0.05
-2.59816e-03,0.03,-0.01
-2.59808e-03,0.03,0.05
-2.59800e-03,0.03,-0.03
-2.59792e-03,0.03,0.05
-2.59784e-03,0.03,-0.03
-2.59776e-03,0.03,0.05
-2.59768e-03,0.03,-0.03
-2.59760e-03,0.01,0.05
-2.59752e-03,0.03,-0.01
-2.59744e-03,0.03,0.05
-2.59736e-03,0.05,-0.01
-2.59728e-03,0.03,0.05
-2.59720e-03,0.03,-0.03
-2.59712e-03,0.03,0.05
-2.59704e-03,0.03,-0.01
-2.59696e-03,0.03,0.05
-2.59688e-03,0.03,-0.01
-2.59680e-03,0.03,0.05
-2.59672e-03,0.01,-0.01
-2.59664e-03,0.03,0.05
-2.59656e-03,0.03,-0.01
-2.59648e-03,0.05,0.05
-2.59640e-03,0.03,-0.03
-2.59632e-03,0.03,0.05
-2.59624e-03,0.03,-0.01
-2.59616e-03,0.01,0.05
-2.59608e-03,0.03,-0.01
-2.59600e-03,0.01,0.05
-2.59592e-03,0.03,-0.01
-2.59584e-03,0.01,0.05
-2.59576e-03,0.03,-0.03
-2.59568e-03,0.03,0.05
-2.59560e-03,0.01,-0.01
-2.59552e-03,0.03,0.05
-2.59544e-03,0.03,-0.03
-2.59536e-03,0.03,0.05
-2.59528e-03,0.03,-0.03
-2.59520e-03,0.05,0.05
-2.59512e-03,0.03,-0.01
-2.59504e-03,0.03,0.05
-2.59496e-03,0.03,-0.03
-2.59488e-03,0.03,0.05
-2.59480e-03,0.05,-0.01
-2.59472e-03,0.01,0.05
-2.59464e-03,0.05,-0.01
-2.59456e-03,0.03,0.05
-2.59448e-03,0.03,-0.01
-2.59440e-03,0.03,0.05
-2.59432e-03,0.03,-0.03
-2.59424e-03,0.03,0.05
-2.59416e-03,0.03,-0.03
-2.59408e-03,0.03,0.05
-2.59400e-03,0.01,-0.03
-2.59392e-03,0.03,0.05
-2.59384e-03,0.01,-0.01
-2.59376e-03,0.03,0.05
-2.59368e-03,0.03,-0.01
-2.59360e-03,0.01,0.03
-2.59352e-03,0.03,-0.01
-2.59344e-03,0.01,0.05
-2.59336e-03,0.03,-0.01
-2.59328e-03,0.01,0.05
-2.59320e-03,0.03,-0.03
-2.59312e-03,0.03,0.05
-2.59304e-03,0.03,-0.03
-2.59296e-03,0.01,0.05
-2.59288e-03,0.03,-0.01
-2.59280e-03,0.03,0.05
-2.59272e-03,-0.01,-0.01
-2.59264e-03,0.05,0.05
-2.59256e-03,0.03,-0.01
-2.59248e-03,0.03,0.05
-2.59240e-03,0.01,-0.01
-2.59232e-03,0.01,0.05
-2.59224e-03,0.05,-0.03
-2.59216e-03,0.01,0.05
-2.59208e-03,0.03,-0.01
-2.59200e-03,0.03,0.05
-2.59192e-03,0.03,-0.03
-2.59184e-03,0.01,0.07
-2.59176e-03,-0.01,-0.03
-2.59168e-03,0.05,0.07
-2.59160e-03,0.03,-0.03
-2.59152e-03,0.05,0.07
-2.59144e-03,0.01,-0.03
-2.59136e-03,0.03,0.07
-2.59128e-03,0.03,-0.01
-2.59120e-03,0.03,0.05
-2.59112e-03,0.03,-0.01
-2.59104e-03,0.03,0.05
-2.59096e-03,0.05,-0.01
-2.59088e-03,0.01,0.05
-2.59080e-03,0.03,-0.03
-2.59072e-03,0.01,0.05
-2.59064e-03,0.05,-0.01
-2.59056e-03,0.03,0.05
-2.59048e-03,0.03,-0.01
-2.59040e-03,0.01,0.05
-2.59032e-03,0.03,-0.03
-2.59024e-03,0.03,0.05
-2.59016e-03,0.03,-0.01
-2.59008e-03,0.03,0.05
-2.59000e-03,0.01,-0.01
-2.58992e-03,0.05,0.05
-2.58984e-03,0.03,-0.03
-2.58976e-03,0.03,0.05
-2.58968e-03,0.03,-0.01
-2.58960e-03,0.03,0.05
-2.58952e-03,0.03,-0.03
-2.58944e-03,0.03,0.05
-2.58936e-03,0.03,-0.03
-2.58928e-03,0.03,0.05
-2.58920e-03,0.03,-0.01
-2.58912e-03,0.03,0.05
-2.58904e-03,0.03,-0.01
-2.58896e-03,0.03,0.05
-2.58888e-03,0.03,-0.03
-2.58880e-03,0.01,0.05
-2.58872e-03,0.01,-0.03
-2.58864e-03,0.05,0.05
-2.58856e-03,0.01,-0.03
-2.58848e-03,0.05,0.05
-2.58840e-03,0.03,-0.03
-2.58832e-03,0.01,0.05
-2.58824e-03,0.03,-0.03
-2.58816e-03,0.03,0.07
-2.58808e-03,0.05,-0.01
-2.58800e-03,0.03,0.05
-2.58792e-03,0.03,-0.03
-2.58784e-03,0.03,0.07
-2.58776e-03,0.03,-0.01
-2.58768e-03,0.03,0.05
-2.58760e-03,0.03,-0.03
-2.58752e-03,0.05,0.05
-2.58744e-03,0.01,-0.01
-2.58736e-03,0.05,0.05
-2.58728e-03,0.01,-0.01
-2.58720e-03,0.05,0.05
-2.58712e-03,0.03,-0.03
-2.58704e-03,0.03,0.05
-2.58696e-03,0.03,-0.01
-2.58688e-03,0.03,0.05
-2.58680e-03,0.03,-0.01
-2.58672e-03,0.03,0.05
-2.58664e-03,0.05,-0.03
-2.58656e-03,0.03,0.07
-2.58648e-03,0.03,-0.03
-2.58640e-03,0.03,0.05
-2.58632e-03,0.01,-0.01
-2.58624e-03,0.05,0.05
-2.58616e-03,0.01,-0.03
-2.58608e-03,0.03,0.05
-2.58600e-03,0.03,-0.03
-2.58592e-03,0.03,0.05
-2.58584e-03,0.03,-0.03
-2.58576e-03,0.03,0.07
-2.58568e-03,0.05,-0.01
-2.58560e-03,0.01,0.05
-2.58552e-03,0.03,-0.01
-2.58544e-03,0.03,0.05
-2.58536e-03,0.05,-0.01
-2.58528e-03,0.03,0.05
-2.58520e-03,0.03,-0.01
-2.58512e-03,0.03,0.05
-2.58504e-03,0.05,-0.01
-2.58496e-03,0.03,0.07
-2.58488e-03,0.03,-0.01
-2.58480e-03,0.03,0.05
-2.58472e-03,0.01,-0.01
-2.58464e-03,0.05,0.05
-2.58456e-03,0.03,-0.03
-2.58448e-03,0.01,0.05
-2.58440e-03,0.03,-0.01
-2.58432e-03,0.05,0.05
-2.58424e-03,0.03,-0.03
-2.58416e-03,0.03,0.05
-2.58408e-03,0.03,-0.03
-2.58400e-03,0.01,0.05
-2.58392e-03,0.03,-0.03
-2.58384e-03,0.03,0.05
-2.58376e-03,0.03,-0.03
-2.58368e-03,0.05,0.05
-2.58360e-03,0.01,-0.01
-2.58352e-03,0.05,0.07
-2.58344e-03,0.03,-0.03
-2.58336e-03,0.05,0.05
-2.58328e-03,0.01,-0.01
-2.58320e-03,0.05,0.05
-2.58312e-03,0.03,-0.01
-2.58304e-03,0.01,0.07
-2.58296e-03,0.05,-0.03
-2.58288e-03,0.03,0.05
-2.58280e-03,0.03,-0.01
-2.58272e-03,0.05,0.05
-2.58264e-03,0.05,-0.03
-2.58256e-03,0.01,0.07
-2.58248e-03,0.05,-0.03
-2.58240e-03,0.03,0.05
-2.58232e-03,0.03,-0.01
-2.58224e-03,0.03,0.05
-2.58216e-03,0.01,-0.01
-2.58208e-03,0.03,0.05
-2.58200e-03,0.01,-0.01
-2.58192e-03,0.03,0.05
-2.58184e-03,0.01,-0.01
-2.58176e-03,0.03,0.05
-2.58168e-03,0.03,-0.01
-2.58160e-03,0.03,0.05
-2.58152e-03,0.03,-0.01
-2.58144e-03,0.01,0.05
-2.58136e-03,0.03,-0.03
-2.58128e-03,0.01,0.05
-2.58120e-03,0.05,-0.01
-2.58112e-03,0.03,0.05
-2.58104e-03,0.01,-0.01
-2.58096e-03,0.03,0.05
-2.58088e-03,0.01,-0.01
-2.58080e-03,0.03,0.05
-2.58072e-03,0.01,-0.03
-2.58064e-03,0.03,0.05
-2.58056e-03,0.03,-0.01
-2.58048e-03,0.03,0.05
-2.58040e-03,0.01,-0.03
-2.58032e-03,0.01,0.05
-2.58024e-03,0.03,-0.01
-2.58016e-03,0.03,0.05
-2.58008e-03,0.03,-0.01
-2.58000e-03,0.01,0.05
-2.57992e-03,0.03,-0.03
-2.57984e-03,0.01,0.05
-2.57976e-03,0.01,-0.01
-2.57968e-03,0.03,0.05
-2.57960e-03,0.03,-0.03
-2.57952e-03,0.03,0.05
-2.57944e-03,0.03,-0.01
-2.57936e-03,0.05,0.05
-2.57928e-03,0.05,-0.03
-2.57920e-03,0.03,0.05
-2.57912e-03,0.03,-0.01
-2.57904e-03,0.03,0.05
-2.57896e-03,0.03,-0.01
-2.57888e-03,0.03,0.05
-2.57880e-03,0.05,-0.01
-2.57872e-03,0.01,0.05
-2.57864e-03,0.03,-0.03
-2.57856e-03,0.01,0.05
-2.57848e-03,0.03,-0.01
-2.57840e-03,0.03,0.05
-2.57832e-03,0.03,-0.01
-2.57824e-03,0.03,0.05
-2.57816e-03,0.01,-0.03
-2.57808e-03,0.03,0.05
-2.57800e-03,0.01,-0.01
-2.57792e-03,0.05,0.05
-2.57784e-03,0.01,-0.01
-2.57776e-03,0.03,0.05
-2.57768e-03,0.03,-0.01
-2.57760e-03,0.03,0.05
-2.57752e-03,0.03,-0.01
-2.57744e-03,0.01,0.05
-2.57736e-03,0.03,-0.01
-2.57728e-03,0.01,0.05
-2.57720e-03,0.03,-0.03
-2.57712e-03,0.03,0.05
-2.57704e-03,-0.03,-0.01
-2.57696e-03,0.07,0.05
-2.57688e-03,0.03,-0.07
-2.57680e-03,0.03,0.07
-2.57672e-03,0.03,-0.05
-2.57664e-03,0.03,0.07
-2.57656e-03,0.01,-0.01
-2.57648e-03,0.03,0.05
-2.57640e-03,0.03,-0.03
-2.57632e-03,0.03,0.05
-2.57624e-03,0.03,-0.03
-2.57616e-03,0.01,0.05
-2.57608e-03,0.03,-0.03
-2.57600e-03,0.01,0.05
-2.57592e-03,0.03,-0.03
-2.57584e-03,0.03,0.05
-2.57576e-03,0.05,-0.01
-2.57568e-03,0.05,0.05
-2.57560e-03,0.01,-0.01
-2.57552e-03,0.03,0.05
-2.57544e-03,0.03,-0.03
-2.57536e-03,0.03,0.05
-2.57528e-03,0.03,-0.03
-2.57520e-03,0.03,0.05
-2.57512e-03,0.03,-0.01
-2.57504e-03,0.01,0.05
-2.57496e-03,0.03,-0.01
-2.57488e-03,0.03,0.05
-2.57480e-03,0.03,-0.03
-2.57472e-03,0.01,0.05
-2.57464e-03,0.03,-0.01
-2.57456e-03,0.01,0.05
-2.57448e-03,0.03,-0.01
-2.57440e-03,0.03,0.05
-2.57432e-03,0.03,-0.01
-2.57424e-03,0.03,0.05
-2.57416e-03,0.03,-0.01
-2.57408e-03,0.03,0.05
-2.57400e-03,0.03,-0.01
-2.57392e-03,0.03,0.05
-2.57384e-03,0.01,-0.01
-2.57376e-03,0.03,0.05
-2.57368e-03,0.03,-0.01
-2.57360e-03,0.03,0.05
-2.57352e-03,0.03,-0.01
-2.57344e-03,0.01,0.05
-2.57336e-03,0.01,-0.01
-2.57328e-03,0.01,0.05
-2.57320e-03,0.03,-0.03
-2.57312e-03,0.03,0.05
-2.57304e-03,0.01,-0.03
-2.57296e-03,0.03,0.05
-2.57288e-03,0.01,-0.03
-2.57280e-03,0.05,0.05
-2.57272e-03,0.03,-0.03
-2.57264e-03,0.03,0.05
-2.57256e-03,0.03,-0.01
-2.57248e-03,0.03,0.05
-2.57240e-03,0.03,-0.01
-2.57232e-03,0.03,0.05
-2.57224e-03,0.03,-0.01
-2.57216e-03,0.01,0.05
-2.57208e-03,0.03,-0.01
-2.57200e-03,0.01,0.05
-2.57192e-03,0.03,-0.03
-2.57184e-03,0.03,0.05
-2.57176e-03,0.03,-0.01
-2.57168e-03,0.03,0.05
-2.57160e-03,0.01,-0.01
-2.57152e-03,0.03,0.05
-2.57144e-03,0.01,-0.01
-2.57136e-03,0.03,0.05
-2.57128e-03,0.03,-0.01
-2.57120e-03,0.03,0.05
-2.57112e-03,0.03,-0.01
-2.57104e-03,0.03,0.05
-2.57096e-03,0.03,-0.01
-2.57088e-03,0.03,0.05
-2.57080e-03,0.03,-0.03
-2.57072e-03,0.01,0.05
-2.57064e-03,0.03,-0.01
-2.57056e-03,0.05,0.05
-2.57048e-03,0.03,-0.01
-2.57040e-03,0.03,0.05
-2.57032e-03,0.01,-0.01
-2.57024e-03,0.05,0.05
-2.57016e-03,0.03,-0.01
-2.57008e-03,0.03,0.13
-2.57000e-03,0.01,-0.05
-2.56992e-03,0.03,0.07
-2.56984e-03,0.03,-0.01
-2.56976e-03,0.03,0.05
-2.56968e-03,0.05,-0.03
-2.56960e-03,0.01,0.05
-2.56952e-03,0.05,-0.01
-2.56944e-03,0.03,0.05
-2.56936e-03,0.05,-0.01
-2.56928e-03,0.01,0.05
-2.56920e-03,0.03,-0.01
-2.56912e-03,0.03,0.05
-2.56904e-03,0.01,-0.01
-2.56896e-03,0.03,0.05
-2.56888e-03,0.01,-0.01
-2.56880e-03,0.07,0.05
-2.56872e-03,0.01,-0.01
-2.56864e-03,0.01,0.07
-2.56856e-03,0.01,-0.03
-2.56848e-03,0.05,0.05
-2.56840e-03,0.05,-0.03
-2.56832e-03,0.03,0.07
-2.56824e-03,0.03,-0.03
-2.56816e-03,0.03,0.05
-2.56808e-03,0.03,-0.01
-2.56800e-03,0.01,0.07
-2.56792e-03,0.03,-0.01
-2.56784e-03,0.03,0.05
-2.56776e-03,0.03,-0.01
-2.56768e-03,0.03,0.05
-2.56760e-03,0.01,-0.03
-2.56752e-03,0.03,0.05
-2.56744e-03,0.01,-0.03
-2.56736e-03,0.03,0.05
-2.56728e-03,0.03,-0.01
-2.56720e-03,0.01,0.05
-2.56712e-03,0.03,-0.01
-2.56704e-03,0.03,0.05
-2.56696e-03,0.03,-0.01
-2.56688e-03,0.03,0.05
-2.56680e-03,0.03,-0.03
-2.56672e-03,0.03,0.05
-2.56664e-03,0.05,-0.01
-2.56656e-03,0.03,0.07
-2.56648e-03,0.01,-0.03
-2.56640e-03,0.01,0.05
-2.56632e-03,0.03,-0.01
-2.56624e-03,0.03,0.05
-2.56616e-03,0.01,-0.03
-2.56608e-03,0.05,0.05
-2.56600e-03,0.01,-0.01
-2.56592e-03,0.03,0.05
-2.56584e-03,0.03,-0.01
-2.56576e-03,0.01,0.05
-2.56568e-03,0.03,-0.01
-2.56560e-03,0.01,0.05
-2.56552e-03,0.03,-0.03
-2.56544e-03,-0.01,0.05
-2.56536e-03,0.05,-0.03
-2.56528e-03,0.01,0.05
-2.56520e-03,0.03,-0.01
-2.56512e-03,0.01,0.05
-2.56504e-03,0.01,-0.01
-2.56496e-03,0.03,0.05
-2.56488e-03,0.01,-0.01
-2.56480e-03,0.03,0.05
-2.56472e-03,0.01,-0.01
-2.56464e-03,0.03,0.05
-2.56456e-03,0.03,-0.01
-2.56448e-03,0.01,0.05
-2.56440e-03,0.01,-0.01
-2.56432e-03,0.03,0.05
-2.56424e-03,0.03,-0.01
-2.56416e-03,0.01,0.05
-2.56408e-03,0.03,-0.01
-2.56400e-03,0.01,0.05
-2.56392e-03,0.03,-0.01
-2.56384e-03,0.01,0.05
-2.56376e-03,0.05,-0.03
-2.56368e-03,0.03,0.05
-2.56360e-03,0.01,-0.01
-2.56352e-03,0.03,0.05
-2.56344e-03,0.03,-0.03
-2.56336e-03,0.03,0.05
-2.56328e-03,0.01,-0.01
-2.56320e-03,0.01,0.05
-2.56312e-03,0.01,-0.01
-2.56304e-03,0.03,0.05
-2.56296e-03,0.03,-0.01
-2.56288e-03,0.03,0.05
-2.56280e-03,0.03,-0.01
-2.56272e-03,0.03,0.05
-2.56264e-03,0.03,-0.03
-2.56256e-03,0.01,0.05
-2.56248e-03,0.03,-0.01
-2.56240e-03,0.03,0.05
-2.56232e-03,0.03,-0.01
-2.56224e-03,0.03,0.05
-2.56216e-03,0.01,-0.01
-2.56208e-03,0.03,0.07
-2.56200e-03,0.01,-0.03
-2.56192e-03,0.03,0.05
-2.56184e-03,0.03,-0.01
-2.56176e-03,0.03,0.05
-2.56168e-03,0.03,-0.01
-2.56160e-03,0.03,0.07
-2.56152e-03,0.05,-0.01
-2.56144e-03,0.01,0.05
-2.56136e-03,0.05,-0.01
-2.56128e-03,0.03,0.05
-2.56120e-03,0.05,-0.01
-2.56112e-03,0.07,0.05
-2.56104e-03,0.05,-0.01
-2.56096e-03,0.03,0.07
-2.56088e-03,0.01,-0.03
-2.56080e-03,0.03,0.07
-2.56072e-03,0.03,-0.01
-2.56064e-03,0.05,0.07
-2.56056e-03,0.03,-0.03
-2.56048e-03,0.03,0.05
-2.56040e-03,0.03,-0.01
-2.56032e-03,0.03,0.07
-2.56024e-03,0.03,-0.01
-2.56016e-03,0.03,0.05
-2.56008e-03,0.03,-0.01
-2.56000e-03,0.03,0.05
-2.55992e-03,0.03,-0.03
-2.55984e-03,0.03,0.05
-2.55976e-03,0.03,-0.01
-2.55968e-03,0.03,0.05
-2.55960e-03,0.03,-0.01
-2.55952e-03,0.03,0.05
-2.55944e-03,0.03,-0.01
-2.55936e-03,0.01,0.05
-2.55928e-03,0.03,-0.01
-2.55920e-03,0.01,0.05
-2.55912e-03,0.03,-0.03
-2.55904e-03,0.03,0.05
-2.55896e-03,0.01,-0.01
-2.55888e-03,0.03,0.05
-2.55880e-03,0.03,-0.01
-2.55872e-03,0.01,0.05
-2.55864e-03,0.03,-0.03
-2.55856e-03,0.03,0.05
-2.55848e-03,0.03,-0.01
-2.55840e-03,0.03,0.05
-2.55832e-03,0.03,-0.03
-2.55824e-03,0.03,0.05
-2.55816e-03,0.01,-0.03
-2.55808e-03,0.01,0.05
-2.55800e-03,0.01,-0.03
-2.55792e-03,0.03,0.05
-2.55784e-03,0.01,-0.03
-2.55776e-03,0.01,0.05
-2.55768e-03,0.01,-0.03
-2.55760e-03,0.01,0.05
-2.55752e-03,0.05,-0.03
-2.55744e-03,0.01,0.05
-2.55736e-03,0.03,-0.03
-2.55728e-03,0.01,0.05
-2.55720e-03,0.03,-0.03
-2.55712e-03,0.01,0.05
-2.55704e-03,0.03,-0.01
-2.55696e-03,0.01,0.05
-2.55688e-03,0.03,-0.01
-2.55680e-03,0.03,0.05
-2.55672e-03,0.03,-0.03
-2.55664e-03,0.03,0.05
-2.55656e-03,0.01,-0.01
-2.55648e-03,0.03,0.05
-2.55640e-03,0.03,-0.03
-2.55632e-03,0.03,0.07
-2.55624e-03,0.03,-0.03
-2.55616e-03,0.01,0.05
-2.55608e-03,0.03,-0.03
-2.55600e-03,0.01,0.05
-2.55592e-03,0.03,-0.01
-2.55584e-03,0.03,0.05
-2.55576e-03,0.03,-0.01
-2.55568e-03,0.03,0.05
-2.55560e-03,0.03,-0.01
-2.55552e-03,0.03,0.05
-2.55544e-03,0.01,-0.01
-2.55536e-03,0.03,0.05
-2.55528e-03,0.01,-0.03
-2.55520e-03,0.03,0.05
-2.55512e-03,0.01,-0.03
-2.55504e-03,0.03,0.05
-2.55496e-03,0.03,-0.01
-2.55488e-03,0.01,0.05
-2.55480e-03,0.03,-0.01
-2.55472e-03,0.03,0.05
-2.55464e-03,0.05,-0.01
-2.55456e-03,0.05,0.07
-2.55448e-03,0.01,-0.01
-2.55440e-03,0.03,0.07
-2.55432e-03,0.03,-0.01
-2.55424e-03,0.07,0.05
-2.55416e-03,0.03,-0.03
-2.55408e-03,0.03,0.07
-2.55400e-03,0.01,-0.01
-2.55392e-03,0.03,0.05
-2.55384e-03,0.03,-0.01
-2.55376e-03,0.03,0.05
-2.55368e-03,0.03,-0.03
-2.55360e-03,0.01,0.05
-2.55352e-03,0.03,-0.03
-2.55344e-03,0.01,0.05
-2.55336e-03,0.03,-0.03
-2.55328e-03,0.01,0.05
-2.55320e-03,0.03,-0.03
-2.55312e-03,0.03,0.05
-2.55304e-03,0.03,-0.03
-2.55296e-03,0.03,0.05
-2.55288e-03,0.01,-0.03
-2.55280e-03,0.03,0.07
-2.55272e-03,0.01,-0.03
-2.55264e-03,0.05,0.05
-2.55256e-03,0.03,-0.03
-2.55248e-03,0.01,0.05
-2.55240e-03,0.03,-0.01
-2.55232e-03,0.01,0.05
-2.55224e-03,0.03,-0.03
-2.55216e-03,0.01,0.05
-2.55208e-03,0.03,-0.03
-2.55200e-03,0.03,0.05
-2.55192e-03,0.03,-0.03
-2.55184e-03,0.03,0.05
-2.55176e-03,0.01,-0.01
-2.55168e-03,0.03,0.05
-2.55160e-03,0.01,-0.01
-2.55152e-03,0.05,0.05
-2.55144e-03,0.03,-0.03
-2.55136e-03,0.05,0.05
-2.55128e-03,0.01,-0.03
-2.55120e-03,0.03,0.05
-2.55112e-03,0.03,-0.03
-2.55104e-03,0.03,0.05
-2.55096e-03,0.05,-0.03
-2.55088e-03,0.01,0.05
-2.55080e-03,0.03,-0.01
-2.55072e-03,0.03,0.05
-2.55064e-03,0.03,-0.03
-2.55056e-03,0.03,0.05
-2.55048e-03,0.03,-0.03
-2.55040e-03,0.03,0.05
-2.55032e-03,0.03,-0.03
-2.55024e-03,0.03,0.05
-2.55016e-03,0.03,-0.01
-2.55008e-03,0.03,0.05
-2.55000e-03,-0.01,-0.01
-2.54992e-03,0.03,0.05
-2.54984e-03,0.03,-0.03
-2.54976e-03,0.03,0.05
-2.54968e-03,0.03,-0.03
-2.54960e-03,0.03,0.05
-2.54952e-03,0.03,-0.01
-2.54944e-03,0.03,0.05
-2.54936e-03,0.03,-0.01
-2.54928e-03,0.03,0.05
-2.54920e-03,0.03,-0.01
-2.54912e-03,0.03,0.05
-2.54904e-03,0.01,-0.03
-2.54896e-03,0.03,0.05
-2.54888e-03,0.01,-0.03
-2.54880e-03,0.03,0.05
-2.54872e-03,0.03,-0.01
-2.54864e-03,0.03,0.05
-2.54856e-03,0.03,-0.01
-2.54848e-03,0.01,0.05
-2.54840e-03,0.03,-0.03
-2.54832e-03,0.03,0.05
-2.54824e-03,0.05,-0.01
-2.54816e-03,0.03,0.05
-2.54808e-03,0.03,-0.01
-2.54800e-03,0.03,0.05
-2.54792e-03,0.03,-0.01
-2.54784e-03,0.01,0.05
-2.54776e-03,0.03,-0.01
-2.54768e-03,0.03,0.05
-2.54760e-03,0.03,-0.01
-2.54752e-03,0.03,0.07
-2.54744e-03,0.01,-0.01
-2.54736e-03,0.03,0.05
-2.54728e-03,0.01,-0.01
-2.54720e-03,0.03,0.05
-2.54712e-03,0.05,-0.01
-2.54704e-03,0.03,0.05
-2.54696e-03,0.05,-0.01
-2.54688e-03,0.05,0.05
-2.54680e-03,0.05,-0.01
-2.54672e-03,0.01,0.05
-2.54664e-03,0.03,-0.01
-2.54656e-03,0.01,0.05
-2.54648e-03,0.03,-0.01
-2.54640e-03,0.03,0.05
-2.54632e-03,0.01,-0.03
-2.54624e-03,0.03,0.05
-2.54616e-03,0.03,-0.03
-2.54608e-03,0.03,0.05
-2.54600e-03,0.01,-0.01
-2.54592e-03,0.03,0.05
-2.54584e-03,0.03,-0.01
-2.54576e-03,0.01,0.05
-2.54568e-03,0.03,-0.01
-2.54560e-03,0.01,0.05
-2.54552e-03,0.03,-0.03
-2.54544e-03,0.03,0.07
-2.54536e-03,0.05,-0.05
-2.54528e-03,0.03,0.07
-2.54520e-03,0.03,-0.03
-2.54512e-03,0.03,0.05
-2.54504e-03,0.01,-0.03
-2.54496e-03,0.03,0.05
-2.54488e-03,0.01,-0.03
-2.54480e-03,0.05,0.05
-2.54472e-03,0.01,-0.01
-2.54464e-03,0.03,0.07
-2.54456e-03,0.03,-0.03
-2.54448e-03,0.01,0.05
-2.54440e-03,0.03,-0.03
-2.54432e-03,0.01,0.05
-2.54424e-03,0.05,-0.03
-2.54416e-03,0.03,0.05
-2.54408e-03,0.03,-0.03
-2.54400e-03,0.01,0.07
-2.54392e-03,0.05,-0.03
-2.54384e-03,0.03,0.05
-2.54376e-03,0.03,-0.03
-2.54368e-03,0.03,0.05
-2.54360e-03,0.03,-0.03
-2.54352e-03,0.03,0.05
-2.54344e-03,0.01,-0.01
-2.54336e-03,0.05,0.05
-2.54328e-03,0.03,-0.01
-2.54320e-03,0.03,0.05
-2.54312e-03,0.03,-0.01
-2.54304e-03,0.03,0.05
-2.54296e-03,0.05,-0.03
-2.54288e-03,0.01,0.05
-2.54280e-03,0.03,-0.03
-2.54272e-03,0.01,0.05
-2.54264e-03,0.03,-0.03
-2.54256e-03,0.03,0.05
-2.54248e-03,0.01,-0.03
-2.54240e-03,0.03,0.05
-2.54232e-03,0.01,-0.01
-2.54224e-03,0.03,0.05
-2.54216e-03,0.01,-0.01
-2.54208e-03,0.03,0.05
-2.54200e-03,0.01,-0.01
-2.54192e-03,0.03,0.05
-2.54184e-03,0.03,-0.01
-2.54176e-03,0.03,0.05
-2.54168e-03,0.03,-0.01
-2.54160e-03,-0.01,0.07
-2.54152e-03,0.03,-0.01
-2.54144e-03,0.03,0.05
-2.54136e-03,0.03,-0.03
-2.54128e-03,0.03,0.05
-2.54120e-03,0.05,-0.03
-2.54112e-03,0.03,0.05
-2.54104e-03,0.01,-0.01
-2.54096e-03,0.03,0.05
-2.54088e-03,0.01,-0.01
-2.54080e-03,0.03,0.05
-2.54072e-03,0.01,-0.01
-2.54064e-03,0.03,0.05
-2.54056e-03,0.03,-0.03
-2.54048e-03,0.03,0.05
-2.54040e-03,0.03,-0.03
-2.54032e-03,0.01,0.05
-2.54024e-03,0.03,-0.01
-2.54016e-03,0.01,0.05
-2.54008e-03,0.05,-0.01
-2.54000e-03,0.01,0.05
-2.53992e-03,0.03,-0.01
-2.53984e-03,0.03,0.05
-2.53976e-03,0.03,-0.03
-2.53968e-03,0.05,0.05
-2.53960e-03,0.01,-0.03
-2.53952e-03,0.05,0.05
-2.53944e-03,0.01,-0.03
-2.53936e-03,0.03,0.05
-2.53928e-03,0.03,-0.03
-2.53920e-03,0.03,0.05
-2.53912e-03,0.03,-0.01
-2.53904e-03,0.01,0.05
-2.53896e-03,0.01,-0.03
-2.53888e-03,0.01,0.05
-2.53880e-03,0.03,-0.03
-2.53872e-03,0.01,0.05
-2.53864e-03,0.03,-0.03
-2.53856e-03,0.03,0.05
-2.53848e-03,0.03,-0.01
-2.53840e-03,0.03,0.05
-2.53832e-03,0.03,-0.01
-2.53824e-03,0.05,0.05
-2.53816e-03,0.01,-0.03
-2.53808e-03,0.05,0.05
-2.53800e-03,0.03,-0.03
-2.53792e-03,0.01,0.05
-2.53784e-03,0.01,-0.03
-2.53776e-03,0.03,0.05
-2.53768e-03,0.03,-0.01
-2.53760e-03,-0.01,0.05
-2.53752e-03,0.03,-0.03
-2.53744e-03,0.01,0.07
-2.53736e-03,0.07,-0.03
-2.53728e-03,0.03,0.07
-2.53720e-03,0.03,-0.03
-2.53712e-03,0.03,0.07
-2.53704e-03,0.03,-0.03
-2.53696e-03,0.05,0.05
-2.53688e-03,0.03,-0.01
-2.53680e-03,0.05,0.05
-2.53672e-03,0.01,-0.01
-2.53664e-03,0.01,0.07
-2.53656e-03,0.01,-0.01
-2.53648e-03,0.03,0.05
-2.53640e-03,0.03,-0.03
-2.53632e-03,0.03,0.05
-2.53624e-03,0.03,-0.03
-2.53616e-03,0.01,0.05
-2.53608e-03,0.03,-0.03
-2.53600e-03,0.01,0.05
-2.53592e-03,0.03,-0.03
-2.53584e-03,0.03,0.05
-2.53576e-03,0.01,-0.01
-2.53568e-03,0.05,0.05
-2.53560e-03,0.03,-0.03
-2.53552e-03,0.03,0.05
-2.53544e-03,0.01,-0.03
-2.53536e-03,0.05,0.05
-2.53528e-03,0.03,-0.01
-2.53520e-03,0.03,0.05
-2.53512e-03,0.03,-0.01
-2.53504e-03,0.01,0.05
-2.53496e-03,0.03,-0.01
-2.53488e-03,0.01,0.05
-2.53480e-03,0.03,-0.01
-2.53472e-03,0.01,0.05
-2.53464e-03,0.03,-0.01
-2.53456e-03,0.01,0.05
-2.53448e-03,0.03,-0.01
-2.53440e-03,0.03,0.05
-2.53432e-03,0.03,-0.01
-2.53424e-03,0.03,0.05
-2.53416e-03,0.03,-0.01
-2.53408e-03,0.03,0.05
-2.53400e-03,0.03,-0.01
-2.53392e-03,0.03,0.05
-2.53384e-03,0.01,-0.03
-2.53376e-03,0.03,0.05
-2.53368e-03,0.03,-0.01
-2.53360e-03,0.01,0.05
-2.53352e-03,0.03,-0.03
-2.53344e-03,0.01,0.05
-2.53336e-03,0.01,-0.01
-2.53328e-03,0.01,0.05
-2.53320e-03,0.03,-0.01
-2.53312e-03,0.01,0.05
-2.53304e-03,0.03,-0.03
-2.53296e-03,0.03,0.05
-2.53288e-03,0.01,-0.01
-2.53280e-03,0.03,0.05
-2.53272e-03,0.03,-0.01
-2.53264e-03,0.03,0.05
-2.53256e-03,0.03,-0.01
-2.53248e-03,0.05,0.05
-2.53240e-03,0.05,-0.01
-2.53232e-03,0.03,0.05
-2.53224e-03,0.05,-0.01
-2.53216e-03,0.01,0.05
-2.53208e-03,0.05,-0.01
-2.53200e-03,0.01,0.05
-2.53192e-03,0.03,-0.01
-2.53184e-03,0.05,0.05
-2.53176e-03,0.03,-0.01
-2.53168e-03,0.03,0.05
-2.53160e-03,0.01,-0.01
-2.53152e-03,0.03,0.05
-2.53144e-03,0.01,-0.01
-2.53136e-03,0.03,0.07
-2.53128e-03,0.03,-0.01
-2.53120e-03,0.03,0.05
-2.53112e-03,0.05,-0.03
-2.53104e-03,0.03,0.05
-2.53096e-03,0.03,-0.03
-2.53088e-03,0.03,0.05
-2.53080e-03,0.03,-0.01
-2.53072e-03,0.01,0.05
-2.53064e-03,0.03,-0.01
-2.53056e-03,0.03,0.05
-2.53048e-03,0.01,-0.01
-2.53040e-03,0.07,0.05
-2.53032e-03,-0.01,-0.03
-2.53024e-03,0.01,0.07
-2.53016e-03,0.01,-0.05
-2.53008e-03,0.05,0.07
-2.53000e-03,0.03,-0.03
-2.52992e-03,0.05,0.07
-2.52984e-03,0.01,-0.03
-2.52976e-03,0.03,0.05
-2.52968e-03,0.05,-0.03
-2.52960e-03,0.01,0.07
-2.52952e-03,0.05,-0.03
-2.52944e-03,0.01,0.05
-2.52936e-03,0.05,-0.03
-2.52928e-03,0.01,0.07
-2.52920e-03,0.03,-0.03
-2.52912e-03,0.01,0.05
-2.52904e-03,0.03,-0.01
-2.52896e-03,0.03,0.05
-2.52888e-03,0.01,-0.01
-2.52880e-03,0.03,0.05
-2.52872e-03,0.01,-0.01
-2.52864e-03,0.03,0.05
-2.52856e-03,0.03,-0.01
-2.52848e-03,0.03,0.05
-2.52840e-03,0.03,-0.01
-2.52832e-03,0.03,0.05
-2.52824e-03,0.03,-0.01
-2.52816e-03,0.03,0.05
-2.52808e-03,0.05,-0.03
-2.52800e-03,0.03,0.05
-2.52792e-03,0.03,-0.01
-2.52784e-03,-0.01,0.05
-2.52776e-03,0.03,-0.03
-2.52768e-03,0.03,0.05
-2.52760e-03,0.01,-0.01
-2.52752e-03,0.03,0.07
-2.52744e-03,0.01,-0.03
-2.52736e-03,0.03,0.05
-2.52728e-03,0.01,-0.01
-2.52720e-03,0.03,0.05
-2.52712e-03,0.03,-0.03
-2.52704e-03,0.01,0.05
-2.52696e-03,-0.05,-0.01
-2.52688e-03,0.03,0.05
-2.52680e-03,0.05,-0.09
-2.52672e-03,0.01,0.07
-2.52664e-03,0.03,-0.05
-2.52656e-03,0.03,0.05
-2.52648e-03,0.01,-0.03
-2.52640e-03,0.03,0.05
-2.52632e-03,0.01,-0.03
-2.52624e-03,0.03,0.05
-2.52616e-03,0.01,-0.01
-2.52608e-03,0.03,0.05
-2.52600e-03,0.03,-0.01
-2.52592e-03,0.03,0.03
-2.52584e-03,0.03,-0.01
-2.52576e-03,0.03,0.05
-2.52568e-03,0.03,-0.01
-2.52560e-03,0.03,0.05
-2.52552e-03,0.03,-0.01
-2.52544e-03,0.01,0.05
-2.52536e-03,0.03,-0.01
-2.52528e-03,0.03,0.05
-2.52520e-03,0.03,-0.01
-2.52512e-03,0.03,0.05
-2.52504e-03,0.01,-0.01
-2.52496e-03,0.01,0.05
-2.52488e-03,0.03,-0.03
-2.52480e-03,0.01,0.05
-2.52472e-03,0.03,-0.01
-2.52464e-03,0.01,0.05
-2.52456e-03,0.03,-0.01
-2.52448e-03,0.03,0.05
-2.52440e-03,0.03,-0.01
-2.52432e-03,0.03,0.05
-2.52424e-03,0.03,-0.03
-2.52416e-03,0.03,0.05
-2.52408e-03,0.03,-0.01
-2.52400e-03,0.03,0.05
-2.52392e-03,0.03,-0.01
-2.52384e-03,0.03,0.05
-2.52376e-03,0.03,-0.03
-2.52368e-03,0.03,0.05
-2.52360e-03,0.03,-0.01
-2.52352e-03,0.05,0.05
-2.52344e-03,0.03,-0.01
-2.52336e-03,0.03,0.05
-2.52328e-03,0.01,-0.01
-2.52320e-03,0.03,0.05
-2.52312e-03,0.03,-0.01
-2.52304e-03,0.03,0.05
-2.52296e-03,0.03,-0.01
-2.52288e-03,0.03,0.05
-2.52280e-03,0.03,-0.01
-2.52272e-03,0.03,0.05
-2.52264e-03,0.03,-0.01
-2.52256e-03,0.03,0.05
-2.52248e-03,0.01,-0.01
-2.52240e-03,0.05,0.05
-2.52232e-03,0.03,-0.01
-2.52224e-03,0.01,0.05
-2.52216e-03,0.03,-0.01
-2.52208e-03,0.05,0.05
-2.52200e-03,0.05,-0.01
-2.52192e-03,0.03,0.07
-2.52184e-03,0.01,-0.03
-2.52176e-03,0.01,0.05
-2.52168e-03,0.03,-0.03
-2.52160e-03,0.03,0.05
-2.52152e-03,0.01,-0.01
-2.52144e-03,0.01,0.05
-2.52136e-03,0.03,-0.01
-2.52128e-03,0.01,0.05
-2.52120e-03,0.03,-0.03
-2.52112e-03,0.03,0.05
-2.52104e-03,0.03,-0.01
-2.52096e-03,0.03,0.05
-2.52088e-03,0.01,-0.03
-2.52080e-03,0.03,0.05
-2.52072e-03,0.03,-0.03
-2.52064e-03,0.03,0.05
-2.52056e-03,0.03,-0.01
-2.52048e-03,0.01,0.05
-2.52040e-03,0.03,-0.01
-2.52032e-03,0.01,0.05
-2.52024e-03,0.11,-0.03
-2.52016e-03,-0.03,0.05
-2.52008e-03,0.05,-0.05
-2.52000e-03,0.03,0.13
-2.51992e-03,0.01,-0.05
-2.51984e-03,0.03,0.07
-2.51976e-03,0.03,-0.03
-2.51968e-03,0.03,0.05
-2.51960e-03,0.03,-0.01
-2.51952e-03,0.03,0.05
-2.51944e-03,0.01,-0.03
-2.51936e-03,0.03,0.05
-2.51928e-03,0.03,-0.01
-2.51920e-03,0.03,0.05
-2.51912e-03,0.03,-0.03
-2.51904e-03,0.03,0.05
-2.51896e-03,0.03,-0.01
-2.51888e-03,0.01,0.05
-2.51880e-03,0.03,-0.01
-2.51872e-03,0.01,0.07
-2.51864e-03,0.05,-0.01
-2.51856e-03,0.03,0.05
-2.51848e-03,0.01,-0.01
-2.51840e-03,0.03,0.05
-2.51832e-03,0.03,-0.01
-2.51824e-03,0.05,0.05
-2.51816e-03,0.01,-0.01
-2.51808e-03,0.03,0.05
-2.51800e-03,0.01,-0.01
-2.51792e-03,0.03,0.05
-2.51784e-03,0.03,-0.03
-2.51776e-03,0.03,0.05
-2.51768e-03,0.03,-0.01
-2.51760e-03,0.03,0.05
-2.51752e-03,0.03,-0.03
-2.51744e-03,0.01,0.05
-2.51736e-03,0.03,-0.01
-2.51728e-03,0.01,0.05
-2.51720e-03,0.05,-0.03
-2.51712e-03,0.05,0.05
-2.51704e-03,0.01,-0.03
-2.51696e-03,0.05,0.05
-2.51688e-03,0.03,-0.03
-2.51680e-03,0.03,0.05
-2.51672e-03,0.01,-0.01
-2.51664e-03,0.03,0.05
-2.51656e-03,0.01,-0.03
-2.51648e-03,0.03,0.05
-2.51640e-03,0.03,-0.03
-2.51632e-03,0.01,0.05
-2.51624e-03,0.03,-0.03
-2.51616e-03,0.01,0.05
-2.51608e-03,0.05,-0.03
-2.51600e-03,0.01,0.05
-2.51592e-03,0.03,-0.01
-2.51584e-03,0.03,0.05
-2.51576e-03,0.03,-0.01
-2.51568e-03,0.05,0.05
-2.51560e-03,0.03,-0.01
-2.51552e-03,0.03,0.05
-2.51544e-03,0.03,-0.01
-2.51536e-03,0.03,0.05
-2.51528e-03,0.03,-0.01
-2.51520e-03,0.03,0.05
-2.51512e-03,0.03,-0.03
-2.51504e-03,0.03,0.05
-2.51496e-03,0.03,-0.01
-2.51488e-03,0.03,0.05
-2.51480e-03,0.05,-0.03
-2.51472e-03,0.03,0.05
-2.51464e-03,0.07,-0.03
-2.51456e-03,0.03,0.07
-2.51448e-03,0.01,-0.03
-2.51440e-03,0.01,0.07
-2.51432e-03,0.03,-0.03
-2.51424e-03,0.03,0.07
-2.51416e-03,0.03,-0.03
-2.51408e-03,0.03,0.05
-2.51400e-03,0.01,-0.01
-2.51392e-03,0.05,0.05
-2.51384e-03,0.01,-0.03
-2.51376e-03,0.01,0.05
-2.51368e-03,0.03,-0.01
-2.51360e-03,0.03,0.05
-2.51352e-03,0.03,-0.01
-2.51344e-03,0.01,0.05
-2.51336e-03,0.03,-0.01
-2.51328e-03,0.03,0.05
-2.51320e-03,0.01,-0.03
-2.51312e-03,0.03,0.05
-2.51304e-03,0.03,-0.03
-2.51296e-03,0.01,0.05
-2.51288e-03,0.03,-0.03
-2.51280e-03,0.05,0.05
-2.51272e-03,0.03,-0.03
-2.51264e-03,0.01,0.05
-2.51256e-03,0.03,-0.03
-2.51248e-03,0.01,0.05
-2.51240e-03,0.03,-0.03
-2.51232e-03,0.01,0.05
-2.51224e-03,0.03,-0.01
-2.51216e-03,0.01,0.05
-2.51208e-03,0.03,-0.03
-2.51200e-03,0.03,0.05
-2.51192e-03,0.03,-0.03
-2.51184e-03,0.03,0.05
-2.51176e-03,0.01,-0.03
-2.51168e-03,0.03,0.05
-2.51160e-03,0.03,-0.01
-2.51152e-03,0.03,0.05
-2.51144e-03,0.03,-0.01
-2.51136e-03,0.05,0.05
-2.51128e-03,0.01,-0.03
-2.51120e-03,0.03,0.05
-2.51112e-03,0.03,-0.01
-2.51104e-03,0.03,0.05
-2.51096e-03,0.03,-0.01
-2.51088e-03,0.01,0.05
-2.51080e-03,0.03,-0.01
-2.51072e-03,0.03,0.05
-2.51064e-03,0.03,-0.01
-2.51056e-03,0.03,0.05
-2.51048e-03,0.03,-0.01
-2.51040e-03,0.03,0.05
-2.51032e-03,0.03,-0.01
-2.51024e-03,0.03,0.05
-2.51016e-03,0.01,-0.03
-2.51008e-03,0.03,0.05
-2.51000e-03,0.01,-0.01
-2.50992e-03,0.05,0.05
-2.50984e-03,0.03,-0.03
-2.50976e-03,0.03,0.05
-2.50968e-03,0.03,-0.01
-2.50960e-03,0.03,0.05
-2.50952e-03,0.03,-0.01
-2.50944e-03,0.01,0.05
-2.50936e-03,0.03,-0.01
-2.50928e-03,0.01,0.05
-2.50920e-03,0.03,-0.03
-2.50912e-03,0.01,0.05
-2.50904e-03,0.03,-0.03
-2.50896e-03,0.01,0.05
-2.50888e-03,0.03,-0.03
-2.50880e-03,0.03,0.05
-2.50872e-03,0.03,-0.03
-2.50864e-03,0.03,0.05
-2.50856e-03,0.03,-0.01
-2.50848e-03,0.03,0.07
-2.50840e-03,0.03,-0.01
-2.50832e-03,0.03,0.05
-2.50824e-03,0.03,-0.01
-2.50816e-03,0.03,0.05
-2.50808e-03,0.05,-0.01
-2.50800e-03,0.01,0.05
-2.50792e-03,0.01,-0.01
-2.50784e-03,0.03,0.05
-2.50776e-03,0.03,-0.03
-2.50768e-03,0.03,0.05
-2.50760e-03,0.03,-0.01
-2.50752e-03,0.03,0.05
-2.50744e-03,0.03,-0.01
-2.50736e-03,0.05,0.05
-2.50728e-03,0.01,-0.01
-2.50720e-03,0.03,0.05
-2.50712e-03,0.03,-0.01
-2.50704e-03,0.01,0.07
-2.50696e-03,0.03,-0.01
-2.50688e-03,0.01,0.05
-2.50680e-03,0.03,-0.01
-2.50672e-03,0.03,0.05
-2.50664e-03,0.05,-0.03
-2.50656e-03,0.03,0.05
-2.50648e-03,0.05,-0.03
-2.50640e-03,0.03,0.07
-2.50632e-03,0.03,-0.03
-2.50624e-03,0.03,0.07
-2.50616e-03,0.03,-0.01
-2.50608e-03,0.03,0.05
-2.50600e-03,0.01,-0.01
-2.50592e-03,0.03,0.05
-2.50584e-03,0.03,-0.01
-2.50576e-03,0.03,0.05
-2.50568e-03,0.03,-0.01
-2.50560e-03,0.03,0.07
-2.50552e-03,0.03,-0.03
-2.50544e-03,0.03,0.05
-2.50536e-03,0.03,-0.03
-2.50528e-03,0.03,0.05
-2.50520e-03,0.01,-0.01
-2.50512e-03,0.03,0.05
-2.50504e-03,0.03,-0.03
-2.50496e-03,0.03,0.05
-2.50488e-03,0.01,-0.01
-2.50480e-03,0.03,0.05
-2.50472e-03,0.03,-0.01
-2.50464e-03,0.03,0.05
-2.50456e-03,0.01,-0.03
-2.50448e-03,0.03,0.05
-2.50440e-03,0.03,-0.01
-2.50432e-03,0.01,0.05
-2.50424e-03,0.03,-0.01
-2.50416e-03,0.03,0.05
-2.50408e-03,0.03,-0.03
-2.50400e-03,0.03,0.07
-2.50392e-03,0.03,-0.03
-2.50384e-03,0.01,0.05
-2.50376e-03,0.01,-0.01
-2.50368e-03,0.03,0.05
-2.50360e-03,-0.01,-0.01
-2.50352e-03,0.03,0.05
-2.50344e-03,-0.01,-0.03
-2.50336e-03,0.05,0.05
-2.50328e-03,0.03,-0.03
-2.50320e-03,0.03,0.05
-2.50312e-03,0.03,-0.01
-2.50304e-03,0.03,0.05
-2.50296e-03,0.01,-0.01
-2.50288e-03,0.03,0.05
-2.50280e-03,0.03,-0.03
-2.50272e-03,0.01,0.05
-2.50264e-03,0.05,-0.01
-2.50256e-03,0.03,0.05
-2.50248e-03,0.03,-0.03
-2.50240e-03,0.03,0.05
-2.50232e-03,0.03,-0.01
-2.50224e-03,0.05,0.05
-2.50216e-03,0.03,-0.01
-2.50208e-03,0.03,0.05
-2.50200e-03,0.03,-0.01
-2.50192e-03,0.05,0.05
-2.50184e-03,0.03,-0.03
-2.50176e-03,0.03,0.05
-2.50168e-03,0.03,-0.01
-2.50160e-03,0.03,0.05
-2.50152e-03,0.03,-0.03
-2.50144e-03,0.01,0.05
-2.50136e-03,0.03,-0.03
-2.50128e-03,0.03,0.05
-2.50120e-03,0.01,-0.01
-2.50112e-03,0.03,0.05
-2.50104e-03,0.01,-0.03
-2.50096e-03,0.03,0.05
-2.50088e-03,0.01,-0.03
-2.50080e-03,0.03,0.05
-2.50072e-03,0.01,-0.01
-2.50064e-03,0.03,0.05
-2.50056e-03,0.03,-0.03
-2.50048e-03,0.03,0.05
-2.50040e-03,0.03,-0.03
-2.50032e-03,0.03,0.05
-2.50024e-03,0.03,-0.01
-2.50016e-03,0.03,0.05
-2.50008e-03,0.03,-0.03
-2.50000e-03,0.01,0.05
-2.49992e-03,0.05,-0.01
-2.49984e-03,0.03,0.05
-2.49976e-03,0.03,-0.03
-2.49968e-03,0.03,0.05
-2.49960e-03,0.01,-0.03
-2.49952e-03,0.03,0.05
-2.49944e-03,0.01,-0.03
-2.49936e-03,0.05,0.05
-2.49928e-03,0.05,-0.03
-2.49920e-03,0.03,0.05
-2.49912e-03,0.01,-0.05
-2.49904e-03,0.01,0.07
-2.49896e-03,0.03,-0.05
-2.49888e-03,0.01,0.05
-2.49880e-03,0.03,-0.03
-2.49872e-03,0.01,0.07
-2.49864e-03,0.05,-0.03
-2.49856e-03,0.03,0.05
-2.49848e-03,0.03,-0.01
-2.49840e-03,0.03,0.05
-2.49832e-03,0.01,-0.03
-2.49824e-03,0.01,0.05
-2.49816e-03,0.01,-0.03
-2.49808e-03,0.03,0.05
-2.49800e-03,0.03,-0.03
-2.49792e-03,0.03,0.05
-2.49784e-03,0.01,-0.03
-2.49776e-03,0.01,0.05
-2.49768e-03,0.03,-0.03
-2.49760e-03,0.01,0.05
-2.49752e-03,0.05,-0.03
-2.49744e-03,0.01,0.05
-2.49736e-03,0.03,-0.01
-2.49728e-03,0.03,0.05
-2.49720e-03,0.01,-0.03
-2.49712e-03,0.03,0.05
-2.49704e-03,0.03,-0.01
-2.49696e-03,0.05,0.05
-2.49688e-03,0.01,-0.03
-2.49680e-03,0.05,0.05
-2.49672e-03,0.03,-0.01
-2.49664e-03,0.03,0.05
-2.49656e-03,0.03,-0.01
-2.49648e-03,0.03,0.05
-2.49640e-03,0.01,-0.03
-2.49632e-03,0.03,0.05
-2.49624e-03,0.03,-0.03
-2.49616e-03,0.03,0.05
-2.49608e-03,0.03,-0.03
-2.49600e-03,0.03,0.05
-2.49592e-03,0.03,-0.03
-2.49584e-03,0.01,0.05
-2.49576e-03,0.03,-0.03
-2.49568e-03,0.03,0.05
-2.49560e-03,0.03,-0.03
-2.49552e-03,0.03,0.05
-2.49544e-03,0.01,-0.03
-2.49536e-03,0.03,0.05
-2.49528e-03,0.03,-0.03
-2.49520e-03,0.01,0.05
-2.49512e-03,0.01,-0.03
-2.49504e-03,0.03,0.05
-2.49496e-03,0.05,-0.03
-2.49488e-03,0.03,0.05
-2.49480e-03,0.03,-0.03
-2.49472e-03,0.01,0.05
-2.49464e-03,0.03,-0.01
-2.49456e-03,0.03,0.05
-2.49448e-03,0.03,-0.01
-2.49440e-03,0.03,0.05
-2.49432e-03,0.03,-0.03
-2.49424e-03,0.05,0.05
-2.49416e-03,0.03,-0.01
-2.49408e-03,0.03,0.05
-2.49400e-03,0.03,-0.03
-2.49392e-03,0.03,0.05
-2.49384e-03,0.03,-0.03
-2.49376e-03,0.03,0.07
-2.49368e-03,0.03,-0.01
-2.49360e-03,0.01,0.05
-2.49352e-03,0.03,-0.01
-2.49344e-03,0.03,0.05
-2.49336e-03,0.03,-0.01
-2.49328e-03,0.03,0.05
-2.49320e-03,0.01,-0.03
-2.49312e-03,0.03,0.05
-2.49304e-03,0.01,-0.03
-2.49296e-03,0.03,0.05
-2.49288e-03,0.03,-0.03
-2.49280e-03,0.03,0.05
-2.49272e-03,0.01,-0.01
-2.49264e-03,0.03,0.05
-2.49256e-03,0.03,-0.03
-2.49248e-03,0.03,0.05
-2.49240e-03,0.03,-0.01
-2.49232e-03,0.01,0.05
-2.49224e-03,0.03,-0.03
-2.49216e-03,0.03,0.05
-2.49208e-03,0.03,-0.03
-2.49200e-03,0.01,0.05
-2.49192e-03,0.03,-0.03
-2.49184e-03,0.03,0.05
-2.49176e-03,0.03,-0.01
-2.49168e-03,0.03,0.05
-2.49160e-03,0.01,-0.01
-2.49152e-03,0.03,0.05
-2.49144e-03,0.03,-0.01
-2.49136e-03,0.03,0.05
-2.49128e-03,0.03,-0.01
-2.49120e-03,0.05,0.05
-2.49112e-03,0.03,-0.03
-2.49104e-03,0.03,0.07
-2.49096e-03,0.01,-0.03
-2.49088e-03,0.01,0.05
-2.49080e-03,0.03,-0.01
-2.49072e-03,0.01,0.05
-2.49064e-03,0.03,-0.03
-2.49056e-03,0.03,0.05
-2.49048e-03,0.03,-0.01
-2.49040e-03,0.01,0.05
-2.49032e-03,0.01,-0.01
-2.49024e-03,0.03,0.05
-2.49016e-03,0.01,-0.03
-2.49008e-03,0.03,0.05
-2.49000e-03,0.01,-0.03
-2.48992e-03,0.03,0.05
-2.48984e-03,0.03,-0.03
-2.48976e-03,0.03,0.05
-2.48968e-03,0.03,-0.01
-2.48960e-03,0.03,0.05
-2.48952e-03,0.03,-0.01
-2.48944e-03,-0.01,0.05
-2.48936e-03,0.03,-0.01
-2.48928e-03,0.03,0.05
-2.48920e-03,0.03,-0.03
-2.48912e-03,0.03,0.05
-2.48904e-03,0.01,-0.03
-2.48896e-03,0.03,0.05
-2.48888e-03,0.03,-0.03
-2.48880e-03,0.03,0.05
-2.48872e-03,0.01,-0.03
-2.48864e-03,0.03,0.05
-2.48856e-03,0.01,-0.03
-2.48848e-03,0.03,0.05
-2.48840e-03,0.03,-0.03
-2.48832e-03,0.03,0.05
-2.48824e-03,0.03,-0.03
-2.48816e-03,0.01,0.05
-2.48808e-03,0.03,-0.01
-2.48800e-03,0.01,0.05
-2.48792e-03,0.05,-0.03
-2.48784e-03,0.03,0.05
-2.48776e-03,0.03,-0.03
-2.48768e-03,0.03,0.05
-2.48760e-03,0.03,-0.01
-2.48752e-03,0.01,0.05
-2.48744e-03,0.03,-0.01
-2.48736e-03,0.03,0.03
-2.48728e-03,0.01,-0.03
-2.48720e-03,0.05,0.05
-2.48712e-03,0.03,-0.03
-2.48704e-03,0.03,0.05
-2.48696e-03,0.03,-0.01
-2.48688e-03,0.01,0.05
-2.48680e-03,0.03,-0.03
-2.48672e-03,0.01,0.05
-2.48664e-03,0.03,-0.01
-2.48656e-03,0.01,0.05
-2.48648e-03,0.03,-0.01
-2.48640e-03,0.03,0.05
-2.48632e-03,0.03,-0.03
-2.48624e-03,0.03,0.05
-2.48616e-03,0.01,-0.01
-2.48608e-03,0.03,0.05
-2.48600e-03,0.03,-0.03
-2.48592e-03,0.05,0.05
-2.48584e-03,0.03,-0.01
-2.48576e-03,0.03,0.05
-2.48568e-03,0.05,-0.01
-2.48560e-03,0.01,0.05
-2.48552e-03,0.05,-0.01
-2.48544e-03,0.03,0.05
-2.48536e-03,0.03,-0.03
-2.48528e-03,0.03,0.05
-2.48520e-03,0.03,-0.03
-2.48512e-03,0.03,0.05
-2.48504e-03,0.03,-0.03
-2.48496e-03,0.05,0.05
-2.48488e-03,0.01,-0.01
-2.48480e-03,0.05,0.05
-2.48472e-03,0.01,-0.01
-2.48464e-03,0.03,0.05
-2.48456e-03,0.03,-0.03
-2.48448e-03,0.03,0.05
-2.48440e-03,0.03,-0.01
-2.48432e-03,0.01,0.05
-2.48424e-03,0.03,-0.01
-2.48416e-03,0.03,0.05
-2.48408e-03,0.03,-0.01
-2.48400e-03,0.01,0.05
-2.48392e-03,0.03,-0.01
-2.48384e-03,0.03,0.05
-2.48376e-03,0.03,-0.01
-2.48368e-03,0.01,0.05
-2.48360e-03,0.01,-0.03
-2.48352e-03,0.01,0.07
-2.48344e-03,0.03,-0.01
-2.48336e-03,0.05,0.07
-2.48328e-03,0.03,-0.03
-2.48320e-03,0.03,0.05
-2.48312e-03,0.03,-0.03
-2.48304e-03,0.01,0.05
-2.48296e-03,0.03,-0.03
-2.48288e-03,0.03,0.05
-2.48280e-03,0.03,-0.03
-2.48272e-03,0.01,0.05
-2.48264e-03,0.03,-0.03
-2.48256e-03,0.05,0.05
-2.48248e-03,0.03,-0.01
-2.48240e-03,0.01,0.05
-2.48232e-03,0.03,-0.01
-2.48224e-03,0.03,0.07
-2.48216e-03,0.01,-0.01
-2.48208e-03,0.05,0.05
-2.48200e-03,0.01,-0.01
-2.48192e-03,0.03,0.05
-2.48184e-03,0.03,-0.01
-2.48176e-03,0.03,0.05
-2.48168e-03,0.03,-0.03
-2.48160e-03,0.03,0.05
-2.48152e-03,0.03,-0.03
-2.48144e-03,0.03,0.05
-2.48136e-03,0.03,-0.01
-2.48128e-03,0.03,0.05
-2.48120e-03,0.03,-0.01
-2.48112e-03,0.03,0.05
-2.48104e-03,-0.01,-0.03
-2.48096e-03,0.03,0.05
-2.48088e-03,0.01,-0.03
-2.48080e-03,0.03,0.05
-2.48072e-03,0.01,-0.03
-2.48064e-03,0.03,0.05
-2.48056e-03,0.03,-0.03
-2.48048e-03,0.03,0.05
-2.48040e-03,0.03,-0.03
-2.48032e-03,0.03,0.05
-2.48024e-03,0.03,-0.03
-2.48016e-03,0.01,0.05
-2.48008e-03,0.03,-0.01
-2.48000e-03,0.01,0.05
-2.47992e-03,0.03,-0.03
-2.47984e-03,0.01,0.05
-2.47976e-03,0.01,-0.03
-2.47968e-03,0.03,0.05
-2.47960e-03,0.01,-0.03
-2.47952e-03,0.03,0.05
-2.47944e-03,0.01,-0.01
-2.47936e-03,0.03,0.05
-2.47928e-03,0.03,-0.03
-2.47920e-03,0.01,0.05
-2.47912e-03,0.03,-0.03
-2.47904e-03,0.03,0.05
-2.47896e-03,0.03,-0.01
-2.47888e-03,0.03,0.05
-2.47880e-03,0.03,-0.01
-2.47872e-03,0.01,0.05
-2.47864e-03,0.03,-0.03
-2.47856e-03,0.01,0.05
-2.47848e-03,0.01,-0.01
-2.47840e-03,0.03,0.05
-2.47832e-03,0.01,-0.03
-2.47824e-03,0.03,0.05
-2.47816e-03,0.01,-0.01
-2.47808e-03,0.09,0.05
-2.47800e-03,0.01,-0.03
-2.47792e-03,0.01,0.09
-2.47784e-03,0.03,-0.05
-2.47776e-03,0.03,0.09
-2.47768e-03,0.05,-0.03
-2.47760e-03,0.03,0.07
-2.47752e-03,0.03,-0.01
-2.47744e-03,0.03,0.05
-2.47736e-03,0.05,-0.01
-2.47728e-03,0.01,0.05
-2.47720e-03,0.03,-0.03
-2.47712e-03,0.03,0.07
-2.47704e-03,0.03,-0.03
-2.47696e-03,0.03,0.05
-2.47688e-03,0.01,-0.03
-2.47680e-03,0.01,0.05
-2.47672e-03,0.01,-0.07
-2.47664e-03,0.03,0.05
-2.47656e-03,0.03,-0.03
-2.47648e-03,0.03,0.07
-2.47640e-03,0.01,-0.01
-2.47632e-03,0.01,0.05
-2.47624e-03,0.03,-0.03
-2.47616e-03,0.03,0.05
-2.47608e-03,0.03,-0.01
-2.47600e-03,0.03,0.05
-2.47592e-03,0.03,-0.03
-2.47584e-03,0.03,0.05
-2.47576e-03,0.03,-0.03
-2.47568e-03,0.05,0.05
-2.47560e-03,0.03,-0.03
-2.47552e-03,0.03,0.05
-2.47544e-03,0.03,-0.03
-2.47536e-03,0.01,0.05
-2.47528e-03,0.03,-0.03
-2.47520e-03,0.03,0.05
-2.47512e-03,0.03,-0.01
-2.47504e-03,0.03,0.05
-2.47496e-03,0.03,-0.01
-2.47488e-03,0.03,0.05
-2.47480e-03,0.01,-0.01
-2.47472e-03,0.03,0.07
-2.47464e-03,0.03,-0.01
-2.47456e-03,0.03,0.05
-2.47448e-03,0.03,-0.03
-2.47440e-03,0.03,0.05
-2.47432e-03,0.03,-0.01
-2.47424e-03,0.05,0.05
-2.47416e-03,0.01,-0.01
-2.47408e-03,0.03,0.05
-2.47400e-03,0.03,-0.01
-2.47392e-03,0.03,0.05
-2.47384e-03,0.01,-0.01
-2.47376e-03,0.03,0.05
-2.47368e-03,0.03,-0.01
-2.47360e-03,0.03,0.05
-2.47352e-03,0.05,-0.03
-2.47344e-03,0.03,0.05
-2.47336e-03,0.03,-0.01
-2.47328e-03,0.03,0.05
-2.47320e-03,0.01,-0.01
-2.47312e-03,0.03,0.03
-2.47304e-03,0.01,-0.01
-2.47296e-03,0.03,0.05
-2.47288e-03,0.03,-0.03
-2.47280e-03,0.01,0.05
-2.47272e-03,0.03,-0.01
-2.47264e-03,0.03,0.05
-2.47256e-03,0.03,-0.03
-2.47248e-03,0.03,0.05
-2.47240e-03,0.01,-0.01
-2.47232e-03,0.03,0.05
-2.47224e-03,0.03,-0.01
-2.47216e-03,0.03,0.05
-2.47208e-03,0.03,-0.05
-2.47200e-03,0.03,0.05
-2.47192e-03,0.01,-0.03
-2.47184e-03,0.03,0.05
-2.47176e-03,0.01,-0.03
-2.47168e-03,0.03,0.05
-2.47160e-03,-0.01,-0.01
-2.47152e-03,0.03,0.05
-2.47144e-03,0.01,-0.03
-2.47136e-03,0.03,0.05
-2.47128e-03,0.03,-0.03
-2.47120e-03,0.01,0.05
-2.47112e-03,0.03,-0.03
-2.47104e-03,0.03,0.05
-2.47096e-03,0.03,-0.01
-2.47088e-03,0.01,0.05
-2.47080e-03,0.03,-0.03
-2.47072e-03,0.01,0.05
-2.47064e-03,0.03,-0.01
-2.47056e-03,0.03,0.05
-2.47048e-03,0.03,-0.01
-2.47040e-03,0.03,0.05
-2.47032e-03,0.01,-0.01
-2.47024e-03,0.01,0.05
-2.47016e-03,0.05,-0.03
-2.47008e-03,0.03,0.05
-2.47000e-03,0.01,-0.05
-2.46992e-03,0.03,0.13
-2.46984e-03,0.01,-0.03
-2.46976e-03,0.01,0.07
-2.46968e-03,0.05,-0.01
-2.46960e-03,0.01,0.05
-2.46952e-03,0.03,-0.01
-2.46944e-03,0.03,0.05
-2.46936e-03,0.03,-0.01
-2.46928e-03,0.03,0.05
-2.46920e-03,0.03,-0.01
-2.46912e-03,0.03,0.05
-2.46904e-03,0.01,-0.01
-2.46896e-03,0.05,0.05
-2.46888e-03,0.01,-0.03
-2.46880e-03,0.05,0.05
-2.46872e-03,0.03,-0.03
-2.46864e-03,0.03,0.05
-2.46856e-03,0.03,-0.01
-2.46848e-03,0.05,0.05
-2.46840e-03,0.07,-0.01
-2.46832e-03,0.03,0.05
-2.46824e-03,0.03,-0.03
-2.46816e-03,-0.01,0.07
-2.46808e-03,0.01,-0.03
-2.46800e-03,0.03,0.05
-2.46792e-03,0.03,-0.03
-2.46784e-03,0.01,0.05
-2.46776e-03,0.03,-0.03
-2.46768e-03,0.03,0.05
-2.46760e-03,0.03,-0.03
-2.46752e-03,0.03,0.05
-2.46744e-03,0.03,-0.03
-2.46736e-03,0.03,0.05
-2.46728e-03,0.03,-0.03
-2.46720e-03,0.01,0.05
-2.46712e-03,0.03,-0.01
-2.46704e-03,0.03,0.05
-2.46696e-03,0.03,-0.01
-2.46688e-03,0.01,0.05
-2.46680e-03,0.03,-0.01
-2.46672e-03,0.03,0.05
-2.46664e-03,0.03,-0.01
-2.46656e-03,0.03,0.05
-2.46648e-03,0.03,-0.03
-2.46640e-03,0.03,0.05
-2.46632e-03,0.03,-0.03
-2.46624e-03,0.05,0.05
-2.46616e-03,0.03,-0.03
-2.46608e-03,0.03,0.05
-2.46600e-03,0.03,-0.03
-2.46592e-03,0.03,0.05
-2.46584e-03,0.03,-0.01
-2.46576e-03,0.01,0.05
-2.46568e-03,0.03,-0.01
-2.46560e-03,0.03,0.05
-2.46552e-03,0.03,-0.01
-2.46544e-03,0.03,0.05
-2.46536e-03,0.03,-0.03
-2.46528e-03,0.03,0.05
-2.46520e-03,0.03,-0.01
-2.46512e-03,0.03,0.05
-2.46504e-03,0.03,-0.01
-2.46496e-03,0.03,0.03
-2.46488e-03,0.01,-0.03
-2.46480e-03,0.03,0.05
-2.46472e-03,0.03,-0.03
-2.46464e-03,0.03,0.05
-2.46456e-03,0.03,-0.01
-2.46448e-03,0.01,0.05
-2.46440e-03,0.03,-0.03
-2.46432e-03,0.01,0.05
-2.46424e-03,0.03,-0.01
-2.46416e-03,0.01,0.05
-2.46408e-03,0.03,-0.01
-2.46400e-03,0.01,0.05
-2.46392e-03,0.03,-0.03
-2.46384e-03,0.01,0.05
-2.46376e-03,0.03,-0.01
-2.46368e-03,0.03,0.05
-2.46360e-03,0.03,-0.01
-2.46352e-03,0.05,0.05
-2.46344e-03,0.01,-0.01
-2.46336e-03,0.03,0.05
-2.46328e-03,0.03,-0.01
-2.46320e-03,0.03,0.05
-2.46312e-03,0.03,-0.03
-2.46304e-03,0.03,0.05
-2.46296e-03,0.03,-0.01
-2.46288e-03,0.01,0.05
-2.46280e-03,0.05,-0.03
-2.46272e-03,0.01,0.05
-2.46264e-03,0.01,-0.03
-2.46256e-03,0.03,0.05
-2.46248e-03,0.03,-0.03
-2.46240e-03,0.03,0.05
-2.46232e-03,0.01,-0.03
-2.46224e-03,0.03,0.05
-2.46216e-03,0.01,-0.03
-2.46208e-03,0.03,0.05
-2.46200e-03,0.03,-0.01
-2.46192e-03,0.03,0.05
-2.46184e-03,0.01,-0.03
-2.46176e-03,0.03,0.05
-2.46168e-03,0.03,-0.03
-2.46160e-03,0.03,0.05
-2.46152e-03,0.03,-0.01
-2.46144e-03,0.03,0.05
-2.46136e-03,0.03,-0.03
-2.46128e-03,0.03,0.05
-2.46120e-03,0.01,-0.03
-2.46112e-03,0.03,0.05
-2.46104e-03,0.03,-0.03
-2.46096e-03,0.03,0.07
-2.46088e-03,0.01,-0.03
-2.46080e-03,0.05,0.05
-2.46072e-03,0.03,-0.03
-2.46064e-03,0.03,0.05
-2.46056e-03,0.03,-0.03
-2.46048e-03,0.01,0.05
-2.46040e-03,0.03,-0.03
-2.46032e-03,0.05,0.05
-2.46024e-03,0.05,-0.03
-2.46016e-03,0.03,0.07
-2.46008e-03,0.03,-0.05
-2.46000e-03,0.03,0.07
-2.45992e-03,0.03,-0.03
-2.45984e-03,0.01,0.07
-2.45976e-03,0.01,-0.01
-2.45968e-03,0.03,0.05
-2.45960e-03,0.01,-0.03
-2.45952e-03,0.03,0.07
-2.45944e-03,0.03,-0.03
-2.45936e-03,0.05,0.05
-2.45928e-03,0.03,-0.01
-2.45920e-03,0.03,0.05
-2.45912e-03,0.03,-0.01
-2.45904e-03,0.01,0.05
-2.45896e-03,0.03,-0.01
-2.45888e-03,0.03,0.05
-2.45880e-03,0.03,-0.01
-2.45872e-03,0.03,0.05
-2.45864e-03,0.03,-0.01
-2.45856e-03,0.01,0.07
-2.45848e-03,0.03,-0.03
-2.45840e-03,0.03,0.05
-2.45832e-03,0.01,-0.01
-2.45824e-03,0.03,0.05
-2.45816e-03,0.01,-0.01
-2.45808e-03,0.03,0.05
-2.45800e-03,0.03,-0.03
-2.45792e-03,0.03,0.05
-2.45784e-03,0.03,-0.01
-2.45776e-03,0.03,0.03
-2.45768e-03,0.03,-0.01
-2.45760e-03,0.03,0.05
-2.45752e-03,0.03,-0.01
-2.45744e-03,0.01,0.05
-2.45736e-03,0.03,-0.01
-2.45728e-03,0.01,0.05
-2.45720e-03,0.03,-0.01
-2.45712e-03,0.03,0.05
-2.45704e-03,0.03,-0.03
-2.45696e-03,0.03,0.05
-2.45688e-03,0.01,-0.03
-2.45680e-03,0.03,0.07
-2.45672e-03,0.03,-0.03
-2.45664e-03,0.03,0.05
-2.45656e-03,0.03,-0.03
-2.45648e-03,0.03,0.05
-2.45640e-03,0.03,-0.03
-2.45632e-03,0.03,0.05
-2.45624e-03,0.03,-0.01
-2.45616e-03,0.01,0.05
-2.45608e-03,0.05,-0.03
-2.45600e-03,0.01,0.05
-2.45592e-03,0.03,-0.01
-2.45584e-03,0.03,0.05
-2.45576e-03,0.03,-0.01
-2.45568e-03,0.01,0.05
-2.45560e-03,0.01,-0.01
-2.45552e-03,0.05,0.05
-2.45544e-03,0.01,-0.03
-2.45536e-03,0.03,0.05
-2.45528e-03,0.03,-0.03
-2.45520e-03,0.03,0.05
-2.45512e-03,0.03,-0.01
-2.45504e-03,0.03,0.05
-2.45496e-03,0.03,-0.01
-2.45488e-03,0.03,0.05
-2.45480e-03,0.03,-0.01
-2.45472e-03,0.03,0.05
-2.45464e-03,0.03,-0.01
-2.45456e-03,0.03,0.05
-2.45448e-03,0.03,-0.01
-2.45440e-03,0.03,0.05
-2.45432e-03,0.03,-0.01
-2.45424e-03,0.03,0.05
-2.45416e-03,0.01,-0.01
-2.45408e-03,0.03,0.05
-2.45400e-03,0.03,-0.03
-2.45392e-03,0.03,0.05
-2.45384e-03,0.05,-0.01
-2.45376e-03,0.03,0.05
-2.45368e-03,0.05,-0.01
-2.45360e-03,0.03,0.05
-2.45352e-03,0.03,-0.01
-2.45344e-03,0.03,0.05
-2.45336e-03,0.05,-0.03
-2.45328e-03,0.03,0.05
-2.45320e-03,0.03,-0.01
-2.45312e-03,0.05,0.05
-2.45304e-03,0.01,-0.03
-2.45296e-03,0.03,0.07
-2.45288e-03,0.05,-0.03
-2.45280e-03,0.03,0.05
-2.45272e-03,0.01,-0.05
-2.45264e-03,0.03,0.07
-2.45256e-03,0.01,-0.03
-2.45248e-03,0.03,0.05
-2.45240e-03,0.01,-0.03
-2.45232e-03,0.03,0.05
-2.45224e-03,0.03,-0.03
-2.45216e-03,0.03,0.05
-2.45208e-03,0.05,-0.03
-2.45200e-03,0.03,0.07
-2.45192e-03,0.03,-0.03
-2.45184e-03,0.03,0.05
-2.45176e-03,0.01,-0.05
-2.45168e-03,0.05,0.07
-2.45160e-03,0.01,-0.03
-2.45152e-03,0.03,0.05
-2.45144e-03,0.01,-0.03
-2.45136e-03,0.03,0.07
-2.45128e-03,0.01,-0.03
-2.45120e-03,0.03,0.05
-2.45112e-03,0.03,-0.01
-2.45104e-03,0.03,0.05
-2.45096e-03,0.05,-0.03
-2.45088e-03,-0.01,0.07
-2.45080e-03,0.05,-0.03
-2.45072e-03,0.01,0.05
-2.45064e-03,0.05,-0.03
-2.45056e-03,0.01,0.05
-2.45048e-03,0.03,-0.01
-2.45040e-03,0.03,0.05
-2.45032e-03,0.03,-0.03
-2.45024e-03,0.03,0.05
-2.45016e-03,0.03,-0.01
-2.45008e-03,0.03,0.05
-2.45000e-03,0.01,-0.01
-2.44992e-03,0.03,0.05
-2.44984e-03,0.03,-0.03
-2.44976e-03,0.01,0.05
-2.44968e-03,0.03,-0.01
-2.44960e-03,0.01,0.05
-2.44952e-03,0.03,-0.03
-2.44944e-03,0.03,0.05
-2.44936e-03,0.03,-0.01
-2.44928e-03,0.01,0.05
-2.44920e-03,0.03,-0.01
-2.44912e-03,0.03,0.05
-2.44904e-03,0.03,-0.01
-2.44896e-03,0.05,0.05
-2.44888e-03,0.01,-0.01
-2.44880e-03,0.03,0.05
-2.44872e-03,0.01,-0.03
-2.44864e-03,0.03,0.05
-2.44856e-03,0.03,-0.01
-2.44848e-03,0.03,0.05
-2.44840e-03,0.03,-0.01
-2.44832e-03,0.03,0.05
-2.44824e-03,0.03,-0.01
-2.44816e-03,0.01,0.07
-2.44808e-03,0.03,-0.01
-2.44800e-03,0.01,0.05
-2.44792e-03,0.03,-0.03
-2.44784e-03,0.03,0.05
-2.44776e-03,0.03,-0.01
-2.44768e-03,0.03,0.05
-2.44760e-03,0.01,-0.01
-2.44752e-03,0.03,0.05
-2.44744e-03,0.01,-0.01
-2.44736e-03,0.03,0.05
-2.44728e-03,0.03,-0.01
-2.44720e-03,0.01,0.05
-2.44712e-03,0.03,-0.03
-2.44704e-03,0.01,0.05
-2.44696e-03,0.03,-0.03
-2.44688e-03,0.01,0.05
-2.44680e-03,0.03,-0.01
-2.44672e-03,0.03,0.05
-2.44664e-03,0.03,-0.03
-2.44656e-03,0.03,0.05
-2.44648e-03,0.03,-0.01
-2.44640e-03,0.03,0.05
-2.44632e-03,0.03,-0.01
-2.44624e-03,0.03,0.05
-2.44616e-03,0.03,-0.03
-2.44608e-03,0.05,0.05
-2.44600e-03,0.03,-0.01
-2.44592e-03,0.03,0.05
-2.44584e-03,0.03,-0.01
-2.44576e-03,0.03,0.05
-2.44568e-03,0.03,-0.03
-2.44560e-03,0.01,0.05
-2.44552e-03,0.01,-0.01
-2.44544e-03,0.03,0.07
-2.44536e-03,0.03,-0.01
-2.44528e-03,0.03,0.05
-2.44520e-03,0.03,-0.01
-2.44512e-03,0.03,0.07
-2.44504e-03,0.03,-0.03
-2.44496e-03,0.03,0.07
-2.44488e-03,0.01,-0.03
-2.44480e-03,0.05,0.07
-2.44472e-03,0.05,-0.03
-2.44464e-03,0.03,0.07
-2.44456e-03,0.01,-0.03
-2.44448e-03,0.05,0.05
-2.44440e-03,0.03,-0.03
-2.44432e-03,0.03,0.05
-2.44424e-03,0.01,-0.03
-2.44416e-03,0.03,0.05
-2.44408e-03,0.03,-0.03
-2.44400e-03,0.03,0.05
-2.44392e-03,0.03,-0.03
-2.44384e-03,0.01,0.05
-2.44376e-03,0.03,-0.03
-2.44368e-03,0.03,0.05
-2.44360e-03,0.03,-0.01
-2.44352e-03,0.05,0.05
-2.44344e-03,0.03,-0.01
-2.44336e-03,0.03,0.05
-2.44328e-03,0.03,-0.01
-2.44320e-03,0.01,0.05
-2.44312e-03,0.03,-0.03
-2.44304e-03,0.03,0.07
-2.44296e-03,0.03,-0.03
-2.44288e-03,0.01,0.05
-2.44280e-03,0.03,-0.03
-2.44272e-03,0.01,0.05
-2.44264e-03,0.03,-0.01
-2.44256e-03,0.03,0.05
-2.44248e-03,0.01,-0.01
-2.44240e-03,0.01,0.05
-2.44232e-03,0.03,-0.03
-2.44224e-03,0.03,0.05
-2.44216e-03,0.03,-0.03
-2.44208e-03,0.03,0.05
-2.44200e-03,0.03,-0.01
-2.44192e-03,0.03,0.05
-2.44184e-03,0.03,-0.03
-2.44176e-03,0.01,0.05
-2.44168e-03,0.03,-0.01
-2.44160e-03,0.01,0.05
-2.44152e-03,0.03,-0.01
-2.44144e-03,0.01,0.05
-2.44136e-03,0.03,-0.03
-2.44128e-03,0.01,0.05
-2.44120e-03,0.03,-0.01
-2.44112e-03,0.03,0.05
-2.44104e-03,0.01,-0.01
-2.44096e-03,0.03,0.05
-2.44088e-03,0.01,-0.03
-2.44080e-03,0.03,0.05
-2.44072e-03,0.01,-0.01
-2.44064e-03,0.05,0.05
-2.44056e-03,0.03,-0.03
-2.44048e-03,0.03,0.05
-2.44040e-03,0.03,-0.03
-2.44032e-03,0.03,0.05
-2.44024e-03,0.03,-0.03
-2.44016e-03,0.01,0.05
-2.44008e-03,0.05,-0.03
-2.44000e-03,0.01,0.05
-2.43992e-03,0.03,-0.03
-2.43984e-03,0.03,0.07
-2.43976e-03,0.01,-0.03
-2.43968e-03,0.03,0.05
-2.43960e-03,0.01,-0.03
-2.43952e-03,0.03,0.05
-2.43944e-03,0.01,-0.01
-2.43936e-03,0.03,0.05
-2.43928e-03,0.01,-0.01
-2.43920e-03,0.03,0.05
-2.43912e-03,0.03,-0.03
-2.43904e-03,0.01,0.05
-2.43896e-03,0.05,-0.03
-2.43888e-03,0.03,0.05
-2.43880e-03,0.03,-0.03
-2.43872e-03,0.01,0.05
-2.43864e-03,0.05,-0.03
-2.43856e-03,0.01,0.05
-2.43848e-03,0.03,-0.01
-2.43840e-03,0.05,0.05
-2.43832e-03,0.03,-0.01
-2.43824e-03,0.03,0.05
-2.43816e-03,0.01,-0.01
-2.43808e-03,0.03,0.05
-2.43800e-03,0.03,-0.03
-2.43792e-03,0.03,0.05
-2.43784e-03,0.01,-0.03
-2.43776e-03,0.03,0.05
-2.43768e-03,0.03,-0.01
-2.43760e-03,0.01,0.05
-2.43752e-03,0.03,-0.03
-2.43744e-03,0.03,0.05
-2.43736e-03,0.05,-0.03
-2.43728e-03,0.03,0.07
-2.43720e-03,0.05,-0.03
-2.43712e-03,0.03,0.05
-2.43704e-03,0.01,-0.03
-2.43696e-03,0.03,0.05
-2.43688e-03,0.03,-0.01
-2.43680e-03,0.01,0.05
-2.43672e-03,0.03,-0.03
-2.43664e-03,0.05,0.05
-2.43656e-03,0.03,-0.03
-2.43648e-03,0.03,0.05
-2.43640e-03,0.03,-0.03
-2.43632e-03,0.03,0.05
-2.43624e-03,0.03,-0.03
-2.43616e-03,0.01,0.05
-2.43608e-03,0.07,-0.03
-2.43600e-03,0.03,0.05
-2.43592e-03,0.03,-0.03
-2.43584e-03,0.03,0.07
-2.43576e-03,0.01,-0.01
-2.43568e-03,0.03,0.05
-2.43560e-03,0.03,-0.03
-2.43552e-03,0.03,0.05
-2.43544e-03,0.03,-0.01
-2.43536e-03,0.03,0.05
-2.43528e-03,0.03,-0.03
-2.43520e-03,0.03,0.05
-2.43512e-03,0.03,-0.01
-2.43504e-03,0.01,0.05
-2.43496e-03,0.05,-0.01
-2.43488e-03,0.01,0.05
-2.43480e-03,0.03,-0.01
-2.43472e-03,0.01,0.05
-2.43464e-03,0.05,-0.01
-2.43456e-03,0.03,0.05
-2.43448e-03,0.01,-0.01
-2.43440e-03,0.03,0.05
-2.43432e-03,0.03,-0.01
-2.43424e-03,0.03,0.05
-2.43416e-03,0.03,-0.03
-2.43408e-03,0.03,0.05
-2.43400e-03,0.01,-0.01
-2.43392e-03,0.03,0.05
-2.43384e-03,0.03,-0.01
-2.43376e-03,0.03,0.05
-2.43368e-03,0.03,-0.01
-2.43360e-03,0.01,0.05
-2.43352e-03,0.05,-0.01
-2.43344e-03,0.03,0.05
-2.43336e-03,0.01,-0.01
-2.43328e-03,0.03,0.05
-2.43320e-03,0.03,-0.03
-2.43312e-03,0.05,0.05
-2.43304e-03,0.03,-0.01
-2.43296e-03,0.03,0.07
-2.43288e-03,0.03,-0.01
-2.43280e-03,0.03,0.05
-2.43272e-03,0.01,-0.03
-2.43264e-03,0.03,0.05
-2.43256e-03,0.01,-0.01
-2.43248e-03,0.03,0.07
-2.43240e-03,0.03,-0.03
-2.43232e-03,0.03,0.05
-2.43224e-03,0.03,-0.01
-2.43216e-03,0.03,0.07
-2.43208e-03,0.03,-0.03
-2.43200e-03,0.01,0.05
-2.43192e-03,0.05,-0.01
-2.43184e-03,0.03,0.05
-2.43176e-03,0.01,-0.03
-2.43168e-03,0.03,0.05
-2.43160e-03,0.01,-0.03
-2.43152e-03,0.03,0.05
-2.43144e-03,0.01,-0.03
-2.43136e-03,0.03,0.05
-2.43128e-03,0.01,-0.01
-2.43120e-03,0.03,0.05
-2.43112e-03,0.03,-0.01
-2.43104e-03,0.03,0.05
-2.43096e-03,0.05,-0.01
-2.43088e-03,0.03,0.05
-2.43080e-03,0.03,-0.03
-2.43072e-03,0.03,0.05
-2.43064e-03,0.05,-0.01
-2.43056e-03,0.03,0.05
-2.43048e-03,0.01,-0.03
-2.43040e-03,0.03,0.05
-2.43032e-03,0.03,-0.01
-2.43024e-03,0.05,0.05
-2.43016e-03,0.03,-0.01
-2.43008e-03,0.03,0.07
-2.43000e-03,0.01,-0.01
-2.42992e-03,0.03,0.05
-2.42984e-03,0.03,-0.01
-2.42976e-03,0.01,0.05
-2.42968e-03,0.03,-0.03
-2.42960e-03,0.01,0.05
-2.42952e-03,0.05,-0.03
-2.42944e-03,-0.01,0.05
-2.42936e-03,0.03,-0.03
-2.42928e-03,0.03,0.07
-2.42920e-03,0.03,-0.03
-2.42912e-03,0.05,0.07
-2.42904e-03,0.03,-0.03
-2.42896e-03,0.03,0.05
-2.42888e-03,0.03,-0.03
-2.42880e-03,0.03,0.07
-2.42872e-03,0.01,-0.01
-2.42864e-03,0.03,0.05
-2.42856e-03,0.01,-0.03
-2.42848e-03,0.01,0.05
-2.42840e-03,0.03,-0.01
-2.42832e-03,0.03,0.07
-2.42824e-03,0.05,-0.03
-2.42816e-03,0.03,0.05
-2.42808e-03,0.05,-0.01
-2.42800e-03,0.03,0.05
-2.42792e-03,0.03,-0.01
-2.42784e-03,0.03,0.05
-2.42776e-03,0.03,-0.01
-2.42768e-03,0.03,0.05
-2.42760e-03,0.03,-0.01
-2.42752e-03,0.03,0.05
-2.42744e-03,0.01,-0.01
-2.42736e-03,0.05,0.05
-2.42728e-03,0.01,-0.01
-2.42720e-03,0.03,0.05
-2.42712e-03,0.03,-0.01
-2.42704e-03,0.03,0.05
-2.42696e-03,0.03,-0.01
-2.42688e-03,0.01,0.05
-2.42680e-03,0.01,-0.01
-2.42672e-03,0.01,0.05
-2.42664e-03,0.03,-0.07
-2.42656e-03,0.01,0.07
-2.42648e-03,0.01,-0.03
-2.42640e-03,0.05,0.07
-2.42632e-03,0.03,-0.01
-2.42624e-03,0.03,0.05
-2.42616e-03,0.01,-0.01
-2.42608e-03,0.03,0.05
-2.42600e-03,0.01,-0.01
-2.42592e-03,0.01,0.05
-2.42584e-03,0.03,-0.01
-2.42576e-03,0.03,0.05
-2.42568e-03,0.01,-0.03
-2.42560e-03,-0.01,0.05
-2.42552e-03,0.03,-0.03
-2.42544e-03,0.01,0.05
-2.42536e-03,0.03,-0.03
-2.42528e-03,0.01,0.05
-2.42520e-03,0.01,-0.03
-2.42512e-03,0.01,0.03
-2.42504e-03,0.03,-0.03
-2.42496e-03,0.03,0.05
-2.42488e-03,0.03,-0.03
-2.42480e-03,0.01,0.05
-2.42472e-03,0.03,-0.01
-2.42464e-03,0.03,0.05
-2.42456e-03,0.03,-0.03
-2.42448e-03,0.01,0.03
-2.42440e-03,0.01,-0.01
-2.42432e-03,0.01,0.05
-2.42424e-03,0.01,-0.01
-2.42416e-03,0.01,0.05
-2.42408e-03,0.03,-0.01
-2.42400e-03,0.01,0.05
-2.42392e-03,0.03,-0.03
-2.42384e-03,0.03,0.05
-2.42376e-03,0.03,-0.03
-2.42368e-03,0.01,0.05
-2.42360e-03,0.03,-0.01
-2.42352e-03,0.03,0.05
-2.42344e-03,0.03,-0.01
-2.42336e-03,0.03,0.05
-2.42328e-03,0.03,-0.03
-2.42320e-03,0.03,0.05
-2.42312e-03,0.03,-0.01
-2.42304e-03,0.01,0.05
-2.42296e-03,0.03,-0.01
-2.42288e-03,0.03,0.05
-2.42280e-03,0.01,-0.01
-2.42272e-03,0.01,0.05
-2.42264e-03,0.05,-0.01
-2.42256e-03,0.03,0.05
-2.42248e-03,0.03,-0.03
-2.42240e-03,0.03,0.05
-2.42232e-03,0.03,-0.01
-2.42224e-03,0.05,0.05
-2.42216e-03,0.03,-0.01
-2.42208e-03,0.01,0.05
-2.42200e-03,0.01,-0.03
-2.42192e-03,0.01,0.05
-2.42184e-03,0.03,-0.03
-2.42176e-03,0.03,0.05
-2.42168e-03,0.03,-0.03
-2.42160e-03,0.01,0.05
-2.42152e-03,0.01,-0.03
-2.42144e-03,0.03,0.05
-2.42136e-03,0.03,-0.01
-2.42128e-03,0.03,0.05
-2.42120e-03,0.05,-0.03
-2.42112e-03,0.03,0.05
-2.42104e-03,0.03,-0.03
-2.42096e-03,0.03,0.05
-2.42088e-03,0.03,-0.03
-2.42080e-03,0.03,0.03
-2.42072e-03,0.03,-0.01
-2.42064e-03,0.05,0.05
-2.42056e-03,0.05,-0.01
-2.42048e-03,0.03,0.05
-2.42040e-03,0.05,-0.01
-2.42032e-03,0.03,0.05
-2.42024e-03,0.01,-0.01
-2.42016e-03,0.03,0.05
-2.42008e-03,0.07,-0.03
-2.42000e-03,0.03,0.05
-2.41992e-03,0.03,-0.03
-2.41984e-03,0.03,0.11
-2.41976e-03,0.05,-0.01
-2.41968e-03,0.03,0.07
-2.41960e-03,0.01,-0.03
-2.41952e-03,0.03,0.07
-2.41944e-03,0.03,-0.01
-2.41936e-03,0.03,0.05
-2.41928e-03,0.03,-0.03
-2.41920e-03,0.03,0.07
-2.41912e-03,0.03,-0.03
-2.41904e-03,0.01,0.05
-2.41896e-03,0.03,-0.01
-2.41888e-03,0.03,0.05
-2.41880e-03,0.03,-0.03
-2.41872e-03,0.03,0.05
-2.41864e-03,0.03,-0.03
-2.41856e-03,0.01,0.05
-2.41848e-03,0.03,-0.01
-2.41840e-03,0.03,0.05
-2.41832e-03,0.01,-0.03
-2.41824e-03,0.05,0.05
-2.41816e-03,0.03,-0.01
-2.41808e-03,0.03,0.05
-2.41800e-03,0.01,-0.03
-2.41792e-03,0.03,0.05
-2.41784e-03,0.03,-0.01
-2.41776e-03,0.01,0.05
-2.41768e-03,0.03,-0.01
-2.41760e-03,0.03,0.05
-2.41752e-03,0.05,-0.03
-2.41744e-03,0.03,0.05
-2.41736e-03,0.05,-0.01
-2.41728e-03,0.01,0.05
-2.41720e-03,0.03,-0.01
-2.41712e-03,0.03,0.05
-2.41704e-03,0.03,-0.03
-2.41696e-03,0.03,0.07
-2.41688e-03,0.01,-0.01
-2.41680e-03,0.03,0.05
-2.41672e-03,0.03,-0.01
-2.41664e-03,0.05,0.05
-2.41656e-03,0.03,-0.03
-2.41648e-03,0.03,0.05
-2.41640e-03,0.03,-0.01
-2.41632e-03,0.03,0.05
-2.41624e-03,0.03,-0.01
-2.41616e-03,0.01,0.05
-2.41608e-03,0.03,-0.01
-2.41600e-03,0.01,0.05
-2.41592e-03,0.03,-0.01
-2.41584e-03,0.03,0.05
-2.41576e-03,0.01,-0.01
-2.41568e-03,0.05,0.05
-2.41560e-03,0.01,-0.03
-2.41552e-03,0.03,0.05
-2.41544e-03,0.03,-0.01
-2.41536e-03,0.03,0.05
-2.41528e-03,0.03,-0.01
-2.41520e-03,0.03,0.05
-2.41512e-03,0.03,-0.01
-2.41504e-03,0.01,0.05
-2.41496e-03,0.03,-0.01
-2.41488e-03,0.01,0.05
-2.41480e-03,0.05,-0.01
-2.41472e-03,0.01,0.05
-2.41464e-03,0.03,-0.01
-2.41456e-03,0.03,0.05
-2.41448e-03,0.03,-0.01
-2.41440e-03,0.03,0.05
-2.41432e-03,0.01,-0.01
-2.41424e-03,0.03,0.05
-2.41416e-03,0.03,-0.01
-2.41408e-03,0.07,0.05
-2.41400e-03,0.05,-0.03
-2.41392e-03,0.05,0.07
-2.41384e-03,0.01,-0.03
-2.41376e-03,0.03,0.07
-2.41368e-03,0.01,-0.03
-2.41360e-03,0.03,0.07
-2.41352e-03,0.03,-0.03
-2.41344e-03,0.03,0.05
-2.41336e-03,0.03,-0.03
-2.41328e-03,0.01,0.05
-2.41320e-03,0.03,-0.03
-2.41312e-03,0.03,0.05
-2.41304e-03,0.03,-0.03
-2.41296e-03,0.03,0.05
-2.41288e-03,-0.01,-0.03
-2.41280e-03,0.03,0.05
-2.41272e-03,0.01,-0.03
-2.41264e-03,0.03,0.05
-2.41256e-03,0.03,-0.03
-2.41248e-03,0.05,0.05
-2.41240e-03,0.03,-0.03
-2.41232e-03,0.03,0.05
-2.41224e-03,0.05,-0.01
-2.41216e-03,0.01,0.05
-2.41208e-03,0.03,-0.03
-2.41200e-03,0.01,0.05
-2.41192e-03,0.03,-0.01
-2.41184e-03,0.03,0.05
-2.41176e-03,0.01,-0.01
-2.41168e-03,0.03,0.05
-2.41160e-03,0.03,-0.01
-2.41152e-03,0.03,0.05
-2.41144e-03,0.01,-0.01
-2.41136e-03,0.05,0.05
-2.41128e-03,0.03,-0.01
-2.41120e-03,0.03,0.05
-2.41112e-03,0.01,-0.01
-2.41104e-03,0.03,0.05
-2.41096e-03,0.03,-0.03
-2.41088e-03,0.03,0.05
-2.41080e-03,0.03,-0.01
-2.41072e-03,0.01,0.05
-2.41064e-03,0.03,-0.01
-2.41056e-03,0.03,0.05
-2.41048e-03,-0.01,-0.01
-2.41040e-03,0.03,0.05
-2.41032e-03,0.03,-0.03
-2.41024e-03,0.03,0.05
-2.41016e-03,0.01,-0.01
-2.41008e-03,0.03,0.05
-2.41000e-03,0.01,-0.01
-2.40992e-03,0.05,0.05
-2.40984e-03,0.03,-0.01
-2.40976e-03,0.01,0.05
-2.40968e-03,0.05,-0.01
-2.40960e-03,0.01,0.05
-2.40952e-03,0.03,-0.01
-2.40944e-03,0.03,0.05
-2.40936e-03,0.05,-0.01
-2.40928e-03,0.01,0.05
-2.40920e-03,0.01,-0.03
-2.40912e-03,0.03,0.05
-2.40904e-03,0.01,-0.03
-2.40896e-03,0.05,0.05
-2.40888e-03,0.01,-0.03
-2.40880e-03,0.03,0.05
-2.40872e-03,0.01,-0.03
-2.40864e-03,0.05,0.05
-2.40856e-03,0.01,-0.03
-2.40848e-03,0.03,0.05
-2.40840e-03,0.01,-0.01
-2.40832e-03,0.01,0.05
-2.40824e-03,0.03,-0.01
-2.40816e-03,0.01,0.05
-2.40808e-03,0.05,-0.01
-2.40800e-03,0.01,0.05
-2.40792e-03,0.03,-0.01
-2.40784e-03,0.01,0.05
-2.40776e-03,0.01,-0.03
-2.40768e-03,0.03,0.05
-2.40760e-03,0.03,-0.01
-2.40752e-03,0.03,0.05
-2.40744e-03,0.01,-0.03
-2.40736e-03,0.03,0.05
-2.40728e-03,0.03,-0.03
-2.40720e-03,0.03,0.05
-2.40712e-03,0.03,-0.01
-2.40704e-03,0.03,0.05
-2.40696e-03,0.03,-0.01
-2.40688e-03,0.01,0.05
-2.40680e-03,0.03,-0.01
-2.40672e-03,0.03,0.05
-2.40664e-03,0.05,-0.01
-2.40656e-03,0.03,0.07
-2.40648e-03,0.05,-0.03
-2.40640e-03,0.01,0.05
-2.40632e-03,0.03,-0.03
-2.40624e-03,0.03,0.05
-2.40616e-03,0.01,-0.03
-2.40608e-03,0.05,0.07
-2.40600e-03,0.01,-0.01
-2.40592e-03,0.03,0.05
-2.40584e-03,0.03,-0.03
-2.40576e-03,0.03,0.07
-2.40568e-03,0.03,-0.01
-2.40560e-03,0.01,0.05
-2.40552e-03,0.03,-0.01
-2.40544e-03,0.03,0.05
-2.40536e-03,0.05,-0.01
-2.40528e-03,0.03,0.05
-2.40520e-03,0.03,-0.01
-2.40512e-03,0.03,0.05
-2.40504e-03,0.03,-0.01
-2.40496e-03,0.03,0.05
-2.40488e-03,0.01,-0.01
-2.40480e-03,0.05,0.05
-2.40472e-03,0.03,-0.01
-2.40464e-03,0.03,0.05
-2.40456e-03,0.03,-0.03
-2.40448e-03,0.01,0.05
-2.40440e-03,0.03,-0.03
-2.40432e-03,0.01,0.07
-2.40424e-03,0.03,-0.01
-2.40416e-03,0.03,0.05
-2.40408e-03,0.03,-0.03
-2.40400e-03,0.03,0.05
-2.40392e-03,0.03,-0.01
-2.40384e-03,0.03,0.05
-2.40376e-03,0.03,-0.01
-2.40368e-03,0.03,0.07
-2.40360e-03,0.01,-0.03
-2.40352e-03,0.03,0.05
-2.40344e-03,0.03,-0.01
-2.40336e-03,0.01,0.05
-2.40328e-03,0.01,-0.03
-2.40320e-03,0.03,0.05
-2.40312e-03,0.03,-0.03
-2.40304e-03,0.01,0.05
-2.40296e-03,0.03,-0.01
-2.40288e-03,0.03,0.05
-2.40280e-03,0.03,-0.01
-2.40272e-03,0.01,0.05
-2.40264e-03,0.03,-0.01
-2.40256e-03,0.03,0.05
-2.40248e-03,0.03,-0.03
-2.40240e-03,0.05,0.03
-2.40232e-03,0.01,-0.01
-2.40224e-03,0.03,0.05
-2.40216e-03,0.03,-0.03
-2.40208e-03,0.03,0.05
-2.40200e-03,0.03,-0.01
-2.40192e-03,0.03,0.05
-2.40184e-03,0.01,-0.03
-2.40176e-03,0.03,0.05
-2.40168e-03,0.03,-0.03
-2.40160e-03,0.03,0.05
-2.40152e-03,0.03,-0.03
-2.40144e-03,0.01,0.05
-2.40136e-03,0.03,-0.01
-2.40128e-03,0.03,0.05
-2.40120e-03,0.01,-0.01
-2.40112e-03,0.03,0.05
-2.40104e-03,0.01,-0.01
-2.40096e-03,0.03,0.05
-2.40088e-03,0.03,-0.01
-2.40080e-03,0.05,0.05
-2.40072e-03,-0.01,-0.03
-2.40064e-03,0.01,0.05
-2.40056e-03,0.03,-0.03
-2.40048e-03,0.01,0.05
-2.40040e-03,0.01,-0.03
-2.40032e-03,0.01,0.05
-2.40024e-03,0.03,-0.03
-2.40016e-03,0.01,0.05
-2.40008e-03,0.03,-0.03
-2.40000e-03,0.03,0.05
-2.39992e-03,0.03,-0.01
-2.39984e-03,0.03,0.05
-2.39976e-03,0.01,-0.03
-2.39968e-03,0.05,0.05
-2.39960e-03,-0.01,-0.01
-2.39952e-03,0.03,0.05
-2.39944e-03,0.03,-0.03
-2.39936e-03,0.03,0.07
-2.39928e-03,0.03,-0.01
-2.39920e-03,0.03,0.07
-2.39912e-03,0.03,-0.03
-2.39904e-03,0.03,0.07
-2.39896e-03,0.03,-0.03
-2.39888e-03,0.03,0.07
-2.39880e-03,0.05,-0.03
-2.39872e-03,0.01,0.05
-2.39864e-03,0.01,-0.03
-2.39856e-03,0.01,0.07
-2.39848e-03,0.03,-0.03
-2.39840e-03,0.03,0.07
-2.39832e-03,0.01,-0.03
-2.39824e-03,0.05,0.05
-2.39816e-03,0.01,-0.03
-2.39808e-03,0.03,0.05
-2.39800e-03,0.03,-0.03
-2.39792e-03,0.03,0.05
-2.39784e-03,0.03,-0.03
-2.39776e-03,0.03,0.05
-2.39768e-03,0.03,-0.03
-2.39760e-03,-0.01,0.05
-2.39752e-03,0.05,-0.03
-2.39744e-03,0.01,0.05
-2.39736e-03,0.05,-0.03
-2.39728e-03,0.01,0.05
-2.39720e-03,0.03,-0.01
-2.39712e-03,0.03,0.05
-2.39704e-03,0.01,-0.03
-2.39696e-03,0.03,0.05
-2.39688e-03,0.01,-0.03
-2.39680e-03,0.01,0.05
-2.39672e-03,0.03,-0.03
-2.39664e-03,0.01,0.05
-2.39656e-03,0.01,-0.01
-2.39648e-03,0.01,0.05
-2.39640e-03,0.03,-0.01
-2.39632e-03,0.03,0.05
-2.39624e-03,0.03,-0.03
-2.39616e-03,0.01,0.03
-2.39608e-03,0.03,-0.03
-2.39600e-03,0.01,0.03
-2.39592e-03,0.03,-0.01
-2.39584e-03,0.03,0.05
-2.39576e-03,0.01,-0.03
-2.39568e-03,0.03,0.03
-2.39560e-03,0.01,-0.03
-2.39552e-03,0.03,0.05
-2.39544e-03,0.01,-0.03
-2.39536e-03,0.03,0.05
-2.39528e-03,0.01,-0.03
-2.39520e-03,0.03,0.05
-2.39512e-03,0.03,-0.03
-2.39504e-03,0.03,0.05
-2.39496e-03,0.03,-0.01
-2.39488e-03,0.01,0.05
-2.39480e-03,0.03,-0.03
-2.39472e-03,0.01,0.05
-2.39464e-03,0.01,-0.01
-2.39456e-03,0.03,0.03
-2.39448e-03,0.01,-0.03
-2.39440e-03,0.05,0.05
-2.39432e-03,0.01,-0.01
-2.39424e-03,0.03,0.05
-2.39416e-03,0.01,-0.01
-2.39408e-03,0.03,0.05
-2.39400e-03,0.03,-0.03
-2.39392e-03,0.05,0.05
-2.39384e-03,0.01,-0.01
-2.39376e-03,0.01,0.05
-2.39368e-03,0.03,-0.01
-2.39360e-03,0.01,0.05
-2.39352e-03,0.03,-0.03
-2.39344e-03,-0.01,0.05
-2.39336e-03,0.03,-0.03
-2.39328e-03,0.01,0.05
-2.39320e-03,0.01,-0.03
-2.39312e-03,0.05,0.05
-2.39304e-03,-0.01,-0.03
-2.39296e-03,0.05,0.05
-2.39288e-03,0.03,-0.03
-2.39280e-03,0.03,0.05
-2.39272e-03,0.03,-0.03
-2.39264e-03,0.05,0.05
-2.39256e-03,0.03,-0.03
-2.39248e-03,0.03,0.05
-2.39240e-03,0.03,-0.03
-2.39232e-03,0.01,0.05
-2.39224e-03,0.03,-0.01
-2.39216e-03,0.01,0.05
-2.39208e-03,0.03,-0.01
-2.39200e-03,0.03,0.05
-2.39192e-03,0.03,-0.03
-2.39184e-03,0.03,0.05
-2.39176e-03,0.03,-0.01
-2.39168e-03,0.03,0.05
-2.39160e-03,0.01,-0.01
-2.39152e-03,0.05,0.05
-2.39144e-03,0.03,-0.01
-2.39136e-03,0.05,0.05
-2.39128e-03,0.01,-0.03
-2.39120e-03,0.01,0.05
-2.39112e-03,0.03,-0.03
-2.39104e-03,0.01,0.07
-2.39096e-03,0.05,-0.03
-2.39088e-03,0.03,0.07
-2.39080e-03,0.03,-0.03
-2.39072e-03,0.03,0.05
-2.39064e-03,0.03,-0.01
-2.39056e-03,0.03,0.05
-2.39048e-03,0.01,-0.03
-2.39040e-03,0.05,0.05
-2.39032e-03,0.01,-0.03
-2.39024e-03,0.05,0.07
-2.39016e-03,0.01,-0.03
-2.39008e-03,0.03,0.05
-2.39000e-03,0.03,-0.03
-2.38992e-03,0.05,0.05
-2.38984e-03,0.03,-0.03
-2.38976e-03,0.03,0.05
-2.38968e-03,0.05,-0.01
-2.38960e-03,0.01,0.05
-2.38952e-03,0.05,-0.01
-2.38944e-03,0.01,0.05
-2.38936e-03,0.03,-0.01
-2.38928e-03,0.03,0.05
-2.38920e-03,0.03,-0.01
-2.38912e-03,0.03,0.05
-2.38904e-03,0.03,-0.03
-2.38896e-03,0.03,0.05
-2.38888e-03,0.03,-0.03
-2.38880e-03,0.03,0.05
-2.38872e-03,0.03,-0.03
-2.38864e-03,0.03,0.05
-2.38856e-03,0.03,-0.03
-2.38848e-03,0.03,0.05
-2.38840e-03,0.03,-0.01
-2.38832e-03,0.01,0.05
-2.38824e-03,0.03,-0.03
-2.38816e-03,0.01,0.05
-2.38808e-03,0.03,-0.03
-2.38800e-03,0.01,0.05
-2.38792e-03,0.01,-0.01
-2.38784e-03,0.01,0.05
-2.38776e-03,0.03,-0.01
-2.38768e-03,0.03,0.05
-2.38760e-03,0.01,-0.01
-2.38752e-03,0.03,0.05
-2.38744e-03,0.01,-0.03
-2.38736e-03,0.03,0.05
-2.38728e-03,0.01,-0.01
-2.38720e-03,0.03,0.05
-2.38712e-03,0.05,-0.01
-2.38704e-03,0.03,0.05
-2.38696e-03,0.03,-0.03
-2.38688e-03,-0.01,0.05
-2.38680e-03,0.05,-0.03
-2.38672e-03,0.01,0.05
-2.38664e-03,0.03,-0.03
-2.38656e-03,0.03,0.05
-2.38648e-03,0.03,-0.01
-2.38640e-03,0.03,0.05
-2.38632e-03,0.01,-0.01
-2.38624e-03,0.03,0.05
-2.38616e-03,0.03,-0.01
-2.38608e-03,0.03,0.05
-2.38600e-03,0.01,-0.03
-2.38592e-03,0.03,0.05
-2.38584e-03,0.05,-0.01
-2.38576e-03,0.01,0.05
-2.38568e-03,0.03,-0.01
-2.38560e-03,0.03,0.05
-2.38552e-03,0.03,-0.03
-2.38544e-03,0.01,0.05
-2.38536e-03,0.03,-0.03
-2.38528e-03,0.03,0.05
-2.38520e-03,0.01,-0.01
-2.38512e-03,0.05,0.05
-2.38504e-03,0.01,-0.01
-2.38496e-03,0.01,0.05
-2.38488e-03,0.03,-0.03
-2.38480e-03,0.05,0.05
-2.38472e-03,0.03,-0.01
-2.38464e-03,0.03,0.05
-2.38456e-03,0.03,-0.01
-2.38448e-03,0.01,0.05
-2.38440e-03,0.03,-0.01
-2.38432e-03,0.01,0.05
-2.38424e-03,0.05,-0.01
-2.38416e-03,0.03,0.05
-2.38408e-03,0.03,-0.01
-2.38400e-03,0.03,0.05
-2.38392e-03,0.03,-0.03
-2.38384e-03,0.03,0.05
-2.38376e-03,0.01,-0.01
-2.38368e-03,0.03,0.07
-2.38360e-03,0.03,-0.03
-2.38352e-03,0.03,0.05
-2.38344e-03,-0.01,-0.01
-2.38336e-03,0.03,0.05
-2.38328e-03,0.03,-0.03
-2.38320e-03,0.03,0.05
-2.38312e-03,0.05,-0.03
-2.38304e-03,0.01,0.07
-2.38296e-03,0.03,-0.03
-2.38288e-03,0.01,0.07
-2.38280e-03,0.03,-0.03
-2.38272e-03,0.03,0.05
-2.38264e-03,0.03,-0.01
-2.38256e-03,0.03,0.05
-2.38248e-03,0.03,-0.01
-2.38240e-03,0.03,0.05
-2.38232e-03,0.01,-0.03
-2.38224e-03,0.03,0.05
-2.38216e-03,0.01,-0.01
-2.38208e-03,0.03,0.05
-2.38200e-03,0.01,-0.03
-2.38192e-03,0.01,0.05
-2.38184e-03,0.03,-0.01
-2.38176e-03,0.03,0.05
-2.38168e-03,0.03,-0.03
-2.38160e-03,0.01,0.05
-2.38152e-03,0.01,-0.01
-2.38144e-03,0.03,0.05
-2.38136e-03,0.03,-0.01
-2.38128e-03,0.01,0.05
-2.38120e-03,0.03,-0.01
-2.38112e-03,0.03,0.05
-2.38104e-03,0.03,-0.03
-2.38096e-03,0.03,0.05
-2.38088e-03,0.01,-0.03
-2.38080e-03,0.03,0.05
-2.38072e-03,0.01,-0.03
-2.38064e-03,0.03,0.07
-2.38056e-03,0.01,-0.03
-2.38048e-03,0.01,0.05
-2.38040e-03,0.03,-0.03
-2.38032e-03,0.01,0.05
-2.38024e-03,0.03,-0.01
-2.38016e-03,0.03,0.05
-2.38008e-03,0.03,-0.03
-2.38000e-03,0.03,0.05
-2.37992e-03,0.03,-0.01
-2.37984e-03,0.03,0.05
-2.37976e-03,0.01,-0.01
-2.37968e-03,0.03,0.05
-2.37960e-03,0.01,-0.01
-2.37952e-03,0.01,0.05
-2.37944e-03,0.01,-0.01
-2.37936e-03,0.05,0.05
-2.37928e-03,0.03,-0.01
-2.37920e-03,0.03,0.05
-2.37912e-03,0.01,-0.01
-2.37904e-03,0.03,0.05
-2.37896e-03,0.03,-0.03
-2.37888e-03,0.01,0.05
-2.37880e-03,0.03,-0.01
-2.37872e-03,0.03,0.05
-2.37864e-03,0.03,-0.01
-2.37856e-03,0.03,0.05
-2.37848e-03,0.03,-0.03
-2.37840e-03,0.03,0.05
-2.37832e-03,0.03,-0.01
-2.37824e-03,0.03,0.07
-2.37816e-03,0.03,-0.03
-2.37808e-03,0.03,0.05
-2.37800e-03,0.03,-0.03
-2.37792e-03,0.01,0.05
-2.37784e-03,0.03,-0.03
-2.37776e-03,0.01,0.05
-2.37768e-03,0.03,-0.01
-2.37760e-03,0.01,0.05
-2.37752e-03,0.05,-0.01
-2.37744e-03,0.03,0.05
-2.37736e-03,0.03,-0.03
-2.37728e-03,0.01,0.05
-2.37720e-03,0.01,-0.01
-2.37712e-03,0.03,0.05
-2.37704e-03,0.03,-0.03
-2.37696e-03,0.03,0.05
-2.37688e-03,0.01,-0.03
-2.37680e-03,-0.01,0.05
-2.37672e-03,0.03,-0.05
-2.37664e-03,0.03,0.05
-2.37656e-03,0.01,-0.09
-2.37648e-03,0.01,0.07
-2.37640e-03,0.03,-0.01
-2.37632e-03,0.03,0.07
-2.37624e-03,0.03,-0.03
-2.37616e-03,0.03,0.05
-2.37608e-03,0.03,-0.03
-2.37600e-03,0.01,0.05
-2.37592e-03,0.01,-0.01
-2.37584e-03,0.03,0.05
-2.37576e-03,0.03,-0.03
-2.37568e-03,0.05,0.05
-2.37560e-03,0.01,-0.03
-2.37552e-03,0.03,0.05
-2.37544e-03,0.03,-0.03
-2.37536e-03,0.01,0.05
-2.37528e-03,0.03,-0.03
-2.37520e-03,0.01,0.05
-2.37512e-03,0.05,-0.03
-2.37504e-03,0.01,0.05
-2.37496e-03,0.03,-0.03
-2.37488e-03,0.01,0.05
-2.37480e-03,0.03,-0.01
-2.37472e-03,0.03,0.05
-2.37464e-03,0.03,-0.01
-2.37456e-03,0.01,0.03
-2.37448e-03,0.01,-0.01
-2.37440e-03,0.03,0.05
-2.37432e-03,0.03,-0.01
-2.37424e-03,0.05,0.05
-2.37416e-03,0.03,-0.01
-2.37408e-03,0.03,0.05
-2.37400e-03,0.03,-0.03
-2.37392e-03,0.03,0.05
-2.37384e-03,0.03,-0.01
-2.37376e-03,0.03,0.05
-2.37368e-03,0.03,-0.01
-2.37360e-03,0.01,0.05
-2.37352e-03,0.03,-0.01
-2.37344e-03,0.01,0.05
-2.37336e-03,0.03,-0.01
-2.37328e-03,0.05,0.05
-2.37320e-03,0.03,-0.03
-2.37312e-03,0.03,0.05
-2.37304e-03,0.03,-0.01
-2.37296e-03,0.05,0.07
-2.37288e-03,0.01,-0.01
-2.37280e-03,0.03,0.05
-2.37272e-03,0.03,-0.01
-2.37264e-03,0.01,0.05
-2.37256e-03,0.03,-0.01
-2.37248e-03,0.03,0.05
-2.37240e-03,0.01,-0.01
-2.37232e-03,0.01,0.05
-2.37224e-03,0.03,-0.03
-2.37216e-03,0.03,0.05
-2.37208e-03,0.03,-0.03
-2.37200e-03,0.03,0.05
-2.37192e-03,0.03,-0.01
-2.37184e-03,0.03,0.05
-2.37176e-03,0.01,-0.01
-2.37168e-03,0.03,0.05
-2.37160e-03,0.03,-0.01
-2.37152e-03,0.03,0.05
-2.37144e-03,0.03,-0.01
-2.37136e-03,0.03,0.05
-2.37128e-03,0.03,-0.01
-2.37120e-03,0.01,0.05
-2.37112e-03,0.05,-0.01
-2.37104e-03,0.03,0.05
-2.37096e-03,0.03,-0.01
-2.37088e-03,0.01,0.05
-2.37080e-03,0.03,-0.01
-2.37072e-03,0.03,0.05
-2.37064e-03,0.03,-0.01
-2.37056e-03,0.03,0.05
-2.37048e-03,0.03,-0.01
-2.37040e-03,0.03,0.05
-2.37032e-03,0.03,-0.01
-2.37024e-03,0.03,0.05
-2.37016e-03,0.01,-0.01
-2.37008e-03,0.03,0.05
-2.37000e-03,0.03,-0.03
-2.36992e-03,0.07,0.05
-2.36984e-03,0.03,-0.05
-2.36976e-03,0.03,0.13
-2.36968e-03,0.05,-0.01
-2.36960e-03,0.03,0.07
-2.36952e-03,0.05,-0.01
-2.36944e-03,0.03,0.05
-2.36936e-03,0.03,-0.01
-2.36928e-03,0.03,0.05
-2.36920e-03,0.03,-0.01
-2.36912e-03,0.03,0.05
-2.36904e-03,0.01,-0.01
-2.36896e-03,0.05,0.05
-2.36888e-03,0.01,-0.01
-2.36880e-03,0.03,0.05
-2.36872e-03,0.03,-0.01
-2.36864e-03,0.03,0.05
-2.36856e-03,0.03,-0.01
-2.36848e-03,0.03,0.05
-2.36840e-03,0.05,-0.01
-2.36832e-03,0.03,0.05
-2.36824e-03,0.01,-0.01
-2.36816e-03,0.03,0.05
-2.36808e-03,0.03,-0.03
-2.36800e-03,0.05,0.05
-2.36792e-03,0.05,-0.01
-2.36784e-03,0.03,0.07
-2.36776e-03,0.01,-0.03
-2.36768e-03,0.01,0.07
-2.36760e-03,0.01,-0.03
-2.36752e-03,0.03,0.05
-2.36744e-03,0.01,-0.01
-2.36736e-03,0.03,0.05
-2.36728e-03,0.03,-0.03
-2.36720e-03,0.03,0.05
-2.36712e-03,0.03,-0.01
-2.36704e-03,0.03,0.05
-2.36696e-03,0.03,-0.01
-2.36688e-03,0.01,0.05
-2.36680e-03,0.05,-0.01
-2.36672e-03,0.03,0.05
-2.36664e-03,0.03,-0.03
-2.36656e-03,0.01,0.05
-2.36648e-03,0.03,-0.01
-2.36640e-03,0.03,0.05
-2.36632e-03,0.01,-0.03
-2.36624e-03,0.03,0.05
-2.36616e-03,0.01,-0.03
-2.36608e-03,0.03,0.05
-2.36600e-03,0.03,-0.01
-2.36592e-03,0.03,0.05
-2.36584e-03,0.03,-0.01
-2.36576e-03,0.03,0.05
-2.36568e-03,0.03,-0.01
-2.36560e-03,0.03,0.05
-2.36552e-03,0.05,-0.03
-2.36544e-03,-0.01,0.05
-2.36536e-03,0.05,-0.03
-2.36528e-03,0.01,0.05
-2.36520e-03,0.03,-0.03
-2.36512e-03,0.03,0.05
-2.36504e-03,0.03,-0.01
-2.36496e-03,0.03,0.05
-2.36488e-03,0.01,-0.03
-2.36480e-03,0.03,0.05
-2.36472e-03,0.01,-0.03
-2.36464e-03,0.03,0.05
-2.36456e-03,0.03,-0.03
-2.36448e-03,0.03,0.05
-2.36440e-03,0.03,-0.03
-2.36432e-03,0.01,0.05
-2.36424e-03,0.03,-0.01
-2.36416e-03,0.03,0.05
-2.36408e-03,0.01,-0.01
-2.36400e-03,0.03,0.05
-2.36392e-03,0.01,-0.01
-2.36384e-03,0.01,0.05
-2.36376e-03,0.01,-0.01
-2.36368e-03,0.03,0.05
-2.36360e-03,0.03,-0.01
-2.36352e-03,0.03,0.03
-2.36344e-03,0.01,-0.03
-2.36336e-03,0.03,0.05
-2.36328e-03,0.01,-0.03
-2.36320e-03,0.03,0.05
-2.36312e-03,0.01,-0.03
-2.36304e-03,0.01,0.05
-2.36296e-03,0.03,-0.01
-2.36288e-03,0.03,0.05
-2.36280e-03,0.03,-0.01
-2.36272e-03,0.03,0.05
-2.36264e-03,0.03,-0.03
-2.36256e-03,0.03,0.05
-2.36248e-03,0.03,-0.03
-2.36240e-03,0.01,0.05
-2.36232e-03,0.01,-0.03
-2.36224e-03,0.03,0.05
-2.36216e-03,0.01,-0.03
-2.36208e-03,0.05,0.03
-2.36200e-03,0.03,-0.03
-2.36192e-03,0.03,0.05
-2.36184e-03,0.03,-0.03
-2.36176e-03,0.01,0.05
-2.36168e-03,0.03,-0.01
-2.36160e-03,0.01,0.03
-2.36152e-03,0.01,-0.03
-2.36144e-03,0.03,0.05
-2.36136e-03,0.05,-0.03
-2.36128e-03,0.01,0.03
-2.36120e-03,0.01,-0.03
-2.36112e-03,0.03,0.05
-2.36104e-03,0.01,-0.03
-2.36096e-03,0.03,0.05
-2.36088e-03,0.01,-0.03
-2.36080e-03,0.03,0.05
-2.36072e-03,0.01,-0.03
-2.36064e-03,0.03,0.05
-2.36056e-03,0.01,-0.01
-2.36048e-03,0.03,0.05
-2.36040e-03,0.05,-0.03
-2.36032e-03,0.05,0.07
-2.36024e-03,0.01,-0.03
-2.36016e-03,0.01,0.07
-2.36008e-03,0.03,-0.03
-2.36000e-03,0.01,0.05
-2.35992e-03,0.03,-0.03
-2.35984e-03,0.05,0.05
-2.35976e-03,0.03,-0.01
-2.35968e-03,0.03,0.05
-2.35960e-03,0.01,-0.03
-2.35952e-03,0.03,0.05
-2.35944e-03,-0.01,-0.03
-2.35936e-03,0.03,0.05
-2.35928e-03,0.03,-0.03
-2.35920e-03,0.03,0.05
-2.35912e-03,0.03,-0.01
-2.35904e-03,0.01,0.05
-2.35896e-03,0.03,-0.03
-2.35888e-03,0.03,0.05
-2.35880e-03,0.03,-0.03
-2.35872e-03,0.03,0.03
-2.35864e-03,0.03,-0.03
-2.35856e-03,0.03,0.05
-2.35848e-03,0.03,-0.03
-2.35840e-03,0.05,0.05
-2.35832e-03,0.01,-0.01
-2.35824e-03,0.03,0.05
-2.35816e-03,0.01,-0.01
-2.35808e-03,0.01,0.05
-2.35800e-03,0.01,-0.01
-2.35792e-03,0.05,0.05
-2.35784e-03,0.03,-0.03
-2.35776e-03,0.03,0.05
-2.35768e-03,0.03,-0.01
-2.35760e-03,0.01,0.05
-2.35752e-03,0.03,-0.01
-2.35744e-03,0.03,0.07
-2.35736e-03,0.03,-0.03
-2.35728e-03,0.01,0.05
-2.35720e-03,0.03,-0.03
-2.35712e-03,0.03,0.05
-2.35704e-03,0.03,-0.01
-2.35696e-03,0.03,0.05
-2.35688e-03,0.03,-0.01
-2.35680e-03,0.03,0.05
-2.35672e-03,0.03,-0.03
-2.35664e-03,0.03,0.05
-2.35656e-03,0.03,-0.01
-2.35648e-03,0.03,0.05
-2.35640e-03,0.03,-0.01
-2.35632e-03,0.01,0.05
-2.35624e-03,0.03,-0.01
-2.35616e-03,0.03,0.05
-2.35608e-03,0.03,-0.01
-2.35600e-03,0.03,0.05
-2.35592e-03,0.03,-0.01
-2.35584e-03,0.03,0.05
-2.35576e-03,0.03,-0.01
-2.35568e-03,0.03,0.05
-2.35560e-03,0.01,-0.03
-2.35552e-03,0.03,0.05
-2.35544e-03,0.03,-0.01
-2.35536e-03,0.03,0.05
-2.35528e-03,0.03,-0.01
-2.35520e-03,0.03,0.05
-2.35512e-03,0.03,-0.01
-2.35504e-03,0.03,0.05
-2.35496e-03,0.03,-0.01
-2.35488e-03,0.03,0.05
-2.35480e-03,0.05,-0.01
-2.35472e-03,0.03,0.05
-2.35464e-03,0.03,-0.01
-2.35456e-03,0.05,0.05
-2.35448e-03,0.01,-0.01
-2.35440e-03,0.05,0.05
-2.35432e-03,0.03,-0.01
-2.35424e-03,0.03,0.05
-2.35416e-03,0.03,-0.03
-2.35408e-03,0.03,0.05
-2.35400e-03,0.03,-0.01
-2.35392e-03,0.03,0.05
-2.35384e-03,0.03,-0.01
-2.35376e-03,0.03,0.05
-2.35368e-03,0.03,-0.01
-2.35360e-03,0.01,0.05
-2.35352e-03,0.05,-0.01
-2.35344e-03,0.01,0.05
-2.35336e-03,0.03,-0.01
-2.35328e-03,0.03,0.05
-2.35320e-03,0.03,-0.03
-2.35312e-03,0.05,0.05
-2.35304e-03,0.03,-0.01
-2.35296e-03,0.03,0.05
-2.35288e-03,0.03,-0.01
-2.35280e-03,0.03,0.05
-2.35272e-03,0.03,-0.03
-2.35264e-03,0.05,0.05
-2.35256e-03,0.01,-0.03
-2.35248e-03,-0.01,0.05
-2.35240e-03,0.01,-0.03
-2.35232e-03,0.01,0.07
-2.35224e-03,0.03,-0.03
-2.35216e-03,0.01,0.07
-2.35208e-03,0.03,-0.03
-2.35200e-03,0.01,0.07
-2.35192e-03,0.05,-0.03
-2.35184e-03,0.01,0.05
-2.35176e-03,0.03,-0.03
-2.35168e-03,0.03,0.05
-2.35160e-03,0.03,-0.01
-2.35152e-03,0.03,0.05
-2.35144e-03,0.01,-0.03
-2.35136e-03,0.05,0.05
-2.35128e-03,0.03,-0.01
-2.35120e-03,0.01,0.05
-2.35112e-03,0.03,-0.01
-2.35104e-03,0.01,0.05
-2.35096e-03,0.03,-0.03
-2.35088e-03,0.01,0.05
-2.35080e-03,0.03,-0.03
-2.35072e-03,0.03,0.05
-2.35064e-03,0.03,-0.03
-2.35056e-03,0.03,0.05
-2.35048e-03,0.01,-0.01
-2.35040e-03,0.03,0.05
-2.35032e-03,0.01,-0.01
-2.35024e-03,0.03,0.05
-2.35016e-03,0.01,-0.01
-2.35008e-03,0.03,0.05
-2.35000e-03,0.03,-0.03
-2.34992e-03,0.01,0.05
-2.34984e-03,0.05,-0.01
-2.34976e-03,-0.01,0.05
-2.34968e-03,0.03,-0.03
-2.34960e-03,0.01,0.05
-2.34952e-03,0.03,-0.03
-2.34944e-03,0.03,0.05
-2.34936e-03,0.03,-0.01
-2.34928e-03,0.03,0.05
-2.34920e-03,0.03,-0.03
-2.34912e-03,0.05,0.05
-2.34904e-03,0.03,-0.01
-2.34896e-03,0.03,0.05
-2.34888e-03,0.03,-0.01
-2.34880e-03,0.03,0.05
-2.34872e-03,0.01,-0.03
-2.34864e-03,0.03,0.05
-2.34856e-03,0.01,-0.03
-2.34848e-03,0.01,0.05
-2.34840e-03,0.01,-0.03
-2.34832e-03,0.01,0.05
-2.34824e-03,0.05,-0.03
-2.34816e-03,0.03,0.05
-2.34808e-03,0.03,-0.03
-2.34800e-03,0.03,0.05
-2.34792e-03,0.01,-0.03
-2.34784e-03,0.03,0.05
-2.34776e-03,0.03,-0.03
-2.34768e-03,0.03,0.05
-2.34760e-03,0.03,-0.01
-2.34752e-03,0.03,0.05
-2.34744e-03,0.03,-0.03
-2.34736e-03,0.03,0.05
-2.34728e-03,0.03,-0.01
-2.34720e-03,-0.01,0.05
-2.34712e-03,0.03,-0.05
-2.34704e-03,0.03,0.07
-2.34696e-03,0.07,-0.03
-2.34688e-03,-0.01,0.05
-2.34680e-03,0.03,-0.03
-2.34672e-03,0.03,0.07
-2.34664e-03,0.03,-0.03
-2.34656e-03,0.01,0.03
-2.34648e-03,0.03,-0.03
-2.34640e-03,0.01,0.05
-2.34632e-03,0.01,-0.01
-2.34624e-03,0.05,0.07
-2.34616e-03,0.03,-0.03
-2.34608e-03,0.03,0.05
-2.34600e-03,0.01,-0.03
-2.34592e-03,0.03,0.05
-2.34584e-03,0.03,-0.01
-2.34576e-03,0.03,0.05
-2.34568e-03,0.05,-0.03
-2.34560e-03,0.01,0.05
-2.34552e-03,0.03,-0.03
-2.34544e-03,0.01,0.05
-2.34536e-03,0.03,-0.01
-2.34528e-03,0.01,0.05
-2.34520e-03,0.05,-0.01
-2.34512e-03,0.05,0.05
-2.34504e-03,0.01,-0.03
-2.34496e-03,0.01,0.05
-2.34488e-03,-0.01,-0.03
-2.34480e-03,0.03,0.07
-2.34472e-03,0.01,-0.03
-2.34464e-03,0.03,0.05
-2.34456e-03,0.05,-0.03
-2.34448e-03,0.01,0.05
-2.34440e-03,0.05,-0.03
-2.34432e-03,-0.03,0.05
-2.34424e-03,0.03,-0.03
-2.34416e-03,0.01,0.07
-2.34408e-03,0.03,-0.03
-2.34400e-03,0.01,0.05
-2.34392e-03,0.03,-0.01
-2.34384e-03,0.03,0.05
-2.34376e-03,0.03,-0.03
-2.34368e-03,0.03,0.05
-2.34360e-03,0.01,-0.01
-2.34352e-03,0.03,0.05
-2.34344e-03,0.01,-0.03
-2.34336e-03,0.03,0.03
-2.34328e-03,0.01,-0.03
-2.34320e-03,0.03,0.05
-2.34312e-03,0.03,-0.03
-2.34304e-03,0.03,0.05
-2.34296e-03,0.03,-0.03
-2.34288e-03,0.03,0.05
-2.34280e-03,0.03,-0.01
-2.34272e-03,0.01,0.05
-2.34264e-03,0.03,-0.03
-2.34256e-03,0.01,0.05
-2.34248e-03,0.01,-0.03
-2.34240e-03,0.03,0.05
-2.34232e-03,-0.01,-0.01
-2.34224e-03,0.05,0.05
-2.34216e-03,0.01,-0.03
-2.34208e-03,0.03,0.05
-2.34200e-03,0.03,-0.01
-2.34192e-03,0.03,0.05
-2.34184e-03,0.03,-0.03
-2.34176e-03,0.03,0.05
-2.34168e-03,0.05,-0.01
-2.34160e-03,0.01,0.05
-2.34152e-03,0.05,-0.01
-2.34144e-03,0.01,0.05
-2.34136e-03,0.03,-0.01
-2.34128e-03,0.01,0.05
-2.34120e-03,0.03,-0.01
-2.34112e-03,0.03,0.05
-2.34104e-03,0.01,-0.01
-2.34096e-03,0.05,0.05
-2.34088e-03,0.01,-0.01
-2.34080e-03,0.03,0.05
-2.34072e-03,0.01,-0.03
-2.34064e-03,0.03,0.07
-2.34056e-03,0.03,-0.01
-2.34048e-03,0.03,0.07
-2.34040e-03,0.03,-0.01
-2.34032e-03,0.05,0.07
-2.34024e-03,0.03,-0.03
-2.34016e-03,0.01,0.05
-2.34008e-03,0.03,-0.01
-2.34000e-03,0.03,0.05
-2.33992e-03,0.03,-0.01
-2.33984e-03,0.03,0.05
-2.33976e-03,0.01,-0.01
-2.33968e-03,0.03,0.05
-2.33960e-03,0.01,-0.03
-2.33952e-03,0.03,0.05
-2.33944e-03,0.01,-0.01
-2.33936e-03,0.03,0.05
-2.33928e-03,0.03,-0.03
-2.33920e-03,0.03,0.05
-2.33912e-03,0.03,-0.01
-2.33904e-03,0.03,0.05
-2.33896e-03,0.03,-0.03
-2.33888e-03,0.01,0.05
-2.33880e-03,0.05,-0.01
-2.33872e-03,0.03,0.05
-2.33864e-03,0.03,-0.01
-2.33856e-03,0.03,0.05
-2.33848e-03,0.03,-0.03
-2.33840e-03,0.03,0.05
-2.33832e-03,0.01,-0.03
-2.33824e-03,0.03,0.05
-2.33816e-03,0.01,-0.01
-2.33808e-03,0.03,0.05
-2.33800e-03,0.03,-0.03
-2.33792e-03,0.03,0.05
-2.33784e-03,0.03,-0.01
-2.33776e-03,0.03,0.05
-2.33768e-03,0.03,-0.01
-2.33760e-03,0.03,0.05
-2.33752e-03,0.03,-0.01
-2.33744e-03,0.03,0.05
-2.33736e-03,0.07,-0.03
-2.33728e-03,0.01,0.05
-2.33720e-03,-0.01,-0.03
-2.33712e-03,0.03,0.07
-2.33704e-03,0.01,-0.03
-2.33696e-03,0.05,0.07
-2.33688e-03,0.03,-0.03
-2.33680e-03,0.03,0.07
-2.33672e-03,0.01,-0.03
-2.33664e-03,0.01,0.07
-2.33656e-03,0.03,-0.03
-2.33648e-03,0.01,0.05
-2.33640e-03,0.03,-0.03
-2.33632e-03,0.03,0.05
-2.33624e-03,0.01,-0.01
-2.33616e-03,0.01,0.05
-2.33608e-03,0.03,-0.01
-2.33600e-03,0.03,0.05
-2.33592e-03,0.01,-0.01
-2.33584e-03,0.03,0.05
-2.33576e-03,0.01,-0.03
-2.33568e-03,0.05,0.05
-2.33560e-03,0.03,-0.01
-2.33552e-03,0.03,0.05
-2.33544e-03,0.03,-0.01
-2.33536e-03,0.03,0.07
-2.33528e-03,0.01,-0.01
-2.33520e-03,0.03,0.05
-2.33512e-03,0.03,-0.03
-2.33504e-03,0.01,0.05
-2.33496e-03,0.03,-0.01
-2.33488e-03,0.01,0.05
-2.33480e-03,0.03,-0.03
-2.33472e-03,0.03,0.05
-2.33464e-03,0.03,-0.01
-2.33456e-03,0.03,0.05
-2.33448e-03,0.03,-0.01
-2.33440e-03,0.03,0.05
-2.33432e-03,0.03,-0.03
-2.33424e-03,0.03,0.05
-2.33416e-03,0.01,-0.03
-2.33408e-03,0.03,0.05
-2.33400e-03,0.03,-0.03
-2.33392e-03,0.03,0.05
-2.33384e-03,0.01,-0.01
-2.33376e-03,0.03,0.05
-2.33368e-03,0.03,-0.03
-2.33360e-03,0.01,0.05
-2.33352e-03,0.03,-0.03
-2.33344e-03,0.01,0.05
-2.33336e-03,0.03,-0.01
-2.33328e-03,0.03,0.05
-2.33320e-03,0.03,-0.03
-2.33312e-03,0.03,0.05
-2.33304e-03,0.03,-0.01
-2.33296e-03,0.03,0.05
-2.33288e-03,0.01,-0.01
-2.33280e-03,0.03,0.05
-2.33272e-03,0.01,-0.03
-2.33264e-03,0.03,0.05
-2.33256e-03,0.01,-0.03
-2.33248e-03,0.03,0.05
-2.33240e-03,0.01,-0.03
-2.33232e-03,0.03,0.05
-2.33224e-03,0.03,-0.03
-2.33216e-03,0.01,0.03
-2.33208e-03,0.03,-0.03
-2.33200e-03,0.01,0.05
-2.33192e-03,0.03,-0.03
-2.33184e-03,0.03,0.03
-2.33176e-03,0.01,-0.03
-2.33168e-03,0.03,0.05
-2.33160e-03,0.03,-0.03
-2.33152e-03,0.03,0.05
-2.33144e-03,0.03,-0.03
-2.33136e-03,0.03,0.05
-2.33128e-03,0.03,-0.03
-2.33120e-03,0.03,0.05
-2.33112e-03,0.03,-0.01
-2.33104e-03,0.01,0.05
-2.33096e-03,0.03,-0.03
-2.33088e-03,0.03,0.05
-2.33080e-03,0.03,-0.01
-2.33072e-03,0.01,0.05
-2.33064e-03,0.03,-0.03
-2.33056e-03,0.03,0.05
-2.33048e-03,0.01,-0.01
-2.33040e-03,0.03,0.05
-2.33032e-03,0.03,-0.01
-2.33024e-03,0.03,0.05
-2.33016e-03,0.03,-0.01
-2.33008e-03,0.03,0.05
-2.33000e-03,0.01,-0.01
-2.32992e-03,0.03,0.05
-2.32984e-03,0.03,-0.01
-2.32976e-03,0.03,0.05
-2.32968e-03,0.01,-0.03
-2.32960e-03,-0.01,0.07
-2.32952e-03,0.01,-0.03
-2.32944e-03,0.03,0.05
-2.32936e-03,0.03,-0.05
-2.32928e-03,0.03,0.07
-2.32920e-03,0.01,-0.03
-2.32912e-03,0.03,0.05
-2.32904e-03,0.01,-0.03
-2.32896e-03,0.05,0.05
-2.32888e-03,0.03,-0.03
-2.32880e-03,0.03,0.05
-2.32872e-03,0.01,-0.03
-2.32864e-03,0.03,0.05
-2.32856e-03,0.03,-0.03
-2.32848e-03,0.03,0.05
-2.32840e-03,0.03,-0.01
-2.32832e-03,0.01,0.07
-2.32824e-03,0.03,-0.01
-2.32816e-03,0.03,0.05
-2.32808e-03,0.03,-0.01
-2.32800e-03,0.03,0.05
-2.32792e-03,0.03,-0.01
-2.32784e-03,0.03,0.05
-2.32776e-03,0.01,-0.01
-2.32768e-03,0.03,0.05
-2.32760e-03,0.01,-0.01
-2.32752e-03,0.03,0.05
-2.32744e-03,0.03,-0.01
-2.32736e-03,0.03,0.05
-2.32728e-03,0.03,-0.01
-2.32720e-03,0.03,0.05
-2.32712e-03,0.03,-0.01
-2.32704e-03,0.01,0.05
-2.32696e-03,0.03,-0.01
-2.32688e-03,0.01,0.05
-2.32680e-03,0.05,-0.01
-2.32672e-03,-0.01,0.05
-2.32664e-03,0.03,-0.07
-2.32656e-03,0.03,0.05
-2.32648e-03,0.03,-0.07
-2.32640e-03,0.03,0.07
-2.32632e-03,0.03,-0.01
-2.32624e-03,0.03,0.05
-2.32616e-03,0.03,-0.03
-2.32608e-03,0.01,0.05
-2.32600e-03,0.03,-0.01
-2.32592e-03,0.03,0.05
-2.32584e-03,0.03,-0.03
-2.32576e-03,0.01,0.05
-2.32568e-03,0.03,-0.03
-2.32560e-03,0.01,0.05
-2.32552e-03,0.05,-0.01
-2.32544e-03,0.03,0.05
-2.32536e-03,0.01,-0.01
-2.32528e-03,0.03,0.05
-2.32520e-03,0.03,-0.03
-2.32512e-03,0.05,0.05
-2.32504e-03,0.03,-0.01
-2.32496e-03,0.03,0.05
-2.32488e-03,0.03,-0.01
-2.32480e-03,0.03,0.05
-2.32472e-03,0.03,-0.03
-2.32464e-03,0.03,0.05
-2.32456e-03,0.03,-0.03
-2.32448e-03,0.03,0.05
-2.32440e-03,0.03,-0.01
-2.32432e-03,0.01,0.05
-2.32424e-03,0.03,-0.03
-2.32416e-03,0.01,0.05
-2.32408e-03,0.01,-0.01
-2.32400e-03,0.01,0.05
-2.32392e-03,0.03,-0.01
-2.32384e-03,0.01,0.05
-2.32376e-03,0.03,-0.01
-2.32368e-03,0.03,0.05
-2.32360e-03,0.01,-0.03
-2.32352e-03,0.03,0.05
-2.32344e-03,0.03,-0.01
-2.32336e-03,0.03,0.05
-2.32328e-03,0.03,-0.01
-2.32320e-03,0.03,0.05
-2.32312e-03,0.03,-0.01
-2.32304e-03,0.03,0.05
-2.32296e-03,0.03,-0.01
-2.32288e-03,0.01,0.05
-2.32280e-03,0.03,-0.01
-2.32272e-03,0.03,0.05
-2.32264e-03,0.01,-0.03
-2.32256e-03,0.03,0.05
-2.32248e-03,0.01,-0.03
-2.32240e-03,0.03,0.05
-2.32232e-03,0.01,-0.03
-2.32224e-03,0.03,0.05
-2.32216e-03,0.01,-0.01
-2.32208e-03,0.03,0.05
-2.32200e-03,0.03,-0.01
-2.32192e-03,0.03,0.05
-2.32184e-03,0.01,-0.03
-2.32176e-03,0.01,0.05
-2.32168e-03,0.03,-0.01
-2.32160e-03,0.05,0.07
-2.32152e-03,0.03,-0.03
-2.32144e-03,0.03,0.07
-2.32136e-03,0.01,-0.03
-2.32128e-03,0.03,0.05
-2.32120e-03,0.03,-0.01
-2.32112e-03,0.03,0.05
-2.32104e-03,0.05,-0.03
-2.32096e-03,0.01,0.07
-2.32088e-03,0.01,-0.03
-2.32080e-03,0.03,0.05
-2.32072e-03,0.03,-0.03
-2.32064e-03,0.03,0.07
-2.32056e-03,0.03,-0.01
-2.32048e-03,0.01,0.05
-2.32040e-03,0.05,-0.01
-2.32032e-03,0.03,0.05
-2.32024e-03,0.03,-0.01
-2.32016e-03,0.03,0.05
-2.32008e-03,0.03,-0.01
-2.32000e-03,0.11,0.05
-2.31992e-03,-0.01,-0.01
-2.31984e-03,0.05,0.11
-2.31976e-03,0.03,-0.05
-2.31968e-03,0.03,0.13
-2.31960e-03,0.03,-0.03
-2.31952e-03,0.03,0.05
-2.31944e-03,0.03,-0.03
-2.31936e-03,0.05,0.05
-2.31928e-03,0.03,-0.01
-2.31920e-03,0.01,0.05
-2.31912e-03,0.03,-0.01
-2.31904e-03,0.01,0.05
-2.31896e-03,0.03,-0.01
-2.31888e-03,0.03,0.05
-2.31880e-03,0.03,-0.01
-2.31872e-03,0.03,0.05
-2.31864e-03,0.03,-0.01
-2.31856e-03,0.01,0.07
-2.31848e-03,0.03,-0.01
-2.31840e-03,0.03,0.05
-2.31832e-03,0.03,-0.03
-2.31824e-03,0.05,0.05
-2.31816e-03,0.03,-0.01
-2.31808e-03,0.03,0.05
-2.31800e-03,0.03,-0.01
-2.31792e-03,0.01,0.05
-2.31784e-03,0.03,-0.03
-2.31776e-03,0.01,0.05
-2.31768e-03,0.03,-0.03
-2.31760e-03,0.01,0.05
-2.31752e-03,0.03,-0.01
-2.31744e-03,0.03,0.05
-2.31736e-03,0.03,-0.03
-2.31728e-03,0.03,0.05
-2.31720e-03,0.03,-0.03
-2.31712e-03,0.03,0.05
-2.31704e-03,0.03,-0.01
-2.31696e-03,0.03,0.05
-2.31688e-03,0.01,-0.01
-2.31680e-03,0.03,0.05
-2.31672e-03,0.01,-0.01
-2.31664e-03,0.03,0.05
-2.31656e-03,0.03,-0.01
-2.31648e-03,0.01,0.05
-2.31640e-03,0.03,-0.03
-2.31632e-03,0.01,0.05
-2.31624e-03,0.03,-0.01
-2.31616e-03,0.03,0.05
-2.31608e-03,0.01,-0.03
-2.31600e-03,0.03,0.05
-2.31592e-03,0.03,-0.03
-2.31584e-03,0.03,0.05
-2.31576e-03,0.01,-0.01
-2.31568e-03,0.03,0.05
-2.31560e-03,0.01,-0.03
-2.31552e-03,0.05,0.05
-2.31544e-03,0.01,-0.01
-2.31536e-03,0.03,0.05
-2.31528e-03,0.01,-0.03
-2.31520e-03,0.03,0.05
-2.31512e-03,0.05,-0.03
-2.31504e-03,0.01,0.05
-2.31496e-03,0.03,-0.01
-2.31488e-03,0.01,0.05
-2.31480e-03,0.03,-0.01
-2.31472e-03,0.01,0.05
-2.31464e-03,0.03,-0.01
-2.31456e-03,0.03,0.05
-2.31448e-03,0.03,-0.01
-2.31440e-03,0.05,0.05
-2.31432e-03,0.01,-0.03
-2.31424e-03,0.03,0.05
-2.31416e-03,0.01,-0.03
-2.31408e-03,0.03,0.07
-2.31400e-03,0.03,-0.01
-2.31392e-03,0.03,0.05
-2.31384e-03,0.03,-0.03
-2.31376e-03,0.01,0.05
-2.31368e-03,0.03,-0.03
-2.31360e-03,0.01,0.07
-2.31352e-03,0.05,-0.03
-2.31344e-03,0.01,0.05
-2.31336e-03,0.03,-0.03
-2.31328e-03,0.03,0.05
-2.31320e-03,0.03,-0.01
-2.31312e-03,0.05,0.05
-2.31304e-03,0.03,-0.03
-2.31296e-03,0.03,0.05
-2.31288e-03,0.01,-0.01
-2.31280e-03,0.03,0.05
-2.31272e-03,0.01,-0.01
-2.31264e-03,0.03,0.05
-2.31256e-03,0.03,-0.01
-2.31248e-03,0.03,0.05
-2.31240e-03,0.01,-0.01
-2.31232e-03,0.01,0.05
-2.31224e-03,0.05,-0.03
-2.31216e-03,0.01,0.05
-2.31208e-03,0.05,-0.01
-2.31200e-03,0.01,0.05
-2.31192e-03,0.03,-0.01
-2.31184e-03,0.03,0.05
-2.31176e-03,0.01,-0.01
-2.31168e-03,0.03,0.05
-2.31160e-03,0.01,-0.03
-2.31152e-03,0.01,0.05
-2.31144e-03,0.01,-0.01
-2.31136e-03,0.03,0.05
-2.31128e-03,0.01,-0.03
-2.31120e-03,0.03,0.05
-2.31112e-03,0.03,-0.01
-2.31104e-03,0.01,0.05
-2.31096e-03,0.03,-0.03
-2.31088e-03,0.01,0.05
-2.31080e-03,0.03,-0.03
-2.31072e-03,0.01,0.05
-2.31064e-03,0.03,-0.01
-2.31056e-03,0.03,0.05
-2.31048e-03,0.01,-0.01
-2.31040e-03,0.03,0.05
-2.31032e-03,0.01,-0.01
-2.31024e-03,0.03,0.05
-2.31016e-03,0.01,-0.03
-2.31008e-03,0.05,0.05
-2.31000e-03,0.01,-0.03
-2.30992e-03,0.03,0.05
-2.30984e-03,0.03,-0.03
-2.30976e-03,0.01,0.05
-2.30968e-03,0.03,-0.01
-2.30960e-03,0.01,0.05
-2.30952e-03,0.03,-0.01
-2.30944e-03,0.01,0.05
-2.30936e-03,0.03,-0.03
-2.30928e-03,0.03,0.05
-2.30920e-03,0.01,-0.03
-2.30912e-03,0.03,0.05
-2.30904e-03,0.03,-0.01
-2.30896e-03,0.03,0.05
-2.30888e-03,0.01,-0.03
-2.30880e-03,0.03,0.05
-2.30872e-03,0.03,-0.03
-2.30864e-03,0.03,0.05
-2.30856e-03,0.03,-0.03
-2.30848e-03,0.03,0.03
-2.30840e-03,0.03,-0.03
-2.30832e-03,0.01,0.05
-2.30824e-03,0.01,-0.03
-2.30816e-03,0.01,0.05
-2.30808e-03,0.03,-0.03
-2.30800e-03,0.03,0.05
-2.30792e-03,0.03,-0.03
-2.30784e-03,0.03,0.05
-2.30776e-03,0.03,-0.01
-2.30768e-03,0.03,0.05
-2.30760e-03,0.01,-0.01
-2.30752e-03,0.03,0.05
-2.30744e-03,0.01,-0.03
-2.30736e-03,0.03,0.05
-2.30728e-03,0.01,-0.03
-2.30720e-03,0.03,0.05
-2.30712e-03,0.03,-0.01
-2.30704e-03,0.01,0.05
-2.30696e-03,0.05,-0.01
-2.30688e-03,0.03,0.05
-2.30680e-03,0.03,-0.01
-2.30672e-03,0.03,0.05
-2.30664e-03,0.03,-0.01
-2.30656e-03,0.03,0.05
-2.30648e-03,0.01,-0.01
-2.30640e-03,0.03,0.05
-2.30632e-03,0.01,-0.03
-2.30624e-03,0.07,0.07
-2.30616e-03,0.03,-0.03
-2.30608e-03,0.03,0.07
-2.30600e-03,0.03,-0.03
-2.30592e-03,0.05,0.05
-2.30584e-03,0.03,-0.03
-2.30576e-03,0.01,0.07
-2.30568e-03,0.05,-0.03
-2.30560e-03,0.01,0.05
-2.30552e-03,0.03,-0.03
-2.30544e-03,0.03,0.05
-2.30536e-03,0.03,-0.03
-2.30528e-03,0.03,0.05
-2.30520e-03,0.03,-0.03
-2.30512e-03,0.03,0.05
-2.30504e-03,0.03,-0.03
-2.30496e-03,0.03,0.05
-2.30488e-03,0.03,-0.01
-2.30480e-03,0.05,0.05
-2.30472e-03,0.01,-0.03
-2.30464e-03,0.03,0.05
-2.30456e-03,0.03,-0.03
-2.30448e-03,0.01,0.05
-2.30440e-03,0.03,-0.01
-2.30432e-03,0.01,0.05
-2.30424e-03,0.05,-0.01
-2.30416e-03,0.01,0.05
-2.30408e-03,0.03,-0.03
-2.30400e-03,0.03,0.05
-2.30392e-03,0.01,-0.01
-2.30384e-03,0.03,0.07
-2.30376e-03,0.03,-0.01
-2.30368e-03,0.03,0.05
-2.30360e-03,0.03,-0.01
-2.30352e-03,0.05,0.05
-2.30344e-03,0.01,-0.03
-2.30336e-03,0.03,0.05
-2.30328e-03,0.03,-0.01
-2.30320e-03,0.03,0.05
-2.30312e-03,0.05,-0.01
-2.30304e-03,0.03,0.05
-2.30296e-03,0.03,-0.01
-2.30288e-03,0.01,0.05
-2.30280e-03,0.03,-0.03
-2.30272e-03,0.01,0.05
-2.30264e-03,0.05,-0.03
-2.30256e-03,0.03,0.05
-2.30248e-03,0.03,-0.03
-2.30240e-03,0.05,0.07
-2.30232e-03,0.01,-0.03
-2.30224e-03,0.03,0.05
-2.30216e-03,0.01,-0.01
-2.30208e-03,0.03,0.05
-2.30200e-03,0.03,-0.01
-2.30192e-03,0.05,0.05
-2.30184e-03,0.03,-0.03
-2.30176e-03,0.03,0.05
-2.30168e-03,0.03,-0.03
-2.30160e-03,0.03,0.05
-2.30152e-03,0.03,-0.03
-2.30144e-03,0.03,0.05
-2.30136e-03,0.03,-0.03
-2.30128e-03,0.01,0.05
-2.30120e-03,0.03,-0.01
-2.30112e-03,0.03,0.05
-2.30104e-03,0.03,-0.01
-2.30096e-03,0.03,0.05
-2.30088e-03,0.03,-0.03
-2.30080e-03,0.03,0.05
-2.30072e-03,0.03,-0.03
-2.30064e-03,0.03,0.05
-2.30056e-03,0.03,-0.01
-2.30048e-03,0.03,0.05
-2.30040e-03,0.03,-0.01
-2.30032e-03,0.01,0.05
-2.30024e-03,0.03,-0.01
-2.30016e-03,0.03,0.05
-2.30008e-03,0.03,-0.03
-2.30000e-03,0.03,0.05
-2.29992e-03,0.03,-0.03
-2.29984e-03,0.01,0.05
-2.29976e-03,0.01,-0.01
-2.29968e-03,0.05,0.05
-2.29960e-03,0.01,-0.03
-2.29952e-03,0.05,0.05
-2.29944e-03,0.01,-0.03
-2.29936e-03,0.03,0.05
-2.29928e-03,0.03,-0.01
-2.29920e-03,0.03,0.05
-2.29912e-03,0.03,-0.03
-2.29904e-03,0.03,0.05
-2.29896e-03,0.01,-0.03
-2.29888e-03,-0.01,0.05
-2.29880e-03,0.03,-0.03
-2.29872e-03,0.05,0.05
-2.29864e-03,0.03,-0.03
-2.29856e-03,0.01,0.07
-2.29848e-03,0.01,-0.03
-2.29840e-03,0.03,0.05
-2.29832e-03,0.01,-0.03
-2.29824e-03,0.01,0.05
-2.29816e-03,0.03,-0.03
-2.29808e-03,0.03,0.05
-2.29800e-03,0.05,-0.03
-2.29792e-03,0.01,0.07
-2.29784e-03,0.03,-0.03
-2.29776e-03,0.03,0.05
-2.29768e-03,0.03,-0.03
-2.29760e-03,0.01,0.05
-2.29752e-03,0.03,-0.03
-2.29744e-03,0.03,0.05
-2.29736e-03,0.05,-0.03
-2.29728e-03,0.01,0.05
-2.29720e-03,0.01,-0.03
-2.29712e-03,0.03,0.05
-2.29704e-03,0.01,-0.03
-2.29696e-03,0.03,0.05
-2.29688e-03,0.03,-0.03
-2.29680e-03,0.03,0.05
-2.29672e-03,0.01,-0.01
-2.29664e-03,0.03,0.05
-2.29656e-03,0.03,-0.01
-2.29648e-03,0.03,0.05
-2.29640e-03,0.03,-0.03
-2.29632e-03,0.01,0.05
-2.29624e-03,0.03,-0.01
-2.29616e-03,0.01,0.05
-2.29608e-03,0.05,-0.01
-2.29600e-03,0.01,0.05
-2.29592e-03,0.03,-0.01
-2.29584e-03,0.03,0.05
-2.29576e-03,0.03,-0.03
-2.29568e-03,0.03,0.05
-2.29560e-03,0.01,-0.01
-2.29552e-03,0.03,0.05
-2.29544e-03,0.01,-0.03
-2.29536e-03,0.03,0.05
-2.29528e-03,0.03,-0.03
-2.29520e-03,0.03,0.05
-2.29512e-03,0.03,-0.03
-2.29504e-03,0.01,0.05
-2.29496e-03,0.03,-0.01
-2.29488e-03,0.03,0.05
-2.29480e-03,0.03,-0.05
-2.29472e-03,0.05,0.09
-2.29464e-03,0.03,-0.03
-2.29456e-03,0.01,0.05
-2.29448e-03,0.03,-0.03
-2.29440e-03,0.03,0.05
-2.29432e-03,0.01,-0.03
-2.29424e-03,0.03,0.05
-2.29416e-03,0.01,-0.01
-2.29408e-03,0.03,0.05
-2.29400e-03,0.03,-0.01
-2.29392e-03,0.01,0.05
-2.29384e-03,0.03,-0.01
-2.29376e-03,0.03,0.05
-2.29368e-03,0.03,-0.03
-2.29360e-03,0.01,0.05
-2.29352e-03,0.03,-0.01
-2.29344e-03,0.01,0.05
-2.29336e-03,0.03,-0.01
-2.29328e-03,0.03,0.05
-2.29320e-03,0.03,-0.03
-2.29312e-03,0.05,0.05
-2.29304e-03,0.03,-0.01
-2.29296e-03,0.01,0.05
-2.29288e-03,0.01,-0.03
-2.29280e-03,0.03,0.05
-2.29272e-03,0.03,-0.03
-2.29264e-03,0.03,0.05
-2.29256e-03,0.03,-0.01
-2.29248e-03,0.03,0.05
-2.29240e-03,0.03,-0.03
-2.29232e-03,0.01,0.05
-2.29224e-03,0.05,-0.01
-2.29216e-03,0.03,0.05
-2.29208e-03,0.05,-0.03
-2.29200e-03,0.03,0.05
-2.29192e-03,0.03,-0.01
-2.29184e-03,0.03,0.05
-2.29176e-03,0.03,-0.01
-2.29168e-03,0.03,0.05
-2.29160e-03,0.01,-0.03
-2.29152e-03,0.03,0.05
-2.29144e-03,-0.01,-0.01
-2.29136e-03,0.03,0.05
-2.29128e-03,0.03,-0.01
-2.29120e-03,0.01,0.05
-2.29112e-03,0.01,-0.03
-2.29104e-03,0.01,0.05
-2.29096e-03,0.03,-0.03
-2.29088e-03,0.03,0.07
-2.29080e-03,0.05,-0.03
-2.29072e-03,0.01,0.05
-2.29064e-03,0.03,-0.03
-2.29056e-03,0.03,0.07
-2.29048e-03,0.03,-0.01
-2.29040e-03,0.03,0.05
-2.29032e-03,0.03,-0.03
-2.29024e-03,0.05,0.05
-2.29016e-03,0.01,-0.01
-2.29008e-03,0.05,0.05
-2.29000e-03,0.03,-0.03
-2.28992e-03,0.03,0.05
-2.28984e-03,0.03,-0.01
-2.28976e-03,0.03,0.05
-2.28968e-03,0.03,-0.01
-2.28960e-03,0.01,0.05
-2.28952e-03,0.03,-0.01
-2.28944e-03,0.01,0.05
-2.28936e-03,0.03,-0.03
-2.28928e-03,0.03,0.05
-2.28920e-03,0.03,-0.01
-2.28912e-03,0.03,0.05
-2.28904e-03,0.01,-0.01
-2.28896e-03,0.03,0.05
-2.28888e-03,0.01,-0.03
-2.28880e-03,0.05,0.03
-2.28872e-03,0.01,-0.03
-2.28864e-03,0.03,0.05
-2.28856e-03,0.05,-0.03
-2.28848e-03,0.01,0.07
-2.28840e-03,0.05,-0.03
-2.28832e-03,0.01,0.05
-2.28824e-03,0.01,-0.01
-2.28816e-03,0.01,0.05
-2.28808e-03,0.03,-0.03
-2.28800e-03,0.01,0.05
-2.28792e-03,0.01,-0.01
-2.28784e-03,0.03,0.05
-2.28776e-03,0.03,-0.01
-2.28768e-03,0.03,0.05
-2.28760e-03,0.01,-0.03
-2.28752e-03,0.01,0.05
-2.28744e-03,0.01,-0.03
-2.28736e-03,0.03,0.05
-2.28728e-03,0.03,-0.01
-2.28720e-03,0.01,0.05
-2.28712e-03,0.03,-0.03
-2.28704e-03,0.01,0.05
-2.28696e-03,0.05,-0.03
-2.28688e-03,-0.01,0.07
-2.28680e-03,0.03,-0.01
-2.28672e-03,0.03,0.05
-2.28664e-03,0.03,-0.03
-2.28656e-03,0.01,0.05
-2.28648e-03,0.03,-0.01
-2.28640e-03,0.05,0.05
-2.28632e-03,0.01,-0.01
-2.28624e-03,0.05,0.05
-2.28616e-03,0.03,-0.01
-2.28608e-03,0.05,0.05
-2.28600e-03,0.03,-0.01
-2.28592e-03,0.01,0.07
-2.28584e-03,0.03,-0.03
-2.28576e-03,-0.01,0.05
-2.28568e-03,0.03,-0.03
-2.28560e-03,0.01,0.05
-2.28552e-03,0.05,-0.01
-2.28544e-03,0.03,0.05
-2.28536e-03,0.03,-0.03
-2.28528e-03,0.03,0.05
-2.28520e-03,0.01,-0.01
-2.28512e-03,0.03,0.05
-2.28504e-03,0.03,-0.01
-2.28496e-03,0.03,0.07
-2.28488e-03,0.03,-0.01
-2.28480e-03,0.05,0.05
-2.28472e-03,0.03,-0.03
-2.28464e-03,0.03,0.05
-2.28456e-03,0.03,-0.01
-2.28448e-03,0.01,0.05
-2.28440e-03,0.03,-0.01
-2.28432e-03,0.01,0.05
-2.28424e-03,0.03,-0.03
-2.28416e-03,0.03,0.05
-2.28408e-03,0.03,-0.01
-2.28400e-03,0.03,0.05
-2.28392e-03,0.03,-0.01
-2.28384e-03,0.03,0.05
-2.28376e-03,0.05,-0.03
-2.28368e-03,0.05,0.05
-2.28360e-03,0.01,-0.03
-2.28352e-03,0.03,0.05
-2.28344e-03,0.01,-0.03
-2.28336e-03,0.05,0.05
-2.28328e-03,0.03,-0.01
-2.28320e-03,0.03,0.07
-2.28312e-03,0.03,-0.03
-2.28304e-03,0.03,0.05
-2.28296e-03,0.03,-0.03
-2.28288e-03,0.03,0.05
-2.28280e-03,0.03,-0.01
-2.28272e-03,0.03,0.05
-2.28264e-03,0.03,-0.03
-2.28256e-03,0.03,0.05
-2.28248e-03,0.03,-0.01
-2.28240e-03,0.03,0.05
-2.28232e-03,0.01,-0.01
-2.28224e-03,0.03,0.05
-2.28216e-03,0.03,-0.03
-2.28208e-03,0.05,0.05
-2.28200e-03,0.01,-0.01
-2.28192e-03,0.03,0.05
-2.28184e-03,0.03,-0.03
-2.28176e-03,0.01,0.05
-2.28168e-03,0.03,-0.03
-2.28160e-03,0.03,0.05
-2.28152e-03,0.03,-0.01
-2.28144e-03,0.03,0.05
-2.28136e-03,0.03,-0.03
-2.28128e-03,0.03,0.05
-2.28120e-03,0.03,-0.01
-2.28112e-03,0.03,0.05
-2.28104e-03,0.01,-0.01
-2.28096e-03,0.03,0.05
-2.28088e-03,0.03,-0.03
-2.28080e-03,0.03,0.05
-2.28072e-03,0.01,-0.03
-2.28064e-03,0.03,0.05
-2.28056e-03,0.03,-0.01
-2.28048e-03,0.03,0.05
-2.28040e-03,0.03,-0.03
-2.28032e-03,0.01,0.05
-2.28024e-03,0.05,-0.03
-2.28016e-03,0.01,0.05
-2.28008e-03,0.03,-0.01
-2.28000e-03,0.01,0.05
-2.27992e-03,0.03,-0.01
-2.27984e-03,0.01,0.05
-2.27976e-03,0.03,-0.01
-2.27968e-03,0.05,0.05
-2.27960e-03,0.01,-0.03
-2.27952e-03,0.03,0.05
-2.27944e-03,0.03,-0.03
-2.27936e-03,0.03,0.05
-2.27928e-03,0.03,-0.03
-2.27920e-03,0.03,0.05
-2.27912e-03,0.03,-0.03
-2.27904e-03,0.01,0.05
-2.27896e-03,0.03,-0.01
-2.27888e-03,0.01,0.05
-2.27880e-03,0.03,-0.03
-2.27872e-03,0.03,0.05
-2.27864e-03,0.03,-0.01
-2.27856e-03,0.03,0.05
-2.27848e-03,0.01,-0.01
-2.27840e-03,0.03,0.05
-2.27832e-03,0.01,-0.03
-2.27824e-03,0.03,0.05
-2.27816e-03,0.03,-0.01
-2.27808e-03,0.03,0.05
-2.27800e-03,0.03,-0.01
-2.27792e-03,0.03,0.05
-2.27784e-03,0.05,-0.01
-2.27776e-03,0.01,0.05
-2.27768e-03,0.03,-0.01
-2.27760e-03,0.01,0.05
-2.27752e-03,0.03,-0.01
-2.27744e-03,0.01,0.05
-2.27736e-03,0.05,-0.01
-2.27728e-03,0.03,0.05
-2.27720e-03,0.03,-0.01
-2.27712e-03,0.03,0.05
-2.27704e-03,0.01,-0.01
-2.27696e-03,0.03,0.05
-2.27688e-03,0.01,-0.03
-2.27680e-03,0.03,0.05
-2.27672e-03,0.01,-0.03
-2.27664e-03,-0.01,0.05
-2.27656e-03,0.03,-0.09
-2.27648e-03,0.05,0.05
-2.27640e-03,0.03,-0.07
-2.27632e-03,0.03,0.07
-2.27624e-03,0.03,-0.03
-2.27616e-03,0.03,0.05
-2.27608e-03,0.03,-0.01
-2.27600e-03,0.03,0.05
-2.27592e-03,0.01,-0.03
-2.27584e-03,0.01,0.05
-2.27576e-03,-0.01,-0.03
-2.27568e-03,0.03,0.05
-2.27560e-03,0.01,-0.05
-2.27552e-03,0.05,0.07
-2.27544e-03,0.03,-0.03
-2.27536e-03,0.03,0.07
-2.27528e-03,0.03,-0.03
-2.27520e-03,0.03,0.05
-2.27512e-03,0.03,-0.03
-2.27504e-03,0.03,0.05
-2.27496e-03,0.03,-0.01
-2.27488e-03,0.03,0.05
-2.27480e-03,0.03,-0.03
-2.27472e-03,0.03,0.05
-2.27464e-03,0.03,-0.01
-2.27456e-03,0.03,0.05
-2.27448e-03,0.01,-0.03
-2.27440e-03,0.03,0.05
-2.27432e-03,0.01,-0.01
-2.27424e-03,0.03,0.05
-2.27416e-03,0.01,-0.03
-2.27408e-03,0.03,0.05
-2.27400e-03,0.03,-0.03
-2.27392e-03,0.03,0.05
-2.27384e-03,0.03,-0.01
-2.27376e-03,0.01,0.05
-2.27368e-03,0.03,-0.03
-2.27360e-03,0.03,0.05
-2.27352e-03,0.05,-0.03
-2.27344e-03,0.01,0.05
-2.27336e-03,0.03,-0.01
-2.27328e-03,0.03,0.05
-2.27320e-03,0.03,-0.03
-2.27312e-03,0.03,0.05
-2.27304e-03,0.01,-0.01
-2.27296e-03,0.03,0.05
-2.27288e-03,0.05,-0.01
-2.27280e-03,0.03,0.05
-2.27272e-03,0.01,-0.03
-2.27264e-03,0.01,0.05
-2.27256e-03,0.03,-0.01
-2.27248e-03,0.01,0.07
-2.27240e-03,0.03,-0.03
-2.27232e-03,0.05,0.05
-2.27224e-03,0.03,-0.01
-2.27216e-03,0.01,0.05
-2.27208e-03,0.03,-0.01
-2.27200e-03,0.03,0.05
-2.27192e-03,0.03,-0.01
-2.27184e-03,0.03,0.05
-2.27176e-03,0.01,-0.01
-2.27168e-03,0.03,0.07
-2.27160e-03,0.01,-0.01
-2.27152e-03,0.01,0.05
-2.27144e-03,0.03,-0.01
-2.27136e-03,0.01,0.05
-2.27128e-03,0.01,-0.01
-2.27120e-03,0.03,0.05
-2.27112e-03,0.03,-0.01
-2.27104e-03,0.01,0.05
-2.27096e-03,0.03,-0.01
-2.27088e-03,0.03,0.05
-2.27080e-03,0.03,-0.01
-2.27072e-03,0.03,0.05
-2.27064e-03,0.03,-0.03
-2.27056e-03,0.05,0.05
-2.27048e-03,0.03,-0.01
-2.27040e-03,0.03,0.05
-2.27032e-03,0.03,-0.01
-2.27024e-03,0.03,0.05
-2.27016e-03,0.03,-0.01
-2.27008e-03,0.01,0.05
-2.27000e-03,0.03,-0.01
-2.26992e-03,0.09,0.05
-2.26984e-03,-0.01,-0.01
-2.26976e-03,0.05,0.11
-2.26968e-03,0.03,-0.05
-2.26960e-03,0.03,0.13
-2.26952e-03,0.03,-0.01
-2.26944e-03,0.03,0.05
-2.26936e-03,0.01,-0.01
-2.26928e-03,0.03,0.05
-2.26920e-03,0.03,-0.01
-2.26912e-03,0.03,0.05
-2.26904e-03,0.03,-0.03
-2.26896e-03,0.03,0.05
-2.26888e-03,0.03,-0.01
-2.26880e-03,0.03,0.05
-2.26872e-03,0.05,-0.07
-2.26864e-03,0.05,0.07
-2.26856e-03,0.03,-0.03
-2.26848e-03,0.03,0.07
-2.26840e-03,0.05,-0.03
-2.26832e-03,0.03,0.05
-2.26824e-03,0.05,-0.03
-2.26816e-03,0.01,0.05
-2.26808e-03,0.01,-0.03
-2.26800e-03,0.03,0.05
-2.26792e-03,0.03,-0.03
-2.26784e-03,0.03,0.07
-2.26776e-03,0.03,-0.03
-2.26768e-03,0.03,0.05
-2.26760e-03,0.03,-0.03
-2.26752e-03,0.03,0.05
-2.26744e-03,0.03,-0.03
-2.26736e-03,0.05,0.05
-2.26728e-03,0.03,-0.03
-2.26720e-03,0.01,0.05
-2.26712e-03,0.03,-0.03
-2.26704e-03,0.01,0.05
-2.26696e-03,0.05,-0.03
-2.26688e-03,0.01,0.05
-2.26680e-03,0.03,-0.03
-2.26672e-03,0.03,0.05
-2.26664e-03,0.03,-0.03
-2.26656e-03,0.03,0.05
-2.26648e-03,0.01,-0.03
-2.26640e-03,0.05,0.05
-2.26632e-03,0.01,-0.03
-2.26624e-03,0.05,0.05
-2.26616e-03,0.03,-0.01
-2.26608e-03,0.03,0.05
-2.26600e-03,0.03,-0.01
-2.26592e-03,0.03,0.05
-2.26584e-03,0.05,-0.03
-2.26576e-03,0.01,0.07
-2.26568e-03,0.03,-0.01
-2.26560e-03,0.01,0.05
-2.26552e-03,0.03,-0.01
-2.26544e-03,0.01,0.05
-2.26536e-03,0.03,-0.03
-2.26528e-03,0.03,0.05
-2.26520e-03,0.03,-0.03
-2.26512e-03,0.03,0.05
-2.26504e-03,0.01,-0.03
-2.26496e-03,0.03,0.05
-2.26488e-03,0.03,-0.01
-2.26480e-03,0.03,0.05
-2.26472e-03,0.03,-0.03
-2.26464e-03,0.03,0.05
-2.26456e-03,0.03,-0.01
-2.26448e-03,0.03,0.05
-2.26440e-03,0.03,-0.01
-2.26432e-03,0.03,0.05
-2.26424e-03,0.03,-0.01
-2.26416e-03,0.01,0.07
-2.26408e-03,0.03,-0.01
-2.26400e-03,0.03,0.05
-2.26392e-03,0.03,-0.03
-2.26384e-03,0.03,0.05
-2.26376e-03,0.01,-0.01
-2.26368e-03,0.03,0.05
-2.26360e-03,0.01,-0.01
-2.26352e-03,0.03,0.05
-2.26344e-03,0.03,-0.03
-2.26336e-03,0.03,0.05
-2.26328e-03,0.05,-0.01
-2.26320e-03,0.03,0.05
-2.26312e-03,0.03,-0.01
-2.26304e-03,0.01,0.05
-2.26296e-03,0.03,-0.01
-2.26288e-03,0.01,0.05
-2.26280e-03,0.03,-0.03
-2.26272e-03,0.03,0.05
-2.26264e-03,0.03,-0.01
-2.26256e-03,0.03,0.05
-2.26248e-03,0.03,-0.01
-2.26240e-03,0.03,0.05
-2.26232e-03,0.03,-0.01
-2.26224e-03,0.03,0.05
-2.26216e-03,0.01,-0.03
-2.26208e-03,0.03,0.05
-2.26200e-03,0.03,-0.03
-2.26192e-03,0.03,0.05
-2.26184e-03,0.03,-0.03
-2.26176e-03,0.01,0.05
-2.26168e-03,0.03,-0.01
-2.26160e-03,0.03,0.05
-2.26152e-03,0.03,-0.01
-2.26144e-03,0.03,0.05
-2.26136e-03,0.03,-0.01
-2.26128e-03,0.03,0.07
-2.26120e-03,0.03,-0.01
-2.26112e-03,0.03,0.05
-2.26104e-03,0.03,-0.01
-2.26096e-03,0.03,0.05
-2.26088e-03,0.03,-0.01
-2.26080e-03,0.03,0.05
-2.26072e-03,0.03,-0.01
-2.26064e-03,0.03,0.05
-2.26056e-03,0.05,-0.01
-2.26048e-03,0.03,0.05
-2.26040e-03,0.03,-0.03
-2.26032e-03,0.03,0.05
-2.26024e-03,0.03,-0.03
-2.26016e-03,0.05,0.07
-2.26008e-03,0.03,-0.03
-2.26000e-03,0.03,0.07
-2.25992e-03,0.03,-0.03
-2.25984e-03,0.03,0.05
-2.25976e-03,0.03,-0.03
-2.25968e-03,0.03,0.05
-2.25960e-03,0.01,-0.03
-2.25952e-03,0.01,0.05
-2.25944e-03,0.03,-0.03
-2.25936e-03,0.03,0.07
-2.25928e-03,0.05,-0.03
-2.25920e-03,0.03,0.05
-2.25912e-03,0.03,-0.03
-2.25904e-03,0.03,0.07
-2.25896e-03,0.03,-0.03
-2.25888e-03,0.03,0.05
-2.25880e-03,0.03,-0.01
-2.25872e-03,0.01,0.05
-2.25864e-03,0.01,-0.03
-2.25856e-03,0.01,0.05
-2.25848e-03,0.03,-0.01
-2.25840e-03,0.03,0.05
-2.25832e-03,0.03,-0.01
-2.25824e-03,0.03,0.05
-2.25816e-03,0.03,-0.03
-2.25808e-03,0.03,0.05
-2.25800e-03,0.03,-0.03
-2.25792e-03,0.03,0.05
-2.25784e-03,0.03,-0.01
-2.25776e-03,0.03,0.05
-2.25768e-03,0.03,-0.01
-2.25760e-03,0.03,0.05
-2.25752e-03,0.03,-0.01
-2.25744e-03,0.03,0.05
-2.25736e-03,0.03,-0.01
-2.25728e-03,0.01,0.05
-2.25720e-03,0.01,-0.03
-2.25712e-03,0.03,0.05
-2.25704e-03,0.01,-0.01
-2.25696e-03,0.03,0.05
-2.25688e-03,0.01,-0.01
-2.25680e-03,0.01,0.05
-2.25672e-03,0.03,-0.01
-2.25664e-03,0.03,0.05
-2.25656e-03,0.03,-0.03
-2.25648e-03,0.01,0.05
-2.25640e-03,0.03,-0.01
-2.25632e-03,0.03,0.05
-2.25624e-03,0.03,-0.03
-2.25616e-03,0.03,0.05
-2.25608e-03,0.03,-0.01
-2.25600e-03,0.01,0.05
-2.25592e-03,0.03,-0.01
-2.25584e-03,0.03,0.05
-2.25576e-03,0.03,-0.01
-2.25568e-03,0.03,0.05
-2.25560e-03,-0.01,-0.03
-2.25552e-03,0.03,0.05
-2.25544e-03,0.01,-0.03
-2.25536e-03,0.03,0.05
-2.25528e-03,0.03,-0.01
-2.25520e-03,0.03,0.05
-2.25512e-03,0.03,-0.01
-2.25504e-03,0.01,0.05
-2.25496e-03,0.03,-0.01
-2.25488e-03,0.03,0.05
-2.25480e-03,0.05,-0.03
-2.25472e-03,0.03,0.05
-2.25464e-03,0.01,-0.03
-2.25456e-03,0.03,0.07
-2.25448e-03,0.01,-0.03
-2.25440e-03,0.03,0.05
-2.25432e-03,-0.01,-0.03
-2.25424e-03,0.05,0.05
-2.25416e-03,0.01,-0.03
-2.25408e-03,0.03,0.05
-2.25400e-03,0.03,-0.03
-2.25392e-03,0.01,0.05
-2.25384e-03,0.03,-0.03
-2.25376e-03,0.01,0.05
-2.25368e-03,0.01,-0.03
-2.25360e-03,0.01,0.05
-2.25352e-03,0.05,-0.01
-2.25344e-03,0.03,0.05
-2.25336e-03,0.03,-0.03
-2.25328e-03,0.01,0.05
-2.25320e-03,0.03,-0.03
-2.25312e-03,0.03,0.05
-2.25304e-03,-0.01,-0.03
-2.25296e-03,0.05,0.07
-2.25288e-03,0.05,-0.03
-2.25280e-03,0.05,0.07
-2.25272e-03,0.01,-0.03
-2.25264e-03,0.03,0.05
-2.25256e-03,0.03,-0.03
-2.25248e-03,0.01,0.05
-2.25240e-03,0.03,-0.03
-2.25232e-03,0.01,0.05
-2.25224e-03,0.05,-0.03
-2.25216e-03,0.01,0.05
-2.25208e-03,0.05,-0.03
-2.25200e-03,0.03,0.05
-2.25192e-03,0.03,-0.01
-2.25184e-03,0.05,0.05
-2.25176e-03,0.03,-0.03
-2.25168e-03,0.03,0.05
-2.25160e-03,0.03,-0.01
-2.25152e-03,0.03,0.05
-2.25144e-03,0.01,-0.01
-2.25136e-03,0.01,0.05
-2.25128e-03,0.01,-0.01
-2.25120e-03,0.03,0.05
-2.25112e-03,0.03,-0.01
-2.25104e-03,0.03,0.05
-2.25096e-03,0.05,-0.01
-2.25088e-03,0.01,0.05
-2.25080e-03,0.03,-0.03
-2.25072e-03,0.01,0.05
-2.25064e-03,0.05,-0.03
-2.25056e-03,0.05,0.05
-2.25048e-03,0.03,-0.01
-2.25040e-03,0.03,0.05
-2.25032e-03,0.03,-0.01
-2.25024e-03,0.03,0.05
-2.25016e-03,0.01,-0.01
-2.25008e-03,0.01,0.05
-2.25000e-03,0.05,-0.01
-2.24992e-03,0.03,0.05
-2.24984e-03,0.03,-0.01
-2.24976e-03,0.01,0.05
-2.24968e-03,0.03,-0.01
-2.24960e-03,0.01,0.05
-2.24952e-03,0.05,-0.03
-2.24944e-03,0.03,0.05
-2.24936e-03,0.03,-0.01
-2.24928e-03,0.05,0.05
-2.24920e-03,0.01,-0.01
-2.24912e-03,0.03,0.05
-2.24904e-03,0.03,-0.01
-2.24896e-03,0.03,0.05
-2.24888e-03,0.03,-0.01
-2.24880e-03,0.03,0.05
-2.24872e-03,0.03,-0.03
-2.24864e-03,0.03,0.05
-2.24856e-03,0.01,-0.03
-2.24848e-03,0.01,0.05
-2.24840e-03,0.03,-0.03
-2.24832e-03,0.01,0.05
-2.24824e-03,0.05,-0.03
-2.24816e-03,0.03,0.05
-2.24808e-03,0.03,-0.03
-2.24800e-03,0.03,0.05
-2.24792e-03,0.01,-0.01
-2.24784e-03,0.05,0.05
-2.24776e-03,0.01,-0.03
-2.24768e-03,0.03,0.05
-2.24760e-03,0.01,-0.03
-2.24752e-03,0.03,0.05
-2.24744e-03,0.01,-0.03
-2.24736e-03,0.01,0.05
-2.24728e-03,0.01,-0.01
-2.24720e-03,0.03,0.05
-2.24712e-03,0.01,-0.03
-2.24704e-03,0.03,0.05
-2.24696e-03,0.03,-0.01
-2.24688e-03,0.01,0.05
-2.24680e-03,0.03,-0.01
-2.24672e-03,0.03,0.05
-2.24664e-03,0.03,-0.03
-2.24656e-03,0.03,0.05
-2.24648e-03,0.03,-0.01
-2.24640e-03,0.03,0.07
-2.24632e-03,0.01,-0.03
-2.24624e-03,0.03,0.05
-2.24616e-03,0.01,-0.01
-2.24608e-03,0.03,0.05
-2.24600e-03,0.03,-0.01
-2.24592e-03,0.03,0.05
-2.24584e-03,0.03,-0.01
-2.24576e-03,0.01,0.05
-2.24568e-03,0.03,-0.03
-2.24560e-03,0.01,0.05
-2.24552e-03,0.05,-0.01
-2.24544e-03,0.03,0.05
-2.24536e-03,0.03,-0.01
-2.24528e-03,0.03,0.05
-2.24520e-03,0.03,-0.03
-2.24512e-03,0.03,0.05
-2.24504e-03,0.01,-0.03
-2.24496e-03,0.03,0.05
-2.24488e-03,0.01,-0.03
-2.24480e-03,0.03,0.05
-2.24472e-03,0.01,-0.03
-2.24464e-03,0.03,0.05
-2.24456e-03,0.03,-0.03
-2.24448e-03,0.01,0.05
-2.24440e-03,0.03,-0.01
-2.24432e-03,0.01,0.05
-2.24424e-03,0.03,-0.01
-2.24416e-03,0.01,0.05
-2.24408e-03,0.03,-0.01
-2.24400e-03,0.03,0.05
-2.24392e-03,0.01,-0.01
-2.24384e-03,0.03,0.05
-2.24376e-03,0.03,-0.03
-2.24368e-03,0.03,0.05
-2.24360e-03,0.01,-0.03
-2.24352e-03,0.03,0.05
-2.24344e-03,0.01,-0.03
-2.24336e-03,0.05,0.05
-2.24328e-03,0.03,-0.03
-2.24320e-03,0.03,0.05
-2.24312e-03,0.03,-0.03
-2.24304e-03,0.01,0.05
-2.24296e-03,0.05,-0.01
-2.24288e-03,0.03,0.05
-2.24280e-03,0.01,-0.03
-2.24272e-03,0.03,0.05
-2.24264e-03,0.01,-0.03
-2.24256e-03,0.01,0.05
-2.24248e-03,0.03,-0.03
-2.24240e-03,0.05,0.07
-2.24232e-03,0.01,-0.03
-2.24224e-03,0.03,0.07
-2.24216e-03,0.01,-0.03
-2.24208e-03,0.03,0.05
-2.24200e-03,0.01,-0.01
-2.24192e-03,0.03,0.05
-2.24184e-03,0.03,-0.01
-2.24176e-03,0.01,0.05
-2.24168e-03,0.03,-0.01
-2.24160e-03,0.01,0.05
-2.24152e-03,0.03,-0.03
-2.24144e-03,0.03,0.05
-2.24136e-03,0.03,-0.01
-2.24128e-03,0.03,0.05
-2.24120e-03,0.03,-0.01
-2.24112e-03,0.03,0.05
-2.24104e-03,0.01,-0.01
-2.24096e-03,0.03,0.05
-2.24088e-03,0.01,-0.03
-2.24080e-03,0.03,0.05
-2.24072e-03,0.03,-0.01
-2.24064e-03,0.03,0.05
-2.24056e-03,0.03,-0.01
-2.24048e-03,0.01,0.05
-2.24040e-03,0.03,-0.01
-2.24032e-03,0.03,0.05
-2.24024e-03,0.03,-0.01
-2.24016e-03,0.01,0.05
-2.24008e-03,0.01,-0.01
-2.24000e-03,0.03,0.05
-2.23992e-03,0.03,-0.03
-2.23984e-03,0.03,0.05
-2.23976e-03,0.01,-0.03
-2.23968e-03,0.03,0.05
-2.23960e-03,-0.01,-0.03
-2.23952e-03,0.05,0.03
-2.23944e-03,0.03,-0.01
-2.23936e-03,0.03,0.05
-2.23928e-03,0.03,-0.01
-2.23920e-03,0.01,0.05
-2.23912e-03,0.03,-0.01
-2.23904e-03,0.01,0.05
-2.23896e-03,0.03,-0.01
-2.23888e-03,0.01,0.05
-2.23880e-03,0.03,-0.01
-2.23872e-03,0.01,0.05
-2.23864e-03,0.03,-0.01
-2.23856e-03,0.01,0.07
-2.23848e-03,0.03,-0.01
-2.23840e-03,0.03,0.05
-2.23832e-03,0.03,-0.01
-2.23824e-03,0.03,0.05
-2.23816e-03,0.03,-0.03
-2.23808e-03,0.03,0.05
-2.23800e-03,0.05,-0.03
-2.23792e-03,0.01,0.05
-2.23784e-03,0.03,-0.03
-2.23776e-03,0.03,0.05
-2.23768e-03,0.03,-0.01
-2.23760e-03,0.03,0.07
-2.23752e-03,0.05,-0.03
-2.23744e-03,0.05,0.07
-2.23736e-03,0.05,-0.03
-2.23728e-03,0.01,0.05
-2.23720e-03,0.03,-0.03
-2.23712e-03,0.03,0.07
-2.23704e-03,0.03,-0.01
-2.23696e-03,0.01,0.05
-2.23688e-03,0.01,-0.03
-2.23680e-03,0.03,0.05
-2.23672e-03,0.03,-0.03
-2.23664e-03,0.03,0.05
-2.23656e-03,0.05,-0.03
-2.23648e-03,0.03,0.07
-2.23640e-03,0.03,-0.01
-2.23632e-03,0.03,0.05
-2.23624e-03,0.05,-0.03
-2.23616e-03,0.03,0.05
-2.23608e-03,0.03,-0.03
-2.23600e-03,0.03,0.05
-2.23592e-03,0.03,-0.01
-2.23584e-03,0.03,0.05
-2.23576e-03,0.01,-0.01
-2.23568e-03,0.05,0.05
-2.23560e-03,0.01,-0.03
-2.23552e-03,0.03,0.05
-2.23544e-03,0.03,-0.03
-2.23536e-03,0.03,0.05
-2.23528e-03,0.01,-0.03
-2.23520e-03,0.03,0.05
-2.23512e-03,0.03,-0.03
-2.23504e-03,0.03,0.05
-2.23496e-03,0.05,-0.03
-2.23488e-03,0.01,0.05
-2.23480e-03,0.05,-0.03
-2.23472e-03,0.03,0.05
-2.23464e-03,0.05,-0.03
-2.23456e-03,0.03,0.05
-2.23448e-03,0.01,-0.03
-2.23440e-03,0.03,0.05
-2.23432e-03,0.01,-0.01
-2.23424e-03,0.01,0.05
-2.23416e-03,0.03,-0.01
-2.23408e-03,0.07,0.05
-2.23400e-03,0.01,-0.01
-2.23392e-03,0.05,0.07
-2.23384e-03,0.03,-0.01
-2.23376e-03,0.03,0.05
-2.23368e-03,0.03,-0.03
-2.23360e-03,0.03,0.07
-2.23352e-03,0.03,-0.01
-2.23344e-03,0.03,0.05
-2.23336e-03,0.01,-0.03
-2.23328e-03,0.03,0.05
-2.23320e-03,0.03,-0.03
-2.23312e-03,0.03,0.05
-2.23304e-03,0.01,-0.01
-2.23296e-03,0.05,0.05
-2.23288e-03,0.03,-0.01
-2.23280e-03,0.03,0.05
-2.23272e-03,0.03,-0.03
-2.23264e-03,0.01,0.05
-2.23256e-03,0.03,-0.01
-2.23248e-03,0.03,0.05
-2.23240e-03,0.03,-0.01
-2.23232e-03,-0.03,0.05
-2.23224e-03,0.03,-0.03
-2.23216e-03,0.01,0.05
-2.23208e-03,0.05,-0.03
-2.23200e-03,0.03,0.05
-2.23192e-03,0.03,-0.01
-2.23184e-03,0.03,0.05
-2.23176e-03,0.01,-0.01
-2.23168e-03,0.03,0.05
-2.23160e-03,0.01,-0.01
-2.23152e-03,0.03,0.05
-2.23144e-03,0.01,-0.01
-2.23136e-03,0.01,0.05
-2.23128e-03,0.03,-0.01
-2.23120e-03,0.01,0.05
-2.23112e-03,0.03,-0.01
-2.23104e-03,0.01,0.05
-2.23096e-03,0.05,-0.01
-2.23088e-03,0.03,0.05
-2.23080e-03,0.05,-0.01
-2.23072e-03,0.03,0.05
-2.23064e-03,0.03,-0.03
-2.23056e-03,0.05,0.05
-2.23048e-03,0.01,-0.01
-2.23040e-03,0.03,0.05
-2.23032e-03,0.01,-0.03
-2.23024e-03,0.05,0.05
-2.23016e-03,0.03,-0.03
-2.23008e-03,0.03,0.05
-2.23000e-03,0.01,-0.01
-2.22992e-03,0.05,0.05
-2.22984e-03,0.03,-0.01
-2.22976e-03,0.03,0.05
-2.22968e-03,0.05,-0.03
-2.22960e-03,0.01,0.05
-2.22952e-03,0.01,-0.03
-2.22944e-03,0.01,0.07
-2.22936e-03,0.03,-0.03
-2.22928e-03,0.03,0.05
-2.22920e-03,0.03,-0.03
-2.22912e-03,0.03,0.05
-2.22904e-03,0.03,-0.03
-2.22896e-03,0.03,0.05
-2.22888e-03,0.03,-0.03
-2.22880e-03,0.03,0.07
-2.22872e-03,0.01,-0.01
-2.22864e-03,0.03,0.05
-2.22856e-03,0.01,-0.01
-2.22848e-03,0.03,0.05
-2.22840e-03,0.03,-0.03
-2.22832e-03,0.03,0.05
-2.22824e-03,0.05,-0.03
-2.22816e-03,0.01,0.05
-2.22808e-03,0.01,-0.03
-2.22800e-03,0.05,0.07
-2.22792e-03,0.03,-0.01
-2.22784e-03,0.05,0.07
-2.22776e-03,0.01,-0.03
-2.22768e-03,0.03,0.05
-2.22760e-03,0.03,-0.03
-2.22752e-03,0.03,0.05
-2.22744e-03,0.03,-0.03
-2.22736e-03,0.03,0.05
-2.22728e-03,0.03,-0.03
-2.22720e-03,0.03,0.05
-2.22712e-03,0.03,-0.03
-2.22704e-03,0.01,0.05
-2.22696e-03,0.03,-0.03
-2.22688e-03,0.01,0.05
-2.22680e-03,0.03,-0.01
-2.22672e-03,0.03,0.05
-2.22664e-03,0.01,-0.03
-2.22656e-03,0.01,0.05
-2.22648e-03,-0.01,-0.07
-2.22640e-03,0.05,0.05
-2.22632e-03,0.01,-0.03
-2.22624e-03,0.03,0.05
-2.22616e-03,0.03,-0.03
-2.22608e-03,0.03,0.05
-2.22600e-03,0.03,-0.01
-2.22592e-03,0.03,0.05
-2.22584e-03,0.03,-0.01
-2.22576e-03,0.01,0.05
-2.22568e-03,0.03,-0.01
-2.22560e-03,0.03,0.05
-2.22552e-03,0.03,-0.01
-2.22544e-03,0.03,0.05
-2.22536e-03,0.03,-0.03
-2.22528e-03,0.03,0.05
-2.22520e-03,0.03,-0.03
-2.22512e-03,0.03,0.05
-2.22504e-03,0.03,-0.01
-2.22496e-03,0.03,0.05
-2.22488e-03,0.01,-0.01
-2.22480e-03,0.03,0.05
-2.22472e-03,0.03,-0.01
-2.22464e-03,0.03,0.05
-2.22456e-03,0.03,-0.03
-2.22448e-03,0.01,0.05
-2.22440e-03,0.03,-0.01
-2.22432e-03,0.01,0.05
-2.22424e-03,0.03,-0.01
-2.22416e-03,0.03,0.05
-2.22408e-03,0.03,-0.01
-2.22400e-03,0.03,0.05
-2.22392e-03,0.03,-0.03
-2.22384e-03,0.03,0.05
-2.22376e-03,0.01,-0.01
-2.22368e-03,0.01,0.05
-2.22360e-03,0.03,-0.01
-2.22352e-03,0.03,0.05
-2.22344e-03,0.03,-0.03
-2.22336e-03,0.01,0.05
-2.22328e-03,0.01,-0.01
-2.22320e-03,0.03,0.05
-2.22312e-03,0.01,-0.01
-2.22304e-03,0.03,0.05
-2.22296e-03,0.03,-0.03
-2.22288e-03,0.03,0.05
-2.22280e-03,0.01,-0.03
-2.22272e-03,0.03,0.05
-2.22264e-03,0.01,-0.03
-2.22256e-03,0.03,0.05
-2.22248e-03,0.01,-0.03
-2.22240e-03,0.03,0.05
-2.22232e-03,0.01,-0.03
-2.22224e-03,0.03,0.05
-2.22216e-03,0.03,-0.03
-2.22208e-03,0.05,0.07
-2.22200e-03,0.05,-0.01
-2.22192e-03,0.01,0.07
-2.22184e-03,0.03,-0.03
-2.22176e-03,0.03,0.07
-2.22168e-03,0.05,-0.03
-2.22160e-03,0.01,0.05
-2.22152e-03,0.03,-0.03
-2.22144e-03,0.03,0.05
-2.22136e-03,0.03,-0.03
-2.22128e-03,0.05,0.05
-2.22120e-03,0.01,-0.03
-2.22112e-03,0.03,0.05
-2.22104e-03,0.03,-0.01
-2.22096e-03,0.03,0.05
-2.22088e-03,0.01,-0.03
-2.22080e-03,0.03,0.05
-2.22072e-03,0.03,-0.01
-2.22064e-03,0.03,0.05
-2.22056e-03,0.03,-0.01
-2.22048e-03,0.03,0.03
-2.22040e-03,0.03,-0.03
-2.22032e-03,0.01,0.05
-2.22024e-03,0.03,-0.01
-2.22016e-03,0.03,0.05
-2.22008e-03,0.03,-0.01
-2.22000e-03,0.03,0.05
-2.21992e-03,0.03,-0.01
-2.21984e-03,0.11,0.05
-2.21976e-03,0.01,-0.01
-2.21968e-03,0.01,0.11
-2.21960e-03,0.03,-0.05
-2.21952e-03,0.05,0.11
-2.21944e-03,0.01,-0.03
-2.21936e-03,0.03,0.05
-2.21928e-03,0.03,-0.01
-2.21920e-03,0.03,0.05
-2.21912e-03,0.05,-0.03
-2.21904e-03,0.03,0.05
-2.21896e-03,0.05,-0.03
-2.21888e-03,-0.01,0.05
-2.21880e-03,0.03,-0.01
-2.21872e-03,0.03,0.05
-2.21864e-03,0.01,-0.01
-2.21856e-03,0.03,0.05
-2.21848e-03,0.01,-0.03
-2.21840e-03,0.03,0.07
-2.21832e-03,0.01,-0.01
-2.21824e-03,0.05,0.05
-2.21816e-03,0.03,-0.01
-2.21808e-03,0.03,0.05
-2.21800e-03,0.03,-0.03
-2.21792e-03,0.01,0.05
-2.21784e-03,0.03,-0.03
-2.21776e-03,0.03,0.05
-2.21768e-03,0.07,-0.01
-2.21760e-03,0.01,0.05
-2.21752e-03,0.03,-0.03
-2.21744e-03,0.03,0.07
-2.21736e-03,0.03,-0.03
-2.21728e-03,0.03,0.05
-2.21720e-03,0.03,-0.03
-2.21712e-03,0.03,0.05
-2.21704e-03,0.03,-0.01
-2.21696e-03,0.03,0.05
-2.21688e-03,0.01,-0.01
-2.21680e-03,0.01,0.05
-2.21672e-03,0.03,-0.01
-2.21664e-03,0.01,0.05
-2.21656e-03,0.03,-0.03
-2.21648e-03,0.03,0.05
-2.21640e-03,0.01,-0.07
-2.21632e-03,0.01,0.07
-2.21624e-03,0.05,-0.03
-2.21616e-03,0.03,0.07
-2.21608e-03,0.03,-0.03
-2.21600e-03,0.03,0.07
-2.21592e-03,0.03,-0.01
-2.21584e-03,0.03,0.05
-2.21576e-03,0.01,-0.01
-2.21568e-03,0.03,0.05
-2.21560e-03,0.01,-0.01
-2.21552e-03,0.03,0.05
-2.21544e-03,0.03,-0.01
-2.21536e-03,0.01,0.05
-2.21528e-03,0.03,-0.03
-2.21520e-03,0.01,0.05
-2.21512e-03,0.03,-0.03
-2.21504e-03,0.01,0.05
-2.21496e-03,0.03,-0.03
-2.21488e-03,0.03,0.05
-2.21480e-03,0.03,-0.03
-2.21472e-03,0.03,0.05
-2.21464e-03,0.01,-0.03
-2.21456e-03,0.03,0.05
-2.21448e-03,0.03,-0.01
-2.21440e-03,0.07,0.05
-2.21432e-03,0.03,-0.03
-2.21424e-03,0.03,0.07
-2.21416e-03,-0.01,-0.03
-2.21408e-03,0.01,0.07
-2.21400e-03,0.03,-0.03
-2.21392e-03,0.01,0.07
-2.21384e-03,0.05,-0.03
-2.21376e-03,0.03,0.05
-2.21368e-03,0.03,-0.03
-2.21360e-03,0.03,0.05
-2.21352e-03,0.05,-0.01
-2.21344e-03,0.01,0.05
-2.21336e-03,0.03,-0.03
-2.21328e-03,0.03,0.05
-2.21320e-03,0.03,-0.03
-2.21312e-03,0.03,0.05
-2.21304e-03,0.03,-0.03
-2.21296e-03,0.03,0.05
-2.21288e-03,0.01,-0.03
-2.21280e-03,0.03,0.07
-2.21272e-03,0.03,-0.03
-2.21264e-03,0.03,0.07
-2.21256e-03,0.03,-0.01
-2.21248e-03,0.03,0.07
-2.21240e-03,0.03,-0.01
-2.21232e-03,0.01,0.05
-2.21224e-03,0.03,-0.01
-2.21216e-03,0.03,0.05
-2.21208e-03,0.05,-0.01
-2.21200e-03,0.03,0.05
-2.21192e-03,0.05,-0.01
-2.21184e-03,0.05,0.05
-2.21176e-03,0.01,-0.01
-2.21168e-03,0.03,0.05
-2.21160e-03,0.03,-0.01
-2.21152e-03,0.03,0.05
-2.21144e-03,0.01,-0.01
-2.21136e-03,0.03,0.05
-2.21128e-03,0.03,-0.01
-2.21120e-03,0.03,0.05
-2.21112e-03,0.03,-0.03
-2.21104e-03,0.01,0.05
-2.21096e-03,0.05,-0.01
-2.21088e-03,0.01,0.05
-2.21080e-03,0.03,-0.03
-2.21072e-03,0.01,0.05
-2.21064e-03,0.01,-0.03
-2.21056e-03,0.03,0.05
-2.21048e-03,0.01,-0.01
-2.21040e-03,0.03,0.05
-2.21032e-03,0.03,-0.01
-2.21024e-03,0.03,0.05
-2.21016e-03,0.03,-0.01
-2.21008e-03,0.03,0.05
-2.21000e-03,0.01,-0.03
-2.20992e-03,0.03,0.05
-2.20984e-03,0.03,-0.03
-2.20976e-03,0.01,0.05
-2.20968e-03,0.03,-0.03
-2.20960e-03,0.01,0.05
-2.20952e-03,0.05,-0.03
-2.20944e-03,0.01,0.05
-2.20936e-03,0.03,-0.03
-2.20928e-03,0.01,0.05
-2.20920e-03,0.03,-0.01
-2.20912e-03,0.05,0.05
-2.20904e-03,0.03,-0.01
-2.20896e-03,0.03,0.05
-2.20888e-03,0.01,-0.03
-2.20880e-03,0.03,0.05
-2.20872e-03,0.03,-0.03
-2.20864e-03,0.03,0.05
-2.20856e-03,0.03,-0.01
-2.20848e-03,0.01,0.05
-2.20840e-03,0.03,-0.01
-2.20832e-03,0.03,0.05
-2.20824e-03,0.03,-0.03
-2.20816e-03,0.01,0.05
-2.20808e-03,0.03,-0.01
-2.20800e-03,0.03,0.05
-2.20792e-03,0.03,-0.01
-2.20784e-03,0.03,0.05
-2.20776e-03,0.01,-0.01
-2.20768e-03,0.03,0.05
-2.20760e-03,0.01,-0.01
-2.20752e-03,0.03,0.05
-2.20744e-03,0.03,-0.03
-2.20736e-03,0.03,0.05
-2.20728e-03,0.03,-0.01
-2.20720e-03,0.03,0.05
-2.20712e-03,0.03,-0.01
-2.20704e-03,0.03,0.05
-2.20696e-03,0.05,-0.01
-2.20688e-03,0.03,0.05
-2.20680e-03,0.03,-0.03
-2.20672e-03,0.01,0.05
-2.20664e-03,0.03,-0.03
-2.20656e-03,0.03,0.07
-2.20648e-03,0.01,-0.03
-2.20640e-03,0.03,0.05
-2.20632e-03,0.03,-0.01
-2.20624e-03,0.03,0.05
-2.20616e-03,0.03,-0.01
-2.20608e-03,0.05,0.05
-2.20600e-03,0.03,-0.01
-2.20592e-03,0.03,0.07
-2.20584e-03,0.03,-0.01
-2.20576e-03,0.03,0.05
-2.20568e-03,0.03,-0.01
-2.20560e-03,0.01,0.05
-2.20552e-03,0.03,-0.03
-2.20544e-03,0.05,0.05
-2.20536e-03,0.01,-0.03
-2.20528e-03,0.03,0.05
-2.20520e-03,0.03,-0.03
-2.20512e-03,0.03,0.05
-2.20504e-03,0.03,-0.01
-2.20496e-03,0.03,0.05
-2.20488e-03,0.03,-0.03
-2.20480e-03,0.03,0.05
-2.20472e-03,0.03,-0.01
-2.20464e-03,0.03,0.05
-2.20456e-03,0.03,-0.01
-2.20448e-03,0.01,0.05
-2.20440e-03,0.03,-0.01
-2.20432e-03,0.01,0.05
-2.20424e-03,0.03,-0.01
-2.20416e-03,0.03,0.05
-2.20408e-03,0.03,-0.01
-2.20400e-03,0.05,0.05
-2.20392e-03,0.03,-0.03
-2.20384e-03,0.03,0.05
-2.20376e-03,0.03,-0.01
-2.20368e-03,0.03,0.05
-2.20360e-03,0.03,-0.01
-2.20352e-03,0.05,0.05
-2.20344e-03,0.01,-0.01
-2.20336e-03,0.03,0.05
-2.20328e-03,0.03,-0.01
-2.20320e-03,0.03,0.05
-2.20312e-03,0.05,-0.03
-2.20304e-03,0.03,0.05
-2.20296e-03,0.03,-0.03
-2.20288e-03,0.03,0.05
-2.20280e-03,0.03,-0.03
-2.20272e-03,0.03,0.05
-2.20264e-03,0.03,-0.01
-2.20256e-03,0.03,0.05
-2.20248e-03,0.03,-0.01
-2.20240e-03,0.03,0.05
-2.20232e-03,0.01,-0.01
-2.20224e-03,0.03,0.05
-2.20216e-03,0.01,-0.01
-2.20208e-03,0.05,0.05
-2.20200e-03,0.03,-0.01
-2.20192e-03,0.03,0.05
-2.20184e-03,0.03,-0.03
-2.20176e-03,0.03,0.05
-2.20168e-03,0.03,-0.03
-2.20160e-03,0.01,0.05
-2.20152e-03,0.03,-0.01
-2.20144e-03,0.03,0.05
-2.20136e-03,0.03,-0.03
-2.20128e-03,0.03,0.05
-2.20120e-03,0.03,-0.01
-2.20112e-03,0.03,0.05
-2.20104e-03,0.03,-0.01
-2.20096e-03,0.05,0.05
-2.20088e-03,0.01,-0.01
-2.20080e-03,0.03,0.05
-2.20072e-03,0.03,-0.01
-2.20064e-03,0.01,0.05
-2.20056e-03,0.05,-0.01
-2.20048e-03,0.01,0.05
-2.20040e-03,0.03,-0.03
-2.20032e-03,0.01,0.05
-2.20024e-03,0.03,-0.01
-2.20016e-03,0.03,0.05
-2.20008e-03,0.05,-0.01
-2.20000e-03,0.03,0.05
-2.19992e-03,0.01,-0.01
-2.19984e-03,0.03,0.05
-2.19976e-03,0.01,-0.01
-2.19968e-03,0.03,0.05
-2.19960e-03,0.03,-0.01
-2.19952e-03,0.03,0.05
-2.19944e-03,0.03,-0.03
-2.19936e-03,0.03,0.05
-2.19928e-03,0.03,-0.01
-2.19920e-03,0.01,0.05
-2.19912e-03,-0.01,-0.03
-2.19904e-03,-0.01,0.05
-2.19896e-03,0.05,-0.03
-2.19888e-03,0.03,0.05
-2.19880e-03,0.05,-0.03
-2.19872e-03,0.01,0.07
-2.19864e-03,0.03,-0.03
-2.19856e-03,0.01,0.05
-2.19848e-03,0.01,-0.05
-2.19840e-03,0.03,0.05
-2.19832e-03,0.03,-0.03
-2.19824e-03,0.05,0.05
-2.19816e-03,0.01,-0.03
-2.19808e-03,0.03,0.05
-2.19800e-03,0.03,-0.03
-2.19792e-03,0.03,0.05
-2.19784e-03,0.01,-0.03
-2.19776e-03,0.01,0.05
-2.19768e-03,0.03,-0.01
-2.19760e-03,0.01,0.05
-2.19752e-03,0.03,-0.03
-2.19744e-03,0.01,0.05
-2.19736e-03,0.03,-0.03
-2.19728e-03,0.01,0.05
-2.19720e-03,0.03,-0.01
-2.19712e-03,0.03,0.05
-2.19704e-03,0.01,-0.01
-2.19696e-03,0.03,0.05
-2.19688e-03,0.03,-0.03
-2.19680e-03,0.03,0.05
-2.19672e-03,0.03,-0.03
-2.19664e-03,0.01,0.05
-2.19656e-03,0.03,-0.03
-2.19648e-03,0.01,0.05
-2.19640e-03,0.03,-0.03
-2.19632e-03,0.03,0.05
-2.19624e-03,0.03,-0.03
-2.19616e-03,0.03,0.05
-2.19608e-03,0.05,-0.03
-2.19600e-03,0.01,0.05
-2.19592e-03,0.01,-0.01
-2.19584e-03,0.03,0.05
-2.19576e-03,0.01,-0.03
-2.19568e-03,0.03,0.05
-2.19560e-03,0.01,-0.03
-2.19552e-03,0.05,0.05
-2.19544e-03,0.03,-0.03
-2.19536e-03,0.03,0.05
-2.19528e-03,0.03,-0.03
-2.19520e-03,0.01,0.05
-2.19512e-03,0.03,-0.03
-2.19504e-03,0.03,0.05
-2.19496e-03,0.05,-0.03
-2.19488e-03,0.01,0.05
-2.19480e-03,0.03,-0.03
-2.19472e-03,0.03,0.05
-2.19464e-03,0.03,-0.01
-2.19456e-03,0.03,0.05
-2.19448e-03,0.01,-0.03
-2.19440e-03,0.03,0.05
-2.19432e-03,0.01,-0.01
-2.19424e-03,0.03,0.05
-2.19416e-03,0.03,-0.03
-2.19408e-03,0.03,0.05
-2.19400e-03,0.03,-0.01
-2.19392e-03,0.03,0.05
-2.19384e-03,0.03,-0.01
-2.19376e-03,0.03,0.07
-2.19368e-03,0.05,-0.01
-2.19360e-03,0.03,0.05
-2.19352e-03,0.05,-0.01
-2.19344e-03,0.03,0.07
-2.19336e-03,0.03,-0.01
-2.19328e-03,0.03,0.05
-2.19320e-03,0.03,-0.01
-2.19312e-03,0.01,0.05
-2.19304e-03,0.03,-0.03
-2.19296e-03,0.03,0.05
-2.19288e-03,0.03,-0.01
-2.19280e-03,0.03,0.05
-2.19272e-03,0.03,-0.03
-2.19264e-03,0.01,0.05
-2.19256e-03,0.05,-0.01
-2.19248e-03,0.03,0.05
-2.19240e-03,0.03,-0.01
-2.19232e-03,0.03,0.07
-2.19224e-03,0.03,-0.03
-2.19216e-03,0.01,0.05
-2.19208e-03,0.03,-0.03
-2.19200e-03,0.05,0.05
-2.19192e-03,0.03,-0.01
-2.19184e-03,0.03,0.05
-2.19176e-03,0.03,-0.01
-2.19168e-03,0.03,0.05
-2.19160e-03,0.03,-0.03
-2.19152e-03,0.05,0.05
-2.19144e-03,0.05,-0.03
-2.19136e-03,0.03,0.05
-2.19128e-03,0.03,-0.03
-2.19120e-03,0.03,0.07
-2.19112e-03,0.03,-0.01
-2.19104e-03,0.03,0.05
-2.19096e-03,0.03,-0.03
-2.19088e-03,0.03,0.05
-2.19080e-03,0.03,-0.01
-2.19072e-03,0.03,0.05
-2.19064e-03,0.03,-0.03
-2.19056e-03,0.03,0.05
-2.19048e-03,0.03,-0.03
-2.19040e-03,0.03,0.05
-2.19032e-03,0.03,-0.03
-2.19024e-03,0.05,0.05
-2.19016e-03,0.01,-0.03
-2.19008e-03,0.03,0.07
-2.19000e-03,0.01,-0.03
-2.18992e-03,0.03,0.05
-2.18984e-03,0.03,-0.03
-2.18976e-03,0.01,0.05
-2.18968e-03,0.05,-0.03
-2.18960e-03,0.01,0.05
-2.18952e-03,0.03,-0.01
-2.18944e-03,0.03,0.05
-2.18936e-03,0.03,-0.03
-2.18928e-03,0.01,0.05
-2.18920e-03,0.03,-0.03
-2.18912e-03,0.03,0.05
-2.18904e-03,0.03,-0.03
-2.18896e-03,0.05,0.05
-2.18888e-03,0.03,-0.01
-2.18880e-03,0.03,0.05
-2.18872e-03,0.03,-0.01
-2.18864e-03,0.01,0.05
-2.18856e-03,0.03,-0.01
-2.18848e-03,0.03,0.05
-2.18840e-03,0.01,-0.01
-2.18832e-03,0.01,0.05
-2.18824e-03,0.01,-0.01
-2.18816e-03,0.03,0.05
-2.18808e-03,0.03,-0.01
-2.18800e-03,0.05,0.05
-2.18792e-03,0.03,-0.01
-2.18784e-03,0.03,0.05
-2.18776e-03,0.03,-0.01
-2.18768e-03,0.03,0.05
-2.18760e-03,0.01,-0.01
-2.18752e-03,0.03,0.05
-2.18744e-03,0.01,-0.03
-2.18736e-03,0.01,0.05
-2.18728e-03,0.01,-0.03
-2.18720e-03,0.03,0.05
-2.18712e-03,0.03,-0.01
-2.18704e-03,0.01,0.05
-2.18696e-03,0.03,-0.01
-2.18688e-03,-0.01,0.05
-2.18680e-03,0.03,-0.01
-2.18672e-03,0.03,0.05
-2.18664e-03,0.03,-0.01
-2.18656e-03,0.05,0.05
-2.18648e-03,0.03,-0.01
-2.18640e-03,0.03,0.05
-2.18632e-03,0.01,-0.01
-2.18624e-03,0.03,0.05
-2.18616e-03,0.01,-0.03
-2.18608e-03,0.05,0.05
-2.18600e-03,0.05,-0.01
-2.18592e-03,0.03,0.05
-2.18584e-03,0.05,-0.03
-2.18576e-03,0.03,0.05
-2.18568e-03,0.03,-0.01
-2.18560e-03,0.01,0.05
-2.18552e-03,0.03,-0.01
-2.18544e-03,0.01,0.05
-2.18536e-03,0.01,-0.03
-2.18528e-03,0.03,0.05
-2.18520e-03,0.03,-0.01
-2.18512e-03,0.05,0.05
-2.18504e-03,0.03,-0.03
-2.18496e-03,0.05,0.07
-2.18488e-03,0.03,-0.01
-2.18480e-03,0.05,0.05
-2.18472e-03,0.03,-0.03
-2.18464e-03,0.03,0.05
-2.18456e-03,0.03,-0.03
-2.18448e-03,0.01,0.05
-2.18440e-03,0.03,-0.01
-2.18432e-03,0.03,0.05
-2.18424e-03,0.05,-0.01
-2.18416e-03,0.03,0.05
-2.18408e-03,0.01,-0.01
-2.18400e-03,0.03,0.05
-2.18392e-03,0.05,-0.03
-2.18384e-03,0.05,0.05
-2.18376e-03,0.03,-0.03
-2.18368e-03,0.03,0.05
-2.18360e-03,0.01,-0.03
-2.18352e-03,0.03,0.07
-2.18344e-03,0.01,-0.03
-2.18336e-03,0.05,0.07
-2.18328e-03,0.03,-0.03
-2.18320e-03,0.03,0.07
-2.18312e-03,0.05,-0.03
-2.18304e-03,0.03,0.05
-2.18296e-03,0.01,-0.03
-2.18288e-03,0.01,0.05
-2.18280e-03,0.05,-0.03
-2.18272e-03,0.01,0.05
-2.18264e-03,0.03,-0.03
-2.18256e-03,0.01,0.05
-2.18248e-03,0.03,-0.03
-2.18240e-03,0.03,0.05
-2.18232e-03,0.03,-0.03
-2.18224e-03,0.03,0.05
-2.18216e-03,0.03,-0.03
-2.18208e-03,0.03,0.05
-2.18200e-03,0.03,-0.01
-2.18192e-03,0.03,0.05
-2.18184e-03,0.03,-0.03
-2.18176e-03,0.03,0.05
-2.18168e-03,0.03,-0.01
-2.18160e-03,0.03,0.05
-2.18152e-03,0.03,-0.03
-2.18144e-03,0.03,0.05
-2.18136e-03,0.01,-0.01
-2.18128e-03,0.03,0.07
-2.18120e-03,0.01,-0.01
-2.18112e-03,0.03,0.07
-2.18104e-03,0.01,-0.01
-2.18096e-03,0.05,0.05
-2.18088e-03,0.03,-0.01
-2.18080e-03,0.03,0.05
-2.18072e-03,0.01,-0.01
-2.18064e-03,0.03,0.05
-2.18056e-03,0.03,-0.03
-2.18048e-03,0.03,0.05
-2.18040e-03,0.03,-0.01
-2.18032e-03,0.01,0.05
-2.18024e-03,0.03,-0.01
-2.18016e-03,0.03,0.05
-2.18008e-03,0.03,-0.03
-2.18000e-03,0.01,0.05
-2.17992e-03,0.03,-0.01
-2.17984e-03,0.03,0.05
-2.17976e-03,0.03,-0.01
-2.17968e-03,0.03,0.05
-2.17960e-03,0.03,-0.03
-2.17952e-03,0.03,0.05
-2.17944e-03,0.05,-0.03
-2.17936e-03,0.01,0.07
-2.17928e-03,0.03,-0.03
-2.17920e-03,0.03,0.05
-2.17912e-03,0.05,-0.01
-2.17904e-03,0.01,0.05
-2.17896e-03,0.03,-0.01
-2.17888e-03,0.01,0.07
-2.17880e-03,0.03,-0.03
-2.17872e-03,0.03,0.05
-2.17864e-03,0.03,-0.03
-2.17856e-03,0.05,0.05
-2.17848e-03,0.03,-0.01
-2.17840e-03,0.03,0.05
-2.17832e-03,0.03,-0.01
-2.17824e-03,0.03,0.05
-2.17816e-03,0.01,-0.03
-2.17808e-03,0.03,0.05
-2.17800e-03,0.03,-0.03
-2.17792e-03,0.03,0.05
-2.17784e-03,0.05,-0.03
-2.17776e-03,0.03,0.05
-2.17768e-03,0.03,-0.01
-2.17760e-03,0.01,0.05
-2.17752e-03,0.03,-0.01
-2.17744e-03,0.01,0.05
-2.17736e-03,0.05,-0.03
-2.17728e-03,0.01,0.05
-2.17720e-03,0.03,-0.03
-2.17712e-03,0.05,0.05
-2.17704e-03,0.01,-0.03
-2.17696e-03,0.03,0.05
-2.17688e-03,0.03,-0.03
-2.17680e-03,0.05,0.05
-2.17672e-03,0.01,-0.01
-2.17664e-03,0.03,0.05
-2.17656e-03,-0.01,-0.03
-2.17648e-03,0.07,0.05
-2.17640e-03,0.03,-0.07
-2.17632e-03,0.01,0.07
-2.17624e-03,0.01,-0.05
-2.17616e-03,0.01,0.07
-2.17608e-03,0.01,-0.03
-2.17600e-03,0.03,0.05
-2.17592e-03,0.03,-0.03
-2.17584e-03,0.03,0.05
-2.17576e-03,0.01,-0.03
-2.17568e-03,0.03,0.05
-2.17560e-03,0.01,-0.01
-2.17552e-03,0.01,0.05
-2.17544e-03,0.03,-0.03
-2.17536e-03,-0.01,0.05
-2.17528e-03,0.03,-0.03
-2.17520e-03,0.01,0.05
-2.17512e-03,0.03,-0.03
-2.17504e-03,0.01,0.05
-2.17496e-03,0.03,-0.03
-2.17488e-03,0.03,0.03
-2.17480e-03,0.01,-0.01
-2.17472e-03,0.03,0.05
-2.17464e-03,0.01,-0.01
-2.17456e-03,0.03,0.05
-2.17448e-03,0.01,-0.03
-2.17440e-03,0.05,0.05
-2.17432e-03,0.01,-0.03
-2.17424e-03,0.01,0.05
-2.17416e-03,0.03,-0.03
-2.17408e-03,0.03,0.05
-2.17400e-03,0.03,-0.01
-2.17392e-03,0.01,0.05
-2.17384e-03,0.01,-0.03
-2.17376e-03,0.03,0.05
-2.17368e-03,0.03,-0.01
-2.17360e-03,0.03,0.05
-2.17352e-03,0.03,-0.03
-2.17344e-03,0.03,0.05
-2.17336e-03,0.01,-0.03
-2.17328e-03,0.03,0.05
-2.17320e-03,0.01,-0.01
-2.17312e-03,0.05,0.05
-2.17304e-03,0.01,-0.01
-2.17296e-03,0.03,0.05
-2.17288e-03,0.03,-0.03
-2.17280e-03,0.03,0.03
-2.17272e-03,0.01,-0.01
-2.17264e-03,0.03,0.05
-2.17256e-03,0.03,-0.03
-2.17248e-03,0.03,0.05
-2.17240e-03,0.03,-0.03
-2.17232e-03,0.05,0.05
-2.17224e-03,0.01,-0.03
-2.17216e-03,0.05,0.05
-2.17208e-03,0.03,-0.03
-2.17200e-03,0.05,0.05
-2.17192e-03,0.03,-0.03
-2.17184e-03,0.05,0.05
-2.17176e-03,-0.01,-0.03
-2.17168e-03,0.03,0.05
-2.17160e-03,0.03,-0.03
-2.17152e-03,0.03,0.05
-2.17144e-03,0.03,-0.03
-2.17136e-03,0.01,0.05
-2.17128e-03,0.03,-0.03
-2.17120e-03,0.03,0.05
-2.17112e-03,0.03,-0.01
-2.17104e-03,0.03,0.07
-2.17096e-03,0.03,-0.01
-2.17088e-03,0.03,0.05
-2.17080e-03,0.03,-0.01
-2.17072e-03,0.03,0.05
-2.17064e-03,0.01,-0.01
-2.17056e-03,0.03,0.05
-2.17048e-03,0.03,-0.01
-2.17040e-03,0.03,0.05
-2.17032e-03,0.03,-0.03
-2.17024e-03,0.03,0.05
-2.17016e-03,0.01,-0.01
-2.17008e-03,0.03,0.05
-2.17000e-03,0.03,-0.01
-2.16992e-03,0.03,0.05
-2.16984e-03,0.03,-0.01
-2.16976e-03,0.03,0.05
-2.16968e-03,0.07,-0.01
-2.16960e-03,0.01,0.13
-2.16952e-03,0.03,-0.05
-2.16944e-03,0.03,0.07
-2.16936e-03,0.03,-0.01
-2.16928e-03,0.03,0.05
-2.16920e-03,0.03,-0.03
-2.16912e-03,0.05,0.07
-2.16904e-03,0.01,-0.03
-2.16896e-03,0.03,0.05
-2.16888e-03,0.01,-0.01
-2.16880e-03,0.03,0.05
-2.16872e-03,0.03,-0.03
-2.16864e-03,0.05,0.05
-2.16856e-03,0.03,-0.01
-2.16848e-03,0.01,0.05
-2.16840e-03,0.07,-0.03
-2.16832e-03,0.05,0.07
-2.16824e-03,0.07,-0.03
-2.16816e-03,0.01,0.07
-2.16808e-03,0.01,-0.03
-2.16800e-03,0.03,0.07
-2.16792e-03,0.01,-0.03
-2.16784e-03,0.03,0.07
-2.16776e-03,0.01,-0.03
-2.16768e-03,0.03,0.05
-2.16760e-03,0.03,-0.03
-2.16752e-03,0.03,0.05
-2.16744e-03,0.03,-0.03
-2.16736e-03,0.03,0.05
-2.16728e-03,0.03,-0.03
-2.16720e-03,0.01,0.05
-2.16712e-03,0.03,-0.03
-2.16704e-03,0.01,0.07
-2.16696e-03,0.03,-0.01
-2.16688e-03,0.01,0.05
-2.16680e-03,0.03,-0.01
-2.16672e-03,0.03,0.05
-2.16664e-03,0.01,-0.01
-2.16656e-03,0.03,0.05
-2.16648e-03,0.01,-0.01
-2.16640e-03,0.05,0.05
-2.16632e-03,0.01,-0.03
-2.16624e-03,0.05,0.05
-2.16616e-03,0.01,-0.03
-2.16608e-03,0.03,0.05
-2.16600e-03,0.03,-0.01
-2.16592e-03,0.03,0.05
-2.16584e-03,0.03,-0.01
-2.16576e-03,0.03,0.05
-2.16568e-03,0.05,-0.01
-2.16560e-03,0.01,0.05
-2.16552e-03,0.01,-0.01
-2.16544e-03,0.03,0.05
-2.16536e-03,0.03,-0.01
-2.16528e-03,0.03,0.05
-2.16520e-03,0.01,-0.01
-2.16512e-03,0.03,0.05
-2.16504e-03,0.01,-0.01
-2.16496e-03,0.05,0.05
-2.16488e-03,0.03,-0.01
-2.16480e-03,0.03,0.05
-2.16472e-03,0.05,-0.01
-2.16464e-03,0.03,0.05
-2.16456e-03,0.03,-0.03
-2.16448e-03,0.03,0.05
-2.16440e-03,0.05,-0.03
-2.16432e-03,0.03,0.05
-2.16424e-03,0.03,-0.01
-2.16416e-03,-0.01,0.05
-2.16408e-03,0.03,-0.05
-2.16400e-03,0.03,0.07
-2.16392e-03,0.03,-0.03
-2.16384e-03,0.03,0.07
-2.16376e-03,0.01,-0.01
-2.16368e-03,0.03,0.07
-2.16360e-03,0.01,-0.01
-2.16352e-03,0.03,0.05
-2.16344e-03,0.03,-0.03
-2.16336e-03,0.03,0.05
-2.16328e-03,0.05,-0.03
-2.16320e-03,0.03,0.05
-2.16312e-03,0.05,-0.03
-2.16304e-03,0.03,0.05
-2.16296e-03,0.03,-0.01
-2.16288e-03,0.01,0.05
-2.16280e-03,0.03,-0.03
-2.16272e-03,0.03,0.05
-2.16264e-03,0.01,-0.03
-2.16256e-03,0.01,0.05
-2.16248e-03,0.01,-0.03
-2.16240e-03,0.01,0.05
-2.16232e-03,0.01,-0.01
-2.16224e-03,0.03,0.05
-2.16216e-03,0.01,-0.01
-2.16208e-03,0.01,0.05
-2.16200e-03,0.01,-0.01
-2.16192e-03,0.03,0.05
-2.16184e-03,0.03,-0.03
-2.16176e-03,0.01,0.05
-2.16168e-03,0.03,-0.01
-2.16160e-03,0.03,0.05
-2.16152e-03,0.03,-0.03
-2.16144e-03,0.03,0.05
-2.16136e-03,0.01,-0.01
-2.16128e-03,0.03,0.05
-2.16120e-03,0.01,-0.01
-2.16112e-03,0.03,0.05
-2.16104e-03,0.01,-0.03
-2.16096e-03,0.05,0.05
-2.16088e-03,0.03,-0.05
-2.16080e-03,0.03,0.07
-2.16072e-03,0.03,-0.03
-2.16064e-03,0.01,0.07
-2.16056e-03,0.05,-0.03
-2.16048e-03,0.01,0.07
-2.16040e-03,0.05,-0.01
-2.16032e-03,0.01,0.05
-2.16024e-03,0.03,-0.03
-2.16016e-03,0.01,0.05
-2.16008e-03,0.03,-0.03
-2.16000e-03,0.03,0.05
-2.15992e-03,0.03,-0.03
-2.15984e-03,0.03,0.05
-2.15976e-03,0.03,-0.05
-2.15968e-03,0.03,0.05
-2.15960e-03,0.01,-0.01
-2.15952e-03,0.03,0.07
-2.15944e-03,0.01,-0.01
-2.15936e-03,0.01,0.05
-2.15928e-03,0.03,-0.01
-2.15920e-03,0.01,0.05
-2.15912e-03,0.03,-0.01
-2.15904e-03,0.01,0.05
-2.15896e-03,0.05,-0.01
-2.15888e-03,0.01,0.05
-2.15880e-03,0.01,-0.01
-2.15872e-03,0.03,0.05
-2.15864e-03,0.03,-0.01
-2.15856e-03,0.01,0.05
-2.15848e-03,0.03,-0.03
-2.15840e-03,0.03,0.05
-2.15832e-03,0.01,-0.03
-2.15824e-03,0.03,0.05
-2.15816e-03,0.03,-0.03
-2.15808e-03,0.05,0.05
-2.15800e-03,0.01,-0.03
-2.15792e-03,0.03,0.05
-2.15784e-03,0.05,-0.03
-2.15776e-03,0.01,0.05
-2.15768e-03,0.05,-0.01
-2.15760e-03,0.03,0.05
-2.15752e-03,0.05,-0.01
-2.15744e-03,0.03,0.05
-2.15736e-03,0.03,-0.01
-2.15728e-03,0.03,0.05
-2.15720e-03,0.03,-0.03
-2.15712e-03,0.03,0.05
-2.15704e-03,0.03,-0.01
-2.15696e-03,0.03,0.05
-2.15688e-03,0.01,-0.01
-2.15680e-03,0.03,0.05
-2.15672e-03,0.03,-0.03
-2.15664e-03,0.01,0.05
-2.15656e-03,0.03,-0.03
-2.15648e-03,0.03,0.05
-2.15640e-03,0.03,-0.01
-2.15632e-03,0.01,0.05
-2.15624e-03,0.03,-0.03
-2.15616e-03,0.03,0.05
-2.15608e-03,0.05,-0.03
-2.15600e-03,0.01,0.05
-2.15592e-03,0.03,-0.01
-2.15584e-03,0.03,0.05
-2.15576e-03,0.01,-0.03
-2.15568e-03,0.01,0.05
-2.15560e-03,0.01,-0.03
-2.15552e-03,0.01,0.05
-2.15544e-03,0.03,-0.01
-2.15536e-03,0.03,0.05
-2.15528e-03,0.01,-0.01
-2.15520e-03,0.01,0.05
-2.15512e-03,0.03,-0.01
-2.15504e-03,0.01,0.05
-2.15496e-03,0.03,-0.03
-2.15488e-03,0.03,0.05
-2.15480e-03,0.03,-0.01
-2.15472e-03,0.03,0.05
-2.15464e-03,0.03,-0.01
-2.15456e-03,0.03,0.05
-2.15448e-03,0.03,-0.03
-2.15440e-03,0.03,0.05
-2.15432e-03,0.03,-0.03
-2.15424e-03,0.03,0.05
-2.15416e-03,0.01,-0.01
-2.15408e-03,0.05,0.05
-2.15400e-03,0.01,-0.03
-2.15392e-03,0.03,0.05
-2.15384e-03,0.03,-0.03
-2.15376e-03,0.03,0.05
-2.15368e-03,0.03,-0.01
-2.15360e-03,0.03,0.05
-2.15352e-03,0.03,-0.03
-2.15344e-03,0.03,0.05
-2.15336e-03,0.03,-0.01
-2.15328e-03,0.01,0.05
-2.15320e-03,0.03,-0.03
-2.15312e-03,0.07,0.05
-2.15304e-03,0.01,-0.03
-2.15296e-03,0.03,0.07
-2.15288e-03,-0.01,-0.03
-2.15280e-03,0.03,0.07
-2.15272e-03,0.03,-0.03
-2.15264e-03,0.03,0.07
-2.15256e-03,0.03,-0.01
-2.15248e-03,0.01,0.05
-2.15240e-03,0.03,-0.01
-2.15232e-03,0.01,0.05
-2.15224e-03,0.05,-0.03
-2.15216e-03,0.03,0.05
-2.15208e-03,0.03,-0.03
-2.15200e-03,0.03,0.05
-2.15192e-03,0.03,-0.03
-2.15184e-03,0.03,0.05
-2.15176e-03,0.03,-0.03
-2.15168e-03,0.03,0.05
-2.15160e-03,0.01,-0.03
-2.15152e-03,0.05,0.05
-2.15144e-03,0.03,-0.03
-2.15136e-03,0.03,0.05
-2.15128e-03,0.03,-0.01
-2.15120e-03,0.01,0.05
-2.15112e-03,0.03,-0.03
-2.15104e-03,0.01,0.05
-2.15096e-03,0.03,-0.03
-2.15088e-03,0.01,0.05
-2.15080e-03,0.03,-0.03
-2.15072e-03,0.03,0.05
-2.15064e-03,0.03,-0.03
-2.15056e-03,0.05,0.05
-2.15048e-03,0.03,-0.03
-2.15040e-03,0.03,0.05
-2.15032e-03,0.03,-0.03
-2.15024e-03,0.03,0.05
-2.15016e-03,0.01,-0.01
-2.15008e-03,0.03,0.05
-2.15000e-03,0.01,-0.01
-2.14992e-03,0.03,0.05
-2.14984e-03,0.05,-0.01
-2.14976e-03,0.01,0.05
-2.14968e-03,0.03,-0.01
-2.14960e-03,0.03,0.05
-2.14952e-03,0.05,-0.03
-2.14944e-03,0.01,0.05
-2.14936e-03,0.03,-0.03
-2.14928e-03,0.03,0.05
-2.14920e-03,0.01,-0.01
-2.14912e-03,0.05,0.05
-2.14904e-03,0.01,-0.03
-2.14896e-03,0.03,0.05
-2.14888e-03,0.03,-0.03
-2.14880e-03,0.03,0.05
-2.14872e-03,0.03,-0.03
-2.14864e-03,0.03,0.05
-2.14856e-03,0.03,-0.03
-2.14848e-03,0.01,0.05
-2.14840e-03,0.03,-0.03
-2.14832e-03,0.01,0.05
-2.14824e-03,0.03,-0.01
-2.14816e-03,0.01,0.05
-2.14808e-03,0.03,-0.03
-2.14800e-03,0.03,0.05
-2.14792e-03,0.01,-0.03
-2.14784e-03,0.05,0.05
-2.14776e-03,0.03,-0.03
-2.14768e-03,0.03,0.05
-2.14760e-03,0.01,-0.03
-2.14752e-03,0.03,0.05
-2.14744e-03,0.01,-0.03
-2.14736e-03,0.03,0.05
-2.14728e-03,0.03,-0.03
-2.14720e-03,0.03,0.05
-2.14712e-03,0.01,-0.03
-2.14704e-03,0.03,0.05
-2.14696e-03,0.03,-0.03
-2.14688e-03,0.01,0.05
-2.14680e-03,0.03,-0.01
-2.14672e-03,0.03,0.05
-2.14664e-03,0.03,-0.03
-2.14656e-03,0.03,0.05
-2.14648e-03,0.01,-0.03
-2.14640e-03,0.03,0.05
-2.14632e-03,0.01,-0.01
-2.14624e-03,0.03,0.05
-2.14616e-03,0.03,-0.01
-2.14608e-03,0.05,0.05
-2.14600e-03,0.03,-0.01
-2.14592e-03,0.03,0.05
-2.14584e-03,0.03,-0.01
-2.14576e-03,0.05,0.05
-2.14568e-03,0.07,-0.05
-2.14560e-03,0.01,0.05
-2.14552e-03,0.03,-0.03
-2.14544e-03,-0.01,0.07
-2.14536e-03,0.03,-0.03
-2.14528e-03,0.03,0.07
-2.14520e-03,0.03,-0.03
-2.14512e-03,0.03,0.07
-2.14504e-03,0.03,-0.03
-2.14496e-03,0.05,0.05
-2.14488e-03,0.01,-0.03
-2.14480e-03,0.05,0.07
-2.14472e-03,0.01,-0.01
-2.14464e-03,0.03,0.07
-2.14456e-03,0.03,-0.03
-2.14448e-03,0.01,0.05
-2.14440e-03,0.05,-0.01
-2.14432e-03,-0.01,0.05
-2.14424e-03,0.03,-0.03
-2.14416e-03,0.01,0.05
-2.14408e-03,0.05,-0.03
-2.14400e-03,0.01,0.05
-2.14392e-03,0.01,-0.03
-2.14384e-03,0.03,0.05
-2.14376e-03,0.03,-0.01
-2.14368e-03,0.05,0.05
-2.14360e-03,0.03,-0.01
-2.14352e-03,0.05,0.05
-2.14344e-03,0.03,-0.01
-2.14336e-03,0.03,0.05
-2.14328e-03,0.03,-0.03
-2.14320e-03,0.03,0.05
-2.14312e-03,0.03,-0.01
-2.14304e-03,0.01,0.05
-2.14296e-03,0.03,-0.01
-2.14288e-03,0.01,0.05
-2.14280e-03,0.03,-0.01
-2.14272e-03,0.03,0.05
-2.14264e-03,0.03,-0.03
-2.14256e-03,0.03,0.05
-2.14248e-03,0.01,-0.03
-2.14240e-03,0.05,0.05
-2.14232e-03,0.03,-0.01
-2.14224e-03,0.05,0.07
-2.14216e-03,0.03,-0.01
-2.14208e-03,0.03,0.05
-2.14200e-03,0.03,-0.01
-2.14192e-03,0.03,0.05
-2.14184e-03,0.03,-0.03
-2.14176e-03,0.03,0.07
-2.14168e-03,0.05,-0.03
-2.14160e-03,0.03,0.05
-2.14152e-03,0.05,-0.03
-2.14144e-03,0.03,0.05
-2.14136e-03,0.01,-0.01
-2.14128e-03,0.03,0.05
-2.14120e-03,0.03,-0.03
-2.14112e-03,0.05,0.05
-2.14104e-03,0.03,-0.03
-2.14096e-03,0.03,0.05
-2.14088e-03,0.03,-0.01
-2.14080e-03,0.03,0.05
-2.14072e-03,0.03,-0.01
-2.14064e-03,0.01,0.05
-2.14056e-03,0.05,-0.01
-2.14048e-03,0.03,0.05
-2.14040e-03,0.03,-0.03
-2.14032e-03,0.05,0.05
-2.14024e-03,0.05,-0.03
-2.14016e-03,0.01,0.05
-2.14008e-03,0.03,-0.03
-2.14000e-03,0.03,0.05
-2.13992e-03,0.03,-0.03
-2.13984e-03,0.03,0.05
-2.13976e-03,0.01,-0.03
-2.13968e-03,0.05,0.05
-2.13960e-03,0.01,-0.03
-2.13952e-03,0.05,0.05
-2.13944e-03,0.03,-0.03
-2.13936e-03,0.03,0.05
-2.13928e-03,0.03,-0.01
-2.13920e-03,0.03,0.05
-2.13912e-03,0.03,-0.01
-2.13904e-03,0.03,0.05
-2.13896e-03,0.03,-0.01
-2.13888e-03,0.03,0.05
-2.13880e-03,0.01,-0.01
-2.13872e-03,0.01,0.05
-2.13864e-03,0.03,-0.01
-2.13856e-03,0.03,0.05
-2.13848e-03,-0.01,-0.03
-2.13840e-03,0.03,0.05
-2.13832e-03,0.03,-0.03
-2.13824e-03,0.05,0.07
-2.13816e-03,0.03,-0.03
-2.13808e-03,0.03,0.05
-2.13800e-03,0.05,-0.03
-2.13792e-03,-0.01,0.05
-2.13784e-03,0.03,-0.05
-2.13776e-03,0.01,0.09
-2.13768e-03,0.03,-0.03
-2.13760e-03,0.03,0.09
-2.13752e-03,0.05,-0.03
-2.13744e-03,0.01,0.05
-2.13736e-03,0.03,-0.03
-2.13728e-03,0.03,0.05
-2.13720e-03,0.01,-0.03
-2.13712e-03,0.03,0.05
-2.13704e-03,0.01,-0.03
-2.13696e-03,0.05,0.05
-2.13688e-03,-0.01,-0.03
-2.13680e-03,0.03,0.05
-2.13672e-03,0.03,-0.03
-2.13664e-03,0.01,0.05
-2.13656e-03,0.05,-0.03
-2.13648e-03,0.01,0.05
-2.13640e-03,0.03,-0.03
-2.13632e-03,0.03,0.05
-2.13624e-03,0.05,-0.03
-2.13616e-03,0.01,0.05
-2.13608e-03,0.03,-0.03
-2.13600e-03,0.03,0.05
-2.13592e-03,0.01,-0.03
-2.13584e-03,0.03,0.05
-2.13576e-03,0.03,-0.03
-2.13568e-03,0.03,0.05
-2.13560e-03,0.01,-0.03
-2.13552e-03,0.03,0.05
-2.13544e-03,0.03,-0.03
-2.13536e-03,0.03,0.05
-2.13528e-03,0.03,-0.01
-2.13520e-03,0.03,0.05
-2.13512e-03,0.03,-0.03
-2.13504e-03,0.01,0.05
-2.13496e-03,0.05,-0.03
-2.13488e-03,0.03,0.05
-2.13480e-03,0.03,-0.01
-2.13472e-03,0.01,0.05
-2.13464e-03,0.03,-0.03
-2.13456e-03,0.05,0.05
-2.13448e-03,0.03,-0.01
-2.13440e-03,0.05,0.05
-2.13432e-03,0.01,-0.03
-2.13424e-03,0.05,0.05
-2.13416e-03,0.01,-0.01
-2.13408e-03,0.01,0.05
-2.13400e-03,0.03,-0.03
-2.13392e-03,0.03,0.05
-2.13384e-03,0.05,-0.03
-2.13376e-03,0.01,0.05
-2.13368e-03,0.05,-0.01
-2.13360e-03,0.03,0.05
-2.13352e-03,0.03,-0.01
-2.13344e-03,0.03,0.05
-2.13336e-03,0.03,-0.03
-2.13328e-03,0.03,0.05
-2.13320e-03,0.05,-0.03
-2.13312e-03,0.03,0.05
-2.13304e-03,0.03,-0.01
-2.13296e-03,0.05,0.05
-2.13288e-03,0.01,-0.03
-2.13280e-03,0.03,0.05
-2.13272e-03,0.01,-0.01
-2.13264e-03,0.01,0.05
-2.13256e-03,0.01,-0.01
-2.13248e-03,0.03,0.05
-2.13240e-03,0.03,-0.03
-2.13232e-03,0.03,0.05
-2.13224e-03,0.03,-0.03
-2.13216e-03,0.03,0.05
-2.13208e-03,0.01,-0.03
-2.13200e-03,0.01,0.05
-2.13192e-03,0.03,-0.03
-2.13184e-03,0.03,0.05
-2.13176e-03,0.03,-0.01
-2.13168e-03,0.03,0.05
-2.13160e-03,0.01,-0.01
-2.13152e-03,0.03,0.05
-2.13144e-03,0.03,-0.03
-2.13136e-03,0.03,0.05
-2.13128e-03,0.03,-0.01
-2.13120e-03,0.03,0.05
-2.13112e-03,0.01,-0.03
-2.13104e-03,0.01,0.05
-2.13096e-03,0.03,-0.03
-2.13088e-03,0.01,0.05
-2.13080e-03,0.05,-0.01
-2.13072e-03,0.03,0.05
-2.13064e-03,0.03,-0.01
-2.13056e-03,0.03,0.05
-2.13048e-03,0.03,-0.03
-2.13040e-03,0.01,0.05
-2.13032e-03,0.01,-0.05
-2.13024e-03,0.03,0.07
-2.13016e-03,0.01,-0.03
-2.13008e-03,0.05,0.07
-2.13000e-03,0.03,-0.03
-2.12992e-03,0.03,0.05
-2.12984e-03,0.03,-0.03
-2.12976e-03,0.01,0.05
-2.12968e-03,0.03,-0.03
-2.12960e-03,0.01,0.05
-2.12952e-03,0.03,-0.03
-2.12944e-03,0.01,0.05
-2.12936e-03,0.03,-0.03
-2.12928e-03,0.03,0.05
-2.12920e-03,0.01,-0.01
-2.12912e-03,0.05,0.05
-2.12904e-03,0.01,-0.03
-2.12896e-03,0.03,0.05
-2.12888e-03,0.03,-0.01
-2.12880e-03,0.03,0.05
-2.12872e-03,0.01,-0.03
-2.12864e-03,0.03,0.07
-2.12856e-03,0.03,-0.01
-2.12848e-03,0.03,0.05
-2.12840e-03,0.03,-0.03
-2.12832e-03,0.01,0.05
-2.12824e-03,0.03,-0.01
-2.12816e-03,0.03,0.05
-2.12808e-03,0.03,-0.01
-2.12800e-03,0.05,0.05
-2.12792e-03,0.03,-0.03
-2.12784e-03,0.03,0.05
-2.12776e-03,0.03,-0.01
-2.12768e-03,0.03,0.05
-2.12760e-03,0.03,-0.01
-2.12752e-03,0.03,0.05
-2.12744e-03,0.05,-0.01
-2.12736e-03,0.05,0.07
-2.12728e-03,0.03,-0.03
-2.12720e-03,0.03,0.05
-2.12712e-03,0.03,-0.01
-2.12704e-03,0.01,0.05
-2.12696e-03,0.03,-0.01
-2.12688e-03,0.01,0.05
-2.12680e-03,0.03,-0.01
-2.12672e-03,0.03,0.05
-2.12664e-03,0.03,-0.03
-2.12656e-03,0.03,0.05
-2.12648e-03,-0.01,-0.03
-2.12640e-03,0.03,0.05
-2.12632e-03,0.03,-0.07
-2.12624e-03,0.01,0.07
-2.12616e-03,0.05,-0.03
-2.12608e-03,0.03,0.07
-2.12600e-03,0.03,-0.03
-2.12592e-03,0.03,0.05
-2.12584e-03,0.03,-0.01
-2.12576e-03,0.03,0.05
-2.12568e-03,0.03,-0.01
-2.12560e-03,0.01,0.05
-2.12552e-03,0.01,-0.03
-2.12544e-03,0.03,0.05
-2.12536e-03,0.01,-0.01
-2.12528e-03,0.03,0.05
-2.12520e-03,0.01,-0.03
-2.12512e-03,0.03,0.05
-2.12504e-03,0.01,-0.01
-2.12496e-03,0.03,0.05
-2.12488e-03,0.01,-0.01
-2.12480e-03,0.03,0.05
-2.12472e-03,0.03,-0.03
-2.12464e-03,0.03,0.05
-2.12456e-03,0.03,-0.03
-2.12448e-03,0.01,0.05
-2.12440e-03,0.01,-0.01
-2.12432e-03,0.03,0.05
-2.12424e-03,0.03,-0.01
-2.12416e-03,0.03,0.05
-2.12408e-03,0.03,-0.03
-2.12400e-03,0.03,0.05
-2.12392e-03,0.03,-0.01
-2.12384e-03,0.03,0.05
-2.12376e-03,0.03,-0.01
-2.12368e-03,0.03,0.05
-2.12360e-03,0.03,-0.01
-2.12352e-03,0.03,0.05
-2.12344e-03,0.03,-0.01
-2.12336e-03,0.03,0.05
-2.12328e-03,0.05,-0.03
-2.12320e-03,0.03,0.05
-2.12312e-03,0.03,-0.01
-2.12304e-03,0.01,0.05
-2.12296e-03,0.01,-0.01
-2.12288e-03,0.03,0.05
-2.12280e-03,0.03,-0.01
-2.12272e-03,0.03,0.05
-2.12264e-03,0.03,-0.01
-2.12256e-03,0.03,0.05
-2.12248e-03,0.05,-0.01
-2.12240e-03,0.05,0.05
-2.12232e-03,0.03,-0.03
-2.12224e-03,0.05,0.05
-2.12216e-03,0.01,-0.01
-2.12208e-03,0.03,0.05
-2.12200e-03,0.03,-0.03
-2.12192e-03,0.03,0.07
-2.12184e-03,0.03,-0.01
-2.12176e-03,0.03,0.05
-2.12168e-03,0.05,-0.01
-2.12160e-03,0.01,0.05
-2.12152e-03,0.03,-0.03
-2.12144e-03,0.01,0.05
-2.12136e-03,0.03,-0.01
-2.12128e-03,0.03,0.05
-2.12120e-03,0.03,-0.03
-2.12112e-03,0.03,0.03
-2.12104e-03,0.01,-0.01
-2.12096e-03,0.03,0.05
-2.12088e-03,0.03,-0.03
-2.12080e-03,0.03,0.05
-2.12072e-03,0.03,-0.03
-2.12064e-03,0.03,0.05
-2.12056e-03,0.05,-0.03
-2.12048e-03,0.05,0.05
-2.12040e-03,0.03,-0.03
-2.12032e-03,0.03,0.05
-2.12024e-03,0.03,-0.03
-2.12016e-03,0.03,0.05
-2.12008e-03,0.01,-0.03
-2.12000e-03,0.05,0.05
-2.11992e-03,0.01,-0.03
-2.11984e-03,0.03,0.05
-2.11976e-03,0.03,-0.03
-2.11968e-03,0.01,0.05
-2.11960e-03,0.05,-0.03
-2.11952e-03,0.03,0.13
-2.11944e-03,0.03,-0.05
-2.11936e-03,0.01,0.07
-2.11928e-03,0.05,-0.01
-2.11920e-03,0.01,0.05
-2.11912e-03,0.03,-0.01
-2.11904e-03,0.01,0.05
-2.11896e-03,0.03,-0.01
-2.11888e-03,0.03,0.05
-2.11880e-03,0.03,-0.03
-2.11872e-03,0.03,0.05
-2.11864e-03,0.03,-0.03
-2.11856e-03,0.05,0.05
-2.11848e-03,0.01,-0.03
-2.11840e-03,0.05,0.05
-2.11832e-03,0.03,-0.01
-2.11824e-03,0.05,0.05
-2.11816e-03,0.01,-0.01
-2.11808e-03,0.03,0.05
-2.11800e-03,0.03,-0.03
-2.11792e-03,0.03,0.05
-2.11784e-03,0.05,-0.01
-2.11776e-03,0.03,0.05
-2.11768e-03,0.03,-0.01
-2.11760e-03,0.01,0.05
-2.11752e-03,0.03,-0.03
-2.11744e-03,0.03,0.05
-2.11736e-03,0.03,-0.01
-2.11728e-03,0.05,0.05
-2.11720e-03,0.01,-0.01
-2.11712e-03,0.03,0.05
-2.11704e-03,0.01,-0.01
-2.11696e-03,0.05,0.05
-2.11688e-03,0.01,-0.01
-2.11680e-03,0.03,0.05
-2.11672e-03,0.03,-0.03
-2.11664e-03,0.03,0.05
-2.11656e-03,0.03,-0.03
-2.11648e-03,0.01,0.05
-2.11640e-03,0.03,-0.01
-2.11632e-03,0.03,0.05
-2.11624e-03,0.03,-0.01
-2.11616e-03,0.03,0.05
-2.11608e-03,0.03,-0.03
-2.11600e-03,0.01,0.05
-2.11592e-03,0.03,-0.01
-2.11584e-03,0.01,0.05
-2.11576e-03,0.01,-0.01
-2.11568e-03,0.05,0.05
-2.11560e-03,0.01,-0.03
-2.11552e-03,0.03,0.05
-2.11544e-03,0.03,-0.01
-2.11536e-03,0.01,0.05
-2.11528e-03,0.03,-0.01
-2.11520e-03,0.01,0.05
-2.11512e-03,0.03,-0.01
-2.11504e-03,0.03,0.07
-2.11496e-03,0.05,-0.03
-2.11488e-03,0.05,0.07
-2.11480e-03,0.03,-0.03
-2.11472e-03,0.03,0.05
-2.11464e-03,0.03,-0.05
-2.11456e-03,0.03,0.07
-2.11448e-03,0.05,-0.03
-2.11440e-03,0.03,0.05
-2.11432e-03,0.01,-0.03
-2.11424e-03,0.03,0.07
-2.11416e-03,0.01,-0.03
-2.11408e-03,0.03,0.05
-2.11400e-03,0.01,-0.01
-2.11392e-03,0.01,0.05
-2.11384e-03,0.03,-0.01
-2.11376e-03,0.01,0.05
-2.11368e-03,0.03,-0.03
-2.11360e-03,0.01,0.05
-2.11352e-03,0.03,-0.03
-2.11344e-03,0.03,0.05
-2.11336e-03,0.03,-0.01
-2.11328e-03,0.01,0.05
-2.11320e-03,0.03,-0.03
-2.11312e-03,0.03,0.05
-2.11304e-03,0.01,-0.03
-2.11296e-03,0.05,0.05
-2.11288e-03,0.01,-0.01
-2.11280e-03,0.05,0.05
-2.11272e-03,0.03,-0.01
-2.11264e-03,0.01,0.07
-2.11256e-03,0.03,-0.01
-2.11248e-03,0.01,0.05
-2.11240e-03,0.03,-0.03
-2.11232e-03,0.01,0.05
-2.11224e-03,0.03,-0.01
-2.11216e-03,0.01,0.05
-2.11208e-03,0.03,-0.01
-2.11200e-03,0.03,0.05
-2.11192e-03,0.01,-0.03
-2.11184e-03,0.01,0.05
-2.11176e-03,0.03,-0.03
-2.11168e-03,0.05,0.05
-2.11160e-03,0.03,-0.03
-2.11152e-03,0.03,0.05
-2.11144e-03,0.03,-0.03
-2.11136e-03,0.03,0.05
-2.11128e-03,0.03,-0.01
-2.11120e-03,0.01,0.05
-2.11112e-03,0.03,-0.03
-2.11104e-03,0.01,0.05
-2.11096e-03,0.03,-0.03
-2.11088e-03,0.01,0.05
-2.11080e-03,0.03,-0.03
-2.11072e-03,0.03,0.05
-2.11064e-03,0.05,-0.01
-2.11056e-03,0.03,0.05
-2.11048e-03,0.03,-0.01
-2.11040e-03,0.03,0.05
-2.11032e-03,0.03,-0.01
-2.11024e-03,0.03,0.05
-2.11016e-03,0.01,-0.01
-2.11008e-03,0.03,0.05
-2.11000e-03,0.03,-0.03
-2.10992e-03,0.03,0.05
-2.10984e-03,0.03,-0.03
-2.10976e-03,0.01,0.05
-2.10968e-03,0.03,-0.03
-2.10960e-03,0.01,0.05
-2.10952e-03,0.03,-0.03
-2.10944e-03,0.03,0.05
-2.10936e-03,0.01,-0.03
-2.10928e-03,0.03,0.05
-2.10920e-03,0.03,-0.01
-2.10912e-03,0.05,0.05
-2.10904e-03,0.01,-0.01
-2.10896e-03,0.03,0.05
-2.10888e-03,0.03,-0.03
-2.10880e-03,0.03,0.05
-2.10872e-03,0.01,-0.03
-2.10864e-03,0.03,0.05
-2.10856e-03,0.05,-0.03
-2.10848e-03,0.03,0.07
-2.10840e-03,0.03,-0.03
-2.10832e-03,0.01,0.05
-2.10824e-03,0.03,-0.03
-2.10816e-03,0.01,0.05
-2.10808e-03,0.03,-0.01
-2.10800e-03,0.03,0.07
-2.10792e-03,0.01,-0.03
-2.10784e-03,0.03,0.05
-2.10776e-03,0.01,-0.03
-2.10768e-03,0.05,0.05
-2.10760e-03,0.03,-0.03
-2.10752e-03,0.03,0.05
-2.10744e-03,0.03,-0.03
-2.10736e-03,0.05,0.05
-2.10728e-03,0.05,-0.01
-2.10720e-03,0.03,0.05
-2.10712e-03,0.01,-0.03
-2.10704e-03,-0.01,0.07
-2.10696e-03,0.03,-0.03
-2.10688e-03,0.03,0.07
-2.10680e-03,0.03,-0.03
-2.10672e-03,0.01,0.07
-2.10664e-03,0.03,-0.03
-2.10656e-03,0.01,0.05
-2.10648e-03,0.03,-0.01
-2.10640e-03,0.05,0.05
-2.10632e-03,0.03,-0.03
-2.10624e-03,0.03,0.05
-2.10616e-03,0.05,-0.01
-2.10608e-03,0.03,0.05
-2.10600e-03,0.01,-0.01
-2.10592e-03,0.03,0.05
-2.10584e-03,0.03,-0.03
-2.10576e-03,0.03,0.05
-2.10568e-03,0.03,-0.03
-2.10560e-03,0.03,0.05
-2.10552e-03,0.03,-0.03
-2.10544e-03,0.01,0.05
-2.10536e-03,0.01,-0.03
-2.10528e-03,0.03,0.05
-2.10520e-03,0.03,-0.03
-2.10512e-03,0.05,0.05
-2.10504e-03,0.03,-0.03
-2.10496e-03,0.03,0.05
-2.10488e-03,0.05,-0.03
-2.10480e-03,0.03,0.05
-2.10472e-03,0.03,-0.01
-2.10464e-03,0.03,0.05
-2.10456e-03,0.03,-0.03
-2.10448e-03,0.03,0.05
-2.10440e-03,0.03,-0.03
-2.10432e-03,0.01,0.05
-2.10424e-03,0.03,-0.01
-2.10416e-03,0.03,0.05
-2.10408e-03,0.03,-0.03
-2.10400e-03,0.03,0.05
-2.10392e-03,0.01,-0.01
-2.10384e-03,0.03,0.05
-2.10376e-03,0.01,-0.03
-2.10368e-03,0.03,0.05
-2.10360e-03,0.03,-0.01
-2.10352e-03,0.03,0.05
-2.10344e-03,0.03,-0.01
-2.10336e-03,0.03,0.05
-2.10328e-03,0.03,-0.01
-2.10320e-03,0.03,0.05
-2.10312e-03,0.05,-0.01
-2.10304e-03,0.01,0.05
-2.10296e-03,0.03,-0.03
-2.10288e-03,0.01,0.05
-2.10280e-03,0.03,-0.01
-2.10272e-03,0.03,0.05
-2.10264e-03,0.03,-0.01
-2.10256e-03,0.05,0.05
-2.10248e-03,0.01,-0.03
-2.10240e-03,0.03,0.05
-2.10232e-03,0.01,-0.01
-2.10224e-03,0.03,0.05
-2.10216e-03,0.03,-0.01
-2.10208e-03,0.03,0.05
-2.10200e-03,0.03,-0.01
-2.10192e-03,0.01,0.05
-2.10184e-03,0.03,-0.03
-2.10176e-03,0.01,0.05
-2.10168e-03,0.03,-0.01
-2.10160e-03,0.01,0.05
-2.10152e-03,0.03,-0.03
-2.10144e-03,0.03,0.05
-2.10136e-03,0.01,-0.03
-2.10128e-03,0.03,0.05
-2.10120e-03,0.01,-0.01
-2.10112e-03,0.03,0.05
-2.10104e-03,0.03,-0.03
-2.10096e-03,0.03,0.05
-2.10088e-03,0.01,-0.03
-2.10080e-03,0.03,0.05
-2.10072e-03,0.03,-0.01
-2.10064e-03,0.03,0.05
-2.10056e-03,0.03,-0.03
-2.10048e-03,0.01,0.05
-2.10040e-03,0.03,-0.03
-2.10032e-03,0.03,0.05
-2.10024e-03,0.05,-0.03
-2.10016e-03,0.03,0.05
-2.10008e-03,0.03,-0.03
-2.10000e-03,0.03,0.05
-2.09992e-03,0.01,-0.01
-2.09984e-03,0.03,0.05
-2.09976e-03,0.05,-0.03
-2.09968e-03,0.03,0.07
-2.09960e-03,0.03,-0.05
-2.09952e-03,0.01,0.07
-2.09944e-03,0.01,-0.03
-2.09936e-03,0.05,0.05
-2.09928e-03,0.03,-0.03
-2.09920e-03,0.03,0.07
-2.09912e-03,0.03,-0.03
-2.09904e-03,0.03,0.05
-2.09896e-03,0.05,-0.03
-2.09888e-03,0.03,0.05
-2.09880e-03,0.03,-0.03
-2.09872e-03,0.03,0.05
-2.09864e-03,0.03,-0.01
-2.09856e-03,0.03,0.05
-2.09848e-03,0.03,-0.01
-2.09840e-03,0.01,0.05
-2.09832e-03,0.03,-0.01
-2.09824e-03,0.03,0.05
-2.09816e-03,0.03,-0.01
-2.09808e-03,0.03,0.05
-2.09800e-03,0.03,-0.01
-2.09792e-03,0.03,0.05
-2.09784e-03,0.03,-0.03
-2.09776e-03,0.01,0.05
-2.09768e-03,0.03,-0.01
-2.09760e-03,0.03,0.05
-2.09752e-03,0.03,-0.01
-2.09744e-03,0.01,0.05
-2.09736e-03,0.03,-0.03
-2.09728e-03,0.03,0.05
-2.09720e-03,0.03,-0.01
-2.09712e-03,0.03,0.05
-2.09704e-03,0.01,-0.01
-2.09696e-03,0.03,0.05
-2.09688e-03,0.01,-0.01
-2.09680e-03,0.03,0.05
-2.09672e-03,0.03,-0.03
-2.09664e-03,0.03,0.07
-2.09656e-03,0.03,-0.03
-2.09648e-03,0.01,0.05
-2.09640e-03,0.05,-0.01
-2.09632e-03,0.03,0.05
-2.09624e-03,0.03,-0.03
-2.09616e-03,0.03,0.05
-2.09608e-03,0.03,-0.01
-2.09600e-03,0.03,0.05
-2.09592e-03,0.03,-0.03
-2.09584e-03,0.03,0.07
-2.09576e-03,0.03,-0.03
-2.09568e-03,0.05,0.05
-2.09560e-03,0.01,-0.03
-2.09552e-03,0.03,0.05
-2.09544e-03,0.03,-0.01
-2.09536e-03,0.03,0.05
-2.09528e-03,0.03,-0.03
-2.09520e-03,0.01,0.05
-2.09512e-03,0.03,-0.01
-2.09504e-03,0.03,0.05
-2.09496e-03,0.03,-0.01
-2.09488e-03,0.03,0.05
-2.09480e-03,0.03,-0.03
-2.09472e-03,0.03,0.05
-2.09464e-03,0.03,-0.01
-2.09456e-03,0.03,0.05
-2.09448e-03,0.01,-0.03
-2.09440e-03,0.03,0.05
-2.09432e-03,0.01,-0.03
-2.09424e-03,0.05,0.05
-2.09416e-03,0.03,-0.03
-2.09408e-03,0.03,0.05
-2.09400e-03,0.03,-0.01
-2.09392e-03,0.01,0.05
-2.09384e-03,0.03,-0.01
-2.09376e-03,0.03,0.05
-2.09368e-03,0.05,-0.01
-2.09360e-03,0.03,0.05
-2.09352e-03,0.03,-0.03
-2.09344e-03,0.03,0.05
-2.09336e-03,0.03,-0.03
-2.09328e-03,0.05,0.05
-2.09320e-03,0.01,-0.03
-2.09312e-03,0.03,0.05
-2.09304e-03,0.01,-0.03
-2.09296e-03,0.03,0.05
-2.09288e-03,0.03,-0.03
-2.09280e-03,0.03,0.05
-2.09272e-03,0.01,-0.03
-2.09264e-03,0.03,0.07
-2.09256e-03,0.03,-0.03
-2.09248e-03,0.03,0.05
-2.09240e-03,0.03,-0.01
-2.09232e-03,0.01,0.05
-2.09224e-03,0.05,-0.03
-2.09216e-03,0.03,0.05
-2.09208e-03,0.03,-0.03
-2.09200e-03,0.03,0.05
-2.09192e-03,0.03,-0.01
-2.09184e-03,0.03,0.05
-2.09176e-03,-0.01,-0.05
-2.09168e-03,0.03,0.05
-2.09160e-03,0.01,-0.05
-2.09152e-03,0.03,0.07
-2.09144e-03,0.03,-0.03
-2.09136e-03,0.01,0.07
-2.09128e-03,0.03,-0.01
-2.09120e-03,0.03,0.05
-2.09112e-03,0.03,-0.03
-2.09104e-03,0.01,0.05
-2.09096e-03,0.03,-0.03
-2.09088e-03,0.01,0.07
-2.09080e-03,0.05,-0.01
-2.09072e-03,0.03,0.05
-2.09064e-03,0.03,-0.03
-2.09056e-03,0.03,0.05
-2.09048e-03,0.03,-0.03
-2.09040e-03,0.03,0.05
-2.09032e-03,0.03,-0.03
-2.09024e-03,0.05,0.05
-2.09016e-03,0.03,-0.03
-2.09008e-03,0.03,0.05
-2.09000e-03,0.01,-0.03
-2.08992e-03,0.03,0.05
-2.08984e-03,0.01,-0.03
-2.08976e-03,0.03,0.05
-2.08968e-03,0.03,-0.05
-2.08960e-03,0.03,0.05
-2.08952e-03,0.03,-0.03
-2.08944e-03,0.03,0.05
-2.08936e-03,0.03,-0.03
-2.08928e-03,0.05,0.05
-2.08920e-03,0.01,-0.03
-2.08912e-03,0.05,0.05
-2.08904e-03,0.03,-0.03
-2.08896e-03,0.03,0.05
-2.08888e-03,0.03,-0.03
-2.08880e-03,0.01,0.05
-2.08872e-03,0.03,-0.01
-2.08864e-03,0.03,0.05
-2.08856e-03,0.03,-0.03
-2.08848e-03,0.01,0.05
-2.08840e-03,0.03,-0.03
-2.08832e-03,0.01,0.05
-2.08824e-03,0.05,-0.01
-2.08816e-03,0.01,0.05
-2.08808e-03,0.01,-0.03
-2.08800e-03,0.03,0.05
-2.08792e-03,0.03,-0.01
-2.08784e-03,0.05,0.05
-2.08776e-03,0.01,-0.01
-2.08768e-03,0.03,0.05
-2.08760e-03,0.03,-0.01
-2.08752e-03,0.01,0.05
-2.08744e-03,0.01,-0.01
-2.08736e-03,0.03,0.05
-2.08728e-03,0.03,-0.03
-2.08720e-03,0.03,0.07
-2.08712e-03,0.03,-0.03
-2.08704e-03,0.01,0.05
-2.08696e-03,0.05,-0.03
-2.08688e-03,0.03,0.05
-2.08680e-03,0.03,-0.03
-2.08672e-03,0.03,0.05
-2.08664e-03,0.03,-0.01
-2.08656e-03,0.03,0.05
-2.08648e-03,0.01,-0.01
-2.08640e-03,0.05,0.05
-2.08632e-03,0.03,-0.01
-2.08624e-03,0.03,0.05
-2.08616e-03,0.03,-0.01
-2.08608e-03,0.03,0.07
-2.08600e-03,0.03,-0.01
-2.08592e-03,0.01,0.05
-2.08584e-03,0.03,-0.03
-2.08576e-03,0.01,0.05
-2.08568e-03,0.01,-0.01
-2.08560e-03,0.03,0.05
-2.08552e-03,0.03,-0.03
-2.08544e-03,0.03,0.05
-2.08536e-03,0.03,-0.05
-2.08528e-03,0.03,0.05
-2.08520e-03,0.01,-0.01
-2.08512e-03,0.03,0.05
-2.08504e-03,0.03,-0.01
-2.08496e-03,0.05,0.05
-2.08488e-03,0.03,-0.03
-2.08480e-03,0.03,0.05
-2.08472e-03,0.03,-0.03
-2.08464e-03,0.01,0.05
-2.08456e-03,0.03,-0.03
-2.08448e-03,0.03,0.05
-2.08440e-03,0.05,-0.03
-2.08432e-03,0.01,0.07
-2.08424e-03,0.01,-0.03
-2.08416e-03,0.01,0.05
-2.08408e-03,0.03,-0.03
-2.08400e-03,0.03,0.05
-2.08392e-03,0.03,-0.01
-2.08384e-03,0.01,0.05
-2.08376e-03,0.05,-0.03
-2.08368e-03,0.01,0.05
-2.08360e-03,0.03,-0.03
-2.08352e-03,0.03,0.07
-2.08344e-03,0.03,-0.01
-2.08336e-03,0.05,0.05
-2.08328e-03,0.03,-0.03
-2.08320e-03,0.03,0.05
-2.08312e-03,0.03,-0.01
-2.08304e-03,-0.01,0.07
-2.08296e-03,0.03,-0.03
-2.08288e-03,0.03,0.05
-2.08280e-03,0.03,-0.01
-2.08272e-03,0.03,0.05
-2.08264e-03,0.03,-0.01
-2.08256e-03,0.03,0.05
-2.08248e-03,0.03,-0.01
-2.08240e-03,0.05,0.05
-2.08232e-03,0.01,-0.03
-2.08224e-03,0.03,0.05
-2.08216e-03,0.03,-0.01
-2.08208e-03,0.03,0.05
-2.08200e-03,0.03,-0.01
-2.08192e-03,0.03,0.05
-2.08184e-03,0.03,-0.01
-2.08176e-03,-0.01,0.05
-2.08168e-03,0.03,-0.03
-2.08160e-03,0.01,0.05
-2.08152e-03,0.03,-0.03
-2.08144e-03,0.03,0.05
-2.08136e-03,0.01,-0.03
-2.08128e-03,0.03,0.05
-2.08120e-03,0.03,-0.03
-2.08112e-03,0.03,0.05
-2.08104e-03,0.01,-0.01
-2.08096e-03,0.03,0.05
-2.08088e-03,0.01,-0.01
-2.08080e-03,0.03,0.05
-2.08072e-03,0.03,-0.03
-2.08064e-03,0.03,0.05
-2.08056e-03,0.03,-0.01
-2.08048e-03,0.01,0.05
-2.08040e-03,0.05,-0.03
-2.08032e-03,0.01,0.05
-2.08024e-03,0.03,-0.03
-2.08016e-03,0.03,0.05
-2.08008e-03,0.01,-0.03
-2.08000e-03,0.03,0.05
-2.07992e-03,0.01,-0.03
-2.07984e-03,0.03,0.05
-2.07976e-03,0.01,-0.01
-2.07968e-03,0.03,0.03
-2.07960e-03,0.01,-0.03
-2.07952e-03,0.03,0.05
-2.07944e-03,0.01,-0.03
-2.07936e-03,0.03,0.05
-2.07928e-03,0.05,-0.01
-2.07920e-03,0.01,0.05
-2.07912e-03,0.03,-0.03
-2.07904e-03,0.03,0.05
-2.07896e-03,0.05,-0.03
-2.07888e-03,-0.01,0.05
-2.07880e-03,0.05,-0.03
-2.07872e-03,0.03,0.05
-2.07864e-03,0.05,-0.03
-2.07856e-03,0.01,0.05
-2.07848e-03,-0.01,-0.03
-2.07840e-03,0.03,0.07
-2.07832e-03,0.01,-0.03
-2.07824e-03,0.05,0.05
-2.07816e-03,0.01,-0.03
-2.07808e-03,0.01,0.05
-2.07800e-03,0.03,-0.01
-2.07792e-03,0.01,0.05
-2.07784e-03,0.03,-0.03
-2.07776e-03,0.01,0.05
-2.07768e-03,0.03,-0.03
-2.07760e-03,0.01,0.05
-2.07752e-03,0.03,-0.01
-2.07744e-03,0.01,0.05
-2.07736e-03,0.01,-0.03
-2.07728e-03,0.05,0.05
-2.07720e-03,0.01,-0.03
-2.07712e-03,0.03,0.05
-2.07704e-03,0.03,-0.03
-2.07696e-03,0.03,0.05
-2.07688e-03,0.03,-0.03
-2.07680e-03,0.01,0.05
-2.07672e-03,0.03,-0.03
-2.07664e-03,0.03,0.05
-2.07656e-03,0.03,-0.03
-2.07648e-03,-0.01,0.07
-2.07640e-03,-0.03,-0.05
-2.07632e-03,0.03,0.07
-2.07624e-03,0.05,-0.09
-2.07616e-03,0.01,0.07
-2.07608e-03,0.03,-0.07
-2.07600e-03,0.03,0.05
-2.07592e-03,0.03,-0.03
-2.07584e-03,0.03,0.05
-2.07576e-03,0.01,-0.01
-2.07568e-03,0.03,0.05
-2.07560e-03,0.03,-0.03
-2.07552e-03,0.01,0.05
-2.07544e-03,0.03,-0.03
-2.07536e-03,0.01,0.05
-2.07528e-03,0.03,-0.03
-2.07520e-03,0.03,0.05
-2.07512e-03,0.03,-0.03
-2.07504e-03,0.03,0.05
-2.07496e-03,0.03,-0.01
-2.07488e-03,0.03,0.05
-2.07480e-03,0.03,-0.03
-2.07472e-03,0.03,0.05
-2.07464e-03,0.03,-0.01
-2.07456e-03,0.03,0.05
-2.07448e-03,0.01,-0.01
-2.07440e-03,0.05,0.05
-2.07432e-03,0.01,-0.03
-2.07424e-03,0.03,0.05
-2.07416e-03,0.01,-0.03
-2.07408e-03,0.03,0.05
-2.07400e-03,0.03,-0.01
-2.07392e-03,0.01,0.05
-2.07384e-03,0.03,-0.01
-2.07376e-03,0.03,0.05
-2.07368e-03,0.03,-0.01
-2.07360e-03,0.03,0.05
-2.07352e-03,0.01,-0.01
-2.07344e-03,0.03,0.05
-2.07336e-03,0.01,-0.01
-2.07328e-03,0.01,0.05
-2.07320e-03,0.03,-0.03
-2.07312e-03,0.03,0.03
-2.07304e-03,0.01,-0.03
-2.07296e-03,0.03,0.05
-2.07288e-03,0.03,-0.01
-2.07280e-03,0.03,0.05
-2.07272e-03,0.03,-0.01
-2.07264e-03,0.01,0.05
-2.07256e-03,0.05,-0.03
-2.07248e-03,0.01,0.05
-2.07240e-03,0.05,-0.01
-2.07232e-03,0.03,0.05
-2.07224e-03,0.03,-0.03
-2.07216e-03,0.03,0.05
-2.07208e-03,0.03,-0.01
-2.07200e-03,0.03,0.05
-2.07192e-03,0.01,-0.01
-2.07184e-03,0.01,0.05
-2.07176e-03,0.03,-0.01
-2.07168e-03,0.03,0.05
-2.07160e-03,0.01,-0.01
-2.07152e-03,0.03,0.05
-2.07144e-03,0.03,-0.01
-2.07136e-03,0.03,0.05
-2.07128e-03,0.03,-0.03
-2.07120e-03,0.03,0.05
-2.07112e-03,0.03,-0.01
-2.07104e-03,0.01,0.05
-2.07096e-03,0.03,-0.01
-2.07088e-03,0.03,0.05
-2.07080e-03,0.05,-0.01
-2.07072e-03,0.03,0.05
-2.07064e-03,0.03,-0.01
-2.07056e-03,0.03,0.05
-2.07048e-03,0.03,-0.01
-2.07040e-03,0.01,0.05
-2.07032e-03,0.01,-0.03
-2.07024e-03,0.03,0.05
-2.07016e-03,0.03,-0.01
-2.07008e-03,0.03,0.05
-2.07000e-03,0.01,-0.01
-2.06992e-03,0.03,0.05
-2.06984e-03,0.03,-0.01
-2.06976e-03,0.03,0.05
-2.06968e-03,0.07,-0.01
-2.06960e-03,-0.01,0.05
-2.06952e-03,0.05,-0.05
-2.06944e-03,0.03,0.13
-2.06936e-03,0.03,-0.05
-2.06928e-03,0.01,0.07
-2.06920e-03,0.05,-0.01
-2.06912e-03,0.05,0.07
-2.06904e-03,0.03,-0.03
-2.06896e-03,0.01,0.07
-2.06888e-03,0.03,-0.03
-2.06880e-03,0.03,0.07
-2.06872e-03,0.03,-0.01
-2.06864e-03,0.03,0.05
-2.06856e-03,0.01,-0.03
-2.06848e-03,0.03,0.05
-2.06840e-03,0.03,-0.03
-2.06832e-03,0.01,0.05
-2.06824e-03,0.03,-0.03
-2.06816e-03,0.01,0.05
-2.06808e-03,0.03,-0.01
-2.06800e-03,0.03,0.05
-2.06792e-03,0.03,-0.01
-2.06784e-03,0.05,0.05
-2.06776e-03,0.03,-0.01
-2.06768e-03,0.05,0.05
-2.06760e-03,0.03,-0.03
-2.06752e-03,0.03,0.05
-2.06744e-03,0.03,-0.01
-2.06736e-03,0.03,0.05
-2.06728e-03,0.03,-0.01
-2.06720e-03,0.03,0.07
-2.06712e-03,0.03,-0.01
-2.06704e-03,0.01,0.07
-2.06696e-03,0.03,-0.01
-2.06688e-03,0.01,0.07
-2.06680e-03,0.03,-0.01
-2.06672e-03,0.03,0.07
-2.06664e-03,0.01,-0.03
-2.06656e-03,0.05,0.07
-2.06648e-03,0.01,-0.01
-2.06640e-03,0.03,0.05
-2.06632e-03,0.03,-0.01
-2.06624e-03,0.03,0.05
-2.06616e-03,0.01,-0.01
-2.06608e-03,0.01,0.05
-2.06600e-03,0.01,-0.01
-2.06592e-03,0.03,0.05
-2.06584e-03,0.01,-0.01
-2.06576e-03,0.01,0.05
-2.06568e-03,0.03,-0.03
-2.06560e-03,0.01,0.05
-2.06552e-03,0.03,-0.01
-2.06544e-03,0.03,0.05
-2.06536e-03,0.03,-0.01
-2.06528e-03,0.03,0.05
-2.06520e-03,-0.01,-0.01
-2.06512e-03,0.03,0.05
-2.06504e-03,0.01,-0.03
-2.06496e-03,0.03,0.05
-2.06488e-03,0.03,-0.03
-2.06480e-03,0.03,0.05
-2.06472e-03,0.03,-0.03
-2.06464e-03,0.03,0.05
-2.06456e-03,0.03,-0.03
-2.06448e-03,0.01,0.05
-2.06440e-03,0.05,-0.01
-2.06432e-03,0.01,0.05
-2.06424e-03,0.05,-0.03
-2.06416e-03,0.03,0.07
-2.06408e-03,0.03,-0.01
-2.06400e-03,0.03,0.05
-2.06392e-03,0.01,-0.01
-2.06384e-03,0.07,0.05
-2.06376e-03,0.01,-0.01
-2.06368e-03,0.03,0.07
-2.06360e-03,0.03,-0.03
-2.06352e-03,0.05,0.05
-2.06344e-03,0.03,-0.03
-2.06336e-03,0.03,0.05
-2.06328e-03,0.03,-0.03
-2.06320e-03,0.01,0.05
-2.06312e-03,0.05,-0.03
-2.06304e-03,0.01,0.05
-2.06296e-03,0.01,-0.03
-2.06288e-03,0.03,0.05
-2.06280e-03,0.03,-0.03
-2.06272e-03,0.05,0.07
-2.06264e-03,0.01,-0.03
-2.06256e-03,0.05,0.05
-2.06248e-03,0.03,-0.01
-2.06240e-03,0.03,0.05
-2.06232e-03,0.03,-0.03
-2.06224e-03,0.03,0.05
-2.06216e-03,0.03,-0.03
-2.06208e-03,0.03,0.05
-2.06200e-03,0.03,-0.01
-2.06192e-03,0.03,0.05
-2.06184e-03,0.03,-0.01
-2.06176e-03,0.03,0.05
-2.06168e-03,0.03,-0.01
-2.06160e-03,0.01,0.05
-2.06152e-03,0.03,-0.03
-2.06144e-03,0.05,0.05
-2.06136e-03,0.03,-0.01
-2.06128e-03,0.03,0.05
-2.06120e-03,-0.01,-0.03
-2.06112e-03,0.03,0.07
-2.06104e-03,0.01,-0.03
-2.06096e-03,0.05,0.07
-2.06088e-03,0.03,-0.03
-2.06080e-03,0.05,0.05
-2.06072e-03,0.03,-0.01
-2.06064e-03,0.03,0.05
-2.06056e-03,0.03,-0.01
-2.06048e-03,0.03,0.05
-2.06040e-03,0.03,-0.01
-2.06032e-03,0.03,0.05
-2.06024e-03,0.03,-0.01
-2.06016e-03,0.03,0.05
-2.06008e-03,0.03,-0.03
-2.06000e-03,0.03,0.05
-2.05992e-03,0.03,-0.01
-2.05984e-03,0.01,0.05
-2.05976e-03,0.03,-0.01
-2.05968e-03,0.03,0.05
-2.05960e-03,0.05,-0.01
-2.05952e-03,0.01,0.05
-2.05944e-03,0.01,-0.03
-2.05936e-03,0.03,0.07
-2.05928e-03,0.03,-0.03
-2.05920e-03,0.01,0.05
-2.05912e-03,0.03,-0.03
-2.05904e-03,0.01,0.05
-2.05896e-03,0.03,-0.03
-2.05888e-03,0.01,0.03
-2.05880e-03,0.03,-0.01
-2.05872e-03,0.03,0.05
-2.05864e-03,0.03,-0.03
-2.05856e-03,0.03,0.07
-2.05848e-03,0.01,-0.01
-2.05840e-03,0.03,0.05
-2.05832e-03,0.01,-0.03
-2.05824e-03,0.01,0.05
-2.05816e-03,0.03,-0.01
-2.05808e-03,0.03,0.07
-2.05800e-03,0.03,-0.03
-2.05792e-03,0.03,0.05
-2.05784e-03,0.03,-0.03
-2.05776e-03,-0.01,0.05
-2.05768e-03,0.03,-0.03
-2.05760e-03,0.03,0.05
-2.05752e-03,0.03,-0.03
-2.05744e-03,0.03,0.05
-2.05736e-03,0.01,-0.01
-2.05728e-03,0.03,0.05
-2.05720e-03,0.01,-0.03
-2.05712e-03,0.03,0.05
-2.05704e-03,0.03,-0.01
-2.05696e-03,0.03,0.05
-2.05688e-03,0.01,-0.03
-2.05680e-03,0.05,0.05
-2.05672e-03,0.03,-0.01
-2.05664e-03,0.03,0.05
-2.05656e-03,0.05,-0.03
-2.05648e-03,0.01,0.05
-2.05640e-03,0.03,-0.01
-2.05632e-03,0.01,0.05
-2.05624e-03,0.03,-0.03
-2.05616e-03,0.03,0.05
-2.05608e-03,0.01,-0.01
-2.05600e-03,0.03,0.05
-2.05592e-03,0.01,-0.01
-2.05584e-03,0.03,0.05
-2.05576e-03,0.03,-0.03
-2.05568e-03,0.03,0.05
-2.05560e-03,0.01,-0.01
-2.05552e-03,0.03,0.05
-2.05544e-03,0.03,-0.01
-2.05536e-03,0.03,0.05
-2.05528e-03,0.03,-0.01
-2.05520e-03,-0.01,0.05
-2.05512e-03,0.03,-0.03
-2.05504e-03,0.03,0.05
-2.05496e-03,0.05,-0.03
-2.05488e-03,0.03,0.05
-2.05480e-03,0.03,-0.01
-2.05472e-03,0.03,0.05
-2.05464e-03,0.03,-0.01
-2.05456e-03,0.03,0.05
-2.05448e-03,0.01,-0.01
-2.05440e-03,0.03,0.05
-2.05432e-03,0.01,-0.01
-2.05424e-03,0.03,0.07
-2.05416e-03,0.01,-0.01
-2.05408e-03,0.03,0.05
-2.05400e-03,0.01,-0.03
-2.05392e-03,0.03,0.07
-2.05384e-03,0.03,-0.03
-2.05376e-03,0.03,0.07
-2.05368e-03,0.03,-0.03
-2.05360e-03,0.01,0.05
-2.05352e-03,0.03,-0.03
-2.05344e-03,0.01,0.07
-2.05336e-03,0.03,-0.03
-2.05328e-03,0.01,0.05
-2.05320e-03,0.03,-0.03
-2.05312e-03,0.03,0.07
-2.05304e-03,0.01,-0.03
-2.05296e-03,0.03,0.05
-2.05288e-03,0.03,-0.03
-2.05280e-03,0.01,0.05
-2.05272e-03,0.03,-0.03
-2.05264e-03,0.03,0.05
-2.05256e-03,0.03,-0.03
-2.05248e-03,0.03,0.05
-2.05240e-03,0.03,-0.01
-2.05232e-03,0.03,0.05
-2.05224e-03,0.03,-0.01
-2.05216e-03,0.03,0.05
-2.05208e-03,0.03,-0.03
-2.05200e-03,0.05,0.05
-2.05192e-03,0.03,-0.01
-2.05184e-03,0.03,0.05
-2.05176e-03,0.01,-0.01
-2.05168e-03,0.03,0.05
-2.05160e-03,0.01,-0.01
-2.05152e-03,0.03,0.05
-2.05144e-03,0.01,-0.01
-2.05136e-03,0.03,0.05
-2.05128e-03,0.03,-0.03
-2.05120e-03,0.01,0.05
-2.05112e-03,0.05,-0.01
-2.05104e-03,0.03,0.05
-2.05096e-03,0.03,-0.01
-2.05088e-03,0.01,0.05
-2.05080e-03,0.03,-0.01
-2.05072e-03,0.03,0.05
-2.05064e-03,0.01,-0.01
-2.05056e-03,0.03,0.05
-2.05048e-03,0.01,-0.03
-2.05040e-03,0.05,0.05
-2.05032e-03,0.01,-0.01
-2.05024e-03,0.03,0.05
-2.05016e-03,0.03,-0.01
-2.05008e-03,0.01,0.05
-2.05000e-03,0.03,-0.03
-2.04992e-03,0.01,0.07
-2.04984e-03,0.05,-0.01
-2.04976e-03,0.01,0.05
-2.04968e-03,0.03,-0.03
-2.04960e-03,0.01,0.05
-2.04952e-03,0.03,-0.01
-2.04944e-03,0.03,0.05
-2.04936e-03,0.03,-0.01
-2.04928e-03,0.03,0.05
-2.04920e-03,0.03,-0.01
-2.04912e-03,0.03,0.05
-2.04904e-03,0.01,-0.03
-2.04896e-03,0.03,0.05
-2.04888e-03,0.03,-0.01
-2.04880e-03,0.03,0.05
-2.04872e-03,0.03,-0.03
-2.04864e-03,0.01,0.05
-2.04856e-03,0.03,-0.03
-2.04848e-03,0.03,0.07
-2.04840e-03,0.05,-0.01
-2.04832e-03,0.03,0.07
-2.04824e-03,0.03,-0.01
-2.04816e-03,0.01,0.05
-2.04808e-03,0.03,-0.03
-2.04800e-03,0.05,0.05
-2.04792e-03,0.03,-0.01
-2.04784e-03,0.03,0.05
-2.04776e-03,0.01,-0.01
-2.04768e-03,0.05,0.05
-2.04760e-03,0.01,-0.01
-2.04752e-03,0.03,0.05
-2.04744e-03,0.03,-0.01
-2.04736e-03,0.03,0.05
-2.04728e-03,0.03,-0.01
-2.04720e-03,0.01,0.05
-2.04712e-03,0.03,-0.03
-2.04704e-03,0.01,0.05
-2.04696e-03,0.03,-0.01
-2.04688e-03,0.01,0.05
-2.04680e-03,0.03,-0.01
-2.04672e-03,0.01,0.05
-2.04664e-03,0.03,-0.03
-2.04656e-03,0.03,0.05
-2.04648e-03,0.03,-0.01
-2.04640e-03,0.05,0.07
-2.04632e-03,0.03,-0.03
-2.04624e-03,0.03,0.05
-2.04616e-03,0.03,-0.01
-2.04608e-03,0.05,0.05
-2.04600e-03,0.01,-0.03
-2.04592e-03,0.01,0.07
-2.04584e-03,0.01,-0.03
-2.04576e-03,0.01,0.07
-2.04568e-03,0.05,-0.03
-2.04560e-03,-0.01,0.07
-2.04552e-03,0.05,-0.03
-2.04544e-03,0.01,0.05
-2.04536e-03,0.03,-0.03
-2.04528e-03,0.03,0.05
-2.04520e-03,0.01,-0.03
-2.04512e-03,0.03,0.05
-2.04504e-03,0.03,-0.03
-2.04496e-03,0.05,0.07
-2.04488e-03,0.01,-0.03
-2.04480e-03,0.03,0.07
-2.04472e-03,0.03,-0.03
-2.04464e-03,0.03,0.05
-2.04456e-03,0.03,-0.01
-2.04448e-03,0.03,0.05
-2.04440e-03,0.03,-0.03
-2.04432e-03,0.01,0.05
-2.04424e-03,0.03,-0.03
-2.04416e-03,0.01,0.05
-2.04408e-03,0.03,-0.03
-2.04400e-03,0.03,0.05
-2.04392e-03,0.01,-0.03
-2.04384e-03,0.05,0.05
-2.04376e-03,0.01,-0.03
-2.04368e-03,0.03,0.05
-2.04360e-03,0.03,-0.03
-2.04352e-03,0.03,0.05
-2.04344e-03,0.01,-0.03
-2.04336e-03,0.03,0.05
-2.04328e-03,0.01,-0.03
-2.04320e-03,0.03,0.05
-2.04312e-03,0.03,-0.01
-2.04304e-03,0.01,0.05
-2.04296e-03,0.03,-0.03
-2.04288e-03,0.03,0.05
-2.04280e-03,0.03,-0.03
-2.04272e-03,0.05,0.05
-2.04264e-03,0.03,-0.03
-2.04256e-03,0.03,0.05
-2.04248e-03,0.03,-0.03
-2.04240e-03,0.03,0.05
-2.04232e-03,0.03,-0.01
-2.04224e-03,0.03,0.05
-2.04216e-03,0.03,-0.03
-2.04208e-03,0.03,0.05
-2.04200e-03,0.05,-0.01
-2.04192e-03,0.01,0.05
-2.04184e-03,0.03,-0.01
-2.04176e-03,0.01,0.05
-2.04168e-03,0.05,-0.01
-2.04160e-03,0.01,0.05
-2.04152e-03,0.01,-0.03
-2.04144e-03,0.03,0.05
-2.04136e-03,0.01,-0.03
-2.04128e-03,0.03,0.05
-2.04120e-03,0.01,-0.03
-2.04112e-03,0.03,0.05
-2.04104e-03,0.03,-0.01
-2.04096e-03,0.03,0.05
-2.04088e-03,0.03,-0.01
-2.04080e-03,0.03,0.07
-2.04072e-03,0.03,-0.01
-2.04064e-03,0.03,0.05
-2.04056e-03,0.03,-0.01
-2.04048e-03,0.03,0.05
-2.04040e-03,0.03,-0.03
-2.04032e-03,0.01,0.05
-2.04024e-03,0.03,-0.03
-2.04016e-03,0.01,0.05
-2.04008e-03,0.03,-0.03
-2.04000e-03,0.03,0.05
-2.03992e-03,0.01,-0.01
-2.03984e-03,0.03,0.05
-2.03976e-03,0.03,-0.01
-2.03968e-03,0.05,0.05
-2.03960e-03,0.01,-0.03
-2.03952e-03,0.05,0.05
-2.03944e-03,0.03,-0.03
-2.03936e-03,0.03,0.05
-2.03928e-03,0.03,-0.03
-2.03920e-03,0.01,0.07
-2.03912e-03,0.05,-0.03
-2.03904e-03,0.01,0.05
-2.03896e-03,0.03,-0.03
-2.03888e-03,0.03,0.05
-2.03880e-03,0.03,-0.03
-2.03872e-03,0.01,0.05
-2.03864e-03,0.01,-0.03
-2.03856e-03,0.03,0.05
-2.03848e-03,0.05,-0.03
-2.03840e-03,0.05,0.07
-2.03832e-03,0.01,-0.03
-2.03824e-03,0.05,0.07
-2.03816e-03,0.01,-0.03
-2.03808e-03,0.05,0.05
-2.03800e-03,0.01,-0.03
-2.03792e-03,0.03,0.07
-2.03784e-03,0.05,-0.05
-2.03776e-03,0.01,0.05
-2.03768e-03,0.05,-0.03
-2.03760e-03,0.03,0.05
-2.03752e-03,0.03,-0.01
-2.03744e-03,0.01,0.07
-2.03736e-03,0.01,-0.01
-2.03728e-03,0.03,0.05
-2.03720e-03,0.03,-0.01
-2.03712e-03,0.03,0.05
-2.03704e-03,0.01,-0.03
-2.03696e-03,0.05,0.05
-2.03688e-03,0.01,-0.03
-2.03680e-03,0.05,0.05
-2.03672e-03,0.01,-0.01
-2.03664e-03,0.03,0.05
-2.03656e-03,0.03,-0.01
-2.03648e-03,0.03,0.05
-2.03640e-03,0.03,-0.01
-2.03632e-03,0.01,0.05
-2.03624e-03,0.03,-0.01
-2.03616e-03,0.03,0.05
-2.03608e-03,0.03,-0.03
-2.03600e-03,0.01,0.05
-2.03592e-03,0.03,-0.01
-2.03584e-03,0.03,0.05
-2.03576e-03,0.01,-0.01
-2.03568e-03,0.05,0.07
-2.03560e-03,0.03,-0.01
-2.03552e-03,0.03,0.05
-2.03544e-03,0.03,-0.01
-2.03536e-03,0.03,0.05
-2.03528e-03,0.03,-0.01
-2.03520e-03,0.01,0.05
-2.03512e-03,0.03,-0.03
-2.03504e-03,0.03,0.05
-2.03496e-03,0.03,-0.01
-2.03488e-03,0.03,0.05
-2.03480e-03,0.03,-0.01
-2.03472e-03,0.01,0.05
-2.03464e-03,0.03,-0.03
-2.03456e-03,0.05,0.05
-2.03448e-03,0.01,-0.01
-2.03440e-03,0.03,0.05
-2.03432e-03,-0.01,-0.01
-2.03424e-03,0.05,0.05
-2.03416e-03,0.03,-0.03
-2.03408e-03,0.05,0.07
-2.03400e-03,0.03,-0.01
-2.03392e-03,0.01,0.05
-2.03384e-03,0.01,-0.01
-2.03376e-03,0.05,0.07
-2.03368e-03,0.03,-0.01
-2.03360e-03,0.01,0.05
-2.03352e-03,0.03,-0.01
-2.03344e-03,0.05,0.05
-2.03336e-03,-0.01,-0.01
-2.03328e-03,0.01,0.07
-2.03320e-03,0.03,-0.03
-2.03312e-03,0.03,0.05
-2.03304e-03,0.01,-0.03
-2.03296e-03,0.03,0.05
-2.03288e-03,0.03,-0.01
-2.03280e-03,0.03,0.05
-2.03272e-03,0.01,-0.01
-2.03264e-03,0.01,0.05
-2.03256e-03,0.03,-0.01
-2.03248e-03,0.03,0.05
-2.03240e-03,0.03,-0.01
-2.03232e-03,0.03,0.05
-2.03224e-03,0.05,-0.03
-2.03216e-03,0.01,0.05
-2.03208e-03,0.03,-0.01
-2.03200e-03,0.03,0.05
-2.03192e-03,0.01,-0.01
-2.03184e-03,0.03,0.05
-2.03176e-03,-0.01,-0.01
-2.03168e-03,0.03,0.05
-2.03160e-03,0.01,-0.03
-2.03152e-03,0.03,0.07
-2.03144e-03,0.03,-0.01
-2.03136e-03,0.03,0.05
-2.03128e-03,0.05,-0.01
-2.03120e-03,0.03,0.05
-2.03112e-03,0.03,-0.01
-2.03104e-03,0.03,0.05
-2.03096e-03,0.05,-0.03
-2.03088e-03,0.03,0.05
-2.03080e-03,0.03,-0.01
-2.03072e-03,0.05,0.05
-2.03064e-03,0.01,-0.03
-2.03056e-03,0.01,0.05
-2.03048e-03,-0.01,-0.03
-2.03040e-03,0.03,0.07
-2.03032e-03,0.01,-0.03
-2.03024e-03,0.03,0.05
-2.03016e-03,0.01,-0.01
-2.03008e-03,0.03,0.05
-2.03000e-03,0.05,-0.01
-2.02992e-03,0.03,0.07
-2.02984e-03,0.03,-0.03
-2.02976e-03,0.01,0.05
-2.02968e-03,0.05,-0.03
-2.02960e-03,0.03,0.05
-2.02952e-03,0.05,-0.01
-2.02944e-03,0.03,0.05
-2.02936e-03,0.03,-0.01
-2.02928e-03,0.03,0.05
-2.02920e-03,0.03,-0.01
-2.02912e-03,0.03,0.05
-2.02904e-03,0.03,-0.01
-2.02896e-03,0.03,0.05
-2.02888e-03,0.03,-0.01
-2.02880e-03,0.03,0.05
-2.02872e-03,0.05,-0.01
-2.02864e-03,0.03,0.05
-2.02856e-03,0.03,-0.01
-2.02848e-03,0.01,0.05
-2.02840e-03,0.05,-0.01
-2.02832e-03,0.03,0.05
-2.02824e-03,0.03,-0.01
-2.02816e-03,0.03,0.05
-2.02808e-03,0.03,-0.03
-2.02800e-03,0.03,0.05
-2.02792e-03,0.01,-0.03
-2.02784e-03,0.03,0.05
-2.02776e-03,0.03,-0.01
-2.02768e-03,0.03,0.05
-2.02760e-03,0.01,-0.03
-2.02752e-03,0.01,0.05
-2.02744e-03,0.03,-0.01
-2.02736e-03,0.01,0.05
-2.02728e-03,0.03,-0.03
-2.02720e-03,0.01,0.05
-2.02712e-03,0.03,-0.03
-2.02704e-03,0.01,0.05
-2.02696e-03,0.05,-0.01
-2.02688e-03,0.01,0.05
-2.02680e-03,0.03,-0.03
-2.02672e-03,0.03,0.05
-2.02664e-03,0.01,-0.01
-2.02656e-03,0.03,0.05
-2.02648e-03,0.03,-0.03
-2.02640e-03,0.03,0.07
-2.02632e-03,0.01,-0.01
-2.02624e-03,-0.01,0.05
-2.02616e-03,0.03,-0.07
-2.02608e-03,0.03,0.07
-2.02600e-03,0.01,-0.05
-2.02592e-03,0.01,0.05
-2.02584e-03,0.03,-0.01
-2.02576e-03,0.03,0.03
-2.02568e-03,0.03,-0.01
-2.02560e-03,0.01,0.05
-2.02552e-03,0.03,-0.01
-2.02544e-03,0.03,0.05
-2.02536e-03,0.01,-0.01
-2.02528e-03,0.03,0.05
-2.02520e-03,0.03,-0.03
-2.02512e-03,0.03,0.03
-2.02504e-03,0.01,-0.03
-2.02496e-03,0.03,0.05
-2.02488e-03,0.03,-0.03
-2.02480e-03,0.01,0.05
-2.02472e-03,0.03,-0.03
-2.02464e-03,0.01,0.05
-2.02456e-03,0.03,-0.01
-2.02448e-03,0.03,0.05
-2.02440e-03,0.03,-0.01
-2.02432e-03,0.01,0.05
-2.02424e-03,0.05,-0.01
-2.02416e-03,0.03,0.05
-2.02408e-03,0.03,-0.01
-2.02400e-03,0.03,0.05
-2.02392e-03,0.01,-0.01
-2.02384e-03,0.05,0.05
-2.02376e-03,0.01,-0.03
-2.02368e-03,0.03,0.05
-2.02360e-03,0.03,-0.01
-2.02352e-03,0.05,0.05
-2.02344e-03,0.05,-0.01
-2.02336e-03,0.01,0.07
-2.02328e-03,0.03,-0.03
-2.02320e-03,0.01,0.07
-2.02312e-03,0.05,-0.01
-2.02304e-03,0.01,0.05
-2.02296e-03,0.05,-0.01
-2.02288e-03,0.03,0.05
-2.02280e-03,0.03,-0.03
-2.02272e-03,0.03,0.05
-2.02264e-03,0.03,-0.01
-2.02256e-03,0.03,0.05
-2.02248e-03,0.03,-0.01
-2.02240e-03,0.03,0.05
-2.02232e-03,0.01,-0.01
-2.02224e-03,0.05,0.05
-2.02216e-03,0.03,-0.03
-2.02208e-03,0.03,0.05
-2.02200e-03,0.01,-0.01
-2.02192e-03,0.01,0.05
-2.02184e-03,0.03,-0.01
-2.02176e-03,0.01,0.05
-2.02168e-03,0.03,-0.01
-2.02160e-03,0.03,0.05
-2.02152e-03,0.03,-0.01
-2.02144e-03,0.03,0.05
-2.02136e-03,0.03,-0.01
-2.02128e-03,0.03,0.05
-2.02120e-03,0.03,-0.03
-2.02112e-03,0.03,0.05
-2.02104e-03,0.01,-0.01
-2.02096e-03,0.03,0.05
-2.02088e-03,0.05,-0.01
-2.02080e-03,0.01,0.05
-2.02072e-03,0.01,-0.01
-2.02064e-03,0.03,0.05
-2.02056e-03,0.03,-0.01
-2.02048e-03,0.03,0.05
-2.02040e-03,0.03,-0.01
-2.02032e-03,0.01,0.05
-2.02024e-03,0.03,-0.01
-2.02016e-03,0.03,0.05
-2.02008e-03,0.01,-0.01
-2.02000e-03,0.03,0.05
-2.01992e-03,0.03,-0.03
-2.01984e-03,0.03,0.05
-2.01976e-03,0.03,-0.01
-2.01968e-03,0.03,0.05
-2.01960e-03,0.09,-0.01
-2.01952e-03,0.03,0.05
-2.01944e-03,0.01,-0.05
-2.01936e-03,0.03,0.13
-2.01928e-03,0.05,-0.03
-2.01920e-03,0.01,0.09
-2.01912e-03,0.03,-0.03
-2.01904e-03,0.03,0.05
-2.01896e-03,0.05,-0.03
-2.01888e-03,0.03,0.05
-2.01880e-03,0.03,-0.03
-2.01872e-03,0.01,0.05
-2.01864e-03,0.03,-0.01
-2.01856e-03,0.03,0.07
-2.01848e-03,0.03,-0.01
-2.01840e-03,0.03,0.05
-2.01832e-03,0.03,-0.01
-2.01824e-03,0.03,0.05
-2.01816e-03,0.03,-0.01
-2.01808e-03,0.03,0.05
-2.01800e-03,0.03,-0.01
-2.01792e-03,0.03,0.05
-2.01784e-03,0.05,-0.03
-2.01776e-03,0.01,0.05
-2.01768e-03,0.05,-0.01
-2.01760e-03,0.03,0.05
-2.01752e-03,0.03,-0.03
-2.01744e-03,0.03,0.05
-2.01736e-03,0.03,-0.03
-2.01728e-03,0.03,0.05
-2.01720e-03,0.01,-0.03
-2.01712e-03,0.03,0.05
-2.01704e-03,0.01,-0.01
-2.01696e-03,0.05,0.05
-2.01688e-03,0.03,-0.01
-2.01680e-03,0.03,0.05
-2.01672e-03,0.05,-0.01
-2.01664e-03,0.03,0.05
-2.01656e-03,0.03,-0.03
-2.01648e-03,0.03,0.05
-2.01640e-03,0.05,-0.01
-2.01632e-03,0.03,0.05
-2.01624e-03,0.03,-0.01
-2.01616e-03,0.03,0.05
-2.01608e-03,0.03,-0.03
-2.01600e-03,0.03,0.05
-2.01592e-03,0.03,-0.01
-2.01584e-03,0.03,0.05
-2.01576e-03,0.03,-0.01
-2.01568e-03,0.03,0.05
-2.01560e-03,0.03,-0.01
-2.01552e-03,0.03,0.05
-2.01544e-03,0.03,-0.03
-2.01536e-03,0.03,0.07
-2.01528e-03,0.05,-0.03
-2.01520e-03,0.03,0.05
-2.01512e-03,0.03,-0.03
-2.01504e-03,0.03,0.05
-2.01496e-03,0.03,-0.03
-2.01488e-03,0.03,0.05
-2.01480e-03,0.03,-0.03
-2.01472e-03,0.03,0.05
-2.01464e-03,0.03,-0.01
-2.01456e-03,0.03,0.07
-2.01448e-03,0.01,-0.01
-2.01440e-03,0.03,0.05
-2.01432e-03,0.01,-0.03
-2.01424e-03,0.03,0.05
-2.01416e-03,0.03,-0.03
-2.01408e-03,0.03,0.05
-2.01400e-03,0.05,-0.03
-2.01392e-03,0.01,0.05
-2.01384e-03,0.03,-0.03
-2.01376e-03,0.03,0.05
-2.01368e-03,0.03,-0.01
-2.01360e-03,0.03,0.07
-2.01352e-03,0.03,-0.03
-2.01344e-03,0.01,0.05
-2.01336e-03,0.01,-0.01
-2.01328e-03,0.03,0.05
-2.01320e-03,0.01,-0.03
-2.01312e-03,0.03,0.05
-2.01304e-03,0.01,-0.03
-2.01296e-03,0.05,0.05
-2.01288e-03,0.01,-0.01
-2.01280e-03,0.03,0.05
-2.01272e-03,0.05,-0.03
-2.01264e-03,0.01,0.05
-2.01256e-03,0.03,-0.03
-2.01248e-03,0.01,0.05
-2.01240e-03,0.03,-0.03
-2.01232e-03,0.03,0.05
-2.01224e-03,0.03,-0.01
-2.01216e-03,0.03,0.05
-2.01208e-03,0.03,-0.01
-2.01200e-03,0.03,0.05
-2.01192e-03,0.01,-0.03
-2.01184e-03,0.03,0.05
-2.01176e-03,0.01,-0.01
-2.01168e-03,0.03,0.05
-2.01160e-03,0.03,-0.01
-2.01152e-03,0.03,0.05
-2.01144e-03,0.03,-0.01
-2.01136e-03,0.01,0.05
-2.01128e-03,0.03,-0.03
-2.01120e-03,0.01,0.05
-2.01112e-03,0.03,-0.03
-2.01104e-03,0.01,0.05
-2.01096e-03,0.03,-0.01
-2.01088e-03,0.03,0.05
-2.01080e-03,0.03,-0.03
-2.01072e-03,0.03,0.05
-2.01064e-03,0.01,-0.01
-2.01056e-03,0.03,0.05
-2.01048e-03,0.01,-0.01
-2.01040e-03,0.05,0.05
-2.01032e-03,0.03,-0.01
-2.01024e-03,0.03,0.05
-2.01016e-03,0.03,-0.03
-2.01008e-03,0.01,0.05
-2.01000e-03,0.03,-0.01
-2.00992e-03,0.05,0.05
-2.00984e-03,0.03,-0.01
-2.00976e-03,0.01,0.05
-2.00968e-03,0.05,-0.03
-2.00960e-03,0.03,0.05
-2.00952e-03,0.03,-0.01
-2.00944e-03,0.03,0.05
-2.00936e-03,0.03,-0.01
-2.00928e-03,0.03,0.05
-2.00920e-03,0.01,-0.03
-2.00912e-03,0.03,0.05
-2.00904e-03,0.01,-0.01
-2.00896e-03,0.03,0.05
-2.00888e-03,0.03,-0.03
-2.00880e-03,0.03,0.05
-2.00872e-03,0.03,-0.01
-2.00864e-03,0.03,0.05
-2.00856e-03,0.03,-0.01
-2.00848e-03,0.03,0.05
-2.00840e-03,0.05,-0.03
-2.00832e-03,0.01,0.05
-2.00824e-03,0.01,-0.01
-2.00816e-03,0.03,0.05
-2.00808e-03,0.03,-0.03
-2.00800e-03,0.05,0.07
-2.00792e-03,0.03,-0.03
-2.00784e-03,0.03,0.05
-2.00776e-03,0.01,-0.03
-2.00768e-03,0.01,0.07
-2.00760e-03,0.03,-0.03
-2.00752e-03,0.01,0.05
-2.00744e-03,0.05,-0.01
-2.00736e-03,0.01,0.05
-2.00728e-03,0.05,-0.03
-2.00720e-03,0.03,0.05
-2.00712e-03,0.03,-0.05
-2.00704e-03,0.01,0.07
-2.00696e-03,0.03,-0.03
-2.00688e-03,0.03,0.05
-2.00680e-03,0.03,-0.01
-2.00672e-03,0.03,0.05
-2.00664e-03,0.01,-0.03
-2.00656e-03,0.03,0.05
-2.00648e-03,0.01,-0.03
-2.00640e-03,0.03,0.07
-2.00632e-03,0.03,-0.01
-2.00624e-03,0.03,0.05
-2.00616e-03,0.03,-0.01
-2.00608e-03,0.01,0.05
-2.00600e-03,0.03,-0.03
-2.00592e-03,0.01,0.05
-2.00584e-03,0.03,-0.03
-2.00576e-03,0.03,0.05
-2.00568e-03,0.03,-0.03
-2.00560e-03,0.01,0.05
-2.00552e-03,0.03,-0.01
-2.00544e-03,0.03,0.05
-2.00536e-03,0.03,-0.01
-2.00528e-03,0.03,0.05
-2.00520e-03,0.01,-0.01
-2.00512e-03,0.05,0.05
-2.00504e-03,0.01,-0.03
-2.00496e-03,0.03,0.05
-2.00488e-03,0.01,-0.01
-2.00480e-03,0.03,0.05
-2.00472e-03,0.03,-0.01
-2.00464e-03,0.03,0.05
-2.00456e-03,0.03,-0.03
-2.00448e-03,0.01,0.05
-2.00440e-03,0.03,-0.01
-2.00432e-03,0.01,0.05
-2.00424e-03,0.03,-0.01
-2.00416e-03,0.03,0.05
-2.00408e-03,0.05,-0.01
-2.00400e-03,0.03,0.05
-2.00392e-03,0.01,-0.03
-2.00384e-03,0.05,0.05
-2.00376e-03,0.01,-0.01
-2.00368e-03,0.03,0.05
-2.00360e-03,0.01,-0.03
-2.00352e-03,0.03,0.05
-2.00344e-03,0.03,-0.03
-2.00336e-03,0.03,0.05
-2.00328e-03,0.01,-0.03
-2.00320e-03,0.03,0.05
-2.00312e-03,0.03,-0.03
-2.00304e-03,0.01,0.05
-2.00296e-03,0.03,-0.01
-2.00288e-03,0.01,0.05
-2.00280e-03,0.03,-0.03
-2.00272e-03,0.03,0.05
-2.00264e-03,0.01,-0.03
-2.00256e-03,0.05,0.05
-2.00248e-03,0.01,-0.03
-2.00240e-03,0.03,0.05
-2.00232e-03,0.01,-0.01
-2.00224e-03,0.03,0.05
-2.00216e-03,0.03,-0.01
-2.00208e-03,0.03,0.05
-2.00200e-03,0.03,-0.01
-2.00192e-03,0.03,0.05
-2.00184e-03,0.03,-0.03
-2.00176e-03,0.03,0.05
-2.00168e-03,0.05,-0.01
-2.00160e-03,0.01,0.05
-2.00152e-03,0.03,-0.03
-2.00144e-03,0.03,0.05
-2.00136e-03,0.01,-0.01
-2.00128e-03,0.03,0.07
-2.00120e-03,0.03,-0.03
-2.00112e-03,0.03,0.05
-2.00104e-03,0.01,-0.01
-2.00096e-03,0.05,0.05
-2.00088e-03,0.03,-0.01
-2.00080e-03,0.01,0.05
-2.00072e-03,0.03,-0.03
-2.00064e-03,0.03,0.05
-2.00056e-03,0.01,-0.01
-2.00048e-03,0.03,0.05
-2.00040e-03,0.03,-0.01
-2.00032e-03,0.03,0.05
-2.00024e-03,0.03,-0.03
-2.00016e-03,0.03,0.07
-2.00008e-03,-0.01,-0.03
-2.00000e-03,0.01,0.07
-1.99992e-03,0.01,-0.03
-1.99984e-03,0.01,0.05
-1.99976e-03,0.03,-0.03
-1.99968e-03,0.03,0.05
-1.99960e-03,0.03,-0.03
-1.99952e-03,0.03,0.05
-1.99944e-03,0.03,-0.03
-1.99936e-03,0.03,0.05
-1.99928e-03,0.03,-0.01
-1.99920e-03,0.01,0.05
-1.99912e-03,0.05,-0.03
-1.99904e-03,0.01,0.05
-1.99896e-03,0.05,-0.01
-1.99888e-03,0.03,0.05
-1.99880e-03,0.01,-0.03
-1.99872e-03,0.03,0.07
-1.99864e-03,0.01,-0.03
-1.99856e-03,0.05,0.03
-1.99848e-03,0.01,-0.03
-1.99840e-03,0.01,0.05
-1.99832e-03,0.03,-0.03
-1.99824e-03,0.03,0.05
-1.99816e-03,0.03,-0.03
-1.99808e-03,0.03,0.05
-1.99800e-03,0.03,-0.03
-1.99792e-03,0.01,0.05
-1.99784e-03,0.03,-0.01
-1.99776e-03,0.01,0.05
-1.99768e-03,0.03,-0.03
-1.99760e-03,0.03,0.05
-1.99752e-03,0.03,-0.03
-1.99744e-03,0.01,0.05
-1.99736e-03,0.01,-0.03
-1.99728e-03,0.03,0.05
-1.99720e-03,0.03,-0.01
-1.99712e-03,0.03,0.05
-1.99704e-03,0.01,-0.03
-1.99696e-03,0.05,0.05
-1.99688e-03,0.03,-0.01
-1.99680e-03,0.05,0.05
-1.99672e-03,0.01,-0.03
-1.99664e-03,0.03,0.05
-1.99656e-03,0.03,-0.01
-1.99648e-03,0.01,0.05
-1.99640e-03,0.03,-0.03
-1.99632e-03,0.01,0.05
-1.99624e-03,0.03,-0.01
-1.99616e-03,0.03,0.05
-1.99608e-03,0.01,-0.03
-1.99600e-03,0.03,0.05
-1.99592e-03,0.03,-0.01
-1.99584e-03,0.03,0.05
-1.99576e-03,0.03,-0.01
-1.99568e-03,0.03,0.05
-1.99560e-03,0.01,-0.01
-1.99552e-03,0.03,0.05
-1.99544e-03,0.03,-0.01
-1.99536e-03,0.03,0.05
-1.99528e-03,0.03,-0.01
-1.99520e-03,0.03,0.05
-1.99512e-03,0.03,-0.03
-1.99504e-03,-0.01,0.05
-1.99496e-03,0.03,-0.03
-1.99488e-03,0.03,0.05
-1.99480e-03,0.01,-0.03
-1.99472e-03,0.03,0.05
-1.99464e-03,0.03,-0.03
-1.99456e-03,0.03,0.05
-1.99448e-03,0.03,-0.01
-1.99440e-03,0.05,0.05
-1.99432e-03,0.01,-0.03
-1.99424e-03,0.03,0.05
-1.99416e-03,0.03,-0.03
-1.99408e-03,0.03,0.05
-1.99400e-03,0.03,-0.01
-1.99392e-03,0.01,0.05
-1.99384e-03,0.05,-0.01
-1.99376e-03,0.03,0.05
-1.99368e-03,0.05,-0.01
-1.99360e-03,0.03,0.05
-1.99352e-03,0.03,-0.03
-1.99344e-03,0.03,0.05
-1.99336e-03,0.03,-0.03
-1.99328e-03,0.01,0.05
-1.99320e-03,0.01,-0.01
-1.99312e-03,0.05,0.05
-1.99304e-03,0.01,-0.01
-1.99296e-03,0.03,0.05
-1.99288e-03,-0.01,-0.03
-1.99280e-03,0.03,0.05
-1.99272e-03,0.03,-0.03
-1.99264e-03,0.05,0.07
-1.99256e-03,0.03,-0.03
-1.99248e-03,0.01,0.07
-1.99240e-03,0.03,-0.03
-1.99232e-03,0.03,0.05
-1.99224e-03,0.03,-0.03
-1.99216e-03,0.01,0.07
-1.99208e-03,0.05,-0.03
-1.99200e-03,0.03,0.07
-1.99192e-03,0.03,-0.01
-1.99184e-03,0.03,0.05
-1.99176e-03,0.01,-0.01
-1.99168e-03,0.03,0.05
-1.99160e-03,0.01,-0.03
-1.99152e-03,0.03,0.05
-1.99144e-03,0.03,-0.01
-1.99136e-03,0.03,0.05
-1.99128e-03,0.03,-0.01
-1.99120e-03,0.01,0.05
-1.99112e-03,0.03,-0.01
-1.99104e-03,0.03,0.05
-1.99096e-03,0.03,-0.01
-1.99088e-03,0.03,0.05
-1.99080e-03,0.01,-0.01
-1.99072e-03,0.03,0.07
-1.99064e-03,0.03,-0.03
-1.99056e-03,0.03,0.05
-1.99048e-03,0.01,-0.03
-1.99040e-03,0.05,0.05
-1.99032e-03,-0.01,-0.03
-1.99024e-03,0.03,0.05
-1.99016e-03,0.03,-0.03
-1.99008e-03,0.03,0.05
-1.99000e-03,0.05,-0.03
-1.98992e-03,0.03,0.07
-1.98984e-03,0.03,-0.01
-1.98976e-03,0.03,0.05
-1.98968e-03,0.01,-0.03
-1.98960e-03,0.01,0.05
-1.98952e-03,0.03,-0.03
-1.98944e-03,0.03,0.05
-1.98936e-03,0.01,-0.03
-1.98928e-03,0.01,0.05
-1.98920e-03,0.03,-0.03
-1.98912e-03,0.05,0.07
-1.98904e-03,0.03,-0.03
-1.98896e-03,0.03,0.05
-1.98888e-03,0.03,-0.03
-1.98880e-03,0.01,0.05
-1.98872e-03,0.05,-0.03
-1.98864e-03,0.03,0.05
-1.98856e-03,0.05,-0.03
-1.98848e-03,0.03,0.05
-1.98840e-03,0.03,-0.01
-1.98832e-03,0.03,0.05
-1.98824e-03,0.03,-0.01
-1.98816e-03,0.03,0.05
-1.98808e-03,0.01,-0.01
-1.98800e-03,0.03,0.05
-1.98792e-03,0.01,-0.01
-1.98784e-03,0.03,0.05
-1.98776e-03,0.01,-0.03
-1.98768e-03,0.03,0.05
-1.98760e-03,0.01,-0.03
-1.98752e-03,0.03,0.05
-1.98744e-03,0.05,-0.03
-1.98736e-03,0.03,0.05
-1.98728e-03,0.03,-0.01
-1.98720e-03,0.03,0.05
-1.98712e-03,0.01,-0.01
-1.98704e-03,0.03,0.05
-1.98696e-03,0.05,-0.03
-1.98688e-03,0.03,0.05
-1.98680e-03,0.03,-0.03
-1.98672e-03,0.03,0.07
-1.98664e-03,0.03,-0.03
-1.98656e-03,0.03,0.07
-1.98648e-03,0.01,-0.01
-1.98640e-03,0.01,0.05
-1.98632e-03,0.03,-0.01
-1.98624e-03,0.01,0.05
-1.98616e-03,0.03,-0.01
-1.98608e-03,0.03,0.05
-1.98600e-03,0.03,-0.03
-1.98592e-03,0.03,0.05
-1.98584e-03,0.03,-0.01
-1.98576e-03,0.03,0.05
-1.98568e-03,0.05,-0.03
-1.98560e-03,0.03,0.05
-1.98552e-03,0.05,-0.01
-1.98544e-03,0.03,0.05
-1.98536e-03,0.01,-0.01
-1.98528e-03,0.03,0.07
-1.98520e-03,0.01,-0.03
-1.98512e-03,0.01,0.05
-1.98504e-03,-0.01,-0.03
-1.98496e-03,0.03,0.07
-1.98488e-03,0.03,-0.03
-1.98480e-03,0.05,0.07
-1.98472e-03,0.01,-0.03
-1.98464e-03,0.03,0.05
-1.98456e-03,0.03,-0.03
-1.98448e-03,0.01,0.07
-1.98440e-03,0.03,-0.03
-1.98432e-03,0.01,0.05
-1.98424e-03,0.05,-0.03
-1.98416e-03,0.01,0.07
-1.98408e-03,0.03,-0.03
-1.98400e-03,0.03,0.05
-1.98392e-03,0.03,-0.01
-1.98384e-03,0.03,0.05
-1.98376e-03,0.03,-0.01
-1.98368e-03,0.03,0.05
-1.98360e-03,0.03,-0.01
-1.98352e-03,0.03,0.05
-1.98344e-03,0.03,-0.01
-1.98336e-03,0.03,0.05
-1.98328e-03,0.03,-0.01
-1.98320e-03,0.03,0.05
-1.98312e-03,0.03,-0.03
-1.98304e-03,0.03,0.05
-1.98296e-03,0.03,-0.01
-1.98288e-03,0.03,0.05
-1.98280e-03,0.03,-0.03
-1.98272e-03,0.03,0.05
-1.98264e-03,0.03,-0.01
-1.98256e-03,0.03,0.05
-1.98248e-03,0.03,-0.03
-1.98240e-03,0.01,0.05
-1.98232e-03,0.03,-0.03
-1.98224e-03,0.01,0.05
-1.98216e-03,0.03,-0.03
-1.98208e-03,0.03,0.05
-1.98200e-03,0.01,-0.03
-1.98192e-03,0.01,0.05
-1.98184e-03,0.05,-0.01
-1.98176e-03,0.01,0.05
-1.98168e-03,0.03,-0.01
-1.98160e-03,0.03,0.05
-1.98152e-03,0.01,-0.01
-1.98144e-03,0.05,0.05
-1.98136e-03,0.03,-0.01
-1.98128e-03,0.03,0.05
-1.98120e-03,0.01,-0.03
-1.98112e-03,0.01,0.05
-1.98104e-03,0.03,-0.01
-1.98096e-03,0.07,0.05
-1.98088e-03,0.03,-0.03
-1.98080e-03,0.03,0.07
-1.98072e-03,0.03,-0.01
-1.98064e-03,0.03,0.07
-1.98056e-03,0.03,-0.01
-1.98048e-03,0.01,0.05
-1.98040e-03,0.05,-0.01
-1.98032e-03,0.01,0.05
-1.98024e-03,0.03,-0.01
-1.98016e-03,0.03,0.05
-1.98008e-03,0.03,-0.01
-1.98000e-03,0.03,0.05
-1.97992e-03,0.01,-0.03
-1.97984e-03,0.05,0.05
-1.97976e-03,0.03,-0.03
-1.97968e-03,0.03,0.05
-1.97960e-03,0.03,-0.01
-1.97952e-03,0.05,0.05
-1.97944e-03,0.01,-0.03
-1.97936e-03,0.03,0.05
-1.97928e-03,0.03,-0.03
-1.97920e-03,0.01,0.05
-1.97912e-03,0.03,-0.01
-1.97904e-03,0.03,0.07
-1.97896e-03,0.03,-0.03
-1.97888e-03,0.03,0.05
-1.97880e-03,0.03,-0.03
-1.97872e-03,0.03,0.05
-1.97864e-03,0.03,-0.01
-1.97856e-03,0.03,0.05
-1.97848e-03,0.01,-0.01
-1.97840e-03,0.05,0.05
-1.97832e-03,0.01,-0.01
-1.97824e-03,0.05,0.05
-1.97816e-03,0.03,-0.01
-1.97808e-03,0.03,0.05
-1.97800e-03,0.03,-0.01
-1.97792e-03,0.01,0.05
-1.97784e-03,0.01,-0.01
-1.97776e-03,0.01,0.05
-1.97768e-03,0.03,-0.03
-1.97760e-03,0.03,0.07
-1.97752e-03,0.07,-0.03
-1.97744e-03,0.03,0.05
-1.97736e-03,0.03,-0.03
-1.97728e-03,0.03,0.07
-1.97720e-03,0.03,-0.03
-1.97712e-03,0.05,0.05
-1.97704e-03,0.01,-0.01
-1.97696e-03,0.03,0.05
-1.97688e-03,0.01,-0.01
-1.97680e-03,0.03,0.05
-1.97672e-03,0.03,-0.01
-1.97664e-03,0.01,0.05
-1.97656e-03,0.05,-0.03
-1.97648e-03,0.03,0.05
-1.97640e-03,0.03,-0.01
-1.97632e-03,0.01,0.05
-1.97624e-03,0.07,-0.03
-1.97616e-03,0.01,0.05
-1.97608e-03,0.05,-0.07
-1.97600e-03,0.03,0.09
-1.97592e-03,0.03,-0.03
-1.97584e-03,0.03,0.05
-1.97576e-03,0.03,-0.01
-1.97568e-03,0.03,0.05
-1.97560e-03,0.03,-0.03
-1.97552e-03,0.03,0.05
-1.97544e-03,0.03,-0.01
-1.97536e-03,0.03,0.05
-1.97528e-03,0.03,-0.01
-1.97520e-03,0.01,0.05
-1.97512e-03,0.03,-0.01
-1.97504e-03,0.01,0.05
-1.97496e-03,0.03,-0.01
-1.97488e-03,0.03,0.05
-1.97480e-03,0.03,-0.01
-1.97472e-03,0.03,0.05
-1.97464e-03,0.01,-0.03
-1.97456e-03,0.03,0.07
-1.97448e-03,0.03,-0.01
-1.97440e-03,0.05,0.05
-1.97432e-03,0.01,-0.03
-1.97424e-03,0.03,0.05
-1.97416e-03,0.03,-0.03
-1.97408e-03,0.03,0.05
-1.97400e-03,0.05,-0.01
-1.97392e-03,0.03,0.05
-1.97384e-03,0.03,-0.01
-1.97376e-03,0.03,0.05
-1.97368e-03,0.03,-0.03
-1.97360e-03,0.03,0.05
-1.97352e-03,0.03,-0.01
-1.97344e-03,0.03,0.05
-1.97336e-03,0.01,-0.01
-1.97328e-03,0.03,0.07
-1.97320e-03,0.03,-0.01
-1.97312e-03,0.01,0.05
-1.97304e-03,0.03,-0.01
-1.97296e-03,0.03,0.07
-1.97288e-03,0.03,-0.01
-1.97280e-03,0.03,0.05
-1.97272e-03,0.03,-0.01
-1.97264e-03,0.01,0.05
-1.97256e-03,0.03,-0.01
-1.97248e-03,0.03,0.05
-1.97240e-03,0.03,-0.03
-1.97232e-03,0.03,0.05
-1.97224e-03,0.03,-0.03
-1.97216e-03,0.01,0.05
-1.97208e-03,0.03,-0.03
-1.97200e-03,0.03,0.05
-1.97192e-03,0.03,-0.03
-1.97184e-03,0.03,0.05
-1.97176e-03,0.01,-0.01
-1.97168e-03,0.03,0.05
-1.97160e-03,0.03,-0.01
-1.97152e-03,0.03,0.05
-1.97144e-03,0.03,-0.01
-1.97136e-03,0.03,0.05
-1.97128e-03,0.03,-0.01
-1.97120e-03,0.01,0.05
-1.97112e-03,0.03,-0.03
-1.97104e-03,0.03,0.05
-1.97096e-03,0.03,-0.01
-1.97088e-03,0.03,0.05
-1.97080e-03,0.01,-0.01
-1.97072e-03,0.03,0.05
-1.97064e-03,0.03,-0.01
-1.97056e-03,0.05,0.05
-1.97048e-03,-0.01,-0.01
-1.97040e-03,0.03,0.05
-1.97032e-03,0.03,-0.01
-1.97024e-03,0.03,0.05
-1.97016e-03,0.03,-0.01
-1.97008e-03,0.03,0.05
-1.97000e-03,0.03,-0.01
-1.96992e-03,0.03,0.05
-1.96984e-03,0.05,-0.01
-1.96976e-03,0.03,0.07
-1.96968e-03,0.03,-0.03
-1.96960e-03,0.03,0.07
-1.96952e-03,0.03,-0.03
-1.96944e-03,0.03,0.05
-1.96936e-03,0.01,-0.05
-1.96928e-03,0.03,0.11
-1.96920e-03,0.03,-0.01
-1.96912e-03,0.05,0.07
-1.96904e-03,0.03,-0.03
-1.96896e-03,0.03,0.05
-1.96888e-03,0.03,-0.01
-1.96880e-03,0.03,0.05
-1.96872e-03,0.03,-0.03
-1.96864e-03,0.01,0.05
-1.96856e-03,0.07,-0.03
-1.96848e-03,0.01,0.05
-1.96840e-03,0.03,-0.01
-1.96832e-03,0.03,0.07
-1.96824e-03,0.03,-0.03
-1.96816e-03,0.03,0.05
-1.96808e-03,0.03,-0.01
-1.96800e-03,0.03,0.05
-1.96792e-03,0.01,-0.01
-1.96784e-03,0.05,0.05
-1.96776e-03,0.01,-0.01
-1.96768e-03,0.05,0.05
-1.96760e-03,0.01,-0.01
-1.96752e-03,0.03,0.05
-1.96744e-03,0.03,-0.01
-1.96736e-03,0.03,0.05
-1.96728e-03,0.03,-0.03
-1.96720e-03,0.03,0.07
-1.96712e-03,0.03,-0.03
-1.96704e-03,0.01,0.05
-1.96696e-03,0.05,-0.01
-1.96688e-03,0.03,0.05
-1.96680e-03,0.03,-0.03
-1.96672e-03,0.03,0.05
-1.96664e-03,0.03,-0.01
-1.96656e-03,0.03,0.05
-1.96648e-03,0.03,-0.03
-1.96640e-03,0.03,0.05
-1.96632e-03,0.03,-0.03
-1.96624e-03,0.03,0.05
-1.96616e-03,0.03,-0.03
-1.96608e-03,0.03,0.05
-1.96600e-03,0.03,-0.03
-1.96592e-03,0.03,0.05
-1.96584e-03,0.05,-0.01
-1.96576e-03,0.01,0.05
-1.96568e-03,0.05,-0.01
-1.96560e-03,0.01,0.05
-1.96552e-03,0.03,-0.01
-1.96544e-03,0.03,0.07
-1.96536e-03,0.03,-0.01
-1.96528e-03,0.05,0.05
-1.96520e-03,0.01,-0.03
-1.96512e-03,0.05,0.05
-1.96504e-03,0.01,-0.03
-1.96496e-03,0.03,0.05
-1.96488e-03,0.01,-0.01
-1.96480e-03,0.03,0.05
-1.96472e-03,0.03,-0.01
-1.96464e-03,0.03,0.05
-1.96456e-03,0.03,-0.01
-1.96448e-03,0.01,0.05
-1.96440e-03,0.03,-0.01
-1.96432e-03,0.01,0.05
-1.96424e-03,0.03,-0.03
-1.96416e-03,0.03,0.05
-1.96408e-03,0.03,-0.03
-1.96400e-03,0.05,0.05
-1.96392e-03,0.01,-0.03
-1.96384e-03,0.05,0.05
-1.96376e-03,0.03,-0.01
-1.96368e-03,0.01,0.05
-1.96360e-03,0.03,-0.01
-1.96352e-03,0.03,0.05
-1.96344e-03,0.03,-0.01
-1.96336e-03,0.01,0.05
-1.96328e-03,0.03,-0.01
-1.96320e-03,0.03,0.05
-1.96312e-03,0.05,-0.03
-1.96304e-03,0.01,0.05
-1.96296e-03,0.05,-0.01
-1.96288e-03,0.03,0.05
-1.96280e-03,0.03,-0.03
-1.96272e-03,0.03,0.05
-1.96264e-03,0.01,-0.01
-1.96256e-03,0.03,0.05
-1.96248e-03,0.03,-0.03
-1.96240e-03,0.05,0.07
-1.96232e-03,0.03,-0.03
-1.96224e-03,0.03,0.05
-1.96216e-03,0.03,-0.03
-1.96208e-03,0.03,0.05
-1.96200e-03,0.03,-0.03
-1.96192e-03,0.03,0.07
-1.96184e-03,0.01,-0.03
-1.96176e-03,0.03,0.05
-1.96168e-03,0.03,-0.03
-1.96160e-03,0.03,0.03
-1.96152e-03,0.03,-0.01
-1.96144e-03,0.03,0.05
-1.96136e-03,0.01,-0.01
-1.96128e-03,0.03,0.05
-1.96120e-03,0.01,-0.03
-1.96112e-03,0.03,0.05
-1.96104e-03,0.01,-0.01
-1.96096e-03,0.03,0.05
-1.96088e-03,0.03,-0.03
-1.96080e-03,0.01,0.05
-1.96072e-03,0.03,-0.03
-1.96064e-03,0.03,0.05
-1.96056e-03,0.03,-0.03
-1.96048e-03,0.01,0.05
-1.96040e-03,0.03,-0.03
-1.96032e-03,0.01,0.05
-1.96024e-03,0.03,-0.01
-1.96016e-03,0.03,0.05
-1.96008e-03,0.01,-0.01
-1.96000e-03,0.03,0.05
-1.95992e-03,0.03,-0.03
-1.95984e-03,0.03,0.05
-1.95976e-03,0.01,-0.03
-1.95968e-03,0.05,0.05
-1.95960e-03,0.03,-0.01
-1.95952e-03,0.03,0.05
-1.95944e-03,0.01,-0.03
-1.95936e-03,0.03,0.05
-1.95928e-03,0.03,-0.03
-1.95920e-03,0.03,0.07
-1.95912e-03,0.03,-0.03
-1.95904e-03,0.03,0.07
-1.95896e-03,0.03,-0.03
-1.95888e-03,0.03,0.05
-1.95880e-03,0.03,-0.01
-1.95872e-03,0.03,0.05
-1.95864e-03,0.03,-0.03
-1.95856e-03,0.03,0.05
-1.95848e-03,0.03,-0.01
-1.95840e-03,0.03,0.07
-1.95832e-03,0.03,-0.03
-1.95824e-03,0.03,0.05
-1.95816e-03,0.03,-0.01
-1.95808e-03,0.03,0.05
-1.95800e-03,0.03,-0.01
-1.95792e-03,0.03,0.05
-1.95784e-03,0.05,-0.01
-1.95776e-03,0.01,0.05
-1.95768e-03,0.05,-0.03
-1.95760e-03,0.01,0.05
-1.95752e-03,0.03,-0.03
-1.95744e-03,0.03,0.05
-1.95736e-03,0.05,-0.01
-1.95728e-03,0.03,0.05
-1.95720e-03,0.03,-0.03
-1.95712e-03,0.05,0.05
-1.95704e-03,0.03,-0.01
-1.95696e-03,0.03,0.05
-1.95688e-03,0.03,-0.01
-1.95680e-03,0.03,0.05
-1.95672e-03,0.03,-0.01
-1.95664e-03,0.01,0.05
-1.95656e-03,0.03,-0.01
-1.95648e-03,0.01,0.05
-1.95640e-03,0.03,-0.01
-1.95632e-03,0.01,0.05
-1.95624e-03,0.03,-0.01
-1.95616e-03,0.03,0.05
-1.95608e-03,0.01,-0.03
-1.95600e-03,0.03,0.05
-1.95592e-03,0.03,-0.03
-1.95584e-03,0.05,0.05
-1.95576e-03,0.01,-0.01
-1.95568e-03,0.05,0.07
-1.95560e-03,0.03,-0.03
-1.95552e-03,0.03,0.05
-1.95544e-03,0.03,-0.01
-1.95536e-03,0.03,0.05
-1.95528e-03,0.03,-0.03
-1.95520e-03,0.01,0.05
-1.95512e-03,0.05,-0.03
-1.95504e-03,0.01,0.05
-1.95496e-03,0.03,-0.03
-1.95488e-03,-0.01,0.05
-1.95480e-03,0.03,-0.05
-1.95472e-03,0.05,0.07
-1.95464e-03,0.05,-0.03
-1.95456e-03,0.05,0.07
-1.95448e-03,0.03,-0.03
-1.95440e-03,0.03,0.05
-1.95432e-03,-0.01,-0.03
-1.95424e-03,0.05,0.07
-1.95416e-03,0.01,-0.03
-1.95408e-03,0.03,0.05
-1.95400e-03,0.01,-0.01
-1.95392e-03,0.03,0.05
-1.95384e-03,0.01,-0.03
-1.95376e-03,0.01,0.05
-1.95368e-03,0.03,-0.03
-1.95360e-03,0.01,0.05
-1.95352e-03,0.03,-0.01
-1.95344e-03,0.03,0.05
-1.95336e-03,0.03,-0.01
-1.95328e-03,0.03,0.05
-1.95320e-03,0.01,-0.01
-1.95312e-03,0.05,0.05
-1.95304e-03,0.01,-0.01
-1.95296e-03,0.05,0.05
-1.95288e-03,0.03,-0.01
-1.95280e-03,0.03,0.05
-1.95272e-03,0.03,-0.01
-1.95264e-03,0.01,0.05
-1.95256e-03,0.05,-0.03
-1.95248e-03,0.01,0.05
-1.95240e-03,0.05,-0.03
-1.95232e-03,0.01,0.05
-1.95224e-03,0.03,-0.03
-1.95216e-03,0.03,0.05
-1.95208e-03,0.03,-0.03
-1.95200e-03,0.03,0.05
-1.95192e-03,0.03,-0.03
-1.95184e-03,0.03,0.05
-1.95176e-03,0.03,-0.03
-1.95168e-03,0.05,0.05
-1.95160e-03,0.03,-0.01
-1.95152e-03,0.03,0.05
-1.95144e-03,0.03,-0.03
-1.95136e-03,-0.01,0.05
-1.95128e-03,0.03,-0.03
-1.95120e-03,0.03,0.05
-1.95112e-03,0.05,-0.01
-1.95104e-03,0.03,0.07
-1.95096e-03,0.03,-0.01
-1.95088e-03,0.01,0.05
-1.95080e-03,0.03,-0.01
-1.95072e-03,0.03,0.05
-1.95064e-03,0.01,-0.01
-1.95056e-03,0.05,0.05
-1.95048e-03,0.03,-0.01
-1.95040e-03,0.03,0.05
-1.95032e-03,0.03,-0.03
-1.95024e-03,0.03,0.05
-1.95016e-03,0.03,-0.01
-1.95008e-03,0.01,0.05
-1.95000e-03,0.03,-0.03
-1.94992e-03,0.01,0.05
-1.94984e-03,0.03,-0.01
-1.94976e-03,0.01,0.05
-1.94968e-03,0.03,-0.03
-1.94960e-03,0.01,0.05
-1.94952e-03,0.03,-0.01
-1.94944e-03,0.03,0.05
-1.94936e-03,0.01,-0.01
-1.94928e-03,0.03,0.05
-1.94920e-03,0.03,-0.01
-1.94912e-03,0.03,0.05
-1.94904e-03,0.01,-0.01
-1.94896e-03,0.03,0.05
-1.94888e-03,0.03,-0.01
-1.94880e-03,0.01,0.05
-1.94872e-03,0.03,-0.03
-1.94864e-03,0.03,0.05
-1.94856e-03,0.03,-0.01
-1.94848e-03,0.01,0.05
-1.94840e-03,0.03,-0.01
-1.94832e-03,0.03,0.05
-1.94824e-03,0.03,-0.01
-1.94816e-03,0.03,0.05
-1.94808e-03,0.01,-0.03
-1.94800e-03,0.03,0.05
-1.94792e-03,0.03,-0.01
-1.94784e-03,0.03,0.05
-1.94776e-03,0.01,-0.01
-1.94768e-03,0.05,0.05
-1.94760e-03,0.03,-0.01
-1.94752e-03,0.03,0.05
-1.94744e-03,0.05,-0.01
-1.94736e-03,0.03,0.05
-1.94728e-03,0.05,-0.03
-1.94720e-03,-0.01,0.05
-1.94712e-03,0.03,-0.03
-1.94704e-03,0.01,0.07
-1.94696e-03,0.03,-0.03
-1.94688e-03,0.03,0.07
-1.94680e-03,0.03,-0.03
-1.94672e-03,0.03,0.05
-1.94664e-03,0.03,-0.01
-1.94656e-03,0.05,0.05
-1.94648e-03,0.01,-0.01
-1.94640e-03,0.05,0.05
-1.94632e-03,0.03,-0.03
-1.94624e-03,0.03,0.05
-1.94616e-03,0.03,-0.03
-1.94608e-03,0.03,0.05
-1.94600e-03,0.03,-0.03
-1.94592e-03,0.03,0.05
-1.94584e-03,0.01,-0.01
-1.94576e-03,0.03,0.05
-1.94568e-03,0.03,-0.03
-1.94560e-03,0.03,0.07
-1.94552e-03,0.03,-0.01
-1.94544e-03,0.03,0.05
-1.94536e-03,0.03,-0.03
-1.94528e-03,0.03,0.05
-1.94520e-03,0.01,-0.01
-1.94512e-03,0.05,0.05
-1.94504e-03,0.03,-0.01
-1.94496e-03,0.03,0.05
-1.94488e-03,0.03,-0.01
-1.94480e-03,0.01,0.05
-1.94472e-03,0.05,-0.03
-1.94464e-03,0.03,0.05
-1.94456e-03,0.03,-0.03
-1.94448e-03,0.01,0.05
-1.94440e-03,0.05,-0.03
-1.94432e-03,0.01,0.05
-1.94424e-03,0.03,-0.03
-1.94416e-03,0.01,0.05
-1.94408e-03,0.03,-0.03
-1.94400e-03,0.05,0.05
-1.94392e-03,0.03,-0.03
-1.94384e-03,0.03,0.05
-1.94376e-03,0.01,-0.01
-1.94368e-03,0.03,0.05
-1.94360e-03,0.01,-0.01
-1.94352e-03,0.03,0.05
-1.94344e-03,0.03,-0.03
-1.94336e-03,0.03,0.05
-1.94328e-03,0.03,-0.03
-1.94320e-03,0.03,0.05
-1.94312e-03,0.03,-0.01
-1.94304e-03,0.03,0.05
-1.94296e-03,0.03,-0.03
-1.94288e-03,0.03,0.05
-1.94280e-03,0.03,-0.01
-1.94272e-03,0.01,0.05
-1.94264e-03,0.01,-0.01
-1.94256e-03,0.03,0.05
-1.94248e-03,0.03,-0.03
-1.94240e-03,0.03,0.05
-1.94232e-03,0.01,-0.01
-1.94224e-03,0.01,0.05
-1.94216e-03,0.03,-0.03
-1.94208e-03,0.03,0.05
-1.94200e-03,0.03,-0.01
-1.94192e-03,0.01,0.05
-1.94184e-03,0.03,-0.01
-1.94176e-03,0.01,0.05
-1.94168e-03,0.03,-0.01
-1.94160e-03,0.03,0.05
-1.94152e-03,0.03,-0.01
-1.94144e-03,0.01,0.05
-1.94136e-03,0.03,-0.01
-1.94128e-03,0.03,0.05
-1.94120e-03,0.01,-0.01
-1.94112e-03,0.03,0.07
-1.94104e-03,0.01,-0.01
-1.94096e-03,0.01,0.05
-1.94088e-03,0.03,-0.01
-1.94080e-03,0.03,0.05
-1.94072e-03,0.03,-0.01
-1.94064e-03,0.03,0.05
-1.94056e-03,0.05,-0.01
-1.94048e-03,0.01,0.05
-1.94040e-03,0.03,-0.01
-1.94032e-03,0.03,0.05
-1.94024e-03,0.03,-0.01
-1.94016e-03,0.03,0.05
-1.94008e-03,0.03,-0.01
-1.94000e-03,0.03,0.05
-1.93992e-03,0.03,-0.01
-1.93984e-03,0.03,0.05
-1.93976e-03,0.01,-0.01
-1.93968e-03,0.03,0.05
-1.93960e-03,0.03,-0.01
-1.93952e-03,0.03,0.05
-1.93944e-03,0.03,-0.03
-1.93936e-03,0.01,0.05
-1.93928e-03,0.03,-0.03
-1.93920e-03,-0.01,0.07
-1.93912e-03,0.03,-0.03
-1.93904e-03,0.03,0.07
-1.93896e-03,0.03,-0.05
-1.93888e-03,0.05,0.05
-1.93880e-03,0.01,-0.03
-1.93872e-03,0.05,0.05
-1.93864e-03,0.01,-0.03
-1.93856e-03,0.03,0.05
-1.93848e-03,0.01,-0.03
-1.93840e-03,0.03,0.05
-1.93832e-03,0.03,-0.01
-1.93824e-03,0.03,0.05
-1.93816e-03,0.01,-0.03
-1.93808e-03,0.01,0.05
-1.93800e-03,0.03,-0.03
-1.93792e-03,0.03,0.05
-1.93784e-03,0.05,-0.01
-1.93776e-03,0.01,0.05
-1.93768e-03,0.03,-0.01
-1.93760e-03,0.03,0.05
-1.93752e-03,0.01,-0.03
-1.93744e-03,0.03,0.07
-1.93736e-03,0.01,-0.03
-1.93728e-03,0.03,0.05
-1.93720e-03,0.01,-0.01
-1.93712e-03,0.03,0.05
-1.93704e-03,0.03,-0.03
-1.93696e-03,0.03,0.05
-1.93688e-03,0.01,-0.03
-1.93680e-03,0.03,0.05
-1.93672e-03,0.03,-0.01
-1.93664e-03,0.03,0.03
-1.93656e-03,0.03,-0.01
-1.93648e-03,0.01,0.05
-1.93640e-03,0.03,-0.01
-1.93632e-03,0.01,0.05
-1.93624e-03,0.03,-0.03
-1.93616e-03,0.03,0.05
-1.93608e-03,0.03,-0.01
-1.93600e-03,0.03,0.05
-1.93592e-03,0.01,-0.03
-1.93584e-03,0.01,0.05
-1.93576e-03,0.03,-0.01
-1.93568e-03,0.03,0.07
-1.93560e-03,0.03,-0.03
-1.93552e-03,0.03,0.05
-1.93544e-03,0.03,-0.01
-1.93536e-03,0.03,0.05
-1.93528e-03,0.05,-0.01
-1.93520e-03,0.01,0.05
-1.93512e-03,0.03,-0.03
-1.93504e-03,0.01,0.05
-1.93496e-03,0.03,-0.03
-1.93488e-03,0.03,0.05
-1.93480e-03,0.03,-0.03
-1.93472e-03,0.05,0.05
-1.93464e-03,0.03,-0.01
-1.93456e-03,0.05,0.05
-1.93448e-03,0.01,-0.01
-1.93440e-03,0.03,0.05
-1.93432e-03,0.01,-0.03
-1.93424e-03,0.03,0.05
-1.93416e-03,0.01,-0.03
-1.93408e-03,0.03,0.07
-1.93400e-03,0.03,-0.03
-1.93392e-03,0.03,0.03
-1.93384e-03,0.05,-0.03
-1.93376e-03,0.03,0.05
-1.93368e-03,0.03,-0.03
-1.93360e-03,0.01,0.05
-1.93352e-03,0.03,-0.03
-1.93344e-03,0.03,0.05
-1.93336e-03,0.03,-0.01
-1.93328e-03,0.03,0.05
-1.93320e-03,0.01,-0.01
-1.93312e-03,0.05,0.05
-1.93304e-03,0.03,-0.01
-1.93296e-03,0.03,0.05
-1.93288e-03,0.01,-0.01
-1.93280e-03,0.01,0.05
-1.93272e-03,0.03,-0.03
-1.93264e-03,0.01,0.05
-1.93256e-03,0.05,-0.01
-1.93248e-03,0.01,0.05
-1.93240e-03,0.03,-0.01
-1.93232e-03,0.03,0.05
-1.93224e-03,0.01,-0.03
-1.93216e-03,0.03,0.05
-1.93208e-03,0.03,-0.03
-1.93200e-03,0.01,0.05
-1.93192e-03,0.01,-0.03
-1.93184e-03,0.03,0.07
-1.93176e-03,0.01,-0.01
-1.93168e-03,0.03,0.07
-1.93160e-03,0.03,-0.03
-1.93152e-03,0.03,0.07
-1.93144e-03,0.03,-0.01
-1.93136e-03,0.01,0.05
-1.93128e-03,0.01,-0.03
-1.93120e-03,0.01,0.05
-1.93112e-03,0.01,-0.01
-1.93104e-03,0.01,0.05
-1.93096e-03,0.03,-0.03
-1.93088e-03,0.03,0.05
-1.93080e-03,0.03,-0.01
-1.93072e-03,0.03,0.05
-1.93064e-03,0.03,-0.03
-1.93056e-03,0.03,0.05
-1.93048e-03,0.03,-0.01
-1.93040e-03,0.05,0.05
-1.93032e-03,0.01,-0.01
-1.93024e-03,0.03,0.05
-1.93016e-03,0.03,-0.01
-1.93008e-03,0.01,0.05
-1.93000e-03,0.03,-0.01
-1.92992e-03,0.01,0.05
-1.92984e-03,0.05,-0.01
-1.92976e-03,0.01,0.05
-1.92968e-03,0.03,-0.03
-1.92960e-03,0.01,0.05
-1.92952e-03,0.05,-0.03
-1.92944e-03,0.03,0.05
-1.92936e-03,0.01,-0.03
-1.92928e-03,0.03,0.07
-1.92920e-03,0.03,-0.01
-1.92912e-03,0.05,0.07
-1.92904e-03,0.03,-0.03
-1.92896e-03,0.03,0.05
-1.92888e-03,0.03,-0.03
-1.92880e-03,0.01,0.05
-1.92872e-03,0.07,-0.01
-1.92864e-03,0.01,0.05
-1.92856e-03,0.01,-0.05
-1.92848e-03,0.01,0.07
-1.92840e-03,0.03,-0.03
-1.92832e-03,0.03,0.05
-1.92824e-03,0.03,-0.03
-1.92816e-03,0.03,0.05
-1.92808e-03,0.01,-0.03
-1.92800e-03,0.03,0.05
-1.92792e-03,0.03,-0.03
-1.92784e-03,0.03,0.05
-1.92776e-03,0.01,-0.01
-1.92768e-03,0.05,0.03
-1.92760e-03,0.03,-0.03
-1.92752e-03,0.01,0.05
-1.92744e-03,0.05,-0.01
-1.92736e-03,0.03,0.05
-1.92728e-03,0.03,-0.01
-1.92720e-03,0.03,0.05
-1.92712e-03,0.03,-0.03
-1.92704e-03,0.01,0.05
-1.92696e-03,0.03,-0.01
-1.92688e-03,0.01,0.05
-1.92680e-03,0.03,-0.01
-1.92672e-03,0.03,0.05
-1.92664e-03,0.03,-0.01
-1.92656e-03,0.03,0.05
-1.92648e-03,0.01,-0.01
-1.92640e-03,0.03,0.05
-1.92632e-03,0.03,-0.03
-1.92624e-03,0.01,0.05
-1.92616e-03,0.05,-0.05
-1.92608e-03,0.01,0.05
-1.92600e-03,0.01,-0.07
-1.92592e-03,0.03,0.05
-1.92584e-03,0.03,-0.03
-1.92576e-03,0.03,0.05
-1.92568e-03,0.03,-0.03
-1.92560e-03,0.03,0.05
-1.92552e-03,0.03,-0.01
-1.92544e-03,0.03,0.05
-1.92536e-03,0.03,-0.01
-1.92528e-03,0.01,0.05
-1.92520e-03,0.03,-0.03
-1.92512e-03,0.03,0.03
-1.92504e-03,0.03,-0.01
-1.92496e-03,0.03,0.05
-1.92488e-03,0.03,-0.03
-1.92480e-03,0.01,0.05
-1.92472e-03,0.03,-0.01
-1.92464e-03,0.01,0.05
-1.92456e-03,0.03,-0.01
-1.92448e-03,0.03,0.03
-1.92440e-03,0.03,-0.01
-1.92432e-03,0.03,0.05
-1.92424e-03,0.03,-0.01
-1.92416e-03,0.01,0.05
-1.92408e-03,0.01,-0.03
-1.92400e-03,0.03,0.05
-1.92392e-03,0.03,-0.03
-1.92384e-03,0.03,0.05
-1.92376e-03,0.03,-0.03
-1.92368e-03,0.03,0.05
-1.92360e-03,0.03,-0.01
-1.92352e-03,0.03,0.05
-1.92344e-03,0.03,-0.01
-1.92336e-03,0.03,0.05
-1.92328e-03,0.03,-0.03
-1.92320e-03,-0.01,0.03
-1.92312e-03,0.03,-0.03
-1.92304e-03,0.03,0.05
-1.92296e-03,0.03,-0.01
-1.92288e-03,0.03,0.05
-1.92280e-03,0.01,-0.01
-1.92272e-03,0.03,0.05
-1.92264e-03,0.01,-0.03
-1.92256e-03,0.05,0.05
-1.92248e-03,0.03,-0.01
-1.92240e-03,0.03,0.05
-1.92232e-03,0.03,-0.01
-1.92224e-03,0.01,0.05
-1.92216e-03,0.01,-0.03
-1.92208e-03,0.01,0.05
-1.92200e-03,0.03,-0.01
-1.92192e-03,0.01,0.05
-1.92184e-03,0.03,-0.01
-1.92176e-03,0.03,0.05
-1.92168e-03,0.03,-0.03
-1.92160e-03,0.01,0.05
-1.92152e-03,0.01,-0.01
-1.92144e-03,0.03,0.05
-1.92136e-03,0.03,-0.03
-1.92128e-03,0.03,0.05
-1.92120e-03,0.01,-0.01
-1.92112e-03,0.03,0.05
-1.92104e-03,0.03,-0.03
-1.92096e-03,0.01,0.05
-1.92088e-03,0.03,-0.01
-1.92080e-03,0.03,0.05
-1.92072e-03,0.03,-0.01
-1.92064e-03,0.01,0.05
-1.92056e-03,0.03,-0.01
-1.92048e-03,0.03,0.05
-1.92040e-03,0.03,-0.01
-1.92032e-03,0.03,0.05
-1.92024e-03,0.03,-0.01
-1.92016e-03,0.01,0.05
-1.92008e-03,0.03,-0.01
-1.92000e-03,0.03,0.05
-1.91992e-03,0.01,-0.01
-1.91984e-03,0.05,0.05
-1.91976e-03,0.03,-0.01
-1.91968e-03,0.05,0.07
-1.91960e-03,0.03,-0.01
-1.91952e-03,0.03,0.05
-1.91944e-03,0.05,-0.01
-1.91936e-03,0.05,0.05
-1.91928e-03,0.03,-0.03
-1.91920e-03,0.03,0.15
-1.91912e-03,0.03,-0.03
-1.91904e-03,0.01,0.07
-1.91896e-03,0.03,-0.01
-1.91888e-03,0.05,0.05
-1.91880e-03,0.03,-0.03
-1.91872e-03,0.03,0.05
-1.91864e-03,0.03,-0.01
-1.91856e-03,0.03,0.05
-1.91848e-03,0.01,-0.03
-1.91840e-03,0.03,0.05
-1.91832e-03,0.03,-0.01
-1.91824e-03,0.03,0.05
-1.91816e-03,0.03,-0.01
-1.91808e-03,0.03,0.05
-1.91800e-03,0.03,-0.01
-1.91792e-03,0.01,0.05
-1.91784e-03,0.03,-0.01
-1.91776e-03,0.03,0.05
-1.91768e-03,0.03,-0.03
-1.91760e-03,0.03,0.05
-1.91752e-03,0.03,-0.01
-1.91744e-03,0.03,0.05
-1.91736e-03,0.03,-0.03
-1.91728e-03,0.03,0.05
-1.91720e-03,0.01,-0.01
-1.91712e-03,0.03,0.05
-1.91704e-03,0.03,-0.01
-1.91696e-03,0.07,0.05
-1.91688e-03,0.03,-0.01
-1.91680e-03,0.03,0.07
-1.91672e-03,0.03,-0.03
-1.91664e-03,0.01,0.07
-1.91656e-03,0.05,-0.03
-1.91648e-03,0.03,0.05
-1.91640e-03,0.03,-0.03
-1.91632e-03,0.05,0.07
-1.91624e-03,0.05,-0.01
-1.91616e-03,0.03,0.05
-1.91608e-03,0.01,-0.03
-1.91600e-03,0.03,0.05
-1.91592e-03,0.03,-0.01
-1.91584e-03,0.03,0.05
-1.91576e-03,0.01,-0.01
-1.91568e-03,0.03,0.05
-1.91560e-03,0.03,-0.01
-1.91552e-03,0.03,0.05
-1.91544e-03,0.03,-0.03
-1.91536e-03,0.03,0.05
-1.91528e-03,0.03,-0.01
-1.91520e-03,0.03,0.05
-1.91512e-03,0.05,-0.01
-1.91504e-03,0.01,0.05
-1.91496e-03,0.03,-0.03
-1.91488e-03,0.03,0.05
-1.91480e-03,0.03,-0.03
-1.91472e-03,0.03,0.05
-1.91464e-03,0.03,-0.01
-1.91456e-03,0.05,0.05
-1.91448e-03,0.01,-0.01
-1.91440e-03,0.03,0.05
-1.91432e-03,0.01,-0.03
-1.91424e-03,0.03,0.07
-1.91416e-03,0.03,-0.03
-1.91408e-03,0.01,0.05
-1.91400e-03,0.03,-0.03
-1.91392e-03,0.03,0.05
-1.91384e-03,0.03,-0.01
-1.91376e-03,0.03,0.05
-1.91368e-03,0.03,-0.03
-1.91360e-03,0.03,0.05
-1.91352e-03,0.03,-0.01
-1.91344e-03,0.03,0.05
-1.91336e-03,0.01,-0.01
-1.91328e-03,0.01,0.05
-1.91320e-03,0.03,-0.03
-1.91312e-03,0.03,0.05
-1.91304e-03,0.03,-0.01
-1.91296e-03,0.03,0.05
-1.91288e-03,0.01,-0.01
-1.91280e-03,0.03,0.05
-1.91272e-03,0.03,-0.03
-1.91264e-03,0.01,0.05
-1.91256e-03,0.03,-0.03
-1.91248e-03,0.01,0.05
-1.91240e-03,0.03,-0.03
-1.91232e-03,0.03,0.05
-1.91224e-03,0.03,-0.03
-1.91216e-03,0.01,0.05
-1.91208e-03,0.01,-0.01
-1.91200e-03,0.03,0.05
-1.91192e-03,0.03,-0.03
-1.91184e-03,0.03,0.05
-1.91176e-03,0.03,-0.01
-1.91168e-03,0.05,0.05
-1.91160e-03,0.01,-0.01
-1.91152e-03,0.03,0.05
-1.91144e-03,0.03,-0.01
-1.91136e-03,0.01,0.05
-1.91128e-03,0.03,-0.01
-1.91120e-03,0.01,0.05
-1.91112e-03,0.03,-0.03
-1.91104e-03,0.03,0.07
-1.91096e-03,0.03,-0.03
-1.91088e-03,0.03,0.05
-1.91080e-03,0.03,-0.01
-1.91072e-03,0.03,0.05
-1.91064e-03,0.01,-0.03
-1.91056e-03,0.03,0.05
-1.91048e-03,0.03,-0.01
-1.91040e-03,0.05,0.05
-1.91032e-03,0.03,-0.01
-1.91024e-03,0.03,0.05
-1.91016e-03,0.03,-0.01
-1.91008e-03,0.01,0.05
-1.91000e-03,0.03,-0.01
-1.90992e-03,0.03,0.05
-1.90984e-03,0.05,-0.01
-1.90976e-03,0.01,0.05
-1.90968e-03,0.01,-0.01
-1.90960e-03,0.03,0.05
-1.90952e-03,0.03,-0.01
-1.90944e-03,0.03,0.05
-1.90936e-03,0.03,-0.01
-1.90928e-03,0.05,0.05
-1.90920e-03,0.03,-0.01
-1.90912e-03,0.05,0.05
-1.90904e-03,0.03,-0.01
-1.90896e-03,0.03,0.05
-1.90888e-03,0.01,-0.03
-1.90880e-03,0.01,0.05
-1.90872e-03,0.05,-0.03
-1.90864e-03,0.03,0.07
-1.90856e-03,0.03,-0.03
-1.90848e-03,0.03,0.07
-1.90840e-03,0.05,-0.01
-1.90832e-03,0.01,0.05
-1.90824e-03,0.03,-0.03
-1.90816e-03,0.03,0.05
-1.90808e-03,0.03,-0.01
-1.90800e-03,0.05,0.05
-1.90792e-03,0.03,-0.01
-1.90784e-03,0.05,0.07
-1.90776e-03,0.01,-0.03
-1.90768e-03,0.03,0.05
-1.90760e-03,0.03,-0.01
-1.90752e-03,0.01,0.07
-1.90744e-03,0.03,-0.01
-1.90736e-03,0.03,0.05
-1.90728e-03,0.03,-0.01
-1.90720e-03,0.01,0.05
-1.90712e-03,0.03,-0.01
-1.90704e-03,0.01,0.05
-1.90696e-03,0.03,-0.01
-1.90688e-03,0.03,0.05
-1.90680e-03,0.03,-0.01
-1.90672e-03,0.03,0.07
-1.90664e-03,0.03,-0.03
-1.90656e-03,0.03,0.05
-1.90648e-03,0.03,-0.03
-1.90640e-03,0.03,0.05
-1.90632e-03,0.03,-0.03
-1.90624e-03,0.03,0.05
-1.90616e-03,0.03,-0.01
-1.90608e-03,0.03,0.05
-1.90600e-03,0.01,-0.03
-1.90592e-03,0.01,0.05
-1.90584e-03,0.03,-0.03
-1.90576e-03,0.01,0.05
-1.90568e-03,0.03,-0.01
-1.90560e-03,0.03,0.05
-1.90552e-03,0.03,-0.03
-1.90544e-03,0.03,0.05
-1.90536e-03,0.01,-0.01
-1.90528e-03,0.05,0.05
-1.90520e-03,0.01,-0.01
-1.90512e-03,0.05,0.05
-1.90504e-03,0.03,-0.01
-1.90496e-03,0.05,0.05
-1.90488e-03,0.03,-0.03
-1.90480e-03,0.03,0.05
-1.90472e-03,0.03,-0.03
-1.90464e-03,0.03,0.05
-1.90456e-03,0.03,-0.03
-1.90448e-03,0.01,0.05
-1.90440e-03,0.05,-0.03
-1.90432e-03,0.03,0.05
-1.90424e-03,0.01,-0.03
-1.90416e-03,0.03,0.05
-1.90408e-03,0.03,-0.01
-1.90400e-03,0.03,0.05
-1.90392e-03,0.03,-0.03
-1.90384e-03,0.03,0.05
-1.90376e-03,0.03,-0.03
-1.90368e-03,0.05,0.05
-1.90360e-03,0.03,-0.03
-1.90352e-03,0.03,0.05
-1.90344e-03,0.03,-0.03
-1.90336e-03,0.01,0.05
-1.90328e-03,0.03,-0.03
-1.90320e-03,0.01,0.05
-1.90312e-03,0.03,-0.03
-1.90304e-03,0.01,0.05
-1.90296e-03,0.03,-0.03
-1.90288e-03,0.03,0.05
-1.90280e-03,0.03,-0.03
-1.90272e-03,0.03,0.05
-1.90264e-03,-0.01,-0.03
-1.90256e-03,0.07,0.07
-1.90248e-03,-0.01,-0.03
-1.90240e-03,0.03,0.07
-1.90232e-03,0.01,-0.05
-1.90224e-03,0.03,0.07
-1.90216e-03,0.03,-0.03
-1.90208e-03,0.01,0.05
-1.90200e-03,0.03,-0.01
-1.90192e-03,0.03,0.05
-1.90184e-03,0.01,-0.03
-1.90176e-03,0.03,0.05
-1.90168e-03,0.05,-0.01
-1.90160e-03,0.01,0.07
-1.90152e-03,0.01,-0.03
-1.90144e-03,-0.01,0.05
-1.90136e-03,-0.01,-0.03
-1.90128e-03,0.03,0.07
-1.90120e-03,0.01,-0.03
-1.90112e-03,0.05,0.05
-1.90104e-03,0.03,-0.01
-1.90096e-03,0.05,0.05
-1.90088e-03,0.03,-0.01
-1.90080e-03,0.03,0.05
-1.90072e-03,0.03,-0.03
-1.90064e-03,0.01,0.05
-1.90056e-03,0.03,-0.03
-1.90048e-03,0.01,0.05
-1.90040e-03,0.03,-0.01
-1.90032e-03,0.01,0.05
-1.90024e-03,0.03,-0.01
-1.90016e-03,0.01,0.05
-1.90008e-03,0.01,-0.03
-1.90000e-03,0.01,0.05
-1.89992e-03,-0.01,-0.01
-1.89984e-03,0.03,0.05
-1.89976e-03,0.03,-0.03
-1.89968e-03,0.01,0.05
-1.89960e-03,0.03,-0.03
-1.89952e-03,0.01,0.05
-1.89944e-03,0.03,-0.01
-1.89936e-03,0.03,0.05
-1.89928e-03,0.05,-0.03
-1.89920e-03,0.01,0.05
-1.89912e-03,0.01,-0.03
-1.89904e-03,0.03,0.05
-1.89896e-03,0.03,-0.03
-1.89888e-03,0.03,0.05
-1.89880e-03,0.01,-0.03
-1.89872e-03,0.03,0.05
-1.89864e-03,-0.01,-0.03
-1.89856e-03,0.03,0.05
-1.89848e-03,0.01,-0.03
-1.89840e-03,0.03,0.05
-1.89832e-03,0.03,-0.03
-1.89824e-03,0.01,0.05
-1.89816e-03,0.05,-0.03
-1.89808e-03,0.03,0.05
-1.89800e-03,0.03,-0.01
-1.89792e-03,0.03,0.05
-1.89784e-03,0.03,-0.01
-1.89776e-03,0.01,0.05
-1.89768e-03,0.05,-0.01
-1.89760e-03,0.03,0.03
-1.89752e-03,0.03,-0.03
-1.89744e-03,0.03,0.05
-1.89736e-03,0.03,-0.01
-1.89728e-03,0.03,0.05
-1.89720e-03,0.01,-0.03
-1.89712e-03,0.05,0.05
-1.89704e-03,0.03,-0.01
-1.89696e-03,0.03,0.05
-1.89688e-03,0.03,-0.03
-1.89680e-03,0.03,0.05
-1.89672e-03,0.03,-0.01
-1.89664e-03,0.03,0.05
-1.89656e-03,0.05,-0.01
-1.89648e-03,0.03,0.05
-1.89640e-03,0.03,-0.03
-1.89632e-03,0.01,0.05
-1.89624e-03,0.01,-0.01
-1.89616e-03,0.03,0.05
-1.89608e-03,0.01,-0.03
-1.89600e-03,0.03,0.07
-1.89592e-03,0.03,-0.03
-1.89584e-03,0.03,0.05
-1.89576e-03,0.03,-0.01
-1.89568e-03,0.05,0.05
-1.89560e-03,0.03,-0.01
-1.89552e-03,0.03,0.07
-1.89544e-03,0.03,-0.01
-1.89536e-03,0.01,0.05
-1.89528e-03,0.05,-0.03
-1.89520e-03,0.03,0.05
-1.89512e-03,0.05,-0.01
-1.89504e-03,0.03,0.05
-1.89496e-03,0.05,-0.01
-1.89488e-03,0.03,0.05
-1.89480e-03,0.03,-0.01
-1.89472e-03,0.03,0.05
-1.89464e-03,0.01,-0.01
-1.89456e-03,0.03,0.07
-1.89448e-03,0.01,-0.03
-1.89440e-03,0.03,0.05
-1.89432e-03,0.03,-0.03
-1.89424e-03,0.03,0.05
-1.89416e-03,0.03,-0.03
-1.89408e-03,0.03,0.05
-1.89400e-03,0.03,-0.03
-1.89392e-03,0.03,0.05
-1.89384e-03,0.05,-0.03
-1.89376e-03,0.03,0.05
-1.89368e-03,0.03,-0.03
-1.89360e-03,0.03,0.07
-1.89352e-03,-0.01,-0.01
-1.89344e-03,0.03,0.07
-1.89336e-03,0.01,-0.03
-1.89328e-03,0.03,0.05
-1.89320e-03,0.01,-0.01
-1.89312e-03,0.05,0.05
-1.89304e-03,0.01,-0.01
-1.89296e-03,0.03,0.05
-1.89288e-03,0.01,-0.03
-1.89280e-03,0.03,0.05
-1.89272e-03,0.03,-0.03
-1.89264e-03,0.01,0.05
-1.89256e-03,0.03,-0.01
-1.89248e-03,0.03,0.05
-1.89240e-03,0.03,-0.01
-1.89232e-03,0.03,0.05
-1.89224e-03,0.03,-0.01
-1.89216e-03,0.03,0.05
-1.89208e-03,0.01,-0.01
-1.89200e-03,0.03,0.05
-1.89192e-03,0.03,-0.01
-1.89184e-03,0.03,0.05
-1.89176e-03,0.01,-0.01
-1.89168e-03,0.03,0.05
-1.89160e-03,0.03,-0.01
-1.89152e-03,0.03,0.03
-1.89144e-03,0.03,-0.03
-1.89136e-03,0.03,0.05
-1.89128e-03,0.03,-0.03
-1.89120e-03,0.01,0.03
-1.89112e-03,0.03,-0.01
-1.89104e-03,0.03,0.05
-1.89096e-03,0.05,-0.01
-1.89088e-03,0.01,0.05
-1.89080e-03,0.03,-0.01
-1.89072e-03,0.03,0.05
-1.89064e-03,0.01,-0.01
-1.89056e-03,0.03,0.05
-1.89048e-03,0.01,-0.01
-1.89040e-03,0.05,0.05
-1.89032e-03,0.01,-0.01
-1.89024e-03,0.03,0.05
-1.89016e-03,0.03,-0.01
-1.89008e-03,0.03,0.05
-1.89000e-03,0.03,-0.01
-1.88992e-03,0.01,0.05
-1.88984e-03,0.05,-0.01
-1.88976e-03,0.03,0.05
-1.88968e-03,0.03,-0.01
-1.88960e-03,0.03,0.05
-1.88952e-03,0.03,-0.01
-1.88944e-03,0.03,0.05
-1.88936e-03,0.03,-0.01
-1.88928e-03,0.03,0.05
-1.88920e-03,0.01,-0.01
-1.88912e-03,0.05,0.05
-1.88904e-03,0.03,-0.03
-1.88896e-03,0.01,0.05
-1.88888e-03,0.03,-0.01
-1.88880e-03,0.01,0.05
-1.88872e-03,0.03,-0.01
-1.88864e-03,0.03,0.05
-1.88856e-03,0.05,-0.03
-1.88848e-03,0.01,0.05
-1.88840e-03,0.03,-0.01
-1.88832e-03,0.03,0.05
-1.88824e-03,0.03,-0.01
-1.88816e-03,0.03,0.05
-1.88808e-03,0.05,-0.01
-1.88800e-03,0.03,0.05
-1.88792e-03,0.01,-0.01
-1.88784e-03,0.03,0.05
-1.88776e-03,0.01,-0.03
-1.88768e-03,0.03,0.07
-1.88760e-03,0.03,-0.03
-1.88752e-03,0.01,0.05
-1.88744e-03,0.05,-0.03
-1.88736e-03,0.01,0.05
-1.88728e-03,0.03,-0.03
-1.88720e-03,0.03,0.05
-1.88712e-03,0.03,-0.01
-1.88704e-03,0.03,0.05
-1.88696e-03,0.05,-0.01
-1.88688e-03,0.01,0.05
-1.88680e-03,0.03,-0.03
-1.88672e-03,0.03,0.07
-1.88664e-03,-0.01,-0.03
-1.88656e-03,0.03,0.05
-1.88648e-03,0.03,-0.03
-1.88640e-03,0.03,0.07
-1.88632e-03,0.03,-0.03
-1.88624e-03,0.01,0.05
-1.88616e-03,0.03,-0.03
-1.88608e-03,0.03,0.05
-1.88600e-03,0.03,-0.01
-1.88592e-03,0.03,0.05
-1.88584e-03,0.03,-0.01
-1.88576e-03,0.03,0.05
-1.88568e-03,0.03,-0.01
-1.88560e-03,0.03,0.05
-1.88552e-03,0.03,-0.03
-1.88544e-03,0.01,0.05
-1.88536e-03,0.01,-0.01
-1.88528e-03,0.03,0.05
-1.88520e-03,0.01,-0.01
-1.88512e-03,0.05,0.05
-1.88504e-03,0.03,-0.03
-1.88496e-03,0.03,0.07
-1.88488e-03,0.03,-0.01
-1.88480e-03,0.01,0.05
-1.88472e-03,0.05,-0.01
-1.88464e-03,0.01,0.05
-1.88456e-03,0.03,-0.01
-1.88448e-03,0.03,0.07
-1.88440e-03,0.05,-0.01
-1.88432e-03,0.01,0.05
-1.88424e-03,0.03,-0.03
-1.88416e-03,0.01,0.05
-1.88408e-03,0.03,-0.01
-1.88400e-03,0.05,0.05
-1.88392e-03,0.03,-0.01
-1.88384e-03,0.03,0.07
-1.88376e-03,0.03,-0.03
-1.88368e-03,0.03,0.05
-1.88360e-03,0.03,-0.03
-1.88352e-03,0.01,0.07
-1.88344e-03,0.03,-0.03
-1.88336e-03,0.03,0.07
-1.88328e-03,0.03,-0.01
-1.88320e-03,0.01,0.07
-1.88312e-03,0.05,-0.03
-1.88304e-03,0.01,0.05
-1.88296e-03,0.03,-0.01
-1.88288e-03,0.03,0.05
-1.88280e-03,0.03,-0.01
-1.88272e-03,0.05,0.05
-1.88264e-03,0.03,-0.01
-1.88256e-03,0.05,0.05
-1.88248e-03,0.03,-0.01
-1.88240e-03,0.03,0.05
-1.88232e-03,0.03,-0.01
-1.88224e-03,0.03,0.07
-1.88216e-03,0.03,-0.01
-1.88208e-03,0.03,0.05
-1.88200e-03,0.03,-0.01
-1.88192e-03,0.03,0.07
-1.88184e-03,0.03,-0.01
-1.88176e-03,0.01,0.05
-1.88168e-03,0.03,-0.01
-1.88160e-03,0.03,0.05
-1.88152e-03,0.03,-0.01
-1.88144e-03,0.05,0.05
-1.88136e-03,0.01,-0.01
-1.88128e-03,0.03,0.05
-1.88120e-03,0.03,-0.03
-1.88112e-03,0.03,0.05
-1.88104e-03,0.03,-0.01
-1.88096e-03,0.03,0.05
-1.88088e-03,0.03,-0.01
-1.88080e-03,0.01,0.05
-1.88072e-03,0.03,-0.03
-1.88064e-03,0.01,0.05
-1.88056e-03,0.03,-0.01
-1.88048e-03,0.03,0.05
-1.88040e-03,0.03,-0.01
-1.88032e-03,0.01,0.05
-1.88024e-03,0.03,-0.01
-1.88016e-03,0.03,0.05
-1.88008e-03,0.01,-0.01
-1.88000e-03,0.03,0.05
-1.87992e-03,0.01,-0.03
-1.87984e-03,0.03,0.05
-1.87976e-03,0.01,-0.03
-1.87968e-03,0.03,0.05
-1.87960e-03,0.03,-0.03
-1.87952e-03,0.03,0.05
-1.87944e-03,0.03,-0.01
-1.87936e-03,0.01,0.05
-1.87928e-03,0.03,-0.03
-1.87920e-03,0.01,0.05
-1.87912e-03,0.03,-0.01
-1.87904e-03,0.01,0.05
-1.87896e-03,0.03,-0.01
-1.87888e-03,0.01,0.05
-1.87880e-03,0.03,-0.03
-1.87872e-03,0.03,0.05
-1.87864e-03,0.03,-0.03
-1.87856e-03,0.05,0.05
-1.87848e-03,0.05,-0.03
-1.87840e-03,0.05,0.05
-1.87832e-03,0.01,-0.03
-1.87824e-03,0.03,0.07
-1.87816e-03,0.01,-0.03
-1.87808e-03,0.03,0.07
-1.87800e-03,0.03,-0.03
-1.87792e-03,0.01,0.05
-1.87784e-03,0.03,-0.03
-1.87776e-03,0.01,0.05
-1.87768e-03,0.03,-0.03
-1.87760e-03,0.03,0.05
-1.87752e-03,0.03,-0.03
-1.87744e-03,0.03,0.05
-1.87736e-03,0.01,-0.03
-1.87728e-03,0.03,0.05
-1.87720e-03,0.01,-0.01
-1.87712e-03,0.03,0.05
-1.87704e-03,0.03,-0.01
-1.87696e-03,0.01,0.05
-1.87688e-03,-0.01,-0.01
-1.87680e-03,0.03,0.05
-1.87672e-03,0.03,-0.01
-1.87664e-03,0.01,0.05
-1.87656e-03,0.03,-0.01
-1.87648e-03,0.01,0.05
-1.87640e-03,0.01,-0.03
-1.87632e-03,0.01,0.05
-1.87624e-03,0.03,-0.03
-1.87616e-03,-0.03,0.07
-1.87608e-03,0.01,-0.05
-1.87600e-03,0.05,0.07
-1.87592e-03,0.01,-0.07
-1.87584e-03,0.03,0.05
-1.87576e-03,0.03,-0.03
-1.87568e-03,0.03,0.05
-1.87560e-03,0.03,-0.01
-1.87552e-03,0.01,0.05
-1.87544e-03,0.03,-0.01
-1.87536e-03,0.01,0.05
-1.87528e-03,0.05,-0.03
-1.87520e-03,0.01,0.05
-1.87512e-03,0.03,-0.01
-1.87504e-03,0.01,0.05
-1.87496e-03,0.03,-0.03
-1.87488e-03,0.03,0.05
-1.87480e-03,0.03,-0.01
-1.87472e-03,0.01,0.05
-1.87464e-03,0.03,-0.03
-1.87456e-03,0.03,0.05
-1.87448e-03,0.03,-0.03
-1.87440e-03,0.03,0.05
-1.87432e-03,0.01,-0.01
-1.87424e-03,0.03,0.05
-1.87416e-03,0.03,-0.01
-1.87408e-03,0.01,0.05
-1.87400e-03,0.03,-0.03
-1.87392e-03,0.03,0.05
-1.87384e-03,0.03,-0.01
-1.87376e-03,0.01,0.05
-1.87368e-03,0.01,-0.01
-1.87360e-03,0.03,0.05
-1.87352e-03,0.01,-0.03
-1.87344e-03,0.01,0.05
-1.87336e-03,0.03,-0.01
-1.87328e-03,0.03,0.05
-1.87320e-03,0.03,-0.03
-1.87312e-03,0.03,0.03
-1.87304e-03,0.01,-0.01
-1.87296e-03,0.03,0.05
-1.87288e-03,0.03,-0.03
-1.87280e-03,0.01,0.05
-1.87272e-03,0.03,-0.03
-1.87264e-03,0.03,0.05
-1.87256e-03,0.03,-0.01
-1.87248e-03,0.03,0.05
-1.87240e-03,0.03,-0.03
-1.87232e-03,0.03,0.05
-1.87224e-03,0.03,-0.01
-1.87216e-03,0.01,0.05
-1.87208e-03,0.03,-0.01
-1.87200e-03,0.03,0.03
-1.87192e-03,0.03,-0.01
-1.87184e-03,0.03,0.05
-1.87176e-03,0.03,-0.01
-1.87168e-03,0.03,0.05
-1.87160e-03,0.05,-0.03
-1.87152e-03,0.01,0.05
-1.87144e-03,0.01,-0.01
-1.87136e-03,0.01,0.05
-1.87128e-03,0.03,-0.03
-1.87120e-03,0.03,0.05
-1.87112e-03,0.05,-0.03
-1.87104e-03,0.03,0.05
-1.87096e-03,0.01,-0.03
-1.87088e-03,0.01,0.05
-1.87080e-03,0.01,-0.03
-1.87072e-03,0.03,0.05
-1.87064e-03,0.03,-0.01
-1.87056e-03,0.03,0.05
-1.87048e-03,0.01,-0.01
-1.87040e-03,0.05,0.05
-1.87032e-03,0.03,-0.01
-1.87024e-03,0.03,0.05
-1.87016e-03,0.03,-0.01
-1.87008e-03,0.03,0.05
-1.87000e-03,0.03,-0.03
-1.86992e-03,0.01,0.05
-1.86984e-03,0.03,-0.03
-1.86976e-03,0.01,0.05
-1.86968e-03,0.03,-0.03
-1.86960e-03,0.03,0.05
-1.86952e-03,0.01,-0.03
-1.86944e-03,0.09,0.05
-1.86936e-03,-0.03,-0.03
-1.86928e-03,0.05,0.11
-1.86920e-03,0.03,-0.05
-1.86912e-03,0.03,0.13
-1.86904e-03,0.01,-0.01
-1.86896e-03,0.03,0.05
-1.86888e-03,0.01,-0.01
-1.86880e-03,0.03,0.05
-1.86872e-03,0.01,-0.01
-1.86864e-03,0.03,0.05
-1.86856e-03,0.03,-0.03
-1.86848e-03,0.03,0.05
-1.86840e-03,0.01,-0.01
-1.86832e-03,0.03,0.05
-1.86824e-03,0.03,-0.03
-1.86816e-03,0.03,0.07
-1.86808e-03,0.03,-0.03
-1.86800e-03,0.03,0.05
-1.86792e-03,0.03,-0.03
-1.86784e-03,0.03,0.05
-1.86776e-03,0.03,-0.03
-1.86768e-03,0.03,0.05
-1.86760e-03,0.01,-0.03
-1.86752e-03,0.03,0.05
-1.86744e-03,0.05,-0.03
-1.86736e-03,0.03,0.05
-1.86728e-03,0.03,-0.01
-1.86720e-03,0.01,0.05
-1.86712e-03,0.05,-0.01
-1.86704e-03,0.03,0.05
-1.86696e-03,0.03,-0.01
-1.86688e-03,0.03,0.05
-1.86680e-03,0.05,-0.01
-1.86672e-03,0.03,0.05
-1.86664e-03,0.01,-0.01
-1.86656e-03,0.03,0.05
-1.86648e-03,0.03,-0.01
-1.86640e-03,0.05,0.05
-1.86632e-03,0.03,-0.01
-1.86624e-03,0.03,0.05
-1.86616e-03,0.05,-0.01
-1.86608e-03,0.01,0.05
-1.86600e-03,0.05,-0.01
-1.86592e-03,0.03,0.05
-1.86584e-03,0.03,-0.03
-1.86576e-03,0.01,0.05
-1.86568e-03,0.03,-0.03
-1.86560e-03,0.03,0.05
-1.86552e-03,0.03,-0.03
-1.86544e-03,0.05,0.05
-1.86536e-03,0.03,-0.01
-1.86528e-03,0.03,0.05
-1.86520e-03,0.01,-0.01
-1.86512e-03,0.03,0.05
-1.86504e-03,0.03,-0.01
-1.86496e-03,0.03,0.05
-1.86488e-03,0.05,-0.01
-1.86480e-03,0.03,0.05
-1.86472e-03,0.03,-0.03
-1.86464e-03,0.03,0.07
-1.86456e-03,0.05,-0.01
-1.86448e-03,0.03,0.07
-1.86440e-03,0.03,-0.03
-1.86432e-03,0.03,0.05
-1.86424e-03,0.05,-0.01
-1.86416e-03,0.03,0.05
-1.86408e-03,0.03,-0.01
-1.86400e-03,0.03,0.05
-1.86392e-03,0.01,-0.01
-1.86384e-03,0.03,0.05
-1.86376e-03,0.03,-0.01
-1.86368e-03,0.03,0.07
-1.86360e-03,0.03,-0.01
-1.86352e-03,-0.01,0.05
-1.86344e-03,0.01,-0.03
-1.86336e-03,0.03,0.07
-1.86328e-03,0.05,-0.03
-1.86320e-03,0.03,0.07
-1.86312e-03,0.05,-0.03
-1.86304e-03,0.01,0.07
-1.86296e-03,0.05,-0.03
-1.86288e-03,0.01,0.05
-1.86280e-03,0.03,-0.01
-1.86272e-03,0.03,0.05
-1.86264e-03,0.03,-0.03
-1.86256e-03,0.03,0.05
-1.86248e-03,0.03,-0.01
-1.86240e-03,0.03,0.05
-1.86232e-03,0.03,-0.01
-1.86224e-03,0.03,0.05
-1.86216e-03,0.03,-0.03
-1.86208e-03,0.01,0.05
-1.86200e-03,0.03,-0.01
-1.86192e-03,0.03,0.05
-1.86184e-03,0.03,-0.03
-1.86176e-03,0.03,0.05
-1.86168e-03,0.03,-0.01
-1.86160e-03,0.03,0.05
-1.86152e-03,0.03,-0.01
-1.86144e-03,0.03,0.05
-1.86136e-03,0.01,-0.01
-1.86128e-03,0.03,0.05
-1.86120e-03,0.03,-0.03
-1.86112e-03,0.03,0.05
-1.86104e-03,0.03,-0.01
-1.86096e-03,0.01,0.05
-1.86088e-03,0.03,-0.01
-1.86080e-03,0.01,0.05
-1.86072e-03,0.03,-0.03
-1.86064e-03,0.03,0.05
-1.86056e-03,0.03,-0.01
-1.86048e-03,0.01,0.05
-1.86040e-03,0.03,-0.01
-1.86032e-03,0.03,0.07
-1.86024e-03,0.03,-0.01
-1.86016e-03,0.03,0.05
-1.86008e-03,0.03,-0.01
-1.86000e-03,0.05,0.05
-1.85992e-03,0.01,-0.03
-1.85984e-03,0.05,0.05
-1.85976e-03,0.03,-0.03
-1.85968e-03,0.03,0.07
-1.85960e-03,0.03,-0.03
-1.85952e-03,0.01,0.05
-1.85944e-03,0.03,-0.01
-1.85936e-03,0.03,0.05
-1.85928e-03,0.03,-0.03
-1.85920e-03,0.01,0.05
-1.85912e-03,0.03,-0.03
-1.85904e-03,0.03,0.05
-1.85896e-03,0.05,-0.01
-1.85888e-03,0.05,0.05
-1.85880e-03,0.03,-0.01
-1.85872e-03,0.05,0.05
-1.85864e-03,0.01,-0.01
-1.85856e-03,0.05,0.05
-1.85848e-03,0.03,-0.01
-1.85840e-03,0.03,0.05
-1.85832e-03,0.03,-0.03
-1.85824e-03,0.03,0.05
-1.85816e-03,0.03,-0.01
-1.85808e-03,0.01,0.05
-1.85800e-03,0.03,-0.01
-1.85792e-03,0.01,0.05
-1.85784e-03,0.05,-0.03
-1.85776e-03,0.03,0.05
-1.85768e-03,0.03,-0.03
-1.85760e-03,0.03,0.05
-1.85752e-03,0.03,-0.03
-1.85744e-03,0.03,0.05
-1.85736e-03,0.03,-0.01
-1.85728e-03,0.05,0.05
-1.85720e-03,0.01,-0.03
-1.85712e-03,0.03,0.05
-1.85704e-03,0.03,-0.03
-1.85696e-03,0.03,0.05
-1.85688e-03,0.03,-0.03
-1.85680e-03,0.03,0.05
-1.85672e-03,0.03,-0.01
-1.85664e-03,0.03,0.05
-1.85656e-03,0.05,-0.01
-1.85648e-03,0.01,0.05
-1.85640e-03,0.03,-0.01
-1.85632e-03,0.05,0.05
-1.85624e-03,0.05,-0.01
-1.85616e-03,0.05,0.07
-1.85608e-03,0.01,-0.03
-1.85600e-03,0.03,0.07
-1.85592e-03,-0.01,-0.03
-1.85584e-03,0.03,0.07
-1.85576e-03,0.03,-0.03
-1.85568e-03,0.03,0.07
-1.85560e-03,0.03,-0.03
-1.85552e-03,0.03,0.05
-1.85544e-03,0.01,-0.03
-1.85536e-03,0.01,0.07
-1.85528e-03,0.03,-0.03
-1.85520e-03,-0.01,0.07
-1.85512e-03,0.05,-0.03
-1.85504e-03,0.01,0.05
-1.85496e-03,0.03,-0.03
-1.85488e-03,0.03,0.05
-1.85480e-03,0.01,-0.03
-1.85472e-03,0.05,0.05
-1.85464e-03,0.01,-0.03
-1.85456e-03,0.03,0.05
-1.85448e-03,0.01,-0.03
-1.85440e-03,0.03,0.05
-1.85432e-03,0.01,-0.03
-1.85424e-03,0.03,0.05
-1.85416e-03,0.03,-0.03
-1.85408e-03,0.03,0.05
-1.85400e-03,0.03,-0.01
-1.85392e-03,0.01,0.05
-1.85384e-03,0.03,-0.03
-1.85376e-03,0.01,0.05
-1.85368e-03,0.03,-0.01
-1.85360e-03,0.03,0.05
-1.85352e-03,0.01,-0.01
-1.85344e-03,0.07,0.05
-1.85336e-03,0.01,-0.03
-1.85328e-03,0.03,0.07
-1.85320e-03,0.01,-0.01
-1.85312e-03,0.05,0.07
-1.85304e-03,0.01,-0.03
-1.85296e-03,0.03,0.05
-1.85288e-03,0.03,-0.01
-1.85280e-03,0.01,0.07
-1.85272e-03,0.03,-0.03
-1.85264e-03,0.01,0.05
-1.85256e-03,0.03,-0.01
-1.85248e-03,0.01,0.05
-1.85240e-03,0.03,-0.01
-1.85232e-03,0.03,0.05
-1.85224e-03,0.03,-0.01
-1.85216e-03,0.03,0.05
-1.85208e-03,0.03,-0.01
-1.85200e-03,0.03,0.05
-1.85192e-03,0.03,-0.01
-1.85184e-03,0.05,0.05
-1.85176e-03,0.03,-0.03
-1.85168e-03,0.05,0.05
-1.85160e-03,0.03,-0.01
-1.85152e-03,0.03,0.05
-1.85144e-03,0.03,-0.01
-1.85136e-03,0.03,0.05
-1.85128e-03,0.05,-0.03
-1.85120e-03,0.01,0.05
-1.85112e-03,0.03,-0.01
-1.85104e-03,0.01,0.05
-1.85096e-03,0.03,-0.01
-1.85088e-03,0.03,0.05
-1.85080e-03,0.03,-0.03
-1.85072e-03,0.03,0.05
-1.85064e-03,0.03,-0.03
-1.85056e-03,0.03,0.05
-1.85048e-03,0.03,-0.03
-1.85040e-03,0.01,0.05
-1.85032e-03,0.03,-0.01
-1.85024e-03,0.07,0.05
-1.85016e-03,0.01,-0.05
-1.85008e-03,0.01,0.07
-1.85000e-03,0.03,-0.03
-1.84992e-03,0.01,0.07
-1.84984e-03,0.03,-0.03
-1.84976e-03,0.03,0.05
-1.84968e-03,0.03,-0.01
-1.84960e-03,0.01,0.07
-1.84952e-03,0.03,-0.01
-1.84944e-03,0.03,0.05
-1.84936e-03,0.01,-0.03
-1.84928e-03,0.03,0.05
-1.84920e-03,0.03,-0.03
-1.84912e-03,0.03,0.05
-1.84904e-03,0.03,-0.01
-1.84896e-03,0.03,0.05
-1.84888e-03,0.01,-0.03
-1.84880e-03,0.01,0.05
-1.84872e-03,0.03,-0.03
-1.84864e-03,-0.01,0.05
-1.84856e-03,0.03,-0.03
-1.84848e-03,0.01,0.05
-1.84840e-03,0.03,-0.03
-1.84832e-03,0.05,0.05
-1.84824e-03,0.03,-0.03
-1.84816e-03,0.05,0.05
-1.84808e-03,0.03,-0.03
-1.84800e-03,0.01,0.05
-1.84792e-03,0.03,-0.03
-1.84784e-03,0.03,0.05
-1.84776e-03,0.03,-0.01
-1.84768e-03,0.03,0.05
-1.84760e-03,0.01,-0.01
-1.84752e-03,0.03,0.05
-1.84744e-03,0.03,-0.01
-1.84736e-03,0.03,0.05
-1.84728e-03,0.03,-0.03
-1.84720e-03,0.01,0.05
-1.84712e-03,0.03,-0.03
-1.84704e-03,0.01,0.05
-1.84696e-03,0.03,-0.01
-1.84688e-03,0.03,0.05
-1.84680e-03,0.01,-0.01
-1.84672e-03,0.03,0.05
-1.84664e-03,0.03,-0.01
-1.84656e-03,0.05,0.05
-1.84648e-03,0.01,-0.01
-1.84640e-03,0.03,0.05
-1.84632e-03,0.03,-0.01
-1.84624e-03,0.03,0.05
-1.84616e-03,0.05,-0.01
-1.84608e-03,0.03,0.05
-1.84600e-03,0.05,-0.01
-1.84592e-03,0.03,0.05
-1.84584e-03,0.03,-0.01
-1.84576e-03,0.01,0.05
-1.84568e-03,0.03,-0.01
-1.84560e-03,0.03,0.05
-1.84552e-03,0.01,-0.01
-1.84544e-03,0.03,0.05
-1.84536e-03,0.01,-0.03
-1.84528e-03,0.03,0.05
-1.84520e-03,0.01,-0.01
-1.84512e-03,0.03,0.05
-1.84504e-03,0.03,-0.01
-1.84496e-03,0.05,0.05
-1.84488e-03,0.03,-0.01
-1.84480e-03,0.01,0.05
-1.84472e-03,0.03,-0.03
-1.84464e-03,0.01,0.05
-1.84456e-03,0.03,-0.03
-1.84448e-03,0.01,0.05
-1.84440e-03,0.03,-0.03
-1.84432e-03,0.03,0.05
-1.84424e-03,0.03,-0.01
-1.84416e-03,0.01,0.05
-1.84408e-03,0.03,-0.01
-1.84400e-03,0.03,0.05
-1.84392e-03,0.01,-0.01
-1.84384e-03,0.05,0.05
-1.84376e-03,0.03,-0.03
-1.84368e-03,0.05,0.05
-1.84360e-03,0.05,-0.01
-1.84352e-03,0.03,0.05
-1.84344e-03,0.03,-0.01
-1.84336e-03,0.01,0.05
-1.84328e-03,0.05,-0.03
-1.84320e-03,0.01,0.05
-1.84312e-03,0.01,-0.03
-1.84304e-03,0.01,0.05
-1.84296e-03,0.01,-0.03
-1.84288e-03,0.03,0.05
-1.84280e-03,0.01,-0.03
-1.84272e-03,0.03,0.05
-1.84264e-03,0.01,-0.03
-1.84256e-03,0.05,0.05
-1.84248e-03,0.01,-0.01
-1.84240e-03,0.05,0.05
-1.84232e-03,0.03,-0.03
-1.84224e-03,0.01,0.05
-1.84216e-03,0.01,-0.03
-1.84208e-03,-0.01,0.05
-1.84200e-03,0.03,-0.03
-1.84192e-03,0.01,0.03
-1.84184e-03,0.01,-0.03
-1.84176e-03,0.03,0.05
-1.84168e-03,0.03,-0.01
-1.84160e-03,0.03,0.05
-1.84152e-03,0.03,-0.01
-1.84144e-03,0.03,0.05
-1.84136e-03,0.01,-0.01
-1.84128e-03,0.03,0.05
-1.84120e-03,0.01,-0.03
-1.84112e-03,0.03,0.05
-1.84104e-03,-0.01,-0.03
-1.84096e-03,0.01,0.05
-1.84088e-03,0.03,-0.03
-1.84080e-03,0.05,0.07
-1.84072e-03,0.05,-0.03
-1.84064e-03,0.03,0.07
-1.84056e-03,0.03,-0.03
-1.84048e-03,0.01,0.07
-1.84040e-03,0.05,-0.03
-1.84032e-03,0.01,0.05
-1.84024e-03,0.03,-0.01
-1.84016e-03,0.03,0.05
-1.84008e-03,0.03,-0.03
-1.84000e-03,0.01,0.07
-1.83992e-03,0.03,-0.03
-1.83984e-03,0.05,0.05
-1.83976e-03,0.03,-0.03
-1.83968e-03,0.03,0.05
-1.83960e-03,0.05,-0.03
-1.83952e-03,0.03,0.05
-1.83944e-03,0.03,-0.03
-1.83936e-03,0.03,0.05
-1.83928e-03,0.03,-0.03
-1.83920e-03,0.03,0.05
-1.83912e-03,0.03,-0.01
-1.83904e-03,0.01,0.05
-1.83896e-03,0.03,-0.01
-1.83888e-03,0.01,0.05
-1.83880e-03,0.03,-0.01
-1.83872e-03,0.03,0.05
-1.83864e-03,0.01,-0.01
-1.83856e-03,0.03,0.07
-1.83848e-03,0.03,-0.01
-1.83840e-03,0.03,0.05
-1.83832e-03,0.03,-0.03
-1.83824e-03,0.03,0.07
-1.83816e-03,0.03,-0.03
-1.83808e-03,0.03,0.05
-1.83800e-03,0.05,-0.03
-1.83792e-03,0.01,0.05
-1.83784e-03,0.03,-0.01
-1.83776e-03,0.03,0.05
-1.83768e-03,0.03,-0.01
-1.83760e-03,0.03,0.05
-1.83752e-03,0.03,-0.01
-1.83744e-03,0.03,0.05
-1.83736e-03,0.03,-0.01
-1.83728e-03,0.03,0.05
-1.83720e-03,0.01,-0.03
-1.83712e-03,0.03,0.05
-1.83704e-03,0.03,-0.03
-1.83696e-03,0.03,0.05
-1.83688e-03,0.03,-0.03
-1.83680e-03,0.03,0.05
-1.83672e-03,0.03,-0.01
-1.83664e-03,0.03,0.05
-1.83656e-03,0.03,-0.03
-1.83648e-03,0.03,0.05
-1.83640e-03,0.03,-0.03
-1.83632e-03,0.01,0.05
-1.83624e-03,0.03,-0.01
-1.83616e-03,0.03,0.05
-1.83608e-03,0.01,-0.01
-1.83600e-03,0.03,0.07
-1.83592e-03,0.01,-0.03
-1.83584e-03,0.03,0.05
-1.83576e-03,0.03,-0.03
-1.83568e-03,0.03,0.05
-1.83560e-03,0.03,-0.01
-1.83552e-03,0.01,0.05
-1.83544e-03,0.03,-0.03
-1.83536e-03,0.03,0.05
-1.83528e-03,0.03,-0.01
-1.83520e-03,0.01,0.05
-1.83512e-03,0.03,-0.03
-1.83504e-03,0.01,0.05
-1.83496e-03,0.03,-0.01
-1.83488e-03,0.01,0.05
-1.83480e-03,0.03,-0.01
-1.83472e-03,0.01,0.05
-1.83464e-03,0.01,-0.01
-1.83456e-03,0.03,0.05
-1.83448e-03,0.03,-0.03
-1.83440e-03,0.03,0.07
-1.83432e-03,0.03,-0.01
-1.83424e-03,0.03,0.05
-1.83416e-03,0.03,-0.03
-1.83408e-03,0.03,0.05
-1.83400e-03,0.03,-0.01
-1.83392e-03,0.03,0.05
-1.83384e-03,0.03,-0.01
-1.83376e-03,0.01,0.05
-1.83368e-03,0.03,-0.01
-1.83360e-03,0.03,0.05
-1.83352e-03,0.03,-0.01
-1.83344e-03,0.03,0.05
-1.83336e-03,0.03,-0.03
-1.83328e-03,0.05,0.07
-1.83320e-03,0.03,-0.01
-1.83312e-03,0.03,0.07
-1.83304e-03,0.01,-0.03
-1.83296e-03,0.01,0.07
-1.83288e-03,0.03,-0.03
-1.83280e-03,0.01,0.07
-1.83272e-03,0.03,-0.03
-1.83264e-03,0.03,0.07
-1.83256e-03,0.03,-0.03
-1.83248e-03,0.03,0.05
-1.83240e-03,0.03,-0.03
-1.83232e-03,0.03,0.05
-1.83224e-03,0.01,-0.03
-1.83216e-03,0.03,0.05
-1.83208e-03,0.01,-0.01
-1.83200e-03,0.05,0.05
-1.83192e-03,0.03,-0.01
-1.83184e-03,0.03,0.05
-1.83176e-03,0.01,-0.03
-1.83168e-03,0.03,0.05
-1.83160e-03,0.03,-0.03
-1.83152e-03,0.03,0.05
-1.83144e-03,0.03,-0.01
-1.83136e-03,0.03,0.05
-1.83128e-03,0.03,-0.03
-1.83120e-03,0.03,0.05
-1.83112e-03,0.03,-0.01
-1.83104e-03,0.03,0.05
-1.83096e-03,0.03,-0.03
-1.83088e-03,0.03,0.05
-1.83080e-03,0.03,-0.03
-1.83072e-03,0.05,0.05
-1.83064e-03,0.03,-0.01
-1.83056e-03,0.05,0.05
-1.83048e-03,0.03,-0.01
-1.83040e-03,0.05,0.05
-1.83032e-03,0.03,-0.01
-1.83024e-03,0.03,0.05
-1.83016e-03,0.03,-0.01
-1.83008e-03,0.01,0.05
-1.83000e-03,0.03,-0.03
-1.82992e-03,0.01,0.05
-1.82984e-03,0.03,-0.01
-1.82976e-03,0.03,0.05
-1.82968e-03,0.03,-0.03
-1.82960e-03,0.03,0.05
-1.82952e-03,0.03,-0.01
-1.82944e-03,0.01,0.05
-1.82936e-03,0.01,-0.03
-1.82928e-03,0.03,0.05
-1.82920e-03,0.01,-0.01
-1.82912e-03,0.05,0.05
-1.82904e-03,0.03,-0.03
-1.82896e-03,0.01,0.05
-1.82888e-03,0.01,-0.01
-1.82880e-03,0.01,0.05
-1.82872e-03,0.03,-0.01
-1.82864e-03,0.01,0.05
-1.82856e-03,0.03,-0.03
-1.82848e-03,0.01,0.05
-1.82840e-03,0.03,-0.01
-1.82832e-03,0.03,0.05
-1.82824e-03,0.03,-0.03
-1.82816e-03,0.01,0.05
-1.82808e-03,0.03,-0.01
-1.82800e-03,0.03,0.05
-1.82792e-03,0.01,-0.01
-1.82784e-03,0.03,0.05
-1.82776e-03,0.01,-0.01
-1.82768e-03,0.01,0.05
-1.82760e-03,0.03,-0.01
-1.82752e-03,0.01,0.05
-1.82744e-03,0.03,-0.03
-1.82736e-03,0.01,0.05
-1.82728e-03,0.03,-0.03
-1.82720e-03,0.01,0.05
-1.82712e-03,0.03,-0.01
-1.82704e-03,0.03,0.05
-1.82696e-03,0.03,-0.01
-1.82688e-03,0.03,0.05
-1.82680e-03,0.03,-0.03
-1.82672e-03,0.03,0.05
-1.82664e-03,0.01,-0.01
-1.82656e-03,0.03,0.05
-1.82648e-03,0.01,-0.01
-1.82640e-03,0.03,0.05
-1.82632e-03,0.03,-0.01
-1.82624e-03,0.03,0.05
-1.82616e-03,0.03,-0.03
-1.82608e-03,-0.01,0.05
-1.82600e-03,0.01,-0.07
-1.82592e-03,0.05,0.05
-1.82584e-03,0.03,-0.05
-1.82576e-03,0.03,0.07
-1.82568e-03,0.03,-0.03
-1.82560e-03,0.01,0.05
-1.82552e-03,0.03,-0.03
-1.82544e-03,0.05,0.05
-1.82536e-03,0.01,-0.03
-1.82528e-03,0.01,0.05
-1.82520e-03,0.01,-0.01
-1.82512e-03,0.03,0.05
-1.82504e-03,0.01,-0.01
-1.82496e-03,0.03,0.05
-1.82488e-03,0.03,-0.03
-1.82480e-03,0.01,0.05
-1.82472e-03,0.03,-0.03
-1.82464e-03,0.03,0.05
-1.82456e-03,0.05,-0.03
-1.82448e-03,0.03,0.05
-1.82440e-03,0.03,-0.03
-1.82432e-03,0.03,0.05
-1.82424e-03,0.03,-0.01
-1.82416e-03,0.03,0.03
-1.82408e-03,-0.03,-0.01
-1.82400e-03,0.05,0.05
-1.82392e-03,0.03,-0.05
-1.82384e-03,0.03,0.07
-1.82376e-03,0.01,-0.03
-1.82368e-03,0.01,0.05
-1.82360e-03,0.01,-0.01
-1.82352e-03,0.01,0.05
-1.82344e-03,0.03,-0.01
-1.82336e-03,0.03,0.05
-1.82328e-03,0.03,-0.03
-1.82320e-03,0.03,0.05
-1.82312e-03,0.03,-0.01
-1.82304e-03,0.01,0.05
-1.82296e-03,0.03,-0.01
-1.82288e-03,0.03,0.05
-1.82280e-03,0.03,-0.03
-1.82272e-03,0.01,0.05
-1.82264e-03,0.03,-0.01
-1.82256e-03,0.03,0.05
-1.82248e-03,0.03,-0.03
-1.82240e-03,0.03,0.05
-1.82232e-03,0.03,-0.03
-1.82224e-03,0.03,0.05
-1.82216e-03,0.03,-0.03
-1.82208e-03,0.03,0.05
-1.82200e-03,0.03,-0.03
-1.82192e-03,0.01,0.05
-1.82184e-03,0.03,-0.03
-1.82176e-03,0.01,0.05
-1.82168e-03,0.03,-0.03
-1.82160e-03,0.01,0.05
-1.82152e-03,0.03,-0.03
-1.82144e-03,0.03,0.05
-1.82136e-03,0.03,-0.01
-1.82128e-03,0.03,0.05
-1.82120e-03,0.03,-0.03
-1.82112e-03,0.03,0.03
-1.82104e-03,0.01,-0.03
-1.82096e-03,0.03,0.05
-1.82088e-03,0.03,-0.01
-1.82080e-03,0.01,0.05
-1.82072e-03,0.01,-0.01
-1.82064e-03,0.01,0.05
-1.82056e-03,0.01,-0.01
-1.82048e-03,0.01,0.05
-1.82040e-03,0.03,-0.01
-1.82032e-03,0.03,0.05
-1.82024e-03,0.03,-0.03
-1.82016e-03,0.03,0.03
-1.82008e-03,0.03,-0.01
-1.82000e-03,0.03,0.05
-1.81992e-03,-0.01,-0.03
-1.81984e-03,0.03,0.05
-1.81976e-03,0.03,-0.01
-1.81968e-03,0.03,0.05
-1.81960e-03,0.03,-0.01
-1.81952e-03,0.01,0.05
-1.81944e-03,0.03,-0.03
-1.81936e-03,0.05,0.05
-1.81928e-03,0.03,-0.01
-1.81920e-03,0.01,0.11
-1.81912e-03,0.05,-0.05
-1.81904e-03,0.01,0.13
-1.81896e-03,0.05,-0.01
-1.81888e-03,0.03,0.05
-1.81880e-03,0.03,-0.03
-1.81872e-03,0.05,0.05
-1.81864e-03,0.01,-0.01
-1.81856e-03,0.03,0.07
-1.81848e-03,0.03,-0.01
-1.81840e-03,0.03,0.05
-1.81832e-03,0.03,-0.01
-1.81824e-03,0.05,0.05
-1.81816e-03,0.01,-0.01
-1.81808e-03,0.03,0.05
-1.81800e-03,0.03,-0.01
-1.81792e-03,0.03,0.05
-1.81784e-03,0.03,-0.03
-1.81776e-03,0.05,0.07
-1.81768e-03,0.05,-0.03
-1.81760e-03,0.01,0.07
-1.81752e-03,0.03,-0.03
-1.81744e-03,0.03,0.07
-1.81736e-03,0.03,-0.01
-1.81728e-03,0.03,0.05
-1.81720e-03,0.01,-0.03
-1.81712e-03,0.03,0.05
-1.81704e-03,0.05,-0.01
-1.81696e-03,0.03,0.07
-1.81688e-03,0.03,-0.03
-1.81680e-03,0.03,0.07
-1.81672e-03,0.03,-0.03
-1.81664e-03,0.01,0.05
-1.81656e-03,0.05,-0.03
-1.81648e-03,0.01,0.05
-1.81640e-03,0.03,-0.03
-1.81632e-03,0.03,0.05
-1.81624e-03,0.03,-0.03
-1.81616e-03,0.03,0.05
-1.81608e-03,0.01,-0.01
-1.81600e-03,0.03,0.05
-1.81592e-03,0.01,-0.03
-1.81584e-03,0.03,0.05
-1.81576e-03,0.01,-0.03
-1.81568e-03,0.03,0.05
-1.81560e-03,0.03,-0.01
-1.81552e-03,0.01,0.05
-1.81544e-03,0.05,-0.03
-1.81536e-03,0.03,0.05
-1.81528e-03,0.03,-0.01
-1.81520e-03,0.01,0.05
-1.81512e-03,0.05,-0.03
-1.81504e-03,0.03,0.05
-1.81496e-03,0.03,-0.03
-1.81488e-03,0.03,0.05
-1.81480e-03,0.01,-0.03
-1.81472e-03,0.05,0.05
-1.81464e-03,0.03,-0.03
-1.81456e-03,0.03,0.05
-1.81448e-03,0.01,-0.01
-1.81440e-03,0.03,0.05
-1.81432e-03,0.03,-0.01
-1.81424e-03,0.05,0.05
-1.81416e-03,0.03,-0.01
-1.81408e-03,0.03,0.05
-1.81400e-03,0.03,-0.01
-1.81392e-03,0.01,0.05
-1.81384e-03,0.03,-0.01
-1.81376e-03,0.01,0.05
-1.81368e-03,0.03,-0.01
-1.81360e-03,0.03,0.05
-1.81352e-03,0.03,-0.01
-1.81344e-03,0.03,0.05
-1.81336e-03,0.03,-0.01
-1.81328e-03,0.03,0.05
-1.81320e-03,0.03,-0.01
-1.81312e-03,0.03,0.05
-1.81304e-03,0.03,-0.01
-1.81296e-03,0.03,0.05
-1.81288e-03,0.05,-0.03
-1.81280e-03,0.03,0.05
-1.81272e-03,0.03,-0.01
-1.81264e-03,0.01,0.05
-1.81256e-03,0.05,-0.03
-1.81248e-03,0.01,0.05
-1.81240e-03,0.01,-0.03
-1.81232e-03,0.03,0.05
-1.81224e-03,0.03,-0.03
-1.81216e-03,0.03,0.05
-1.81208e-03,0.03,-0.01
-1.81200e-03,0.01,0.05
-1.81192e-03,0.03,-0.01
-1.81184e-03,0.03,0.05
-1.81176e-03,0.03,-0.01
-1.81168e-03,0.05,0.05
-1.81160e-03,0.01,-0.03
-1.81152e-03,0.03,0.05
-1.81144e-03,0.03,-0.01
-1.81136e-03,0.01,0.05
-1.81128e-03,0.03,-0.01
-1.81120e-03,0.03,0.05
-1.81112e-03,0.03,-0.01
-1.81104e-03,0.01,0.05
-1.81096e-03,0.03,-0.03
-1.81088e-03,0.03,0.05
-1.81080e-03,0.03,-0.03
-1.81072e-03,0.03,0.05
-1.81064e-03,0.03,-0.03
-1.81056e-03,0.03,0.05
-1.81048e-03,0.01,-0.01
-1.81040e-03,0.05,0.07
-1.81032e-03,0.03,-0.03
-1.81024e-03,0.03,0.05
-1.81016e-03,0.05,-0.03
-1.81008e-03,0.01,0.05
-1.81000e-03,0.05,-0.03
-1.80992e-03,0.01,0.05
-1.80984e-03,0.03,-0.01
-1.80976e-03,0.03,0.05
-1.80968e-03,0.03,-0.03
-1.80960e-03,0.03,0.05
-1.80952e-03,0.03,-0.01
-1.80944e-03,0.03,0.05
-1.80936e-03,0.01,-0.01
-1.80928e-03,0.05,0.05
-1.80920e-03,0.01,-0.03
-1.80912e-03,0.03,0.05
-1.80904e-03,0.03,-0.03
-1.80896e-03,0.05,0.05
-1.80888e-03,0.03,-0.01
-1.80880e-03,0.01,0.05
-1.80872e-03,0.03,-0.01
-1.80864e-03,0.01,0.05
-1.80856e-03,0.03,-0.01
-1.80848e-03,0.01,0.05
-1.80840e-03,0.03,-0.01
-1.80832e-03,0.03,0.05
-1.80824e-03,0.01,-0.01
-1.80816e-03,0.01,0.05
-1.80808e-03,0.01,-0.03
-1.80800e-03,0.03,0.05
-1.80792e-03,0.03,-0.01
-1.80784e-03,0.03,0.05
-1.80776e-03,0.03,-0.03
-1.80768e-03,0.03,0.05
-1.80760e-03,0.03,-0.03
-1.80752e-03,0.03,0.05
-1.80744e-03,0.05,-0.03
-1.80736e-03,0.01,0.07
-1.80728e-03,0.03,-0.03
-1.80720e-03,0.03,0.05
-1.80712e-03,0.03,-0.01
-1.80704e-03,0.03,0.05
-1.80696e-03,0.03,-0.01
-1.80688e-03,0.03,0.05
-1.80680e-03,0.03,-0.01
-1.80672e-03,0.03,0.05
-1.80664e-03,0.01,-0.01
-1.80656e-03,0.03,0.05
-1.80648e-03,0.03,-0.01
-1.80640e-03,0.05,0.05
-1.80632e-03,0.01,-0.03
-1.80624e-03,0.05,0.05
-1.80616e-03,0.03,-0.01
-1.80608e-03,0.03,0.05
-1.80600e-03,0.03,-0.03
-1.80592e-03,0.03,0.05
-1.80584e-03,0.01,-0.01
-1.80576e-03,0.01,0.07
-1.80568e-03,0.03,-0.03
-1.80560e-03,0.01,0.05
-1.80552e-03,0.03,-0.03
-1.80544e-03,0.01,0.05
-1.80536e-03,0.01,-0.01
-1.80528e-03,0.03,0.05
-1.80520e-03,0.01,-0.03
-1.80512e-03,0.03,0.05
-1.80504e-03,0.03,-0.03
-1.80496e-03,0.03,0.05
-1.80488e-03,0.03,-0.01
-1.80480e-03,0.01,0.05
-1.80472e-03,0.03,-0.03
-1.80464e-03,0.01,0.05
-1.80456e-03,0.03,-0.03
-1.80448e-03,0.01,0.05
-1.80440e-03,0.03,-0.03
-1.80432e-03,0.03,0.05
-1.80424e-03,0.03,-0.01
-1.80416e-03,0.03,0.05
-1.80408e-03,0.03,-0.03
-1.80400e-03,0.03,0.05
-1.80392e-03,0.01,-0.01
-1.80384e-03,0.03,0.05
-1.80376e-03,0.01,-0.03
-1.80368e-03,0.01,0.05
-1.80360e-03,0.01,-0.03
-1.80352e-03,0.03,0.05
-1.80344e-03,0.05,-0.03
-1.80336e-03,0.03,0.05
-1.80328e-03,0.03,-0.01
-1.80320e-03,0.03,0.05
-1.80312e-03,0.03,-0.03
-1.80304e-03,0.01,0.05
-1.80296e-03,0.03,-0.03
-1.80288e-03,0.05,0.05
-1.80280e-03,0.03,-0.03
-1.80272e-03,0.05,0.05
-1.80264e-03,0.01,-0.03
-1.80256e-03,0.03,0.07
-1.80248e-03,0.03,-0.03
-1.80240e-03,0.03,0.05
-1.80232e-03,0.01,-0.03
-1.80224e-03,0.01,0.05
-1.80216e-03,0.05,-0.01
-1.80208e-03,0.03,0.05
-1.80200e-03,0.05,-0.03
-1.80192e-03,0.01,0.05
-1.80184e-03,0.03,-0.03
-1.80176e-03,0.01,0.05
-1.80168e-03,0.05,-0.03
-1.80160e-03,0.03,0.05
-1.80152e-03,0.03,-0.01
-1.80144e-03,0.03,0.05
-1.80136e-03,0.01,-0.01
-1.80128e-03,0.03,0.05
-1.80120e-03,0.03,-0.01
-1.80112e-03,0.03,0.05
-1.80104e-03,0.03,-0.01
-1.80096e-03,0.03,0.07
-1.80088e-03,0.03,-0.01
-1.80080e-03,0.01,0.05
-1.80072e-03,0.03,-0.03
-1.80064e-03,0.03,0.05
-1.80056e-03,0.03,-0.03
-1.80048e-03,0.01,0.05
-1.80040e-03,0.05,-0.01
-1.80032e-03,0.03,0.05
-1.80024e-03,0.03,-0.01
-1.80016e-03,0.03,0.05
-1.80008e-03,0.03,-0.03
-1.80000e-03,0.05,0.05
-1.79992e-03,0.01,-0.01
-1.79984e-03,0.03,0.05
-1.79976e-03,0.01,-0.03
-1.79968e-03,0.01,0.05
-1.79960e-03,0.03,-0.01
-1.79952e-03,0.03,0.05
-1.79944e-03,0.03,-0.03
-1.79936e-03,0.03,0.05
-1.79928e-03,0.05,-0.01
-1.79920e-03,0.03,0.05
-1.79912e-03,0.05,-0.01
-1.79904e-03,0.03,0.05
-1.79896e-03,0.03,-0.03
-1.79888e-03,0.03,0.05
-1.79880e-03,0.01,-0.01
-1.79872e-03,0.03,0.05
-1.79864e-03,0.01,-0.01
-1.79856e-03,0.03,0.05
-1.79848e-03,-0.01,-0.01
-1.79840e-03,0.03,0.05
-1.79832e-03,0.01,-0.03
-1.79824e-03,0.03,0.05
-1.79816e-03,0.03,-0.03
-1.79808e-03,0.03,0.05
-1.79800e-03,0.03,-0.03
-1.79792e-03,0.01,0.05
-1.79784e-03,0.05,-0.03
-1.79776e-03,0.03,0.07
-1.79768e-03,0.07,-0.03
-1.79760e-03,0.03,0.07
-1.79752e-03,0.01,-0.03
-1.79744e-03,0.03,0.07
-1.79736e-03,0.01,-0.03
-1.79728e-03,0.03,0.05
-1.79720e-03,0.01,-0.03
-1.79712e-03,0.03,0.05
-1.79704e-03,0.01,-0.01
-1.79696e-03,0.03,0.05
-1.79688e-03,0.01,-0.01
-1.79680e-03,0.03,0.05
-1.79672e-03,0.03,-0.03
-1.79664e-03,0.01,0.05
-1.79656e-03,0.03,-0.03
-1.79648e-03,0.03,0.05
-1.79640e-03,0.03,-0.03
-1.79632e-03,0.03,0.05
-1.79624e-03,0.03,-0.01
-1.79616e-03,0.05,0.05
-1.79608e-03,0.01,-0.03
-1.79600e-03,0.03,0.05
-1.79592e-03,0.01,-0.01
-1.79584e-03,0.03,0.05
-1.79576e-03,0.03,-0.03
-1.79568e-03,0.03,0.05
-1.79560e-03,0.03,-0.03
-1.79552e-03,0.01,0.05
-1.79544e-03,0.01,-0.05
-1.79536e-03,0.01,0.05
-1.79528e-03,0.03,-0.03
-1.79520e-03,0.03,0.07
-1.79512e-03,0.03,-0.03
-1.79504e-03,0.01,0.05
-1.79496e-03,0.03,-0.01
-1.79488e-03,0.05,0.05
-1.79480e-03,0.01,-0.03
-1.79472e-03,0.03,0.05
-1.79464e-03,0.01,-0.03
-1.79456e-03,0.03,0.07
-1.79448e-03,0.01,-0.03
-1.79440e-03,0.03,0.05
-1.79432e-03,0.03,-0.03
-1.79424e-03,0.03,0.05
-1.79416e-03,0.01,-0.01
-1.79408e-03,0.03,0.05
-1.79400e-03,0.03,-0.01
-1.79392e-03,0.01,0.05
-1.79384e-03,0.03,-0.01
-1.79376e-03,0.01,0.05
-1.79368e-03,0.03,-0.03
-1.79360e-03,0.03,0.05
-1.79352e-03,0.03,-0.03
-1.79344e-03,0.03,0.05
-1.79336e-03,0.03,-0.03
-1.79328e-03,0.03,0.05
-1.79320e-03,0.01,-0.03
-1.79312e-03,0.03,0.05
-1.79304e-03,0.03,-0.01
-1.79296e-03,0.03,0.05
-1.79288e-03,0.01,-0.01
-1.79280e-03,0.03,0.05
-1.79272e-03,0.03,-0.01
-1.79264e-03,0.03,0.05
-1.79256e-03,0.05,-0.01
-1.79248e-03,0.01,0.05
-1.79240e-03,0.03,-0.03
-1.79232e-03,0.03,0.05
-1.79224e-03,0.03,-0.01
-1.79216e-03,0.03,0.05
-1.79208e-03,0.01,-0.03
-1.79200e-03,0.03,0.05
-1.79192e-03,0.03,-0.03
-1.79184e-03,0.05,0.05
-1.79176e-03,0.01,-0.03
-1.79168e-03,0.05,0.05
-1.79160e-03,0.01,-0.01
-1.79152e-03,0.03,0.05
-1.79144e-03,0.03,-0.03
-1.79136e-03,0.03,0.07
-1.79128e-03,0.05,-0.03
-1.79120e-03,0.03,0.05
-1.79112e-03,0.05,-0.03
-1.79104e-03,0.03,0.05
-1.79096e-03,0.03,-0.01
-1.79088e-03,0.03,0.05
-1.79080e-03,0.03,-0.03
-1.79072e-03,0.03,0.05
-1.79064e-03,0.03,-0.03
-1.79056e-03,0.03,0.05
-1.79048e-03,0.03,-0.01
-1.79040e-03,0.03,0.05
-1.79032e-03,0.03,-0.03
-1.79024e-03,0.03,0.05
-1.79016e-03,0.01,-0.01
-1.79008e-03,0.03,0.05
-1.79000e-03,0.03,-0.01
-1.78992e-03,0.03,0.05
-1.78984e-03,0.03,-0.03
-1.78976e-03,0.01,0.05
-1.78968e-03,0.01,-0.03
-1.78960e-03,0.03,0.05
-1.78952e-03,0.03,-0.03
-1.78944e-03,0.03,0.05
-1.78936e-03,0.03,-0.01
-1.78928e-03,0.03,0.05
-1.78920e-03,0.03,-0.01
-1.78912e-03,0.03,0.05
-1.78904e-03,0.03,-0.01
-1.78896e-03,0.01,0.05
-1.78888e-03,0.01,-0.01
-1.78880e-03,0.01,0.05
-1.78872e-03,0.03,-0.01
-1.78864e-03,0.03,0.05
-1.78856e-03,0.03,-0.01
-1.78848e-03,0.01,0.05
-1.78840e-03,0.03,-0.01
-1.78832e-03,0.03,0.05
-1.78824e-03,0.01,-0.01
-1.78816e-03,0.03,0.05
-1.78808e-03,0.01,-0.01
-1.78800e-03,0.03,0.05
-1.78792e-03,0.01,-0.01
-1.78784e-03,0.03,0.05
-1.78776e-03,0.03,-0.03
-1.78768e-03,0.05,0.05
-1.78760e-03,0.03,-0.03
-1.78752e-03,0.03,0.05
-1.78744e-03,0.01,-0.03
-1.78736e-03,0.01,0.07
-1.78728e-03,0.03,-0.03
-1.78720e-03,0.01,0.07
-1.78712e-03,0.05,-0.03
-1.78704e-03,0.03,0.05
-1.78696e-03,0.05,-0.03
-1.78688e-03,0.03,0.05
-1.78680e-03,0.01,-0.03
-1.78672e-03,0.01,0.05
-1.78664e-03,0.01,-0.03
-1.78656e-03,0.05,0.07
-1.78648e-03,0.01,-0.01
-1.78640e-03,0.05,0.05
-1.78632e-03,0.03,-0.01
-1.78624e-03,0.03,0.07
-1.78616e-03,0.05,-0.01
-1.78608e-03,0.01,0.05
-1.78600e-03,0.03,-0.01
-1.78592e-03,0.03,0.05
-1.78584e-03,0.03,-0.03
-1.78576e-03,0.03,0.05
-1.78568e-03,0.03,-0.03
-1.78560e-03,0.03,0.05
-1.78552e-03,0.03,-0.03
-1.78544e-03,0.01,0.05
-1.78536e-03,0.03,-0.03
-1.78528e-03,0.05,0.07
-1.78520e-03,0.01,-0.01
-1.78512e-03,0.03,0.05
-1.78504e-03,0.01,-0.03
-1.78496e-03,0.03,0.05
-1.78488e-03,0.01,-0.03
-1.78480e-03,0.01,0.05
-1.78472e-03,0.03,-0.03
-1.78464e-03,0.03,0.05
-1.78456e-03,0.03,-0.01
-1.78448e-03,0.03,0.05
-1.78440e-03,0.03,-0.03
-1.78432e-03,0.03,0.05
-1.78424e-03,0.03,-0.03
-1.78416e-03,0.03,0.05
-1.78408e-03,0.03,-0.01
-1.78400e-03,0.03,0.05
-1.78392e-03,0.03,-0.01
-1.78384e-03,0.01,0.05
-1.78376e-03,0.03,-0.01
-1.78368e-03,0.05,0.07
-1.78360e-03,0.01,-0.01
-1.78352e-03,0.01,0.05
-1.78344e-03,0.03,-0.03
-1.78336e-03,0.01,0.05
-1.78328e-03,0.03,-0.03
-1.78320e-03,0.01,0.05
-1.78312e-03,0.03,-0.01
-1.78304e-03,0.01,0.05
-1.78296e-03,0.03,-0.01
-1.78288e-03,0.03,0.05
-1.78280e-03,0.03,-0.01
-1.78272e-03,0.03,0.05
-1.78264e-03,0.01,-0.03
-1.78256e-03,0.05,0.05
-1.78248e-03,0.03,-0.01
-1.78240e-03,0.03,0.05
-1.78232e-03,0.03,-0.03
-1.78224e-03,0.01,0.05
-1.78216e-03,0.03,-0.01
-1.78208e-03,0.01,0.05
-1.78200e-03,0.03,-0.03
-1.78192e-03,0.03,0.05
-1.78184e-03,0.03,-0.01
-1.78176e-03,0.03,0.05
-1.78168e-03,0.01,-0.03
-1.78160e-03,0.03,0.05
-1.78152e-03,0.01,-0.03
-1.78144e-03,0.05,0.05
-1.78136e-03,0.01,-0.03
-1.78128e-03,0.05,0.05
-1.78120e-03,0.01,-0.03
-1.78112e-03,0.03,0.05
-1.78104e-03,0.03,-0.01
-1.78096e-03,0.03,0.05
-1.78088e-03,0.03,-0.03
-1.78080e-03,0.01,0.05
-1.78072e-03,0.03,-0.01
-1.78064e-03,0.03,0.05
-1.78056e-03,0.03,-0.01
-1.78048e-03,0.01,0.05
-1.78040e-03,0.03,-0.03
-1.78032e-03,0.01,0.07
-1.78024e-03,-0.01,-0.01
-1.78016e-03,0.05,0.07
-1.78008e-03,0.03,-0.05
-1.78000e-03,0.05,0.07
-1.77992e-03,0.01,-0.03
-1.77984e-03,0.05,0.05
-1.77976e-03,0.03,-0.03
-1.77968e-03,0.03,0.05
-1.77960e-03,0.03,-0.03
-1.77952e-03,0.01,0.05
-1.77944e-03,0.05,-0.03
-1.77936e-03,0.03,0.05
-1.77928e-03,0.03,-0.03
-1.77920e-03,0.01,0.05
-1.77912e-03,0.03,-0.03
-1.77904e-03,0.01,0.05
-1.77896e-03,0.03,-0.03
-1.77888e-03,0.03,0.03
-1.77880e-03,0.01,-0.03
-1.77872e-03,0.03,0.05
-1.77864e-03,0.01,-0.03
-1.77856e-03,0.05,0.05
-1.77848e-03,0.03,-0.03
-1.77840e-03,0.03,0.05
-1.77832e-03,0.03,-0.03
-1.77824e-03,0.03,0.05
-1.77816e-03,0.03,-0.03
-1.77808e-03,0.03,0.05
-1.77800e-03,0.03,-0.03
-1.77792e-03,0.01,0.05
-1.77784e-03,0.05,-0.03
-1.77776e-03,0.03,0.05
-1.77768e-03,0.03,-0.03
-1.77760e-03,0.03,0.05
-1.77752e-03,0.01,-0.03
-1.77744e-03,0.03,0.05
-1.77736e-03,0.03,-0.01
-1.77728e-03,0.05,0.05
-1.77720e-03,0.01,-0.03
-1.77712e-03,0.03,0.05
-1.77704e-03,0.05,-0.01
-1.77696e-03,0.03,0.05
-1.77688e-03,0.03,-0.01
-1.77680e-03,0.03,0.05
-1.77672e-03,0.03,-0.03
-1.77664e-03,0.01,0.05
-1.77656e-03,0.05,-0.03
-1.77648e-03,0.01,0.05
-1.77640e-03,0.03,-0.03
-1.77632e-03,0.03,0.05
-1.77624e-03,0.03,-0.03
-1.77616e-03,0.03,0.05
-1.77608e-03,0.01,-0.01
-1.77600e-03,0.03,0.05
-1.77592e-03,0.01,-0.07
-1.77584e-03,0.03,0.05
-1.77576e-03,0.03,-0.05
-1.77568e-03,0.03,0.07
-1.77560e-03,0.03,-0.03
-1.77552e-03,0.03,0.05
-1.77544e-03,0.03,-0.01
-1.77536e-03,0.03,0.05
-1.77528e-03,0.03,-0.03
-1.77520e-03,-0.01,0.05
-1.77512e-03,0.03,-0.01
-1.77504e-03,0.01,0.05
-1.77496e-03,0.03,-0.03
-1.77488e-03,0.05,0.05
-1.77480e-03,0.01,-0.01
-1.77472e-03,0.03,0.05
-1.77464e-03,0.01,-0.03
-1.77456e-03,0.03,0.05
-1.77448e-03,0.03,-0.03
-1.77440e-03,0.03,0.05
-1.77432e-03,0.03,-0.03
-1.77424e-03,0.03,0.05
-1.77416e-03,0.03,-0.01
-1.77408e-03,0.01,0.05
-1.77400e-03,0.03,-0.03
-1.77392e-03,0.01,0.03
-1.77384e-03,0.03,-0.01
-1.77376e-03,0.03,0.05
-1.77368e-03,0.01,-0.01
-1.77360e-03,0.03,0.03
-1.77352e-03,0.01,-0.01
-1.77344e-03,0.03,0.05
-1.77336e-03,0.03,-0.01
-1.77328e-03,0.03,0.05
-1.77320e-03,0.03,-0.03
-1.77312e-03,0.05,0.05
-1.77304e-03,0.03,-0.01
-1.77296e-03,0.03,0.05
-1.77288e-03,0.03,-0.01
-1.77280e-03,0.01,0.05
-1.77272e-03,0.03,-0.01
-1.77264e-03,0.03,0.05
-1.77256e-03,0.05,-0.03
-1.77248e-03,0.03,0.07
-1.77240e-03,0.03,-0.03
-1.77232e-03,0.01,0.05
-1.77224e-03,0.03,-0.03
-1.77216e-03,0.03,0.05
-1.77208e-03,0.01,-0.03
-1.77200e-03,0.03,0.05
-1.77192e-03,0.01,-0.01
-1.77184e-03,0.03,0.05
-1.77176e-03,0.03,-0.01
-1.77168e-03,0.03,0.03
-1.77160e-03,0.01,-0.03
-1.77152e-03,0.01,0.05
-1.77144e-03,0.03,-0.01
-1.77136e-03,0.01,0.05
-1.77128e-03,0.03,-0.01
-1.77120e-03,0.01,0.05
-1.77112e-03,0.03,-0.03
-1.77104e-03,0.01,0.05
-1.77096e-03,0.01,-0.03
-1.77088e-03,0.03,0.07
-1.77080e-03,0.03,-0.03
-1.77072e-03,0.03,0.07
-1.77064e-03,0.01,-0.03
-1.77056e-03,0.03,0.05
-1.77048e-03,0.01,-0.03
-1.77040e-03,0.05,0.05
-1.77032e-03,0.03,-0.03
-1.77024e-03,0.03,0.05
-1.77016e-03,0.03,-0.01
-1.77008e-03,0.01,0.05
-1.77000e-03,0.05,-0.01
-1.76992e-03,0.03,0.05
-1.76984e-03,0.01,-0.01
-1.76976e-03,0.05,0.05
-1.76968e-03,0.03,-0.03
-1.76960e-03,0.03,0.05
-1.76952e-03,0.03,-0.03
-1.76944e-03,0.03,0.05
-1.76936e-03,0.01,-0.01
-1.76928e-03,0.09,0.05
-1.76920e-03,0.01,-0.03
-1.76912e-03,0.01,0.11
-1.76904e-03,0.03,-0.05
-1.76896e-03,0.03,0.09
-1.76888e-03,0.01,-0.03
-1.76880e-03,0.01,0.05
-1.76872e-03,0.03,-0.03
-1.76864e-03,0.03,0.05
-1.76856e-03,0.03,-0.03
-1.76848e-03,0.01,0.05
-1.76840e-03,0.03,-0.03
-1.76832e-03,0.01,0.05
-1.76824e-03,0.01,-0.01
-1.76816e-03,0.01,0.05
-1.76808e-03,0.03,-0.01
-1.76800e-03,0.03,0.05
-1.76792e-03,0.01,-0.03
-1.76784e-03,0.03,0.05
-1.76776e-03,0.01,-0.03
-1.76768e-03,0.01,0.05
-1.76760e-03,0.01,-0.03
-1.76752e-03,0.01,0.05
-1.76744e-03,0.05,-0.01
-1.76736e-03,0.01,0.05
-1.76728e-03,0.03,-0.01
-1.76720e-03,0.01,0.05
-1.76712e-03,0.03,-0.03
-1.76704e-03,0.03,0.05
-1.76696e-03,0.03,-0.01
-1.76688e-03,0.01,0.05
-1.76680e-03,0.03,-0.01
-1.76672e-03,0.03,0.03
-1.76664e-03,0.03,-0.03
-1.76656e-03,0.03,0.05
-1.76648e-03,0.01,-0.03
-1.76640e-03,0.03,0.05
-1.76632e-03,0.01,-0.01
-1.76624e-03,0.03,0.05
-1.76616e-03,0.03,-0.03
-1.76608e-03,0.03,0.05
-1.76600e-03,0.03,-0.01
-1.76592e-03,0.01,0.05
-1.76584e-03,0.05,-0.01
-1.76576e-03,0.03,0.05
-1.76568e-03,0.03,-0.01
-1.76560e-03,0.01,0.05
-1.76552e-03,0.01,-0.01
-1.76544e-03,0.05,0.05
-1.76536e-03,0.03,-0.03
-1.76528e-03,0.03,0.05
-1.76520e-03,0.01,-0.03
-1.76512e-03,0.01,0.07
-1.76504e-03,0.03,-0.01
-1.76496e-03,0.03,0.05
-1.76488e-03,0.03,-0.03
-1.76480e-03,0.03,0.05
-1.76472e-03,0.03,-0.03
-1.76464e-03,0.01,0.07
-1.76456e-03,0.03,-0.01
-1.76448e-03,0.03,0.05
-1.76440e-03,0.01,-0.01
-1.76432e-03,0.01,0.05
-1.76424e-03,0.03,-0.01
-1.76416e-03,0.03,0.05
-1.76408e-03,0.01,-0.03
-1.76400e-03,0.03,0.07
-1.76392e-03,0.01,-0.03
-1.76384e-03,0.01,0.05
-1.76376e-03,0.03,-0.01
-1.76368e-03,0.03,0.05
-1.76360e-03,0.03,-0.03
-1.76352e-03,0.01,0.05
-1.76344e-03,0.01,-0.03
-1.76336e-03,0.03,0.05
-1.76328e-03,0.05,-0.03
-1.76320e-03,0.03,0.05
-1.76312e-03,0.03,-0.03
-1.76304e-03,0.03,0.05
-1.76296e-03,0.03,-0.03
-1.76288e-03,0.03,0.05
-1.76280e-03,0.01,-0.03
-1.76272e-03,0.03,0.05
-1.76264e-03,0.03,-0.01
-1.76256e-03,0.03,0.05
-1.76248e-03,0.03,-0.03
-1.76240e-03,0.03,0.05
-1.76232e-03,0.03,-0.03
-1.76224e-03,0.01,0.05
-1.76216e-03,0.03,-0.03
-1.76208e-03,0.01,0.05
-1.76200e-03,0.03,-0.03
-1.76192e-03,0.03,0.05
-1.76184e-03,0.03,-0.03
-1.76176e-03,0.01,0.05
-1.76168e-03,0.03,-0.03
-1.76160e-03,0.03,0.05
-1.76152e-03,0.03,-0.01
-1.76144e-03,0.03,0.05
-1.76136e-03,0.01,-0.03
-1.76128e-03,-0.01,0.07
-1.76120e-03,0.03,-0.03
-1.76112e-03,0.03,0.05
-1.76104e-03,0.01,-0.03
-1.76096e-03,0.03,0.05
-1.76088e-03,0.03,-0.01
-1.76080e-03,0.03,0.05
-1.76072e-03,0.03,-0.01
-1.76064e-03,0.03,0.05
-1.76056e-03,0.03,-0.01
-1.76048e-03,0.03,0.05
-1.76040e-03,0.01,-0.01
-1.76032e-03,0.01,0.05
-1.76024e-03,0.03,-0.01
-1.76016e-03,0.05,0.05
-1.76008e-03,0.03,-0.03
-1.76000e-03,0.01,0.05
-1.75992e-03,0.01,-0.03
-1.75984e-03,0.03,0.07
-1.75976e-03,0.01,-0.03
-1.75968e-03,0.03,0.07
-1.75960e-03,0.03,-0.01
-1.75952e-03,0.03,0.05
-1.75944e-03,0.05,-0.01
-1.75936e-03,0.01,0.05
-1.75928e-03,0.03,-0.03
-1.75920e-03,0.01,0.05
-1.75912e-03,0.05,-0.03
-1.75904e-03,0.01,0.05
-1.75896e-03,0.03,-0.03
-1.75888e-03,0.03,0.05
-1.75880e-03,0.03,-0.01
-1.75872e-03,0.05,0.05
-1.75864e-03,0.03,-0.01
-1.75856e-03,0.03,0.05
-1.75848e-03,0.03,-0.01
-1.75840e-03,0.03,0.05
-1.75832e-03,0.03,-0.01
-1.75824e-03,-0.01,0.05
-1.75816e-03,0.03,-0.01
-1.75808e-03,0.03,0.05
-1.75800e-03,0.03,-0.03
-1.75792e-03,0.01,0.05
-1.75784e-03,0.03,-0.03
-1.75776e-03,0.03,0.05
-1.75768e-03,0.03,-0.01
-1.75760e-03,0.03,0.05
-1.75752e-03,0.03,-0.01
-1.75744e-03,0.07,0.05
-1.75736e-03,0.03,-0.03
-1.75728e-03,0.03,0.07
-1.75720e-03,0.01,-0.03
-1.75712e-03,0.03,0.07
-1.75704e-03,0.01,-0.03
-1.75696e-03,0.01,0.05
-1.75688e-03,0.01,-0.03
-1.75680e-03,0.01,0.05
-1.75672e-03,0.03,-0.01
-1.75664e-03,0.01,0.05
-1.75656e-03,0.03,-0.03
-1.75648e-03,0.03,0.05
-1.75640e-03,0.05,-0.03
-1.75632e-03,0.03,0.05
-1.75624e-03,0.01,-0.01
-1.75616e-03,0.03,0.05
-1.75608e-03,-0.01,-0.03
-1.75600e-03,0.03,0.05
-1.75592e-03,0.01,-0.03
-1.75584e-03,0.05,0.05
-1.75576e-03,0.03,-0.01
-1.75568e-03,0.03,0.05
-1.75560e-03,0.01,-0.03
-1.75552e-03,0.01,0.05
-1.75544e-03,0.03,-0.01
-1.75536e-03,0.01,0.05
-1.75528e-03,0.05,-0.03
-1.75520e-03,0.01,0.05
-1.75512e-03,0.03,-0.03
-1.75504e-03,0.01,0.05
-1.75496e-03,0.03,-0.01
-1.75488e-03,0.03,0.05
-1.75480e-03,0.01,-0.01
-1.75472e-03,0.03,0.05
-1.75464e-03,0.01,-0.01
-1.75456e-03,0.03,0.05
-1.75448e-03,0.03,-0.01
-1.75440e-03,0.03,0.05
-1.75432e-03,0.01,-0.03
-1.75424e-03,0.03,0.05
-1.75416e-03,0.01,-0.03
-1.75408e-03,0.01,0.05
-1.75400e-03,0.03,-0.03
-1.75392e-03,0.01,0.05
-1.75384e-03,0.03,-0.03
-1.75376e-03,0.01,0.05
-1.75368e-03,0.03,-0.03
-1.75360e-03,0.01,0.05
-1.75352e-03,0.03,-0.03
-1.75344e-03,0.03,0.05
-1.75336e-03,0.01,-0.03
-1.75328e-03,0.03,0.05
-1.75320e-03,0.03,-0.03
-1.75312e-03,0.03,0.05
-1.75304e-03,0.03,-0.03
-1.75296e-03,0.03,0.05
-1.75288e-03,0.03,-0.03
-1.75280e-03,0.01,0.05
-1.75272e-03,0.03,-0.03
-1.75264e-03,0.01,0.03
-1.75256e-03,0.03,-0.03
-1.75248e-03,0.03,0.05
-1.75240e-03,0.03,-0.01
-1.75232e-03,0.03,0.05
-1.75224e-03,0.03,-0.03
-1.75216e-03,0.03,0.05
-1.75208e-03,0.01,-0.03
-1.75200e-03,0.03,0.05
-1.75192e-03,0.03,-0.03
-1.75184e-03,0.03,0.05
-1.75176e-03,0.01,-0.03
-1.75168e-03,0.03,0.05
-1.75160e-03,0.01,-0.03
-1.75152e-03,0.01,0.05
-1.75144e-03,0.03,-0.03
-1.75136e-03,-0.01,0.05
-1.75128e-03,0.03,-0.01
-1.75120e-03,0.01,0.05
-1.75112e-03,0.01,-0.03
-1.75104e-03,0.01,0.05
-1.75096e-03,0.01,-0.03
-1.75088e-03,0.01,0.05
-1.75080e-03,0.03,-0.03
-1.75072e-03,0.03,0.05
-1.75064e-03,0.01,-0.01
-1.75056e-03,0.03,0.05
-1.75048e-03,0.03,-0.01
-1.75040e-03,0.03,0.05
-1.75032e-03,0.03,-0.03
-1.75024e-03,0.01,0.05
-1.75016e-03,0.03,-0.03
-1.75008e-03,0.03,0.05
-1.75000e-03,0.01,-0.03
-1.74992e-03,0.01,0.05
-1.74984e-03,0.03,-0.03
-1.74976e-03,0.03,0.05
-1.74968e-03,0.03,-0.03
-1.74960e-03,0.03,0.05
-1.74952e-03,0.03,-0.03
-1.74944e-03,0.03,0.05
-1.74936e-03,0.01,-0.03
-1.74928e-03,0.01,0.05
-1.74920e-03,0.03,-0.03
-1.74912e-03,0.05,0.05
-1.74904e-03,0.01,-0.03
-1.74896e-03,0.03,0.05
-1.74888e-03,0.01,-0.03
-1.74880e-03,0.01,0.05
-1.74872e-03,0.03,-0.03
-1.74864e-03,0.01,0.05
-1.74856e-03,0.03,-0.01
-1.74848e-03,0.03,0.05
-1.74840e-03,0.03,-0.03
-1.74832e-03,0.03,0.05
-1.74824e-03,0.01,-0.03
-1.74816e-03,0.03,0.05
-1.74808e-03,0.03,-0.01
-1.74800e-03,0.05,0.05
-1.74792e-03,0.03,-0.03
-1.74784e-03,0.03,0.05
-1.74776e-03,0.03,-0.01
-1.74768e-03,0.01,0.05
-1.74760e-03,0.03,-0.03
-1.74752e-03,0.03,0.05
-1.74744e-03,0.05,-0.01
-1.74736e-03,0.03,0.05
-1.74728e-03,0.05,-0.03
-1.74720e-03,0.03,0.05
-1.74712e-03,0.03,-0.01
-1.74704e-03,0.01,0.05
-1.74696e-03,0.03,-0.03
-1.74688e-03,0.03,0.05
-1.74680e-03,0.03,-0.03
-1.74672e-03,0.05,0.05
-1.74664e-03,0.03,-0.01
-1.74656e-03,0.05,0.05
-1.74648e-03,0.03,-0.01
-1.74640e-03,0.05,0.05
-1.74632e-03,0.01,-0.03
-1.74624e-03,0.03,0.05
-1.74616e-03,0.05,-0.01
-1.74608e-03,0.01,0.05
-1.74600e-03,0.03,-0.03
-1.74592e-03,0.01,0.05
-1.74584e-03,0.05,-0.01
-1.74576e-03,0.01,0.05
-1.74568e-03,0.03,-0.03
-1.74560e-03,0.03,0.05
-1.74552e-03,0.03,-0.01
-1.74544e-03,0.03,0.05
-1.74536e-03,0.01,-0.01
-1.74528e-03,0.03,0.05
-1.74520e-03,0.03,-0.03
-1.74512e-03,0.05,0.05
-1.74504e-03,0.03,-0.03
-1.74496e-03,0.03,0.05
-1.74488e-03,0.03,-0.01
-1.74480e-03,0.03,0.05
-1.74472e-03,0.03,-0.01
-1.74464e-03,0.03,0.05
-1.74456e-03,0.03,-0.01
-1.74448e-03,0.03,0.05
-1.74440e-03,0.03,-0.01
-1.74432e-03,0.03,0.05
-1.74424e-03,0.03,-0.01
-1.74416e-03,0.03,0.05
-1.74408e-03,0.01,-0.03
-1.74400e-03,0.05,0.05
-1.74392e-03,0.01,-0.03
-1.74384e-03,0.03,0.07
-1.74376e-03,0.03,-0.01
-1.74368e-03,0.03,0.05
-1.74360e-03,0.03,-0.01
-1.74352e-03,0.03,0.05
-1.74344e-03,0.03,-0.01
-1.74336e-03,0.03,0.05
-1.74328e-03,0.03,-0.01
-1.74320e-03,0.03,0.05
-1.74312e-03,0.01,-0.03
-1.74304e-03,0.01,0.05
-1.74296e-03,0.03,-0.03
-1.74288e-03,0.01,0.05
-1.74280e-03,0.01,-0.03
-1.74272e-03,0.03,0.05
-1.74264e-03,0.01,-0.03
-1.74256e-03,0.03,0.05
-1.74248e-03,0.03,-0.03
-1.74240e-03,0.03,0.05
-1.74232e-03,0.01,-0.03
-1.74224e-03,0.03,0.07
-1.74216e-03,0.05,-0.03
-1.74208e-03,0.03,0.07
-1.74200e-03,0.03,-0.05
-1.74192e-03,0.03,0.05
-1.74184e-03,0.03,-0.03
-1.74176e-03,0.03,0.05
-1.74168e-03,0.01,-0.03
-1.74160e-03,0.03,0.05
-1.74152e-03,0.01,-0.03
-1.74144e-03,0.03,0.05
-1.74136e-03,0.01,-0.03
-1.74128e-03,0.03,0.05
-1.74120e-03,0.01,-0.01
-1.74112e-03,0.03,0.05
-1.74104e-03,0.03,-0.03
-1.74096e-03,0.03,0.05
-1.74088e-03,0.03,-0.01
-1.74080e-03,-0.01,0.05
-1.74072e-03,0.01,-0.03
-1.74064e-03,0.01,0.05
-1.74056e-03,0.03,-0.03
-1.74048e-03,0.01,0.05
-1.74040e-03,0.03,-0.03
-1.74032e-03,0.03,0.05
-1.74024e-03,0.03,-0.03
-1.74016e-03,0.03,0.05
-1.74008e-03,0.01,-0.03
-1.74000e-03,0.03,0.05
-1.73992e-03,0.05,-0.03
-1.73984e-03,0.01,0.07
-1.73976e-03,0.03,-0.03
-1.73968e-03,0.03,0.07
-1.73960e-03,0.03,-0.01
-1.73952e-03,0.01,0.05
-1.73944e-03,0.05,-0.03
-1.73936e-03,0.03,0.05
-1.73928e-03,0.03,-0.03
-1.73920e-03,0.03,0.05
-1.73912e-03,0.03,-0.03
-1.73904e-03,0.01,0.05
-1.73896e-03,0.03,-0.03
-1.73888e-03,0.01,0.05
-1.73880e-03,0.03,-0.01
-1.73872e-03,0.03,0.05
-1.73864e-03,0.01,-0.01
-1.73856e-03,0.03,0.05
-1.73848e-03,0.01,-0.01
-1.73840e-03,0.03,0.05
-1.73832e-03,0.03,-0.01
-1.73824e-03,0.03,0.05
-1.73816e-03,0.03,-0.01
-1.73808e-03,0.01,0.05
-1.73800e-03,0.03,-0.01
-1.73792e-03,0.03,0.05
-1.73784e-03,0.03,-0.03
-1.73776e-03,0.03,0.05
-1.73768e-03,0.03,-0.03
-1.73760e-03,0.01,0.05
-1.73752e-03,0.03,-0.03
-1.73744e-03,0.03,0.05
-1.73736e-03,0.01,-0.01
-1.73728e-03,0.03,0.05
-1.73720e-03,0.03,-0.01
-1.73712e-03,0.03,0.05
-1.73704e-03,0.03,-0.03
-1.73696e-03,0.01,0.05
-1.73688e-03,0.03,-0.01
-1.73680e-03,0.03,0.05
-1.73672e-03,0.03,-0.01
-1.73664e-03,0.03,0.05
-1.73656e-03,0.05,-0.01
-1.73648e-03,0.03,0.05
-1.73640e-03,0.05,-0.01
-1.73632e-03,0.03,0.05
-1.73624e-03,0.03,-0.03
-1.73616e-03,0.03,0.05
-1.73608e-03,0.03,-0.01
-1.73600e-03,0.03,0.05
-1.73592e-03,-0.01,-0.01
-1.73584e-03,0.03,0.05
-1.73576e-03,0.03,-0.01
-1.73568e-03,0.03,0.05
-1.73560e-03,0.03,-0.01
-1.73552e-03,0.03,0.05
-1.73544e-03,0.03,-0.03
-1.73536e-03,0.03,0.05
-1.73528e-03,0.03,-0.03
-1.73520e-03,0.03,0.05
-1.73512e-03,0.03,-0.01
-1.73504e-03,0.01,0.07
-1.73496e-03,0.05,-0.03
-1.73488e-03,0.05,0.05
-1.73480e-03,0.01,-0.03
-1.73472e-03,0.03,0.07
-1.73464e-03,0.01,-0.01
-1.73456e-03,0.05,0.05
-1.73448e-03,0.01,-0.03
-1.73440e-03,0.03,0.07
-1.73432e-03,0.03,-0.03
-1.73424e-03,0.01,0.05
-1.73416e-03,0.03,-0.03
-1.73408e-03,0.01,0.05
-1.73400e-03,0.03,-0.03
-1.73392e-03,0.03,0.05
-1.73384e-03,0.03,-0.01
-1.73376e-03,0.03,0.05
-1.73368e-03,0.03,-0.03
-1.73360e-03,0.03,0.05
-1.73352e-03,0.03,-0.03
-1.73344e-03,0.03,0.05
-1.73336e-03,0.01,-0.03
-1.73328e-03,0.03,0.05
-1.73320e-03,0.03,-0.03
-1.73312e-03,0.01,0.07
-1.73304e-03,0.03,-0.01
-1.73296e-03,0.05,0.03
-1.73288e-03,0.05,-0.01
-1.73280e-03,0.03,0.05
-1.73272e-03,0.03,-0.01
-1.73264e-03,0.01,0.05
-1.73256e-03,0.05,-0.03
-1.73248e-03,0.01,0.05
-1.73240e-03,0.03,-0.03
-1.73232e-03,0.01,0.05
-1.73224e-03,0.03,-0.03
-1.73216e-03,0.03,0.03
-1.73208e-03,0.01,-0.03
-1.73200e-03,0.03,0.05
-1.73192e-03,0.03,-0.03
-1.73184e-03,0.03,0.05
-1.73176e-03,0.05,-0.03
-1.73168e-03,0.03,0.05
-1.73160e-03,0.01,-0.01
-1.73152e-03,0.03,0.05
-1.73144e-03,0.03,-0.01
-1.73136e-03,0.01,0.05
-1.73128e-03,0.05,-0.03
-1.73120e-03,0.01,0.05
-1.73112e-03,0.03,-0.03
-1.73104e-03,0.01,0.05
-1.73096e-03,0.03,-0.01
-1.73088e-03,0.05,0.05
-1.73080e-03,0.01,-0.03
-1.73072e-03,0.03,0.05
-1.73064e-03,0.01,-0.01
-1.73056e-03,0.03,0.05
-1.73048e-03,0.01,-0.03
-1.73040e-03,0.03,0.05
-1.73032e-03,0.03,-0.01
-1.73024e-03,0.03,0.05
-1.73016e-03,0.01,-0.03
-1.73008e-03,0.01,0.05
-1.73000e-03,0.03,-0.03
-1.72992e-03,0.01,0.05
-1.72984e-03,0.03,-0.01
-1.72976e-03,0.03,0.05
-1.72968e-03,0.03,-0.03
-1.72960e-03,0.01,0.05
-1.72952e-03,0.03,-0.01
-1.72944e-03,0.03,0.05
-1.72936e-03,0.03,-0.03
-1.72928e-03,0.03,0.05
-1.72920e-03,0.03,-0.03
-1.72912e-03,0.03,0.05
-1.72904e-03,0.03,-0.01
-1.72896e-03,0.01,0.05
-1.72888e-03,0.03,-0.01
-1.72880e-03,0.03,0.05
-1.72872e-03,0.03,-0.03
-1.72864e-03,0.03,0.05
-1.72856e-03,0.03,-0.01
-1.72848e-03,0.01,0.05
-1.72840e-03,0.03,-0.01
-1.72832e-03,0.01,0.05
-1.72824e-03,0.05,-0.03
-1.72816e-03,0.03,0.07
-1.72808e-03,0.03,-0.03
-1.72800e-03,0.01,0.05
-1.72792e-03,0.03,-0.03
-1.72784e-03,0.03,0.07
-1.72776e-03,0.03,-0.03
-1.72768e-03,0.03,0.07
-1.72760e-03,0.03,-0.03
-1.72752e-03,0.03,0.07
-1.72744e-03,0.05,-0.01
-1.72736e-03,0.03,0.05
-1.72728e-03,0.05,-0.03
-1.72720e-03,0.03,0.05
-1.72712e-03,0.03,-0.05
-1.72704e-03,0.01,0.05
-1.72696e-03,0.03,-0.03
-1.72688e-03,0.01,0.07
-1.72680e-03,0.01,-0.03
-1.72672e-03,0.03,0.05
-1.72664e-03,0.01,-0.03
-1.72656e-03,0.03,0.05
-1.72648e-03,0.01,-0.03
-1.72640e-03,0.03,0.05
-1.72632e-03,0.01,-0.03
-1.72624e-03,0.03,0.05
-1.72616e-03,0.03,-0.03
-1.72608e-03,0.01,0.05
-1.72600e-03,-0.03,-0.03
-1.72592e-03,0.05,0.07
-1.72584e-03,0.01,-0.09
-1.72576e-03,0.03,0.05
-1.72568e-03,0.03,-0.05
-1.72560e-03,0.03,0.07
-1.72552e-03,0.01,-0.03
-1.72544e-03,0.05,0.05
-1.72536e-03,0.01,-0.01
-1.72528e-03,0.03,0.05
-1.72520e-03,0.03,-0.01
-1.72512e-03,0.01,0.05
-1.72504e-03,0.03,-0.01
-1.72496e-03,0.03,0.05
-1.72488e-03,0.05,-0.01
-1.72480e-03,0.03,0.05
-1.72472e-03,0.03,-0.01
-1.72464e-03,0.03,0.05
-1.72456e-03,0.03,-0.03
-1.72448e-03,0.01,0.05
-1.72440e-03,0.05,-0.01
-1.72432e-03,0.01,0.05
-1.72424e-03,0.01,-0.01
-1.72416e-03,0.03,0.05
-1.72408e-03,0.03,-0.01
-1.72400e-03,0.05,0.05
-1.72392e-03,0.01,-0.03
-1.72384e-03,0.03,0.05
-1.72376e-03,0.03,-0.01
-1.72368e-03,0.03,0.05
-1.72360e-03,0.03,-0.01
-1.72352e-03,0.03,0.07
-1.72344e-03,0.03,-0.01
-1.72336e-03,0.01,0.05
-1.72328e-03,0.05,-0.01
-1.72320e-03,0.03,0.05
-1.72312e-03,0.03,-0.01
-1.72304e-03,0.01,0.05
-1.72296e-03,0.03,-0.01
-1.72288e-03,0.03,0.05
-1.72280e-03,0.03,-0.01
-1.72272e-03,0.03,0.05
-1.72264e-03,0.03,-0.01
-1.72256e-03,0.01,0.05
-1.72248e-03,0.03,-0.01
-1.72240e-03,0.03,0.05
-1.72232e-03,0.03,-0.01
-1.72224e-03,-0.01,0.05
-1.72216e-03,0.03,-0.01
-1.72208e-03,0.03,0.05
-1.72200e-03,0.03,-0.01
-1.72192e-03,0.03,0.05
-1.72184e-03,0.03,-0.01
-1.72176e-03,0.01,0.05
-1.72168e-03,0.03,-0.01
-1.72160e-03,0.03,0.05
-1.72152e-03,0.01,-0.01
-1.72144e-03,0.05,0.05
-1.72136e-03,0.01,-0.01
-1.72128e-03,0.05,0.05
-1.72120e-03,0.01,-0.01
-1.72112e-03,0.03,0.05
-1.72104e-03,0.03,-0.01
-1.72096e-03,-0.01,0.05
-1.72088e-03,0.03,-0.03
-1.72080e-03,0.01,0.05
-1.72072e-03,0.03,-0.03
-1.72064e-03,0.03,0.05
-1.72056e-03,0.05,-0.03
-1.72048e-03,0.01,0.05
-1.72040e-03,0.03,-0.01
-1.72032e-03,0.03,0.05
-1.72024e-03,0.01,-0.03
-1.72016e-03,0.05,0.05
-1.72008e-03,0.03,-0.01
-1.72000e-03,0.03,0.05
-1.71992e-03,0.01,-0.03
-1.71984e-03,0.01,0.05
-1.71976e-03,0.03,-0.03
-1.71968e-03,0.03,0.07
-1.71960e-03,0.01,-0.03
-1.71952e-03,0.03,0.05
-1.71944e-03,0.03,-0.01
-1.71936e-03,0.01,0.05
-1.71928e-03,0.03,-0.01
-1.71920e-03,0.03,0.05
-1.71912e-03,0.07,-0.01
-1.71904e-03,0.01,0.13
-1.71896e-03,0.05,-0.05
-1.71888e-03,0.05,0.07
-1.71880e-03,0.03,-0.03
-1.71872e-03,0.03,0.05
-1.71864e-03,0.01,-0.01
-1.71856e-03,0.03,0.05
-1.71848e-03,0.01,-0.01
-1.71840e-03,0.03,0.05
-1.71832e-03,0.03,-0.03
-1.71824e-03,0.03,0.05
-1.71816e-03,0.03,-0.03
-1.71808e-03,0.03,0.05
-1.71800e-03,0.05,-0.01
-1.71792e-03,0.01,0.05
-1.71784e-03,0.03,-0.01
-1.71776e-03,0.03,0.05
-1.71768e-03,0.03,-0.01
-1.71760e-03,0.03,0.05
-1.71752e-03,0.01,-0.01
-1.71744e-03,0.03,0.05
-1.71736e-03,-0.01,-0.01
-1.71728e-03,0.05,0.05
-1.71720e-03,0.03,-0.01
-1.71712e-03,0.01,0.05
-1.71704e-03,0.03,-0.01
-1.71696e-03,0.03,0.05
-1.71688e-03,0.03,-0.01
-1.71680e-03,0.03,0.05
-1.71672e-03,0.05,-0.01
-1.71664e-03,0.03,0.05
-1.71656e-03,0.03,-0.03
-1.71648e-03,0.01,0.05
-1.71640e-03,0.03,-0.01
-1.71632e-03,0.03,0.05
-1.71624e-03,0.03,-0.03
-1.71616e-03,0.03,0.05
-1.71608e-03,0.01,-0.01
-1.71600e-03,0.05,0.05
-1.71592e-03,0.01,-0.01
-1.71584e-03,0.03,0.05
-1.71576e-03,0.03,-0.03
-1.71568e-03,0.03,0.05
-1.71560e-03,0.03,-0.01
-1.71552e-03,0.01,0.05
-1.71544e-03,0.03,-0.01
-1.71536e-03,0.01,0.07
-1.71528e-03,0.03,-0.01
-1.71520e-03,0.01,0.05
-1.71512e-03,0.03,-0.01
-1.71504e-03,0.03,0.05
-1.71496e-03,0.03,-0.03
-1.71488e-03,0.03,0.05
-1.71480e-03,0.03,-0.03
-1.71472e-03,0.01,0.05
-1.71464e-03,0.03,-0.03
-1.71456e-03,0.03,0.05
-1.71448e-03,0.03,-0.01
-1.71440e-03,0.03,0.05
-1.71432e-03,0.01,-0.01
-1.71424e-03,0.03,0.05
-1.71416e-03,0.03,-0.03
-1.71408e-03,0.03,0.05
-1.71400e-03,0.03,-0.03
-1.71392e-03,0.01,0.05
-1.71384e-03,0.03,-0.03
-1.71376e-03,0.03,0.05
-1.71368e-03,0.01,-0.01
-1.71360e-03,0.03,0.05
-1.71352e-03,0.03,-0.01
-1.71344e-03,0.03,0.05
-1.71336e-03,0.01,-0.01
-1.71328e-03,0.03,0.05
-1.71320e-03,0.01,-0.03
-1.71312e-03,0.03,0.05
-1.71304e-03,0.03,-0.01
-1.71296e-03,0.03,0.05
-1.71288e-03,0.03,-0.01
-1.71280e-03,0.03,0.05
-1.71272e-03,0.01,-0.01
-1.71264e-03,0.01,0.05
-1.71256e-03,0.05,-0.03
-1.71248e-03,0.03,0.05
-1.71240e-03,0.05,-0.01
-1.71232e-03,0.01,0.05
-1.71224e-03,0.01,-0.05
-1.71216e-03,0.03,0.05
-1.71208e-03,0.01,-0.03
-1.71200e-03,0.05,0.07
-1.71192e-03,0.03,-0.03
-1.71184e-03,0.03,0.05
-1.71176e-03,0.03,-0.03
-1.71168e-03,0.03,0.05
-1.71160e-03,0.03,-0.01
-1.71152e-03,-0.01,0.05
-1.71144e-03,0.05,-0.03
-1.71136e-03,0.01,0.05
-1.71128e-03,0.03,-0.03
-1.71120e-03,0.01,0.05
-1.71112e-03,0.03,-0.03
-1.71104e-03,0.05,0.05
-1.71096e-03,0.03,-0.03
-1.71088e-03,0.03,0.05
-1.71080e-03,0.03,-0.01
-1.71072e-03,0.03,0.05
-1.71064e-03,0.03,-0.03
-1.71056e-03,0.03,0.05
-1.71048e-03,0.01,-0.03
-1.71040e-03,0.05,0.05
-1.71032e-03,0.01,-0.03
-1.71024e-03,0.01,0.05
-1.71016e-03,0.03,-0.01
-1.71008e-03,0.03,0.05
-1.71000e-03,0.03,-0.03
-1.70992e-03,0.01,0.05
-1.70984e-03,0.03,-0.03
-1.70976e-03,0.01,0.05
-1.70968e-03,0.03,-0.01
-1.70960e-03,0.03,0.05
-1.70952e-03,0.03,-0.01
-1.70944e-03,0.05,0.05
-1.70936e-03,0.03,-0.03
-1.70928e-03,0.05,0.05
-1.70920e-03,0.03,-0.03
-1.70912e-03,0.03,0.05
-1.70904e-03,0.01,-0.03
-1.70896e-03,0.03,0.05
-1.70888e-03,0.01,-0.01
-1.70880e-03,0.01,0.05
-1.70872e-03,0.05,-0.01
-1.70864e-03,0.01,0.05
-1.70856e-03,0.05,-0.01
-1.70848e-03,0.01,0.05
-1.70840e-03,0.03,-0.03
-1.70832e-03,0.03,0.05
-1.70824e-03,0.03,-0.03
-1.70816e-03,0.03,0.05
-1.70808e-03,0.03,-0.03
-1.70800e-03,0.03,0.05
-1.70792e-03,0.01,-0.03
-1.70784e-03,0.03,0.05
-1.70776e-03,0.01,-0.03
-1.70768e-03,0.01,0.05
-1.70760e-03,0.03,-0.03
-1.70752e-03,0.01,0.05
-1.70744e-03,0.03,-0.01
-1.70736e-03,0.01,0.05
-1.70728e-03,0.03,-0.01
-1.70720e-03,0.01,0.05
-1.70712e-03,0.03,-0.03
-1.70704e-03,0.01,0.05
-1.70696e-03,0.03,-0.01
-1.70688e-03,0.03,0.05
-1.70680e-03,0.01,-0.01
-1.70672e-03,0.03,0.05
-1.70664e-03,0.01,-0.03
-1.70656e-03,0.03,0.05
-1.70648e-03,0.01,-0.03
-1.70640e-03,0.03,0.05
-1.70632e-03,0.03,-0.03
-1.70624e-03,0.03,0.05
-1.70616e-03,0.01,-0.01
-1.70608e-03,0.01,0.05
-1.70600e-03,0.03,-0.01
-1.70592e-03,0.01,0.05
-1.70584e-03,0.03,-0.03
-1.70576e-03,0.01,0.05
-1.70568e-03,0.03,-0.01
-1.70560e-03,0.01,0.05
-1.70552e-03,0.03,-0.01
-1.70544e-03,0.03,0.05
-1.70536e-03,0.01,-0.03
-1.70528e-03,0.05,0.05
-1.70520e-03,0.03,-0.03
-1.70512e-03,0.03,0.05
-1.70504e-03,0.01,-0.03
-1.70496e-03,0.01,0.05
-1.70488e-03,0.03,-0.03
-1.70480e-03,0.03,0.07
-1.70472e-03,0.05,-0.03
-1.70464e-03,0.01,0.05
-1.70456e-03,0.03,-0.03
-1.70448e-03,0.01,0.07
-1.70440e-03,0.05,-0.03
-1.70432e-03,0.01,0.05
-1.70424e-03,0.03,-0.03
-1.70416e-03,0.01,0.05
-1.70408e-03,0.03,-0.03
-1.70400e-03,0.03,0.05
-1.70392e-03,0.03,-0.01
-1.70384e-03,0.03,0.05
-1.70376e-03,0.01,-0.03
-1.70368e-03,0.03,0.05
-1.70360e-03,0.03,-0.01
-1.70352e-03,0.03,0.05
-1.70344e-03,0.03,-0.03
-1.70336e-03,0.03,0.05
-1.70328e-03,0.03,-0.03
-1.70320e-03,0.01,0.05
-1.70312e-03,0.01,-0.01
-1.70304e-03,0.03,0.05
-1.70296e-03,0.01,-0.03
-1.70288e-03,0.03,0.05
-1.70280e-03,0.03,-0.03
-1.70272e-03,0.03,0.05
-1.70264e-03,0.01,-0.03
-1.70256e-03,0.03,0.05
-1.70248e-03,0.01,-0.03
-1.70240e-03,0.03,0.05
-1.70232e-03,0.03,-0.03
-1.70224e-03,0.03,0.05
-1.70216e-03,0.03,-0.01
-1.70208e-03,0.01,0.05
-1.70200e-03,0.03,-0.01
-1.70192e-03,0.03,0.05
-1.70184e-03,0.03,-0.03
-1.70176e-03,0.01,0.05
-1.70168e-03,0.03,-0.01
-1.70160e-03,0.01,0.05
-1.70152e-03,0.03,-0.01
-1.70144e-03,0.03,0.05
-1.70136e-03,0.03,-0.03
-1.70128e-03,0.03,0.05
-1.70120e-03,-0.01,-0.01
-1.70112e-03,0.03,0.05
-1.70104e-03,0.03,-0.03
-1.70096e-03,0.01,0.07
-1.70088e-03,0.03,-0.03
-1.70080e-03,0.01,0.05
-1.70072e-03,0.05,-0.01
-1.70064e-03,0.01,0.05
-1.70056e-03,0.03,-0.01
-1.70048e-03,0.01,0.05
-1.70040e-03,0.03,-0.01
-1.70032e-03,0.01,0.05
-1.70024e-03,0.03,-0.03
-1.70016e-03,0.03,0.05
-1.70008e-03,0.03,-0.03
-1.70000e-03,0.03,0.05
-1.69992e-03,0.01,-0.01
-1.69984e-03,0.05,0.05
-1.69976e-03,0.03,-0.01
-1.69968e-03,0.01,0.05
-1.69960e-03,0.03,-0.01
-1.69952e-03,0.03,0.05
-1.69944e-03,0.03,-0.01
-1.69936e-03,0.03,0.05
-1.69928e-03,0.03,-0.01
-1.69920e-03,0.05,0.05
-1.69912e-03,0.03,-0.03
-1.69904e-03,0.01,0.05
-1.69896e-03,0.03,-0.03
-1.69888e-03,0.03,0.05
-1.69880e-03,0.01,-0.03
-1.69872e-03,0.05,0.05
-1.69864e-03,0.01,-0.03
-1.69856e-03,0.03,0.05
-1.69848e-03,0.03,-0.03
-1.69840e-03,0.03,0.05
-1.69832e-03,0.03,-0.01
-1.69824e-03,0.03,0.05
-1.69816e-03,0.03,-0.01
-1.69808e-03,0.03,0.05
-1.69800e-03,0.03,-0.01
-1.69792e-03,0.03,0.05
-1.69784e-03,0.03,-0.03
-1.69776e-03,0.03,0.05
-1.69768e-03,0.05,-0.01
-1.69760e-03,0.03,0.05
-1.69752e-03,0.03,-0.01
-1.69744e-03,0.01,0.05
-1.69736e-03,-0.01,-0.01
-1.69728e-03,0.03,0.05
-1.69720e-03,0.05,-0.03
-1.69712e-03,0.05,0.07
-1.69704e-03,0.03,-0.03
-1.69696e-03,0.03,0.07
-1.69688e-03,0.01,-0.03
-1.69680e-03,0.03,0.07
-1.69672e-03,0.03,-0.03
-1.69664e-03,0.03,0.07
-1.69656e-03,0.03,-0.03
-1.69648e-03,0.03,0.05
-1.69640e-03,0.03,-0.03
-1.69632e-03,0.03,0.05
-1.69624e-03,0.03,-0.03
-1.69616e-03,0.03,0.05
-1.69608e-03,0.01,-0.03
-1.69600e-03,0.03,0.05
-1.69592e-03,0.03,-0.03
-1.69584e-03,0.03,0.07
-1.69576e-03,0.03,-0.03
-1.69568e-03,0.03,0.05
-1.69560e-03,0.03,-0.03
-1.69552e-03,0.03,0.05
-1.69544e-03,0.03,-0.01
-1.69536e-03,0.01,0.05
-1.69528e-03,0.03,-0.01
-1.69520e-03,0.01,0.05
-1.69512e-03,0.05,-0.01
-1.69504e-03,0.01,0.05
-1.69496e-03,0.03,-0.01
-1.69488e-03,0.03,0.05
-1.69480e-03,0.01,-0.01
-1.69472e-03,0.03,0.05
-1.69464e-03,0.03,-0.01
-1.69456e-03,0.03,0.05
-1.69448e-03,0.03,-0.01
-1.69440e-03,0.03,0.05
-1.69432e-03,0.03,-0.01
-1.69424e-03,0.03,0.05
-1.69416e-03,0.03,-0.01
-1.69408e-03,0.03,0.05
-1.69400e-03,0.03,-0.01
-1.69392e-03,0.03,0.05
-1.69384e-03,0.05,-0.01
-1.69376e-03,0.01,0.05
-1.69368e-03,0.03,-0.01
-1.69360e-03,0.03,0.05
-1.69352e-03,0.03,-0.03
-1.69344e-03,0.03,0.05
-1.69336e-03,0.03,-0.03
-1.69328e-03,0.03,0.05
-1.69320e-03,0.01,-0.01
-1.69312e-03,0.03,0.05
-1.69304e-03,0.03,-0.03
-1.69296e-03,0.01,0.05
-1.69288e-03,0.03,-0.03
-1.69280e-03,0.01,0.05
-1.69272e-03,0.05,-0.03
-1.69264e-03,0.03,0.05
-1.69256e-03,0.03,-0.03
-1.69248e-03,0.03,0.07
-1.69240e-03,0.03,-0.01
-1.69232e-03,0.03,0.05
-1.69224e-03,0.01,-0.03
-1.69216e-03,0.03,0.05
-1.69208e-03,0.01,-0.01
-1.69200e-03,0.03,0.05
-1.69192e-03,0.01,-0.03
-1.69184e-03,0.03,0.05
-1.69176e-03,0.03,-0.01
-1.69168e-03,0.03,0.05
-1.69160e-03,0.01,-0.01
-1.69152e-03,0.03,0.05
-1.69144e-03,0.03,-0.01
-1.69136e-03,0.01,0.05
-1.69128e-03,0.03,-0.01
-1.69120e-03,0.01,0.05
-1.69112e-03,0.03,-0.01
-1.69104e-03,0.03,0.05
-1.69096e-03,0.03,-0.01
-1.69088e-03,0.03,0.05
-1.69080e-03,0.01,-0.01
-1.69072e-03,0.05,0.05
-1.69064e-03,0.03,-0.03
-1.69056e-03,0.01,0.05
-1.69048e-03,0.01,-0.03
-1.69040e-03,0.03,0.05
-1.69032e-03,0.03,-0.01
-1.69024e-03,0.03,0.05
-1.69016e-03,0.03,-0.01
-1.69008e-03,0.01,0.05
-1.69000e-03,0.05,-0.03
-1.68992e-03,0.03,0.05
-1.68984e-03,0.07,-0.03
-1.68976e-03,0.03,0.07
-1.68968e-03,0.01,-0.03
-1.68960e-03,0.03,0.07
-1.68952e-03,0.03,-0.05
-1.68944e-03,0.03,0.07
-1.68936e-03,0.03,-0.01
-1.68928e-03,0.03,0.05
-1.68920e-03,0.03,-0.03
-1.68912e-03,0.03,0.05
-1.68904e-03,0.03,-0.03
-1.68896e-03,0.03,0.05
-1.68888e-03,0.03,-0.03
-1.68880e-03,0.03,0.07
-1.68872e-03,0.03,-0.03
-1.68864e-03,0.03,0.05
-1.68856e-03,0.05,-0.03
-1.68848e-03,0.03,0.07
-1.68840e-03,0.03,-0.01
-1.68832e-03,0.03,0.05
-1.68824e-03,0.01,-0.03
-1.68816e-03,0.03,0.05
-1.68808e-03,0.01,-0.01
-1.68800e-03,0.03,0.05
-1.68792e-03,0.03,-0.01
-1.68784e-03,0.05,0.05
-1.68776e-03,0.01,-0.01
-1.68768e-03,0.03,0.05
-1.68760e-03,0.03,-0.01
-1.68752e-03,0.01,0.05
-1.68744e-03,0.05,-0.03
-1.68736e-03,0.03,0.05
-1.68728e-03,0.05,-0.03
-1.68720e-03,0.01,0.05
-1.68712e-03,0.03,-0.01
-1.68704e-03,0.03,0.05
-1.68696e-03,0.03,-0.01
-1.68688e-03,0.05,0.05
-1.68680e-03,0.01,-0.03
-1.68672e-03,0.03,0.05
-1.68664e-03,0.03,-0.01
-1.68656e-03,0.03,0.05
-1.68648e-03,0.03,-0.01
-1.68640e-03,0.01,0.05
-1.68632e-03,0.03,-0.01
-1.68624e-03,0.03,0.05
-1.68616e-03,0.03,-0.01
-1.68608e-03,-0.01,0.05
-1.68600e-03,0.03,-0.03
-1.68592e-03,0.03,0.05
-1.68584e-03,0.05,-0.03
-1.68576e-03,0.03,0.05
-1.68568e-03,0.03,-0.03
-1.68560e-03,0.01,0.05
-1.68552e-03,0.03,-0.01
-1.68544e-03,0.03,0.05
-1.68536e-03,0.03,-0.01
-1.68528e-03,0.01,0.05
-1.68520e-03,0.03,-0.03
-1.68512e-03,0.03,0.05
-1.68504e-03,0.03,-0.01
-1.68496e-03,0.03,0.05
-1.68488e-03,0.03,-0.03
-1.68480e-03,0.01,0.05
-1.68472e-03,0.05,-0.01
-1.68464e-03,0.01,0.05
-1.68456e-03,0.03,-0.03
-1.68448e-03,0.01,0.05
-1.68440e-03,0.03,-0.03
-1.68432e-03,0.03,0.03
-1.68424e-03,0.01,-0.03
-1.68416e-03,0.03,0.05
-1.68408e-03,0.01,-0.03
-1.68400e-03,0.03,0.05
-1.68392e-03,0.01,-0.03
-1.68384e-03,0.03,0.05
-1.68376e-03,0.03,-0.01
-1.68368e-03,0.03,0.07
-1.68360e-03,0.03,-0.03
-1.68352e-03,0.01,0.07
-1.68344e-03,0.03,-0.03
-1.68336e-03,0.01,0.05
-1.68328e-03,0.03,-0.01
-1.68320e-03,0.03,0.05
-1.68312e-03,0.03,-0.01
-1.68304e-03,0.03,0.05
-1.68296e-03,0.03,-0.01
-1.68288e-03,0.05,0.05
-1.68280e-03,0.03,-0.01
-1.68272e-03,0.03,0.05
-1.68264e-03,0.01,-0.03
-1.68256e-03,0.03,0.05
-1.68248e-03,0.01,-0.03
-1.68240e-03,0.03,0.05
-1.68232e-03,0.03,-0.01
-1.68224e-03,0.03,0.05
-1.68216e-03,0.05,-0.03
-1.68208e-03,0.03,0.05
-1.68200e-03,0.03,-0.03
-1.68192e-03,0.01,0.07
-1.68184e-03,0.01,-0.03
-1.68176e-03,0.03,0.05
-1.68168e-03,0.03,-0.03
-1.68160e-03,0.03,0.05
-1.68152e-03,0.01,-0.01
-1.68144e-03,0.05,0.05
-1.68136e-03,0.01,-0.03
-1.68128e-03,0.03,0.07
-1.68120e-03,0.03,-0.03
-1.68112e-03,0.03,0.05
-1.68104e-03,0.01,-0.03
-1.68096e-03,0.01,0.05
-1.68088e-03,0.03,-0.03
-1.68080e-03,0.01,0.05
-1.68072e-03,0.03,-0.03
-1.68064e-03,0.03,0.05
-1.68056e-03,0.05,-0.01
-1.68048e-03,0.01,0.05
-1.68040e-03,0.07,-0.03
-1.68032e-03,0.01,0.05
-1.68024e-03,0.01,-0.01
-1.68016e-03,0.03,0.07
-1.68008e-03,0.01,-0.03
-1.68000e-03,0.03,0.05
-1.67992e-03,0.01,-0.03
-1.67984e-03,0.03,0.05
-1.67976e-03,0.01,-0.03
-1.67968e-03,0.03,0.05
-1.67960e-03,0.03,-0.01
-1.67952e-03,0.01,0.05
-1.67944e-03,0.03,-0.01
-1.67936e-03,0.01,0.07
-1.67928e-03,0.03,-0.03
-1.67920e-03,0.01,0.05
-1.67912e-03,0.05,-0.03
-1.67904e-03,0.03,0.05
-1.67896e-03,0.03,-0.03
-1.67888e-03,0.03,0.07
-1.67880e-03,0.01,-0.01
-1.67872e-03,0.03,0.05
-1.67864e-03,0.01,-0.03
-1.67856e-03,0.03,0.05
-1.67848e-03,0.03,-0.03
-1.67840e-03,0.03,0.05
-1.67832e-03,0.03,-0.01
-1.67824e-03,0.03,0.05
-1.67816e-03,0.03,-0.01
-1.67808e-03,0.03,0.05
-1.67800e-03,0.03,-0.01
-1.67792e-03,0.01,0.05
-1.67784e-03,0.03,-0.01
-1.67776e-03,0.03,0.05
-1.67768e-03,0.03,-0.03
-1.67760e-03,0.03,0.05
-1.67752e-03,0.01,-0.01
-1.67744e-03,0.03,0.05
-1.67736e-03,0.01,-0.01
-1.67728e-03,0.03,0.05
-1.67720e-03,0.03,-0.03
-1.67712e-03,0.03,0.05
-1.67704e-03,0.03,-0.03
-1.67696e-03,0.03,0.05
-1.67688e-03,0.03,-0.03
-1.67680e-03,0.01,0.05
-1.67672e-03,0.03,-0.03
-1.67664e-03,0.03,0.05
-1.67656e-03,0.05,-0.01
-1.67648e-03,0.01,0.05
-1.67640e-03,0.03,-0.01
-1.67632e-03,0.03,0.05
-1.67624e-03,0.03,-0.03
-1.67616e-03,0.03,0.05
-1.67608e-03,0.03,-0.01
-1.67600e-03,0.03,0.05
-1.67592e-03,-0.03,-0.01
-1.67584e-03,0.03,0.05
-1.67576e-03,0.01,-0.07
-1.67568e-03,0.01,0.07
-1.67560e-03,0.01,-0.05
-1.67552e-03,0.03,0.05
-1.67544e-03,0.03,-0.03
-1.67536e-03,0.01,0.05
-1.67528e-03,0.03,-0.03
-1.67520e-03,0.03,0.05
-1.67512e-03,0.03,-0.03
-1.67504e-03,0.01,0.05
-1.67496e-03,0.03,-0.01
-1.67488e-03,0.03,0.05
-1.67480e-03,0.01,-0.03
-1.67472e-03,0.03,0.07
-1.67464e-03,-0.01,-0.03
-1.67456e-03,0.03,0.05
-1.67448e-03,0.03,-0.03
-1.67440e-03,0.03,0.05
-1.67432e-03,0.03,-0.03
-1.67424e-03,0.01,0.05
-1.67416e-03,0.03,-0.01
-1.67408e-03,0.01,0.03
-1.67400e-03,0.03,-0.01
-1.67392e-03,0.03,0.03
-1.67384e-03,0.03,-0.01
-1.67376e-03,0.01,0.05
-1.67368e-03,0.03,-0.01
-1.67360e-03,0.05,0.03
-1.67352e-03,0.03,-0.03
-1.67344e-03,0.03,0.05
-1.67336e-03,0.03,-0.03
-1.67328e-03,0.03,0.05
-1.67320e-03,0.03,-0.01
-1.67312e-03,0.03,0.05
-1.67304e-03,0.03,-0.01
-1.67296e-03,0.03,0.05
-1.67288e-03,0.03,-0.01
-1.67280e-03,0.01,0.05
-1.67272e-03,0.03,-0.01
-1.67264e-03,0.01,0.05
-1.67256e-03,0.03,-0.01
-1.67248e-03,0.01,0.05
-1.67240e-03,0.03,-0.01
-1.67232e-03,0.03,0.05
-1.67224e-03,0.03,-0.03
-1.67216e-03,0.03,0.05
-1.67208e-03,0.01,-0.01
-1.67200e-03,0.05,0.05
-1.67192e-03,0.03,-0.01
-1.67184e-03,0.03,0.05
-1.67176e-03,0.01,-0.01
-1.67168e-03,0.03,0.03
-1.67160e-03,0.03,-0.01
-1.67152e-03,0.03,0.05
-1.67144e-03,0.03,-0.03
-1.67136e-03,0.03,0.05
-1.67128e-03,0.03,-0.01
-1.67120e-03,0.01,0.05
-1.67112e-03,0.03,-0.01
-1.67104e-03,0.03,0.05
-1.67096e-03,0.01,-0.01
-1.67088e-03,0.03,0.05
-1.67080e-03,0.01,-0.01
-1.67072e-03,0.05,0.05
-1.67064e-03,0.03,-0.01
-1.67056e-03,0.03,0.05
-1.67048e-03,0.03,-0.01
-1.67040e-03,0.01,0.05
-1.67032e-03,0.03,-0.01
-1.67024e-03,0.01,0.05
-1.67016e-03,0.01,-0.01
-1.67008e-03,0.03,0.05
-1.67000e-03,0.03,-0.01
-1.66992e-03,0.01,0.05
-1.66984e-03,0.03,-0.01
-1.66976e-03,0.03,0.05
-1.66968e-03,0.03,-0.01
-1.66960e-03,0.03,0.05
-1.66952e-03,0.03,-0.03
-1.66944e-03,0.03,0.05
-1.66936e-03,0.03,-0.03
-1.66928e-03,0.05,0.05
-1.66920e-03,0.05,-0.03
-1.66912e-03,0.01,0.05
-1.66904e-03,0.05,-0.01
-1.66896e-03,0.03,0.13
-1.66888e-03,0.01,-0.05
-1.66880e-03,0.03,0.07
-1.66872e-03,0.03,-0.03
-1.66864e-03,-0.01,0.05
-1.66856e-03,0.03,-0.01
-1.66848e-03,0.01,0.05
-1.66840e-03,0.03,-0.03
-1.66832e-03,0.03,0.05
-1.66824e-03,0.03,-0.01
-1.66816e-03,0.03,0.05
-1.66808e-03,0.03,-0.01
-1.66800e-03,0.03,0.05
-1.66792e-03,0.03,-0.03
-1.66784e-03,0.03,0.05
-1.66776e-03,0.03,-0.03
-1.66768e-03,0.05,0.07
-1.66760e-03,0.03,-0.03
-1.66752e-03,0.03,0.05
-1.66744e-03,0.03,-0.01
-1.66736e-03,0.01,0.05
-1.66728e-03,0.03,-0.01
-1.66720e-03,0.01,0.05
-1.66712e-03,0.05,-0.01
-1.66704e-03,0.03,0.05
-1.66696e-03,0.01,-0.03
-1.66688e-03,0.01,0.07
-1.66680e-03,-0.01,-0.03
-1.66672e-03,0.05,0.07
-1.66664e-03,0.03,-0.03
-1.66656e-03,0.05,0.07
-1.66648e-03,0.01,-0.01
-1.66640e-03,0.05,0.05
-1.66632e-03,0.03,-0.01
-1.66624e-03,0.03,0.05
-1.66616e-03,0.03,-0.03
-1.66608e-03,-0.01,0.05
-1.66600e-03,0.03,-0.01
-1.66592e-03,0.01,0.05
-1.66584e-03,0.03,-0.01
-1.66576e-03,0.03,0.03
-1.66568e-03,0.01,-0.01
-1.66560e-03,0.03,0.07
-1.66552e-03,0.01,-0.01
-1.66544e-03,0.03,0.05
-1.66536e-03,0.01,-0.01
-1.66528e-03,0.03,0.05
-1.66520e-03,0.03,-0.01
-1.66512e-03,0.03,0.05
-1.66504e-03,0.03,-0.03
-1.66496e-03,0.01,0.05
-1.66488e-03,0.03,-0.01
-1.66480e-03,0.01,0.05
-1.66472e-03,0.05,-0.03
-1.66464e-03,0.03,0.05
-1.66456e-03,0.01,-0.03
-1.66448e-03,0.03,0.05
-1.66440e-03,0.01,-0.01
-1.66432e-03,0.03,0.05
-1.66424e-03,0.03,-0.03
-1.66416e-03,0.01,0.05
-1.66408e-03,0.01,-0.03
-1.66400e-03,0.03,0.05
-1.66392e-03,0.03,-0.03
-1.66384e-03,0.03,0.05
-1.66376e-03,0.01,-0.01
-1.66368e-03,0.03,0.05
-1.66360e-03,0.03,-0.01
-1.66352e-03,0.03,0.05
-1.66344e-03,0.05,-0.01
-1.66336e-03,-0.01,0.05
-1.66328e-03,0.03,-0.03
-1.66320e-03,0.01,0.05
-1.66312e-03,0.03,-0.03
-1.66304e-03,0.03,0.05
-1.66296e-03,0.01,-0.01
-1.66288e-03,0.03,0.05
-1.66280e-03,0.01,-0.03
-1.66272e-03,0.03,0.05
-1.66264e-03,0.01,-0.03
-1.66256e-03,0.05,0.05
-1.66248e-03,0.03,-0.01
-1.66240e-03,0.01,0.05
-1.66232e-03,0.03,-0.01
-1.66224e-03,0.03,0.05
-1.66216e-03,0.01,-0.03
-1.66208e-03,0.03,0.05
-1.66200e-03,0.03,-0.03
-1.66192e-03,0.01,0.05
-1.66184e-03,0.05,-0.03
-1.66176e-03,0.01,0.05
-1.66168e-03,0.03,-0.03
-1.66160e-03,0.03,0.05
-1.66152e-03,0.03,-0.03
-1.66144e-03,0.01,0.05
-1.66136e-03,0.01,-0.01
-1.66128e-03,0.05,0.05
-1.66120e-03,0.03,-0.01
-1.66112e-03,0.01,0.05
-1.66104e-03,0.03,-0.01
-1.66096e-03,0.03,0.05
-1.66088e-03,0.03,-0.03
-1.66080e-03,0.03,0.05
-1.66072e-03,0.03,-0.03
-1.66064e-03,0.03,0.05
-1.66056e-03,0.05,-0.03
-1.66048e-03,0.01,0.05
-1.66040e-03,0.03,-0.03
-1.66032e-03,0.03,0.05
-1.66024e-03,0.01,-0.01
-1.66016e-03,0.05,0.05
-1.66008e-03,0.01,-0.01
-1.66000e-03,0.05,0.05
-1.65992e-03,0.05,-0.03
-1.65984e-03,0.07,0.05
-1.65976e-03,0.01,-0.03
-1.65968e-03,0.03,0.07
-1.65960e-03,0.01,-0.03
-1.65952e-03,0.01,0.07
-1.65944e-03,0.03,-0.03
-1.65936e-03,0.03,0.05
-1.65928e-03,0.03,-0.03
-1.65920e-03,0.03,0.05
-1.65912e-03,0.05,-0.01
-1.65904e-03,0.03,0.05
-1.65896e-03,0.03,-0.03
-1.65888e-03,0.03,0.05
-1.65880e-03,0.03,-0.03
-1.65872e-03,0.03,0.05
-1.65864e-03,0.01,-0.01
-1.65856e-03,0.03,0.05
-1.65848e-03,0.03,-0.03
-1.65840e-03,0.03,0.05
-1.65832e-03,0.03,-0.01
-1.65824e-03,0.03,0.05
-1.65816e-03,0.01,-0.03
-1.65808e-03,0.03,0.05
-1.65800e-03,0.03,-0.03
-1.65792e-03,0.01,0.05
-1.65784e-03,0.03,-0.03
-1.65776e-03,0.01,0.05
-1.65768e-03,0.03,-0.01
-1.65760e-03,0.03,0.05
-1.65752e-03,0.03,-0.01
-1.65744e-03,0.03,0.05
-1.65736e-03,0.03,-0.01
-1.65728e-03,0.03,0.05
-1.65720e-03,0.01,-0.01
-1.65712e-03,0.03,0.05
-1.65704e-03,0.03,-0.01
-1.65696e-03,0.01,0.05
-1.65688e-03,0.03,-0.01
-1.65680e-03,0.01,0.05
-1.65672e-03,0.03,-0.01
-1.65664e-03,0.01,0.05
-1.65656e-03,0.03,-0.03
-1.65648e-03,0.01,0.05
-1.65640e-03,0.01,-0.01
-1.65632e-03,0.01,0.05
-1.65624e-03,0.01,-0.01
-1.65616e-03,0.03,0.05
-1.65608e-03,0.03,-0.01
-1.65600e-03,0.03,0.05
-1.65592e-03,0.01,-0.01
-1.65584e-03,0.03,0.05
-1.65576e-03,0.03,-0.03
-1.65568e-03,0.03,0.05
-1.65560e-03,0.03,-0.01
-1.65552e-03,0.03,0.05
-1.65544e-03,0.03,-0.01
-1.65536e-03,0.03,0.05
-1.65528e-03,0.03,-0.01
-1.65520e-03,0.03,0.05
-1.65512e-03,0.03,-0.01
-1.65504e-03,0.01,0.05
-1.65496e-03,0.03,-0.01
-1.65488e-03,0.05,0.05
-1.65480e-03,0.01,-0.03
-1.65472e-03,0.03,0.05
-1.65464e-03,0.01,-0.01
-1.65456e-03,0.03,0.05
-1.65448e-03,0.03,-0.01
-1.65440e-03,0.03,0.05
-1.65432e-03,0.03,-0.03
-1.65424e-03,0.03,0.05
-1.65416e-03,0.03,-0.01
-1.65408e-03,0.03,0.05
-1.65400e-03,0.05,-0.01
-1.65392e-03,0.01,0.05
-1.65384e-03,0.03,-0.01
-1.65376e-03,0.01,0.05
-1.65368e-03,0.03,-0.03
-1.65360e-03,0.03,0.05
-1.65352e-03,0.01,-0.01
-1.65344e-03,0.03,0.05
-1.65336e-03,0.01,-0.01
-1.65328e-03,0.03,0.05
-1.65320e-03,0.01,-0.03
-1.65312e-03,0.03,0.05
-1.65304e-03,0.03,-0.03
-1.65296e-03,0.03,0.05
-1.65288e-03,0.03,-0.03
-1.65280e-03,0.01,0.05
-1.65272e-03,0.03,-0.03
-1.65264e-03,0.03,0.07
-1.65256e-03,0.05,-0.01
-1.65248e-03,0.01,0.05
-1.65240e-03,0.03,-0.01
-1.65232e-03,0.03,0.05
-1.65224e-03,0.03,-0.03
-1.65216e-03,0.03,0.05
-1.65208e-03,0.03,-0.03
-1.65200e-03,0.05,0.05
-1.65192e-03,0.01,-0.03
-1.65184e-03,0.01,0.07
-1.65176e-03,0.01,-0.03
-1.65168e-03,0.05,0.07
-1.65160e-03,0.03,-0.03
-1.65152e-03,0.03,0.05
-1.65144e-03,0.03,-0.03
-1.65136e-03,0.01,0.05
-1.65128e-03,0.03,-0.03
-1.65120e-03,0.03,0.05
-1.65112e-03,0.03,-0.03
-1.65104e-03,0.03,0.05
-1.65096e-03,0.03,-0.03
-1.65088e-03,0.03,0.05
-1.65080e-03,0.01,-0.03
-1.65072e-03,0.03,0.05
-1.65064e-03,0.01,-0.01
-1.65056e-03,0.03,0.05
-1.65048e-03,0.03,-0.01
-1.65040e-03,0.01,0.05
-1.65032e-03,0.03,-0.03
-1.65024e-03,0.03,0.05
-1.65016e-03,0.05,-0.03
-1.65008e-03,0.01,0.05
-1.65000e-03,0.03,-0.03
-1.64992e-03,0.01,0.05
-1.64984e-03,0.05,-0.03
-1.64976e-03,0.01,0.05
-1.64968e-03,0.03,-0.01
-1.64960e-03,0.03,0.05
-1.64952e-03,0.03,-0.03
-1.64944e-03,0.03,0.05
-1.64936e-03,0.01,-0.01
-1.64928e-03,0.05,0.05
-1.64920e-03,0.01,-0.01
-1.64912e-03,0.03,0.05
-1.64904e-03,0.03,-0.01
-1.64896e-03,0.03,0.05
-1.64888e-03,0.03,-0.01
-1.64880e-03,0.01,0.05
-1.64872e-03,0.03,-0.01
-1.64864e-03,0.01,0.05
-1.64856e-03,0.07,-0.03
-1.64848e-03,0.01,0.05
-1.64840e-03,0.03,-0.03
-1.64832e-03,0.03,0.07
-1.64824e-03,0.03,-0.03
-1.64816e-03,0.01,0.05
-1.64808e-03,0.01,-0.03
-1.64800e-03,0.03,0.05
-1.64792e-03,0.01,-0.03
-1.64784e-03,0.03,0.05
-1.64776e-03,0.03,-0.03
-1.64768e-03,0.03,0.05
-1.64760e-03,0.03,-0.03
-1.64752e-03,0.01,0.05
-1.64744e-03,0.03,-0.03
-1.64736e-03,0.01,0.05
-1.64728e-03,0.03,-0.03
-1.64720e-03,0.03,0.05
-1.64712e-03,0.03,-0.01
-1.64704e-03,0.03,0.05
-1.64696e-03,0.03,-0.03
-1.64688e-03,0.05,0.05
-1.64680e-03,0.01,-0.03
-1.64672e-03,0.03,0.05
-1.64664e-03,0.01,-0.03
-1.64656e-03,0.03,0.05
-1.64648e-03,0.03,-0.01
-1.64640e-03,0.01,0.05
-1.64632e-03,0.01,-0.01
-1.64624e-03,0.03,0.05
-1.64616e-03,0.03,-0.03
-1.64608e-03,0.01,0.05
-1.64600e-03,0.03,-0.03
-1.64592e-03,0.03,0.05
-1.64584e-03,0.03,-0.03
-1.64576e-03,0.03,0.05
-1.64568e-03,0.05,-0.01
-1.64560e-03,0.01,0.05
-1.64552e-03,0.03,-0.03
-1.64544e-03,0.03,0.05
-1.64536e-03,0.01,-0.03
-1.64528e-03,0.05,0.05
-1.64520e-03,0.01,-0.03
-1.64512e-03,0.01,0.05
-1.64504e-03,0.03,-0.03
-1.64496e-03,0.03,0.05
-1.64488e-03,0.05,-0.01
-1.64480e-03,0.03,0.05
-1.64472e-03,0.03,-0.03
-1.64464e-03,0.01,0.07
-1.64456e-03,0.01,-0.03
-1.64448e-03,0.03,0.05
-1.64440e-03,0.03,-0.03
-1.64432e-03,0.03,0.07
-1.64424e-03,0.03,-0.03
-1.64416e-03,0.03,0.05
-1.64408e-03,0.03,-0.01
-1.64400e-03,0.03,0.07
-1.64392e-03,0.01,-0.03
-1.64384e-03,0.03,0.05
-1.64376e-03,0.03,-0.03
-1.64368e-03,0.03,0.05
-1.64360e-03,0.03,-0.01
-1.64352e-03,0.01,0.05
-1.64344e-03,0.05,-0.03
-1.64336e-03,0.01,0.05
-1.64328e-03,0.03,-0.01
-1.64320e-03,0.03,0.05
-1.64312e-03,0.03,-0.01
-1.64304e-03,0.03,0.05
-1.64296e-03,0.03,-0.03
-1.64288e-03,0.03,0.05
-1.64280e-03,0.03,-0.01
-1.64272e-03,0.05,0.05
-1.64264e-03,0.03,-0.01
-1.64256e-03,0.03,0.05
-1.64248e-03,0.01,-0.01
-1.64240e-03,0.03,0.05
-1.64232e-03,0.03,-0.01
-1.64224e-03,0.03,0.05
-1.64216e-03,0.03,-0.01
-1.64208e-03,0.01,0.05
-1.64200e-03,0.03,-0.03
-1.64192e-03,0.01,0.05
-1.64184e-03,0.03,-0.03
-1.64176e-03,0.03,0.05
-1.64168e-03,0.03,-0.01
-1.64160e-03,0.03,0.05
-1.64152e-03,0.03,-0.03
-1.64144e-03,0.03,0.05
-1.64136e-03,0.03,-0.03
-1.64128e-03,0.03,0.05
-1.64120e-03,0.01,-0.03
-1.64112e-03,0.03,0.05
-1.64104e-03,0.03,-0.01
-1.64096e-03,0.03,0.05
-1.64088e-03,0.03,-0.03
-1.64080e-03,0.03,0.05
-1.64072e-03,0.03,-0.03
-1.64064e-03,0.03,0.05
-1.64056e-03,0.03,-0.03
-1.64048e-03,0.01,0.05
-1.64040e-03,0.03,-0.01
-1.64032e-03,0.03,0.05
-1.64024e-03,0.03,-0.03
-1.64016e-03,0.05,0.05
-1.64008e-03,0.01,-0.03
-1.64000e-03,0.03,0.05
-1.63992e-03,0.01,-0.01
-1.63984e-03,0.03,0.05
-1.63976e-03,0.01,-0.03
-1.63968e-03,0.03,0.07
-1.63960e-03,0.05,-0.01
-1.63952e-03,0.01,0.05
-1.63944e-03,0.03,-0.01
-1.63936e-03,0.01,0.05
-1.63928e-03,0.01,-0.03
-1.63920e-03,0.01,0.05
-1.63912e-03,0.03,-0.03
-1.63904e-03,0.01,0.05
-1.63896e-03,0.05,-0.01
-1.63888e-03,0.03,0.05
-1.63880e-03,0.01,-0.01
-1.63872e-03,0.05,0.05
-1.63864e-03,0.01,-0.03
-1.63856e-03,0.03,0.05
-1.63848e-03,0.01,-0.01
-1.63840e-03,0.01,0.05
-1.63832e-03,0.03,-0.01
-1.63824e-03,-0.01,0.05
-1.63816e-03,0.05,-0.03
-1.63808e-03,0.01,0.05
-1.63800e-03,0.05,-0.03
-1.63792e-03,0.01,0.07
-1.63784e-03,0.03,-0.03
-1.63776e-03,0.03,0.07
-1.63768e-03,0.03,-0.01
-1.63760e-03,0.03,0.07
-1.63752e-03,0.01,-0.03
-1.63744e-03,0.05,0.07
-1.63736e-03,0.01,-0.03
-1.63728e-03,0.03,0.05
-1.63720e-03,0.01,-0.01
-1.63712e-03,0.03,0.07
-1.63704e-03,0.03,-0.01
-1.63696e-03,0.03,0.07
-1.63688e-03,0.03,-0.03
-1.63680e-03,0.01,0.07
-1.63672e-03,0.01,-0.03
-1.63664e-03,0.03,0.07
-1.63656e-03,0.01,-0.03
-1.63648e-03,0.05,0.05
-1.63640e-03,0.03,-0.01
-1.63632e-03,0.03,0.05
-1.63624e-03,0.03,-0.01
-1.63616e-03,0.05,0.07
-1.63608e-03,0.03,-0.01
-1.63600e-03,0.05,0.07
-1.63592e-03,0.03,-0.03
-1.63584e-03,0.03,0.05
-1.63576e-03,0.03,-0.01
-1.63568e-03,0.01,0.05
-1.63560e-03,0.03,-0.01
-1.63552e-03,0.03,0.05
-1.63544e-03,0.03,-0.01
-1.63536e-03,0.01,0.05
-1.63528e-03,0.05,-0.01
-1.63520e-03,0.03,0.05
-1.63512e-03,0.03,-0.01
-1.63504e-03,0.01,0.05
-1.63496e-03,0.01,-0.01
-1.63488e-03,0.05,0.05
-1.63480e-03,0.01,-0.01
-1.63472e-03,0.05,0.05
-1.63464e-03,0.01,-0.01
-1.63456e-03,0.05,0.05
-1.63448e-03,0.03,-0.01
-1.63440e-03,0.03,0.05
-1.63432e-03,0.01,-0.03
-1.63424e-03,0.03,0.05
-1.63416e-03,0.03,-0.03
-1.63408e-03,0.03,0.07
-1.63400e-03,0.03,-0.03
-1.63392e-03,0.03,0.05
-1.63384e-03,0.03,-0.03
-1.63376e-03,0.01,0.05
-1.63368e-03,0.03,-0.01
-1.63360e-03,0.03,0.05
-1.63352e-03,0.01,-0.01
-1.63344e-03,0.03,0.05
-1.63336e-03,0.03,-0.01
-1.63328e-03,0.05,0.05
-1.63320e-03,0.03,-0.03
-1.63312e-03,0.03,0.05
-1.63304e-03,0.01,-0.03
-1.63296e-03,0.03,0.05
-1.63288e-03,0.03,-0.01
-1.63280e-03,0.03,0.05
-1.63272e-03,0.03,-0.03
-1.63264e-03,0.03,0.05
-1.63256e-03,0.03,-0.01
-1.63248e-03,0.01,0.05
-1.63240e-03,0.01,-0.03
-1.63232e-03,0.03,0.05
-1.63224e-03,0.01,-0.01
-1.63216e-03,0.05,0.05
-1.63208e-03,-0.01,-0.01
-1.63200e-03,0.03,0.05
-1.63192e-03,0.01,-0.03
-1.63184e-03,0.01,0.05
-1.63176e-03,0.03,-0.01
-1.63168e-03,0.03,0.05
-1.63160e-03,0.03,-0.01
-1.63152e-03,0.01,0.05
-1.63144e-03,0.03,-0.01
-1.63136e-03,-0.01,0.05
-1.63128e-03,0.03,-0.01
-1.63120e-03,0.01,0.05
-1.63112e-03,0.03,-0.03
-1.63104e-03,-0.01,0.05
-1.63096e-03,0.03,-0.03
-1.63088e-03,0.03,0.05
-1.63080e-03,0.03,-0.03
-1.63072e-03,0.03,0.05
-1.63064e-03,0.01,-0.03
-1.63056e-03,0.03,0.05
-1.63048e-03,0.03,-0.03
-1.63040e-03,0.03,0.05
-1.63032e-03,0.03,-0.03
-1.63024e-03,0.03,0.05
-1.63016e-03,0.01,-0.01
-1.63008e-03,0.01,0.05
-1.63000e-03,0.03,-0.03
-1.62992e-03,0.01,0.05
-1.62984e-03,0.03,-0.03
-1.62976e-03,0.03,0.05
-1.62968e-03,0.03,-0.03
-1.62960e-03,0.05,0.07
-1.62952e-03,0.03,-0.03
-1.62944e-03,0.03,0.05
-1.62936e-03,0.03,-0.03
-1.62928e-03,0.03,0.07
-1.62920e-03,0.03,-0.03
-1.62912e-03,0.03,0.05
-1.62904e-03,0.03,-0.01
-1.62896e-03,0.01,0.07
-1.62888e-03,0.03,-0.03
-1.62880e-03,0.01,0.05
-1.62872e-03,0.03,-0.03
-1.62864e-03,0.03,0.05
-1.62856e-03,0.03,-0.03
-1.62848e-03,0.01,0.05
-1.62840e-03,0.03,-0.03
-1.62832e-03,0.03,0.05
-1.62824e-03,0.03,-0.01
-1.62816e-03,0.03,0.05
-1.62808e-03,0.03,-0.01
-1.62800e-03,0.03,0.05
-1.62792e-03,0.03,-0.01
-1.62784e-03,0.03,0.05
-1.62776e-03,0.03,-0.01
-1.62768e-03,0.05,0.05
-1.62760e-03,0.03,-0.03
-1.62752e-03,0.03,0.05
-1.62744e-03,0.05,-0.03
-1.62736e-03,0.01,0.05
-1.62728e-03,0.05,-0.03
-1.62720e-03,0.01,0.05
-1.62712e-03,0.03,-0.03
-1.62704e-03,0.01,0.07
-1.62696e-03,0.01,-0.03
-1.62688e-03,0.05,0.05
-1.62680e-03,0.01,-0.01
-1.62672e-03,0.03,0.05
-1.62664e-03,0.03,-0.03
-1.62656e-03,0.05,0.05
-1.62648e-03,0.03,-0.03
-1.62640e-03,0.03,0.05
-1.62632e-03,0.03,-0.01
-1.62624e-03,0.03,0.05
-1.62616e-03,0.05,-0.01
-1.62608e-03,0.01,0.05
-1.62600e-03,0.03,-0.01
-1.62592e-03,0.01,0.05
-1.62584e-03,-0.01,-0.01
-1.62576e-03,0.01,0.05
-1.62568e-03,0.03,-0.07
-1.62560e-03,0.01,0.05
-1.62552e-03,0.03,-0.05
-1.62544e-03,0.03,0.05
-1.62536e-03,0.03,-0.01
-1.62528e-03,0.03,0.05
-1.62520e-03,0.03,-0.01
-1.62512e-03,0.03,0.05
-1.62504e-03,0.01,-0.03
-1.62496e-03,0.01,0.05
-1.62488e-03,0.03,-0.01
-1.62480e-03,0.01,0.05
-1.62472e-03,0.01,-0.01
-1.62464e-03,0.03,0.05
-1.62456e-03,0.03,-0.01
-1.62448e-03,0.03,0.05
-1.62440e-03,0.01,-0.01
-1.62432e-03,0.01,0.05
-1.62424e-03,0.03,-0.01
-1.62416e-03,0.03,0.05
-1.62408e-03,0.01,-0.01
-1.62400e-03,0.03,0.05
-1.62392e-03,0.03,-0.01
-1.62384e-03,0.03,0.05
-1.62376e-03,0.03,-0.03
-1.62368e-03,0.01,0.05
-1.62360e-03,0.03,-0.03
-1.62352e-03,0.03,0.05
-1.62344e-03,0.03,-0.03
-1.62336e-03,0.01,0.05
-1.62328e-03,0.03,-0.01
-1.62320e-03,0.03,0.05
-1.62312e-03,0.03,-0.01
-1.62304e-03,0.03,0.05
-1.62296e-03,0.01,-0.03
-1.62288e-03,0.01,0.05
-1.62280e-03,0.03,-0.01
-1.62272e-03,0.03,0.05
-1.62264e-03,0.01,-0.01
-1.62256e-03,0.03,0.05
-1.62248e-03,0.03,-0.01
-1.62240e-03,0.01,0.05
-1.62232e-03,0.03,-0.01
-1.62224e-03,0.01,0.05
-1.62216e-03,0.03,-0.01
-1.62208e-03,-0.01,0.05
-1.62200e-03,0.01,-0.03
-1.62192e-03,0.03,0.05
-1.62184e-03,0.03,-0.03
-1.62176e-03,0.05,0.05
-1.62168e-03,0.01,-0.01
-1.62160e-03,0.03,0.05
-1.62152e-03,0.01,-0.03
-1.62144e-03,0.03,0.05
-1.62136e-03,0.03,-0.03
-1.62128e-03,0.01,0.05
-1.62120e-03,0.03,-0.03
-1.62112e-03,0.03,0.05
-1.62104e-03,0.05,-0.03
-1.62096e-03,0.03,0.05
-1.62088e-03,0.03,-0.01
-1.62080e-03,0.01,0.05
-1.62072e-03,0.03,-0.01
-1.62064e-03,0.01,0.05
-1.62056e-03,0.03,-0.01
-1.62048e-03,0.03,0.05
-1.62040e-03,0.03,-0.01
-1.62032e-03,0.03,0.05
-1.62024e-03,0.03,-0.01
-1.62016e-03,0.01,0.05
-1.62008e-03,0.03,-0.01
-1.62000e-03,0.03,0.05
-1.61992e-03,0.03,-0.01
-1.61984e-03,0.01,0.05
-1.61976e-03,0.03,-0.01
-1.61968e-03,0.03,0.05
-1.61960e-03,0.05,-0.01
-1.61952e-03,0.03,0.05
-1.61944e-03,0.03,-0.01
-1.61936e-03,0.01,0.05
-1.61928e-03,0.03,-0.03
-1.61920e-03,0.01,0.05
-1.61912e-03,0.07,-0.01
-1.61904e-03,-0.01,0.05
-1.61896e-03,0.01,-0.05
-1.61888e-03,0.03,0.13
-1.61880e-03,0.03,-0.03
-1.61872e-03,0.03,0.07
-1.61864e-03,0.03,-0.01
-1.61856e-03,0.03,0.05
-1.61848e-03,0.03,-0.01
-1.61840e-03,0.03,0.05
-1.61832e-03,0.05,-0.03
-1.61824e-03,0.01,0.05
-1.61816e-03,0.03,-0.01
-1.61808e-03,0.01,0.05
-1.61800e-03,0.03,-0.03
-1.61792e-03,0.01,0.05
-1.61784e-03,0.03,-0.01
-1.61776e-03,0.03,0.05
-1.61768e-03,0.01,-0.01
-1.61760e-03,0.03,0.05
-1.61752e-03,0.03,-0.03
-1.61744e-03,0.03,0.05
-1.61736e-03,0.01,-0.03
-1.61728e-03,0.03,0.05
-1.61720e-03,0.01,-0.03
-1.61712e-03,0.03,0.05
-1.61704e-03,0.03,-0.01
-1.61696e-03,0.03,0.05
-1.61688e-03,0.03,-0.01
-1.61680e-03,0.03,0.05
-1.61672e-03,0.03,-0.03
-1.61664e-03,0.03,0.05
-1.61656e-03,0.03,-0.03
-1.61648e-03,0.03,0.07
-1.61640e-03,0.03,-0.03
-1.61632e-03,0.03,0.05
-1.61624e-03,0.03,-0.01
-1.61616e-03,0.03,0.05
-1.61608e-03,0.03,-0.01
-1.61600e-03,0.03,0.05
-1.61592e-03,0.01,-0.01
-1.61584e-03,0.01,0.05
-1.61576e-03,0.01,-0.01
-1.61568e-03,0.05,0.05
-1.61560e-03,0.03,-0.03
-1.61552e-03,0.01,0.07
-1.61544e-03,0.03,-0.03
-1.61536e-03,0.03,0.05
-1.61528e-03,0.05,-0.03
-1.61520e-03,0.03,0.05
-1.61512e-03,0.03,-0.01
-1.61504e-03,0.03,0.05
-1.61496e-03,0.03,-0.01
-1.61488e-03,0.03,0.05
-1.61480e-03,0.01,-0.03
-1.61472e-03,0.03,0.05
-1.61464e-03,0.01,-0.03
-1.61456e-03,0.03,0.05
-1.61448e-03,0.05,-0.03
-1.61440e-03,0.03,0.07
-1.61432e-03,0.03,-0.03
-1.61424e-03,0.03,0.05
-1.61416e-03,0.03,-0.03
-1.61408e-03,0.03,0.05
-1.61400e-03,0.03,-0.03
-1.61392e-03,0.03,0.07
-1.61384e-03,0.03,-0.03
-1.61376e-03,0.01,0.07
-1.61368e-03,0.03,-0.01
-1.61360e-03,0.03,0.05
-1.61352e-03,0.01,-0.03
-1.61344e-03,0.05,0.05
-1.61336e-03,0.01,-0.01
-1.61328e-03,0.05,0.05
-1.61320e-03,0.03,-0.01
-1.61312e-03,0.03,0.05
-1.61304e-03,0.03,-0.01
-1.61296e-03,0.03,0.05
-1.61288e-03,0.03,-0.03
-1.61280e-03,0.03,0.05
-1.61272e-03,0.03,-0.01
-1.61264e-03,0.01,0.05
-1.61256e-03,0.05,-0.01
-1.61248e-03,0.03,0.05
-1.61240e-03,0.03,-0.01
-1.61232e-03,0.03,0.05
-1.61224e-03,0.01,-0.01
-1.61216e-03,0.03,0.05
-1.61208e-03,0.03,-0.01
-1.61200e-03,0.03,0.05
-1.61192e-03,0.01,-0.03
-1.61184e-03,0.03,0.05
-1.61176e-03,0.01,-0.01
-1.61168e-03,0.03,0.05
-1.61160e-03,0.05,-0.01
-1.61152e-03,0.01,0.05
-1.61144e-03,0.03,-0.03
-1.61136e-03,0.01,0.05
-1.61128e-03,0.03,-0.03
-1.61120e-03,0.03,0.05
-1.61112e-03,0.03,-0.03
-1.61104e-03,0.03,0.05
-1.61096e-03,0.03,-0.03
-1.61088e-03,0.03,0.05
-1.61080e-03,0.01,-0.01
-1.61072e-03,0.03,0.05
-1.61064e-03,0.03,-0.01
-1.61056e-03,0.03,0.05
-1.61048e-03,0.01,-0.03
-1.61040e-03,0.03,0.05
-1.61032e-03,0.03,-0.01
-1.61024e-03,0.03,0.05
-1.61016e-03,0.05,-0.01
-1.61008e-03,0.03,0.05
-1.61000e-03,0.03,-0.03
-1.60992e-03,0.01,0.05
-1.60984e-03,0.03,-0.01
-1.60976e-03,0.03,0.05
-1.60968e-03,0.03,-0.01
-1.60960e-03,0.03,0.05
-1.60952e-03,0.03,-0.03
-1.60944e-03,0.03,0.05
-1.60936e-03,0.03,-0.01
-1.60928e-03,0.03,0.05
-1.60920e-03,0.03,-0.01
-1.60912e-03,0.03,0.05
-1.60904e-03,0.03,-0.01
-1.60896e-03,0.01,0.05
-1.60888e-03,0.03,-0.01
-1.60880e-03,0.01,0.05
-1.60872e-03,0.03,-0.01
-1.60864e-03,0.01,0.05
-1.60856e-03,0.05,-0.01
-1.60848e-03,0.03,0.05
-1.60840e-03,0.03,-0.01
-1.60832e-03,0.03,0.05
-1.60824e-03,0.01,-0.03
-1.60816e-03,0.03,0.05
-1.60808e-03,0.03,-0.01
-1.60800e-03,0.05,0.05
-1.60792e-03,0.01,-0.01
-1.60784e-03,0.03,0.05
-1.60776e-03,0.01,-0.01
-1.60768e-03,0.03,0.05
-1.60760e-03,0.03,-0.01
-1.60752e-03,0.03,0.05
-1.60744e-03,0.03,-0.03
-1.60736e-03,0.03,0.05
-1.60728e-03,0.03,-0.01
-1.60720e-03,0.03,0.05
-1.60712e-03,0.03,-0.01
-1.60704e-03,0.03,0.05
-1.60696e-03,0.01,-0.03
-1.60688e-03,0.03,0.05
-1.60680e-03,-0.01,-0.03
-1.60672e-03,0.05,0.07
-1.60664e-03,0.03,-0.03
-1.60656e-03,0.03,0.07
-1.60648e-03,0.03,-0.03
-1.60640e-03,0.03,0.05
-1.60632e-03,0.05,-0.01
-1.60624e-03,0.01,0.05
-1.60616e-03,0.03,-0.01
-1.60608e-03,0.03,0.05
-1.60600e-03,0.03,-0.03
-1.60592e-03,0.03,0.05
-1.60584e-03,0.03,-0.01
-1.60576e-03,0.05,0.05
-1.60568e-03,0.03,-0.03
-1.60560e-03,0.03,0.07
-1.60552e-03,0.01,-0.01
-1.60544e-03,0.03,0.05
-1.60536e-03,0.01,-0.01
-1.60528e-03,0.05,0.05
-1.60520e-03,0.03,-0.03
-1.60512e-03,0.01,0.05
-1.60504e-03,0.03,-0.01
-1.60496e-03,0.03,0.05
-1.60488e-03,0.05,-0.03
-1.60480e-03,0.01,0.05
-1.60472e-03,0.05,-0.03
-1.60464e-03,0.03,0.05
-1.60456e-03,0.07,-0.01
-1.60448e-03,0.03,0.05
-1.60440e-03,0.01,-0.03
-1.60432e-03,0.03,0.07
-1.60424e-03,0.03,-0.01
-1.60416e-03,0.03,0.05
-1.60408e-03,0.01,-0.03
-1.60400e-03,0.03,0.05
-1.60392e-03,0.01,-0.01
-1.60384e-03,0.03,0.05
-1.60376e-03,0.01,-0.01
-1.60368e-03,0.05,0.05
-1.60360e-03,0.03,-0.01
-1.60352e-03,0.01,0.05
-1.60344e-03,0.03,-0.01
-1.60336e-03,0.01,0.05
-1.60328e-03,0.05,-0.03
-1.60320e-03,0.03,0.05
-1.60312e-03,0.03,-0.01
-1.60304e-03,0.03,0.05
-1.60296e-03,0.03,-0.03
-1.60288e-03,0.03,0.05
-1.60280e-03,0.03,-0.01
-1.60272e-03,0.03,0.05
-1.60264e-03,0.01,-0.03
-1.60256e-03,0.03,0.05
-1.60248e-03,0.01,-0.03
-1.60240e-03,0.03,0.05
-1.60232e-03,0.01,-0.01
-1.60224e-03,0.03,0.05
-1.60216e-03,0.03,-0.01
-1.60208e-03,0.01,0.05
-1.60200e-03,0.05,-0.03
-1.60192e-03,0.03,0.05
-1.60184e-03,0.03,-0.03
-1.60176e-03,0.03,0.05
-1.60168e-03,0.03,-0.03
-1.60160e-03,0.03,0.05
-1.60152e-03,0.01,-0.03
-1.60144e-03,0.03,0.05
-1.60136e-03,0.03,-0.03
-1.60128e-03,0.03,0.05
-1.60120e-03,0.01,-0.01
-1.60112e-03,0.01,0.05
-1.60104e-03,0.05,-0.01
-1.60096e-03,0.01,0.05
-1.60088e-03,0.03,-0.03
-1.60080e-03,0.01,0.05
-1.60072e-03,0.05,-0.03
-1.60064e-03,0.01,0.07
-1.60056e-03,0.01,-0.03
-1.60048e-03,0.03,0.07
-1.60040e-03,0.01,-0.03
-1.60032e-03,0.03,0.05
-1.60024e-03,0.01,-0.03
-1.60016e-03,0.03,0.05
-1.60008e-03,0.01,-0.03
-1.60000e-03,0.05,0.05
-1.59992e-03,-0.01,-0.03
-1.59984e-03,0.03,0.05
-1.59976e-03,0.03,-0.03
-1.59968e-03,0.01,0.05
-1.59960e-03,0.03,-0.03
-1.59952e-03,0.01,0.05
-1.59944e-03,0.03,-0.03
-1.59936e-03,0.01,0.05
-1.59928e-03,0.03,-0.03
-1.59920e-03,0.05,0.07
-1.59912e-03,0.01,-0.03
-1.59904e-03,0.05,0.05
-1.59896e-03,0.01,-0.03
-1.59888e-03,0.03,0.05
-1.59880e-03,0.01,-0.03
-1.59872e-03,0.03,0.05
-1.59864e-03,0.01,-0.03
-1.59856e-03,0.03,0.05
-1.59848e-03,0.01,-0.03
-1.59840e-03,0.03,0.05
-1.59832e-03,0.03,-0.01
-1.59824e-03,0.01,0.05
-1.59816e-03,0.03,-0.01
-1.59808e-03,0.01,0.05
-1.59800e-03,0.03,-0.01
-1.59792e-03,0.01,0.05
-1.59784e-03,0.03,-0.03
-1.59776e-03,0.01,0.05
-1.59768e-03,0.03,-0.03
-1.59760e-03,0.03,0.05
-1.59752e-03,0.01,-0.03
-1.59744e-03,0.05,0.05
-1.59736e-03,0.01,-0.03
-1.59728e-03,0.03,0.05
-1.59720e-03,0.01,-0.01
-1.59712e-03,0.03,0.05
-1.59704e-03,0.01,-0.03
-1.59696e-03,0.03,0.05
-1.59688e-03,0.03,-0.03
-1.59680e-03,0.03,0.05
-1.59672e-03,0.03,-0.03
-1.59664e-03,0.03,0.05
-1.59656e-03,0.03,-0.01
-1.59648e-03,0.01,0.05
-1.59640e-03,0.01,-0.03
-1.59632e-03,0.01,0.05
-1.59624e-03,0.03,-0.01
-1.59616e-03,0.05,0.05
-1.59608e-03,0.01,-0.03
-1.59600e-03,0.03,0.05
-1.59592e-03,0.03,-0.03
-1.59584e-03,0.03,0.05
-1.59576e-03,0.03,-0.01
-1.59568e-03,0.03,0.05
-1.59560e-03,0.03,-0.03
-1.59552e-03,0.03,0.05
-1.59544e-03,0.03,-0.01
-1.59536e-03,0.01,0.05
-1.59528e-03,0.03,-0.03
-1.59520e-03,0.03,0.05
-1.59512e-03,0.03,-0.03
-1.59504e-03,0.03,0.05
-1.59496e-03,0.01,-0.01
-1.59488e-03,0.03,0.05
-1.59480e-03,0.03,-0.01
-1.59472e-03,0.03,0.05
-1.59464e-03,0.03,-0.03
-1.59456e-03,0.01,0.05
-1.59448e-03,0.01,-0.01
-1.59440e-03,0.03,0.05
-1.59432e-03,0.03,-0.03
-1.59424e-03,0.03,0.05
-1.59416e-03,0.03,-0.01
-1.59408e-03,-0.01,0.05
-1.59400e-03,0.03,-0.03
-1.59392e-03,0.03,0.05
-1.59384e-03,0.03,-0.03
-1.59376e-03,0.03,0.05
-1.59368e-03,0.03,-0.03
-1.59360e-03,0.05,0.05
-1.59352e-03,0.01,-0.01
-1.59344e-03,0.03,0.05
-1.59336e-03,0.01,-0.01
-1.59328e-03,0.05,0.05
-1.59320e-03,0.03,-0.01
-1.59312e-03,0.01,0.05
-1.59304e-03,0.05,-0.01
-1.59296e-03,0.03,0.05
-1.59288e-03,0.01,-0.03
-1.59280e-03,0.01,0.05
-1.59272e-03,0.05,-0.03
-1.59264e-03,0.01,0.05
-1.59256e-03,0.03,-0.01
-1.59248e-03,0.01,0.05
-1.59240e-03,0.03,-0.01
-1.59232e-03,0.03,0.05
-1.59224e-03,0.03,-0.03
-1.59216e-03,0.03,0.05
-1.59208e-03,0.01,-0.03
-1.59200e-03,0.03,0.05
-1.59192e-03,0.03,-0.03
-1.59184e-03,0.03,0.07
-1.59176e-03,0.07,-0.03
-1.59168e-03,0.01,0.05
-1.59160e-03,0.03,-0.03
-1.59152e-03,0.01,0.07
-1.59144e-03,0.03,-0.03
-1.59136e-03,0.01,0.05
-1.59128e-03,0.03,-0.03
-1.59120e-03,0.01,0.05
-1.59112e-03,0.03,-0.03
-1.59104e-03,0.03,0.05
-1.59096e-03,0.03,-0.01
-1.59088e-03,0.03,0.05
-1.59080e-03,0.01,-0.01
-1.59072e-03,0.03,0.05
-1.59064e-03,0.01,-0.01
-1.59056e-03,0.05,0.05
-1.59048e-03,0.01,-0.01
-1.59040e-03,0.01,0.05
-1.59032e-03,0.05,-0.01
-1.59024e-03,0.03,0.05
-1.59016e-03,0.03,-0.03
-1.59008e-03,0.01,0.05
-1.59000e-03,0.03,-0.03
-1.58992e-03,0.03,0.05
-1.58984e-03,0.05,-0.03
-1.58976e-03,0.01,0.05
-1.58968e-03,0.03,-0.01
-1.58960e-03,0.03,0.05
-1.58952e-03,0.01,-0.03
-1.58944e-03,0.03,0.05
-1.58936e-03,0.03,-0.03
-1.58928e-03,0.03,0.05
-1.58920e-03,0.01,-0.01
-1.58912e-03,0.03,0.07
-1.58904e-03,0.03,-0.01
-1.58896e-03,0.03,0.05
-1.58888e-03,0.05,-0.03
-1.58880e-03,0.01,0.05
-1.58872e-03,0.03,-0.03
-1.58864e-03,0.01,0.05
-1.58856e-03,0.03,-0.01
-1.58848e-03,0.03,0.05
-1.58840e-03,0.03,-0.01
-1.58832e-03,0.03,0.05
-1.58824e-03,0.03,-0.01
-1.58816e-03,0.03,0.05
-1.58808e-03,0.01,-0.01
-1.58800e-03,0.05,0.05
-1.58792e-03,0.01,-0.03
-1.58784e-03,0.05,0.05
-1.58776e-03,0.03,-0.03
-1.58768e-03,0.03,0.05
-1.58760e-03,0.03,-0.01
-1.58752e-03,0.03,0.07
-1.58744e-03,0.05,-0.03
-1.58736e-03,0.03,0.07
-1.58728e-03,0.05,-0.03
-1.58720e-03,0.03,0.05
-1.58712e-03,0.03,-0.01
-1.58704e-03,0.03,0.05
-1.58696e-03,0.03,-0.01
-1.58688e-03,0.03,0.05
-1.58680e-03,0.03,-0.03
-1.58672e-03,0.03,0.05
-1.58664e-03,0.03,-0.01
-1.58656e-03,0.03,0.05
-1.58648e-03,0.03,-0.03
-1.58640e-03,0.03,0.05
-1.58632e-03,0.03,-0.01
-1.58624e-03,0.03,0.05
-1.58616e-03,0.03,-0.03
-1.58608e-03,0.01,0.05
-1.58600e-03,0.03,-0.03
-1.58592e-03,0.03,0.03
-1.58584e-03,0.03,-0.03
-1.58576e-03,0.03,0.05
-1.58568e-03,0.01,-0.03
-1.58560e-03,0.03,0.05
-1.58552e-03,0.03,-0.03
-1.58544e-03,0.03,0.05
-1.58536e-03,0.03,-0.03
-1.58528e-03,0.05,0.05
-1.58520e-03,0.01,-0.01
-1.58512e-03,0.03,0.05
-1.58504e-03,0.03,-0.03
-1.58496e-03,0.03,0.05
-1.58488e-03,0.05,-0.03
-1.58480e-03,0.03,0.05
-1.58472e-03,0.01,-0.03
-1.58464e-03,0.01,0.05
-1.58456e-03,0.03,-0.05
-1.58448e-03,0.03,0.07
-1.58440e-03,0.03,-0.03
-1.58432e-03,0.03,0.07
-1.58424e-03,0.03,-0.05
-1.58416e-03,0.03,0.05
-1.58408e-03,0.03,-0.01
-1.58400e-03,0.01,0.05
-1.58392e-03,0.03,-0.03
-1.58384e-03,0.03,0.05
-1.58376e-03,0.03,-0.01
-1.58368e-03,0.03,0.05
-1.58360e-03,0.03,-0.03
-1.58352e-03,0.01,0.07
-1.58344e-03,0.03,-0.03
-1.58336e-03,0.01,0.05
-1.58328e-03,0.03,-0.01
-1.58320e-03,0.03,0.05
-1.58312e-03,0.03,-0.01
-1.58304e-03,0.01,0.05
-1.58296e-03,0.01,-0.01
-1.58288e-03,0.03,0.05
-1.58280e-03,0.01,-0.03
-1.58272e-03,0.03,0.05
-1.58264e-03,0.01,-0.01
-1.58256e-03,0.05,0.05
-1.58248e-03,0.03,-0.03
-1.58240e-03,0.01,0.05
-1.58232e-03,0.03,-0.01
-1.58224e-03,0.03,0.05
-1.58216e-03,0.05,-0.03
-1.58208e-03,0.01,0.05
-1.58200e-03,0.03,-0.01
-1.58192e-03,0.01,0.05
-1.58184e-03,0.03,-0.01
-1.58176e-03,0.01,0.05
-1.58168e-03,0.01,-0.01
-1.58160e-03,0.01,0.05
-1.58152e-03,0.01,-0.03
-1.58144e-03,0.03,0.05
-1.58136e-03,0.03,-0.01
-1.58128e-03,0.03,0.05
-1.58120e-03,0.01,-0.03
-1.58112e-03,0.03,0.05
-1.58104e-03,0.03,-0.01
-1.58096e-03,0.01,0.05
-1.58088e-03,0.03,-0.03
-1.58080e-03,0.01,0.05
-1.58072e-03,0.03,-0.01
-1.58064e-03,0.03,0.05
-1.58056e-03,0.03,-0.03
-1.58048e-03,0.03,0.05
-1.58040e-03,0.01,-0.03
-1.58032e-03,0.03,0.05
-1.58024e-03,0.01,-0.03
-1.58016e-03,0.03,0.05
-1.58008e-03,0.01,-0.03
-1.58000e-03,0.05,0.05
-1.57992e-03,-0.01,-0.01
-1.57984e-03,0.03,0.05
-1.57976e-03,0.01,-0.03
-1.57968e-03,0.03,0.05
-1.57960e-03,0.03,-0.01
-1.57952e-03,0.03,0.05
-1.57944e-03,0.03,-0.01
-1.57936e-03,0.03,0.05
-1.57928e-03,0.03,-0.03
-1.57920e-03,0.03,0.07
-1.57912e-03,0.03,-0.03
-1.57904e-03,0.03,0.05
-1.57896e-03,0.01,-0.01
-1.57888e-03,0.03,0.05
-1.57880e-03,0.01,-0.01
-1.57872e-03,0.03,0.05
-1.57864e-03,0.01,-0.03
-1.57856e-03,0.03,0.05
-1.57848e-03,0.03,-0.01
-1.57840e-03,0.03,0.05
-1.57832e-03,0.03,-0.01
-1.57824e-03,0.01,0.05
-1.57816e-03,0.03,-0.01
-1.57808e-03,0.01,0.05
-1.57800e-03,0.03,-0.01
-1.57792e-03,0.01,0.05
-1.57784e-03,0.03,-0.01
-1.57776e-03,0.03,0.05
-1.57768e-03,0.03,-0.01
-1.57760e-03,0.01,0.05
-1.57752e-03,0.01,-0.01
-1.57744e-03,0.03,0.05
-1.57736e-03,0.03,-0.01
-1.57728e-03,0.03,0.05
-1.57720e-03,0.01,-0.03
-1.57712e-03,0.03,0.05
-1.57704e-03,0.05,-0.03
-1.57696e-03,0.05,0.05
-1.57688e-03,0.03,-0.03
-1.57680e-03,0.03,0.07
-1.57672e-03,0.01,-0.03
-1.57664e-03,0.03,0.05
-1.57656e-03,0.03,-0.03
-1.57648e-03,0.03,0.05
-1.57640e-03,0.03,-0.01
-1.57632e-03,0.03,0.05
-1.57624e-03,0.03,-0.03
-1.57616e-03,0.03,0.05
-1.57608e-03,0.01,-0.03
-1.57600e-03,0.03,0.05
-1.57592e-03,0.01,-0.03
-1.57584e-03,0.03,0.05
-1.57576e-03,0.03,-0.01
-1.57568e-03,-0.03,0.05
-1.57560e-03,0.05,-0.09
-1.57552e-03,0.01,0.07
-1.57544e-03,0.03,-0.05
-1.57536e-03,0.03,0.07
-1.57528e-03,0.03,-0.01
-1.57520e-03,0.01,0.05
-1.57512e-03,0.03,-0.03
-1.57504e-03,0.03,0.05
-1.57496e-03,0.03,-0.03
-1.57488e-03,0.03,0.03
-1.57480e-03,0.01,-0.03
-1.57472e-03,0.03,0.05
-1.57464e-03,0.01,-0.01
-1.57456e-03,0.03,0.05
-1.57448e-03,0.03,-0.01
-1.57440e-03,0.03,0.05
-1.57432e-03,0.03,-0.03
-1.57424e-03,0.01,0.05
-1.57416e-03,0.03,-0.01
-1.57408e-03,0.03,0.05
-1.57400e-03,0.05,-0.03
-1.57392e-03,0.03,0.05
-1.57384e-03,0.03,-0.01
-1.57376e-03,0.03,0.05
-1.57368e-03,0.03,-0.01
-1.57360e-03,0.03,0.05
-1.57352e-03,0.01,-0.03
-1.57344e-03,0.03,0.05
-1.57336e-03,0.01,-0.01
-1.57328e-03,0.03,0.05
-1.57320e-03,0.03,-0.01
-1.57312e-03,0.03,0.07
-1.57304e-03,0.03,-0.01
-1.57296e-03,0.01,0.05
-1.57288e-03,0.03,-0.01
-1.57280e-03,0.03,0.05
-1.57272e-03,0.03,-0.01
-1.57264e-03,0.03,0.05
-1.57256e-03,0.03,-0.01
-1.57248e-03,0.03,0.05
-1.57240e-03,0.03,-0.01
-1.57232e-03,0.03,0.05
-1.57224e-03,0.01,-0.01
-1.57216e-03,0.03,0.05
-1.57208e-03,0.03,-0.01
-1.57200e-03,0.03,0.05
-1.57192e-03,0.03,-0.01
-1.57184e-03,0.03,0.05
-1.57176e-03,0.03,-0.03
-1.57168e-03,0.03,0.05
-1.57160e-03,0.03,-0.01
-1.57152e-03,0.03,0.05
-1.57144e-03,0.05,-0.01
-1.57136e-03,0.01,0.05
-1.57128e-03,0.03,-0.03
-1.57120e-03,0.03,0.05
-1.57112e-03,0.01,-0.03
-1.57104e-03,0.03,0.05
-1.57096e-03,0.01,-0.03
-1.57088e-03,0.03,0.05
-1.57080e-03,0.01,-0.03
-1.57072e-03,0.03,0.05
-1.57064e-03,0.03,-0.03
-1.57056e-03,0.01,0.05
-1.57048e-03,0.03,-0.01
-1.57040e-03,0.03,0.05
-1.57032e-03,0.03,-0.03
-1.57024e-03,0.01,0.05
-1.57016e-03,0.03,-0.01
-1.57008e-03,0.03,0.05
-1.57000e-03,0.05,-0.03
-1.56992e-03,0.03,0.05
-1.56984e-03,0.01,-0.01
-1.56976e-03,0.01,0.05
-1.56968e-03,0.03,-0.03
-1.56960e-03,0.03,0.05
-1.56952e-03,0.03,-0.03
-1.56944e-03,0.03,0.05
-1.56936e-03,0.03,-0.03
-1.56928e-03,0.01,0.05
-1.56920e-03,0.03,-0.01
-1.56912e-03,0.03,0.07
-1.56904e-03,0.13,-0.01
-1.56896e-03,0.01,0.05
-1.56888e-03,0.01,-0.07
-1.56880e-03,0.03,0.13
-1.56872e-03,0.05,-0.03
-1.56864e-03,0.01,0.07
-1.56856e-03,0.03,-0.03
-1.56848e-03,0.03,0.05
-1.56840e-03,0.03,-0.01
-1.56832e-03,0.03,0.05
-1.56824e-03,0.03,-0.03
-1.56816e-03,0.03,0.05
-1.56808e-03,0.01,-0.01
-1.56800e-03,0.03,0.05
-1.56792e-03,0.01,-0.01
-1.56784e-03,0.03,0.05
-1.56776e-03,0.03,-0.01
-1.56768e-03,0.03,0.05
-1.56760e-03,0.03,-0.01
-1.56752e-03,0.03,0.05
-1.56744e-03,0.05,-0.01
-1.56736e-03,0.03,0.05
-1.56728e-03,0.05,-0.01
-1.56720e-03,0.03,0.05
-1.56712e-03,0.05,-0.01
-1.56704e-03,0.03,0.05
-1.56696e-03,0.03,-0.01
-1.56688e-03,0.03,0.05
-1.56680e-03,0.01,-0.01
-1.56672e-03,0.03,0.05
-1.56664e-03,0.01,-0.01
-1.56656e-03,0.03,0.05
-1.56648e-03,0.03,-0.01
-1.56640e-03,0.03,0.05
-1.56632e-03,0.03,-0.01
-1.56624e-03,0.03,0.05
-1.56616e-03,0.03,-0.01
-1.56608e-03,0.01,0.05
-1.56600e-03,0.03,-0.01
-1.56592e-03,0.01,0.05
-1.56584e-03,0.05,-0.03
-1.56576e-03,0.01,0.03
-1.56568e-03,0.03,-0.01
-1.56560e-03,0.03,0.05
-1.56552e-03,0.03,-0.01
-1.56544e-03,0.03,0.05
-1.56536e-03,0.03,-0.01
-1.56528e-03,0.03,0.05
-1.56520e-03,0.03,-0.03
-1.56512e-03,0.03,0.05
-1.56504e-03,0.03,-0.03
-1.56496e-03,0.01,0.05
-1.56488e-03,0.03,-0.01
-1.56480e-03,0.01,0.05
-1.56472e-03,0.03,-0.03
-1.56464e-03,0.01,0.05
-1.56456e-03,0.01,-0.01
-1.56448e-03,0.03,0.05
-1.56440e-03,0.03,-0.01
-1.56432e-03,0.03,0.05
-1.56424e-03,0.03,-0.03
-1.56416e-03,0.03,0.05
-1.56408e-03,0.01,-0.01
-1.56400e-03,0.03,0.05
-1.56392e-03,0.01,-0.03
-1.56384e-03,0.05,0.05
-1.56376e-03,0.01,-0.03
-1.56368e-03,0.01,0.05
-1.56360e-03,0.03,-0.03
-1.56352e-03,0.03,0.05
-1.56344e-03,0.03,-0.03
-1.56336e-03,0.01,0.05
-1.56328e-03,0.03,-0.01
-1.56320e-03,0.03,0.05
-1.56312e-03,0.03,-0.01
-1.56304e-03,0.01,0.05
-1.56296e-03,0.01,-0.03
-1.56288e-03,0.03,0.05
-1.56280e-03,-0.01,-0.01
-1.56272e-03,0.03,0.05
-1.56264e-03,0.03,-0.01
-1.56256e-03,0.05,0.05
-1.56248e-03,0.03,-0.01
-1.56240e-03,0.03,0.05
-1.56232e-03,0.03,-0.01
-1.56224e-03,0.01,0.05
-1.56216e-03,0.03,-0.03
-1.56208e-03,0.03,0.05
-1.56200e-03,0.05,-0.05
-1.56192e-03,0.01,0.05
-1.56184e-03,0.01,-0.03
-1.56176e-03,0.03,0.05
-1.56168e-03,0.03,-0.03
-1.56160e-03,0.01,0.07
-1.56152e-03,0.03,-0.03
-1.56144e-03,0.03,0.03
-1.56136e-03,0.03,-0.01
-1.56128e-03,0.01,0.05
-1.56120e-03,0.01,-0.03
-1.56112e-03,0.03,0.05
-1.56104e-03,0.03,-0.03
-1.56096e-03,0.01,0.05
-1.56088e-03,0.03,-0.01
-1.56080e-03,0.01,0.05
-1.56072e-03,0.03,-0.03
-1.56064e-03,0.03,0.05
-1.56056e-03,0.03,-0.01
-1.56048e-03,0.03,0.05
-1.56040e-03,0.01,-0.03
-1.56032e-03,0.05,0.05
-1.56024e-03,0.03,-0.03
-1.56016e-03,0.03,0.05
-1.56008e-03,0.01,-0.01
-1.56000e-03,0.03,0.05
-1.55992e-03,0.03,-0.01
-1.55984e-03,0.03,0.05
-1.55976e-03,0.03,-0.01
-1.55968e-03,0.03,0.05
-1.55960e-03,0.03,-0.01
-1.55952e-03,0.03,0.05
-1.55944e-03,0.03,-0.01
-1.55936e-03,0.01,0.05
-1.55928e-03,0.03,-0.03
-1.55920e-03,0.01,0.05
-1.55912e-03,0.05,-0.03
-1.55904e-03,0.03,0.05
-1.55896e-03,0.03,-0.01
-1.55888e-03,0.03,0.05
-1.55880e-03,0.01,-0.01
-1.55872e-03,0.05,0.05
-1.55864e-03,0.01,-0.01
-1.55856e-03,0.03,0.05
-1.55848e-03,0.01,-0.03
-1.55840e-03,0.01,0.05
-1.55832e-03,0.03,-0.01
-1.55824e-03,0.01,0.05
-1.55816e-03,0.01,-0.01
-1.55808e-03,0.01,0.05
-1.55800e-03,0.03,-0.01
-1.55792e-03,0.03,0.05
-1.55784e-03,0.03,-0.01
-1.55776e-03,0.03,0.05
-1.55768e-03,0.03,-0.01
-1.55760e-03,0.03,0.05
-1.55752e-03,0.01,-0.03
-1.55744e-03,0.05,0.05
-1.55736e-03,0.01,-0.01
-1.55728e-03,0.03,0.07
-1.55720e-03,0.03,-0.03
-1.55712e-03,0.03,0.05
-1.55704e-03,0.03,-0.01
-1.55696e-03,0.03,0.05
-1.55688e-03,0.03,-0.03
-1.55680e-03,0.01,0.05
-1.55672e-03,0.03,-0.01
-1.55664e-03,0.01,0.05
-1.55656e-03,0.03,-0.01
-1.55648e-03,0.03,0.05
-1.55640e-03,0.03,-0.01
-1.55632e-03,0.03,0.05
-1.55624e-03,0.03,-0.01
-1.55616e-03,0.03,0.05
-1.55608e-03,0.01,-0.01
-1.55600e-03,0.03,0.05
-1.55592e-03,0.03,-0.03
-1.55584e-03,0.01,0.07
-1.55576e-03,0.01,-0.03
-1.55568e-03,0.01,0.05
-1.55560e-03,0.01,-0.01
-1.55552e-03,0.03,0.05
-1.55544e-03,0.03,-0.01
-1.55536e-03,0.01,0.05
-1.55528e-03,0.03,-0.01
-1.55520e-03,0.01,0.05
-1.55512e-03,0.01,-0.03
-1.55504e-03,0.03,0.05
-1.55496e-03,0.03,-0.01
-1.55488e-03,0.03,0.05
-1.55480e-03,0.03,-0.03
-1.55472e-03,0.07,0.07
-1.55464e-03,0.03,-0.03
-1.55456e-03,0.03,0.07
-1.55448e-03,0.01,-0.03
-1.55440e-03,0.03,0.07
-1.55432e-03,0.01,-0.03
-1.55424e-03,0.03,0.07
-1.55416e-03,0.01,-0.01
-1.55408e-03,0.01,0.05
-1.55400e-03,0.03,-0.03
-1.55392e-03,0.01,0.05
-1.55384e-03,0.03,-0.03
-1.55376e-03,0.01,0.05
-1.55368e-03,0.03,-0.03
-1.55360e-03,0.03,0.05
-1.55352e-03,0.03,-0.03
-1.55344e-03,0.03,0.07
-1.55336e-03,0.01,-0.03
-1.55328e-03,0.05,0.05
-1.55320e-03,0.03,-0.03
-1.55312e-03,0.03,0.05
-1.55304e-03,0.03,-0.03
-1.55296e-03,0.01,0.05
-1.55288e-03,0.01,-0.01
-1.55280e-03,0.01,0.05
-1.55272e-03,0.01,-0.01
-1.55264e-03,0.03,0.05
-1.55256e-03,0.03,-0.01
-1.55248e-03,0.01,0.05
-1.55240e-03,0.03,-0.03
-1.55232e-03,0.03,0.07
-1.55224e-03,0.03,-0.03
-1.55216e-03,0.03,0.05
-1.55208e-03,0.03,-0.01
-1.55200e-03,0.03,0.05
-1.55192e-03,0.03,-0.01
-1.55184e-03,0.03,0.05
-1.55176e-03,0.01,-0.03
-1.55168e-03,0.03,0.05
-1.55160e-03,0.01,-0.01
-1.55152e-03,0.01,0.05
-1.55144e-03,0.03,-0.03
-1.55136e-03,0.03,0.05
-1.55128e-03,0.03,-0.03
-1.55120e-03,0.01,0.05
-1.55112e-03,0.01,-0.03
-1.55104e-03,0.01,0.05
-1.55096e-03,0.03,-0.03
-1.55088e-03,0.05,0.05
-1.55080e-03,0.01,-0.01
-1.55072e-03,0.01,0.05
-1.55064e-03,0.01,-0.03
-1.55056e-03,0.03,0.05
-1.55048e-03,0.03,-0.03
-1.55040e-03,0.03,0.05
-1.55032e-03,0.05,-0.03
-1.55024e-03,0.01,0.05
-1.55016e-03,0.03,-0.03
-1.55008e-03,0.01,0.05
-1.55000e-03,0.05,-0.03
-1.54992e-03,0.01,0.05
-1.54984e-03,0.03,-0.01
-1.54976e-03,0.03,0.05
-1.54968e-03,0.03,-0.03
-1.54960e-03,0.01,0.05
-1.54952e-03,0.01,-0.01
-1.54944e-03,0.01,0.05
-1.54936e-03,0.03,-0.03
-1.54928e-03,0.03,0.05
-1.54920e-03,0.03,-0.03
-1.54912e-03,0.03,0.05
-1.54904e-03,0.03,-0.03
-1.54896e-03,0.03,0.05
-1.54888e-03,0.03,-0.01
-1.54880e-03,0.01,0.05
-1.54872e-03,0.03,-0.01
-1.54864e-03,0.03,0.05
-1.54856e-03,0.03,-0.01
-1.54848e-03,0.01,0.05
-1.54840e-03,0.01,-0.03
-1.54832e-03,0.01,0.05
-1.54824e-03,0.01,-0.01
-1.54816e-03,0.03,0.05
-1.54808e-03,0.03,-0.03
-1.54800e-03,0.03,0.05
-1.54792e-03,0.01,-0.01
-1.54784e-03,0.01,0.05
-1.54776e-03,0.03,-0.03
-1.54768e-03,0.03,0.03
-1.54760e-03,0.03,-0.03
-1.54752e-03,0.01,0.05
-1.54744e-03,0.03,-0.03
-1.54736e-03,0.03,0.05
-1.54728e-03,0.03,-0.01
-1.54720e-03,0.03,0.05
-1.54712e-03,0.03,-0.01
-1.54704e-03,0.03,0.05
-1.54696e-03,-0.01,-0.03
-1.54688e-03,0.01,0.05
-1.54680e-03,0.03,-0.03
-1.54672e-03,0.03,0.07
-1.54664e-03,0.01,-0.03
-1.54656e-03,0.05,0.05
-1.54648e-03,0.01,-0.03
-1.54640e-03,0.03,0.05
-1.54632e-03,0.03,-0.01
-1.54624e-03,0.01,0.05
-1.54616e-03,0.03,-0.01
-1.54608e-03,0.03,0.05
-1.54600e-03,0.03,-0.03
-1.54592e-03,0.01,0.05
-1.54584e-03,0.03,-0.03
-1.54576e-03,0.01,0.05
-1.54568e-03,0.01,-0.01
-1.54560e-03,0.01,0.05
-1.54552e-03,0.03,-0.01
-1.54544e-03,0.03,0.05
-1.54536e-03,0.01,-0.03
-1.54528e-03,0.05,0.03
-1.54520e-03,0.03,-0.01
-1.54512e-03,0.03,0.05
-1.54504e-03,0.01,-0.03
-1.54496e-03,0.03,0.05
-1.54488e-03,0.03,-0.03
-1.54480e-03,0.03,0.05
-1.54472e-03,0.03,-0.03
-1.54464e-03,0.01,0.05
-1.54456e-03,0.01,-0.03
-1.54448e-03,0.01,0.05
-1.54440e-03,0.03,-0.01
-1.54432e-03,0.03,0.05
-1.54424e-03,0.01,-0.03
-1.54416e-03,0.03,0.05
-1.54408e-03,0.01,-0.01
-1.54400e-03,0.05,0.05
-1.54392e-03,0.01,-0.03
-1.54384e-03,0.03,0.07
-1.54376e-03,0.03,-0.03
-1.54368e-03,0.03,0.05
-1.54360e-03,0.03,-0.03
-1.54352e-03,0.01,0.05
-1.54344e-03,0.03,-0.01
-1.54336e-03,0.01,0.05
-1.54328e-03,0.03,-0.03
-1.54320e-03,0.01,0.05
-1.54312e-03,0.03,-0.01
-1.54304e-03,0.01,0.05
-1.54296e-03,0.01,-0.03
-1.54288e-03,0.03,0.05
-1.54280e-03,0.03,-0.03
-1.54272e-03,0.01,0.05
-1.54264e-03,0.03,-0.01
-1.54256e-03,0.03,0.05
-1.54248e-03,0.03,-0.01
-1.54240e-03,0.03,0.05
-1.54232e-03,0.03,-0.01
-1.54224e-03,0.01,0.05
-1.54216e-03,0.03,-0.01
-1.54208e-03,0.03,0.05
-1.54200e-03,0.03,-0.01
-1.54192e-03,0.03,0.05
-1.54184e-03,0.03,-0.03
-1.54176e-03,0.03,0.05
-1.54168e-03,0.03,-0.01
-1.54160e-03,0.03,0.05
-1.54152e-03,0.01,-0.03
-1.54144e-03,0.05,0.05
-1.54136e-03,0.01,-0.03
-1.54128e-03,0.03,0.05
-1.54120e-03,0.03,-0.03
-1.54112e-03,0.03,0.07
-1.54104e-03,0.01,-0.03
-1.54096e-03,0.03,0.05
-1.54088e-03,0.03,-0.01
-1.54080e-03,0.03,0.07
-1.54072e-03,0.05,-0.01
-1.54064e-03,0.03,0.05
-1.54056e-03,0.03,-0.03
-1.54048e-03,0.01,0.05
-1.54040e-03,0.03,-0.01
-1.54032e-03,0.03,0.05
-1.54024e-03,0.01,-0.03
-1.54016e-03,0.03,0.05
-1.54008e-03,0.01,-0.01
-1.54000e-03,0.03,0.05
-1.53992e-03,0.01,-0.01
-1.53984e-03,0.05,0.05
-1.53976e-03,0.03,-0.03
-1.53968e-03,0.03,0.05
-1.53960e-03,0.03,-0.03
-1.53952e-03,0.01,0.07
-1.53944e-03,0.05,-0.03
-1.53936e-03,0.01,0.05
-1.53928e-03,0.03,-0.01
-1.53920e-03,0.01,0.07
-1.53912e-03,0.03,-0.01
-1.53904e-03,0.03,0.05
-1.53896e-03,0.01,-0.03
-1.53888e-03,0.01,0.05
-1.53880e-03,0.01,-0.01
-1.53872e-03,0.03,0.05
-1.53864e-03,0.01,-0.01
-1.53856e-03,0.05,0.05
-1.53848e-03,0.01,-0.01
-1.53840e-03,0.03,0.05
-1.53832e-03,0.05,-0.01
-1.53824e-03,0.03,0.05
-1.53816e-03,0.05,-0.01
-1.53808e-03,0.03,0.05
-1.53800e-03,0.05,-0.01
-1.53792e-03,0.01,0.05
-1.53784e-03,0.03,-0.01
-1.53776e-03,0.03,0.05
-1.53768e-03,0.01,-0.01
-1.53760e-03,0.03,0.05
-1.53752e-03,0.01,-0.01
-1.53744e-03,0.03,0.05
-1.53736e-03,0.01,-0.01
-1.53728e-03,0.03,0.05
-1.53720e-03,-0.01,-0.01
-1.53712e-03,0.03,0.05
-1.53704e-03,0.03,-0.03
-1.53696e-03,0.03,0.05
-1.53688e-03,0.05,-0.03
-1.53680e-03,0.01,0.05
-1.53672e-03,0.03,-0.01
-1.53664e-03,0.01,0.05
-1.53656e-03,0.03,-0.01
-1.53648e-03,0.01,0.05
-1.53640e-03,0.03,-0.01
-1.53632e-03,0.05,0.05
-1.53624e-03,0.03,-0.01
-1.53616e-03,0.01,0.05
-1.53608e-03,0.01,-0.01
-1.53600e-03,0.05,0.05
-1.53592e-03,0.01,-0.03
-1.53584e-03,0.03,0.05
-1.53576e-03,0.01,-0.01
-1.53568e-03,0.03,0.05
-1.53560e-03,0.05,-0.03
-1.53552e-03,0.03,0.07
-1.53544e-03,0.03,-0.01
-1.53536e-03,0.03,0.05
-1.53528e-03,0.03,-0.01
-1.53520e-03,0.03,0.05
-1.53512e-03,0.03,-0.01
-1.53504e-03,0.03,0.05
-1.53496e-03,0.03,-0.01
-1.53488e-03,0.03,0.05
-1.53480e-03,0.01,-0.01
-1.53472e-03,0.03,0.05
-1.53464e-03,0.01,-0.01
-1.53456e-03,0.03,0.05
-1.53448e-03,0.01,-0.01
-1.53440e-03,0.03,0.07
-1.53432e-03,0.03,-0.03
-1.53424e-03,0.01,0.05
-1.53416e-03,0.05,-0.01
-1.53408e-03,0.01,0.05
-1.53400e-03,0.03,-0.01
-1.53392e-03,0.03,0.05
-1.53384e-03,0.03,-0.01
-1.53376e-03,0.01,0.05
-1.53368e-03,0.03,-0.01
-1.53360e-03,0.03,0.05
-1.53352e-03,0.01,-0.03
-1.53344e-03,0.03,0.05
-1.53336e-03,0.01,-0.01
-1.53328e-03,0.03,0.05
-1.53320e-03,0.03,-0.03
-1.53312e-03,0.03,0.07
-1.53304e-03,0.03,-0.03
-1.53296e-03,0.03,0.05
-1.53288e-03,0.03,-0.03
-1.53280e-03,0.03,0.05
-1.53272e-03,0.03,-0.03
-1.53264e-03,0.01,0.05
-1.53256e-03,0.03,-0.01
-1.53248e-03,0.03,0.05
-1.53240e-03,0.03,-0.01
-1.53232e-03,0.03,0.05
-1.53224e-03,0.03,-0.01
-1.53216e-03,0.05,0.05
-1.53208e-03,-0.01,-0.03
-1.53200e-03,0.01,0.05
-1.53192e-03,0.01,-0.03
-1.53184e-03,0.03,0.05
-1.53176e-03,0.05,-0.03
-1.53168e-03,0.01,0.07
-1.53160e-03,0.05,-0.03
-1.53152e-03,0.03,0.05
-1.53144e-03,0.03,-0.01
-1.53136e-03,0.01,0.05
-1.53128e-03,0.05,-0.03
-1.53120e-03,0.01,0.05
-1.53112e-03,0.05,-0.03
-1.53104e-03,0.03,0.05
-1.53096e-03,0.01,-0.03
-1.53088e-03,0.05,0.05
-1.53080e-03,0.01,-0.03
-1.53072e-03,0.01,0.07
-1.53064e-03,0.03,-0.03
-1.53056e-03,0.03,0.05
-1.53048e-03,0.03,-0.03
-1.53040e-03,0.03,0.05
-1.53032e-03,0.03,-0.01
-1.53024e-03,0.03,0.05
-1.53016e-03,0.03,-0.01
-1.53008e-03,0.03,0.05
-1.53000e-03,0.03,-0.01
-1.52992e-03,0.03,0.05
-1.52984e-03,0.03,-0.01
-1.52976e-03,0.03,0.05
-1.52968e-03,0.03,-0.01
-1.52960e-03,0.03,0.05
-1.52952e-03,0.01,-0.03
-1.52944e-03,0.03,0.05
-1.52936e-03,0.01,-0.03
-1.52928e-03,0.03,0.05
-1.52920e-03,0.03,-0.01
-1.52912e-03,0.03,0.05
-1.52904e-03,0.03,-0.01
-1.52896e-03,0.03,0.05
-1.52888e-03,0.03,-0.01
-1.52880e-03,0.03,0.05
-1.52872e-03,0.05,-0.01
-1.52864e-03,0.03,0.05
-1.52856e-03,0.03,-0.01
-1.52848e-03,0.03,0.05
-1.52840e-03,0.05,-0.01
-1.52832e-03,0.05,0.07
-1.52824e-03,0.03,-0.03
-1.52816e-03,0.03,0.05
-1.52808e-03,0.03,-0.01
-1.52800e-03,0.05,0.05
-1.52792e-03,0.03,-0.01
-1.52784e-03,0.03,0.05
-1.52776e-03,0.01,-0.01
-1.52768e-03,0.03,0.05
-1.52760e-03,0.03,-0.01
-1.52752e-03,0.03,0.05
-1.52744e-03,0.05,-0.01
-1.52736e-03,0.03,0.07
-1.52728e-03,0.03,-0.01
-1.52720e-03,0.03,0.05
-1.52712e-03,0.03,-0.03
-1.52704e-03,0.05,0.05
-1.52696e-03,0.03,-0.03
-1.52688e-03,0.05,0.05
-1.52680e-03,0.03,-0.03
-1.52672e-03,0.03,0.05
-1.52664e-03,0.01,-0.01
-1.52656e-03,0.03,0.05
-1.52648e-03,0.01,-0.03
-1.52640e-03,0.01,0.05
-1.52632e-03,0.01,-0.01
-1.52624e-03,0.03,0.05
-1.52616e-03,0.01,-0.03
-1.52608e-03,-0.01,0.05
-1.52600e-03,0.03,-0.03
-1.52592e-03,0.03,0.05
-1.52584e-03,0.03,-0.03
-1.52576e-03,-0.01,0.05
-1.52568e-03,0.05,-0.03
-1.52560e-03,0.03,0.05
-1.52552e-03,0.03,-0.07
-1.52544e-03,0.03,0.07
-1.52536e-03,0.03,-0.03
-1.52528e-03,0.01,0.05
-1.52520e-03,0.03,-0.03
-1.52512e-03,0.03,0.05
-1.52504e-03,0.03,-0.01
-1.52496e-03,-0.01,0.05
-1.52488e-03,0.03,-0.03
-1.52480e-03,0.03,0.07
-1.52472e-03,0.05,-0.05
-1.52464e-03,0.03,0.05
-1.52456e-03,0.01,-0.03
-1.52448e-03,0.03,0.05
-1.52440e-03,0.03,-0.01
-1.52432e-03,0.03,0.05
-1.52424e-03,0.01,-0.03
-1.52416e-03,0.03,0.05
-1.52408e-03,0.01,-0.01
-1.52400e-03,0.03,0.05
-1.52392e-03,0.03,-0.03
-1.52384e-03,0.03,0.05
-1.52376e-03,0.01,-0.01
-1.52368e-03,0.01,0.05
-1.52360e-03,0.01,-0.01
-1.52352e-03,0.03,0.05
-1.52344e-03,0.03,-0.03
-1.52336e-03,0.03,0.07
-1.52328e-03,0.03,-0.05
-1.52320e-03,0.03,0.07
-1.52312e-03,0.01,-0.01
-1.52304e-03,0.05,0.05
-1.52296e-03,0.03,-0.03
-1.52288e-03,0.03,0.05
-1.52280e-03,0.03,-0.03
-1.52272e-03,0.03,0.05
-1.52264e-03,0.03,-0.01
-1.52256e-03,0.03,0.03
-1.52248e-03,0.03,-0.03
-1.52240e-03,0.01,0.03
-1.52232e-03,0.03,-0.03
-1.52224e-03,0.01,0.05
-1.52216e-03,0.03,-0.01
-1.52208e-03,0.01,0.03
-1.52200e-03,0.03,-0.03
-1.52192e-03,0.03,0.05
-1.52184e-03,0.01,-0.01
-1.52176e-03,0.03,0.05
-1.52168e-03,0.03,-0.01
-1.52160e-03,0.05,0.05
-1.52152e-03,0.01,-0.01
-1.52144e-03,0.03,0.05
-1.52136e-03,0.01,-0.03
-1.52128e-03,0.03,0.05
-1.52120e-03,0.01,-0.01
-1.52112e-03,0.03,0.05
-1.52104e-03,0.05,-0.01
-1.52096e-03,0.03,0.05
-1.52088e-03,0.03,-0.01
-1.52080e-03,-0.01,0.05
-1.52072e-03,0.01,-0.01
-1.52064e-03,0.03,0.05
-1.52056e-03,0.03,-0.03
-1.52048e-03,0.03,0.05
-1.52040e-03,0.05,-0.01
-1.52032e-03,0.03,0.05
-1.52024e-03,0.03,-0.01
-1.52016e-03,0.01,0.05
-1.52008e-03,0.03,-0.01
-1.52000e-03,0.03,0.05
-1.51992e-03,0.03,-0.01
-1.51984e-03,0.01,0.05
-1.51976e-03,0.03,-0.01
-1.51968e-03,0.01,0.05
-1.51960e-03,0.03,-0.03
-1.51952e-03,0.01,0.05
-1.51944e-03,0.03,-0.01
-1.51936e-03,0.03,0.05
-1.51928e-03,0.01,-0.03
-1.51920e-03,0.03,0.05
-1.51912e-03,0.03,-0.01
-1.51904e-03,0.03,0.05
-1.51896e-03,0.05,-0.01
-1.51888e-03,0.05,0.05
-1.51880e-03,0.01,-0.05
-1.51872e-03,0.05,0.13
-1.51864e-03,0.01,-0.03
-1.51856e-03,0.03,0.09
-1.51848e-03,0.01,-0.01
-1.51840e-03,0.03,0.05
-1.51832e-03,0.03,-0.03
-1.51824e-03,0.03,0.05
-1.51816e-03,0.03,-0.01
-1.51808e-03,0.01,0.05
-1.51800e-03,0.05,-0.01
-1.51792e-03,0.03,0.05
-1.51784e-03,0.01,-0.01
-1.51776e-03,0.03,0.05
-1.51768e-03,0.03,-0.03
-1.51760e-03,0.03,0.05
-1.51752e-03,0.01,-0.01
-1.51744e-03,0.03,0.05
-1.51736e-03,0.01,-0.01
-1.51728e-03,0.03,0.05
-1.51720e-03,0.05,-0.03
-1.51712e-03,0.03,0.05
-1.51704e-03,0.03,-0.03
-1.51696e-03,0.01,0.05
-1.51688e-03,0.01,-0.03
-1.51680e-03,0.03,0.07
-1.51672e-03,0.01,-0.03
-1.51664e-03,0.01,0.07
-1.51656e-03,0.03,-0.03
-1.51648e-03,0.03,0.05
-1.51640e-03,0.01,-0.03
-1.51632e-03,0.01,0.05
-1.51624e-03,0.03,-0.05
-1.51616e-03,0.03,0.05
-1.51608e-03,0.01,-0.03
-1.51600e-03,0.03,0.05
-1.51592e-03,0.03,-0.03
-1.51584e-03,0.03,0.05
-1.51576e-03,0.05,-0.03
-1.51568e-03,0.01,0.05
-1.51560e-03,0.03,-0.03
-1.51552e-03,-0.01,0.05
-1.51544e-03,0.03,-0.03
-1.51536e-03,0.01,0.05
-1.51528e-03,0.03,-0.03
-1.51520e-03,0.03,0.05
-1.51512e-03,0.01,-0.03
-1.51504e-03,0.01,0.05
-1.51496e-03,0.01,-0.03
-1.51488e-03,0.03,0.05
-1.51480e-03,0.01,-0.03
-1.51472e-03,0.03,0.05
-1.51464e-03,0.03,-0.03
-1.51456e-03,0.05,0.05
-1.51448e-03,0.01,-0.03
-1.51440e-03,0.03,0.05
-1.51432e-03,0.01,-0.03
-1.51424e-03,0.03,0.05
-1.51416e-03,0.03,-0.03
-1.51408e-03,0.01,0.05
-1.51400e-03,0.01,-0.03
-1.51392e-03,0.03,0.05
-1.51384e-03,0.03,-0.01
-1.51376e-03,0.03,0.05
-1.51368e-03,0.03,-0.01
-1.51360e-03,0.03,0.05
-1.51352e-03,0.01,-0.01
-1.51344e-03,0.05,0.05
-1.51336e-03,0.01,-0.03
-1.51328e-03,0.03,0.05
-1.51320e-03,0.03,-0.03
-1.51312e-03,0.03,0.05
-1.51304e-03,0.05,-0.03
-1.51296e-03,0.01,0.05
-1.51288e-03,0.03,-0.01
-1.51280e-03,0.01,0.05
-1.51272e-03,0.03,-0.01
-1.51264e-03,-0.01,0.05
-1.51256e-03,0.03,-0.03
-1.51248e-03,0.01,0.05
-1.51240e-03,0.03,-0.01
-1.51232e-03,0.03,0.05
-1.51224e-03,0.03,-0.03
-1.51216e-03,0.03,0.05
-1.51208e-03,0.03,-0.03
-1.51200e-03,0.05,0.05
-1.51192e-03,0.05,-0.01
-1.51184e-03,0.03,0.05
-1.51176e-03,0.03,-0.03
-1.51168e-03,0.03,0.05
-1.51160e-03,0.03,-0.03
-1.51152e-03,0.03,0.05
-1.51144e-03,0.03,-0.03
-1.51136e-03,-0.01,0.07
-1.51128e-03,0.03,-0.03
-1.51120e-03,0.03,0.05
-1.51112e-03,0.03,-0.01
-1.51104e-03,0.03,0.05
-1.51096e-03,0.01,-0.03
-1.51088e-03,0.03,0.05
-1.51080e-03,0.03,-0.03
-1.51072e-03,0.03,0.05
-1.51064e-03,0.03,-0.01
-1.51056e-03,0.03,0.05
-1.51048e-03,0.01,-0.01
-1.51040e-03,0.01,0.05
-1.51032e-03,0.03,-0.01
-1.51024e-03,0.01,0.05
-1.51016e-03,0.03,-0.01
-1.51008e-03,0.01,0.05
-1.51000e-03,-0.01,-0.03
-1.50992e-03,-0.01,0.03
-1.50984e-03,0.01,-0.03
-1.50976e-03,0.01,0.07
-1.50968e-03,0.05,-0.03
-1.50960e-03,0.03,0.07
-1.50952e-03,0.03,-0.03
-1.50944e-03,0.03,0.05
-1.50936e-03,0.03,-0.03
-1.50928e-03,0.03,0.05
-1.50920e-03,0.03,-0.03
-1.50912e-03,0.05,0.07
-1.50904e-03,0.01,-0.01
-1.50896e-03,0.03,0.05
-1.50888e-03,0.03,-0.03
-1.50880e-03,0.01,0.05
-1.50872e-03,0.03,-0.03
-1.50864e-03,0.03,0.05
-1.50856e-03,0.03,-0.01
-1.50848e-03,0.03,0.05
-1.50840e-03,0.03,-0.03
-1.50832e-03,0.03,0.05
-1.50824e-03,0.01,-0.03
-1.50816e-03,0.05,0.05
-1.50808e-03,0.03,-0.01
-1.50800e-03,0.03,0.07
-1.50792e-03,0.01,-0.03
-1.50784e-03,0.03,0.05
-1.50776e-03,0.03,-0.01
-1.50768e-03,0.03,0.05
-1.50760e-03,0.01,-0.01
-1.50752e-03,0.01,0.05
-1.50744e-03,0.05,-0.03
-1.50736e-03,0.03,0.05
-1.50728e-03,0.01,-0.01
-1.50720e-03,0.03,0.05
-1.50712e-03,0.03,-0.01
-1.50704e-03,0.03,0.05
-1.50696e-03,0.03,-0.01
-1.50688e-03,0.03,0.05
-1.50680e-03,0.01,-0.01
-1.50672e-03,0.03,0.05
-1.50664e-03,0.03,-0.01
-1.50656e-03,0.03,0.05
-1.50648e-03,0.03,-0.01
-1.50640e-03,0.01,0.05
-1.50632e-03,0.05,-0.03
-1.50624e-03,0.01,0.05
-1.50616e-03,0.03,-0.01
-1.50608e-03,0.03,0.05
-1.50600e-03,0.05,-0.01
-1.50592e-03,0.03,0.05
-1.50584e-03,0.01,-0.01
-1.50576e-03,0.05,0.05
-1.50568e-03,0.03,-0.01
-1.50560e-03,0.03,0.05
-1.50552e-03,0.03,-0.01
-1.50544e-03,0.01,0.05
-1.50536e-03,0.01,-0.03
-1.50528e-03,0.03,0.07
-1.50520e-03,0.01,-0.03
-1.50512e-03,0.05,0.05
-1.50504e-03,0.03,-0.01
-1.50496e-03,0.03,0.05
-1.50488e-03,0.03,-0.03
-1.50480e-03,0.01,0.05
-1.50472e-03,0.03,-0.03
-1.50464e-03,0.01,0.05
-1.50456e-03,0.03,-0.03
-1.50448e-03,0.01,0.05
-1.50440e-03,0.03,-0.01
-1.50432e-03,0.01,0.05
-1.50424e-03,0.01,-0.01
-1.50416e-03,0.03,0.05
-1.50408e-03,0.01,-0.03
-1.50400e-03,0.03,0.05
-1.50392e-03,0.01,-0.01
-1.50384e-03,0.05,0.05
-1.50376e-03,0.03,-0.01
-1.50368e-03,0.01,0.05
-1.50360e-03,0.03,-0.03
-1.50352e-03,0.03,0.05
-1.50344e-03,0.03,-0.01
-1.50336e-03,0.01,0.05
-1.50328e-03,0.05,-0.01
-1.50320e-03,0.03,0.05
-1.50312e-03,0.03,-0.01
-1.50304e-03,0.03,0.05
-1.50296e-03,0.01,-0.01
-1.50288e-03,0.03,0.05
-1.50280e-03,0.03,-0.01
-1.50272e-03,0.03,0.05
-1.50264e-03,0.03,-0.01
-1.50256e-03,0.05,0.05
-1.50248e-03,0.01,-0.01
-1.50240e-03,0.01,0.05
-1.50232e-03,0.05,-0.03
-1.50224e-03,0.05,0.05
-1.50216e-03,0.05,-0.03
-1.50208e-03,0.03,0.07
-1.50200e-03,0.05,-0.03
-1.50192e-03,0.01,0.05
-1.50184e-03,0.03,-0.03
-1.50176e-03,0.01,0.07
-1.50168e-03,0.03,-0.01
-1.50160e-03,0.03,0.07
-1.50152e-03,0.01,-0.03
-1.50144e-03,0.03,0.05
-1.50136e-03,0.01,-0.01
-1.50128e-03,0.03,0.05
-1.50120e-03,0.01,-0.01
-1.50112e-03,0.03,0.05
-1.50104e-03,0.03,-0.01
-1.50096e-03,0.03,0.05
-1.50088e-03,0.05,-0.03
-1.50080e-03,0.03,0.05
-1.50072e-03,0.05,-0.01
-1.50064e-03,0.01,0.05
-1.50056e-03,0.03,-0.03
-1.50048e-03,0.01,0.05
-1.50040e-03,0.01,-0.03
-1.50032e-03,0.03,0.05
-1.50024e-03,0.03,-0.03
-1.50016e-03,0.03,0.05
-1.50008e-03,0.01,-0.03
-1.50000e-03,0.03,0.05
-1.49992e-03,0.01,-0.03
-1.49984e-03,0.01,0.05
-1.49976e-03,0.03,-0.03
-1.49968e-03,0.01,0.05
-1.49960e-03,0.05,-0.01
-1.49952e-03,0.01,0.05
-1.49944e-03,0.03,-0.03
-1.49936e-03,0.03,0.05
-1.49928e-03,0.05,-0.01
-1.49920e-03,0.01,0.05
-1.49912e-03,0.03,-0.01
-1.49904e-03,0.03,0.05
-1.49896e-03,0.03,-0.03
-1.49888e-03,0.03,0.05
-1.49880e-03,0.01,-0.03
-1.49872e-03,0.03,0.05
-1.49864e-03,0.01,-0.03
-1.49856e-03,0.03,0.05
-1.49848e-03,0.03,-0.01
-1.49840e-03,0.03,0.05
-1.49832e-03,0.05,-0.01
-1.49824e-03,0.03,0.05
-1.49816e-03,0.05,-0.01
-1.49808e-03,0.03,0.05
-1.49800e-03,0.05,-0.01
-1.49792e-03,0.01,0.05
-1.49784e-03,0.03,-0.01
-1.49776e-03,0.03,0.05
-1.49768e-03,0.01,-0.03
-1.49760e-03,0.03,0.05
-1.49752e-03,0.01,-0.01
-1.49744e-03,0.03,0.05
-1.49736e-03,0.01,-0.01
-1.49728e-03,0.05,0.05
-1.49720e-03,-0.01,-0.03
-1.49712e-03,0.03,0.05
-1.49704e-03,0.01,-0.05
-1.49696e-03,0.05,0.07
-1.49688e-03,0.03,-0.03
-1.49680e-03,0.03,0.07
-1.49672e-03,0.05,-0.03
-1.49664e-03,0.01,0.07
-1.49656e-03,0.05,-0.01
-1.49648e-03,0.03,0.05
-1.49640e-03,0.03,-0.03
-1.49632e-03,0.03,0.05
-1.49624e-03,0.03,-0.01
-1.49616e-03,0.05,0.07
-1.49608e-03,0.01,-0.03
-1.49600e-03,0.03,0.05
-1.49592e-03,0.01,-0.03
-1.49584e-03,0.03,0.05
-1.49576e-03,0.03,-0.01
-1.49568e-03,0.01,0.05
-1.49560e-03,0.05,-0.01
-1.49552e-03,0.03,0.05
-1.49544e-03,0.03,-0.01
-1.49536e-03,0.03,0.05
-1.49528e-03,0.03,-0.01
-1.49520e-03,0.03,0.05
-1.49512e-03,0.05,-0.03
-1.49504e-03,0.05,0.05
-1.49496e-03,0.01,-0.03
-1.49488e-03,0.03,0.07
-1.49480e-03,0.01,-0.03
-1.49472e-03,0.03,0.07
-1.49464e-03,0.03,-0.01
-1.49456e-03,0.05,0.05
-1.49448e-03,0.03,-0.03
-1.49440e-03,0.03,0.05
-1.49432e-03,0.03,-0.01
-1.49424e-03,0.01,0.05
-1.49416e-03,0.05,-0.01
-1.49408e-03,0.03,0.07
-1.49400e-03,0.03,-0.01
-1.49392e-03,0.01,0.05
-1.49384e-03,0.03,-0.01
-1.49376e-03,0.03,0.05
-1.49368e-03,0.03,-0.01
-1.49360e-03,0.05,0.05
-1.49352e-03,0.03,-0.01
-1.49344e-03,0.05,0.05
-1.49336e-03,0.01,-0.01
-1.49328e-03,0.03,0.05
-1.49320e-03,0.01,-0.01
-1.49312e-03,0.03,0.07
-1.49304e-03,0.03,-0.01
-1.49296e-03,0.03,0.05
-1.49288e-03,0.03,-0.01
-1.49280e-03,0.01,0.05
-1.49272e-03,0.03,-0.01
-1.49264e-03,0.03,0.05
-1.49256e-03,0.05,-0.01
-1.49248e-03,0.03,0.07
-1.49240e-03,0.03,-0.03
-1.49232e-03,0.05,0.05
-1.49224e-03,0.03,-0.01
-1.49216e-03,0.03,0.05
-1.49208e-03,0.01,-0.01
-1.49200e-03,0.03,0.05
-1.49192e-03,0.03,-0.01
-1.49184e-03,0.03,0.05
-1.49176e-03,0.05,-0.03
-1.49168e-03,0.03,0.05
-1.49160e-03,0.05,-0.03
-1.49152e-03,0.03,0.05
-1.49144e-03,0.03,-0.01
-1.49136e-03,0.01,0.05
-1.49128e-03,0.03,-0.03
-1.49120e-03,0.03,0.05
-1.49112e-03,0.03,-0.01
-1.49104e-03,0.03,0.05
-1.49096e-03,0.03,-0.01
-1.49088e-03,0.03,0.05
-1.49080e-03,0.01,-0.01
-1.49072e-03,0.03,0.05
-1.49064e-03,0.01,-0.01
-1.49056e-03,0.03,0.05
-1.49048e-03,0.03,-0.03
-1.49040e-03,0.03,0.05
-1.49032e-03,0.03,-0.01
-1.49024e-03,0.01,0.05
-1.49016e-03,0.03,-0.03
-1.49008e-03,0.01,0.05
-1.49000e-03,0.03,-0.01
-1.48992e-03,0.03,0.07
-1.48984e-03,0.01,-0.03
-1.48976e-03,0.03,0.05
-1.48968e-03,0.03,-0.01
-1.48960e-03,0.03,0.05
-1.48952e-03,0.01,-0.03
-1.48944e-03,0.03,0.05
-1.48936e-03,0.03,-0.01
-1.48928e-03,0.03,0.05
-1.48920e-03,0.03,-0.01
-1.48912e-03,0.01,0.05
-1.48904e-03,0.03,-0.03
-1.48896e-03,0.03,0.05
-1.48888e-03,0.03,-0.03
-1.48880e-03,0.01,0.05
-1.48872e-03,0.05,-0.01
-1.48864e-03,0.03,0.05
-1.48856e-03,0.03,-0.01
-1.48848e-03,0.03,0.05
-1.48840e-03,0.03,-0.03
-1.48832e-03,0.05,0.05
-1.48824e-03,0.01,-0.01
-1.48816e-03,0.03,0.05
-1.48808e-03,0.03,-0.01
-1.48800e-03,0.03,0.05
-1.48792e-03,0.01,-0.01
-1.48784e-03,0.03,0.05
-1.48776e-03,0.03,-0.01
-1.48768e-03,0.03,0.05
-1.48760e-03,0.03,-0.01
-1.48752e-03,0.01,0.05
-1.48744e-03,0.05,-0.01
-1.48736e-03,0.01,0.05
-1.48728e-03,0.01,-0.03
-1.48720e-03,0.01,0.05
-1.48712e-03,0.01,-0.03
-1.48704e-03,0.03,0.07
-1.48696e-03,0.03,-0.03
-1.48688e-03,0.05,0.05
-1.48680e-03,0.03,-0.03
-1.48672e-03,0.03,0.05
-1.48664e-03,0.03,-0.03
-1.48656e-03,0.03,0.05
-1.48648e-03,0.03,-0.03
-1.48640e-03,0.03,0.05
-1.48632e-03,0.03,-0.03
-1.48624e-03,0.01,0.05
-1.48616e-03,0.03,-0.03
-1.48608e-03,0.01,0.05
-1.48600e-03,0.03,-0.03
-1.48592e-03,0.01,0.05
-1.48584e-03,0.03,-0.03
-1.48576e-03,0.03,0.05
-1.48568e-03,0.03,-0.01
-1.48560e-03,0.05,0.03
-1.48552e-03,0.03,-0.01
-1.48544e-03,0.03,0.05
-1.48536e-03,0.01,-0.03
-1.48528e-03,0.03,0.05
-1.48520e-03,0.03,-0.01
-1.48512e-03,0.01,0.05
-1.48504e-03,0.01,-0.01
-1.48496e-03,0.03,0.05
-1.48488e-03,0.03,-0.01
-1.48480e-03,0.01,0.05
-1.48472e-03,0.03,-0.01
-1.48464e-03,0.01,0.05
-1.48456e-03,0.05,-0.03
-1.48448e-03,0.01,0.05
-1.48440e-03,0.01,-0.03
-1.48432e-03,0.03,0.05
-1.48424e-03,0.03,-0.03
-1.48416e-03,0.05,0.05
-1.48408e-03,0.01,-0.01
-1.48400e-03,0.03,0.05
-1.48392e-03,0.01,-0.03
-1.48384e-03,0.03,0.05
-1.48376e-03,0.01,-0.01
-1.48368e-03,0.01,0.05
-1.48360e-03,0.03,-0.01
-1.48352e-03,0.01,0.05
-1.48344e-03,0.03,-0.03
-1.48336e-03,0.01,0.05
-1.48328e-03,0.03,-0.03
-1.48320e-03,0.01,0.05
-1.48312e-03,0.01,-0.01
-1.48304e-03,0.03,0.05
-1.48296e-03,0.01,-0.03
-1.48288e-03,0.03,0.05
-1.48280e-03,0.01,-0.03
-1.48272e-03,0.03,0.05
-1.48264e-03,0.03,-0.03
-1.48256e-03,0.03,0.05
-1.48248e-03,0.01,-0.03
-1.48240e-03,0.03,0.05
-1.48232e-03,0.03,-0.03
-1.48224e-03,0.03,0.05
-1.48216e-03,0.05,-0.03
-1.48208e-03,0.01,0.05
-1.48200e-03,0.05,-0.03
-1.48192e-03,0.03,0.05
-1.48184e-03,0.01,-0.03
-1.48176e-03,0.01,0.05
-1.48168e-03,0.03,-0.03
-1.48160e-03,0.03,0.05
-1.48152e-03,-0.01,-0.03
-1.48144e-03,0.03,0.05
-1.48136e-03,0.03,-0.03
-1.48128e-03,0.03,0.05
-1.48120e-03,0.03,-0.03
-1.48112e-03,0.01,0.05
-1.48104e-03,0.03,-0.01
-1.48096e-03,0.01,0.05
-1.48088e-03,0.05,-0.03
-1.48080e-03,0.01,0.05
-1.48072e-03,0.03,-0.01
-1.48064e-03,0.01,0.05
-1.48056e-03,0.03,-0.01
-1.48048e-03,0.01,0.05
-1.48040e-03,0.03,-0.03
-1.48032e-03,0.03,0.05
-1.48024e-03,0.01,-0.01
-1.48016e-03,0.03,0.05
-1.48008e-03,0.01,-0.03
-1.48000e-03,0.05,0.05
-1.47992e-03,0.03,-0.05
-1.47984e-03,0.05,0.05
-1.47976e-03,0.01,-0.03
-1.47968e-03,0.03,0.05
-1.47960e-03,0.03,-0.03
-1.47952e-03,0.01,0.05
-1.47944e-03,0.03,-0.01
-1.47936e-03,0.01,0.05
-1.47928e-03,0.03,-0.01
-1.47920e-03,0.03,0.05
-1.47912e-03,0.03,-0.03
-1.47904e-03,0.03,0.05
-1.47896e-03,0.03,-0.01
-1.47888e-03,0.03,0.05
-1.47880e-03,0.03,-0.01
-1.47872e-03,0.03,0.05
-1.47864e-03,0.03,-0.03
-1.47856e-03,0.03,0.05
-1.47848e-03,0.03,-0.01
-1.47840e-03,0.03,0.05
-1.47832e-03,0.03,-0.03
-1.47824e-03,0.01,0.05
-1.47816e-03,0.03,-0.03
-1.47808e-03,0.03,0.05
-1.47800e-03,0.03,-0.01
-1.47792e-03,0.01,0.05
-1.47784e-03,0.03,-0.01
-1.47776e-03,0.05,0.03
-1.47768e-03,0.01,-0.01
-1.47760e-03,0.03,0.05
-1.47752e-03,0.03,-0.03
-1.47744e-03,0.03,0.05
-1.47736e-03,0.03,-0.03
-1.47728e-03,0.03,0.05
-1.47720e-03,0.03,-0.01
-1.47712e-03,0.03,0.05
-1.47704e-03,0.03,-0.01
-1.47696e-03,0.01,0.05
-1.47688e-03,0.03,-0.03
-1.47680e-03,0.01,0.05
-1.47672e-03,0.03,-0.03
-1.47664e-03,0.01,0.05
-1.47656e-03,0.03,-0.01
-1.47648e-03,0.03,0.05
-1.47640e-03,0.01,-0.01
-1.47632e-03,0.03,0.05
-1.47624e-03,0.03,-0.01
-1.47616e-03,0.05,0.05
-1.47608e-03,0.01,-0.03
-1.47600e-03,0.05,0.05
-1.47592e-03,0.03,-0.03
-1.47584e-03,0.03,0.05
-1.47576e-03,0.03,-0.01
-1.47568e-03,-0.01,0.05
-1.47560e-03,0.05,-0.05
-1.47552e-03,-0.01,0.05
-1.47544e-03,0.03,-0.07
-1.47536e-03,0.03,0.07
-1.47528e-03,0.01,-0.03
-1.47520e-03,0.05,0.07
-1.47512e-03,0.03,-0.03
-1.47504e-03,0.03,0.05
-1.47496e-03,0.03,-0.01
-1.47488e-03,0.03,0.05
-1.47480e-03,0.03,-0.01
-1.47472e-03,0.03,0.05
-1.47464e-03,0.03,-0.01
-1.47456e-03,0.03,0.05
-1.47448e-03,0.03,-0.01
-1.47440e-03,0.03,0.05
-1.47432e-03,0.03,-0.03
-1.47424e-03,0.01,0.05
-1.47416e-03,0.03,-0.01
-1.47408e-03,0.01,0.05
-1.47400e-03,0.03,-0.01
-1.47392e-03,0.03,0.05
-1.47384e-03,0.03,-0.01
-1.47376e-03,0.03,0.05
-1.47368e-03,0.03,-0.01
-1.47360e-03,0.03,0.05
-1.47352e-03,0.03,-0.03
-1.47344e-03,0.03,0.05
-1.47336e-03,0.03,-0.01
-1.47328e-03,0.03,0.05
-1.47320e-03,0.03,-0.01
-1.47312e-03,0.03,0.05
-1.47304e-03,0.03,-0.01
-1.47296e-03,0.03,0.05
-1.47288e-03,0.03,-0.01
-1.47280e-03,0.01,0.05
-1.47272e-03,0.03,-0.01
-1.47264e-03,0.03,0.05
-1.47256e-03,0.03,-0.01
-1.47248e-03,0.03,0.05
-1.47240e-03,0.05,-0.01
-1.47232e-03,0.03,0.05
-1.47224e-03,0.01,-0.03
-1.47216e-03,0.03,0.05
-1.47208e-03,0.01,-0.03
-1.47200e-03,0.05,0.05
-1.47192e-03,0.03,-0.03
-1.47184e-03,0.03,0.05
-1.47176e-03,0.03,-0.01
-1.47168e-03,0.03,0.05
-1.47160e-03,0.03,-0.01
-1.47152e-03,0.01,0.05
-1.47144e-03,0.03,-0.01
-1.47136e-03,0.01,0.05
-1.47128e-03,0.03,-0.03
-1.47120e-03,0.01,0.05
-1.47112e-03,0.05,-0.03
-1.47104e-03,0.03,0.05
-1.47096e-03,0.05,-0.01
-1.47088e-03,0.03,0.05
-1.47080e-03,0.01,-0.03
-1.47072e-03,0.03,0.07
-1.47064e-03,0.03,-0.01
-1.47056e-03,0.03,0.07
-1.47048e-03,0.03,-0.01
-1.47040e-03,0.03,0.05
-1.47032e-03,0.03,-0.01
-1.47024e-03,0.03,0.05
-1.47016e-03,0.05,-0.01
-1.47008e-03,0.01,0.05
-1.47000e-03,0.03,-0.01
-1.46992e-03,0.03,0.05
-1.46984e-03,0.03,-0.01
-1.46976e-03,0.03,0.05
-1.46968e-03,0.03,-0.01
-1.46960e-03,0.03,0.05
-1.46952e-03,0.01,-0.01
-1.46944e-03,0.03,0.05
-1.46936e-03,0.03,-0.01
-1.46928e-03,0.03,0.05
-1.46920e-03,0.03,-0.01
-1.46912e-03,0.03,0.05
-1.46904e-03,0.03,-0.01
-1.46896e-03,0.03,0.05
-1.46888e-03,0.05,-0.01
-1.46880e-03,0.05,0.05
-1.46872e-03,0.01,-0.05
-1.46864e-03,0.01,0.13
-1.46856e-03,0.01,-0.03
-1.46848e-03,0.03,0.05
-1.46840e-03,0.03,-0.03
-1.46832e-03,0.03,0.05
-1.46824e-03,0.01,-0.03
-1.46816e-03,0.05,0.05
-1.46808e-03,0.01,-0.01
-1.46800e-03,0.03,0.05
-1.46792e-03,0.01,-0.01
-1.46784e-03,0.03,0.05
-1.46776e-03,0.03,-0.01
-1.46768e-03,0.01,0.05
-1.46760e-03,0.03,-0.01
-1.46752e-03,0.01,0.05
-1.46744e-03,0.03,-0.01
-1.46736e-03,0.01,0.05
-1.46728e-03,0.03,-0.01
-1.46720e-03,0.01,0.05
-1.46712e-03,0.01,-0.01
-1.46704e-03,0.01,0.05
-1.46696e-03,0.01,-0.01
-1.46688e-03,0.03,0.05
-1.46680e-03,0.03,-0.03
-1.46672e-03,0.05,0.05
-1.46664e-03,0.05,-0.01
-1.46656e-03,0.01,0.05
-1.46648e-03,0.01,-0.03
-1.46640e-03,0.03,0.05
-1.46632e-03,0.03,-0.01
-1.46624e-03,0.03,0.05
-1.46616e-03,0.01,-0.01
-1.46608e-03,0.01,0.05
-1.46600e-03,0.03,-0.01
-1.46592e-03,-0.01,0.05
-1.46584e-03,0.05,-0.01
-1.46576e-03,0.03,0.05
-1.46568e-03,0.03,-0.03
-1.46560e-03,0.05,0.05
-1.46552e-03,0.01,-0.03
-1.46544e-03,0.03,0.05
-1.46536e-03,0.01,-0.01
-1.46528e-03,0.03,0.05
-1.46520e-03,0.05,-0.03
-1.46512e-03,0.03,0.07
-1.46504e-03,0.03,-0.05
-1.46496e-03,0.01,0.07
-1.46488e-03,0.05,-0.03
-1.46480e-03,0.01,0.07
-1.46472e-03,0.03,-0.03
-1.46464e-03,0.03,0.05
-1.46456e-03,0.03,-0.03
-1.46448e-03,0.03,0.07
-1.46440e-03,0.01,-0.01
-1.46432e-03,0.03,0.05
-1.46424e-03,0.03,-0.01
-1.46416e-03,0.03,0.05
-1.46408e-03,0.01,-0.01
-1.46400e-03,0.03,0.05
-1.46392e-03,0.03,-0.03
-1.46384e-03,0.03,0.05
-1.46376e-03,0.03,-0.01
-1.46368e-03,0.03,0.05
-1.46360e-03,0.05,-0.01
-1.46352e-03,0.01,0.05
-1.46344e-03,0.03,-0.03
-1.46336e-03,0.01,0.05
-1.46328e-03,0.03,-0.01
-1.46320e-03,0.03,0.05
-1.46312e-03,0.01,-0.03
-1.46304e-03,0.03,0.05
-1.46296e-03,0.03,-0.01
-1.46288e-03,0.01,0.05
-1.46280e-03,-0.01,-0.03
-1.46272e-03,0.05,0.05
-1.46264e-03,0.03,-0.03
-1.46256e-03,0.03,0.05
-1.46248e-03,0.01,-0.01
-1.46240e-03,0.03,0.05
-1.46232e-03,0.03,-0.01
-1.46224e-03,0.01,0.05
-1.46216e-03,0.05,-0.03
-1.46208e-03,0.01,0.05
-1.46200e-03,0.03,-0.03
-1.46192e-03,0.03,0.05
-1.46184e-03,0.03,-0.01
-1.46176e-03,0.03,0.05
-1.46168e-03,0.01,-0.01
-1.46160e-03,0.03,0.05
-1.46152e-03,0.03,-0.01
-1.46144e-03,0.03,0.05
-1.46136e-03,0.03,-0.03
-1.46128e-03,0.05,0.05
-1.46120e-03,0.01,-0.01
-1.46112e-03,0.01,0.05
-1.46104e-03,0.05,-0.03
-1.46096e-03,0.01,0.05
-1.46088e-03,0.03,-0.01
-1.46080e-03,0.01,0.05
-1.46072e-03,0.03,-0.03
-1.46064e-03,0.03,0.05
-1.46056e-03,-0.01,-0.01
-1.46048e-03,0.03,0.05
-1.46040e-03,0.01,-0.03
-1.46032e-03,0.03,0.05
-1.46024e-03,0.01,-0.03
-1.46016e-03,0.03,0.05
-1.46008e-03,0.01,-0.01
-1.46000e-03,0.05,0.05
-1.45992e-03,0.03,-0.01
-1.45984e-03,0.03,0.05
-1.45976e-03,0.03,-0.01
-1.45968e-03,0.01,0.05
-1.45960e-03,0.03,-0.01
-1.45952e-03,0.01,0.05
-1.45944e-03,0.03,-0.03
-1.45936e-03,0.01,0.05
-1.45928e-03,0.05,-0.01
-1.45920e-03,0.03,0.05
-1.45912e-03,0.01,-0.01
-1.45904e-03,0.03,0.05
-1.45896e-03,0.01,-0.01
-1.45888e-03,0.03,0.05
-1.45880e-03,0.01,-0.01
-1.45872e-03,0.03,0.05
-1.45864e-03,0.01,-0.03
-1.45856e-03,0.03,0.05
-1.45848e-03,0.03,-0.01
-1.45840e-03,0.03,0.05
-1.45832e-03,0.03,-0.03
-1.45824e-03,0.01,0.05
-1.45816e-03,0.03,-0.01
-1.45808e-03,0.01,0.05
-1.45800e-03,0.03,-0.01
-1.45792e-03,0.03,0.05
-1.45784e-03,0.03,-0.01
-1.45776e-03,0.03,0.05
-1.45768e-03,0.01,-0.03
-1.45760e-03,0.03,0.05
-1.45752e-03,0.01,-0.03
-1.45744e-03,0.03,0.05
-1.45736e-03,-0.01,-0.03
-1.45728e-03,0.01,0.05
-1.45720e-03,0.03,-0.05
-1.45712e-03,0.03,0.07
-1.45704e-03,0.03,-0.03
-1.45696e-03,0.03,0.07
-1.45688e-03,0.03,-0.01
-1.45680e-03,0.03,0.05
-1.45672e-03,0.03,-0.03
-1.45664e-03,0.03,0.05
-1.45656e-03,0.01,-0.03
-1.45648e-03,0.03,0.07
-1.45640e-03,0.03,-0.03
-1.45632e-03,0.03,0.05
-1.45624e-03,0.01,-0.01
-1.45616e-03,0.03,0.05
-1.45608e-03,0.01,-0.01
-1.45600e-03,0.03,0.05
-1.45592e-03,0.03,-0.01
-1.45584e-03,0.03,0.05
-1.45576e-03,0.03,-0.03
-1.45568e-03,0.03,0.05
-1.45560e-03,0.05,-0.03
-1.45552e-03,0.03,0.05
-1.45544e-03,0.03,-0.03
-1.45536e-03,0.03,0.05
-1.45528e-03,0.03,-0.01
-1.45520e-03,0.03,0.05
-1.45512e-03,0.03,-0.01
-1.45504e-03,0.03,0.05
-1.45496e-03,0.03,-0.03
-1.45488e-03,0.03,0.05
-1.45480e-03,0.01,-0.01
-1.45472e-03,0.05,0.05
-1.45464e-03,0.03,-0.03
-1.45456e-03,0.03,0.05
-1.45448e-03,0.03,-0.01
-1.45440e-03,0.03,0.07
-1.45432e-03,0.03,-0.01
-1.45424e-03,0.03,0.05
-1.45416e-03,0.05,-0.01
-1.45408e-03,0.03,0.07
-1.45400e-03,0.01,-0.03
-1.45392e-03,0.03,0.05
-1.45384e-03,0.03,-0.01
-1.45376e-03,0.03,0.07
-1.45368e-03,0.01,-0.03
-1.45360e-03,0.03,0.05
-1.45352e-03,0.01,-0.01
-1.45344e-03,0.03,0.05
-1.45336e-03,0.01,-0.01
-1.45328e-03,0.05,0.05
-1.45320e-03,0.03,-0.01
-1.45312e-03,0.03,0.05
-1.45304e-03,0.03,-0.03
-1.45296e-03,0.03,0.05
-1.45288e-03,0.03,-0.03
-1.45280e-03,0.03,0.07
-1.45272e-03,0.03,-0.01
-1.45264e-03,0.01,0.05
-1.45256e-03,0.03,-0.03
-1.45248e-03,0.01,0.05
-1.45240e-03,0.03,-0.01
-1.45232e-03,0.03,0.05
-1.45224e-03,0.01,-0.01
-1.45216e-03,0.05,0.05
-1.45208e-03,0.01,-0.03
-1.45200e-03,0.03,0.07
-1.45192e-03,0.03,-0.03
-1.45184e-03,0.03,0.05
-1.45176e-03,0.03,-0.03
-1.45168e-03,0.05,0.05
-1.45160e-03,0.03,-0.01
-1.45152e-03,0.01,0.05
-1.45144e-03,0.05,-0.01
-1.45136e-03,0.03,0.05
-1.45128e-03,0.05,-0.03
-1.45120e-03,0.03,0.05
-1.45112e-03,0.03,-0.01
-1.45104e-03,0.05,0.05
-1.45096e-03,0.03,-0.01
-1.45088e-03,0.03,0.05
-1.45080e-03,0.01,-0.01
-1.45072e-03,0.03,0.05
-1.45064e-03,0.03,-0.01
-1.45056e-03,0.03,0.05
-1.45048e-03,0.03,-0.01
-1.45040e-03,0.03,0.05
-1.45032e-03,0.01,-0.03
-1.45024e-03,0.01,0.05
-1.45016e-03,0.05,-0.03
-1.45008e-03,0.01,0.07
-1.45000e-03,0.05,-0.03
-1.44992e-03,0.01,0.05
-1.44984e-03,0.03,-0.03
-1.44976e-03,0.03,0.05
-1.44968e-03,0.03,-0.03
-1.44960e-03,0.03,0.05
-1.44952e-03,0.01,-0.03
-1.44944e-03,0.05,0.05
-1.44936e-03,0.01,-0.03
-1.44928e-03,0.03,0.05
-1.44920e-03,0.01,-0.03
-1.44912e-03,0.03,0.05
-1.44904e-03,0.03,-0.01
-1.44896e-03,0.01,0.05
-1.44888e-03,0.03,-0.03
-1.44880e-03,0.01,0.05
-1.44872e-03,0.05,-0.03
-1.44864e-03,-0.01,0.05
-1.44856e-03,0.05,-0.03
-1.44848e-03,0.03,0.05
-1.44840e-03,0.01,-0.03
-1.44832e-03,0.03,0.05
-1.44824e-03,0.01,-0.03
-1.44816e-03,0.03,0.05
-1.44808e-03,0.01,-0.03
-1.44800e-03,0.03,0.05
-1.44792e-03,0.01,-0.01
-1.44784e-03,0.03,0.05
-1.44776e-03,0.01,-0.01
-1.44768e-03,0.03,0.05
-1.44760e-03,0.03,-0.01
-1.44752e-03,0.01,0.05
-1.44744e-03,0.03,-0.01
-1.44736e-03,0.01,0.05
-1.44728e-03,0.03,-0.03
-1.44720e-03,0.03,0.05
-1.44712e-03,0.01,-0.03
-1.44704e-03,0.03,0.05
-1.44696e-03,0.01,-0.03
-1.44688e-03,0.03,0.05
-1.44680e-03,0.03,-0.03
-1.44672e-03,0.03,0.03
-1.44664e-03,0.01,-0.01
-1.44656e-03,0.03,0.05
-1.44648e-03,0.01,-0.01
-1.44640e-03,0.03,0.05
-1.44632e-03,0.03,-0.01
-1.44624e-03,0.01,0.05
-1.44616e-03,0.03,-0.03
-1.44608e-03,0.01,0.03
-1.44600e-03,0.05,-0.03
-1.44592e-03,0.03,0.05
-1.44584e-03,0.03,-0.03
-1.44576e-03,0.03,0.05
-1.44568e-03,0.03,-0.01
-1.44560e-03,0.03,0.05
-1.44552e-03,0.01,-0.01
-1.44544e-03,0.03,0.05
-1.44536e-03,0.01,-0.03
-1.44528e-03,0.03,0.05
-1.44520e-03,0.01,-0.03
-1.44512e-03,0.01,0.05
-1.44504e-03,0.03,-0.01
-1.44496e-03,0.03,0.05
-1.44488e-03,0.05,-0.01
-1.44480e-03,0.03,0.05
-1.44472e-03,0.01,-0.05
-1.44464e-03,0.01,0.07
-1.44456e-03,0.05,-0.03
-1.44448e-03,0.03,0.05
-1.44440e-03,0.03,-0.03
-1.44432e-03,0.03,0.05
-1.44424e-03,0.03,-0.03
-1.44416e-03,0.03,0.05
-1.44408e-03,-0.01,-0.03
-1.44400e-03,0.03,0.05
-1.44392e-03,0.01,-0.03
-1.44384e-03,0.03,0.05
-1.44376e-03,0.01,-0.01
-1.44368e-03,0.03,0.05
-1.44360e-03,0.03,-0.03
-1.44352e-03,0.03,0.05
-1.44344e-03,0.03,-0.01
-1.44336e-03,0.03,0.05
-1.44328e-03,0.03,-0.03
-1.44320e-03,0.03,0.05
-1.44312e-03,0.01,-0.03
-1.44304e-03,0.03,0.05
-1.44296e-03,0.03,-0.01
-1.44288e-03,0.03,0.05
-1.44280e-03,0.01,-0.01
-1.44272e-03,0.03,0.05
-1.44264e-03,-0.01,-0.03
-1.44256e-03,0.01,0.05
-1.44248e-03,0.01,-0.03
-1.44240e-03,0.01,0.05
-1.44232e-03,0.07,-0.03
-1.44224e-03,0.03,0.07
-1.44216e-03,0.05,-0.03
-1.44208e-03,0.03,0.07
-1.44200e-03,0.03,-0.03
-1.44192e-03,0.03,0.05
-1.44184e-03,0.01,-0.03
-1.44176e-03,0.03,0.05
-1.44168e-03,0.03,-0.03
-1.44160e-03,0.03,0.05
-1.44152e-03,0.03,-0.01
-1.44144e-03,0.03,0.05
-1.44136e-03,0.03,-0.03
-1.44128e-03,0.03,0.05
-1.44120e-03,0.03,-0.01
-1.44112e-03,0.03,0.05
-1.44104e-03,0.05,-0.03
-1.44096e-03,0.01,0.05
-1.44088e-03,0.03,-0.03
-1.44080e-03,0.01,0.05
-1.44072e-03,0.05,-0.01
-1.44064e-03,0.05,0.05
-1.44056e-03,0.03,-0.01
-1.44048e-03,0.03,0.05
-1.44040e-03,0.03,-0.03
-1.44032e-03,0.03,0.05
-1.44024e-03,0.03,-0.01
-1.44016e-03,0.03,0.05
-1.44008e-03,0.03,-0.01
-1.44000e-03,0.03,0.05
-1.43992e-03,0.03,-0.01
-1.43984e-03,0.03,0.05
-1.43976e-03,0.03,-0.01
-1.43968e-03,0.01,0.05
-1.43960e-03,0.05,-0.01
-1.43952e-03,0.03,0.05
-1.43944e-03,0.03,-0.01
-1.43936e-03,0.03,0.05
-1.43928e-03,0.03,-0.01
-1.43920e-03,0.05,0.05
-1.43912e-03,0.05,-0.01
-1.43904e-03,0.05,0.05
-1.43896e-03,0.01,-0.01
-1.43888e-03,0.03,0.05
-1.43880e-03,0.01,-0.01
-1.43872e-03,0.05,0.05
-1.43864e-03,0.03,-0.03
-1.43856e-03,0.05,0.05
-1.43848e-03,0.03,-0.03
-1.43840e-03,0.03,0.05
-1.43832e-03,0.03,-0.01
-1.43824e-03,0.01,0.05
-1.43816e-03,0.03,-0.01
-1.43808e-03,0.01,0.05
-1.43800e-03,0.05,-0.01
-1.43792e-03,0.01,0.05
-1.43784e-03,0.03,-0.01
-1.43776e-03,0.03,0.05
-1.43768e-03,0.01,-0.01
-1.43760e-03,0.05,0.05
-1.43752e-03,0.03,-0.01
-1.43744e-03,0.05,0.05
-1.43736e-03,0.01,-0.03
-1.43728e-03,0.05,0.05
-1.43720e-03,0.03,-0.01
-1.43712e-03,0.03,0.05
-1.43704e-03,0.03,-0.01
-1.43696e-03,0.01,0.05
-1.43688e-03,0.03,-0.03
-1.43680e-03,0.03,0.05
-1.43672e-03,0.03,-0.03
-1.43664e-03,0.01,0.05
-1.43656e-03,0.03,-0.01
-1.43648e-03,0.01,0.05
-1.43640e-03,0.01,-0.03
-1.43632e-03,0.03,0.05
-1.43624e-03,0.03,-0.03
-1.43616e-03,0.05,0.05
-1.43608e-03,0.01,-0.01
-1.43600e-03,0.03,0.05
-1.43592e-03,0.03,-0.03
-1.43584e-03,0.03,0.07
-1.43576e-03,0.03,-0.01
-1.43568e-03,0.01,0.05
-1.43560e-03,0.03,-0.01
-1.43552e-03,0.01,0.05
-1.43544e-03,0.05,-0.01
-1.43536e-03,0.03,0.05
-1.43528e-03,0.05,-0.03
-1.43520e-03,0.03,0.05
-1.43512e-03,0.03,-0.03
-1.43504e-03,0.03,0.05
-1.43496e-03,0.03,-0.03
-1.43488e-03,0.03,0.05
-1.43480e-03,0.01,-0.01
-1.43472e-03,0.03,0.05
-1.43464e-03,0.03,-0.01
-1.43456e-03,0.03,0.05
-1.43448e-03,0.03,-0.03
-1.43440e-03,0.01,0.07
-1.43432e-03,0.03,-0.03
-1.43424e-03,0.01,0.05
-1.43416e-03,0.03,-0.03
-1.43408e-03,0.05,0.05
-1.43400e-03,0.01,-0.03
-1.43392e-03,0.03,0.05
-1.43384e-03,0.03,-0.03
-1.43376e-03,0.03,0.07
-1.43368e-03,0.01,-0.03
-1.43360e-03,0.03,0.05
-1.43352e-03,0.01,-0.03
-1.43344e-03,0.03,0.05
-1.43336e-03,0.03,-0.03
-1.43328e-03,0.03,0.05
-1.43320e-03,0.01,-0.01
-1.43312e-03,0.01,0.05
-1.43304e-03,0.03,-0.01
-1.43296e-03,0.03,0.05
-1.43288e-03,0.03,-0.03
-1.43280e-03,0.01,0.05
-1.43272e-03,0.05,-0.03
-1.43264e-03,0.03,0.05
-1.43256e-03,0.03,-0.03
-1.43248e-03,0.01,0.05
-1.43240e-03,0.03,-0.01
-1.43232e-03,0.01,0.07
-1.43224e-03,0.03,-0.01
-1.43216e-03,0.03,0.05
-1.43208e-03,0.01,-0.03
-1.43200e-03,0.05,0.05
-1.43192e-03,0.03,-0.03
-1.43184e-03,0.03,0.05
-1.43176e-03,0.03,-0.03
-1.43168e-03,0.01,0.05
-1.43160e-03,0.03,-0.01
-1.43152e-03,0.01,0.05
-1.43144e-03,0.01,-0.01
-1.43136e-03,0.01,0.05
-1.43128e-03,0.01,-0.03
-1.43120e-03,0.01,0.05
-1.43112e-03,0.03,-0.01
-1.43104e-03,0.01,0.05
-1.43096e-03,0.03,-0.01
-1.43088e-03,0.01,0.05
-1.43080e-03,0.01,-0.01
-1.43072e-03,0.03,0.05
-1.43064e-03,0.03,-0.03
-1.43056e-03,0.03,0.05
-1.43048e-03,0.03,-0.03
-1.43040e-03,0.03,0.07
-1.43032e-03,0.05,-0.01
-1.43024e-03,0.03,0.05
-1.43016e-03,0.03,-0.01
-1.43008e-03,0.03,0.07
-1.43000e-03,0.01,-0.01
-1.42992e-03,0.01,0.05
-1.42984e-03,0.03,-0.03
-1.42976e-03,0.03,0.05
-1.42968e-03,0.01,-0.01
-1.42960e-03,0.03,0.05
-1.42952e-03,-0.01,-0.01
-1.42944e-03,0.05,0.05
-1.42936e-03,0.01,-0.01
-1.42928e-03,0.05,0.05
-1.42920e-03,0.03,-0.03
-1.42912e-03,0.01,0.05
-1.42904e-03,0.03,-0.01
-1.42896e-03,0.03,0.05
-1.42888e-03,0.03,-0.01
-1.42880e-03,0.03,0.05
-1.42872e-03,0.01,-0.01
-1.42864e-03,0.03,0.05
-1.42856e-03,0.01,-0.01
-1.42848e-03,0.03,0.05
-1.42840e-03,0.03,-0.01
-1.42832e-03,0.03,0.05
-1.42824e-03,0.01,-0.01
-1.42816e-03,0.03,0.05
-1.42808e-03,0.03,-0.03
-1.42800e-03,0.03,0.05
-1.42792e-03,0.03,-0.01
-1.42784e-03,0.01,0.05
-1.42776e-03,0.01,-0.01
-1.42768e-03,0.01,0.05
-1.42760e-03,0.05,-0.03
-1.42752e-03,0.03,0.05
-1.42744e-03,0.05,-0.03
-1.42736e-03,0.01,0.05
-1.42728e-03,0.03,-0.03
-1.42720e-03,0.03,0.07
-1.42712e-03,0.03,-0.03
-1.42704e-03,0.01,0.05
-1.42696e-03,0.01,-0.03
-1.42688e-03,0.05,0.05
-1.42680e-03,0.01,-0.03
-1.42672e-03,0.03,0.05
-1.42664e-03,0.03,-0.03
-1.42656e-03,0.03,0.05
-1.42648e-03,0.03,-0.03
-1.42640e-03,0.03,0.05
-1.42632e-03,0.01,-0.03
-1.42624e-03,0.03,0.05
-1.42616e-03,0.03,-0.01
-1.42608e-03,0.01,0.05
-1.42600e-03,0.03,-0.03
-1.42592e-03,0.01,0.05
-1.42584e-03,0.01,-0.03
-1.42576e-03,0.03,0.05
-1.42568e-03,0.01,-0.01
-1.42560e-03,-0.03,0.05
-1.42552e-03,0.03,-0.05
-1.42544e-03,0.05,0.05
-1.42536e-03,0.01,-0.05
-1.42528e-03,0.03,0.07
-1.42520e-03,0.03,-0.03
-1.42512e-03,0.03,0.07
-1.42504e-03,0.03,-0.01
-1.42496e-03,0.03,0.05
-1.42488e-03,0.03,-0.01
-1.42480e-03,0.01,0.05
-1.42472e-03,0.03,-0.01
-1.42464e-03,0.01,0.05
-1.42456e-03,0.03,-0.01
-1.42448e-03,0.01,0.05
-1.42440e-03,0.03,-0.03
-1.42432e-03,0.05,0.05
-1.42424e-03,0.03,-0.01
-1.42416e-03,0.03,0.05
-1.42408e-03,0.03,-0.03
-1.42400e-03,0.05,0.05
-1.42392e-03,0.03,-0.03
-1.42384e-03,0.01,0.05
-1.42376e-03,0.03,-0.03
-1.42368e-03,0.01,0.05
-1.42360e-03,0.03,-0.01
-1.42352e-03,0.03,0.05
-1.42344e-03,0.01,-0.03
-1.42336e-03,0.05,0.05
-1.42328e-03,0.03,-0.01
-1.42320e-03,0.01,0.05
-1.42312e-03,0.01,-0.01
-1.42304e-03,0.03,0.05
-1.42296e-03,0.01,-0.01
-1.42288e-03,0.03,0.05
-1.42280e-03,0.01,-0.01
-1.42272e-03,0.03,0.05
-1.42264e-03,0.03,-0.01
-1.42256e-03,0.03,0.07
-1.42248e-03,0.05,-0.01
-1.42240e-03,0.03,0.05
-1.42232e-03,0.03,-0.03
-1.42224e-03,0.03,0.05
-1.42216e-03,0.03,-0.03
-1.42208e-03,0.01,0.05
-1.42200e-03,0.03,-0.01
-1.42192e-03,0.03,0.03
-1.42184e-03,0.01,-0.01
-1.42176e-03,0.03,0.05
-1.42168e-03,0.01,-0.01
-1.42160e-03,0.03,0.05
-1.42152e-03,0.01,-0.01
-1.42144e-03,0.03,0.05
-1.42136e-03,0.03,-0.01
-1.42128e-03,0.01,0.05
-1.42120e-03,0.01,-0.01
-1.42112e-03,0.03,0.05
-1.42104e-03,0.03,-0.01
-1.42096e-03,0.03,0.05
-1.42088e-03,0.03,-0.03
-1.42080e-03,0.03,0.05
-1.42072e-03,0.03,-0.01
-1.42064e-03,0.03,0.05
-1.42056e-03,-0.01,-0.01
-1.42048e-03,0.03,0.05
-1.42040e-03,0.03,-0.03
-1.42032e-03,0.03,0.07
-1.42024e-03,0.01,-0.01
-1.42016e-03,0.03,0.05
-1.42008e-03,0.05,-0.03
-1.42000e-03,0.03,0.05
-1.41992e-03,0.01,-0.01
-1.41984e-03,0.01,0.05
-1.41976e-03,0.03,-0.01
-1.41968e-03,0.01,0.05
-1.41960e-03,0.03,-0.01
-1.41952e-03,0.01,0.05
-1.41944e-03,0.03,-0.01
-1.41936e-03,0.03,0.05
-1.41928e-03,0.03,-0.01
-1.41920e-03,0.01,0.05
-1.41912e-03,0.03,-0.01
-1.41904e-03,0.03,0.05
-1.41896e-03,0.03,-0.01
-1.41888e-03,0.09,0.05
-1.41880e-03,-0.01,-0.01
-1.41872e-03,0.03,0.11
-1.41864e-03,0.03,-0.05
-1.41856e-03,-0.01,0.13
-1.41848e-03,0.03,-0.03
-1.41840e-03,0.03,0.07
-1.41832e-03,0.03,-0.03
-1.41824e-03,0.03,0.07
-1.41816e-03,0.05,-0.01
-1.41808e-03,0.03,0.05
-1.41800e-03,0.03,-0.03
-1.41792e-03,0.03,0.05
-1.41784e-03,0.01,-0.01
-1.41776e-03,0.03,0.05
-1.41768e-03,0.03,-0.01
-1.41760e-03,0.03,0.05
-1.41752e-03,0.03,-0.03
-1.41744e-03,0.03,0.05
-1.41736e-03,0.01,-0.03
-1.41728e-03,0.03,0.05
-1.41720e-03,0.03,-0.01
-1.41712e-03,0.03,0.05
-1.41704e-03,0.01,-0.01
-1.41696e-03,0.03,0.05
-1.41688e-03,0.03,-0.01
-1.41680e-03,0.03,0.05
-1.41672e-03,0.03,-0.01
-1.41664e-03,0.03,0.05
-1.41656e-03,0.03,-0.01
-1.41648e-03,0.01,0.05
-1.41640e-03,0.03,-0.01
-1.41632e-03,0.01,0.05
-1.41624e-03,0.01,-0.01
-1.41616e-03,0.03,0.05
-1.41608e-03,0.01,-0.01
-1.41600e-03,0.03,0.05
-1.41592e-03,0.05,-0.03
-1.41584e-03,0.05,0.05
-1.41576e-03,0.03,-0.01
-1.41568e-03,0.01,0.07
-1.41560e-03,0.03,-0.03
-1.41552e-03,0.01,0.05
-1.41544e-03,0.05,-0.01
-1.41536e-03,0.01,0.05
-1.41528e-03,0.03,-0.03
-1.41520e-03,0.03,0.05
-1.41512e-03,0.03,-0.01
-1.41504e-03,0.03,0.05
-1.41496e-03,0.03,-0.01
-1.41488e-03,0.03,0.05
-1.41480e-03,0.03,-0.01
-1.41472e-03,0.03,0.05
-1.41464e-03,0.03,-0.01
-1.41456e-03,0.03,0.05
-1.41448e-03,0.03,-0.01
-1.41440e-03,0.01,0.05
-1.41432e-03,0.03,-0.01
-1.41424e-03,0.03,0.05
-1.41416e-03,0.05,-0.01
-1.41408e-03,0.01,0.05
-1.41400e-03,0.03,-0.03
-1.41392e-03,0.03,0.05
-1.41384e-03,0.03,-0.01
-1.41376e-03,0.03,0.05
-1.41368e-03,0.01,-0.01
-1.41360e-03,0.03,0.05
-1.41352e-03,0.01,-0.03
-1.41344e-03,0.03,0.05
-1.41336e-03,0.01,-0.03
-1.41328e-03,0.03,0.05
-1.41320e-03,0.03,-0.01
-1.41312e-03,0.01,0.05
-1.41304e-03,0.03,-0.03
-1.41296e-03,0.03,0.05
-1.41288e-03,0.01,-0.03
-1.41280e-03,0.01,0.05
-1.41272e-03,0.03,-0.03
-1.41264e-03,0.03,0.05
-1.41256e-03,0.03,-0.03
-1.41248e-03,0.03,0.05
-1.41240e-03,0.01,-0.03
-1.41232e-03,0.03,0.05
-1.41224e-03,0.03,-0.01
-1.41216e-03,0.03,0.05
-1.41208e-03,0.01,-0.01
-1.41200e-03,0.05,0.05
-1.41192e-03,0.03,-0.03
-1.41184e-03,0.03,0.07
-1.41176e-03,0.03,-0.03
-1.41168e-03,0.03,0.05
-1.41160e-03,0.03,-0.03
-1.41152e-03,0.01,0.05
-1.41144e-03,0.05,-0.01
-1.41136e-03,0.03,0.05
-1.41128e-03,0.03,-0.01
-1.41120e-03,0.03,0.05
-1.41112e-03,0.03,-0.01
-1.41104e-03,0.03,0.03
-1.41096e-03,0.01,-0.03
-1.41088e-03,0.03,0.05
-1.41080e-03,-0.01,-0.03
-1.41072e-03,0.03,0.05
-1.41064e-03,0.03,-0.03
-1.41056e-03,0.03,0.05
-1.41048e-03,0.03,-0.01
-1.41040e-03,0.03,0.05
-1.41032e-03,0.03,-0.03
-1.41024e-03,0.01,0.05
-1.41016e-03,0.03,-0.03
-1.41008e-03,0.01,0.05
-1.41000e-03,0.03,-0.03
-1.40992e-03,0.01,0.05
-1.40984e-03,0.03,-0.03
-1.40976e-03,0.03,0.05
-1.40968e-03,0.03,-0.03
-1.40960e-03,0.01,0.05
-1.40952e-03,0.01,-0.01
-1.40944e-03,0.01,0.05
-1.40936e-03,0.03,-0.03
-1.40928e-03,0.03,0.05
-1.40920e-03,0.03,-0.03
-1.40912e-03,0.03,0.05
-1.40904e-03,0.03,-0.03
-1.40896e-03,0.01,0.05
-1.40888e-03,0.03,-0.01
-1.40880e-03,0.01,0.05
-1.40872e-03,0.05,-0.03
-1.40864e-03,0.01,0.05
-1.40856e-03,0.03,-0.01
-1.40848e-03,0.01,0.05
-1.40840e-03,0.03,-0.03
-1.40832e-03,0.03,0.05
-1.40824e-03,0.01,-0.01
-1.40816e-03,0.03,0.05
-1.40808e-03,0.01,-0.03
-1.40800e-03,0.03,0.05
-1.40792e-03,0.03,-0.03
-1.40784e-03,0.03,0.05
-1.40776e-03,0.01,-0.03
-1.40768e-03,0.03,0.05
-1.40760e-03,0.03,-0.03
-1.40752e-03,0.03,0.05
-1.40744e-03,0.05,-0.01
-1.40736e-03,0.01,0.05
-1.40728e-03,0.03,-0.03
-1.40720e-03,0.03,0.05
-1.40712e-03,0.03,-0.01
-1.40704e-03,0.03,0.05
-1.40696e-03,0.01,-0.03
-1.40688e-03,0.03,0.05
-1.40680e-03,0.01,-0.01
-1.40672e-03,0.03,0.05
-1.40664e-03,0.03,-0.01
-1.40656e-03,0.05,0.05
-1.40648e-03,0.03,-0.01
-1.40640e-03,0.03,0.05
-1.40632e-03,0.03,-0.01
-1.40624e-03,0.03,0.05
-1.40616e-03,0.05,-0.01
-1.40608e-03,0.01,0.05
-1.40600e-03,0.03,-0.01
-1.40592e-03,0.03,0.05
-1.40584e-03,0.03,-0.01
-1.40576e-03,0.03,0.05
-1.40568e-03,0.01,-0.01
-1.40560e-03,0.03,0.05
-1.40552e-03,0.03,-0.01
-1.40544e-03,0.07,0.07
-1.40536e-03,0.03,-0.03
-1.40528e-03,0.01,0.07
-1.40520e-03,0.03,-0.03
-1.40512e-03,0.03,0.07
-1.40504e-03,0.03,-0.03
-1.40496e-03,0.01,0.07
-1.40488e-03,0.07,-0.03
-1.40480e-03,0.01,0.05
-1.40472e-03,0.05,-0.03
-1.40464e-03,0.03,0.07
-1.40456e-03,0.03,-0.03
-1.40448e-03,0.03,0.05
-1.40440e-03,0.01,-0.03
-1.40432e-03,0.03,0.05
-1.40424e-03,0.03,-0.03
-1.40416e-03,0.03,0.05
-1.40408e-03,0.01,-0.03
-1.40400e-03,0.03,0.05
-1.40392e-03,0.03,-0.03
-1.40384e-03,0.03,0.05
-1.40376e-03,0.03,-0.03
-1.40368e-03,0.01,0.05
-1.40360e-03,0.03,-0.01
-1.40352e-03,0.01,0.05
-1.40344e-03,0.03,-0.01
-1.40336e-03,0.01,0.05
-1.40328e-03,0.03,-0.01
-1.40320e-03,0.03,0.05
-1.40312e-03,0.01,-0.01
-1.40304e-03,0.03,0.05
-1.40296e-03,0.01,-0.01
-1.40288e-03,0.03,0.03
-1.40280e-03,0.03,-0.01
-1.40272e-03,0.03,0.05
-1.40264e-03,0.01,-0.01
-1.40256e-03,0.03,0.05
-1.40248e-03,0.01,-0.01
-1.40240e-03,0.01,0.05
-1.40232e-03,0.03,-0.01
-1.40224e-03,0.01,0.05
-1.40216e-03,0.05,-0.03
-1.40208e-03,0.01,0.05
-1.40200e-03,0.03,-0.01
-1.40192e-03,0.03,0.05
-1.40184e-03,0.03,-0.03
-1.40176e-03,0.05,0.05
-1.40168e-03,0.03,-0.01
-1.40160e-03,0.03,0.05
-1.40152e-03,0.01,-0.01
-1.40144e-03,0.05,0.05
-1.40136e-03,0.03,-0.01
-1.40128e-03,0.03,0.05
-1.40120e-03,0.01,-0.01
-1.40112e-03,0.01,0.05
-1.40104e-03,0.03,-0.03
-1.40096e-03,0.03,0.05
-1.40088e-03,0.05,-0.01
-1.40080e-03,0.03,0.05
-1.40072e-03,0.03,-0.01
-1.40064e-03,0.03,0.05
-1.40056e-03,0.05,-0.01
-1.40048e-03,0.03,0.05
-1.40040e-03,0.03,-0.01
-1.40032e-03,0.03,0.05
-1.40024e-03,0.01,-0.01
-1.40016e-03,0.03,0.05
-1.40008e-03,0.01,-0.01
-1.40000e-03,0.03,0.05
-1.39992e-03,0.01,-0.01
-1.39984e-03,0.03,0.05
-1.39976e-03,0.01,-0.03
-1.39968e-03,0.03,0.07
-1.39960e-03,0.05,-0.01
-1.39952e-03,0.01,0.05
-1.39944e-03,0.03,-0.01
-1.39936e-03,0.01,0.05
-1.39928e-03,0.03,-0.03
-1.39920e-03,0.03,0.05
-1.39912e-03,0.03,-0.01
-1.39904e-03,0.03,0.05
-1.39896e-03,0.01,-0.01
-1.39888e-03,0.03,0.05
-1.39880e-03,0.03,-0.01
-1.39872e-03,0.03,0.05
-1.39864e-03,0.01,-0.01
-1.39856e-03,0.03,0.05
-1.39848e-03,0.03,-0.01
-1.39840e-03,0.01,0.05
-1.39832e-03,0.03,-0.01
-1.39824e-03,0.03,0.05
-1.39816e-03,0.03,-0.03
-1.39808e-03,0.01,0.05
-1.39800e-03,0.01,-0.03
-1.39792e-03,0.01,0.05
-1.39784e-03,0.03,-0.03
-1.39776e-03,0.03,0.07
-1.39768e-03,0.05,-0.03
-1.39760e-03,0.03,0.05
-1.39752e-03,0.01,-0.03
-1.39744e-03,0.03,0.05
-1.39736e-03,0.03,-0.01
-1.39728e-03,0.03,0.05
-1.39720e-03,0.01,-0.03
-1.39712e-03,0.03,0.05
-1.39704e-03,0.03,-0.03
-1.39696e-03,0.01,0.05
-1.39688e-03,0.03,-0.03
-1.39680e-03,0.01,0.05
-1.39672e-03,0.03,-0.01
-1.39664e-03,0.03,0.05
-1.39656e-03,0.03,-0.03
-1.39648e-03,0.03,0.05
-1.39640e-03,0.03,-0.03
-1.39632e-03,0.01,0.05
-1.39624e-03,0.01,-0.03
-1.39616e-03,0.03,0.05
-1.39608e-03,0.01,-0.01
-1.39600e-03,0.03,0.03
-1.39592e-03,0.01,-0.01
-1.39584e-03,0.03,0.05
-1.39576e-03,0.01,-0.03
-1.39568e-03,0.01,0.05
-1.39560e-03,0.03,-0.01
-1.39552e-03,0.01,0.05
-1.39544e-03,0.03,-0.03
-1.39536e-03,0.03,0.05
-1.39528e-03,0.03,-0.03
-1.39520e-03,0.01,0.05
-1.39512e-03,0.03,-0.01
-1.39504e-03,0.03,0.05
-1.39496e-03,0.03,-0.03
-1.39488e-03,0.03,0.03
-1.39480e-03,0.01,-0.03
-1.39472e-03,0.03,0.05
-1.39464e-03,0.01,-0.01
-1.39456e-03,0.03,0.05
-1.39448e-03,0.03,-0.01
-1.39440e-03,0.01,0.05
-1.39432e-03,0.03,-0.01
-1.39424e-03,0.01,0.05
-1.39416e-03,0.03,-0.01
-1.39408e-03,0.03,0.05
-1.39400e-03,0.03,-0.03
-1.39392e-03,0.03,0.05
-1.39384e-03,0.03,-0.01
-1.39376e-03,0.03,0.05
-1.39368e-03,0.03,-0.03
-1.39360e-03,0.03,0.05
-1.39352e-03,0.01,-0.03
-1.39344e-03,0.03,0.05
-1.39336e-03,0.01,-0.03
-1.39328e-03,0.03,0.07
-1.39320e-03,0.01,-0.03
-1.39312e-03,0.03,0.07
-1.39304e-03,0.03,-0.01
-1.39296e-03,0.01,0.05
-1.39288e-03,0.01,-0.03
-1.39280e-03,0.01,0.05
-1.39272e-03,0.05,-0.01
-1.39264e-03,-0.01,0.07
-1.39256e-03,0.01,-0.05
-1.39248e-03,0.05,0.05
-1.39240e-03,0.03,-0.03
-1.39232e-03,0.03,0.07
-1.39224e-03,0.01,-0.05
-1.39216e-03,0.03,0.07
-1.39208e-03,0.01,-0.03
-1.39200e-03,0.03,0.05
-1.39192e-03,0.03,-0.01
-1.39184e-03,0.01,0.05
-1.39176e-03,0.01,-0.01
-1.39168e-03,0.01,0.05
-1.39160e-03,0.01,-0.01
-1.39152e-03,0.03,0.05
-1.39144e-03,0.03,-0.01
-1.39136e-03,0.03,0.05
-1.39128e-03,0.03,-0.01
-1.39120e-03,0.03,0.05
-1.39112e-03,0.03,-0.01
-1.39104e-03,0.03,0.05
-1.39096e-03,0.03,-0.01
-1.39088e-03,0.05,0.05
-1.39080e-03,-0.01,-0.03
-1.39072e-03,0.05,0.05
-1.39064e-03,0.03,-0.03
-1.39056e-03,0.05,0.07
-1.39048e-03,0.05,-0.03
-1.39040e-03,0.01,0.07
-1.39032e-03,0.03,-0.03
-1.39024e-03,0.01,0.07
-1.39016e-03,0.03,-0.01
-1.39008e-03,0.01,0.05
-1.39000e-03,0.03,-0.03
-1.38992e-03,0.03,0.05
-1.38984e-03,0.03,-0.03
-1.38976e-03,0.03,0.05
-1.38968e-03,0.03,-0.03
-1.38960e-03,0.03,0.05
-1.38952e-03,0.03,-0.03
-1.38944e-03,0.05,0.05
-1.38936e-03,0.01,-0.01
-1.38928e-03,0.03,0.05
-1.38920e-03,0.03,-0.01
-1.38912e-03,0.01,0.05
-1.38904e-03,0.03,-0.01
-1.38896e-03,0.01,0.05
-1.38888e-03,0.01,-0.01
-1.38880e-03,0.01,0.05
-1.38872e-03,0.03,-0.03
-1.38864e-03,0.01,0.05
-1.38856e-03,0.05,-0.03
-1.38848e-03,0.03,0.05
-1.38840e-03,0.01,-0.01
-1.38832e-03,0.03,0.05
-1.38824e-03,0.03,-0.03
-1.38816e-03,0.03,0.05
-1.38808e-03,0.01,-0.01
-1.38800e-03,0.03,0.05
-1.38792e-03,0.03,-0.03
-1.38784e-03,0.01,0.05
-1.38776e-03,0.01,-0.03
-1.38768e-03,0.03,0.05
-1.38760e-03,0.01,-0.03
-1.38752e-03,0.01,0.05
-1.38744e-03,0.03,-0.03
-1.38736e-03,0.01,0.05
-1.38728e-03,0.03,-0.03
-1.38720e-03,0.03,0.05
-1.38712e-03,0.03,-0.03
-1.38704e-03,0.03,0.05
-1.38696e-03,0.01,-0.03
-1.38688e-03,0.03,0.05
-1.38680e-03,0.03,-0.03
-1.38672e-03,0.03,0.05
-1.38664e-03,0.03,-0.01
-1.38656e-03,0.03,0.05
-1.38648e-03,0.03,-0.01
-1.38640e-03,0.03,0.05
-1.38632e-03,0.03,-0.03
-1.38624e-03,0.01,0.05
-1.38616e-03,0.03,-0.03
-1.38608e-03,0.03,0.05
-1.38600e-03,0.03,-0.03
-1.38592e-03,0.03,0.05
-1.38584e-03,0.03,-0.03
-1.38576e-03,0.03,0.05
-1.38568e-03,0.01,-0.01
-1.38560e-03,0.03,0.05
-1.38552e-03,0.01,-0.03
-1.38544e-03,0.03,0.05
-1.38536e-03,0.03,-0.03
-1.38528e-03,0.01,0.05
-1.38520e-03,0.03,-0.01
-1.38512e-03,0.03,0.05
-1.38504e-03,0.03,-0.03
-1.38496e-03,0.03,0.05
-1.38488e-03,0.03,-0.01
-1.38480e-03,-0.01,0.05
-1.38472e-03,0.03,-0.01
-1.38464e-03,0.03,0.05
-1.38456e-03,0.03,-0.01
-1.38448e-03,0.03,0.05
-1.38440e-03,0.01,-0.01
-1.38432e-03,0.03,0.05
-1.38424e-03,0.03,-0.01
-1.38416e-03,0.05,0.05
-1.38408e-03,0.03,-0.01
-1.38400e-03,0.03,0.05
-1.38392e-03,0.01,-0.03
-1.38384e-03,0.03,0.05
-1.38376e-03,0.03,-0.03
-1.38368e-03,0.03,0.05
-1.38360e-03,0.03,-0.01
-1.38352e-03,0.01,0.05
-1.38344e-03,0.03,-0.01
-1.38336e-03,0.03,0.05
-1.38328e-03,0.03,-0.01
-1.38320e-03,0.03,0.05
-1.38312e-03,0.03,-0.01
-1.38304e-03,0.03,0.05
-1.38296e-03,0.01,-0.03
-1.38288e-03,0.03,0.05
-1.38280e-03,0.03,-0.01
-1.38272e-03,0.05,0.07
-1.38264e-03,0.03,-0.03
-1.38256e-03,0.03,0.07
-1.38248e-03,0.05,-0.01
-1.38240e-03,0.03,0.05
-1.38232e-03,0.03,-0.01
-1.38224e-03,0.01,0.05
-1.38216e-03,0.03,-0.03
-1.38208e-03,0.01,0.05
-1.38200e-03,0.03,-0.03
-1.38192e-03,0.03,0.05
-1.38184e-03,0.03,-0.03
-1.38176e-03,0.03,0.05
-1.38168e-03,0.03,-0.01
-1.38160e-03,0.03,0.05
-1.38152e-03,0.01,-0.01
-1.38144e-03,0.03,0.05
-1.38136e-03,0.03,-0.01
-1.38128e-03,0.03,0.05
-1.38120e-03,0.01,-0.01
-1.38112e-03,0.03,0.05
-1.38104e-03,0.05,-0.01
-1.38096e-03,0.03,0.05
-1.38088e-03,0.03,-0.01
-1.38080e-03,0.03,0.05
-1.38072e-03,0.01,-0.01
-1.38064e-03,0.01,0.05
-1.38056e-03,0.03,-0.01
-1.38048e-03,0.03,0.05
-1.38040e-03,0.01,-0.03
-1.38032e-03,0.03,0.05
-1.38024e-03,0.01,-0.01
-1.38016e-03,0.03,0.05
-1.38008e-03,0.01,-0.01
-1.38000e-03,0.03,0.05
-1.37992e-03,0.01,-0.01
-1.37984e-03,0.03,0.05
-1.37976e-03,0.01,-0.01
-1.37968e-03,0.03,0.05
-1.37960e-03,0.05,-0.03
-1.37952e-03,0.01,0.05
-1.37944e-03,0.03,-0.03
-1.37936e-03,0.03,0.05
-1.37928e-03,0.03,-0.03
-1.37920e-03,0.03,0.05
-1.37912e-03,0.01,-0.03
-1.37904e-03,0.03,0.05
-1.37896e-03,0.01,-0.01
-1.37888e-03,0.03,0.05
-1.37880e-03,0.03,-0.01
-1.37872e-03,0.03,0.05
-1.37864e-03,0.01,-0.01
-1.37856e-03,0.05,0.05
-1.37848e-03,0.05,-0.01
-1.37840e-03,0.03,0.05
-1.37832e-03,0.03,-0.03
-1.37824e-03,0.03,0.05
-1.37816e-03,0.03,-0.03
-1.37808e-03,0.03,0.05
-1.37800e-03,0.05,-0.01
-1.37792e-03,0.03,0.05
-1.37784e-03,0.01,-0.03
-1.37776e-03,0.05,0.05
-1.37768e-03,0.01,-0.03
-1.37760e-03,0.03,0.05
-1.37752e-03,0.01,-0.03
-1.37744e-03,0.03,0.05
-1.37736e-03,0.05,-0.03
-1.37728e-03,0.03,0.05
-1.37720e-03,0.03,-0.01
-1.37712e-03,0.03,0.07
-1.37704e-03,0.05,-0.01
-1.37696e-03,0.03,0.05
-1.37688e-03,0.03,-0.01
-1.37680e-03,0.03,0.07
-1.37672e-03,0.03,-0.03
-1.37664e-03,0.03,0.05
-1.37656e-03,0.03,-0.03
-1.37648e-03,0.01,0.05
-1.37640e-03,0.03,-0.01
-1.37632e-03,0.03,0.05
-1.37624e-03,0.01,-0.01
-1.37616e-03,0.03,0.05
-1.37608e-03,0.01,-0.01
-1.37600e-03,0.05,0.05
-1.37592e-03,0.01,-0.03
-1.37584e-03,0.01,0.07
-1.37576e-03,0.01,-0.05
-1.37568e-03,0.01,0.07
-1.37560e-03,0.05,-0.03
-1.37552e-03,-0.01,0.07
-1.37544e-03,-0.01,-0.09
-1.37536e-03,0.03,0.07
-1.37528e-03,0.03,-0.03
-1.37520e-03,0.03,0.07
-1.37512e-03,0.01,-0.03
-1.37504e-03,0.05,0.05
-1.37496e-03,0.01,-0.01
-1.37488e-03,0.03,0.05
-1.37480e-03,0.03,-0.01
-1.37472e-03,0.03,0.05
-1.37464e-03,0.03,-0.01
-1.37456e-03,0.03,0.05
-1.37448e-03,0.03,-0.03
-1.37440e-03,0.03,0.05
-1.37432e-03,0.03,-0.01
-1.37424e-03,0.03,0.05
-1.37416e-03,0.03,-0.01
-1.37408e-03,0.03,0.05
-1.37400e-03,0.01,-0.01
-1.37392e-03,0.03,0.05
-1.37384e-03,0.01,-0.03
-1.37376e-03,0.03,0.05
-1.37368e-03,0.03,-0.01
-1.37360e-03,0.03,0.05
-1.37352e-03,0.01,-0.01
-1.37344e-03,0.05,0.05
-1.37336e-03,0.01,-0.01
-1.37328e-03,0.01,0.05
-1.37320e-03,0.03,-0.01
-1.37312e-03,0.01,0.05
-1.37304e-03,0.05,-0.01
-1.37296e-03,0.01,0.05
-1.37288e-03,0.05,-0.03
-1.37280e-03,0.03,0.05
-1.37272e-03,0.03,-0.03
-1.37264e-03,0.03,0.07
-1.37256e-03,0.01,-0.01
-1.37248e-03,0.03,0.03
-1.37240e-03,0.03,-0.01
-1.37232e-03,0.03,0.05
-1.37224e-03,0.03,-0.03
-1.37216e-03,0.03,0.05
-1.37208e-03,0.03,-0.01
-1.37200e-03,0.03,0.05
-1.37192e-03,0.03,-0.01
-1.37184e-03,0.05,0.05
-1.37176e-03,0.01,-0.01
-1.37168e-03,0.01,0.07
-1.37160e-03,0.03,-0.01
-1.37152e-03,0.03,0.05
-1.37144e-03,0.03,-0.03
-1.37136e-03,0.03,0.03
-1.37128e-03,0.03,-0.01
-1.37120e-03,0.03,0.05
-1.37112e-03,0.03,-0.01
-1.37104e-03,0.03,0.05
-1.37096e-03,-0.01,-0.01
-1.37088e-03,0.03,0.05
-1.37080e-03,0.03,-0.03
-1.37072e-03,0.01,0.05
-1.37064e-03,0.03,-0.03
-1.37056e-03,0.03,0.05
-1.37048e-03,0.03,-0.01
-1.37040e-03,0.01,0.05
-1.37032e-03,0.03,-0.01
-1.37024e-03,0.03,0.05
-1.37016e-03,0.01,-0.01
-1.37008e-03,0.03,0.05
-1.37000e-03,0.03,-0.01
-1.36992e-03,0.01,0.05
-1.36984e-03,0.03,-0.01
-1.36976e-03,0.03,0.05
-1.36968e-03,0.03,-0.03
-1.36960e-03,0.03,0.05
-1.36952e-03,0.03,-0.03
-1.36944e-03,0.03,0.05
-1.36936e-03,0.03,-0.03
-1.36928e-03,0.03,0.05
-1.36920e-03,0.03,-0.03
-1.36912e-03,0.03,0.05
-1.36904e-03,0.03,-0.01
-1.36896e-03,0.03,0.05
-1.36888e-03,0.03,-0.03
-1.36880e-03,0.07,0.05
-1.36872e-03,0.03,-0.01
-1.36864e-03,0.03,0.11
-1.36856e-03,0.03,-0.05
-1.36848e-03,0.03,0.13
-1.36840e-03,0.03,-0.03
-1.36832e-03,0.03,0.05
-1.36824e-03,0.03,-0.03
-1.36816e-03,0.05,0.07
-1.36808e-03,0.03,-0.03
-1.36800e-03,0.01,0.05
-1.36792e-03,0.01,-0.03
-1.36784e-03,0.01,0.07
-1.36776e-03,0.03,-0.03
-1.36768e-03,0.03,0.05
-1.36760e-03,0.05,-0.01
-1.36752e-03,0.03,0.05
-1.36744e-03,0.03,-0.03
-1.36736e-03,0.01,0.05
-1.36728e-03,0.05,-0.01
-1.36720e-03,0.01,0.05
-1.36712e-03,0.03,-0.01
-1.36704e-03,0.03,0.05
-1.36696e-03,0.03,-0.01
-1.36688e-03,0.03,0.05
-1.36680e-03,0.01,-0.01
-1.36672e-03,0.05,0.05
-1.36664e-03,0.03,-0.01
-1.36656e-03,0.03,0.05
-1.36648e-03,0.03,-0.03
-1.36640e-03,0.05,0.07
-1.36632e-03,0.03,-0.03
-1.36624e-03,-0.01,0.05
-1.36616e-03,0.05,-0.03
-1.36608e-03,0.03,0.07
-1.36600e-03,0.03,-0.03
-1.36592e-03,0.01,0.07
-1.36584e-03,0.01,-0.03
-1.36576e-03,0.01,0.05
-1.36568e-03,0.01,-0.01
-1.36560e-03,0.03,0.05
-1.36552e-03,0.01,-0.01
-1.36544e-03,0.01,0.05
-1.36536e-03,0.01,-0.03
-1.36528e-03,0.03,0.05
-1.36520e-03,0.03,-0.01
-1.36512e-03,0.03,0.05
-1.36504e-03,0.03,-0.01
-1.36496e-03,0.01,0.05
-1.36488e-03,0.03,-0.03
-1.36480e-03,0.01,0.05
-1.36472e-03,0.03,-0.01
-1.36464e-03,0.01,0.05
-1.36456e-03,0.05,-0.01
-1.36448e-03,0.03,0.05
-1.36440e-03,0.01,-0.01
-1.36432e-03,0.03,0.05
-1.36424e-03,0.01,-0.01
-1.36416e-03,0.03,0.05
-1.36408e-03,0.03,-0.01
-1.36400e-03,0.01,0.05
-1.36392e-03,0.01,-0.01
-1.36384e-03,0.03,0.05
-1.36376e-03,0.03,-0.01
-1.36368e-03,0.03,0.05
-1.36360e-03,0.03,-0.01
-1.36352e-03,0.03,0.05
-1.36344e-03,0.05,-0.01
-1.36336e-03,0.03,0.05
-1.36328e-03,0.03,-0.03
-1.36320e-03,0.01,0.05
-1.36312e-03,-0.01,-0.03
-1.36304e-03,0.03,0.05
-1.36296e-03,0.01,-0.03
-1.36288e-03,0.03,0.05
-1.36280e-03,0.03,-0.03
-1.36272e-03,0.03,0.07
-1.36264e-03,0.03,-0.01
-1.36256e-03,0.03,0.05
-1.36248e-03,0.03,-0.01
-1.36240e-03,0.03,0.05
-1.36232e-03,0.03,-0.01
-1.36224e-03,0.03,0.05
-1.36216e-03,0.05,-0.03
-1.36208e-03,0.03,0.05
-1.36200e-03,0.03,-0.03
-1.36192e-03,0.01,0.05
-1.36184e-03,0.03,-0.03
-1.36176e-03,0.03,0.05
-1.36168e-03,0.03,-0.01
-1.36160e-03,0.03,0.05
-1.36152e-03,0.01,-0.01
-1.36144e-03,0.03,0.05
-1.36136e-03,0.01,-0.03
-1.36128e-03,0.03,0.05
-1.36120e-03,0.03,-0.01
-1.36112e-03,0.05,0.05
-1.36104e-03,0.05,-0.03
-1.36096e-03,0.03,0.07
-1.36088e-03,0.03,-0.03
-1.36080e-03,-0.01,0.05
-1.36072e-03,0.03,-0.03
-1.36064e-03,0.01,0.05
-1.36056e-03,0.03,-0.03
-1.36048e-03,0.03,0.05
-1.36040e-03,0.03,-0.03
-1.36032e-03,0.03,0.05
-1.36024e-03,-0.01,-0.03
-1.36016e-03,0.05,0.05
-1.36008e-03,0.01,-0.05
-1.36000e-03,0.03,0.05
-1.35992e-03,0.03,-0.01
-1.35984e-03,0.03,0.05
-1.35976e-03,0.03,-0.03
-1.35968e-03,0.01,0.05
-1.35960e-03,0.03,-0.01
-1.35952e-03,0.01,0.05
-1.35944e-03,0.05,-0.03
-1.35936e-03,0.01,0.05
-1.35928e-03,0.03,-0.03
-1.35920e-03,0.03,0.05
-1.35912e-03,0.01,-0.01
-1.35904e-03,0.03,0.05
-1.35896e-03,0.03,-0.03
-1.35888e-03,0.03,0.05
-1.35880e-03,0.01,-0.01
-1.35872e-03,0.03,0.05
-1.35864e-03,0.03,-0.01
-1.35856e-03,0.03,0.05
-1.35848e-03,0.01,-0.01
-1.35840e-03,0.01,0.05
-1.35832e-03,0.03,-0.03
-1.35824e-03,0.01,0.03
-1.35816e-03,0.03,-0.01
-1.35808e-03,0.03,0.05
-1.35800e-03,0.03,-0.01
-1.35792e-03,0.03,0.05
-1.35784e-03,0.03,-0.01
-1.35776e-03,0.03,0.05
-1.35768e-03,0.03,-0.03
-1.35760e-03,0.03,0.05
-1.35752e-03,0.01,-0.01
-1.35744e-03,0.03,0.05
-1.35736e-03,0.01,-0.01
-1.35728e-03,0.03,0.05
-1.35720e-03,0.01,-0.03
-1.35712e-03,0.03,0.07
-1.35704e-03,0.05,-0.01
-1.35696e-03,0.01,0.05
-1.35688e-03,0.03,-0.03
-1.35680e-03,0.01,0.05
-1.35672e-03,0.03,-0.01
-1.35664e-03,0.03,0.05
-1.35656e-03,0.03,-0.01
-1.35648e-03,0.03,0.05
-1.35640e-03,0.01,-0.03
-1.35632e-03,0.03,0.05
-1.35624e-03,0.03,-0.01
-1.35616e-03,0.03,0.05
-1.35608e-03,0.01,-0.03
-1.35600e-03,0.05,0.05
-1.35592e-03,0.03,-0.01
-1.35584e-03,0.03,0.05
-1.35576e-03,0.03,-0.03
-1.35568e-03,0.01,0.05
-1.35560e-03,0.03,-0.01
-1.35552e-03,0.01,0.05
-1.35544e-03,0.03,-0.01
-1.35536e-03,0.03,0.05
-1.35528e-03,0.03,-0.01
-1.35520e-03,0.03,0.05
-1.35512e-03,0.03,-0.03
-1.35504e-03,0.03,0.05
-1.35496e-03,0.03,-0.01
-1.35488e-03,0.03,0.05
-1.35480e-03,0.03,-0.01
-1.35472e-03,0.03,0.05
-1.35464e-03,0.01,-0.01
-1.35456e-03,0.03,0.05
-1.35448e-03,0.01,-0.01
-1.35440e-03,0.03,0.05
-1.35432e-03,0.03,-0.03
-1.35424e-03,0.01,0.05
-1.35416e-03,0.05,-0.01
-1.35408e-03,0.03,0.05
-1.35400e-03,0.05,-0.01
-1.35392e-03,0.03,0.05
-1.35384e-03,0.03,-0.01
-1.35376e-03,0.01,0.05
-1.35368e-03,0.03,-0.03
-1.35360e-03,0.03,0.05
-1.35352e-03,-0.01,-0.03
-1.35344e-03,0.03,0.05
-1.35336e-03,0.01,-0.03
-1.35328e-03,0.03,0.05
-1.35320e-03,0.03,-0.03
-1.35312e-03,0.03,0.07
-1.35304e-03,0.05,-0.03
-1.35296e-03,0.03,0.07
-1.35288e-03,0.03,-0.01
-1.35280e-03,0.03,0.05
-1.35272e-03,0.03,-0.01
-1.35264e-03,0.03,0.05
-1.35256e-03,0.03,-0.03
-1.35248e-03,0.03,0.05
-1.35240e-03,0.03,-0.03
-1.35232e-03,0.03,0.05
-1.35224e-03,0.01,-0.03
-1.35216e-03,0.05,0.05
-1.35208e-03,0.01,-0.01
-1.35200e-03,0.05,0.05
-1.35192e-03,0.01,-0.01
-1.35184e-03,0.03,0.05
-1.35176e-03,0.03,-0.01
-1.35168e-03,0.03,0.05
-1.35160e-03,0.03,-0.03
-1.35152e-03,0.03,0.05
-1.35144e-03,0.03,-0.01
-1.35136e-03,0.05,0.05
-1.35128e-03,0.03,-0.01
-1.35120e-03,0.03,0.05
-1.35112e-03,0.03,-0.03
-1.35104e-03,0.03,0.05
-1.35096e-03,0.01,-0.01
-1.35088e-03,0.03,0.05
-1.35080e-03,0.01,-0.01
-1.35072e-03,0.03,0.05
-1.35064e-03,0.01,-0.01
-1.35056e-03,0.03,0.05
-1.35048e-03,0.03,-0.01
-1.35040e-03,0.03,0.05
-1.35032e-03,0.03,-0.01
-1.35024e-03,0.03,0.05
-1.35016e-03,0.03,-0.01
-1.35008e-03,0.03,0.07
-1.35000e-03,0.03,-0.01
-1.34992e-03,0.03,0.05
-1.34984e-03,0.03,-0.01
-1.34976e-03,0.03,0.05
-1.34968e-03,0.01,-0.01
-1.34960e-03,0.03,0.05
-1.34952e-03,0.01,-0.01
-1.34944e-03,0.03,0.05
-1.34936e-03,0.01,-0.03
-1.34928e-03,0.01,0.05
-1.34920e-03,0.03,-0.03
-1.34912e-03,0.03,0.05
-1.34904e-03,0.03,-0.01
-1.34896e-03,0.01,0.05
-1.34888e-03,0.03,-0.01
-1.34880e-03,0.01,0.05
-1.34872e-03,0.03,-0.01
-1.34864e-03,0.01,0.05
-1.34856e-03,0.03,-0.01
-1.34848e-03,0.03,0.05
-1.34840e-03,0.01,-0.03
-1.34832e-03,0.03,0.03
-1.34824e-03,0.01,-0.01
-1.34816e-03,0.03,0.05
-1.34808e-03,-0.01,-0.03
-1.34800e-03,0.05,0.05
-1.34792e-03,0.03,-0.03
-1.34784e-03,0.03,0.07
-1.34776e-03,0.01,-0.03
-1.34768e-03,0.01,0.05
-1.34760e-03,0.03,-0.01
-1.34752e-03,0.01,0.05
-1.34744e-03,0.05,-0.03
-1.34736e-03,0.01,0.05
-1.34728e-03,0.05,-0.03
-1.34720e-03,0.03,0.05
-1.34712e-03,0.03,-0.03
-1.34704e-03,0.03,0.05
-1.34696e-03,0.01,-0.01
-1.34688e-03,0.03,0.05
-1.34680e-03,0.03,-0.01
-1.34672e-03,0.03,0.05
-1.34664e-03,0.01,-0.01
-1.34656e-03,0.03,0.05
-1.34648e-03,0.01,-0.01
-1.34640e-03,0.03,0.05
-1.34632e-03,0.03,-0.03
-1.34624e-03,0.01,0.05
-1.34616e-03,0.01,-0.03
-1.34608e-03,0.01,0.07
-1.34600e-03,0.05,-0.05
-1.34592e-03,0.05,0.05
-1.34584e-03,0.01,-0.03
-1.34576e-03,0.05,0.07
-1.34568e-03,-0.01,-0.03
-1.34560e-03,0.05,0.05
-1.34552e-03,-0.01,-0.03
-1.34544e-03,0.03,0.07
-1.34536e-03,0.03,-0.03
-1.34528e-03,0.01,0.05
-1.34520e-03,0.03,-0.03
-1.34512e-03,0.01,0.05
-1.34504e-03,0.03,-0.03
-1.34496e-03,0.01,0.05
-1.34488e-03,0.03,-0.03
-1.34480e-03,0.01,0.05
-1.34472e-03,0.03,-0.01
-1.34464e-03,0.03,0.05
-1.34456e-03,0.01,-0.01
-1.34448e-03,0.03,0.05
-1.34440e-03,0.03,-0.01
-1.34432e-03,0.03,0.03
-1.34424e-03,0.01,-0.01
-1.34416e-03,0.03,0.05
-1.34408e-03,0.01,-0.03
-1.34400e-03,0.01,0.05
-1.34392e-03,0.03,-0.03
-1.34384e-03,0.03,0.03
-1.34376e-03,0.01,-0.03
-1.34368e-03,0.03,0.07
-1.34360e-03,0.05,-0.03
-1.34352e-03,0.01,0.05
-1.34344e-03,0.05,-0.03
-1.34336e-03,0.03,0.05
-1.34328e-03,0.03,-0.03
-1.34320e-03,0.03,0.05
-1.34312e-03,-0.01,-0.03
-1.34304e-03,0.03,0.05
-1.34296e-03,0.03,-0.03
-1.34288e-03,0.03,0.05
-1.34280e-03,0.01,-0.01
-1.34272e-03,0.03,0.05
-1.34264e-03,0.03,-0.01
-1.34256e-03,0.03,0.05
-1.34248e-03,0.03,-0.01
-1.34240e-03,0.03,0.05
-1.34232e-03,0.03,-0.01
-1.34224e-03,0.03,0.05
-1.34216e-03,0.03,-0.03
-1.34208e-03,0.01,0.05
-1.34200e-03,0.03,-0.03
-1.34192e-03,0.01,0.05
-1.34184e-03,0.03,-0.01
-1.34176e-03,0.03,0.05
-1.34168e-03,0.01,-0.01
-1.34160e-03,0.03,0.05
-1.34152e-03,0.01,-0.03
-1.34144e-03,0.03,0.05
-1.34136e-03,0.01,-0.03
-1.34128e-03,0.01,0.05
-1.34120e-03,0.01,-0.03
-1.34112e-03,0.03,0.05
-1.34104e-03,0.03,-0.03
-1.34096e-03,0.01,0.05
-1.34088e-03,0.03,-0.01
-1.34080e-03,0.03,0.05
-1.34072e-03,0.03,-0.01
-1.34064e-03,0.03,0.05
-1.34056e-03,0.03,-0.03
-1.34048e-03,0.03,0.03
-1.34040e-03,0.05,-0.03
-1.34032e-03,0.03,0.05
-1.34024e-03,0.03,-0.03
-1.34016e-03,0.01,0.05
-1.34008e-03,-0.01,-0.07
-1.34000e-03,0.05,0.05
-1.33992e-03,0.03,-0.03
-1.33984e-03,0.03,0.07
-1.33976e-03,0.01,-0.03
-1.33968e-03,0.01,0.07
-1.33960e-03,0.03,-0.03
-1.33952e-03,0.03,0.05
-1.33944e-03,0.03,-0.03
-1.33936e-03,0.03,0.05
-1.33928e-03,0.03,-0.03
-1.33920e-03,0.03,0.05
-1.33912e-03,0.01,-0.01
-1.33904e-03,0.03,0.03
-1.33896e-03,0.01,-0.03
-1.33888e-03,0.05,0.07
-1.33880e-03,0.01,-0.03
-1.33872e-03,0.03,0.05
-1.33864e-03,0.01,-0.03
-1.33856e-03,0.03,0.05
-1.33848e-03,0.01,-0.03
-1.33840e-03,0.01,0.05
-1.33832e-03,0.03,-0.05
-1.33824e-03,-0.01,0.05
-1.33816e-03,0.05,-0.03
-1.33808e-03,0.01,0.07
-1.33800e-03,0.03,-0.03
-1.33792e-03,0.03,0.05
-1.33784e-03,0.01,-0.03
-1.33776e-03,0.03,0.05
-1.33768e-03,0.01,-0.03
-1.33760e-03,0.03,0.07
-1.33752e-03,0.01,-0.01
-1.33744e-03,0.05,0.05
-1.33736e-03,0.01,-0.03
-1.33728e-03,0.03,0.05
-1.33720e-03,0.03,-0.03
-1.33712e-03,0.03,0.05
-1.33704e-03,0.03,-0.01
-1.33696e-03,0.01,0.05
-1.33688e-03,0.05,-0.03
-1.33680e-03,0.03,0.05
-1.33672e-03,0.03,-0.03
-1.33664e-03,0.03,0.05
-1.33656e-03,0.03,-0.01
-1.33648e-03,0.03,0.05
-1.33640e-03,0.03,-0.03
-1.33632e-03,0.03,0.05
-1.33624e-03,0.03,-0.03
-1.33616e-03,0.03,0.05
-1.33608e-03,0.01,-0.01
-1.33600e-03,0.03,0.05
-1.33592e-03,0.01,-0.03
-1.33584e-03,0.03,0.05
-1.33576e-03,0.03,-0.01
-1.33568e-03,0.03,0.05
-1.33560e-03,0.03,-0.03
-1.33552e-03,0.01,0.05
-1.33544e-03,0.03,-0.01
-1.33536e-03,0.03,0.05
-1.33528e-03,0.03,-0.01
-1.33520e-03,0.03,0.03
-1.33512e-03,0.03,-0.01
-1.33504e-03,0.05,0.05
-1.33496e-03,0.03,-0.01
-1.33488e-03,0.05,0.05
-1.33480e-03,0.01,-0.01
-1.33472e-03,0.03,0.05
-1.33464e-03,0.03,-0.03
-1.33456e-03,0.03,0.05
-1.33448e-03,0.01,-0.01
-1.33440e-03,0.01,0.05
-1.33432e-03,0.03,-0.01
-1.33424e-03,0.01,0.05
-1.33416e-03,0.03,-0.03
-1.33408e-03,0.01,0.05
-1.33400e-03,0.03,-0.01
-1.33392e-03,0.03,0.05
-1.33384e-03,0.03,-0.01
-1.33376e-03,0.03,0.05
-1.33368e-03,0.03,-0.01
-1.33360e-03,0.03,0.05
-1.33352e-03,0.03,-0.03
-1.33344e-03,0.05,0.05
-1.33336e-03,0.03,-0.03
-1.33328e-03,0.01,0.05
-1.33320e-03,0.01,-0.03
-1.33312e-03,0.03,0.05
-1.33304e-03,0.05,-0.03
-1.33296e-03,0.03,0.05
-1.33288e-03,0.03,-0.03
-1.33280e-03,0.01,0.05
-1.33272e-03,0.03,-0.01
-1.33264e-03,0.03,0.05
-1.33256e-03,0.03,-0.03
-1.33248e-03,0.01,0.05
-1.33240e-03,0.03,-0.01
-1.33232e-03,0.05,0.07
-1.33224e-03,0.03,-0.03
-1.33216e-03,0.05,0.05
-1.33208e-03,0.03,-0.01
-1.33200e-03,0.03,0.05
-1.33192e-03,0.03,-0.01
-1.33184e-03,0.03,0.05
-1.33176e-03,0.03,-0.03
-1.33168e-03,0.01,0.05
-1.33160e-03,0.03,-0.03
-1.33152e-03,-0.01,0.05
-1.33144e-03,0.03,-0.03
-1.33136e-03,0.03,0.05
-1.33128e-03,0.05,-0.03
-1.33120e-03,0.03,0.07
-1.33112e-03,0.03,-0.03
-1.33104e-03,0.03,0.05
-1.33096e-03,0.03,-0.03
-1.33088e-03,0.03,0.07
-1.33080e-03,0.01,-0.01
-1.33072e-03,0.03,0.05
-1.33064e-03,0.03,-0.01
-1.33056e-03,0.03,0.05
-1.33048e-03,0.05,-0.03
-1.33040e-03,0.03,0.05
-1.33032e-03,0.03,-0.03
-1.33024e-03,0.01,0.05
-1.33016e-03,0.03,-0.01
-1.33008e-03,0.03,0.07
-1.33000e-03,0.03,-0.03
-1.32992e-03,0.03,0.05
-1.32984e-03,0.03,-0.03
-1.32976e-03,0.01,0.05
-1.32968e-03,0.03,-0.01
-1.32960e-03,0.05,0.07
-1.32952e-03,0.03,-0.01
-1.32944e-03,0.05,0.07
-1.32936e-03,0.03,-0.03
-1.32928e-03,0.03,0.05
-1.32920e-03,0.03,-0.01
-1.32912e-03,0.03,0.05
-1.32904e-03,0.03,-0.01
-1.32896e-03,0.01,0.07
-1.32888e-03,0.03,-0.01
-1.32880e-03,0.03,0.05
-1.32872e-03,0.01,-0.01
-1.32864e-03,0.03,0.05
-1.32856e-03,0.03,-0.01
-1.32848e-03,0.03,0.05
-1.32840e-03,0.01,-0.01
-1.32832e-03,0.03,0.05
-1.32824e-03,0.01,-0.03
-1.32816e-03,0.03,0.05
-1.32808e-03,0.03,-0.03
-1.32800e-03,0.03,0.05
-1.32792e-03,0.03,-0.03
-1.32784e-03,0.03,0.05
-1.32776e-03,0.03,-0.03
-1.32768e-03,0.03,0.05
-1.32760e-03,0.03,-0.01
-1.32752e-03,0.01,0.05
-1.32744e-03,0.03,-0.01
-1.32736e-03,0.03,0.05
-1.32728e-03,0.03,-0.01
-1.32720e-03,0.03,0.05
-1.32712e-03,0.05,-0.03
-1.32704e-03,0.03,0.05
-1.32696e-03,0.01,-0.01
-1.32688e-03,0.03,0.05
-1.32680e-03,0.03,-0.03
-1.32672e-03,0.03,0.05
-1.32664e-03,0.03,-0.03
-1.32656e-03,0.03,0.05
-1.32648e-03,0.03,-0.01
-1.32640e-03,0.01,0.05
-1.32632e-03,0.03,-0.01
-1.32624e-03,0.01,0.05
-1.32616e-03,0.05,-0.01
-1.32608e-03,0.01,0.05
-1.32600e-03,0.03,-0.03
-1.32592e-03,0.03,0.05
-1.32584e-03,0.03,-0.01
-1.32576e-03,0.07,0.05
-1.32568e-03,0.01,-0.03
-1.32560e-03,0.05,0.07
-1.32552e-03,0.01,-0.03
-1.32544e-03,0.03,0.05
-1.32536e-03,0.01,-0.07
-1.32528e-03,0.03,0.05
-1.32520e-03,0.03,-0.05
-1.32512e-03,0.01,0.07
-1.32504e-03,0.03,-0.03
-1.32496e-03,0.01,0.05
-1.32488e-03,0.03,-0.03
-1.32480e-03,0.01,0.05
-1.32472e-03,0.01,-0.01
-1.32464e-03,0.03,0.05
-1.32456e-03,0.03,-0.01
-1.32448e-03,0.01,0.05
-1.32440e-03,0.03,-0.03
-1.32432e-03,0.03,0.05
-1.32424e-03,0.03,-0.03
-1.32416e-03,0.03,0.05
-1.32408e-03,0.03,-0.01
-1.32400e-03,0.03,0.05
-1.32392e-03,0.03,-0.01
-1.32384e-03,0.03,0.03
-1.32376e-03,0.05,-0.03
-1.32368e-03,0.01,0.05
-1.32360e-03,0.01,-0.03
-1.32352e-03,0.01,0.05
-1.32344e-03,0.03,-0.03
-1.32336e-03,0.01,0.05
-1.32328e-03,0.03,-0.03
-1.32320e-03,0.03,0.07
-1.32312e-03,0.01,-0.03
-1.32304e-03,0.05,0.05
-1.32296e-03,0.01,-0.01
-1.32288e-03,0.03,0.05
-1.32280e-03,0.01,-0.01
-1.32272e-03,0.01,0.05
-1.32264e-03,0.03,-0.03
-1.32256e-03,0.03,0.05
-1.32248e-03,0.03,-0.01
-1.32240e-03,0.01,0.05
-1.32232e-03,0.03,-0.03
-1.32224e-03,0.01,0.05
-1.32216e-03,0.03,-0.03
-1.32208e-03,0.03,0.05
-1.32200e-03,0.03,-0.03
-1.32192e-03,0.05,0.05
-1.32184e-03,0.03,-0.01
-1.32176e-03,0.03,0.05
-1.32168e-03,0.03,-0.03
-1.32160e-03,0.05,0.05
-1.32152e-03,0.03,-0.03
-1.32144e-03,0.03,0.05
-1.32136e-03,0.03,-0.01
-1.32128e-03,0.05,0.05
-1.32120e-03,0.03,-0.01
-1.32112e-03,0.01,0.05
-1.32104e-03,0.03,-0.01
-1.32096e-03,0.01,0.05
-1.32088e-03,0.03,-0.01
-1.32080e-03,0.03,0.05
-1.32072e-03,0.03,-0.03
-1.32064e-03,0.03,0.05
-1.32056e-03,0.01,-0.01
-1.32048e-03,0.03,0.05
-1.32040e-03,0.03,-0.03
-1.32032e-03,0.03,0.05
-1.32024e-03,0.03,-0.03
-1.32016e-03,0.05,0.05
-1.32008e-03,0.03,-0.03
-1.32000e-03,0.03,0.05
-1.31992e-03,0.03,-0.03
-1.31984e-03,0.01,0.05
-1.31976e-03,0.03,-0.01
-1.31968e-03,0.03,0.05
-1.31960e-03,0.03,-0.01
-1.31952e-03,0.01,0.05
-1.31944e-03,0.03,-0.01
-1.31936e-03,0.03,0.05
-1.31928e-03,0.03,-0.01
-1.31920e-03,0.03,0.05
-1.31912e-03,0.03,-0.01
-1.31904e-03,0.03,0.05
-1.31896e-03,0.01,-0.01
-1.31888e-03,0.03,0.05
-1.31880e-03,0.03,-0.03
-1.31872e-03,0.05,0.05
-1.31864e-03,0.05,-0.01
-1.31856e-03,0.01,0.13
-1.31848e-03,0.03,-0.05
-1.31840e-03,0.03,0.09
-1.31832e-03,0.03,-0.03
-1.31824e-03,0.01,0.05
-1.31816e-03,0.05,-0.03
-1.31808e-03,0.03,0.07
-1.31800e-03,0.03,-0.03
-1.31792e-03,0.05,0.05
-1.31784e-03,0.03,-0.01
-1.31776e-03,0.03,0.05
-1.31768e-03,0.01,-0.01
-1.31760e-03,0.03,0.05
-1.31752e-03,0.03,-0.01
-1.31744e-03,0.03,0.05
-1.31736e-03,0.03,-0.01
-1.31728e-03,0.03,0.05
-1.31720e-03,0.03,-0.01
-1.31712e-03,0.03,0.05
-1.31704e-03,0.03,-0.01
-1.31696e-03,0.01,0.05
-1.31688e-03,0.03,-0.01
-1.31680e-03,0.01,0.05
-1.31672e-03,0.05,-0.03
-1.31664e-03,0.05,0.05
-1.31656e-03,0.05,-0.01
-1.31648e-03,0.03,0.05
-1.31640e-03,0.01,-0.05
-1.31632e-03,0.01,0.07
-1.31624e-03,0.01,-0.03
-1.31616e-03,0.03,0.05
-1.31608e-03,0.01,-0.03
-1.31600e-03,0.05,0.05
-1.31592e-03,0.01,-0.03
-1.31584e-03,0.05,0.05
-1.31576e-03,0.03,-0.03
-1.31568e-03,0.03,0.05
-1.31560e-03,0.03,-0.03
-1.31552e-03,0.03,0.07
-1.31544e-03,0.03,-0.03
-1.31536e-03,0.03,0.05
-1.31528e-03,0.03,-0.01
-1.31520e-03,0.01,0.05
-1.31512e-03,0.03,-0.01
-1.31504e-03,0.03,0.07
-1.31496e-03,0.03,-0.03
-1.31488e-03,0.03,0.05
-1.31480e-03,0.01,-0.03
-1.31472e-03,0.05,0.05
-1.31464e-03,0.01,-0.03
-1.31456e-03,0.03,0.05
-1.31448e-03,0.05,-0.03
-1.31440e-03,0.03,0.05
-1.31432e-03,0.03,-0.03
-1.31424e-03,0.01,0.05
-1.31416e-03,0.03,-0.03
-1.31408e-03,0.01,0.05
-1.31400e-03,0.07,-0.03
-1.31392e-03,0.01,0.05
-1.31384e-03,0.01,-0.03
-1.31376e-03,0.03,0.07
-1.31368e-03,0.01,-0.03
-1.31360e-03,0.03,0.05
-1.31352e-03,0.03,-0.03
-1.31344e-03,0.03,0.05
-1.31336e-03,0.03,-0.01
-1.31328e-03,0.05,0.05
-1.31320e-03,0.03,-0.03
-1.31312e-03,0.03,0.05
-1.31304e-03,0.05,-0.01
-1.31296e-03,0.03,0.05
-1.31288e-03,0.05,-0.01
-1.31280e-03,0.01,0.05
-1.31272e-03,0.03,-0.01
-1.31264e-03,0.03,0.05
-1.31256e-03,0.03,-0.01
-1.31248e-03,0.03,0.05
-1.31240e-03,0.01,-0.01
-1.31232e-03,0.05,0.05
-1.31224e-03,0.01,-0.03
-1.31216e-03,0.03,0.05
-1.31208e-03,0.01,-0.03
-1.31200e-03,0.03,0.05
-1.31192e-03,0.03,-0.01
-1.31184e-03,0.03,0.05
-1.31176e-03,0.03,-0.03
-1.31168e-03,0.01,0.05
-1.31160e-03,0.05,-0.03
-1.31152e-03,0.01,0.05
-1.31144e-03,0.05,-0.03
-1.31136e-03,0.01,0.05
-1.31128e-03,0.01,-0.03
-1.31120e-03,0.03,0.05
-1.31112e-03,0.01,-0.03
-1.31104e-03,0.03,0.05
-1.31096e-03,0.03,-0.03
-1.31088e-03,0.03,0.05
-1.31080e-03,0.03,-0.03
-1.31072e-03,0.03,0.05
-1.31064e-03,0.01,-0.01
-1.31056e-03,0.03,0.05
-1.31048e-03,0.03,-0.03
-1.31040e-03,0.03,0.05
-1.31032e-03,0.03,-0.03
-1.31024e-03,0.01,0.05
-1.31016e-03,0.03,-0.03
-1.31008e-03,0.01,0.05
-1.31000e-03,0.01,-0.03
-1.30992e-03,0.03,0.05
-1.30984e-03,0.03,-0.03
-1.30976e-03,0.03,0.05
-1.30968e-03,0.03,-0.03
-1.30960e-03,0.03,0.05
-1.30952e-03,0.03,-0.01
-1.30944e-03,0.03,0.05
-1.30936e-03,0.03,-0.03
-1.30928e-03,0.03,0.05
-1.30920e-03,0.03,-0.03
-1.30912e-03,0.03,0.05
-1.30904e-03,0.05,-0.01
-1.30896e-03,0.01,0.05
-1.30888e-03,0.01,-0.03
-1.30880e-03,0.01,0.05
-1.30872e-03,0.03,-0.03
-1.30864e-03,0.05,0.07
-1.30856e-03,0.03,-0.03
-1.30848e-03,0.03,0.07
-1.30840e-03,0.03,-0.03
-1.30832e-03,0.03,0.07
-1.30824e-03,0.01,-0.03
-1.30816e-03,0.01,0.05
-1.30808e-03,0.03,-0.03
-1.30800e-03,0.03,0.05
-1.30792e-03,0.03,-0.03
-1.30784e-03,0.03,0.05
-1.30776e-03,0.03,-0.03
-1.30768e-03,0.01,0.05
-1.30760e-03,0.03,-0.03
-1.30752e-03,0.03,0.05
-1.30744e-03,0.03,-0.03
-1.30736e-03,0.01,0.05
-1.30728e-03,0.03,-0.03
-1.30720e-03,0.03,0.05
-1.30712e-03,0.01,-0.01
-1.30704e-03,0.03,0.05
-1.30696e-03,0.01,-0.01
-1.30688e-03,0.05,0.05
-1.30680e-03,0.01,-0.03
-1.30672e-03,0.03,0.05
-1.30664e-03,0.03,-0.01
-1.30656e-03,0.03,0.05
-1.30648e-03,0.03,-0.01
-1.30640e-03,0.03,0.05
-1.30632e-03,0.03,-0.01
-1.30624e-03,0.01,0.05
-1.30616e-03,0.03,-0.03
-1.30608e-03,0.03,0.05
-1.30600e-03,0.03,-0.03
-1.30592e-03,0.01,0.05
-1.30584e-03,0.03,-0.01
-1.30576e-03,0.03,0.05
-1.30568e-03,0.01,-0.01
-1.30560e-03,0.03,0.05
-1.30552e-03,0.01,-0.01
-1.30544e-03,0.05,0.05
-1.30536e-03,0.03,-0.01
-1.30528e-03,0.03,0.05
-1.30520e-03,0.03,-0.03
-1.30512e-03,0.03,0.05
-1.30504e-03,0.03,-0.01
-1.30496e-03,0.03,0.05
-1.30488e-03,0.03,-0.01
-1.30480e-03,0.03,0.05
-1.30472e-03,0.03,-0.01
-1.30464e-03,0.03,0.05
-1.30456e-03,0.03,-0.03
-1.30448e-03,0.03,0.05
-1.30440e-03,0.01,-0.01
-1.30432e-03,0.03,0.05
-1.30424e-03,0.01,-0.01
-1.30416e-03,0.03,0.05
-1.30408e-03,0.03,-0.03
-1.30400e-03,0.03,0.05
-1.30392e-03,0.03,-0.01
-1.30384e-03,0.05,0.05
-1.30376e-03,0.05,-0.03
-1.30368e-03,0.01,0.05
-1.30360e-03,0.03,-0.01
-1.30352e-03,0.01,0.05
-1.30344e-03,0.05,-0.03
-1.30336e-03,0.03,0.05
-1.30328e-03,0.03,-0.01
-1.30320e-03,0.03,0.05
-1.30312e-03,0.01,-0.01
-1.30304e-03,0.05,0.05
-1.30296e-03,0.01,-0.01
-1.30288e-03,0.03,0.05
-1.30280e-03,0.03,-0.01
-1.30272e-03,0.03,0.05
-1.30264e-03,0.03,-0.03
-1.30256e-03,0.03,0.05
-1.30248e-03,0.03,-0.03
-1.30240e-03,0.03,0.05
-1.30232e-03,0.03,-0.01
-1.30224e-03,0.01,0.05
-1.30216e-03,0.03,-0.03
-1.30208e-03,0.01,0.05
-1.30200e-03,0.03,-0.01
-1.30192e-03,0.03,0.05
-1.30184e-03,0.05,-0.03
-1.30176e-03,0.03,0.05
-1.30168e-03,0.01,-0.03
-1.30160e-03,0.03,0.05
-1.30152e-03,0.01,-0.03
-1.30144e-03,0.05,0.05
-1.30136e-03,0.03,-0.03
-1.30128e-03,0.05,0.07
-1.30120e-03,0.03,-0.03
-1.30112e-03,0.01,0.05
-1.30104e-03,0.05,-0.01
-1.30096e-03,0.01,0.05
-1.30088e-03,0.05,-0.01
-1.30080e-03,-0.01,0.05
-1.30072e-03,0.03,-0.03
-1.30064e-03,0.03,0.05
-1.30056e-03,0.01,-0.03
-1.30048e-03,0.03,0.05
-1.30040e-03,0.01,-0.03
-1.30032e-03,0.03,0.05
-1.30024e-03,0.03,-0.03
-1.30016e-03,0.03,0.05
-1.30008e-03,0.01,-0.03
-1.30000e-03,0.05,0.07
-1.29992e-03,0.03,-0.03
-1.29984e-03,0.03,0.05
-1.29976e-03,0.03,-0.01
-1.29968e-03,0.03,0.05
-1.29960e-03,0.03,-0.01
-1.29952e-03,0.03,0.05
-1.29944e-03,0.03,-0.03
-1.29936e-03,0.03,0.05
-1.29928e-03,0.03,-0.01
-1.29920e-03,0.01,0.05
-1.29912e-03,0.01,-0.01
-1.29904e-03,0.03,0.05
-1.29896e-03,0.01,-0.01
-1.29888e-03,0.03,0.05
-1.29880e-03,0.03,-0.01
-1.29872e-03,0.03,0.05
-1.29864e-03,0.03,-0.03
-1.29856e-03,0.03,0.05
-1.29848e-03,0.03,-0.01
-1.29840e-03,0.01,0.05
-1.29832e-03,0.03,-0.03
-1.29824e-03,0.03,0.05
-1.29816e-03,0.05,-0.01
-1.29808e-03,0.03,0.05
-1.29800e-03,0.03,-0.03
-1.29792e-03,0.01,0.05
-1.29784e-03,0.03,-0.03
-1.29776e-03,0.03,0.05
-1.29768e-03,0.01,-0.03
-1.29760e-03,0.03,0.05
-1.29752e-03,0.03,-0.03
-1.29744e-03,0.03,0.05
-1.29736e-03,0.03,-0.03
-1.29728e-03,0.03,0.05
-1.29720e-03,0.03,-0.01
-1.29712e-03,0.01,0.05
-1.29704e-03,0.03,-0.01
-1.29696e-03,0.03,0.05
-1.29688e-03,0.05,-0.01
-1.29680e-03,0.03,0.05
-1.29672e-03,0.03,-0.03
-1.29664e-03,0.01,0.05
-1.29656e-03,0.01,-0.03
-1.29648e-03,0.01,0.05
-1.29640e-03,0.01,-0.01
-1.29632e-03,0.03,0.05
-1.29624e-03,0.01,-0.03
-1.29616e-03,0.03,0.05
-1.29608e-03,0.01,-0.03
-1.29600e-03,0.03,0.05
-1.29592e-03,0.03,-0.01
-1.29584e-03,0.03,0.05
-1.29576e-03,0.03,-0.03
-1.29568e-03,0.01,0.05
-1.29560e-03,0.05,-0.03
-1.29552e-03,0.03,0.05
-1.29544e-03,0.03,-0.03
-1.29536e-03,0.03,0.05
-1.29528e-03,0.01,-0.03
-1.29520e-03,0.03,0.05
-1.29512e-03,0.01,-0.01
-1.29504e-03,0.03,0.05
-1.29496e-03,0.01,-0.03
-1.29488e-03,0.03,0.03
-1.29480e-03,0.01,-0.03
-1.29472e-03,0.03,0.05
-1.29464e-03,0.03,-0.01
-1.29456e-03,0.03,0.05
-1.29448e-03,0.03,-0.01
-1.29440e-03,0.03,0.05
-1.29432e-03,0.03,-0.01
-1.29424e-03,0.01,0.05
-1.29416e-03,-0.01,-0.03
-1.29408e-03,-0.01,0.05
-1.29400e-03,0.03,-0.03
-1.29392e-03,0.03,0.05
-1.29384e-03,0.03,-0.03
-1.29376e-03,0.03,0.05
-1.29368e-03,0.01,-0.03
-1.29360e-03,0.03,0.05
-1.29352e-03,0.01,-0.01
-1.29344e-03,0.03,0.05
-1.29336e-03,0.01,-0.01
-1.29328e-03,0.03,0.05
-1.29320e-03,0.03,-0.03
-1.29312e-03,0.01,0.05
-1.29304e-03,0.03,-0.03
-1.29296e-03,0.01,0.05
-1.29288e-03,0.01,-0.01
-1.29280e-03,0.03,0.05
-1.29272e-03,0.01,-0.01
-1.29264e-03,0.03,0.07
-1.29256e-03,0.01,-0.03
-1.29248e-03,0.03,0.05
-1.29240e-03,0.03,-0.03
-1.29232e-03,0.05,0.05
-1.29224e-03,0.01,-0.03
-1.29216e-03,0.03,0.05
-1.29208e-03,0.01,-0.03
-1.29200e-03,0.05,0.05
-1.29192e-03,0.03,-0.03
-1.29184e-03,0.03,0.05
-1.29176e-03,0.01,-0.03
-1.29168e-03,0.01,0.05
-1.29160e-03,0.03,-0.01
-1.29152e-03,0.01,0.05
-1.29144e-03,0.03,-0.03
-1.29136e-03,0.03,0.05
-1.29128e-03,0.03,-0.03
-1.29120e-03,0.01,0.05
-1.29112e-03,0.03,-0.01
-1.29104e-03,0.03,0.05
-1.29096e-03,0.01,-0.01
-1.29088e-03,0.03,0.05
-1.29080e-03,0.01,-0.03
-1.29072e-03,0.05,0.05
-1.29064e-03,0.05,-0.03
-1.29056e-03,0.03,0.05
-1.29048e-03,0.03,-0.01
-1.29040e-03,0.01,0.05
-1.29032e-03,0.03,-0.01
-1.29024e-03,0.01,0.05
-1.29016e-03,0.05,-0.03
-1.29008e-03,0.03,0.05
-1.29000e-03,0.03,-0.03
-1.28992e-03,0.03,0.05
-1.28984e-03,0.01,-0.03
-1.28976e-03,0.01,0.05
-1.28968e-03,0.01,-0.03
-1.28960e-03,0.03,0.05
-1.28952e-03,0.01,-0.01
-1.28944e-03,0.03,0.05
-1.28936e-03,0.03,-0.01
-1.28928e-03,0.03,0.05
-1.28920e-03,0.03,-0.03
-1.28912e-03,0.03,0.05
-1.28904e-03,0.03,-0.01
-1.28896e-03,0.03,0.05
-1.28888e-03,0.03,-0.03
-1.28880e-03,0.03,0.05
-1.28872e-03,0.05,-0.01
-1.28864e-03,0.01,0.07
-1.28856e-03,0.03,-0.03
-1.28848e-03,0.03,0.05
-1.28840e-03,0.03,-0.01
-1.28832e-03,0.03,0.05
-1.28824e-03,0.01,-0.01
-1.28816e-03,0.03,0.05
-1.28808e-03,0.01,-0.01
-1.28800e-03,0.03,0.05
-1.28792e-03,0.03,-0.01
-1.28784e-03,0.07,0.05
-1.28776e-03,0.03,-0.05
-1.28768e-03,0.03,0.07
-1.28760e-03,0.01,-0.03
-1.28752e-03,0.03,0.07
-1.28744e-03,0.03,-0.03
-1.28736e-03,0.01,0.05
-1.28728e-03,0.03,-0.03
-1.28720e-03,0.03,0.05
-1.28712e-03,0.03,-0.01
-1.28704e-03,0.03,0.05
-1.28696e-03,0.01,-0.03
-1.28688e-03,0.01,0.03
-1.28680e-03,0.01,-0.03
-1.28672e-03,0.01,0.07
-1.28664e-03,0.03,-0.03
-1.28656e-03,0.01,0.05
-1.28648e-03,0.03,-0.03
-1.28640e-03,0.03,0.05
-1.28632e-03,0.03,-0.03
-1.28624e-03,0.01,0.05
-1.28616e-03,0.03,-0.03
-1.28608e-03,0.03,0.05
-1.28600e-03,0.03,-0.03
-1.28592e-03,0.03,0.05
-1.28584e-03,0.03,-0.03
-1.28576e-03,0.03,0.03
-1.28568e-03,0.01,-0.03
-1.28560e-03,0.03,0.05
-1.28552e-03,0.01,-0.03
-1.28544e-03,0.03,0.05
-1.28536e-03,0.05,-0.03
-1.28528e-03,0.03,0.05
-1.28520e-03,0.03,-0.03
-1.28512e-03,0.03,0.05
-1.28504e-03,0.01,-0.03
-1.28496e-03,0.01,0.05
-1.28488e-03,0.05,-0.03
-1.28480e-03,0.03,0.05
-1.28472e-03,0.03,-0.03
-1.28464e-03,0.03,0.05
-1.28456e-03,0.03,-0.01
-1.28448e-03,0.03,0.05
-1.28440e-03,0.01,-0.03
-1.28432e-03,0.03,0.05
-1.28424e-03,0.01,-0.03
-1.28416e-03,0.03,0.05
-1.28408e-03,0.01,-0.03
-1.28400e-03,0.03,0.05
-1.28392e-03,0.03,-0.03
-1.28384e-03,0.03,0.05
-1.28376e-03,0.03,-0.01
-1.28368e-03,0.03,0.05
-1.28360e-03,0.05,-0.01
-1.28352e-03,0.03,0.05
-1.28344e-03,0.03,-0.03
-1.28336e-03,0.03,0.05
-1.28328e-03,0.03,-0.01
-1.28320e-03,0.03,0.05
-1.28312e-03,0.03,-0.01
-1.28304e-03,0.03,0.05
-1.28296e-03,0.03,-0.01
-1.28288e-03,0.03,0.05
-1.28280e-03,0.03,-0.01
-1.28272e-03,0.03,0.05
-1.28264e-03,0.03,-0.01
-1.28256e-03,0.01,0.05
-1.28248e-03,0.03,-0.01
-1.28240e-03,0.01,0.05
-1.28232e-03,0.03,-0.03
-1.28224e-03,0.01,0.05
-1.28216e-03,0.05,-0.01
-1.28208e-03,0.01,0.05
-1.28200e-03,0.03,-0.01
-1.28192e-03,0.05,0.05
-1.28184e-03,0.03,-0.01
-1.28176e-03,0.03,0.05
-1.28168e-03,0.03,-0.03
-1.28160e-03,0.05,0.05
-1.28152e-03,0.01,-0.01
-1.28144e-03,0.01,0.05
-1.28136e-03,0.03,-0.01
-1.28128e-03,0.03,0.05
-1.28120e-03,0.03,-0.01
-1.28112e-03,0.03,0.05
-1.28104e-03,0.03,-0.01
-1.28096e-03,0.03,0.05
-1.28088e-03,0.05,-0.01
-1.28080e-03,0.01,0.05
-1.28072e-03,0.03,-0.03
-1.28064e-03,0.01,0.05
-1.28056e-03,0.03,-0.01
-1.28048e-03,0.03,0.05
-1.28040e-03,0.03,-0.01
-1.28032e-03,0.05,0.05
-1.28024e-03,0.03,-0.01
-1.28016e-03,0.03,0.07
-1.28008e-03,0.01,-0.01
-1.28000e-03,0.03,0.05
-1.27992e-03,0.03,-0.01
-1.27984e-03,0.03,0.05
-1.27976e-03,0.03,-0.03
-1.27968e-03,0.03,0.05
-1.27960e-03,0.03,-0.01
-1.27952e-03,0.01,0.07
-1.27944e-03,0.05,-0.03
-1.27936e-03,0.01,0.05
-1.27928e-03,0.01,-0.03
-1.27920e-03,0.05,0.05
-1.27912e-03,0.03,-0.05
-1.27904e-03,0.07,0.07
-1.27896e-03,0.03,-0.03
-1.27888e-03,0.03,0.07
-1.27880e-03,0.01,-0.03
-1.27872e-03,0.01,0.07
-1.27864e-03,0.03,-0.01
-1.27856e-03,0.03,0.05
-1.27848e-03,0.03,-0.01
-1.27840e-03,0.03,0.05
-1.27832e-03,0.05,-0.01
-1.27824e-03,0.03,0.07
-1.27816e-03,0.03,-0.01
-1.27808e-03,0.03,0.05
-1.27800e-03,0.05,-0.01
-1.27792e-03,0.01,0.05
-1.27784e-03,0.01,-0.01
-1.27776e-03,0.03,0.05
-1.27768e-03,0.01,-0.01
-1.27760e-03,0.03,0.05
-1.27752e-03,0.03,-0.01
-1.27744e-03,0.03,0.05
-1.27736e-03,0.03,-0.01
-1.27728e-03,0.03,0.07
-1.27720e-03,0.03,-0.01
-1.27712e-03,0.03,0.07
-1.27704e-03,0.05,-0.03
-1.27696e-03,0.01,0.05
-1.27688e-03,0.05,-0.01
-1.27680e-03,0.03,0.05
-1.27672e-03,0.05,-0.03
-1.27664e-03,0.03,0.05
-1.27656e-03,0.05,-0.03
-1.27648e-03,0.03,0.05
-1.27640e-03,0.03,-0.01
-1.27632e-03,0.03,0.05
-1.27624e-03,0.01,-0.01
-1.27616e-03,0.03,0.05
-1.27608e-03,0.03,-0.03
-1.27600e-03,0.03,0.05
-1.27592e-03,0.01,-0.03
-1.27584e-03,0.03,0.05
-1.27576e-03,0.03,-0.03
-1.27568e-03,0.01,0.05
-1.27560e-03,0.05,-0.01
-1.27552e-03,0.01,0.05
-1.27544e-03,-0.01,-0.01
-1.27536e-03,0.07,0.05
-1.27528e-03,0.03,-0.09
-1.27520e-03,0.01,0.07
-1.27512e-03,0.03,-0.05
-1.27504e-03,0.03,0.05
-1.27496e-03,0.03,-0.01
-1.27488e-03,0.03,0.05
-1.27480e-03,0.01,-0.01
-1.27472e-03,0.03,0.05
-1.27464e-03,0.03,-0.01
-1.27456e-03,0.03,0.05
-1.27448e-03,0.03,-0.01
-1.27440e-03,0.03,0.05
-1.27432e-03,0.03,-0.01
-1.27424e-03,0.01,0.05
-1.27416e-03,0.03,-0.03
-1.27408e-03,0.03,0.05
-1.27400e-03,0.03,-0.01
-1.27392e-03,0.03,0.05
-1.27384e-03,0.05,-0.03
-1.27376e-03,0.03,0.05
-1.27368e-03,0.03,-0.01
-1.27360e-03,0.03,0.05
-1.27352e-03,0.03,-0.01
-1.27344e-03,0.03,0.05
-1.27336e-03,0.03,-0.01
-1.27328e-03,0.03,0.05
-1.27320e-03,0.05,-0.01
-1.27312e-03,0.01,0.05
-1.27304e-03,0.03,-0.01
-1.27296e-03,0.03,0.05
-1.27288e-03,0.03,-0.01
-1.27280e-03,0.01,0.05
-1.27272e-03,0.03,-0.01
-1.27264e-03,0.05,0.05
-1.27256e-03,0.03,-0.01
-1.27248e-03,0.03,0.05
-1.27240e-03,0.01,-0.01
-1.27232e-03,0.03,0.05
-1.27224e-03,0.05,-0.01
-1.27216e-03,0.03,0.05
-1.27208e-03,-0.01,-0.03
-1.27200e-03,0.01,0.05
-1.27192e-03,0.03,-0.03
-1.27184e-03,0.03,0.07
-1.27176e-03,0.03,-0.03
-1.27168e-03,0.03,0.07
-1.27160e-03,0.03,-0.01
-1.27152e-03,0.03,0.05
-1.27144e-03,0.03,-0.01
-1.27136e-03,0.03,0.05
-1.27128e-03,0.03,-0.01
-1.27120e-03,0.01,0.05
-1.27112e-03,0.03,-0.01
-1.27104e-03,0.01,0.05
-1.27096e-03,0.03,-0.03
-1.27088e-03,0.03,0.05
-1.27080e-03,0.01,-0.03
-1.27072e-03,0.03,0.05
-1.27064e-03,0.03,-0.01
-1.27056e-03,0.01,0.05
-1.27048e-03,0.03,-0.03
-1.27040e-03,0.01,0.05
-1.27032e-03,0.03,-0.01
-1.27024e-03,0.03,0.05
-1.27016e-03,0.03,-0.01
-1.27008e-03,0.03,0.05
-1.27000e-03,0.03,-0.03
-1.26992e-03,0.03,0.05
-1.26984e-03,0.03,-0.03
-1.26976e-03,0.03,0.05
-1.26968e-03,0.01,-0.01
-1.26960e-03,0.03,0.05
-1.26952e-03,0.01,-0.01
-1.26944e-03,0.03,0.05
-1.26936e-03,0.03,-0.01
-1.26928e-03,0.03,0.05
-1.26920e-03,0.01,-0.01
-1.26912e-03,0.01,0.05
-1.26904e-03,0.05,-0.03
-1.26896e-03,0.01,0.03
-1.26888e-03,0.03,-0.01
-1.26880e-03,0.03,0.05
-1.26872e-03,0.03,-0.01
-1.26864e-03,0.03,0.03
-1.26856e-03,0.07,-0.01
-1.26848e-03,0.01,0.13
-1.26840e-03,0.01,-0.05
-1.26832e-03,0.03,0.07
-1.26824e-03,-0.01,-0.03
-1.26816e-03,0.03,0.05
-1.26808e-03,0.01,-0.03
-1.26800e-03,0.03,0.05
-1.26792e-03,0.03,-0.01
-1.26784e-03,0.01,0.05
-1.26776e-03,0.03,-0.01
-1.26768e-03,0.03,0.05
-1.26760e-03,0.03,-0.03
-1.26752e-03,0.01,0.05
-1.26744e-03,0.03,-0.03
-1.26736e-03,0.03,0.05
-1.26728e-03,0.03,-0.03
-1.26720e-03,0.03,0.05
-1.26712e-03,0.01,-0.03
-1.26704e-03,0.03,0.07
-1.26696e-03,0.01,-0.01
-1.26688e-03,0.03,0.05
-1.26680e-03,0.03,-0.01
-1.26672e-03,0.03,0.05
-1.26664e-03,0.03,-0.03
-1.26656e-03,0.03,0.05
-1.26648e-03,0.03,-0.01
-1.26640e-03,0.03,0.05
-1.26632e-03,0.03,-0.01
-1.26624e-03,0.03,0.05
-1.26616e-03,0.03,-0.01
-1.26608e-03,0.03,0.05
-1.26600e-03,0.01,-0.01
-1.26592e-03,0.03,0.07
-1.26584e-03,0.01,-0.03
-1.26576e-03,0.05,0.05
-1.26568e-03,0.03,-0.01
-1.26560e-03,0.03,0.07
-1.26552e-03,0.01,-0.01
-1.26544e-03,0.05,0.05
-1.26536e-03,0.01,-0.03
-1.26528e-03,0.03,0.05
-1.26520e-03,0.03,-0.01
-1.26512e-03,0.01,0.05
-1.26504e-03,0.01,-0.01
-1.26496e-03,0.01,0.05
-1.26488e-03,0.03,-0.01
-1.26480e-03,0.01,0.05
-1.26472e-03,0.03,-0.03
-1.26464e-03,0.03,0.05
-1.26456e-03,0.03,-0.01
-1.26448e-03,0.03,0.05
-1.26440e-03,0.01,-0.03
-1.26432e-03,0.03,0.07
-1.26424e-03,0.03,-0.01
-1.26416e-03,0.03,0.05
-1.26408e-03,0.03,-0.03
-1.26400e-03,0.03,0.07
-1.26392e-03,0.03,-0.01
-1.26384e-03,0.01,0.05
-1.26376e-03,0.03,-0.01
-1.26368e-03,0.05,0.05
-1.26360e-03,0.03,-0.03
-1.26352e-03,0.01,0.05
-1.26344e-03,0.03,-0.03
-1.26336e-03,0.03,0.05
-1.26328e-03,0.01,-0.03
-1.26320e-03,0.03,0.05
-1.26312e-03,0.01,-0.01
-1.26304e-03,0.03,0.05
-1.26296e-03,0.01,-0.01
-1.26288e-03,0.03,0.05
-1.26280e-03,0.03,-0.01
-1.26272e-03,0.03,0.05
-1.26264e-03,0.03,-0.01
-1.26256e-03,0.03,0.05
-1.26248e-03,0.03,-0.03
-1.26240e-03,0.01,0.05
-1.26232e-03,0.03,-0.01
-1.26224e-03,0.01,0.05
-1.26216e-03,0.03,-0.03
-1.26208e-03,0.03,0.05
-1.26200e-03,0.05,-0.01
-1.26192e-03,0.05,0.05
-1.26184e-03,0.03,-0.01
-1.26176e-03,0.05,0.05
-1.26168e-03,0.05,-0.03
-1.26160e-03,0.01,0.05
-1.26152e-03,0.01,-0.03
-1.26144e-03,0.03,0.07
-1.26136e-03,0.01,-0.03
-1.26128e-03,0.03,0.05
-1.26120e-03,0.01,-0.03
-1.26112e-03,0.03,0.05
-1.26104e-03,0.05,-0.03
-1.26096e-03,0.03,0.05
-1.26088e-03,0.05,-0.01
-1.26080e-03,0.01,0.05
-1.26072e-03,0.05,-0.01
-1.26064e-03,0.03,0.05
-1.26056e-03,0.03,-0.03
-1.26048e-03,0.05,0.05
-1.26040e-03,0.01,-0.01
-1.26032e-03,0.03,0.05
-1.26024e-03,0.01,-0.03
-1.26016e-03,0.01,0.05
-1.26008e-03,0.01,-0.03
-1.26000e-03,0.03,0.05
-1.25992e-03,0.01,-0.01
-1.25984e-03,0.03,0.05
-1.25976e-03,0.05,-0.01
-1.25968e-03,0.01,0.05
-1.25960e-03,0.05,-0.01
-1.25952e-03,0.01,0.05
-1.25944e-03,0.05,-0.03
-1.25936e-03,0.03,0.05
-1.25928e-03,0.03,-0.03
-1.25920e-03,0.05,0.05
-1.25912e-03,0.03,-0.03
-1.25904e-03,0.03,0.05
-1.25896e-03,-0.01,-0.03
-1.25888e-03,0.01,0.07
-1.25880e-03,0.01,-0.01
-1.25872e-03,0.03,0.05
-1.25864e-03,0.01,-0.03
-1.25856e-03,0.03,0.05
-1.25848e-03,0.03,-0.01
-1.25840e-03,0.03,0.05
-1.25832e-03,0.03,-0.03
-1.25824e-03,0.01,0.05
-1.25816e-03,0.03,-0.01
-1.25808e-03,0.03,0.05
-1.25800e-03,0.03,-0.01
-1.25792e-03,0.05,0.05
-1.25784e-03,0.01,-0.03
-1.25776e-03,0.05,0.05
-1.25768e-03,0.01,-0.01
-1.25760e-03,0.03,0.05
-1.25752e-03,0.01,-0.01
-1.25744e-03,0.05,0.05
-1.25736e-03,0.03,-0.01
-1.25728e-03,0.03,0.05
-1.25720e-03,0.01,-0.05
-1.25712e-03,0.01,0.07
-1.25704e-03,0.03,-0.03
-1.25696e-03,0.01,0.05
-1.25688e-03,0.05,-0.03
-1.25680e-03,0.03,0.05
-1.25672e-03,0.03,-0.01
-1.25664e-03,0.03,0.05
-1.25656e-03,0.01,-0.01
-1.25648e-03,0.05,0.05
-1.25640e-03,0.03,-0.01
-1.25632e-03,0.03,0.05
-1.25624e-03,0.01,-0.03
-1.25616e-03,0.03,0.05
-1.25608e-03,0.03,-0.01
-1.25600e-03,0.01,0.05
-1.25592e-03,0.03,-0.03
-1.25584e-03,0.01,0.05
-1.25576e-03,0.03,-0.01
-1.25568e-03,0.01,0.05
-1.25560e-03,0.05,-0.01
-1.25552e-03,0.03,0.05
-1.25544e-03,0.05,-0.03
-1.25536e-03,0.03,0.05
-1.25528e-03,0.03,-0.01
-1.25520e-03,0.05,0.05
-1.25512e-03,0.03,-0.01
-1.25504e-03,0.03,0.05
-1.25496e-03,0.03,-0.01
-1.25488e-03,0.03,0.05
-1.25480e-03,0.01,-0.01
-1.25472e-03,0.03,0.05
-1.25464e-03,0.01,-0.03
-1.25456e-03,0.03,0.05
-1.25448e-03,0.03,-0.03
-1.25440e-03,0.03,0.07
-1.25432e-03,0.03,-0.01
-1.25424e-03,0.03,0.05
-1.25416e-03,0.03,-0.03
-1.25408e-03,0.01,0.05
-1.25400e-03,0.03,-0.01
-1.25392e-03,0.03,0.05
-1.25384e-03,0.03,-0.01
-1.25376e-03,0.03,0.05
-1.25368e-03,0.03,-0.03
-1.25360e-03,0.05,0.05
-1.25352e-03,0.01,-0.01
-1.25344e-03,0.03,0.05
-1.25336e-03,0.01,-0.03
-1.25328e-03,0.03,0.05
-1.25320e-03,0.03,-0.01
-1.25312e-03,0.01,0.05
-1.25304e-03,0.03,-0.01
-1.25296e-03,0.03,0.05
-1.25288e-03,0.05,-0.01
-1.25280e-03,0.03,0.05
-1.25272e-03,0.03,-0.01
-1.25264e-03,0.03,0.05
-1.25256e-03,0.03,-0.03
-1.25248e-03,0.03,0.05
-1.25240e-03,0.03,-0.01
-1.25232e-03,0.05,0.07
-1.25224e-03,0.01,-0.03
-1.25216e-03,0.01,0.05
-1.25208e-03,0.03,-0.01
-1.25200e-03,0.03,0.05
-1.25192e-03,0.03,-0.03
-1.25184e-03,0.01,0.05
-1.25176e-03,0.03,-0.01
-1.25168e-03,0.01,0.05
-1.25160e-03,0.03,-0.01
-1.25152e-03,0.01,0.05
-1.25144e-03,0.03,-0.01
-1.25136e-03,0.03,0.05
-1.25128e-03,0.05,-0.03
-1.25120e-03,0.03,0.05
-1.25112e-03,0.01,-0.01
-1.25104e-03,0.03,0.07
-1.25096e-03,-0.01,-0.01
-1.25088e-03,0.03,0.05
-1.25080e-03,0.01,-0.03
-1.25072e-03,0.03,0.05
-1.25064e-03,0.03,-0.03
-1.25056e-03,0.01,0.07
-1.25048e-03,0.01,-0.03
-1.25040e-03,0.03,0.07
-1.25032e-03,0.05,-0.01
-1.25024e-03,0.03,0.05
-1.25016e-03,0.03,-0.01
-1.25008e-03,0.03,0.05
-1.25000e-03,0.05,-0.03
-1.24992e-03,0.03,0.07
-1.24984e-03,0.05,-0.03
-1.24976e-03,0.03,0.05
-1.24968e-03,0.03,-0.03
-1.24960e-03,0.03,0.07
-1.24952e-03,-0.01,-0.03
-1.24944e-03,0.01,0.07
-1.24936e-03,0.03,-0.01
-1.24928e-03,0.01,0.07
-1.24920e-03,0.03,-0.03
-1.24912e-03,0.01,0.05
-1.24904e-03,0.05,-0.01
-1.24896e-03,0.03,0.05
-1.24888e-03,0.05,-0.01
-1.24880e-03,0.01,0.05
-1.24872e-03,0.03,-0.01
-1.24864e-03,0.03,0.05
-1.24856e-03,0.03,-0.01
-1.24848e-03,0.03,0.05
-1.24840e-03,0.03,-0.01
-1.24832e-03,0.03,0.05
-1.24824e-03,0.03,-0.01
-1.24816e-03,0.03,0.05
-1.24808e-03,0.01,-0.01
-1.24800e-03,0.03,0.05
-1.24792e-03,0.01,-0.01
-1.24784e-03,0.01,0.05
-1.24776e-03,0.05,-0.01
-1.24768e-03,0.01,0.05
-1.24760e-03,0.03,-0.03
-1.24752e-03,0.03,0.05
-1.24744e-03,0.05,-0.03
-1.24736e-03,0.01,0.05
-1.24728e-03,0.03,-0.01
-1.24720e-03,0.03,0.05
-1.24712e-03,0.03,-0.03
-1.24704e-03,0.03,0.05
-1.24696e-03,0.01,-0.01
-1.24688e-03,0.03,0.05
-1.24680e-03,0.03,-0.01
-1.24672e-03,0.03,0.05
-1.24664e-03,0.03,-0.01
-1.24656e-03,0.01,0.05
-1.24648e-03,0.03,-0.01
-1.24640e-03,0.01,0.05
-1.24632e-03,0.03,-0.01
-1.24624e-03,0.03,0.05
-1.24616e-03,0.03,-0.03
-1.24608e-03,0.03,0.05
-1.24600e-03,0.05,-0.01
-1.24592e-03,0.01,0.05
-1.24584e-03,0.03,-0.03
-1.24576e-03,0.03,0.05
-1.24568e-03,0.01,-0.01
-1.24560e-03,0.03,0.05
-1.24552e-03,0.03,-0.03
-1.24544e-03,0.03,0.05
-1.24536e-03,0.03,-0.01
-1.24528e-03,0.03,0.05
-1.24520e-03,0.03,-0.01
-1.24512e-03,0.03,0.05
-1.24504e-03,0.03,-0.01
-1.24496e-03,0.01,0.05
-1.24488e-03,0.03,-0.01
-1.24480e-03,0.01,0.05
-1.24472e-03,0.01,-0.01
-1.24464e-03,0.01,0.05
-1.24456e-03,0.03,-0.01
-1.24448e-03,0.03,0.07
-1.24440e-03,0.01,-0.03
-1.24432e-03,0.03,0.05
-1.24424e-03,0.03,-0.01
-1.24416e-03,0.03,0.05
-1.24408e-03,0.03,-0.01
-1.24400e-03,0.03,0.05
-1.24392e-03,0.03,-0.01
-1.24384e-03,0.01,0.05
-1.24376e-03,0.03,-0.01
-1.24368e-03,0.01,0.05
-1.24360e-03,0.03,-0.01
-1.24352e-03,0.03,0.05
-1.24344e-03,0.03,-0.01
-1.24336e-03,0.01,0.05
-1.24328e-03,0.01,-0.01
-1.24320e-03,0.01,0.05
-1.24312e-03,0.03,-0.03
-1.24304e-03,0.03,0.05
-1.24296e-03,0.03,-0.01
-1.24288e-03,0.03,0.05
-1.24280e-03,0.01,-0.01
-1.24272e-03,0.03,0.05
-1.24264e-03,0.01,-0.01
-1.24256e-03,0.01,0.07
-1.24248e-03,0.03,-0.03
-1.24240e-03,0.03,0.07
-1.24232e-03,0.05,-0.03
-1.24224e-03,-0.01,0.05
-1.24216e-03,0.05,-0.03
-1.24208e-03,0.01,0.05
-1.24200e-03,0.05,-0.03
-1.24192e-03,0.03,0.05
-1.24184e-03,0.03,-0.01
-1.24176e-03,0.05,0.05
-1.24168e-03,0.01,-0.01
-1.24160e-03,0.05,0.05
-1.24152e-03,0.01,-0.01
-1.24144e-03,0.01,0.05
-1.24136e-03,0.03,-0.01
-1.24128e-03,0.01,0.05
-1.24120e-03,0.05,-0.01
-1.24112e-03,0.03,0.05
-1.24104e-03,0.03,-0.03
-1.24096e-03,0.01,0.05
-1.24088e-03,0.03,-0.01
-1.24080e-03,0.01,0.05
-1.24072e-03,0.05,-0.03
-1.24064e-03,0.03,0.05
-1.24056e-03,0.01,-0.01
-1.24048e-03,0.03,0.05
-1.24040e-03,0.01,-0.03
-1.24032e-03,0.05,0.05
-1.24024e-03,0.01,-0.01
-1.24016e-03,0.05,0.05
-1.24008e-03,0.01,-0.01
-1.24000e-03,0.01,0.05
-1.23992e-03,0.03,-0.01
-1.23984e-03,0.01,0.05
-1.23976e-03,0.03,-0.03
-1.23968e-03,0.01,0.05
-1.23960e-03,0.05,-0.01
-1.23952e-03,0.01,0.05
-1.23944e-03,0.05,-0.01
-1.23936e-03,0.03,0.05
-1.23928e-03,0.03,-0.03
-1.23920e-03,0.01,0.05
-1.23912e-03,0.03,-0.03
-1.23904e-03,0.03,0.05
-1.23896e-03,0.01,-0.01
-1.23888e-03,0.05,0.05
-1.23880e-03,0.01,-0.03
-1.23872e-03,0.03,0.05
-1.23864e-03,0.03,-0.01
-1.23856e-03,0.03,0.05
-1.23848e-03,0.01,-0.01
-1.23840e-03,0.01,0.05
-1.23832e-03,0.03,-0.01
-1.23824e-03,0.01,0.07
-1.23816e-03,0.03,-0.03
-1.23808e-03,0.03,0.05
-1.23800e-03,0.03,-0.03
-1.23792e-03,0.03,0.05
-1.23784e-03,0.03,-0.03
-1.23776e-03,0.03,0.05
-1.23768e-03,0.03,-0.01
-1.23760e-03,0.03,0.05
-1.23752e-03,0.01,-0.01
-1.23744e-03,0.03,0.05
-1.23736e-03,0.03,-0.03
-1.23728e-03,0.03,0.05
-1.23720e-03,0.03,-0.03
-1.23712e-03,0.01,0.05
-1.23704e-03,0.03,-0.01
-1.23696e-03,0.01,0.05
-1.23688e-03,0.03,-0.01
-1.23680e-03,0.03,0.05
-1.23672e-03,0.03,-0.01
-1.23664e-03,0.05,0.05
-1.23656e-03,0.03,-0.03
-1.23648e-03,0.03,0.05
-1.23640e-03,0.01,-0.03
-1.23632e-03,0.03,0.05
-1.23624e-03,0.01,-0.01
-1.23616e-03,0.03,0.05
-1.23608e-03,0.01,-0.03
-1.23600e-03,0.01,0.05
-1.23592e-03,-0.01,-0.01
-1.23584e-03,0.01,0.05
-1.23576e-03,0.01,-0.03
-1.23568e-03,0.03,0.05
-1.23560e-03,0.03,-0.03
-1.23552e-03,0.03,0.05
-1.23544e-03,0.01,-0.03
-1.23536e-03,0.01,0.07
-1.23528e-03,0.01,-0.03
-1.23520e-03,0.03,0.07
-1.23512e-03,0.03,-0.01
-1.23504e-03,0.03,0.05
-1.23496e-03,0.03,-0.01
-1.23488e-03,0.03,0.05
-1.23480e-03,0.03,-0.03
-1.23472e-03,0.05,0.07
-1.23464e-03,0.01,-0.03
-1.23456e-03,0.03,0.07
-1.23448e-03,0.03,-0.03
-1.23440e-03,0.01,0.05
-1.23432e-03,0.05,-0.01
-1.23424e-03,0.01,0.05
-1.23416e-03,0.03,-0.01
-1.23408e-03,0.03,0.05
-1.23400e-03,0.03,-0.01
-1.23392e-03,0.03,0.05
-1.23384e-03,0.03,-0.01
-1.23376e-03,0.03,0.05
-1.23368e-03,0.03,-0.03
-1.23360e-03,0.03,0.05
-1.23352e-03,0.03,-0.03
-1.23344e-03,0.05,0.05
-1.23336e-03,0.01,-0.01
-1.23328e-03,0.03,0.05
-1.23320e-03,0.03,-0.01
-1.23312e-03,0.03,0.05
-1.23304e-03,0.03,-0.01
-1.23296e-03,0.03,0.05
-1.23288e-03,0.05,-0.01
-1.23280e-03,0.01,0.05
-1.23272e-03,0.03,-0.01
-1.23264e-03,0.03,0.05
-1.23256e-03,0.03,-0.01
-1.23248e-03,0.03,0.05
-1.23240e-03,0.01,-0.03
-1.23232e-03,0.05,0.05
-1.23224e-03,0.01,-0.01
-1.23216e-03,0.05,0.05
-1.23208e-03,0.01,-0.01
-1.23200e-03,0.05,0.05
-1.23192e-03,0.01,-0.01
-1.23184e-03,0.03,0.05
-1.23176e-03,0.03,-0.01
-1.23168e-03,0.03,0.05
-1.23160e-03,0.01,-0.01
-1.23152e-03,0.03,0.05
-1.23144e-03,0.03,-0.01
-1.23136e-03,0.03,0.05
-1.23128e-03,0.03,-0.01
-1.23120e-03,0.03,0.05
-1.23112e-03,0.03,-0.01
-1.23104e-03,0.05,0.05
-1.23096e-03,0.01,-0.01
-1.23088e-03,0.03,0.05
-1.23080e-03,0.01,-0.01
-1.23072e-03,0.03,0.05
-1.23064e-03,0.03,-0.01
-1.23056e-03,0.03,0.05
-1.23048e-03,0.03,-0.03
-1.23040e-03,0.01,0.05
-1.23032e-03,0.03,-0.01
-1.23024e-03,0.03,0.05
-1.23016e-03,0.03,-0.03
-1.23008e-03,0.03,0.05
-1.23000e-03,0.01,-0.03
-1.22992e-03,0.05,0.05
-1.22984e-03,0.03,-0.03
-1.22976e-03,0.03,0.05
-1.22968e-03,0.03,-0.01
-1.22960e-03,0.05,0.07
-1.22952e-03,0.01,-0.03
-1.22944e-03,0.03,0.05
-1.22936e-03,0.03,-0.03
-1.22928e-03,0.03,0.07
-1.22920e-03,0.03,-0.03
-1.22912e-03,0.01,0.05
-1.22904e-03,0.03,-0.01
-1.22896e-03,0.01,0.05
-1.22888e-03,0.03,-0.03
-1.22880e-03,0.03,0.05
-1.22872e-03,0.03,-0.01
-1.22864e-03,0.03,0.05
-1.22856e-03,0.03,-0.03
-1.22848e-03,0.05,0.05
-1.22840e-03,0.03,-0.03
-1.22832e-03,0.03,0.05
-1.22824e-03,0.01,-0.03
-1.22816e-03,0.05,0.05
-1.22808e-03,0.01,-0.01
-1.22800e-03,0.05,0.05
-1.22792e-03,0.05,-0.01
-1.22784e-03,0.01,0.05
-1.22776e-03,0.03,-0.03
-1.22768e-03,0.03,0.07
-1.22760e-03,0.03,-0.03
-1.22752e-03,0.03,0.07
-1.22744e-03,0.03,-0.03
-1.22736e-03,0.03,0.05
-1.22728e-03,0.03,-0.03
-1.22720e-03,0.03,0.05
-1.22712e-03,0.03,-0.03
-1.22704e-03,0.03,0.05
-1.22696e-03,0.03,-0.01
-1.22688e-03,0.03,0.05
-1.22680e-03,0.03,-0.03
-1.22672e-03,0.03,0.05
-1.22664e-03,0.03,-0.01
-1.22656e-03,0.01,0.05
-1.22648e-03,0.03,-0.01
-1.22640e-03,0.01,0.05
-1.22632e-03,0.03,-0.01
-1.22624e-03,0.01,0.05
-1.22616e-03,0.05,-0.03
-1.22608e-03,0.03,0.05
-1.22600e-03,0.03,-0.03
-1.22592e-03,0.01,0.05
-1.22584e-03,0.05,-0.01
-1.22576e-03,0.03,0.05
-1.22568e-03,0.01,-0.01
-1.22560e-03,0.05,0.05
-1.22552e-03,0.01,-0.01
-1.22544e-03,0.03,0.05
-1.22536e-03,-0.03,-0.01
-1.22528e-03,0.03,0.05
-1.22520e-03,0.03,-0.09
-1.22512e-03,0.01,0.09
-1.22504e-03,0.03,-0.05
-1.22496e-03,0.01,0.07
-1.22488e-03,0.03,-0.01
-1.22480e-03,0.03,0.05
-1.22472e-03,0.03,-0.03
-1.22464e-03,0.03,0.05
-1.22456e-03,0.03,-0.03
-1.22448e-03,0.03,0.05
-1.22440e-03,0.03,-0.01
-1.22432e-03,0.03,0.05
-1.22424e-03,0.03,-0.01
-1.22416e-03,0.03,0.05
-1.22408e-03,0.03,-0.03
-1.22400e-03,0.01,0.05
-1.22392e-03,0.03,-0.01
-1.22384e-03,0.03,0.05
-1.22376e-03,0.03,-0.01
-1.22368e-03,0.01,0.05
-1.22360e-03,0.03,-0.03
-1.22352e-03,0.01,0.05
-1.22344e-03,0.03,-0.03
-1.22336e-03,0.01,0.05
-1.22328e-03,0.03,-0.01
-1.22320e-03,0.03,0.05
-1.22312e-03,0.03,-0.01
-1.22304e-03,0.03,0.05
-1.22296e-03,0.03,-0.01
-1.22288e-03,0.05,0.05
-1.22280e-03,0.03,-0.01
-1.22272e-03,0.03,0.05
-1.22264e-03,0.03,-0.01
-1.22256e-03,0.01,0.05
-1.22248e-03,0.03,-0.03
-1.22240e-03,0.01,0.05
-1.22232e-03,0.03,-0.01
-1.22224e-03,0.03,0.05
-1.22216e-03,0.03,-0.01
-1.22208e-03,0.03,0.05
-1.22200e-03,0.03,-0.01
-1.22192e-03,0.03,0.05
-1.22184e-03,0.03,-0.03
-1.22176e-03,0.03,0.05
-1.22168e-03,0.01,-0.03
-1.22160e-03,0.03,0.05
-1.22152e-03,0.03,-0.01
-1.22144e-03,0.03,0.05
-1.22136e-03,0.03,-0.01
-1.22128e-03,0.03,0.05
-1.22120e-03,0.03,-0.01
-1.22112e-03,0.01,0.05
-1.22104e-03,0.03,-0.03
-1.22096e-03,0.03,0.05
-1.22088e-03,0.03,-0.01
-1.22080e-03,0.03,0.03
-1.22072e-03,0.03,-0.03
-1.22064e-03,0.03,0.03
-1.22056e-03,0.01,-0.01
-1.22048e-03,0.05,0.03
-1.22040e-03,0.03,-0.01
-1.22032e-03,0.05,0.05
-1.22024e-03,0.01,-0.01
-1.22016e-03,0.01,0.05
-1.22008e-03,0.01,-0.03
-1.22000e-03,0.01,0.05
-1.21992e-03,0.03,-0.01
-1.21984e-03,0.03,0.05
-1.21976e-03,0.01,-0.01
-1.21968e-03,0.03,0.05
-1.21960e-03,0.03,-0.03
-1.21952e-03,0.03,0.07
-1.21944e-03,0.01,-0.01
-1.21936e-03,0.01,0.05
-1.21928e-03,0.01,-0.03
-1.21920e-03,0.03,0.05
-1.21912e-03,0.03,-0.03
-1.21904e-03,0.03,0.05
-1.21896e-03,0.03,-0.03
-1.21888e-03,0.03,0.03
-1.21880e-03,0.01,-0.03
-1.21872e-03,0.03,0.05
-1.21864e-03,0.11,-0.01
-1.21856e-03,-0.03,0.05
-1.21848e-03,0.03,-0.03
-1.21840e-03,0.03,0.13
-1.21832e-03,0.01,-0.05
-1.21824e-03,0.03,0.07
-1.21816e-03,0.03,-0.01
-1.21808e-03,0.01,0.05
-1.21800e-03,0.03,-0.03
-1.21792e-03,0.01,0.05
-1.21784e-03,0.01,-0.03
-1.21776e-03,0.03,0.05
-1.21768e-03,0.01,-0.03
-1.21760e-03,0.03,0.05
-1.21752e-03,0.03,-0.03
-1.21744e-03,0.03,0.05
-1.21736e-03,0.01,-0.01
-1.21728e-03,0.03,0.05
-1.21720e-03,0.03,-0.03
-1.21712e-03,0.03,0.05
-1.21704e-03,0.05,-0.03
-1.21696e-03,0.03,0.05
-1.21688e-03,0.05,-0.01
-1.21680e-03,0.03,0.05
-1.21672e-03,0.03,-0.01
-1.21664e-03,0.03,0.05
-1.21656e-03,0.03,-0.01
-1.21648e-03,0.03,0.05
-1.21640e-03,0.03,-0.01
-1.21632e-03,0.05,0.05
-1.21624e-03,0.01,-0.01
-1.21616e-03,0.03,0.05
-1.21608e-03,0.01,-0.03
-1.21600e-03,0.03,0.05
-1.21592e-03,0.05,-0.03
-1.21584e-03,0.03,0.05
-1.21576e-03,0.03,-0.01
-1.21568e-03,0.01,0.05
-1.21560e-03,0.03,-0.01
-1.21552e-03,0.01,0.05
-1.21544e-03,0.05,-0.01
-1.21536e-03,0.03,0.05
-1.21528e-03,0.03,-0.03
-1.21520e-03,0.03,0.05
-1.21512e-03,0.01,-0.01
-1.21504e-03,0.03,0.05
-1.21496e-03,0.03,-0.03
-1.21488e-03,0.05,0.05
-1.21480e-03,0.01,-0.03
-1.21472e-03,0.01,0.07
-1.21464e-03,0.01,-0.03
-1.21456e-03,0.03,0.07
-1.21448e-03,0.03,-0.03
-1.21440e-03,0.01,0.05
-1.21432e-03,0.03,-0.01
-1.21424e-03,-0.01,0.05
-1.21416e-03,0.03,-0.03
-1.21408e-03,0.03,0.05
-1.21400e-03,0.03,-0.03
-1.21392e-03,0.01,0.05
-1.21384e-03,0.01,-0.01
-1.21376e-03,0.03,0.07
-1.21368e-03,0.01,-0.01
-1.21360e-03,0.03,0.05
-1.21352e-03,0.01,-0.01
-1.21344e-03,0.03,0.05
-1.21336e-03,0.03,-0.01
-1.21328e-03,0.01,0.05
-1.21320e-03,0.01,-0.03
-1.21312e-03,-0.01,0.05
-1.21304e-03,0.05,-0.03
-1.21296e-03,0.03,0.05
-1.21288e-03,0.05,-0.03
-1.21280e-03,0.03,0.05
-1.21272e-03,0.03,-0.03
-1.21264e-03,0.05,0.07
-1.21256e-03,0.01,-0.03
-1.21248e-03,0.05,0.07
-1.21240e-03,0.01,-0.03
-1.21232e-03,0.05,0.05
-1.21224e-03,0.03,-0.03
-1.21216e-03,0.05,0.05
-1.21208e-03,0.01,-0.03
-1.21200e-03,0.03,0.07
-1.21192e-03,0.03,-0.03
-1.21184e-03,0.03,0.07
-1.21176e-03,0.03,-0.03
-1.21168e-03,0.01,0.05
-1.21160e-03,0.03,-0.03
-1.21152e-03,0.01,0.05
-1.21144e-03,0.03,-0.03
-1.21136e-03,0.03,0.05
-1.21128e-03,0.03,-0.01
-1.21120e-03,0.03,0.05
-1.21112e-03,0.01,-0.03
-1.21104e-03,0.05,0.05
-1.21096e-03,0.03,-0.01
-1.21088e-03,0.03,0.05
-1.21080e-03,0.03,-0.01
-1.21072e-03,0.03,0.05
-1.21064e-03,0.01,-0.01
-1.21056e-03,0.03,0.05
-1.21048e-03,0.03,-0.01
-1.21040e-03,-0.01,0.03
-1.21032e-03,0.03,-0.03
-1.21024e-03,0.01,0.05
-1.21016e-03,0.03,-0.03
-1.21008e-03,0.01,0.05
-1.21000e-03,0.05,-0.03
-1.20992e-03,0.05,0.05
-1.20984e-03,0.03,-0.03
-1.20976e-03,0.03,0.05
-1.20968e-03,0.03,-0.03
-1.20960e-03,0.03,0.05
-1.20952e-03,0.03,-0.01
-1.20944e-03,0.03,0.05
-1.20936e-03,0.05,-0.01
-1.20928e-03,0.03,0.05
-1.20920e-03,0.01,-0.03
-1.20912e-03,0.01,0.07
-1.20904e-03,0.05,-0.03
-1.20896e-03,-0.01,0.07
-1.20888e-03,0.03,-0.03
-1.20880e-03,0.01,0.05
-1.20872e-03,0.03,-0.03
-1.20864e-03,0.01,0.05
-1.20856e-03,0.03,-0.03
-1.20848e-03,0.03,0.05
-1.20840e-03,0.03,-0.03
-1.20832e-03,0.05,0.05
-1.20824e-03,0.03,-0.01
-1.20816e-03,0.03,0.05
-1.20808e-03,0.03,-0.03
-1.20800e-03,0.03,0.05
-1.20792e-03,0.03,-0.01
-1.20784e-03,0.01,0.05
-1.20776e-03,0.05,-0.01
-1.20768e-03,0.01,0.05
-1.20760e-03,0.03,-0.03
-1.20752e-03,0.01,0.05
-1.20744e-03,0.01,-0.01
-1.20736e-03,0.03,0.05
-1.20728e-03,0.05,-0.01
-1.20720e-03,0.03,0.05
-1.20712e-03,0.01,-0.03
-1.20704e-03,0.03,0.05
-1.20696e-03,0.01,-0.03
-1.20688e-03,0.05,0.05
-1.20680e-03,-0.01,-0.03
-1.20672e-03,0.03,0.05
-1.20664e-03,0.05,-0.03
-1.20656e-03,0.01,0.05
-1.20648e-03,0.03,-0.03
-1.20640e-03,0.01,0.05
-1.20632e-03,0.03,-0.01
-1.20624e-03,0.01,0.05
-1.20616e-03,0.03,-0.01
-1.20608e-03,0.03,0.05
-1.20600e-03,0.03,-0.01
-1.20592e-03,0.03,0.05
-1.20584e-03,0.03,-0.01
-1.20576e-03,0.03,0.05
-1.20568e-03,0.01,-0.03
-1.20560e-03,0.03,0.05
-1.20552e-03,-0.01,-0.01
-1.20544e-03,0.01,0.05
-1.20536e-03,0.03,-0.03
-1.20528e-03,0.03,0.05
-1.20520e-03,0.05,-0.03
-1.20512e-03,0.03,0.05
-1.20504e-03,0.03,-0.03
-1.20496e-03,0.01,0.05
-1.20488e-03,0.03,-0.01
-1.20480e-03,0.03,0.05
-1.20472e-03,0.03,-0.01
-1.20464e-03,0.03,0.05
-1.20456e-03,0.01,-0.01
-1.20448e-03,0.05,0.05
-1.20440e-03,0.03,-0.01
-1.20432e-03,0.05,0.05
-1.20424e-03,0.01,-0.01
-1.20416e-03,0.03,0.05
-1.20408e-03,0.01,-0.01
-1.20400e-03,0.03,0.05
-1.20392e-03,0.03,-0.03
-1.20384e-03,0.03,0.05
-1.20376e-03,0.03,-0.01
-1.20368e-03,0.01,0.05
-1.20360e-03,0.03,-0.03
-1.20352e-03,0.01,0.05
-1.20344e-03,0.03,-0.03
-1.20336e-03,0.03,0.05
-1.20328e-03,0.05,-0.01
-1.20320e-03,0.03,0.05
-1.20312e-03,0.03,-0.01
-1.20304e-03,0.05,0.05
-1.20296e-03,0.01,-0.01
-1.20288e-03,0.03,0.05
-1.20280e-03,0.03,-0.01
-1.20272e-03,0.03,0.05
-1.20264e-03,0.03,-0.01
-1.20256e-03,0.01,0.05
-1.20248e-03,0.05,-0.03
-1.20240e-03,0.01,0.05
-1.20232e-03,0.03,-0.03
-1.20224e-03,0.01,0.05
-1.20216e-03,0.05,-0.01
-1.20208e-03,0.01,0.05
-1.20200e-03,0.01,-0.03
-1.20192e-03,0.03,0.05
-1.20184e-03,0.03,-0.03
-1.20176e-03,0.05,0.05
-1.20168e-03,0.01,-0.01
-1.20160e-03,0.03,0.05
-1.20152e-03,0.03,-0.03
-1.20144e-03,0.03,0.05
-1.20136e-03,0.05,-0.03
-1.20128e-03,0.03,0.05
-1.20120e-03,0.03,-0.03
-1.20112e-03,0.03,0.05
-1.20104e-03,0.03,-0.01
-1.20096e-03,0.01,0.07
-1.20088e-03,0.05,-0.03
-1.20080e-03,0.01,0.05
-1.20072e-03,0.03,-0.03
-1.20064e-03,0.03,0.05
-1.20056e-03,0.01,-0.01
-1.20048e-03,0.03,0.03
-1.20040e-03,0.01,-0.01
-1.20032e-03,0.03,0.05
-1.20024e-03,0.01,-0.01
-1.20016e-03,0.05,0.05
-1.20008e-03,0.01,-0.01
-1.20000e-03,0.03,0.05
-1.19992e-03,0.05,-0.03
-1.19984e-03,0.01,0.07
-1.19976e-03,0.03,-0.03
-1.19968e-03,0.03,0.05
-1.19960e-03,0.05,-0.03
-1.19952e-03,0.03,0.05
-1.19944e-03,0.05,-0.01
-1.19936e-03,0.03,0.05
-1.19928e-03,0.01,-0.01
-1.19920e-03,0.05,0.05
-1.19912e-03,0.03,-0.01
-1.19904e-03,0.03,0.05
-1.19896e-03,0.03,-0.03
-1.19888e-03,0.03,0.05
-1.19880e-03,0.03,-0.03
-1.19872e-03,0.03,0.05
-1.19864e-03,0.03,-0.01
-1.19856e-03,0.01,0.05
-1.19848e-03,0.03,-0.03
-1.19840e-03,0.03,0.05
-1.19832e-03,0.05,-0.03
-1.19824e-03,0.01,0.05
-1.19816e-03,0.03,-0.03
-1.19808e-03,-0.01,0.07
-1.19800e-03,0.05,-0.03
-1.19792e-03,0.03,0.07
-1.19784e-03,0.03,-0.03
-1.19776e-03,0.03,0.05
-1.19768e-03,0.03,-0.01
-1.19760e-03,0.05,0.05
-1.19752e-03,0.03,-0.03
-1.19744e-03,0.05,0.05
-1.19736e-03,0.03,-0.01
-1.19728e-03,0.03,0.05
-1.19720e-03,0.03,-0.01
-1.19712e-03,0.03,0.05
-1.19704e-03,0.03,-0.03
-1.19696e-03,0.01,0.05
-1.19688e-03,0.03,-0.03
-1.19680e-03,0.03,0.07
-1.19672e-03,0.01,-0.01
-1.19664e-03,0.03,0.05
-1.19656e-03,0.01,-0.01
-1.19648e-03,0.05,0.05
-1.19640e-03,0.03,-0.01
-1.19632e-03,0.03,0.05
-1.19624e-03,0.01,-0.01
-1.19616e-03,0.03,0.05
-1.19608e-03,0.03,-0.01
-1.19600e-03,0.03,0.05
-1.19592e-03,0.03,-0.03
-1.19584e-03,0.01,0.05
-1.19576e-03,0.03,-0.01
-1.19568e-03,0.01,0.05
-1.19560e-03,0.05,-0.01
-1.19552e-03,0.03,0.05
-1.19544e-03,0.05,-0.03
-1.19536e-03,0.03,0.05
-1.19528e-03,0.03,-0.03
-1.19520e-03,0.03,0.05
-1.19512e-03,0.03,-0.01
-1.19504e-03,0.03,0.05
-1.19496e-03,0.03,-0.01
-1.19488e-03,0.05,0.05
-1.19480e-03,0.03,-0.01
-1.19472e-03,0.03,0.05
-1.19464e-03,0.03,-0.01
-1.19456e-03,0.03,0.05
-1.19448e-03,0.03,-0.01
-1.19440e-03,0.03,0.05
-1.19432e-03,0.05,-0.01
-1.19424e-03,0.01,0.07
-1.19416e-03,0.05,-0.01
-1.19408e-03,0.01,0.05
-1.19400e-03,0.03,-0.03
-1.19392e-03,0.03,0.07
-1.19384e-03,0.03,-0.03
-1.19376e-03,0.03,0.05
-1.19368e-03,0.03,-0.01
-1.19360e-03,0.03,0.05
-1.19352e-03,0.03,-0.03
-1.19344e-03,0.05,0.05
-1.19336e-03,0.03,-0.01
-1.19328e-03,0.01,0.05
-1.19320e-03,0.03,-0.01
-1.19312e-03,0.01,0.05
-1.19304e-03,0.03,-0.01
-1.19296e-03,0.01,0.05
-1.19288e-03,0.03,-0.01
-1.19280e-03,0.01,0.03
-1.19272e-03,0.01,-0.01
-1.19264e-03,0.03,0.05
-1.19256e-03,0.01,-0.03
-1.19248e-03,0.03,0.05
-1.19240e-03,0.01,-0.01
-1.19232e-03,0.03,0.05
-1.19224e-03,0.01,-0.03
-1.19216e-03,0.03,0.05
-1.19208e-03,0.01,-0.01
-1.19200e-03,0.01,0.05
-1.19192e-03,0.03,-0.01
-1.19184e-03,-0.01,0.05
-1.19176e-03,0.03,-0.03
-1.19168e-03,0.01,0.05
-1.19160e-03,0.01,-0.03
-1.19152e-03,0.03,0.05
-1.19144e-03,0.03,-0.01
-1.19136e-03,0.03,0.05
-1.19128e-03,0.03,-0.03
-1.19120e-03,0.03,0.05
-1.19112e-03,0.03,-0.03
-1.19104e-03,0.03,0.05
-1.19096e-03,0.01,-0.03
-1.19088e-03,0.03,0.05
-1.19080e-03,0.03,-0.03
-1.19072e-03,0.03,0.05
-1.19064e-03,0.05,-0.03
-1.19056e-03,0.01,0.05
-1.19048e-03,0.03,-0.03
-1.19040e-03,-0.01,0.07
-1.19032e-03,0.03,-0.03
-1.19024e-03,0.01,0.05
-1.19016e-03,0.05,-0.03
-1.19008e-03,0.01,0.05
-1.19000e-03,0.03,-0.03
-1.18992e-03,0.03,0.05
-1.18984e-03,0.03,-0.03
-1.18976e-03,0.05,0.05
-1.18968e-03,-0.01,-0.03
-1.18960e-03,0.05,0.05
-1.18952e-03,0.01,-0.01
-1.18944e-03,0.03,0.05
-1.18936e-03,0.03,-0.01
-1.18928e-03,0.01,0.05
-1.18920e-03,0.03,-0.03
-1.18912e-03,0.01,0.03
-1.18904e-03,0.05,-0.03
-1.18896e-03,0.01,0.05
-1.18888e-03,0.03,-0.01
-1.18880e-03,0.03,0.05
-1.18872e-03,0.01,-0.03
-1.18864e-03,0.01,0.05
-1.18856e-03,0.03,-0.01
-1.18848e-03,0.03,0.05
-1.18840e-03,0.01,-0.01
-1.18832e-03,0.03,0.05
-1.18824e-03,0.01,-0.01
-1.18816e-03,0.03,0.05
-1.18808e-03,0.03,-0.01
-1.18800e-03,0.03,0.07
-1.18792e-03,0.03,-0.03
-1.18784e-03,0.01,0.05
-1.18776e-03,0.03,-0.01
-1.18768e-03,0.03,0.05
-1.18760e-03,0.03,-0.01
-1.18752e-03,0.03,0.05
-1.18744e-03,0.01,-0.01
-1.18736e-03,0.03,0.05
-1.18728e-03,0.01,-0.03
-1.18720e-03,0.03,0.05
-1.18712e-03,0.03,-0.01
-1.18704e-03,0.01,0.05
-1.18696e-03,0.03,-0.01
-1.18688e-03,0.05,0.05
-1.18680e-03,0.03,-0.01
-1.18672e-03,0.03,0.05
-1.18664e-03,0.03,-0.01
-1.18656e-03,0.03,0.05
-1.18648e-03,0.03,-0.03
-1.18640e-03,0.01,0.05
-1.18632e-03,0.01,-0.03
-1.18624e-03,0.03,0.05
-1.18616e-03,0.01,-0.03
-1.18608e-03,0.03,0.05
-1.18600e-03,0.03,-0.03
-1.18592e-03,0.01,0.05
-1.18584e-03,0.01,-0.01
-1.18576e-03,0.03,0.05
-1.18568e-03,0.03,-0.01
-1.18560e-03,0.03,0.05
-1.18552e-03,0.03,-0.01
-1.18544e-03,0.03,0.05
-1.18536e-03,0.05,-0.01
-1.18528e-03,0.01,0.05
-1.18520e-03,0.03,-0.03
-1.18512e-03,0.03,0.05
-1.18504e-03,0.05,-0.03
-1.18496e-03,0.03,0.07
-1.18488e-03,0.03,-0.03
-1.18480e-03,0.01,0.05
-1.18472e-03,0.03,-0.01
-1.18464e-03,0.03,0.05
-1.18456e-03,0.03,-0.01
-1.18448e-03,0.05,0.05
-1.18440e-03,0.03,-0.01
-1.18432e-03,0.03,0.05
-1.18424e-03,0.03,-0.01
-1.18416e-03,0.03,0.05
-1.18408e-03,0.03,-0.01
-1.18400e-03,0.03,0.05
-1.18392e-03,0.03,-0.01
-1.18384e-03,0.03,0.05
-1.18376e-03,0.05,-0.03
-1.18368e-03,0.03,0.05
-1.18360e-03,0.01,-0.03
-1.18352e-03,-0.01,0.05
-1.18344e-03,0.01,-0.03
-1.18336e-03,-0.01,0.07
-1.18328e-03,0.03,-0.03
-1.18320e-03,0.07,0.07
-1.18312e-03,0.01,-0.05
-1.18304e-03,0.03,0.07
-1.18296e-03,0.01,-0.03
-1.18288e-03,0.03,0.07
-1.18280e-03,0.03,-0.03
-1.18272e-03,0.03,0.07
-1.18264e-03,0.01,-0.03
-1.18256e-03,0.03,0.05
-1.18248e-03,0.03,-0.03
-1.18240e-03,0.03,0.05
-1.18232e-03,0.03,-0.03
-1.18224e-03,0.01,0.05
-1.18216e-03,0.03,-0.01
-1.18208e-03,0.03,0.05
-1.18200e-03,0.03,-0.03
-1.18192e-03,0.05,0.05
-1.18184e-03,0.03,-0.03
-1.18176e-03,0.03,0.05
-1.18168e-03,0.03,-0.01
-1.18160e-03,0.03,0.05
-1.18152e-03,0.01,-0.01
-1.18144e-03,0.03,0.05
-1.18136e-03,0.03,-0.01
-1.18128e-03,0.03,0.05
-1.18120e-03,0.03,-0.03
-1.18112e-03,0.01,0.05
-1.18104e-03,0.01,-0.03
-1.18096e-03,0.03,0.05
-1.18088e-03,0.03,-0.01
-1.18080e-03,0.01,0.05
-1.18072e-03,0.01,-0.01
-1.18064e-03,0.03,0.05
-1.18056e-03,0.03,-0.01
-1.18048e-03,0.03,0.03
-1.18040e-03,0.03,-0.01
-1.18032e-03,0.03,0.05
-1.18024e-03,0.01,-0.03
-1.18016e-03,0.03,0.05
-1.18008e-03,0.03,-0.03
-1.18000e-03,0.01,0.05
-1.17992e-03,0.03,-0.03
-1.17984e-03,0.01,0.05
-1.17976e-03,0.03,-0.01
-1.17968e-03,0.01,0.05
-1.17960e-03,0.03,-0.01
-1.17952e-03,0.01,0.05
-1.17944e-03,0.05,-0.03
-1.17936e-03,0.01,0.05
-1.17928e-03,0.01,-0.01
-1.17920e-03,0.05,0.05
-1.17912e-03,0.03,-0.01
-1.17904e-03,0.03,0.05
-1.17896e-03,0.01,-0.03
-1.17888e-03,0.05,0.05
-1.17880e-03,0.03,-0.01
-1.17872e-03,0.03,0.05
-1.17864e-03,0.03,-0.01
-1.17856e-03,0.01,0.05
-1.17848e-03,0.03,-0.03
-1.17840e-03,0.03,0.05
-1.17832e-03,0.03,-0.01
-1.17824e-03,0.03,0.05
-1.17816e-03,0.03,-0.01
-1.17808e-03,0.01,0.05
-1.17800e-03,0.03,-0.01
-1.17792e-03,0.03,0.05
-1.17784e-03,0.01,-0.03
-1.17776e-03,0.05,0.05
-1.17768e-03,0.03,-0.03
-1.17760e-03,0.03,0.05
-1.17752e-03,0.03,-0.03
-1.17744e-03,0.05,0.07
-1.17736e-03,0.03,-0.03
-1.17728e-03,0.03,0.07
-1.17720e-03,0.05,-0.01
-1.17712e-03,0.01,0.05
-1.17704e-03,0.03,-0.03
-1.17696e-03,0.01,0.05
-1.17688e-03,0.03,-0.01
-1.17680e-03,0.01,0.05
-1.17672e-03,0.03,-0.01
-1.17664e-03,0.03,0.07
-1.17656e-03,0.03,-0.01
-1.17648e-03,0.05,0.05
-1.17640e-03,0.01,-0.01
-1.17632e-03,0.05,0.05
-1.17624e-03,0.01,-0.01
-1.17616e-03,0.03,0.05
-1.17608e-03,0.03,-0.03
-1.17600e-03,0.03,0.05
-1.17592e-03,0.03,-0.03
-1.17584e-03,0.03,0.07
-1.17576e-03,0.03,-0.03
-1.17568e-03,-0.01,0.05
-1.17560e-03,0.03,-0.03
-1.17552e-03,0.01,0.09
-1.17544e-03,0.03,-0.03
-1.17536e-03,0.01,0.05
-1.17528e-03,0.01,-0.03
-1.17520e-03,0.03,0.05
-1.17512e-03,0.01,-0.07
-1.17504e-03,0.03,0.07
-1.17496e-03,0.03,-0.03
-1.17488e-03,0.03,0.05
-1.17480e-03,0.03,-0.03
-1.17472e-03,0.03,0.05
-1.17464e-03,0.03,-0.01
-1.17456e-03,0.03,0.05
-1.17448e-03,0.03,-0.01
-1.17440e-03,0.01,0.05
-1.17432e-03,0.03,-0.01
-1.17424e-03,0.03,0.03
-1.17416e-03,0.03,-0.01
-1.17408e-03,0.03,0.05
-1.17400e-03,0.03,-0.03
-1.17392e-03,0.03,0.05
-1.17384e-03,0.01,-0.01
-1.17376e-03,0.03,0.05
-1.17368e-03,0.01,-0.01
-1.17360e-03,0.03,0.05
-1.17352e-03,0.03,-0.03
-1.17344e-03,0.01,0.05
-1.17336e-03,0.03,-0.01
-1.17328e-03,0.01,0.05
-1.17320e-03,0.03,-0.01
-1.17312e-03,0.01,0.05
-1.17304e-03,0.01,-0.01
-1.17296e-03,0.03,0.05
-1.17288e-03,0.03,-0.01
-1.17280e-03,0.01,0.05
-1.17272e-03,0.01,-0.03
-1.17264e-03,0.03,0.05
-1.17256e-03,0.03,-0.03
-1.17248e-03,0.03,0.05
-1.17240e-03,0.01,-0.01
-1.17232e-03,0.03,0.05
-1.17224e-03,0.03,-0.03
-1.17216e-03,0.03,0.05
-1.17208e-03,0.03,-0.03
-1.17200e-03,0.03,0.05
-1.17192e-03,0.03,-0.03
-1.17184e-03,0.03,0.05
-1.17176e-03,0.03,-0.01
-1.17168e-03,0.01,0.05
-1.17160e-03,0.03,-0.01
-1.17152e-03,0.01,0.05
-1.17144e-03,0.03,-0.01
-1.17136e-03,0.03,0.05
-1.17128e-03,0.03,-0.03
-1.17120e-03,0.03,0.05
-1.17112e-03,0.03,-0.01
-1.17104e-03,0.03,0.05
-1.17096e-03,0.03,-0.01
-1.17088e-03,0.03,0.05
-1.17080e-03,0.03,-0.01
-1.17072e-03,0.05,0.05
-1.17064e-03,0.03,-0.01
-1.17056e-03,0.05,0.05
-1.17048e-03,0.05,-0.01
-1.17040e-03,0.01,0.05
-1.17032e-03,0.05,-0.03
-1.17024e-03,0.01,0.05
-1.17016e-03,0.03,-0.03
-1.17008e-03,0.03,0.05
-1.17000e-03,0.01,-0.01
-1.16992e-03,0.03,0.07
-1.16984e-03,0.03,-0.01
-1.16976e-03,0.03,0.05
-1.16968e-03,0.03,-0.01
-1.16960e-03,0.05,0.05
-1.16952e-03,0.03,-0.01
-1.16944e-03,0.03,0.05
-1.16936e-03,0.03,-0.01
-1.16928e-03,0.01,0.05
-1.16920e-03,0.03,-0.01
-1.16912e-03,0.03,0.05
-1.16904e-03,0.03,-0.01
-1.16896e-03,0.03,0.05
-1.16888e-03,-0.01,-0.01
-1.16880e-03,-0.01,0.05
-1.16872e-03,0.01,-0.03
-1.16864e-03,0.03,0.07
-1.16856e-03,0.07,-0.03
-1.16848e-03,0.01,0.07
-1.16840e-03,0.03,-0.05
-1.16832e-03,0.03,0.13
-1.16824e-03,0.03,-0.03
-1.16816e-03,0.05,0.07
-1.16808e-03,0.01,-0.01
-1.16800e-03,0.03,0.05
-1.16792e-03,0.05,-0.01
-1.16784e-03,0.03,0.07
-1.16776e-03,0.05,-0.01
-1.16768e-03,0.03,0.05
-1.16760e-03,0.01,-0.01
-1.16752e-03,0.03,0.05
-1.16744e-03,0.03,-0.03
-1.16736e-03,0.03,0.05
-1.16728e-03,0.01,-0.01
-1.16720e-03,0.03,0.05
-1.16712e-03,0.01,-0.01
-1.16704e-03,0.05,0.05
-1.16696e-03,0.03,-0.01
-1.16688e-03,0.03,0.05
-1.16680e-03,0.03,-0.03
-1.16672e-03,0.03,0.05
-1.16664e-03,0.03,-0.01
-1.16656e-03,0.01,0.05
-1.16648e-03,0.05,-0.03
-1.16640e-03,0.01,0.05
-1.16632e-03,0.05,-0.01
-1.16624e-03,0.03,0.05
-1.16616e-03,0.03,-0.01
-1.16608e-03,0.03,0.05
-1.16600e-03,0.03,-0.01
-1.16592e-03,0.01,0.05
-1.16584e-03,0.03,-0.01
-1.16576e-03,0.03,0.05
-1.16568e-03,0.01,-0.01
-1.16560e-03,0.03,0.05
-1.16552e-03,0.03,-0.01
-1.16544e-03,0.03,0.05
-1.16536e-03,0.01,-0.01
-1.16528e-03,0.03,0.05
-1.16520e-03,0.03,-0.01
-1.16512e-03,0.03,0.05
-1.16504e-03,0.03,-0.01
-1.16496e-03,0.01,0.05
-1.16488e-03,0.03,-0.01
-1.16480e-03,0.03,0.05
-1.16472e-03,0.03,-0.03
-1.16464e-03,0.03,0.07
-1.16456e-03,0.03,-0.03
-1.16448e-03,0.03,0.05
-1.16440e-03,0.01,-0.01
-1.16432e-03,0.03,0.05
-1.16424e-03,0.01,-0.03
-1.16416e-03,0.05,0.05
-1.16408e-03,0.03,-0.01
-1.16400e-03,0.03,0.05
-1.16392e-03,0.05,-0.03
-1.16384e-03,0.03,0.05
-1.16376e-03,0.05,-0.03
-1.16368e-03,0.01,0.05
-1.16360e-03,0.03,-0.03
-1.16352e-03,0.01,0.05
-1.16344e-03,0.03,-0.01
-1.16336e-03,0.03,0.05
-1.16328e-03,0.03,-0.01
-1.16320e-03,0.03,0.05
-1.16312e-03,0.01,-0.03
-1.16304e-03,0.03,0.05
-1.16296e-03,0.03,-0.01
-1.16288e-03,0.03,0.05
-1.16280e-03,0.01,-0.03
-1.16272e-03,0.03,0.05
-1.16264e-03,0.03,-0.01
-1.16256e-03,0.03,0.05
-1.16248e-03,0.05,-0.01
-1.16240e-03,0.03,0.05
-1.16232e-03,0.03,-0.03
-1.16224e-03,0.01,0.05
-1.16216e-03,0.01,-0.03
-1.16208e-03,0.01,0.05
-1.16200e-03,0.01,-0.01
-1.16192e-03,0.03,0.05
-1.16184e-03,0.01,-0.03
-1.16176e-03,0.01,0.05
-1.16168e-03,0.01,-0.03
-1.16160e-03,0.03,0.05
-1.16152e-03,0.01,-0.01
-1.16144e-03,0.03,0.05
-1.16136e-03,0.03,-0.01
-1.16128e-03,0.05,0.05
-1.16120e-03,0.03,-0.03
-1.16112e-03,0.01,0.05
-1.16104e-03,0.01,-0.03
-1.16096e-03,0.01,0.07
-1.16088e-03,0.03,-0.03
-1.16080e-03,0.01,0.05
-1.16072e-03,0.01,-0.03
-1.16064e-03,0.01,0.05
-1.16056e-03,0.03,-0.03
-1.16048e-03,0.03,0.05
-1.16040e-03,0.01,-0.03
-1.16032e-03,0.03,0.05
-1.16024e-03,0.01,-0.01
-1.16016e-03,0.05,0.05
-1.16008e-03,0.03,-0.03
-1.16000e-03,0.03,0.05
-1.15992e-03,0.03,-0.01
-1.15984e-03,0.01,0.05
-1.15976e-03,0.01,-0.01
-1.15968e-03,0.03,0.05
-1.15960e-03,0.03,-0.01
-1.15952e-03,0.03,0.05
-1.15944e-03,0.05,-0.01
-1.15936e-03,0.03,0.05
-1.15928e-03,0.03,-0.01
-1.15920e-03,0.03,0.05
-1.15912e-03,0.03,-0.03
-1.15904e-03,0.05,0.05
-1.15896e-03,0.01,-0.03
-1.15888e-03,0.05,0.05
-1.15880e-03,0.03,-0.01
-1.15872e-03,0.01,0.05
-1.15864e-03,0.03,-0.01
-1.15856e-03,0.01,0.05
-1.15848e-03,0.03,-0.01
-1.15840e-03,0.03,0.05
-1.15832e-03,0.03,-0.03
-1.15824e-03,0.01,0.05
-1.15816e-03,0.03,-0.01
-1.15808e-03,0.03,0.05
-1.15800e-03,0.03,-0.01
-1.15792e-03,0.03,0.05
-1.15784e-03,0.03,-0.03
-1.15776e-03,0.03,0.05
-1.15768e-03,0.01,-0.01
-1.15760e-03,0.03,0.05
-1.15752e-03,0.03,-0.03
-1.15744e-03,0.03,0.05
-1.15736e-03,0.03,-0.03
-1.15728e-03,0.01,0.05
-1.15720e-03,0.03,-0.01
-1.15712e-03,0.03,0.05
-1.15704e-03,0.01,-0.01
-1.15696e-03,0.03,0.05
-1.15688e-03,0.03,-0.03
-1.15680e-03,0.03,0.07
-1.15672e-03,0.05,-0.03
-1.15664e-03,0.03,0.07
-1.15656e-03,0.03,-0.01
-1.15648e-03,0.03,0.05
-1.15640e-03,0.01,-0.01
-1.15632e-03,0.03,0.05
-1.15624e-03,0.03,-0.01
-1.15616e-03,0.05,0.05
-1.15608e-03,0.03,-0.03
-1.15600e-03,0.03,0.05
-1.15592e-03,0.03,-0.03
-1.15584e-03,0.03,0.05
-1.15576e-03,0.01,-0.03
-1.15568e-03,0.01,0.05
-1.15560e-03,0.03,-0.01
-1.15552e-03,-0.01,0.05
-1.15544e-03,0.03,-0.03
-1.15536e-03,0.03,0.05
-1.15528e-03,0.03,-0.03
-1.15520e-03,0.03,0.05
-1.15512e-03,0.01,-0.01
-1.15504e-03,0.05,0.05
-1.15496e-03,0.01,-0.01
-1.15488e-03,0.03,0.05
-1.15480e-03,0.03,-0.03
-1.15472e-03,0.03,0.05
-1.15464e-03,0.03,-0.03
-1.15456e-03,0.03,0.05
-1.15448e-03,0.03,-0.01
-1.15440e-03,0.01,0.05
-1.15432e-03,0.03,-0.03
-1.15424e-03,0.03,0.05
-1.15416e-03,0.01,-0.03
-1.15408e-03,0.01,0.05
-1.15400e-03,0.01,-0.05
-1.15392e-03,0.05,0.07
-1.15384e-03,0.03,-0.03
-1.15376e-03,0.03,0.07
-1.15368e-03,0.01,-0.03
-1.15360e-03,0.03,0.05
-1.15352e-03,0.03,-0.03
-1.15344e-03,0.03,0.05
-1.15336e-03,0.01,-0.03
-1.15328e-03,0.03,0.05
-1.15320e-03,0.01,-0.03
-1.15312e-03,0.03,0.07
-1.15304e-03,0.03,-0.01
-1.15296e-03,0.03,0.05
-1.15288e-03,0.05,-0.03
-1.15280e-03,0.01,0.05
-1.15272e-03,0.03,-0.01
-1.15264e-03,0.05,0.05
-1.15256e-03,0.03,-0.03
-1.15248e-03,0.03,0.05
-1.15240e-03,0.01,-0.01
-1.15232e-03,0.05,0.05
-1.15224e-03,0.01,-0.03
-1.15216e-03,0.03,0.05
-1.15208e-03,0.03,-0.01
-1.15200e-03,0.03,0.05
-1.15192e-03,0.03,-0.03
-1.15184e-03,0.01,0.05
-1.15176e-03,0.03,-0.01
-1.15168e-03,-0.01,0.05
-1.15160e-03,0.03,-0.03
-1.15152e-03,0.01,0.05
-1.15144e-03,0.03,-0.03
-1.15136e-03,0.03,0.05
-1.15128e-03,0.01,-0.03
-1.15120e-03,0.03,0.05
-1.15112e-03,0.03,-0.03
-1.15104e-03,0.03,0.05
-1.15096e-03,0.03,-0.01
-1.15088e-03,0.03,0.05
-1.15080e-03,0.01,-0.03
-1.15072e-03,0.03,0.05
-1.15064e-03,0.03,-0.03
-1.15056e-03,0.05,0.05
-1.15048e-03,0.03,-0.03
-1.15040e-03,0.01,0.05
-1.15032e-03,0.05,-0.03
-1.15024e-03,0.01,0.05
-1.15016e-03,0.05,-0.03
-1.15008e-03,0.03,0.05
-1.15000e-03,0.01,-0.01
-1.14992e-03,0.03,0.05
-1.14984e-03,0.03,-0.01
-1.14976e-03,0.03,0.05
-1.14968e-03,0.01,-0.01
-1.14960e-03,0.03,0.05
-1.14952e-03,0.01,-0.03
-1.14944e-03,0.03,0.05
-1.14936e-03,0.03,-0.03
-1.14928e-03,0.01,0.05
-1.14920e-03,0.03,-0.01
-1.14912e-03,0.01,0.05
-1.14904e-03,0.03,-0.03
-1.14896e-03,0.01,0.05
-1.14888e-03,0.03,-0.03
-1.14880e-03,0.01,0.05
-1.14872e-03,0.03,-0.01
-1.14864e-03,0.03,0.05
-1.14856e-03,0.03,-0.01
-1.14848e-03,0.01,0.05
-1.14840e-03,0.03,-0.03
-1.14832e-03,0.03,0.05
-1.14824e-03,0.01,-0.01
-1.14816e-03,0.03,0.05
-1.14808e-03,0.03,-0.03
-1.14800e-03,0.03,0.05
-1.14792e-03,0.01,-0.01
-1.14784e-03,0.03,0.05
-1.14776e-03,0.05,-0.03
-1.14768e-03,0.03,0.05
-1.14760e-03,0.01,-0.03
-1.14752e-03,0.01,0.05
-1.14744e-03,0.03,-0.01
-1.14736e-03,0.03,0.05
-1.14728e-03,0.03,-0.01
-1.14720e-03,0.03,0.05
-1.14712e-03,0.03,-0.01
-1.14704e-03,0.05,0.05
-1.14696e-03,0.01,-0.01
-1.14688e-03,0.05,0.07
-1.14680e-03,0.01,-0.01
-1.14672e-03,0.03,0.05
-1.14664e-03,0.03,-0.03
-1.14656e-03,0.03,0.05
-1.14648e-03,0.05,-0.03
-1.14640e-03,0.03,0.05
-1.14632e-03,0.01,-0.05
-1.14624e-03,-0.01,0.05
-1.14616e-03,0.03,-0.03
-1.14608e-03,0.01,0.07
-1.14600e-03,0.03,-0.01
-1.14592e-03,0.03,0.05
-1.14584e-03,0.01,-0.01
-1.14576e-03,0.03,0.07
-1.14568e-03,0.03,-0.01
-1.14560e-03,0.03,0.05
-1.14552e-03,0.03,-0.03
-1.14544e-03,0.03,0.05
-1.14536e-03,0.03,-0.01
-1.14528e-03,0.03,0.05
-1.14520e-03,0.01,-0.01
-1.14512e-03,0.03,0.05
-1.14504e-03,0.03,-0.01
-1.14496e-03,0.01,0.05
-1.14488e-03,0.03,-0.01
-1.14480e-03,0.01,0.05
-1.14472e-03,0.03,-0.01
-1.14464e-03,0.03,0.05
-1.14456e-03,0.03,-0.03
-1.14448e-03,0.03,0.05
-1.14440e-03,0.01,-0.03
-1.14432e-03,0.03,0.05
-1.14424e-03,0.03,-0.01
-1.14416e-03,0.03,0.05
-1.14408e-03,0.05,-0.01
-1.14400e-03,0.03,0.05
-1.14392e-03,0.03,-0.01
-1.14384e-03,0.01,0.05
-1.14376e-03,0.03,-0.01
-1.14368e-03,0.03,0.05
-1.14360e-03,0.03,-0.03
-1.14352e-03,0.01,0.05
-1.14344e-03,0.03,-0.01
-1.14336e-03,0.01,0.05
-1.14328e-03,0.03,-0.01
-1.14320e-03,0.03,0.05
-1.14312e-03,0.03,-0.01
-1.14304e-03,0.05,0.05
-1.14296e-03,-0.01,-0.01
-1.14288e-03,0.05,0.05
-1.14280e-03,0.03,-0.03
-1.14272e-03,0.03,0.05
-1.14264e-03,0.03,-0.01
-1.14256e-03,0.01,0.05
-1.14248e-03,0.03,-0.03
-1.14240e-03,0.01,0.05
-1.14232e-03,0.03,-0.03
-1.14224e-03,0.01,0.05
-1.14216e-03,0.03,-0.03
-1.14208e-03,0.01,0.05
-1.14200e-03,0.03,-0.01
-1.14192e-03,0.03,0.05
-1.14184e-03,0.01,-0.01
-1.14176e-03,0.05,0.05
-1.14168e-03,0.03,-0.03
-1.14160e-03,0.03,0.05
-1.14152e-03,0.03,-0.01
-1.14144e-03,0.03,0.05
-1.14136e-03,0.03,-0.03
-1.14128e-03,0.03,0.05
-1.14120e-03,0.03,-0.03
-1.14112e-03,0.03,0.05
-1.14104e-03,0.03,-0.01
-1.14096e-03,0.01,0.05
-1.14088e-03,0.03,-0.03
-1.14080e-03,0.05,0.05
-1.14072e-03,0.03,-0.01
-1.14064e-03,0.03,0.07
-1.14056e-03,0.03,-0.01
-1.14048e-03,0.03,0.05
-1.14040e-03,0.03,-0.01
-1.14032e-03,0.03,0.05
-1.14024e-03,0.01,-0.03
-1.14016e-03,0.05,0.07
-1.14008e-03,0.03,-0.01
-1.14000e-03,0.03,0.05
-1.13992e-03,0.03,-0.01
-1.13984e-03,0.03,0.05
-1.13976e-03,0.03,-0.01
-1.13968e-03,-0.01,0.05
-1.13960e-03,0.03,-0.01
-1.13952e-03,0.03,0.05
-1.13944e-03,0.03,-0.03
-1.13936e-03,-0.01,0.05
-1.13928e-03,0.01,-0.03
-1.13920e-03,0.03,0.05
-1.13912e-03,0.03,-0.03
-1.13904e-03,0.03,0.07
-1.13896e-03,0.03,-0.03
-1.13888e-03,0.01,0.07
-1.13880e-03,0.03,-0.01
-1.13872e-03,0.05,0.05
-1.13864e-03,0.03,-0.03
-1.13856e-03,0.03,0.05
-1.13848e-03,0.03,-0.01
-1.13840e-03,0.03,0.07
-1.13832e-03,0.03,-0.03
-1.13824e-03,0.01,0.05
-1.13816e-03,0.03,-0.01
-1.13808e-03,0.01,0.05
-1.13800e-03,0.01,-0.03
-1.13792e-03,0.03,0.05
-1.13784e-03,0.01,-0.01
-1.13776e-03,0.01,0.05
-1.13768e-03,0.01,-0.03
-1.13760e-03,0.03,0.05
-1.13752e-03,0.01,-0.03
-1.13744e-03,0.05,0.05
-1.13736e-03,0.03,-0.01
-1.13728e-03,0.03,0.05
-1.13720e-03,0.03,-0.03
-1.13712e-03,0.01,0.05
-1.13704e-03,0.05,-0.01
-1.13696e-03,0.01,0.05
-1.13688e-03,0.03,-0.03
-1.13680e-03,0.01,0.05
-1.13672e-03,0.03,-0.03
-1.13664e-03,0.03,0.05
-1.13656e-03,0.03,-0.01
-1.13648e-03,0.05,0.05
-1.13640e-03,0.01,-0.03
-1.13632e-03,0.03,0.05
-1.13624e-03,0.01,-0.03
-1.13616e-03,0.03,0.05
-1.13608e-03,0.03,-0.01
-1.13600e-03,0.03,0.05
-1.13592e-03,0.03,-0.01
-1.13584e-03,0.03,0.05
-1.13576e-03,0.03,-0.01
-1.13568e-03,0.03,0.05
-1.13560e-03,0.01,-0.01
-1.13552e-03,0.03,0.05
-1.13544e-03,0.03,-0.03
-1.13536e-03,0.03,0.05
-1.13528e-03,0.01,-0.01
-1.13520e-03,0.05,0.05
-1.13512e-03,0.01,-0.03
-1.13504e-03,0.03,0.05
-1.13496e-03,0.03,-0.01
-1.13488e-03,0.03,0.05
-1.13480e-03,0.03,-0.03
-1.13472e-03,0.03,0.05
-1.13464e-03,0.05,-0.01
-1.13456e-03,0.03,0.05
-1.13448e-03,0.05,-0.01
-1.13440e-03,0.01,0.05
-1.13432e-03,0.03,-0.03
-1.13424e-03,0.01,0.05
-1.13416e-03,0.03,-0.03
-1.13408e-03,0.01,0.05
-1.13400e-03,0.03,-0.01
-1.13392e-03,0.03,0.05
-1.13384e-03,0.03,-0.01
-1.13376e-03,0.03,0.05
-1.13368e-03,0.03,-0.03
-1.13360e-03,0.03,0.07
-1.13352e-03,0.03,-0.03
-1.13344e-03,0.03,0.05
-1.13336e-03,0.01,-0.01
-1.13328e-03,0.05,0.07
-1.13320e-03,0.03,-0.03
-1.13312e-03,0.03,0.05
-1.13304e-03,0.03,-0.03
-1.13296e-03,0.01,0.05
-1.13288e-03,0.03,-0.03
-1.13280e-03,0.01,0.05
-1.13272e-03,0.03,-0.01
-1.13264e-03,0.01,0.05
-1.13256e-03,0.03,-0.03
-1.13248e-03,0.03,0.05
-1.13240e-03,0.03,-0.03
-1.13232e-03,0.03,0.05
-1.13224e-03,0.03,-0.03
-1.13216e-03,0.03,0.05
-1.13208e-03,0.03,-0.01
-1.13200e-03,0.03,0.05
-1.13192e-03,0.01,-0.03
-1.13184e-03,0.03,0.03
-1.13176e-03,0.05,-0.03
-1.13168e-03,0.03,0.07
-1.13160e-03,0.05,-0.03
-1.13152e-03,0.01,0.05
-1.13144e-03,0.01,-0.03
-1.13136e-03,0.01,0.05
-1.13128e-03,0.03,-0.01
-1.13120e-03,0.01,0.05
-1.13112e-03,0.01,-0.03
-1.13104e-03,0.03,0.05
-1.13096e-03,0.01,-0.05
-1.13088e-03,0.01,0.05
-1.13080e-03,0.03,-0.03
-1.13072e-03,0.05,0.05
-1.13064e-03,0.03,-0.03
-1.13056e-03,0.01,0.07
-1.13048e-03,0.03,-0.03
-1.13040e-03,0.01,0.05
-1.13032e-03,0.03,-0.03
-1.13024e-03,0.01,0.05
-1.13016e-03,0.03,-0.01
-1.13008e-03,0.03,0.05
-1.13000e-03,0.01,-0.01
-1.12992e-03,0.03,0.05
-1.12984e-03,0.03,-0.01
-1.12976e-03,0.03,0.05
-1.12968e-03,0.03,-0.01
-1.12960e-03,0.03,0.05
-1.12952e-03,0.01,-0.01
-1.12944e-03,0.05,0.05
-1.12936e-03,0.03,-0.01
-1.12928e-03,0.03,0.05
-1.12920e-03,0.03,-0.03
-1.12912e-03,0.01,0.05
-1.12904e-03,0.03,-0.01
-1.12896e-03,0.01,0.05
-1.12888e-03,0.03,-0.01
-1.12880e-03,0.01,0.03
-1.12872e-03,0.01,-0.01
-1.12864e-03,0.03,0.05
-1.12856e-03,0.03,-0.03
-1.12848e-03,0.03,0.05
-1.12840e-03,0.01,-0.01
-1.12832e-03,0.03,0.05
-1.12824e-03,0.01,-0.03
-1.12816e-03,0.03,0.05
-1.12808e-03,0.03,-0.01
-1.12800e-03,0.03,0.05
-1.12792e-03,0.03,-0.03
-1.12784e-03,0.03,0.05
-1.12776e-03,0.03,-0.01
-1.12768e-03,0.01,0.05
-1.12760e-03,0.03,-0.01
-1.12752e-03,0.01,0.05
-1.12744e-03,0.03,-0.01
-1.12736e-03,0.03,0.05
-1.12728e-03,0.03,-0.01
-1.12720e-03,0.03,0.03
-1.12712e-03,0.03,-0.01
-1.12704e-03,0.03,0.05
-1.12696e-03,0.01,-0.01
-1.12688e-03,0.03,0.05
-1.12680e-03,0.03,-0.01
-1.12672e-03,0.03,0.05
-1.12664e-03,0.03,-0.01
-1.12656e-03,0.01,0.05
-1.12648e-03,0.03,-0.01
-1.12640e-03,0.01,0.05
-1.12632e-03,0.03,-0.03
-1.12624e-03,0.01,0.05
-1.12616e-03,0.01,-0.01
-1.12608e-03,0.03,0.07
-1.12600e-03,0.03,-0.01
-1.12592e-03,0.01,0.05
-1.12584e-03,0.03,-0.01
-1.12576e-03,0.03,0.05
-1.12568e-03,0.03,-0.01
-1.12560e-03,0.03,0.05
-1.12552e-03,0.01,-0.01
-1.12544e-03,0.05,0.07
-1.12536e-03,0.05,-0.03
-1.12528e-03,0.03,0.07
-1.12520e-03,0.01,-0.03
-1.12512e-03,-0.01,0.05
-1.12504e-03,0.05,-0.09
-1.12496e-03,0.03,0.07
-1.12488e-03,0.03,-0.03
-1.12480e-03,0.05,0.07
-1.12472e-03,0.05,-0.01
-1.12464e-03,-0.01,0.05
-1.12456e-03,0.01,-0.03
-1.12448e-03,-0.01,0.05
-1.12440e-03,0.03,-0.01
-1.12432e-03,0.03,0.05
-1.12424e-03,0.03,-0.05
-1.12416e-03,0.03,0.05
-1.12408e-03,0.03,-0.03
-1.12400e-03,0.03,0.05
-1.12392e-03,0.03,-0.03
-1.12384e-03,0.03,0.05
-1.12376e-03,0.01,-0.03
-1.12368e-03,0.01,0.05
-1.12360e-03,0.01,-0.01
-1.12352e-03,0.01,0.05
-1.12344e-03,0.03,-0.01
-1.12336e-03,0.01,0.03
-1.12328e-03,0.01,-0.01
-1.12320e-03,0.03,0.05
-1.12312e-03,0.03,-0.01
-1.12304e-03,0.03,0.05
-1.12296e-03,0.01,-0.01
-1.12288e-03,0.03,0.05
-1.12280e-03,0.03,-0.01
-1.12272e-03,0.01,0.05
-1.12264e-03,0.03,-0.03
-1.12256e-03,0.03,0.05
-1.12248e-03,0.03,-0.03
-1.12240e-03,0.01,0.05
-1.12232e-03,0.03,-0.03
-1.12224e-03,0.01,0.05
-1.12216e-03,0.01,-0.03
-1.12208e-03,0.01,0.05
-1.12200e-03,0.01,-0.03
-1.12192e-03,0.03,0.05
-1.12184e-03,0.03,-0.01
-1.12176e-03,0.03,0.05
-1.12168e-03,0.03,-0.01
-1.12160e-03,0.03,0.05
-1.12152e-03,0.03,-0.01
-1.12144e-03,0.03,0.05
-1.12136e-03,0.03,-0.01
-1.12128e-03,0.01,0.05
-1.12120e-03,0.03,-0.01
-1.12112e-03,0.01,0.03
-1.12104e-03,0.03,-0.01
-1.12096e-03,0.01,0.05
-1.12088e-03,0.03,-0.03
-1.12080e-03,0.01,0.05
-1.12072e-03,0.03,-0.01
-1.12064e-03,0.03,0.05
-1.12056e-03,0.03,-0.01
-1.12048e-03,0.03,0.05
-1.12040e-03,0.03,-0.01
-1.12032e-03,0.03,0.05
-1.12024e-03,0.01,-0.01
-1.12016e-03,0.03,0.05
-1.12008e-03,0.03,-0.01
-1.12000e-03,0.03,0.05
-1.11992e-03,0.03,-0.01
-1.11984e-03,0.03,0.05
-1.11976e-03,0.03,-0.01
-1.11968e-03,0.01,0.05
-1.11960e-03,0.05,-0.01
-1.11952e-03,0.03,0.05
-1.11944e-03,0.03,-0.03
-1.11936e-03,0.01,0.05
-1.11928e-03,0.03,-0.01
-1.11920e-03,0.03,0.05
-1.11912e-03,0.03,-0.01
-1.11904e-03,0.03,0.05
-1.11896e-03,0.01,-0.01
-1.11888e-03,0.03,0.05
-1.11880e-03,0.03,-0.01
-1.11872e-03,0.03,0.05
-1.11864e-03,0.05,-0.01
-1.11856e-03,0.01,0.05
-1.11848e-03,0.11,-0.03
-1.11840e-03,0.01,0.05
-1.11832e-03,0.03,-0.05
-1.11824e-03,0.03,0.13
-1.11816e-03,0.03,-0.03
-1.11808e-03,0.03,0.09
-1.11800e-03,0.03,-0.01
-1.11792e-03,0.03,0.07
-1.11784e-03,0.01,-0.03
-1.11776e-03,0.03,0.05
-1.11768e-03,0.03,-0.01
-1.11760e-03,0.03,0.05
-1.11752e-03,0.03,-0.01
-1.11744e-03,0.03,0.05
-1.11736e-03,0.03,-0.03
-1.11728e-03,0.03,0.05
-1.11720e-03,0.01,-0.03
-1.11712e-03,0.01,0.05
-1.11704e-03,0.03,-0.03
-1.11696e-03,0.01,0.05
-1.11688e-03,0.07,-0.03
-1.11680e-03,0.03,0.07
-1.11672e-03,0.03,-0.05
-1.11664e-03,0.03,0.07
-1.11656e-03,0.01,-0.03
-1.11648e-03,0.03,0.07
-1.11640e-03,0.01,-0.01
-1.11632e-03,0.05,0.05
-1.11624e-03,0.01,-0.01
-1.11616e-03,0.03,0.05
-1.11608e-03,0.01,-0.03
-1.11600e-03,0.03,0.05
-1.11592e-03,0.03,-0.01
-1.11584e-03,0.03,0.05
-1.11576e-03,0.03,-0.01
-1.11568e-03,0.01,0.05
-1.11560e-03,0.03,-0.01
-1.11552e-03,0.03,0.05
-1.11544e-03,0.03,-0.01
-1.11536e-03,0.01,0.05
-1.11528e-03,0.01,-0.03
-1.11520e-03,0.03,0.05
-1.11512e-03,0.01,-0.01
-1.11504e-03,0.03,0.05
-1.11496e-03,0.01,-0.01
-1.11488e-03,0.03,0.05
-1.11480e-03,0.01,-0.03
-1.11472e-03,0.03,0.05
-1.11464e-03,0.03,-0.01
-1.11456e-03,0.03,0.05
-1.11448e-03,0.03,-0.01
-1.11440e-03,0.03,0.05
-1.11432e-03,0.05,-0.01
-1.11424e-03,0.01,0.05
-1.11416e-03,0.03,-0.03
-1.11408e-03,0.01,0.05
-1.11400e-03,0.03,-0.01
-1.11392e-03,0.03,0.05
-1.11384e-03,0.03,-0.01
-1.11376e-03,0.03,0.05
-1.11368e-03,0.01,-0.01
-1.11360e-03,0.05,0.05
-1.11352e-03,0.03,-0.01
-1.11344e-03,0.03,0.05
-1.11336e-03,0.03,-0.01
-1.11328e-03,0.03,0.05
-1.11320e-03,0.05,-0.01
-1.11312e-03,0.03,0.05
-1.11304e-03,0.03,-0.01
-1.11296e-03,0.01,0.05
-1.11288e-03,0.03,-0.01
-1.11280e-03,0.03,0.05
-1.11272e-03,0.01,-0.01
-1.11264e-03,0.03,0.05
-1.11256e-03,0.03,-0.01
-1.11248e-03,0.03,0.05
-1.11240e-03,0.01,-0.01
-1.11232e-03,0.03,0.05
-1.11224e-03,0.03,-0.01
-1.11216e-03,0.03,0.05
-1.11208e-03,0.03,-0.01
-1.11200e-03,0.03,0.05
-1.11192e-03,0.03,-0.01
-1.11184e-03,0.01,0.05
-1.11176e-03,0.03,-0.01
-1.11168e-03,0.03,0.05
-1.11160e-03,0.05,-0.03
-1.11152e-03,0.03,0.05
-1.11144e-03,0.03,-0.03
-1.11136e-03,0.03,0.05
-1.11128e-03,0.01,-0.01
-1.11120e-03,0.03,0.05
-1.11112e-03,0.01,-0.01
-1.11104e-03,0.03,0.05
-1.11096e-03,0.03,-0.01
-1.11088e-03,0.03,0.05
-1.11080e-03,0.03,-0.01
-1.11072e-03,0.03,0.05
-1.11064e-03,0.03,-0.01
-1.11056e-03,0.05,0.05
-1.11048e-03,0.05,-0.03
-1.11040e-03,0.01,0.07
-1.11032e-03,0.03,-0.03
-1.11024e-03,0.03,0.07
-1.11016e-03,0.05,-0.03
-1.11008e-03,0.03,0.07
-1.11000e-03,0.03,-0.03
-1.10992e-03,0.03,0.07
-1.10984e-03,0.01,-0.03
-1.10976e-03,0.01,0.07
-1.10968e-03,0.01,-0.01
-1.10960e-03,0.03,0.07
-1.10952e-03,0.03,-0.03
-1.10944e-03,0.03,0.07
-1.10936e-03,0.03,-0.01
-1.10928e-03,0.03,0.05
-1.10920e-03,0.03,-0.03
-1.10912e-03,0.01,0.07
-1.10904e-03,0.03,-0.03
-1.10896e-03,0.01,0.05
-1.10888e-03,0.05,-0.03
-1.10880e-03,0.01,0.05
-1.10872e-03,0.03,-0.01
-1.10864e-03,0.03,0.05
-1.10856e-03,0.01,-0.01
-1.10848e-03,0.03,0.05
-1.10840e-03,0.03,-0.01
-1.10832e-03,0.03,0.05
-1.10824e-03,0.03,-0.01
-1.10816e-03,0.01,0.05
-1.10808e-03,0.03,-0.01
-1.10800e-03,0.03,0.05
-1.10792e-03,0.03,-0.03
-1.10784e-03,0.03,0.05
-1.10776e-03,0.05,-0.01
-1.10768e-03,0.01,0.05
-1.10760e-03,0.03,-0.03
-1.10752e-03,0.01,0.05
-1.10744e-03,0.03,-0.01
-1.10736e-03,0.01,0.05
-1.10728e-03,0.03,-0.01
-1.10720e-03,0.03,0.05
-1.10712e-03,0.01,-0.01
-1.10704e-03,0.03,0.05
-1.10696e-03,0.01,-0.01
-1.10688e-03,0.05,0.05
-1.10680e-03,0.01,-0.03
-1.10672e-03,0.05,0.05
-1.10664e-03,0.03,-0.03
-1.10656e-03,0.05,0.05
-1.10648e-03,0.03,-0.03
-1.10640e-03,0.03,0.07
-1.10632e-03,0.05,-0.03
-1.10624e-03,0.01,0.05
-1.10616e-03,0.03,-0.03
-1.10608e-03,0.01,0.05
-1.10600e-03,0.03,-0.01
-1.10592e-03,0.05,0.05
-1.10584e-03,0.03,-0.03
-1.10576e-03,0.03,0.05
-1.10568e-03,0.01,-0.03
-1.10560e-03,0.03,0.05
-1.10552e-03,0.03,-0.03
-1.10544e-03,0.05,0.05
-1.10536e-03,0.03,-0.01
-1.10528e-03,0.03,0.05
-1.10520e-03,0.03,-0.01
-1.10512e-03,0.01,0.05
-1.10504e-03,0.03,-0.01
-1.10496e-03,0.03,0.05
-1.10488e-03,0.03,-0.01
-1.10480e-03,0.03,0.05
-1.10472e-03,0.01,-0.01
-1.10464e-03,0.03,0.05
-1.10456e-03,0.01,-0.05
-1.10448e-03,0.03,0.07
-1.10440e-03,0.03,-0.03
-1.10432e-03,0.03,0.07
-1.10424e-03,0.03,-0.03
-1.10416e-03,0.03,0.05
-1.10408e-03,0.03,-0.01
-1.10400e-03,0.01,0.05
-1.10392e-03,0.05,-0.03
-1.10384e-03,0.01,0.05
-1.10376e-03,0.03,-0.03
-1.10368e-03,0.03,0.05
-1.10360e-03,0.03,-0.03
-1.10352e-03,0.03,0.05
-1.10344e-03,0.05,-0.01
-1.10336e-03,0.03,0.05
-1.10328e-03,-0.01,-0.03
-1.10320e-03,0.03,0.05
-1.10312e-03,0.01,-0.03
-1.10304e-03,0.05,0.05
-1.10296e-03,0.01,-0.03
-1.10288e-03,0.05,0.05
-1.10280e-03,0.01,-0.01
-1.10272e-03,0.03,0.05
-1.10264e-03,0.03,-0.03
-1.10256e-03,0.03,0.07
-1.10248e-03,0.05,-0.01
-1.10240e-03,0.03,0.07
-1.10232e-03,0.03,-0.03
-1.10224e-03,0.01,0.07
-1.10216e-03,0.03,-0.03
-1.10208e-03,0.03,0.05
-1.10200e-03,0.03,-0.03
-1.10192e-03,0.03,0.07
-1.10184e-03,0.03,-0.01
-1.10176e-03,0.03,0.05
-1.10168e-03,-0.01,-0.03
-1.10160e-03,0.03,0.05
-1.10152e-03,0.03,-0.03
-1.10144e-03,0.03,0.05
-1.10136e-03,0.01,-0.01
-1.10128e-03,0.01,0.05
-1.10120e-03,0.05,-0.03
-1.10112e-03,0.01,0.05
-1.10104e-03,0.03,-0.03
-1.10096e-03,0.01,0.05
-1.10088e-03,0.03,-0.03
-1.10080e-03,0.01,0.05
-1.10072e-03,0.03,-0.03
-1.10064e-03,0.01,0.05
-1.10056e-03,0.01,-0.03
-1.10048e-03,0.05,0.05
-1.10040e-03,0.01,-0.01
-1.10032e-03,0.03,0.05
-1.10024e-03,0.01,-0.03
-1.10016e-03,0.05,0.05
-1.10008e-03,0.01,-0.03
-1.10000e-03,0.03,0.05
-1.09992e-03,0.03,-0.01
-1.09984e-03,0.03,0.05
-1.09976e-03,0.03,-0.01
-1.09968e-03,0.01,0.05
-1.09960e-03,0.03,-0.03
-1.09952e-03,0.01,0.05
-1.09944e-03,0.03,-0.01
-1.09936e-03,0.01,0.05
-1.09928e-03,0.03,-0.03
-1.09920e-03,0.03,0.05
-1.09912e-03,0.03,-0.01
-1.09904e-03,0.05,0.05
-1.09896e-03,0.01,-0.01
-1.09888e-03,0.03,0.05
-1.09880e-03,0.03,-0.03
-1.09872e-03,0.03,0.05
-1.09864e-03,0.03,-0.01
-1.09856e-03,0.03,0.05
-1.09848e-03,0.03,-0.01
-1.09840e-03,0.03,0.05
-1.09832e-03,0.03,-0.01
-1.09824e-03,0.03,0.05
-1.09816e-03,0.03,-0.03
-1.09808e-03,0.03,0.05
-1.09800e-03,0.01,-0.01
-1.09792e-03,0.03,0.05
-1.09784e-03,0.01,-0.03
-1.09776e-03,0.03,0.05
-1.09768e-03,0.01,-0.01
-1.09760e-03,0.05,0.05
-1.09752e-03,0.03,-0.03
-1.09744e-03,0.03,0.05
-1.09736e-03,0.03,-0.01
-1.09728e-03,0.03,0.05
-1.09720e-03,0.03,-0.01
-1.09712e-03,0.03,0.05
-1.09704e-03,0.03,-0.01
-1.09696e-03,0.03,0.05
-1.09688e-03,0.05,-0.03
-1.09680e-03,0.01,0.05
-1.09672e-03,0.03,-0.01
-1.09664e-03,0.03,0.05
-1.09656e-03,0.01,-0.01
-1.09648e-03,0.03,0.05
-1.09640e-03,0.01,-0.01
-1.09632e-03,0.03,0.05
-1.09624e-03,0.01,-0.01
-1.09616e-03,0.03,0.07
-1.09608e-03,0.03,-0.03
-1.09600e-03,0.03,0.05
-1.09592e-03,0.03,-0.03
-1.09584e-03,0.03,0.05
-1.09576e-03,0.03,-0.01
-1.09568e-03,0.01,0.05
-1.09560e-03,0.03,-0.03
-1.09552e-03,0.01,0.05
-1.09544e-03,0.03,-0.03
-1.09536e-03,0.03,0.05
-1.09528e-03,0.03,-0.03
-1.09520e-03,0.07,0.07
-1.09512e-03,0.03,-0.05
-1.09504e-03,0.03,0.07
-1.09496e-03,0.01,-0.05
-1.09488e-03,0.05,0.07
-1.09480e-03,0.03,-0.03
-1.09472e-03,0.03,0.07
-1.09464e-03,0.01,-0.03
-1.09456e-03,0.05,0.07
-1.09448e-03,0.03,-0.01
-1.09440e-03,0.03,0.05
-1.09432e-03,0.03,-0.01
-1.09424e-03,0.01,0.05
-1.09416e-03,0.03,-0.01
-1.09408e-03,0.01,0.05
-1.09400e-03,0.03,-0.03
-1.09392e-03,0.03,0.05
-1.09384e-03,0.01,-0.03
-1.09376e-03,0.05,0.05
-1.09368e-03,0.03,-0.03
-1.09360e-03,0.03,0.05
-1.09352e-03,0.03,-0.03
-1.09344e-03,0.03,0.05
-1.09336e-03,0.03,-0.01
-1.09328e-03,0.03,0.05
-1.09320e-03,0.03,-0.03
-1.09312e-03,0.03,0.03
-1.09304e-03,0.03,-0.03
-1.09296e-03,0.01,0.03
-1.09288e-03,0.03,-0.01
-1.09280e-03,0.03,0.05
-1.09272e-03,0.03,-0.03
-1.09264e-03,0.03,0.05
-1.09256e-03,0.01,-0.01
-1.09248e-03,0.03,0.05
-1.09240e-03,0.01,-0.03
-1.09232e-03,0.03,0.05
-1.09224e-03,0.03,-0.01
-1.09216e-03,0.05,0.05
-1.09208e-03,0.03,-0.01
-1.09200e-03,0.03,0.05
-1.09192e-03,0.03,-0.03
-1.09184e-03,0.03,0.05
-1.09176e-03,0.05,-0.03
-1.09168e-03,0.01,0.05
-1.09160e-03,0.05,-0.01
-1.09152e-03,0.03,0.05
-1.09144e-03,0.03,-0.03
-1.09136e-03,0.03,0.05
-1.09128e-03,0.01,-0.03
-1.09120e-03,0.03,0.05
-1.09112e-03,-0.01,-0.01
-1.09104e-03,0.01,0.03
-1.09096e-03,0.01,-0.03
-1.09088e-03,0.03,0.05
-1.09080e-03,0.03,-0.01
-1.09072e-03,0.01,0.05
-1.09064e-03,0.03,-0.01
-1.09056e-03,0.03,0.05
-1.09048e-03,0.03,-0.03
-1.09040e-03,0.01,0.05
-1.09032e-03,0.05,-0.03
-1.09024e-03,0.01,0.05
-1.09016e-03,0.03,-0.01
-1.09008e-03,0.03,0.05
-1.09000e-03,0.03,-0.03
-1.08992e-03,0.03,0.05
-1.08984e-03,0.03,-0.01
-1.08976e-03,0.03,0.05
-1.08968e-03,0.03,-0.01
-1.08960e-03,0.03,0.05
-1.08952e-03,0.01,-0.01
-1.08944e-03,0.03,0.05
-1.08936e-03,0.03,-0.01
-1.08928e-03,0.03,0.05
-1.08920e-03,0.03,-0.01
-1.08912e-03,0.03,0.05
-1.08904e-03,0.05,-0.01
-1.08896e-03,0.01,0.05
-1.08888e-03,0.03,-0.01
-1.08880e-03,0.03,0.05
-1.08872e-03,0.01,-0.01
-1.08864e-03,0.03,0.05
-1.08856e-03,0.01,-0.03
-1.08848e-03,0.03,0.05
-1.08840e-03,0.01,-0.01
-1.08832e-03,0.05,0.05
-1.08824e-03,0.01,-0.01
-1.08816e-03,0.05,0.07
-1.08808e-03,0.01,-0.01
-1.08800e-03,0.03,0.05
-1.08792e-03,0.03,-0.03
-1.08784e-03,0.03,0.05
-1.08776e-03,0.05,-0.01
-1.08768e-03,0.03,0.05
-1.08760e-03,0.05,-0.05
-1.08752e-03,0.01,0.05
-1.08744e-03,0.03,-0.03
-1.08736e-03,0.03,0.05
-1.08728e-03,0.01,-0.03
-1.08720e-03,0.03,0.05
-1.08712e-03,-0.01,-0.01
-1.08704e-03,0.03,0.05
-1.08696e-03,0.03,-0.03
-1.08688e-03,0.03,0.05
-1.08680e-03,0.01,-0.01
-1.08672e-03,0.01,0.05
-1.08664e-03,0.03,-0.03
-1.08656e-03,0.01,0.05
-1.08648e-03,0.03,-0.03
-1.08640e-03,0.01,0.05
-1.08632e-03,0.05,-0.01
-1.08624e-03,0.03,0.05
-1.08616e-03,0.03,-0.03
-1.08608e-03,0.01,0.05
-1.08600e-03,0.03,-0.01
-1.08592e-03,0.03,0.05
-1.08584e-03,0.01,-0.03
-1.08576e-03,0.03,0.05
-1.08568e-03,0.01,-0.03
-1.08560e-03,0.05,0.05
-1.08552e-03,0.01,-0.03
-1.08544e-03,0.03,0.05
-1.08536e-03,0.03,-0.03
-1.08528e-03,0.03,0.05
-1.08520e-03,0.03,-0.01
-1.08512e-03,0.03,0.05
-1.08504e-03,0.03,-0.01
-1.08496e-03,0.01,0.05
-1.08488e-03,0.03,-0.03
-1.08480e-03,0.01,0.05
-1.08472e-03,0.03,-0.03
-1.08464e-03,0.03,0.05
-1.08456e-03,0.01,-0.03
-1.08448e-03,0.03,0.05
-1.08440e-03,0.01,-0.01
-1.08432e-03,0.03,0.05
-1.08424e-03,0.03,-0.03
-1.08416e-03,0.01,0.05
-1.08408e-03,0.01,-0.03
-1.08400e-03,0.01,0.05
-1.08392e-03,0.03,-0.03
-1.08384e-03,0.03,0.05
-1.08376e-03,0.03,-0.01
-1.08368e-03,0.03,0.05
-1.08360e-03,0.03,-0.01
-1.08352e-03,0.01,0.05
-1.08344e-03,0.03,-0.03
-1.08336e-03,0.03,0.05
-1.08328e-03,0.03,-0.01
-1.08320e-03,0.03,0.05
-1.08312e-03,0.03,-0.01
-1.08304e-03,0.05,0.05
-1.08296e-03,0.01,-0.01
-1.08288e-03,0.03,0.05
-1.08280e-03,0.01,-0.01
-1.08272e-03,0.01,0.05
-1.08264e-03,0.05,-0.01
-1.08256e-03,0.03,0.05
-1.08248e-03,0.03,-0.01
-1.08240e-03,0.03,0.05
-1.08232e-03,0.03,-0.01
-1.08224e-03,0.01,0.05
-1.08216e-03,0.05,-0.01
-1.08208e-03,0.03,0.05
-1.08200e-03,0.03,-0.01
-1.08192e-03,0.03,0.05
-1.08184e-03,0.01,-0.01
-1.08176e-03,0.05,0.05
-1.08168e-03,-0.01,-0.01
-1.08160e-03,0.03,0.05
-1.08152e-03,0.01,-0.01
-1.08144e-03,0.03,0.05
-1.08136e-03,0.03,-0.01
-1.08128e-03,0.01,0.05
-1.08120e-03,0.03,-0.03
-1.08112e-03,0.05,0.05
-1.08104e-03,0.03,-0.01
-1.08096e-03,0.03,0.05
-1.08088e-03,0.03,-0.01
-1.08080e-03,0.01,0.05
-1.08072e-03,0.03,-0.03
-1.08064e-03,0.01,0.05
-1.08056e-03,0.03,-0.03
-1.08048e-03,0.03,0.05
-1.08040e-03,0.01,-0.03
-1.08032e-03,0.05,0.07
-1.08024e-03,0.03,-0.03
-1.08016e-03,0.05,0.07
-1.08008e-03,0.03,-0.03
-1.08000e-03,0.03,0.05
-1.07992e-03,0.01,-0.03
-1.07984e-03,0.03,0.07
-1.07976e-03,0.05,-0.01
-1.07968e-03,0.01,0.05
-1.07960e-03,0.03,-0.03
-1.07952e-03,0.01,0.07
-1.07944e-03,0.03,-0.01
-1.07936e-03,0.03,0.05
-1.07928e-03,0.03,-0.01
-1.07920e-03,0.03,0.05
-1.07912e-03,0.01,-0.01
-1.07904e-03,0.03,0.05
-1.07896e-03,0.01,-0.03
-1.07888e-03,0.03,0.05
-1.07880e-03,0.03,-0.01
-1.07872e-03,0.03,0.05
-1.07864e-03,0.03,-0.01
-1.07856e-03,0.05,0.05
-1.07848e-03,0.03,-0.03
-1.07840e-03,0.01,0.05
-1.07832e-03,0.03,-0.05
-1.07824e-03,0.01,0.07
-1.07816e-03,0.05,-0.03
-1.07808e-03,0.01,0.05
-1.07800e-03,0.03,-0.01
-1.07792e-03,0.03,0.05
-1.07784e-03,0.03,-0.01
-1.07776e-03,0.03,0.05
-1.07768e-03,0.01,-0.03
-1.07760e-03,0.03,0.05
-1.07752e-03,0.03,-0.03
-1.07744e-03,0.03,0.05
-1.07736e-03,0.03,-0.01
-1.07728e-03,0.03,0.05
-1.07720e-03,0.03,-0.01
-1.07712e-03,0.03,0.05
-1.07704e-03,0.03,-0.03
-1.07696e-03,0.03,0.05
-1.07688e-03,0.05,-0.03
-1.07680e-03,0.03,0.05
-1.07672e-03,0.03,-0.03
-1.07664e-03,0.01,0.05
-1.07656e-03,0.03,-0.01
-1.07648e-03,0.03,0.05
-1.07640e-03,0.01,-0.01
-1.07632e-03,0.03,0.05
-1.07624e-03,0.01,-0.03
-1.07616e-03,0.03,0.05
-1.07608e-03,0.03,-0.03
-1.07600e-03,0.03,0.05
-1.07592e-03,0.03,-0.03
-1.07584e-03,0.03,0.05
-1.07576e-03,0.05,-0.03
-1.07568e-03,0.03,0.05
-1.07560e-03,0.05,-0.03
-1.07552e-03,0.01,0.05
-1.07544e-03,0.03,-0.03
-1.07536e-03,0.01,0.05
-1.07528e-03,0.03,-0.01
-1.07520e-03,-0.01,0.07
-1.07512e-03,0.05,-0.05
-1.07504e-03,0.01,0.05
-1.07496e-03,0.03,-0.07
-1.07488e-03,0.01,0.07
-1.07480e-03,0.01,-0.03
-1.07472e-03,0.03,0.05
-1.07464e-03,0.03,-0.03
-1.07456e-03,0.03,0.05
-1.07448e-03,0.03,-0.01
-1.07440e-03,0.01,0.05
-1.07432e-03,0.05,-0.03
-1.07424e-03,0.01,0.05
-1.07416e-03,0.03,-0.01
-1.07408e-03,0.03,0.05
-1.07400e-03,0.03,-0.01
-1.07392e-03,0.01,0.05
-1.07384e-03,0.03,-0.01
-1.07376e-03,0.03,0.05
-1.07368e-03,0.03,-0.01
-1.07360e-03,0.03,0.05
-1.07352e-03,0.03,-0.01
-1.07344e-03,0.03,0.05
-1.07336e-03,0.03,-0.03
-1.07328e-03,0.01,0.05
-1.07320e-03,0.03,-0.01
-1.07312e-03,0.01,0.05
-1.07304e-03,0.01,-0.03
-1.07296e-03,0.03,0.05
-1.07288e-03,0.05,-0.03
-1.07280e-03,0.05,0.07
-1.07272e-03,0.03,-0.03
-1.07264e-03,0.03,0.05
-1.07256e-03,0.03,-0.03
-1.07248e-03,0.03,0.05
-1.07240e-03,0.01,-0.01
-1.07232e-03,0.03,0.05
-1.07224e-03,0.03,-0.03
-1.07216e-03,0.01,0.05
-1.07208e-03,0.05,-0.03
-1.07200e-03,0.01,0.05
-1.07192e-03,0.05,-0.01
-1.07184e-03,0.03,0.05
-1.07176e-03,0.03,-0.03
-1.07168e-03,0.01,0.05
-1.07160e-03,0.05,-0.03
-1.07152e-03,0.01,0.05
-1.07144e-03,0.03,-0.03
-1.07136e-03,0.03,0.05
-1.07128e-03,0.03,-0.03
-1.07120e-03,0.05,0.05
-1.07112e-03,0.03,-0.01
-1.07104e-03,0.03,0.05
-1.07096e-03,0.03,-0.03
-1.07088e-03,0.03,0.05
-1.07080e-03,0.03,-0.03
-1.07072e-03,0.01,0.05
-1.07064e-03,0.03,-0.01
-1.07056e-03,0.03,0.05
-1.07048e-03,0.05,-0.01
-1.07040e-03,0.01,0.05
-1.07032e-03,0.03,-0.01
-1.07024e-03,0.03,0.05
-1.07016e-03,0.03,-0.01
-1.07008e-03,0.01,0.05
-1.07000e-03,0.03,-0.01
-1.06992e-03,0.03,0.05
-1.06984e-03,0.01,-0.01
-1.06976e-03,0.03,0.05
-1.06968e-03,0.01,-0.01
-1.06960e-03,0.03,0.05
-1.06952e-03,0.03,-0.01
-1.06944e-03,0.01,0.05
-1.06936e-03,0.03,-0.01
-1.06928e-03,0.03,0.05
-1.06920e-03,0.05,-0.01
-1.06912e-03,0.03,0.05
-1.06904e-03,0.05,-0.03
-1.06896e-03,0.03,0.05
-1.06888e-03,0.05,-0.03
-1.06880e-03,0.03,0.05
-1.06872e-03,0.01,-0.01
-1.06864e-03,0.03,0.05
-1.06856e-03,0.03,-0.01
-1.06848e-03,0.03,0.05
-1.06840e-03,0.03,-0.03
-1.06832e-03,0.07,0.05
-1.06824e-03,0.01,-0.07
-1.06816e-03,0.03,0.13
-1.06808e-03,0.03,-0.01
-1.06800e-03,0.03,0.07
-1.06792e-03,0.03,-0.01
-1.06784e-03,0.03,0.05
-1.06776e-03,0.03,-0.03
-1.06768e-03,0.01,0.05
-1.06760e-03,0.05,-0.03
-1.06752e-03,0.01,0.05
-1.06744e-03,0.03,-0.03
-1.06736e-03,0.03,0.05
-1.06728e-03,0.03,-0.01
-1.06720e-03,0.03,0.05
-1.06712e-03,0.01,-0.03
-1.06704e-03,0.03,0.05
-1.06696e-03,0.01,-0.01
-1.06688e-03,0.05,0.05
-1.06680e-03,0.01,-0.01
-1.06672e-03,0.03,0.05
-1.06664e-03,0.03,-0.01
-1.06656e-03,0.01,0.05
-1.06648e-03,0.03,-0.03
-1.06640e-03,0.01,0.05
-1.06632e-03,0.01,-0.03
-1.06624e-03,0.01,0.05
-1.06616e-03,0.03,-0.01
-1.06608e-03,0.03,0.05
-1.06600e-03,0.03,-0.01
-1.06592e-03,0.05,0.05
-1.06584e-03,-0.01,-0.03
-1.06576e-03,0.01,0.05
-1.06568e-03,-0.01,-0.03
-1.06560e-03,0.05,0.07
-1.06552e-03,0.03,-0.03
-1.06544e-03,0.05,0.07
-1.06536e-03,0.01,-0.03
-1.06528e-03,0.01,0.05
-1.06520e-03,0.05,-0.01
-1.06512e-03,0.01,0.05
-1.06504e-03,0.03,-0.03
-1.06496e-03,0.03,0.05
-1.06488e-03,0.03,-0.03
-1.06480e-03,0.03,0.05
-1.06472e-03,0.03,-0.01
-1.06464e-03,0.03,0.05
-1.06456e-03,0.01,-0.03
-1.06448e-03,0.03,0.05
-1.06440e-03,0.01,-0.03
-1.06432e-03,0.03,0.05
-1.06424e-03,0.01,-0.03
-1.06416e-03,0.03,0.05
-1.06408e-03,0.03,-0.01
-1.06400e-03,0.03,0.07
-1.06392e-03,0.03,-0.01
-1.06384e-03,0.01,0.05
-1.06376e-03,0.03,-0.01
-1.06368e-03,0.01,0.05
-1.06360e-03,0.03,-0.01
-1.06352e-03,0.01,0.05
-1.06344e-03,0.01,-0.01
-1.06336e-03,0.03,0.05
-1.06328e-03,0.03,-0.03
-1.06320e-03,0.03,0.05
-1.06312e-03,0.03,-0.03
-1.06304e-03,0.05,0.05
-1.06296e-03,0.01,-0.03
-1.06288e-03,0.03,0.05
-1.06280e-03,0.01,-0.01
-1.06272e-03,0.03,0.05
-1.06264e-03,0.03,-0.01
-1.06256e-03,0.01,0.05
-1.06248e-03,0.03,-0.01
-1.06240e-03,0.01,0.05
-1.06232e-03,0.03,-0.01
-1.06224e-03,0.03,0.05
-1.06216e-03,0.03,-0.01
-1.06208e-03,0.03,0.05
-1.06200e-03,0.05,-0.01
-1.06192e-03,0.03,0.05
-1.06184e-03,0.01,-0.03
-1.06176e-03,0.05,0.05
-1.06168e-03,0.03,-0.01
-1.06160e-03,0.05,0.05
-1.06152e-03,0.01,-0.03
-1.06144e-03,0.03,0.05
-1.06136e-03,0.03,-0.01
-1.06128e-03,0.01,0.05
-1.06120e-03,0.03,-0.01
-1.06112e-03,0.01,0.05
-1.06104e-03,0.03,-0.03
-1.06096e-03,0.03,0.05
-1.06088e-03,0.05,-0.03
-1.06080e-03,0.03,0.05
-1.06072e-03,0.03,-0.03
-1.06064e-03,0.03,0.05
-1.06056e-03,0.01,-0.03
-1.06048e-03,0.05,0.05
-1.06040e-03,0.01,-0.03
-1.06032e-03,0.03,0.05
-1.06024e-03,0.01,-0.01
-1.06016e-03,0.03,0.05
-1.06008e-03,0.01,-0.03
-1.06000e-03,0.01,0.05
-1.05992e-03,0.03,-0.01
-1.05984e-03,0.01,0.05
-1.05976e-03,0.03,-0.01
-1.05968e-03,0.01,0.05
-1.05960e-03,0.03,-0.01
-1.05952e-03,0.01,0.05
-1.05944e-03,0.03,-0.03
-1.05936e-03,0.03,0.05
-1.05928e-03,0.01,-0.03
-1.05920e-03,0.03,0.05
-1.05912e-03,0.03,-0.01
-1.05904e-03,0.05,0.05
-1.05896e-03,-0.01,-0.01
-1.05888e-03,0.03,0.05
-1.05880e-03,0.01,-0.03
-1.05872e-03,0.03,0.05
-1.05864e-03,0.03,-0.03
-1.05856e-03,0.01,0.05
-1.05848e-03,0.03,-0.03
-1.05840e-03,0.01,0.05
-1.05832e-03,0.03,-0.03
-1.05824e-03,0.01,0.05
-1.05816e-03,0.01,-0.03
-1.05808e-03,0.01,0.07
-1.05800e-03,0.03,-0.03
-1.05792e-03,0.03,0.07
-1.05784e-03,0.03,-0.03
-1.05776e-03,0.01,0.05
-1.05768e-03,0.03,-0.03
-1.05760e-03,0.03,0.05
-1.05752e-03,0.03,-0.01
-1.05744e-03,0.01,0.05
-1.05736e-03,0.03,-0.03
-1.05728e-03,0.01,0.05
-1.05720e-03,0.03,-0.03
-1.05712e-03,0.03,0.07
-1.05704e-03,0.03,-0.01
-1.05696e-03,0.01,0.05
-1.05688e-03,0.01,-0.01
-1.05680e-03,0.03,0.05
-1.05672e-03,0.01,-0.03
-1.05664e-03,0.03,0.05
-1.05656e-03,0.01,-0.01
-1.05648e-03,0.03,0.05
-1.05640e-03,0.03,-0.01
-1.05632e-03,0.05,0.05
-1.05624e-03,0.01,-0.03
-1.05616e-03,0.03,0.05
-1.05608e-03,0.03,-0.03
-1.05600e-03,0.03,0.05
-1.05592e-03,0.03,-0.03
-1.05584e-03,0.01,0.05
-1.05576e-03,0.01,-0.03
-1.05568e-03,0.03,0.05
-1.05560e-03,0.03,-0.03
-1.05552e-03,0.03,0.05
-1.05544e-03,0.01,-0.03
-1.05536e-03,0.03,0.05
-1.05528e-03,0.01,-0.01
-1.05520e-03,0.05,0.05
-1.05512e-03,0.01,-0.03
-1.05504e-03,0.03,0.05
-1.05496e-03,0.01,-0.03
-1.05488e-03,0.03,0.05
-1.05480e-03,0.01,-0.03
-1.05472e-03,0.03,0.05
-1.05464e-03,0.01,-0.03
-1.05456e-03,0.01,0.05
-1.05448e-03,0.01,-0.03
-1.05440e-03,0.03,0.05
-1.05432e-03,0.03,-0.01
-1.05424e-03,0.03,0.05
-1.05416e-03,0.03,-0.03
-1.05408e-03,0.03,0.05
-1.05400e-03,0.03,-0.03
-1.05392e-03,0.03,0.05
-1.05384e-03,0.01,-0.03
-1.05376e-03,0.03,0.05
-1.05368e-03,0.01,-0.03
-1.05360e-03,0.03,0.05
-1.05352e-03,0.03,-0.01
-1.05344e-03,0.03,0.03
-1.05336e-03,0.03,-0.01
-1.05328e-03,0.01,0.05
-1.05320e-03,0.03,-0.03
-1.05312e-03,0.03,0.05
-1.05304e-03,0.03,-0.01
-1.05296e-03,0.01,0.05
-1.05288e-03,0.05,-0.01
-1.05280e-03,0.01,0.05
-1.05272e-03,0.03,-0.01
-1.05264e-03,0.03,0.05
-1.05256e-03,0.01,-0.03
-1.05248e-03,0.03,0.05
-1.05240e-03,0.01,-0.03
-1.05232e-03,0.03,0.03
-1.05224e-03,0.01,-0.05
-1.05216e-03,0.05,0.07
-1.05208e-03,0.03,-0.03
-1.05200e-03,0.03,0.05
-1.05192e-03,0.03,-0.01
-1.05184e-03,0.01,0.05
-1.05176e-03,0.05,-0.03
-1.05168e-03,0.03,0.05
-1.05160e-03,0.03,-0.01
-1.05152e-03,0.01,0.05
-1.05144e-03,0.03,-0.03
-1.05136e-03,0.03,0.05
-1.05128e-03,0.01,-0.03
-1.05120e-03,0.07,0.05
-1.05112e-03,0.03,-0.03
-1.05104e-03,0.05,0.07
-1.05096e-03,0.01,-0.03
-1.05088e-03,0.03,0.07
-1.05080e-03,0.03,-0.03
-1.05072e-03,0.03,0.07
-1.05064e-03,0.01,-0.03
-1.05056e-03,0.03,0.05
-1.05048e-03,0.05,-0.01
-1.05040e-03,0.01,0.05
-1.05032e-03,0.03,-0.03
-1.05024e-03,0.01,0.07
-1.05016e-03,0.03,-0.01
-1.05008e-03,0.03,0.05
-1.05000e-03,0.01,-0.03
-1.04992e-03,0.03,0.05
-1.04984e-03,0.03,-0.01
-1.04976e-03,0.05,0.05
-1.04968e-03,0.03,-0.01
-1.04960e-03,0.03,0.05
-1.04952e-03,0.03,-0.03
-1.04944e-03,0.03,0.05
-1.04936e-03,0.03,-0.01
-1.04928e-03,0.01,0.05
-1.04920e-03,0.03,-0.01
-1.04912e-03,-0.01,0.05
-1.04904e-03,0.03,-0.01
-1.04896e-03,0.01,0.05
-1.04888e-03,0.01,-0.01
-1.04880e-03,0.03,0.05
-1.04872e-03,0.01,-0.03
-1.04864e-03,0.03,0.05
-1.04856e-03,0.01,-0.03
-1.04848e-03,0.03,0.05
-1.04840e-03,0.01,-0.03
-1.04832e-03,0.03,0.05
-1.04824e-03,0.03,-0.03
-1.04816e-03,0.03,0.05
-1.04808e-03,0.01,-0.01
-1.04800e-03,0.03,0.05
-1.04792e-03,0.03,-0.01
-1.04784e-03,0.01,0.05
-1.04776e-03,0.03,-0.03
-1.04768e-03,0.01,0.05
-1.04760e-03,0.03,-0.01
-1.04752e-03,0.03,0.05
-1.04744e-03,0.03,-0.03
-1.04736e-03,0.03,0.05
-1.04728e-03,0.01,-0.03
-1.04720e-03,0.03,0.05
-1.04712e-03,0.03,-0.01
-1.04704e-03,0.03,0.05
-1.04696e-03,0.03,-0.01
-1.04688e-03,0.03,0.05
-1.04680e-03,0.03,-0.01
-1.04672e-03,0.03,0.05
-1.04664e-03,0.03,-0.01
-1.04656e-03,0.03,0.05
-1.04648e-03,0.03,-0.01
-1.04640e-03,0.01,0.05
-1.04632e-03,0.05,-0.01
-1.04624e-03,0.01,0.05
-1.04616e-03,0.05,-0.03
-1.04608e-03,0.03,0.05
-1.04600e-03,0.01,-0.01
-1.04592e-03,0.03,0.05
-1.04584e-03,0.03,-0.01
-1.04576e-03,0.03,0.05
-1.04568e-03,0.01,-0.03
-1.04560e-03,0.05,0.05
-1.04552e-03,0.01,-0.01
-1.04544e-03,0.03,0.05
-1.04536e-03,0.03,-0.01
-1.04528e-03,0.01,0.05
-1.04520e-03,0.03,-0.01
-1.04512e-03,0.01,0.05
-1.04504e-03,0.03,-0.01
-1.04496e-03,0.01,0.05
-1.04488e-03,0.05,-0.01
-1.04480e-03,0.01,0.05
-1.04472e-03,0.03,-0.01
-1.04464e-03,0.03,0.05
-1.04456e-03,0.03,-0.01
-1.04448e-03,0.03,0.05
-1.04440e-03,0.01,-0.01
-1.04432e-03,0.05,0.05
-1.04424e-03,0.03,-0.03
-1.04416e-03,0.03,0.05
-1.04408e-03,0.03,-0.03
-1.04400e-03,0.03,0.05
-1.04392e-03,0.03,-0.01
-1.04384e-03,-0.01,0.05
-1.04376e-03,0.01,-0.03
-1.04368e-03,-0.01,0.05
-1.04360e-03,0.05,-0.03
-1.04352e-03,0.03,0.05
-1.04344e-03,0.03,-0.05
-1.04336e-03,0.03,0.05
-1.04328e-03,0.03,-0.03
-1.04320e-03,0.03,0.07
-1.04312e-03,0.01,-0.01
-1.04304e-03,0.03,0.05
-1.04296e-03,0.03,-0.01
-1.04288e-03,0.05,0.05
-1.04280e-03,0.01,-0.01
-1.04272e-03,0.03,0.05
-1.04264e-03,0.03,-0.01
-1.04256e-03,0.03,0.05
-1.04248e-03,0.03,-0.03
-1.04240e-03,0.03,0.05
-1.04232e-03,0.03,-0.03
-1.04224e-03,0.03,0.05
-1.04216e-03,0.03,-0.01
-1.04208e-03,0.03,0.05
-1.04200e-03,0.01,-0.03
-1.04192e-03,0.03,0.05
-1.04184e-03,0.01,-0.03
-1.04176e-03,0.03,0.05
-1.04168e-03,0.01,-0.03
-1.04160e-03,0.03,0.05
-1.04152e-03,0.01,-0.03
-1.04144e-03,0.03,0.05
-1.04136e-03,0.01,-0.01
-1.04128e-03,0.03,0.05
-1.04120e-03,0.03,-0.01
-1.04112e-03,0.01,0.05
-1.04104e-03,0.03,-0.01
-1.04096e-03,0.01,0.05
-1.04088e-03,0.05,-0.03
-1.04080e-03,0.01,0.05
-1.04072e-03,0.03,-0.01
-1.04064e-03,0.03,0.05
-1.04056e-03,0.03,-0.03
-1.04048e-03,0.05,0.05
-1.04040e-03,0.03,-0.03
-1.04032e-03,0.05,0.05
-1.04024e-03,0.01,-0.01
-1.04016e-03,0.03,0.05
-1.04008e-03,0.03,-0.03
-1.04000e-03,0.01,0.05
-1.03992e-03,0.03,-0.01
-1.03984e-03,0.03,0.05
-1.03976e-03,0.03,-0.01
-1.03968e-03,0.03,0.05
-1.03960e-03,0.05,-0.03
-1.03952e-03,0.03,0.03
-1.03944e-03,0.03,-0.03
-1.03936e-03,0.05,0.05
-1.03928e-03,0.03,-0.03
-1.03920e-03,0.03,0.05
-1.03912e-03,0.01,-0.03
-1.03904e-03,0.03,0.05
-1.03896e-03,0.01,-0.01
-1.03888e-03,0.03,0.05
-1.03880e-03,0.03,-0.01
-1.03872e-03,0.01,0.05
-1.03864e-03,0.03,-0.03
-1.03856e-03,0.01,0.05
-1.03848e-03,0.03,-0.03
-1.03840e-03,0.03,0.05
-1.03832e-03,0.05,-0.01
-1.03824e-03,0.01,0.05
-1.03816e-03,0.03,-0.01
-1.03808e-03,0.03,0.05
-1.03800e-03,0.01,-0.01
-1.03792e-03,0.03,0.05
-1.03784e-03,0.03,-0.01
-1.03776e-03,0.03,0.07
-1.03768e-03,0.03,-0.01
-1.03760e-03,0.03,0.05
-1.03752e-03,0.03,-0.01
-1.03744e-03,0.03,0.05
-1.03736e-03,0.03,-0.03
-1.03728e-03,0.01,0.05
-1.03720e-03,0.03,-0.03
-1.03712e-03,0.03,0.05
-1.03704e-03,0.03,-0.01
-1.03696e-03,0.01,0.03
-1.03688e-03,0.01,-0.01
-1.03680e-03,0.01,0.05
-1.03672e-03,0.03,-0.03
-1.03664e-03,0.03,0.05
-1.03656e-03,-0.01,-0.03
-1.03648e-03,0.03,0.05
-1.03640e-03,0.01,-0.03
-1.03632e-03,0.03,0.05
-1.03624e-03,0.03,-0.03
-1.03616e-03,0.03,0.05
-1.03608e-03,0.03,-0.03
-1.03600e-03,0.03,0.07
-1.03592e-03,0.05,-0.01
-1.03584e-03,0.03,0.05
-1.03576e-03,0.03,-0.03
-1.03568e-03,0.01,0.05
-1.03560e-03,0.03,-0.03
-1.03552e-03,0.03,0.05
-1.03544e-03,0.03,-0.01
-1.03536e-03,0.03,0.05
-1.03528e-03,0.03,-0.03
-1.03520e-03,0.03,0.05
-1.03512e-03,0.01,-0.03
-1.03504e-03,0.03,0.05
-1.03496e-03,0.01,-0.03
-1.03488e-03,0.03,0.05
-1.03480e-03,0.03,-0.03
-1.03472e-03,0.01,0.05
-1.03464e-03,0.01,-0.01
-1.03456e-03,0.01,0.05
-1.03448e-03,0.03,-0.01
-1.03440e-03,0.01,0.05
-1.03432e-03,0.05,-0.03
-1.03424e-03,0.03,0.05
-1.03416e-03,0.03,-0.03
-1.03408e-03,0.01,0.05
-1.03400e-03,0.03,-0.01
-1.03392e-03,0.03,0.05
-1.03384e-03,0.03,-0.01
-1.03376e-03,0.03,0.05
-1.03368e-03,0.01,-0.01
-1.03360e-03,0.03,0.05
-1.03352e-03,0.03,-0.01
-1.03344e-03,0.03,0.05
-1.03336e-03,0.03,-0.01
-1.03328e-03,0.03,0.05
-1.03320e-03,0.05,-0.01
-1.03312e-03,0.01,0.07
-1.03304e-03,0.05,-0.01
-1.03296e-03,0.01,0.05
-1.03288e-03,0.03,-0.01
-1.03280e-03,0.03,0.05
-1.03272e-03,0.03,-0.01
-1.03264e-03,0.03,0.05
-1.03256e-03,0.01,-0.01
-1.03248e-03,0.05,0.05
-1.03240e-03,0.03,-0.03
-1.03232e-03,0.03,0.05
-1.03224e-03,0.03,-0.01
-1.03216e-03,0.03,0.05
-1.03208e-03,0.03,-0.01
-1.03200e-03,0.01,0.05
-1.03192e-03,0.03,-0.01
-1.03184e-03,0.03,0.05
-1.03176e-03,0.03,-0.03
-1.03168e-03,0.01,0.05
-1.03160e-03,0.03,-0.01
-1.03152e-03,0.01,0.05
-1.03144e-03,0.03,-0.03
-1.03136e-03,0.03,0.05
-1.03128e-03,0.03,-0.01
-1.03120e-03,0.03,0.05
-1.03112e-03,0.03,-0.01
-1.03104e-03,0.03,0.05
-1.03096e-03,0.03,-0.03
-1.03088e-03,0.03,0.05
-1.03080e-03,0.03,-0.01
-1.03072e-03,0.03,0.05
-1.03064e-03,0.03,-0.01
-1.03056e-03,0.01,0.05
-1.03048e-03,0.03,-0.01
-1.03040e-03,0.01,0.05
-1.03032e-03,0.03,-0.01
-1.03024e-03,0.01,0.05
-1.03016e-03,0.03,-0.01
-1.03008e-03,0.03,0.05
-1.03000e-03,0.03,-0.03
-1.02992e-03,0.03,0.03
-1.02984e-03,0.01,-0.01
-1.02976e-03,0.03,0.05
-1.02968e-03,0.01,-0.01
-1.02960e-03,0.03,0.05
-1.02952e-03,0.03,-0.01
-1.02944e-03,0.03,0.05
-1.02936e-03,0.01,-0.03
-1.02928e-03,0.01,0.05
-1.02920e-03,0.03,-0.01
-1.02912e-03,0.01,0.05
-1.02904e-03,0.05,-0.01
-1.02896e-03,0.01,0.05
-1.02888e-03,0.03,-0.03
-1.02880e-03,-0.01,0.05
-1.02872e-03,0.01,-0.03
-1.02864e-03,0.03,0.05
-1.02856e-03,0.01,-0.03
-1.02848e-03,0.03,0.07
-1.02840e-03,0.01,-0.03
-1.02832e-03,0.03,0.05
-1.02824e-03,0.01,-0.03
-1.02816e-03,0.03,0.05
-1.02808e-03,0.03,-0.03
-1.02800e-03,0.03,0.05
-1.02792e-03,0.05,-0.01
-1.02784e-03,0.03,0.05
-1.02776e-03,0.05,-0.01
-1.02768e-03,0.01,0.05
-1.02760e-03,0.03,-0.03
-1.02752e-03,0.03,0.05
-1.02744e-03,0.03,-0.03
-1.02736e-03,0.03,0.05
-1.02728e-03,0.01,-0.03
-1.02720e-03,0.03,0.05
-1.02712e-03,0.01,-0.01
-1.02704e-03,0.03,0.05
-1.02696e-03,0.01,-0.03
-1.02688e-03,0.03,0.05
-1.02680e-03,0.01,-0.01
-1.02672e-03,0.03,0.05
-1.02664e-03,0.03,-0.01
-1.02656e-03,0.01,0.05
-1.02648e-03,0.03,-0.01
-1.02640e-03,0.01,0.05
-1.02632e-03,0.03,-0.01
-1.02624e-03,0.05,0.05
-1.02616e-03,0.03,-0.01
-1.02608e-03,0.03,0.05
-1.02600e-03,-0.01,-0.05
-1.02592e-03,0.03,0.07
-1.02584e-03,0.01,-0.03
-1.02576e-03,0.05,0.05
-1.02568e-03,0.01,-0.03
-1.02560e-03,0.03,0.05
-1.02552e-03,0.01,-0.03
-1.02544e-03,0.05,0.05
-1.02536e-03,0.01,-0.01
-1.02528e-03,0.03,0.05
-1.02520e-03,0.05,-0.03
-1.02512e-03,-0.01,0.05
-1.02504e-03,0.03,-0.05
-1.02496e-03,0.01,0.05
-1.02488e-03,0.01,-0.07
-1.02480e-03,0.01,0.07
-1.02472e-03,0.01,-0.03
-1.02464e-03,0.03,0.05
-1.02456e-03,0.03,-0.01
-1.02448e-03,0.05,0.03
-1.02440e-03,0.01,-0.03
-1.02432e-03,0.03,0.05
-1.02424e-03,0.01,-0.03
-1.02416e-03,0.03,0.03
-1.02408e-03,0.03,-0.01
-1.02400e-03,0.03,0.05
-1.02392e-03,0.03,-0.01
-1.02384e-03,0.03,0.05
-1.02376e-03,0.05,-0.01
-1.02368e-03,0.03,0.05
-1.02360e-03,0.03,-0.03
-1.02352e-03,0.01,0.05
-1.02344e-03,0.03,-0.01
-1.02336e-03,0.01,0.05
-1.02328e-03,0.01,-0.01
-1.02320e-03,0.03,0.05
-1.02312e-03,0.01,-0.01
-1.02304e-03,0.03,0.05
-1.02296e-03,0.03,-0.01
-1.02288e-03,0.03,0.05
-1.02280e-03,0.01,-0.01
-1.02272e-03,0.03,0.03
-1.02264e-03,0.05,-0.03
-1.02256e-03,0.03,0.05
-1.02248e-03,0.03,-0.03
-1.02240e-03,0.01,0.05
-1.02232e-03,0.01,-0.01
-1.02224e-03,0.03,0.05
-1.02216e-03,0.03,-0.01
-1.02208e-03,0.01,0.05
-1.02200e-03,0.01,-0.01
-1.02192e-03,0.03,0.05
-1.02184e-03,0.03,-0.03
-1.02176e-03,0.03,0.05
-1.02168e-03,0.03,-0.03
-1.02160e-03,0.01,0.05
-1.02152e-03,0.03,-0.01
-1.02144e-03,0.03,0.05
-1.02136e-03,0.03,-0.03
-1.02128e-03,0.03,0.05
-1.02120e-03,0.03,-0.01
-1.02112e-03,0.01,0.05
-1.02104e-03,0.03,-0.01
-1.02096e-03,0.01,0.05
-1.02088e-03,0.03,-0.03
-1.02080e-03,0.03,0.05
-1.02072e-03,0.03,-0.01
-1.02064e-03,0.05,0.05
-1.02056e-03,0.01,-0.01
-1.02048e-03,0.03,0.05
-1.02040e-03,0.03,-0.01
-1.02032e-03,0.03,0.05
-1.02024e-03,0.01,-0.01
-1.02016e-03,0.03,0.05
-1.02008e-03,0.03,-0.01
-1.02000e-03,0.03,0.05
-1.01992e-03,0.03,-0.01
-1.01984e-03,0.03,0.05
-1.01976e-03,0.03,-0.01
-1.01968e-03,0.03,0.05
-1.01960e-03,0.03,-0.01
-1.01952e-03,0.03,0.05
-1.01944e-03,0.03,-0.01
-1.01936e-03,0.01,0.05
-1.01928e-03,0.01,-0.01
-1.01920e-03,0.01,0.05
-1.01912e-03,0.01,-0.01
-1.01904e-03,0.05,0.05
-1.01896e-03,0.03,-0.01
-1.01888e-03,0.03,0.05
-1.01880e-03,0.03,-0.01
-1.01872e-03,0.03,0.05
-1.01864e-03,0.05,-0.01
-1.01856e-03,0.03,0.05
-1.01848e-03,0.03,-0.03
-1.01840e-03,0.03,0.05
-1.01832e-03,0.01,-0.01
-1.01824e-03,0.05,0.05
-1.01816e-03,0.03,-0.05
-1.01808e-03,0.03,0.11
-1.01800e-03,0.03,-0.03
-1.01792e-03,0.03,0.05
-1.01784e-03,0.03,-0.01
-1.01776e-03,0.05,0.05
-1.01768e-03,0.01,-0.01
-1.01760e-03,0.03,0.05
-1.01752e-03,0.03,-0.01
-1.01744e-03,0.03,0.05
-1.01736e-03,0.03,-0.01
-1.01728e-03,0.03,0.05
-1.01720e-03,0.03,-0.03
-1.01712e-03,0.01,0.05
-1.01704e-03,0.03,-0.03
-1.01696e-03,0.03,0.05
-1.01688e-03,0.03,-0.01
-1.01680e-03,0.03,0.05
-1.01672e-03,0.03,-0.03
-1.01664e-03,0.03,0.05
-1.01656e-03,0.01,-0.01
-1.01648e-03,0.03,0.05
-1.01640e-03,0.01,-0.01
-1.01632e-03,0.03,0.05
-1.01624e-03,0.01,-0.01
-1.01616e-03,0.03,0.05
-1.01608e-03,0.03,-0.01
-1.01600e-03,0.01,0.05
-1.01592e-03,0.05,-0.03
-1.01584e-03,0.01,0.05
-1.01576e-03,0.03,-0.01
-1.01568e-03,0.03,0.05
-1.01560e-03,0.03,-0.03
-1.01552e-03,0.03,0.05
-1.01544e-03,0.03,-0.01
-1.01536e-03,0.03,0.05
-1.01528e-03,0.03,-0.03
-1.01520e-03,0.03,0.05
-1.01512e-03,0.01,-0.01
-1.01504e-03,0.03,0.05
-1.01496e-03,0.01,-0.03
-1.01488e-03,0.03,0.05
-1.01480e-03,0.03,-0.03
-1.01472e-03,0.03,0.05
-1.01464e-03,0.03,-0.01
-1.01456e-03,0.01,0.05
-1.01448e-03,0.01,-0.03
-1.01440e-03,-0.01,0.05
-1.01432e-03,0.01,-0.03
-1.01424e-03,0.01,0.05
-1.01416e-03,0.05,-0.03
-1.01408e-03,0.03,0.07
-1.01400e-03,0.03,-0.03
-1.01392e-03,0.03,0.05
-1.01384e-03,0.01,-0.03
-1.01376e-03,0.03,0.05
-1.01368e-03,0.03,-0.03
-1.01360e-03,0.03,0.05
-1.01352e-03,0.01,-0.03
-1.01344e-03,0.03,0.05
-1.01336e-03,0.03,-0.03
-1.01328e-03,0.03,0.05
-1.01320e-03,0.03,-0.03
-1.01312e-03,0.03,0.05
-1.01304e-03,0.03,-0.03
-1.01296e-03,0.01,0.05
-1.01288e-03,0.01,-0.01
-1.01280e-03,0.03,0.05
-1.01272e-03,0.05,-0.01
-1.01264e-03,0.03,0.05
-1.01256e-03,0.03,-0.03
-1.01248e-03,0.03,0.05
-1.01240e-03,-0.01,-0.01
-1.01232e-03,0.01,0.05
-1.01224e-03,0.01,-0.03
-1.01216e-03,0.03,0.05
-1.01208e-03,0.03,-0.03
-1.01200e-03,0.01,0.05
-1.01192e-03,0.03,-0.01
-1.01184e-03,0.03,0.05
-1.01176e-03,0.03,-0.01
-1.01168e-03,0.01,0.05
-1.01160e-03,0.05,-0.01
-1.01152e-03,0.03,0.05
-1.01144e-03,0.03,-0.01
-1.01136e-03,0.03,0.05
-1.01128e-03,0.01,-0.01
-1.01120e-03,0.03,0.05
-1.01112e-03,0.01,-0.01
-1.01104e-03,0.03,0.05
-1.01096e-03,0.03,-0.01
-1.01088e-03,0.01,0.05
-1.01080e-03,0.03,-0.03
-1.01072e-03,0.01,0.05
-1.01064e-03,0.05,-0.01
-1.01056e-03,0.03,0.05
-1.01048e-03,0.05,-0.03
-1.01040e-03,0.03,0.05
-1.01032e-03,0.03,-0.01
-1.01024e-03,0.03,0.05
-1.01016e-03,0.03,-0.01
-1.01008e-03,0.01,0.05
-1.01000e-03,0.03,-0.03
-1.00992e-03,0.03,0.05
-1.00984e-03,0.01,-0.01
-1.00976e-03,0.03,0.05
-1.00968e-03,0.01,-0.01
-1.00960e-03,0.03,0.05
-1.00952e-03,0.03,-0.03
-1.00944e-03,0.01,0.05
-1.00936e-03,0.03,-0.01
-1.00928e-03,0.03,0.05
-1.00920e-03,0.03,-0.03
-1.00912e-03,0.03,0.05
-1.00904e-03,0.03,-0.03
-1.00896e-03,0.03,0.05
-1.00888e-03,0.03,-0.03
-1.00880e-03,0.03,0.05
-1.00872e-03,0.01,-0.03
-1.00864e-03,0.03,0.05
-1.00856e-03,0.01,-0.01
-1.00848e-03,0.03,0.05
-1.00840e-03,0.03,-0.01
-1.00832e-03,0.03,0.05
-1.00824e-03,0.01,-0.03
-1.00816e-03,0.01,0.07
-1.00808e-03,0.03,-0.03
-1.00800e-03,0.03,0.05
-1.00792e-03,0.03,-0.03
-1.00784e-03,0.01,0.05
-1.00776e-03,0.03,-0.01
-1.00768e-03,0.01,0.05
-1.00760e-03,0.03,-0.03
-1.00752e-03,0.01,0.05
-1.00744e-03,0.03,-0.01
-1.00736e-03,0.03,0.05
-1.00728e-03,0.03,-0.03
-1.00720e-03,0.01,0.05
-1.00712e-03,-0.01,-0.03
-1.00704e-03,0.03,0.05
-1.00696e-03,0.03,-0.03
-1.00688e-03,0.05,0.07
-1.00680e-03,0.01,-0.03
-1.00672e-03,0.03,0.05
-1.00664e-03,0.01,-0.03
-1.00656e-03,0.03,0.05
-1.00648e-03,0.03,-0.01
-1.00640e-03,0.01,0.05
-1.00632e-03,0.05,-0.03
-1.00624e-03,0.01,0.05
-1.00616e-03,0.05,-0.01
-1.00608e-03,0.03,0.05
-1.00600e-03,0.03,-0.03
-1.00592e-03,0.03,0.05
-1.00584e-03,0.01,-0.03
-1.00576e-03,0.03,0.05
-1.00568e-03,0.03,-0.03
-1.00560e-03,0.03,0.05
-1.00552e-03,0.01,-0.03
-1.00544e-03,0.03,0.05
-1.00536e-03,0.01,-0.01
-1.00528e-03,0.03,0.05
-1.00520e-03,0.05,-0.03
-1.00512e-03,0.01,0.05
-1.00504e-03,0.05,-0.03
-1.00496e-03,0.03,0.05
-1.00488e-03,0.03,-0.03
-1.00480e-03,0.01,0.05
-1.00472e-03,0.03,-0.01
-1.00464e-03,0.03,0.05
-1.00456e-03,0.03,-0.03
-1.00448e-03,0.05,0.05
-1.00440e-03,0.01,-0.03
-1.00432e-03,0.03,0.05
-1.00424e-03,0.01,-0.03
-1.00416e-03,0.03,0.05
-1.00408e-03,0.03,-0.03
-1.00400e-03,0.01,0.05
-1.00392e-03,0.01,-0.03
-1.00384e-03,-0.01,0.05
-1.00376e-03,0.03,-0.03
-1.00368e-03,0.01,0.05
-1.00360e-03,0.03,-0.03
-1.00352e-03,0.03,0.05
-1.00344e-03,0.03,-0.01
-1.00336e-03,0.03,0.05
-1.00328e-03,0.01,-0.01
-1.00320e-03,0.05,0.05
-1.00312e-03,0.03,-0.03
-1.00304e-03,0.03,0.05
-1.00296e-03,0.01,-0.01
-1.00288e-03,0.05,0.05
-1.00280e-03,0.01,-0.01
-1.00272e-03,0.03,0.05
-1.00264e-03,0.03,-0.01
-1.00256e-03,0.01,0.05
-1.00248e-03,0.05,-0.03
-1.00240e-03,0.01,0.05
-1.00232e-03,0.05,-0.01
-1.00224e-03,0.01,0.05
-1.00216e-03,0.03,-0.03
-1.00208e-03,0.05,0.05
-1.00200e-03,0.03,-0.01
-1.00192e-03,0.01,0.05
-1.00184e-03,0.01,-0.01
-1.00176e-03,0.03,0.05
-1.00168e-03,0.03,-0.03
-1.00160e-03,0.03,0.05
-1.00152e-03,0.01,-0.03
-1.00144e-03,0.03,0.05
-1.00136e-03,0.05,-0.03
-1.00128e-03,0.01,0.05
-1.00120e-03,0.05,-0.01
-1.00112e-03,0.01,0.05
-1.00104e-03,0.03,-0.03
-1.00096e-03,0.03,0.05
-1.00088e-03,0.03,-0.01
-1.00080e-03,0.03,0.05
-1.00072e-03,0.01,-0.03
-1.00064e-03,0.05,0.05
-1.00056e-03,0.01,-0.01
-1.00048e-03,0.03,0.05
-1.00040e-03,0.03,-0.01
-1.00032e-03,0.03,0.05
-1.00024e-03,0.01,-0.01
-1.00016e-03,0.03,0.05
-1.00008e-03,0.03,-0.03
-1.00000e-03,0.01,0.05
-9.99920e-04,0.03,-0.03
-9.99840e-04,0.01,0.07
-9.99760e-04,0.03,-0.03
-9.99680e-04,0.05,0.05
-9.99600e-04,0.05,-0.05
-9.99520e-04,0.03,0.07
-9.99440e-04,0.05,-0.03
-9.99360e-04,0.03,0.07
-9.99280e-04,0.03,-0.03
-9.99200e-04,0.03,0.07
-9.99120e-04,0.03,-0.03
-9.99040e-04,0.03,0.07
-9.98960e-04,0.01,-0.01
-9.98880e-04,0.03,0.05
-9.98800e-04,0.01,-0.03
-9.98720e-04,0.03,0.05
-9.98640e-04,0.01,-0.01
-9.98560e-04,0.01,0.05
-9.98480e-04,0.05,-0.03
-9.98400e-04,-0.01,0.05
-9.98320e-04,0.03,-0.03
-9.98240e-04,0.01,0.05
-9.98160e-04,0.03,-0.03
-9.98080e-04,0.03,0.05
-9.98000e-04,0.03,-0.01
-9.97920e-04,0.03,0.05
-9.97840e-04,0.03,-0.01
-9.97760e-04,0.03,0.05
-9.97680e-04,0.01,-0.01
-9.97600e-04,0.03,0.05
-9.97520e-04,0.01,-0.01
-9.97440e-04,0.01,0.05
-9.97360e-04,0.03,-0.01
-9.97280e-04,0.01,0.05
-9.97200e-04,0.03,-0.01
-9.97120e-04,-0.01,0.05
-9.97040e-04,0.03,-0.01
-9.96960e-04,0.01,0.05
-9.96880e-04,0.01,-0.03
-9.96800e-04,0.03,0.05
-9.96720e-04,0.03,-0.03
-9.96640e-04,0.03,0.05
-9.96560e-04,0.01,-0.03
-9.96480e-04,0.05,0.05
-9.96400e-04,0.01,-0.01
-9.96320e-04,0.03,0.05
-9.96240e-04,0.01,-0.03
-9.96160e-04,0.03,0.05
-9.96080e-04,0.03,-0.03
-9.96000e-04,0.01,0.05
-9.95920e-04,0.03,-0.03
-9.95840e-04,0.01,0.05
-9.95760e-04,0.03,-0.01
-9.95680e-04,0.03,0.05
-9.95600e-04,0.03,-0.03
-9.95520e-04,0.01,0.05
-9.95440e-04,0.03,-0.03
-9.95360e-04,0.03,0.05
-9.95280e-04,0.03,-0.03
-9.95200e-04,0.03,0.05
-9.95120e-04,0.01,-0.03
-9.95040e-04,0.05,0.05
-9.94960e-04,0.01,-0.03
-9.94880e-04,0.03,0.05
-9.94800e-04,0.01,-0.01
-9.94720e-04,0.05,0.05
-9.94640e-04,0.03,-0.01
-9.94560e-04,0.03,0.05
-9.94480e-04,0.03,-0.03
-9.94400e-04,0.03,0.05
-9.94320e-04,0.03,-0.01
-9.94240e-04,0.03,0.05
-9.94160e-04,0.05,-0.01
-9.94080e-04,0.03,0.05
-9.94000e-04,0.03,-0.01
-9.93920e-04,0.03,0.07
-9.93840e-04,0.03,-0.01
-9.93760e-04,0.05,0.05
-9.93680e-04,0.03,-0.01
-9.93600e-04,0.05,0.05
-9.93520e-04,0.03,-0.01
-9.93440e-04,0.01,0.05
-9.93360e-04,0.01,-0.01
-9.93280e-04,0.03,0.07
-9.93200e-04,0.03,-0.01
-9.93120e-04,0.03,0.05
-9.93040e-04,0.03,-0.01
-9.92960e-04,0.03,0.05
-9.92880e-04,0.03,-0.01
-9.92800e-04,0.03,0.07
-9.92720e-04,0.03,-0.03
-9.92640e-04,0.03,0.05
-9.92560e-04,0.03,-0.03
-9.92480e-04,0.05,0.05
-9.92400e-04,0.03,-0.05
-9.92320e-04,0.03,0.07
-9.92240e-04,-0.01,-0.03
-9.92160e-04,0.03,0.05
-9.92080e-04,0.03,-0.03
-9.92000e-04,0.03,0.05
-9.91920e-04,0.03,-0.01
-9.91840e-04,-0.01,0.05
-9.91760e-04,0.05,-0.03
-9.91680e-04,0.03,0.05
-9.91600e-04,0.05,-0.03
-9.91520e-04,0.01,0.05
-9.91440e-04,0.03,-0.01
-9.91360e-04,0.03,0.05
-9.91280e-04,0.03,-0.03
-9.91200e-04,0.05,0.05
-9.91120e-04,0.01,-0.03
-9.91040e-04,0.03,0.05
-9.90960e-04,0.01,-0.03
-9.90880e-04,0.05,0.05
-9.90800e-04,0.03,-0.03
-9.90720e-04,0.01,0.05
-9.90640e-04,0.03,-0.01
-9.90560e-04,0.01,0.05
-9.90480e-04,0.03,-0.01
-9.90400e-04,0.01,0.05
-9.90320e-04,0.03,-0.03
-9.90240e-04,0.01,0.05
-9.90160e-04,0.03,-0.03
-9.90080e-04,0.03,0.05
-9.90000e-04,0.01,-0.03
-9.89920e-04,0.05,0.05
-9.89840e-04,0.03,-0.01
-9.89760e-04,0.03,0.05
-9.89680e-04,0.03,-0.03
-9.89600e-04,0.03,0.05
-9.89520e-04,0.03,-0.03
-9.89440e-04,0.01,0.07
-9.89360e-04,0.03,-0.03
-9.89280e-04,0.01,0.05
-9.89200e-04,0.03,-0.01
-9.89120e-04,0.01,0.05
-9.89040e-04,0.05,-0.03
-9.88960e-04,0.01,0.05
-9.88880e-04,0.03,-0.03
-9.88800e-04,0.03,0.05
-9.88720e-04,0.01,-0.01
-9.88640e-04,0.03,0.05
-9.88560e-04,0.03,-0.03
-9.88480e-04,0.03,0.05
-9.88400e-04,0.03,-0.01
-9.88320e-04,0.03,0.05
-9.88240e-04,0.03,-0.01
-9.88160e-04,0.05,0.05
-9.88080e-04,0.03,-0.03
-9.88000e-04,0.01,0.05
-9.87920e-04,0.03,-0.01
-9.87840e-04,0.01,0.05
-9.87760e-04,0.03,-0.03
-9.87680e-04,0.01,0.05
-9.87600e-04,0.03,-0.01
-9.87520e-04,0.01,0.05
-9.87440e-04,0.03,-0.01
-9.87360e-04,0.03,0.05
-9.87280e-04,0.03,-0.03
-9.87200e-04,0.05,0.05
-9.87120e-04,0.01,-0.03
-9.87040e-04,0.05,0.05
-9.86960e-04,0.03,-0.03
-9.86880e-04,0.03,0.05
-9.86800e-04,0.03,-0.03
-9.86720e-04,0.03,0.07
-9.86640e-04,0.03,-0.03
-9.86560e-04,0.01,0.05
-9.86480e-04,0.03,-0.01
-9.86400e-04,0.03,0.05
-9.86320e-04,0.03,-0.03
-9.86240e-04,0.01,0.05
-9.86160e-04,0.03,-0.01
-9.86080e-04,0.03,0.05
-9.86000e-04,0.03,-0.01
-9.85920e-04,0.03,0.05
-9.85840e-04,0.01,-0.03
-9.85760e-04,0.05,0.05
-9.85680e-04,0.03,-0.03
-9.85600e-04,0.05,0.05
-9.85520e-04,0.01,-0.03
-9.85440e-04,0.03,0.05
-9.85360e-04,0.03,-0.03
-9.85280e-04,0.01,0.05
-9.85200e-04,0.03,-0.03
-9.85120e-04,-0.01,0.05
-9.85040e-04,0.05,-0.03
-9.84960e-04,0.01,0.05
-9.84880e-04,0.01,-0.03
-9.84800e-04,0.01,0.05
-9.84720e-04,0.01,-0.03
-9.84640e-04,0.05,0.07
-9.84560e-04,0.03,-0.03
-9.84480e-04,0.03,0.05
-9.84400e-04,0.01,-0.03
-9.84320e-04,0.05,0.05
-9.84240e-04,0.03,-0.03
-9.84160e-04,0.01,0.05
-9.84080e-04,0.03,-0.03
-9.84000e-04,0.03,0.05
-9.83920e-04,0.03,-0.03
-9.83840e-04,0.01,0.05
-9.83760e-04,0.03,-0.03
-9.83680e-04,0.01,0.05
-9.83600e-04,0.03,-0.03
-9.83520e-04,0.03,0.05
-9.83440e-04,0.01,-0.03
-9.83360e-04,0.03,0.05
-9.83280e-04,0.03,-0.03
-9.83200e-04,0.03,0.05
-9.83120e-04,0.03,-0.01
-9.83040e-04,0.03,0.05
-9.82960e-04,0.03,-0.01
-9.82880e-04,0.03,0.05
-9.82800e-04,0.03,-0.01
-9.82720e-04,0.03,0.05
-9.82640e-04,0.03,-0.01
-9.82560e-04,0.01,0.05
-9.82480e-04,0.03,-0.01
-9.82400e-04,0.01,0.05
-9.82320e-04,0.03,-0.03
-9.82240e-04,0.03,0.05
-9.82160e-04,0.03,-0.01
-9.82080e-04,0.01,0.05
-9.82000e-04,0.03,-0.03
-9.81920e-04,0.03,0.05
-9.81840e-04,0.03,-0.01
-9.81760e-04,0.03,0.05
-9.81680e-04,0.03,-0.03
-9.81600e-04,0.03,0.05
-9.81520e-04,0.03,-0.03
-9.81440e-04,0.05,0.05
-9.81360e-04,0.03,-0.01
-9.81280e-04,0.01,0.05
-9.81200e-04,0.03,-0.01
-9.81120e-04,0.01,0.05
-9.81040e-04,0.03,-0.01
-9.80960e-04,-0.01,0.07
-9.80880e-04,0.03,-0.01
-9.80800e-04,0.01,0.05
-9.80720e-04,0.05,-0.01
-9.80640e-04,0.03,0.05
-9.80560e-04,0.03,-0.01
-9.80480e-04,0.03,0.05
-9.80400e-04,0.03,-0.01
-9.80320e-04,0.05,0.05
-9.80240e-04,0.03,-0.01
-9.80160e-04,0.03,0.05
-9.80080e-04,0.03,-0.01
-9.80000e-04,0.01,0.05
-9.79920e-04,0.03,-0.01
-9.79840e-04,0.01,0.05
-9.79760e-04,0.03,-0.03
-9.79680e-04,0.03,0.05
-9.79600e-04,0.03,-0.03
-9.79520e-04,0.03,0.05
-9.79440e-04,0.03,-0.01
-9.79360e-04,0.03,0.05
-9.79280e-04,0.03,-0.01
-9.79200e-04,0.03,0.05
-9.79120e-04,0.03,-0.01
-9.79040e-04,0.05,0.05
-9.78960e-04,0.03,-0.01
-9.78880e-04,0.03,0.05
-9.78800e-04,0.03,-0.03
-9.78720e-04,0.01,0.05
-9.78640e-04,0.05,-0.03
-9.78560e-04,0.01,0.05
-9.78480e-04,0.03,-0.03
-9.78400e-04,0.03,0.05
-9.78320e-04,0.03,-0.01
-9.78240e-04,0.03,0.05
-9.78160e-04,0.03,-0.01
-9.78080e-04,0.03,0.05
-9.78000e-04,0.03,-0.01
-9.77920e-04,0.03,0.05
-9.77840e-04,0.01,-0.03
-9.77760e-04,0.03,0.05
-9.77680e-04,0.01,-0.03
-9.77600e-04,0.03,0.05
-9.77520e-04,0.05,-0.03
-9.77440e-04,0.03,0.05
-9.77360e-04,0.03,-0.03
-9.77280e-04,0.03,0.07
-9.77200e-04,0.03,-0.03
-9.77120e-04,0.03,0.05
-9.77040e-04,0.01,-0.01
-9.76960e-04,0.03,0.05
-9.76880e-04,0.03,-0.03
-9.76800e-04,0.03,0.05
-9.76720e-04,0.01,-0.03
-9.76640e-04,0.05,0.05
-9.76560e-04,0.01,-0.03
-9.76480e-04,0.03,0.07
-9.76400e-04,0.01,-0.03
-9.76320e-04,0.03,0.05
-9.76240e-04,0.03,-0.03
-9.76160e-04,0.05,0.05
-9.76080e-04,0.03,-0.01
-9.76000e-04,0.03,0.05
-9.75920e-04,0.03,-0.03
-9.75840e-04,0.03,0.05
-9.75760e-04,0.03,-0.01
-9.75680e-04,0.01,0.05
-9.75600e-04,0.03,-0.03
-9.75520e-04,0.03,0.05
-9.75440e-04,0.03,-0.01
-9.75360e-04,0.01,0.05
-9.75280e-04,0.01,-0.01
-9.75200e-04,0.03,0.05
-9.75120e-04,0.01,-0.01
-9.75040e-04,-0.03,0.05
-9.74960e-04,0.03,-0.07
-9.74880e-04,0.03,0.05
-9.74800e-04,0.01,-0.05
-9.74720e-04,0.01,0.07
-9.74640e-04,0.03,-0.03
-9.74560e-04,0.01,0.05
-9.74480e-04,0.03,-0.03
-9.74400e-04,0.01,0.05
-9.74320e-04,0.03,-0.03
-9.74240e-04,0.03,0.05
-9.74160e-04,0.01,-0.03
-9.74080e-04,0.01,0.05
-9.74000e-04,0.01,-0.03
-9.73920e-04,0.03,0.05
-9.73840e-04,0.03,-0.03
-9.73760e-04,0.03,0.05
-9.73680e-04,0.01,-0.05
-9.73600e-04,0.01,0.07
-9.73520e-04,0.03,-0.01
-9.73440e-04,0.03,0.05
-9.73360e-04,0.03,-0.03
-9.73280e-04,0.01,0.05
-9.73200e-04,0.05,-0.01
-9.73120e-04,0.01,0.03
-9.73040e-04,0.03,-0.01
-9.72960e-04,0.03,0.05
-9.72880e-04,0.03,-0.03
-9.72800e-04,0.01,0.05
-9.72720e-04,0.03,-0.03
-9.72640e-04,0.05,0.05
-9.72560e-04,0.01,-0.03
-9.72480e-04,0.03,0.05
-9.72400e-04,0.01,-0.03
-9.72320e-04,0.03,0.05
-9.72240e-04,0.03,-0.03
-9.72160e-04,0.01,0.05
-9.72080e-04,0.03,-0.03
-9.72000e-04,0.03,0.05
-9.71920e-04,0.05,-0.03
-9.71840e-04,0.01,0.05
-9.71760e-04,0.03,-0.01
-9.71680e-04,0.03,0.05
-9.71600e-04,0.03,-0.01
-9.71520e-04,0.03,0.05
-9.71440e-04,0.03,-0.03
-9.71360e-04,0.03,0.05
-9.71280e-04,0.01,-0.01
-9.71200e-04,0.03,0.05
-9.71120e-04,0.01,-0.03
-9.71040e-04,0.01,0.05
-9.70960e-04,0.03,-0.01
-9.70880e-04,0.03,0.05
-9.70800e-04,0.03,-0.01
-9.70720e-04,0.03,0.05
-9.70640e-04,0.05,-0.01
-9.70560e-04,0.01,0.05
-9.70480e-04,0.03,-0.01
-9.70400e-04,0.01,0.05
-9.70320e-04,0.01,-0.03
-9.70240e-04,0.01,0.05
-9.70160e-04,0.03,-0.03
-9.70080e-04,0.05,0.05
-9.70000e-04,0.03,-0.03
-9.69920e-04,0.03,0.05
-9.69840e-04,0.01,-0.01
-9.69760e-04,0.03,0.05
-9.69680e-04,0.03,-0.03
-9.69600e-04,0.03,0.03
-9.69520e-04,0.03,-0.01
-9.69440e-04,0.03,0.05
-9.69360e-04,0.03,-0.01
-9.69280e-04,0.03,0.05
-9.69200e-04,0.03,-0.03
-9.69120e-04,0.03,0.05
-9.69040e-04,0.03,-0.01
-9.68960e-04,0.01,0.05
-9.68880e-04,0.03,-0.03
-9.68800e-04,0.03,0.05
-9.68720e-04,0.01,-0.01
-9.68640e-04,0.03,0.05
-9.68560e-04,0.01,-0.03
-9.68480e-04,0.03,0.05
-9.68400e-04,0.03,-0.01
-9.68320e-04,0.05,0.05
-9.68240e-04,-0.01,-0.01
-9.68160e-04,0.03,0.13
-9.68080e-04,0.05,-0.05
-9.68000e-04,0.01,0.11
-9.67920e-04,0.03,-0.03
-9.67840e-04,0.01,0.07
-9.67760e-04,0.03,-0.03
-9.67680e-04,0.03,0.05
-9.67600e-04,0.03,-0.01
-9.67520e-04,0.01,0.05
-9.67440e-04,0.03,-0.01
-9.67360e-04,0.03,0.05
-9.67280e-04,0.01,-0.01
-9.67200e-04,0.01,0.05
-9.67120e-04,0.03,-0.03
-9.67040e-04,0.03,0.05
-9.66960e-04,0.03,-0.01
-9.66880e-04,0.03,0.05
-9.66800e-04,0.03,-0.03
-9.66720e-04,0.01,0.05
-9.66640e-04,0.03,-0.01
-9.66560e-04,0.01,0.05
-9.66480e-04,0.03,-0.01
-9.66400e-04,0.01,0.05
-9.66320e-04,0.03,-0.03
-9.66240e-04,0.03,0.05
-9.66160e-04,0.03,-0.03
-9.66080e-04,0.03,0.05
-9.66000e-04,0.01,-0.03
-9.65920e-04,0.03,0.05
-9.65840e-04,0.01,-0.03
-9.65760e-04,0.03,0.05
-9.65680e-04,0.03,-0.03
-9.65600e-04,0.05,0.05
-9.65520e-04,0.03,-0.01
-9.65440e-04,0.03,0.05
-9.65360e-04,0.01,-0.03
-9.65280e-04,0.03,0.05
-9.65200e-04,0.03,-0.01
-9.65120e-04,0.03,0.05
-9.65040e-04,0.03,-0.03
-9.64960e-04,0.03,0.07
-9.64880e-04,0.03,-0.03
-9.64800e-04,0.03,0.05
-9.64720e-04,0.03,-0.03
-9.64640e-04,0.03,0.05
-9.64560e-04,0.03,-0.01
-9.64480e-04,0.03,0.05
-9.64400e-04,0.01,-0.03
-9.64320e-04,0.03,0.05
-9.64240e-04,0.01,-0.01
-9.64160e-04,0.03,0.05
-9.64080e-04,0.01,-0.03
-9.64000e-04,0.03,0.05
-9.63920e-04,0.03,-0.03
-9.63840e-04,0.01,0.05
-9.63760e-04,0.03,-0.03
-9.63680e-04,0.01,0.05
-9.63600e-04,0.03,-0.01
-9.63520e-04,0.01,0.03
-9.63440e-04,0.03,-0.03
-9.63360e-04,0.03,0.05
-9.63280e-04,0.03,-0.03
-9.63200e-04,0.01,0.05
-9.63120e-04,0.03,-0.03
-9.63040e-04,0.03,0.05
-9.62960e-04,0.03,-0.03
-9.62880e-04,0.05,0.07
-9.62800e-04,0.01,-0.03
-9.62720e-04,0.03,0.07
-9.62640e-04,0.03,-0.03
-9.62560e-04,0.03,0.05
-9.62480e-04,0.01,-0.03
-9.62400e-04,0.03,0.05
-9.62320e-04,0.03,-0.03
-9.62240e-04,0.01,0.05
-9.62160e-04,0.03,-0.01
-9.62080e-04,0.03,0.05
-9.62000e-04,0.03,-0.03
-9.61920e-04,0.03,0.05
-9.61840e-04,0.03,-0.03
-9.61760e-04,0.03,0.05
-9.61680e-04,0.01,-0.01
-9.61600e-04,0.05,0.05
-9.61520e-04,-0.01,-0.03
-9.61440e-04,0.03,0.05
-9.61360e-04,0.01,-0.03
-9.61280e-04,0.03,0.05
-9.61200e-04,0.03,-0.03
-9.61120e-04,0.03,0.05
-9.61040e-04,0.05,-0.01
-9.60960e-04,0.03,0.05
-9.60880e-04,0.03,-0.01
-9.60800e-04,0.03,0.05
-9.60720e-04,0.01,-0.01
-9.60640e-04,0.03,0.05
-9.60560e-04,0.01,-0.01
-9.60480e-04,0.05,0.05
-9.60400e-04,0.01,-0.01
-9.60320e-04,0.03,0.05
-9.60240e-04,0.03,-0.01
-9.60160e-04,0.03,0.05
-9.60080e-04,0.01,-0.01
-9.60000e-04,0.03,0.07
-9.59920e-04,0.03,-0.03
-9.59840e-04,-0.01,0.05
-9.59760e-04,0.03,-0.01
-9.59680e-04,0.01,0.05
-9.59600e-04,0.05,-0.03
-9.59520e-04,0.03,0.05
-9.59440e-04,0.01,-0.03
-9.59360e-04,0.03,0.05
-9.59280e-04,0.01,-0.03
-9.59200e-04,0.05,0.07
-9.59120e-04,0.01,-0.01
-9.59040e-04,0.03,0.05
-9.58960e-04,0.01,-0.01
-9.58880e-04,0.03,0.05
-9.58800e-04,0.01,-0.03
-9.58720e-04,0.03,0.05
-9.58640e-04,0.05,-0.01
-9.58560e-04,0.01,0.05
-9.58480e-04,0.03,-0.03
-9.58400e-04,0.03,0.05
-9.58320e-04,0.03,-0.01
-9.58240e-04,0.03,0.05
-9.58160e-04,0.01,-0.03
-9.58080e-04,0.03,0.05
-9.58000e-04,0.03,-0.01
-9.57920e-04,0.03,0.07
-9.57840e-04,0.03,-0.03
-9.57760e-04,0.05,0.05
-9.57680e-04,0.03,-0.01
-9.57600e-04,0.03,0.05
-9.57520e-04,0.01,-0.01
-9.57440e-04,0.01,0.05
-9.57360e-04,0.03,-0.03
-9.57280e-04,0.01,0.05
-9.57200e-04,0.03,-0.01
-9.57120e-04,0.03,0.05
-9.57040e-04,0.01,-0.01
-9.56960e-04,0.03,0.05
-9.56880e-04,0.03,-0.01
-9.56800e-04,0.03,0.05
-9.56720e-04,0.03,-0.03
-9.56640e-04,0.03,0.05
-9.56560e-04,0.03,-0.01
-9.56480e-04,0.05,0.05
-9.56400e-04,0.03,-0.01
-9.56320e-04,0.03,0.05
-9.56240e-04,0.01,-0.01
-9.56160e-04,0.01,0.05
-9.56080e-04,0.03,-0.01
-9.56000e-04,0.03,0.05
-9.55920e-04,0.03,-0.01
-9.55840e-04,0.01,0.05
-9.55760e-04,0.01,-0.01
-9.55680e-04,0.01,0.05
-9.55600e-04,0.05,-0.03
-9.55520e-04,0.03,0.07
-9.55440e-04,0.05,-0.01
-9.55360e-04,0.03,0.07
-9.55280e-04,0.03,-0.03
-9.55200e-04,0.03,0.05
-9.55120e-04,0.01,-0.03
-9.55040e-04,0.03,0.05
-9.54960e-04,-0.01,-0.01
-9.54880e-04,0.03,0.05
-9.54800e-04,0.03,-0.03
-9.54720e-04,0.03,0.05
-9.54640e-04,0.03,-0.03
-9.54560e-04,0.01,0.05
-9.54480e-04,0.03,-0.03
-9.54400e-04,0.01,0.05
-9.54320e-04,0.03,-0.03
-9.54240e-04,0.03,0.05
-9.54160e-04,0.01,-0.03
-9.54080e-04,0.01,0.05
-9.54000e-04,0.03,-0.03
-9.53920e-04,0.03,0.05
-9.53840e-04,0.01,-0.01
-9.53760e-04,0.03,0.03
-9.53680e-04,0.01,-0.03
-9.53600e-04,0.03,0.05
-9.53520e-04,0.03,-0.01
-9.53440e-04,0.03,0.05
-9.53360e-04,0.03,-0.03
-9.53280e-04,0.01,0.05
-9.53200e-04,0.03,-0.01
-9.53120e-04,0.03,0.05
-9.53040e-04,0.03,-0.03
-9.52960e-04,0.01,0.05
-9.52880e-04,0.03,-0.01
-9.52800e-04,0.03,0.05
-9.52720e-04,0.03,-0.01
-9.52640e-04,0.03,0.05
-9.52560e-04,0.01,-0.01
-9.52480e-04,0.05,0.05
-9.52400e-04,0.01,-0.03
-9.52320e-04,0.03,0.05
-9.52240e-04,0.03,-0.01
-9.52160e-04,0.05,0.05
-9.52080e-04,0.03,-0.03
-9.52000e-04,0.03,0.05
-9.51920e-04,0.03,-0.03
-9.51840e-04,0.01,0.05
-9.51760e-04,0.03,-0.01
-9.51680e-04,0.01,0.05
-9.51600e-04,0.03,-0.01
-9.51520e-04,0.03,0.05
-9.51440e-04,0.05,-0.03
-9.51360e-04,0.01,0.05
-9.51280e-04,0.03,-0.03
-9.51200e-04,0.05,0.05
-9.51120e-04,0.01,-0.03
-9.51040e-04,0.03,0.05
-9.50960e-04,0.01,-0.01
-9.50880e-04,0.05,0.05
-9.50800e-04,0.03,-0.01
-9.50720e-04,0.03,0.05
-9.50640e-04,0.03,-0.03
-9.50560e-04,0.01,0.05
-9.50480e-04,0.03,-0.01
-9.50400e-04,0.01,0.05
-9.50320e-04,0.03,-0.03
-9.50240e-04,0.01,0.05
-9.50160e-04,0.01,-0.01
-9.50080e-04,0.01,0.05
-9.50000e-04,0.03,-0.03
-9.49920e-04,0.03,0.05
-9.49840e-04,0.01,-0.01
-9.49760e-04,0.03,0.05
-9.49680e-04,0.03,-0.01
-9.49600e-04,0.05,0.05
-9.49520e-04,0.05,-0.01
-9.49440e-04,0.03,0.05
-9.49360e-04,0.03,-0.01
-9.49280e-04,0.01,0.05
-9.49200e-04,0.03,-0.03
-9.49120e-04,0.01,0.05
-9.49040e-04,0.03,-0.03
-9.48960e-04,0.01,0.05
-9.48880e-04,0.03,-0.01
-9.48800e-04,0.01,0.05
-9.48720e-04,0.03,-0.01
-9.48640e-04,0.03,0.07
-9.48560e-04,0.03,-0.01
-9.48480e-04,0.05,0.05
-9.48400e-04,0.03,-0.03
-9.48320e-04,0.03,0.07
-9.48240e-04,0.01,-0.03
-9.48160e-04,0.03,0.07
-9.48080e-04,0.05,-0.03
-9.48000e-04,0.03,0.07
-9.47920e-04,0.03,-0.03
-9.47840e-04,0.03,0.05
-9.47760e-04,0.05,-0.01
-9.47680e-04,0.03,0.07
-9.47600e-04,0.01,-0.03
-9.47520e-04,0.01,0.05
-9.47440e-04,0.01,-0.03
-9.47360e-04,0.03,0.07
-9.47280e-04,0.01,-0.01
-9.47200e-04,0.05,0.07
-9.47120e-04,-0.01,-0.03
-9.47040e-04,0.05,0.05
-9.46960e-04,0.01,-0.03
-9.46880e-04,0.01,0.05
-9.46800e-04,0.03,-0.01
-9.46720e-04,0.01,0.05
-9.46640e-04,0.03,-0.03
-9.46560e-04,0.03,0.05
-9.46480e-04,0.03,-0.01
-9.46400e-04,0.03,0.07
-9.46320e-04,0.03,-0.03
-9.46240e-04,0.05,0.03
-9.46160e-04,0.03,-0.01
-9.46080e-04,0.03,0.05
-9.46000e-04,0.03,-0.03
-9.45920e-04,0.05,0.05
-9.45840e-04,-0.01,-0.03
-9.45760e-04,0.03,0.05
-9.45680e-04,0.03,-0.01
-9.45600e-04,0.05,0.07
-9.45520e-04,0.03,-0.03
-9.45440e-04,0.03,0.05
-9.45360e-04,0.03,-0.01
-9.45280e-04,0.03,0.07
-9.45200e-04,0.03,-0.01
-9.45120e-04,0.03,0.05
-9.45040e-04,0.05,-0.01
-9.44960e-04,0.03,0.05
-9.44880e-04,0.03,-0.01
-9.44800e-04,0.01,0.05
-9.44720e-04,0.03,-0.01
-9.44640e-04,0.03,0.05
-9.44560e-04,0.03,-0.03
-9.44480e-04,0.05,0.05
-9.44400e-04,0.01,-0.01
-9.44320e-04,0.01,0.05
-9.44240e-04,0.03,-0.01
-9.44160e-04,0.03,0.05
-9.44080e-04,0.05,-0.01
-9.44000e-04,0.03,0.05
-9.43920e-04,0.03,-0.01
-9.43840e-04,0.01,0.05
-9.43760e-04,0.05,-0.01
-9.43680e-04,0.01,0.07
-9.43600e-04,0.03,-0.01
-9.43520e-04,0.01,0.05
-9.43440e-04,0.03,-0.01
-9.43360e-04,0.05,0.05
-9.43280e-04,0.01,-0.03
-9.43200e-04,0.03,0.05
-9.43120e-04,-0.01,-0.01
-9.43040e-04,0.03,0.05
-9.42960e-04,0.01,-0.03
-9.42880e-04,0.03,0.05
-9.42800e-04,0.03,-0.01
-9.42720e-04,0.03,0.05
-9.42640e-04,0.03,-0.03
-9.42560e-04,0.03,0.05
-9.42480e-04,0.03,-0.03
-9.42400e-04,0.01,0.05
-9.42320e-04,0.03,-0.03
-9.42240e-04,0.01,0.05
-9.42160e-04,0.03,-0.03
-9.42080e-04,0.03,0.05
-9.42000e-04,0.03,-0.01
-9.41920e-04,0.05,0.05
-9.41840e-04,0.01,-0.01
-9.41760e-04,0.03,0.05
-9.41680e-04,0.01,-0.03
-9.41600e-04,0.05,0.05
-9.41520e-04,0.03,-0.03
-9.41440e-04,0.03,0.05
-9.41360e-04,0.03,-0.01
-9.41280e-04,0.01,0.07
-9.41200e-04,0.05,-0.03
-9.41120e-04,0.01,0.05
-9.41040e-04,0.07,-0.01
-9.40960e-04,0.05,0.07
-9.40880e-04,0.03,-0.03
-9.40800e-04,0.05,0.07
-9.40720e-04,0.03,-0.03
-9.40640e-04,0.01,0.05
-9.40560e-04,0.03,-0.03
-9.40480e-04,0.03,0.07
-9.40400e-04,0.01,-0.03
-9.40320e-04,0.03,0.05
-9.40240e-04,0.01,-0.01
-9.40160e-04,0.03,0.05
-9.40080e-04,0.01,-0.01
-9.40000e-04,0.03,0.05
-9.39920e-04,0.01,-0.03
-9.39840e-04,0.01,0.05
-9.39760e-04,0.05,-0.01
-9.39680e-04,0.01,0.05
-9.39600e-04,0.03,-0.01
-9.39520e-04,0.01,0.05
-9.39440e-04,0.01,-0.01
-9.39360e-04,0.05,0.05
-9.39280e-04,0.03,-0.01
-9.39200e-04,0.03,0.05
-9.39120e-04,0.01,-0.01
-9.39040e-04,0.03,0.05
-9.38960e-04,0.01,-0.01
-9.38880e-04,0.03,0.05
-9.38800e-04,0.03,-0.03
-9.38720e-04,0.03,0.05
-9.38640e-04,0.05,-0.01
-9.38560e-04,0.03,0.05
-9.38480e-04,0.03,-0.03
-9.38400e-04,0.01,0.05
-9.38320e-04,0.03,-0.03
-9.38240e-04,0.01,0.05
-9.38160e-04,0.03,-0.01
-9.38080e-04,0.03,0.05
-9.38000e-04,0.03,-0.01
-9.37920e-04,0.03,0.05
-9.37840e-04,0.01,-0.01
-9.37760e-04,0.03,0.05
-9.37680e-04,0.01,-0.01
-9.37600e-04,0.03,0.05
-9.37520e-04,0.01,-0.03
-9.37440e-04,0.03,0.05
-9.37360e-04,0.03,-0.01
-9.37280e-04,0.01,0.05
-9.37200e-04,0.03,-0.01
-9.37120e-04,0.01,0.05
-9.37040e-04,0.05,-0.03
-9.36960e-04,0.03,0.05
-9.36880e-04,0.03,-0.03
-9.36800e-04,0.03,0.05
-9.36720e-04,0.03,-0.03
-9.36640e-04,0.03,0.05
-9.36560e-04,0.01,-0.03
-9.36480e-04,0.05,0.05
-9.36400e-04,-0.01,-0.03
-9.36320e-04,0.03,0.05
-9.36240e-04,0.01,-0.03
-9.36160e-04,0.03,0.05
-9.36080e-04,0.03,-0.01
-9.36000e-04,0.01,0.05
-9.35920e-04,0.03,-0.01
-9.35840e-04,0.01,0.05
-9.35760e-04,0.05,-0.01
-9.35680e-04,0.03,0.05
-9.35600e-04,0.03,-0.01
-9.35520e-04,0.03,0.05
-9.35440e-04,0.03,-0.01
-9.35360e-04,0.03,0.05
-9.35280e-04,0.03,-0.01
-9.35200e-04,0.05,0.05
-9.35120e-04,0.01,-0.01
-9.35040e-04,0.03,0.05
-9.34960e-04,0.01,-0.01
-9.34880e-04,0.05,0.05
-9.34800e-04,0.03,-0.03
-9.34720e-04,0.03,0.05
-9.34640e-04,0.05,-0.01
-9.34560e-04,0.01,0.05
-9.34480e-04,0.03,-0.03
-9.34400e-04,0.03,0.05
-9.34320e-04,0.03,-0.01
-9.34240e-04,0.03,0.05
-9.34160e-04,0.03,-0.01
-9.34080e-04,0.03,0.05
-9.34000e-04,0.03,-0.03
-9.33920e-04,0.05,0.05
-9.33840e-04,0.03,-0.03
-9.33760e-04,0.01,0.05
-9.33680e-04,-0.01,-0.03
-9.33600e-04,0.01,0.07
-9.33520e-04,0.03,-0.03
-9.33440e-04,0.03,0.07
-9.33360e-04,0.03,-0.03
-9.33280e-04,0.01,0.05
-9.33200e-04,0.03,-0.01
-9.33120e-04,0.03,0.05
-9.33040e-04,0.05,-0.03
-9.32960e-04,0.03,0.05
-9.32880e-04,0.01,-0.03
-9.32800e-04,0.05,0.05
-9.32720e-04,0.03,-0.01
-9.32640e-04,0.03,0.07
-9.32560e-04,0.01,-0.01
-9.32480e-04,0.03,0.05
-9.32400e-04,0.01,-0.01
-9.32320e-04,0.05,0.05
-9.32240e-04,0.03,-0.01
-9.32160e-04,0.01,0.05
-9.32080e-04,0.03,-0.01
-9.32000e-04,0.03,0.05
-9.31920e-04,0.03,-0.01
-9.31840e-04,0.01,0.05
-9.31760e-04,0.03,-0.01
-9.31680e-04,0.03,0.05
-9.31600e-04,0.03,-0.03
-9.31520e-04,0.01,0.05
-9.31440e-04,0.03,-0.03
-9.31360e-04,0.03,0.05
-9.31280e-04,0.03,-0.03
-9.31200e-04,0.03,0.07
-9.31120e-04,0.03,-0.03
-9.31040e-04,0.03,0.05
-9.30960e-04,0.03,-0.03
-9.30880e-04,0.03,0.05
-9.30800e-04,0.03,-0.01
-9.30720e-04,0.03,0.07
-9.30640e-04,0.03,-0.01
-9.30560e-04,0.03,0.05
-9.30480e-04,0.03,-0.01
-9.30400e-04,0.01,0.05
-9.30320e-04,0.03,-0.01
-9.30240e-04,0.03,0.05
-9.30160e-04,0.05,-0.03
-9.30080e-04,0.03,0.05
-9.30000e-04,0.03,-0.01
-9.29920e-04,0.03,0.05
-9.29840e-04,0.01,-0.03
-9.29760e-04,0.03,0.05
-9.29680e-04,0.01,-0.01
-9.29600e-04,0.05,0.05
-9.29520e-04,0.03,-0.01
-9.29440e-04,0.03,0.07
-9.29360e-04,0.03,-0.03
-9.29280e-04,0.03,0.05
-9.29200e-04,0.05,-0.01
-9.29120e-04,0.01,0.05
-9.29040e-04,0.03,-0.03
-9.28960e-04,0.01,0.05
-9.28880e-04,0.03,-0.03
-9.28800e-04,0.03,0.05
-9.28720e-04,0.01,-0.01
-9.28640e-04,0.03,0.05
-9.28560e-04,0.03,-0.01
-9.28480e-04,0.03,0.05
-9.28400e-04,0.01,-0.03
-9.28320e-04,0.03,0.05
-9.28240e-04,0.03,-0.01
-9.28160e-04,0.03,0.07
-9.28080e-04,0.03,-0.01
-9.28000e-04,0.03,0.05
-9.27920e-04,0.03,-0.01
-9.27840e-04,0.01,0.05
-9.27760e-04,0.05,-0.03
-9.27680e-04,0.01,0.05
-9.27600e-04,0.05,-0.01
-9.27520e-04,0.03,0.05
-9.27440e-04,0.03,-0.01
-9.27360e-04,0.03,0.05
-9.27280e-04,0.01,-0.01
-9.27200e-04,0.03,0.05
-9.27120e-04,0.01,-0.01
-9.27040e-04,0.05,0.05
-9.26960e-04,0.03,-0.01
-9.26880e-04,0.03,0.05
-9.26800e-04,0.03,-0.01
-9.26720e-04,0.03,0.05
-9.26640e-04,0.03,-0.03
-9.26560e-04,0.01,0.05
-9.26480e-04,0.05,-0.01
-9.26400e-04,0.05,0.05
-9.26320e-04,0.07,-0.03
-9.26240e-04,0.05,0.07
-9.26160e-04,0.03,-0.03
-9.26080e-04,0.03,0.07
-9.26000e-04,0.03,-0.03
-9.25920e-04,0.05,0.07
-9.25840e-04,0.01,-0.01
-9.25760e-04,0.03,0.05
-9.25680e-04,0.01,-0.03
-9.25600e-04,0.03,0.07
-9.25520e-04,0.03,-0.01
-9.25440e-04,0.03,0.05
-9.25360e-04,0.03,-0.01
-9.25280e-04,0.03,0.05
-9.25200e-04,0.05,-0.03
-9.25120e-04,0.03,0.05
-9.25040e-04,0.03,-0.01
-9.24960e-04,0.01,0.05
-9.24880e-04,-0.01,-0.07
-9.24800e-04,0.05,0.05
-9.24720e-04,0.01,-0.05
-9.24640e-04,0.03,0.07
-9.24560e-04,0.03,-0.03
-9.24480e-04,0.05,0.05
-9.24400e-04,0.01,-0.01
-9.24320e-04,0.03,0.05
-9.24240e-04,0.01,-0.03
-9.24160e-04,0.01,0.05
-9.24080e-04,0.01,-0.01
-9.24000e-04,0.01,0.05
-9.23920e-04,0.03,-0.01
-9.23840e-04,0.03,0.05
-9.23760e-04,0.03,-0.01
-9.23680e-04,0.03,0.05
-9.23600e-04,0.03,-0.01
-9.23520e-04,0.03,0.05
-9.23440e-04,0.01,-0.03
-9.23360e-04,0.03,0.05
-9.23280e-04,0.01,-0.01
-9.23200e-04,0.03,0.05
-9.23120e-04,0.03,-0.01
-9.23040e-04,0.05,0.05
-9.22960e-04,0.03,-0.03
-9.22880e-04,0.03,0.05
-9.22800e-04,0.03,-0.01
-9.22720e-04,0.03,0.05
-9.22640e-04,0.03,-0.03
-9.22560e-04,0.01,0.05
-9.22480e-04,0.03,-0.03
-9.22400e-04,0.01,0.05
-9.22320e-04,0.03,-0.01
-9.22240e-04,0.03,0.05
-9.22160e-04,0.03,-0.03
-9.22080e-04,0.03,0.05
-9.22000e-04,0.03,-0.03
-9.21920e-04,0.03,0.05
-9.21840e-04,0.03,-0.01
-9.21760e-04,0.03,0.05
-9.21680e-04,0.01,-0.01
-9.21600e-04,0.03,0.05
-9.21520e-04,0.05,-0.03
-9.21440e-04,0.01,0.05
-9.21360e-04,0.01,-0.05
-9.21280e-04,-0.01,0.07
-9.21200e-04,0.03,-0.05
-9.21120e-04,0.01,0.07
-9.21040e-04,0.05,-0.03
-9.20960e-04,0.01,0.05
-9.20880e-04,0.03,-0.01
-9.20800e-04,0.03,0.05
-9.20720e-04,0.03,-0.03
-9.20640e-04,0.03,0.05
-9.20560e-04,0.03,-0.01
-9.20480e-04,0.03,0.05
-9.20400e-04,0.03,-0.01
-9.20320e-04,0.03,0.03
-9.20240e-04,0.03,-0.01
-9.20160e-04,0.03,0.05
-9.20080e-04,0.03,-0.01
-9.20000e-04,0.03,0.05
-9.19920e-04,0.03,-0.01
-9.19840e-04,0.01,0.05
-9.19760e-04,0.03,-0.03
-9.19680e-04,0.01,0.05
-9.19600e-04,0.03,-0.01
-9.19520e-04,0.03,0.05
-9.19440e-04,0.03,-0.03
-9.19360e-04,0.03,0.05
-9.19280e-04,0.03,-0.01
-9.19200e-04,0.01,0.05
-9.19120e-04,-0.01,-0.03
-9.19040e-04,0.03,0.05
-9.18960e-04,0.03,-0.03
-9.18880e-04,0.05,0.05
-9.18800e-04,0.03,-0.03
-9.18720e-04,0.01,0.05
-9.18640e-04,0.03,-0.03
-9.18560e-04,0.03,0.05
-9.18480e-04,0.03,-0.01
-9.18400e-04,0.01,0.05
-9.18320e-04,0.03,-0.01
-9.18240e-04,0.07,0.07
-9.18160e-04,0.03,-0.01
-9.18080e-04,0.01,0.11
-9.18000e-04,0.03,-0.05
-9.17920e-04,0.05,0.13
-9.17840e-04,0.01,-0.03
-9.17760e-04,0.03,0.05
-9.17680e-04,0.03,-0.03
-9.17600e-04,0.05,0.05
-9.17520e-04,0.01,-0.01
-9.17440e-04,0.05,0.05
-9.17360e-04,0.03,-0.01
-9.17280e-04,0.03,0.05
-9.17200e-04,0.03,-0.01
-9.17120e-04,0.01,0.05
-9.17040e-04,0.05,-0.01
-9.16960e-04,0.03,0.05
-9.16880e-04,0.03,-0.01
-9.16800e-04,0.03,0.05
-9.16720e-04,0.01,-0.01
-9.16640e-04,0.03,0.05
-9.16560e-04,0.03,-0.01
-9.16480e-04,0.03,0.05
-9.16400e-04,0.03,-0.01
-9.16320e-04,0.03,0.05
-9.16240e-04,0.01,-0.01
-9.16160e-04,0.03,0.05
-9.16080e-04,0.03,-0.03
-9.16000e-04,0.03,0.05
-9.15920e-04,0.05,-0.01
-9.15840e-04,0.03,0.05
-9.15760e-04,0.03,-0.01
-9.15680e-04,0.01,0.05
-9.15600e-04,0.03,-0.01
-9.15520e-04,0.03,0.05
-9.15440e-04,0.03,-0.03
-9.15360e-04,0.03,0.05
-9.15280e-04,0.01,-0.01
-9.15200e-04,0.03,0.05
-9.15120e-04,0.03,-0.01
-9.15040e-04,0.05,0.05
-9.14960e-04,0.03,-0.01
-9.14880e-04,0.03,0.05
-9.14800e-04,0.03,-0.01
-9.14720e-04,0.03,0.05
-9.14640e-04,0.05,-0.01
-9.14560e-04,0.01,0.05
-9.14480e-04,0.03,-0.01
-9.14400e-04,0.03,0.05
-9.14320e-04,0.03,-0.03
-9.14240e-04,0.01,0.05
-9.14160e-04,0.01,-0.01
-9.14080e-04,0.01,0.05
-9.14000e-04,0.01,-0.03
-9.13920e-04,0.05,0.07
-9.13840e-04,0.03,-0.05
-9.13760e-04,0.05,0.07
-9.13680e-04,-0.01,-0.01
-9.13600e-04,0.03,0.05
-9.13520e-04,0.01,-0.03
-9.13440e-04,0.03,0.05
-9.13360e-04,0.05,-0.01
-9.13280e-04,0.01,0.05
-9.13200e-04,0.03,-0.01
-9.13120e-04,0.01,0.05
-9.13040e-04,0.03,-0.01
-9.12960e-04,0.03,0.05
-9.12880e-04,0.03,-0.03
-9.12800e-04,0.03,0.05
-9.12720e-04,0.03,-0.01
-9.12640e-04,0.03,0.05
-9.12560e-04,0.03,-0.01
-9.12480e-04,0.03,0.05
-9.12400e-04,0.01,-0.03
-9.12320e-04,0.03,0.05
-9.12240e-04,0.01,-0.03
-9.12160e-04,0.03,0.07
-9.12080e-04,0.03,-0.03
-9.12000e-04,0.01,0.05
-9.11920e-04,0.05,-0.01
-9.11840e-04,0.01,0.05
-9.11760e-04,0.05,-0.03
-9.11680e-04,0.03,0.05
-9.11600e-04,0.05,-0.03
-9.11520e-04,0.01,0.07
-9.11440e-04,0.01,-0.03
-9.11360e-04,0.03,0.07
-9.11280e-04,0.01,-0.03
-9.11200e-04,0.03,0.07
-9.11120e-04,0.01,-0.01
-9.11040e-04,0.05,0.05
-9.10960e-04,0.03,-0.01
-9.10880e-04,0.03,0.05
-9.10800e-04,0.03,-0.01
-9.10720e-04,0.01,0.07
-9.10640e-04,0.05,-0.03
-9.10560e-04,0.01,0.05
-9.10480e-04,0.05,-0.03
-9.10400e-04,0.03,0.05
-9.10320e-04,0.05,-0.01
-9.10240e-04,0.03,0.05
-9.10160e-04,0.03,-0.01
-9.10080e-04,0.03,0.05
-9.10000e-04,0.01,-0.01
-9.09920e-04,0.03,0.05
-9.09840e-04,0.01,-0.01
-9.09760e-04,0.03,0.05
-9.09680e-04,0.01,-0.03
-9.09600e-04,0.05,0.05
-9.09520e-04,0.01,-0.01
-9.09440e-04,0.03,0.05
-9.09360e-04,0.03,-0.01
-9.09280e-04,0.01,0.05
-9.09200e-04,0.03,-0.01
-9.09120e-04,0.03,0.05
-9.09040e-04,0.03,-0.01
-9.08960e-04,0.03,0.05
-9.08880e-04,0.03,-0.01
-9.08800e-04,0.03,0.05
-9.08720e-04,0.03,-0.03
-9.08640e-04,0.03,0.05
-9.08560e-04,0.01,-0.01
-9.08480e-04,0.03,0.07
-9.08400e-04,0.01,-0.01
-9.08320e-04,0.03,0.05
-9.08240e-04,0.03,-0.01
-9.08160e-04,0.03,0.05
-9.08080e-04,0.01,-0.01
-9.08000e-04,0.03,0.05
-9.07920e-04,0.03,-0.01
-9.07840e-04,0.03,0.05
-9.07760e-04,0.03,-0.01
-9.07680e-04,0.03,0.05
-9.07600e-04,0.03,-0.01
-9.07520e-04,0.03,0.05
-9.07440e-04,0.03,-0.01
-9.07360e-04,0.03,0.05
-9.07280e-04,0.03,-0.03
-9.07200e-04,0.05,0.05
-9.07120e-04,0.01,-0.03
-9.07040e-04,0.05,0.05
-9.06960e-04,0.01,-0.01
-9.06880e-04,0.01,0.05
-9.06800e-04,0.01,-0.03
-9.06720e-04,0.03,0.05
-9.06640e-04,0.03,-0.01
-9.06560e-04,0.03,0.05
-9.06480e-04,0.01,-0.01
-9.06400e-04,0.03,0.05
-9.06320e-04,0.03,-0.03
-9.06240e-04,0.01,0.07
-9.06160e-04,0.01,-0.03
-9.06080e-04,0.03,0.05
-9.06000e-04,0.03,-0.01
-9.05920e-04,0.03,0.05
-9.05840e-04,0.03,-0.01
-9.05760e-04,0.03,0.05
-9.05680e-04,0.01,-0.01
-9.05600e-04,0.01,0.05
-9.05520e-04,0.01,-0.01
-9.05440e-04,0.03,0.07
-9.05360e-04,0.03,-0.01
-9.05280e-04,0.01,0.05
-9.05200e-04,0.03,-0.01
-9.05120e-04,0.01,0.03
-9.05040e-04,0.03,-0.03
-9.04960e-04,0.01,0.05
-9.04880e-04,0.03,-0.01
-9.04800e-04,0.01,0.05
-9.04720e-04,0.03,-0.01
-9.04640e-04,0.03,0.05
-9.04560e-04,-0.01,-0.01
-9.04480e-04,0.01,0.05
-9.04400e-04,0.01,-0.03
-9.04320e-04,0.03,0.05
-9.04240e-04,0.03,-0.03
-9.04160e-04,0.03,0.07
-9.04080e-04,0.03,-0.03
-9.04000e-04,0.01,0.05
-9.03920e-04,0.03,-0.03
-9.03840e-04,0.01,0.05
-9.03760e-04,0.03,-0.03
-9.03680e-04,0.03,0.05
-9.03600e-04,0.03,-0.03
-9.03520e-04,0.03,0.05
-9.03440e-04,0.01,-0.01
-9.03360e-04,0.05,0.05
-9.03280e-04,0.01,-0.01
-9.03200e-04,0.05,0.05
-9.03120e-04,0.01,-0.01
-9.03040e-04,0.03,0.05
-9.02960e-04,0.03,-0.03
-9.02880e-04,0.03,0.05
-9.02800e-04,0.03,-0.01
-9.02720e-04,0.03,0.05
-9.02640e-04,0.03,-0.01
-9.02560e-04,0.01,0.05
-9.02480e-04,0.03,-0.01
-9.02400e-04,0.03,0.05
-9.02320e-04,0.03,-0.01
-9.02240e-04,0.03,0.05
-9.02160e-04,0.03,-0.01
-9.02080e-04,0.03,0.05
-9.02000e-04,0.01,-0.03
-9.01920e-04,0.05,0.05
-9.01840e-04,0.01,-0.03
-9.01760e-04,0.05,0.05
-9.01680e-04,0.03,-0.01
-9.01600e-04,0.03,0.05
-9.01520e-04,0.03,-0.03
-9.01440e-04,0.03,0.05
-9.01360e-04,0.03,-0.01
-9.01280e-04,0.03,0.05
-9.01200e-04,0.03,-0.03
-9.01120e-04,0.01,0.05
-9.01040e-04,0.03,-0.01
-9.00960e-04,0.01,0.05
-9.00880e-04,0.03,-0.01
-9.00800e-04,0.03,0.05
-9.00720e-04,0.01,-0.01
-9.00640e-04,0.03,0.05
-9.00560e-04,0.03,-0.01
-9.00480e-04,0.03,0.05
-9.00400e-04,0.01,-0.01
-9.00320e-04,0.03,0.05
-9.00240e-04,0.03,-0.01
-9.00160e-04,0.03,0.05
-9.00080e-04,0.01,-0.03
-9.00000e-04,0.01,0.05
-8.99920e-04,0.03,-0.01
-8.99840e-04,0.01,0.05
-8.99760e-04,0.03,-0.01
-8.99680e-04,0.01,0.05
-8.99600e-04,0.03,-0.03
-8.99520e-04,0.03,0.05
-8.99440e-04,-0.01,-0.03
-8.99360e-04,0.03,0.05
-8.99280e-04,0.03,-0.03
-8.99200e-04,0.03,0.05
-8.99120e-04,0.01,-0.03
-8.99040e-04,0.03,0.05
-8.98960e-04,0.03,-0.01
-8.98880e-04,0.01,0.05
-8.98800e-04,0.01,-0.03
-8.98720e-04,0.03,0.05
-8.98640e-04,0.01,-0.03
-8.98560e-04,0.01,0.05
-8.98480e-04,0.03,-0.03
-8.98400e-04,0.01,0.05
-8.98320e-04,0.03,-0.03
-8.98240e-04,0.01,0.05
-8.98160e-04,0.01,-0.03
-8.98080e-04,0.05,0.05
-8.98000e-04,0.03,-0.01
-8.97920e-04,0.03,0.05
-8.97840e-04,0.01,-0.03
-8.97760e-04,0.03,0.05
-8.97680e-04,0.03,-0.01
-8.97600e-04,0.03,0.05
-8.97520e-04,0.03,-0.03
-8.97440e-04,0.03,0.05
-8.97360e-04,0.03,-0.01
-8.97280e-04,0.01,0.05
-8.97200e-04,0.05,-0.03
-8.97120e-04,0.03,0.05
-8.97040e-04,0.05,-0.03
-8.96960e-04,0.03,0.07
-8.96880e-04,0.03,-0.03
-8.96800e-04,0.03,0.05
-8.96720e-04,0.03,-0.03
-8.96640e-04,0.03,0.05
-8.96560e-04,0.03,-0.03
-8.96480e-04,0.03,0.07
-8.96400e-04,0.01,-0.03
-8.96320e-04,0.05,0.07
-8.96240e-04,0.03,-0.01
-8.96160e-04,0.05,0.05
-8.96080e-04,0.03,-0.01
-8.96000e-04,0.03,0.05
-8.95920e-04,0.03,-0.01
-8.95840e-04,-0.01,0.07
-8.95760e-04,0.03,-0.03
-8.95680e-04,0.03,0.07
-8.95600e-04,0.03,-0.03
-8.95520e-04,0.03,0.05
-8.95440e-04,0.03,-0.03
-8.95360e-04,0.05,0.05
-8.95280e-04,0.03,-0.05
-8.95200e-04,0.03,0.07
-8.95120e-04,0.01,-0.03
-8.95040e-04,0.03,0.09
-8.94960e-04,0.03,-0.03
-8.94880e-04,0.03,0.07
-8.94800e-04,0.03,-0.01
-8.94720e-04,0.03,0.05
-8.94640e-04,0.05,-0.01
-8.94560e-04,0.01,0.05
-8.94480e-04,0.03,-0.01
-8.94400e-04,0.03,0.05
-8.94320e-04,0.03,-0.01
-8.94240e-04,0.03,0.07
-8.94160e-04,0.03,-0.03
-8.94080e-04,0.03,0.05
-8.94000e-04,0.03,-0.01
-8.93920e-04,0.03,0.05
-8.93840e-04,0.03,-0.01
-8.93760e-04,0.03,0.05
-8.93680e-04,0.03,-0.03
-8.93600e-04,0.03,0.05
-8.93520e-04,0.03,-0.01
-8.93440e-04,0.03,0.05
-8.93360e-04,0.05,-0.01
-8.93280e-04,0.03,0.05
-8.93200e-04,0.05,-0.01
-8.93120e-04,0.01,0.05
-8.93040e-04,0.05,-0.01
-8.92960e-04,0.03,0.05
-8.92880e-04,0.03,-0.03
-8.92800e-04,0.03,0.05
-8.92720e-04,0.03,-0.01
-8.92640e-04,0.03,0.05
-8.92560e-04,0.03,-0.01
-8.92480e-04,0.03,0.05
-8.92400e-04,0.01,-0.01
-8.92320e-04,0.05,0.05
-8.92240e-04,0.03,-0.01
-8.92160e-04,0.01,0.05
-8.92080e-04,0.05,-0.01
-8.92000e-04,0.03,0.05
-8.91920e-04,0.03,-0.03
-8.91840e-04,0.01,0.05
-8.91760e-04,0.05,-0.01
-8.91680e-04,0.01,0.05
-8.91600e-04,0.03,-0.01
-8.91520e-04,0.03,0.07
-8.91440e-04,0.01,-0.01
-8.91360e-04,0.03,0.05
-8.91280e-04,0.01,-0.03
-8.91200e-04,0.05,0.05
-8.91120e-04,0.03,-0.01
-8.91040e-04,0.05,0.05
-8.90960e-04,0.03,-0.01
-8.90880e-04,0.03,0.05
-8.90800e-04,0.03,-0.01
-8.90720e-04,0.01,0.05
-8.90640e-04,0.03,-0.03
-8.90560e-04,0.03,0.05
-8.90480e-04,0.03,-0.03
-8.90400e-04,0.05,0.05
-8.90320e-04,0.01,-0.01
-8.90240e-04,0.03,0.05
-8.90160e-04,0.03,-0.01
-8.90080e-04,0.05,0.05
-8.90000e-04,0.01,-0.01
-8.89920e-04,0.01,0.05
-8.89840e-04,-0.01,-0.03
-8.89760e-04,0.05,0.05
-8.89680e-04,0.03,-0.03
-8.89600e-04,0.05,0.05
-8.89520e-04,0.03,-0.03
-8.89440e-04,0.03,0.07
-8.89360e-04,0.03,-0.03
-8.89280e-04,0.03,0.07
-8.89200e-04,0.05,-0.01
-8.89120e-04,0.03,0.05
-8.89040e-04,0.03,-0.01
-8.88960e-04,0.03,0.05
-8.88880e-04,0.03,-0.03
-8.88800e-04,0.01,0.05
-8.88720e-04,0.03,-0.01
-8.88640e-04,0.03,0.05
-8.88560e-04,0.01,-0.03
-8.88480e-04,0.05,0.05
-8.88400e-04,0.01,-0.03
-8.88320e-04,0.03,0.07
-8.88240e-04,0.01,-0.01
-8.88160e-04,0.03,0.05
-8.88080e-04,0.01,-0.03
-8.88000e-04,0.03,0.05
-8.87920e-04,0.03,-0.03
-8.87840e-04,0.03,0.05
-8.87760e-04,0.03,-0.01
-8.87680e-04,0.03,0.05
-8.87600e-04,0.03,-0.03
-8.87520e-04,0.03,0.05
-8.87440e-04,0.03,-0.01
-8.87360e-04,0.01,0.05
-8.87280e-04,0.01,-0.03
-8.87200e-04,0.03,0.05
-8.87120e-04,-0.01,-0.01
-8.87040e-04,0.03,0.05
-8.86960e-04,0.01,-0.03
-8.86880e-04,0.03,0.05
-8.86800e-04,0.03,-0.03
-8.86720e-04,0.03,0.05
-8.86640e-04,0.03,-0.01
-8.86560e-04,0.03,0.05
-8.86480e-04,0.03,-0.01
-8.86400e-04,0.03,0.05
-8.86320e-04,0.03,-0.01
-8.86240e-04,0.03,0.05
-8.86160e-04,0.01,-0.01
-8.86080e-04,0.03,0.05
-8.86000e-04,0.03,-0.03
-8.85920e-04,0.03,0.05
-8.85840e-04,0.01,-0.01
-8.85760e-04,0.03,0.05
-8.85680e-04,0.01,-0.01
-8.85600e-04,0.03,0.05
-8.85520e-04,0.03,-0.01
-8.85440e-04,0.03,0.05
-8.85360e-04,0.03,-0.01
-8.85280e-04,0.03,0.05
-8.85200e-04,0.03,-0.01
-8.85120e-04,0.01,0.05
-8.85040e-04,0.03,-0.03
-8.84960e-04,0.03,0.05
-8.84880e-04,0.03,-0.01
-8.84800e-04,0.03,0.07
-8.84720e-04,0.01,-0.03
-8.84640e-04,0.03,0.05
-8.84560e-04,0.01,-0.01
-8.84480e-04,0.05,0.05
-8.84400e-04,-0.01,-0.01
-8.84320e-04,0.03,0.05
-8.84240e-04,0.01,-0.03
-8.84160e-04,0.01,0.05
-8.84080e-04,0.01,-0.03
-8.84000e-04,0.01,0.05
-8.83920e-04,0.03,-0.03
-8.83840e-04,0.01,0.05
-8.83760e-04,0.05,-0.03
-8.83680e-04,0.01,0.03
-8.83600e-04,0.05,-0.01
-8.83520e-04,0.01,0.05
-8.83440e-04,0.03,-0.03
-8.83360e-04,0.05,0.05
-8.83280e-04,0.03,-0.03
-8.83200e-04,0.03,0.05
-8.83120e-04,0.01,-0.03
-8.83040e-04,0.03,0.07
-8.82960e-04,0.03,-0.03
-8.82880e-04,0.03,0.05
-8.82800e-04,0.03,-0.01
-8.82720e-04,0.01,0.05
-8.82640e-04,0.03,-0.03
-8.82560e-04,0.01,0.05
-8.82480e-04,0.03,-0.01
-8.82400e-04,0.03,0.05
-8.82320e-04,0.05,-0.03
-8.82240e-04,0.03,0.05
-8.82160e-04,0.03,-0.03
-8.82080e-04,0.03,0.07
-8.82000e-04,0.01,-0.03
-8.81920e-04,0.05,0.05
-8.81840e-04,0.03,-0.01
-8.81760e-04,0.03,0.05
-8.81680e-04,0.03,-0.03
-8.81600e-04,0.01,0.05
-8.81520e-04,0.03,-0.03
-8.81440e-04,0.03,0.05
-8.81360e-04,0.03,-0.03
-8.81280e-04,0.03,0.05
-8.81200e-04,0.03,-0.03
-8.81120e-04,0.03,0.05
-8.81040e-04,0.03,-0.01
-8.80960e-04,0.03,0.07
-8.80880e-04,0.03,-0.01
-8.80800e-04,0.01,0.05
-8.80720e-04,0.03,-0.03
-8.80640e-04,0.03,0.05
-8.80560e-04,0.03,-0.01
-8.80480e-04,0.05,0.05
-8.80400e-04,0.03,-0.03
-8.80320e-04,0.03,0.05
-8.80240e-04,0.03,-0.01
-8.80160e-04,0.03,0.05
-8.80080e-04,0.03,-0.01
-8.80000e-04,0.03,0.05
-8.79920e-04,0.03,-0.01
-8.79840e-04,0.03,0.05
-8.79760e-04,0.03,-0.01
-8.79680e-04,0.03,0.05
-8.79600e-04,0.03,-0.01
-8.79520e-04,0.05,0.05
-8.79440e-04,0.03,-0.03
-8.79360e-04,0.03,0.05
-8.79280e-04,0.03,-0.01
-8.79200e-04,0.03,0.05
-8.79120e-04,0.03,-0.01
-8.79040e-04,0.05,0.05
-8.78960e-04,0.03,-0.01
-8.78880e-04,0.03,0.05
-8.78800e-04,0.03,-0.01
-8.78720e-04,0.01,0.05
-8.78640e-04,0.03,-0.01
-8.78560e-04,0.03,0.05
-8.78480e-04,0.03,-0.03
-8.78400e-04,0.03,0.05
-8.78320e-04,0.03,-0.01
-8.78240e-04,0.03,0.05
-8.78160e-04,0.03,-0.03
-8.78080e-04,0.03,0.05
-8.78000e-04,0.03,-0.01
-8.77920e-04,0.05,0.05
-8.77840e-04,0.01,-0.01
-8.77760e-04,0.03,0.05
-8.77680e-04,0.03,-0.01
-8.77600e-04,0.03,0.05
-8.77520e-04,0.03,-0.03
-8.77440e-04,0.03,0.05
-8.77360e-04,0.03,-0.01
-8.77280e-04,0.01,0.05
-8.77200e-04,0.03,-0.03
-8.77120e-04,0.01,0.05
-8.77040e-04,0.05,-0.01
-8.76960e-04,0.03,0.05
-8.76880e-04,0.03,-0.03
-8.76800e-04,0.03,0.05
-8.76720e-04,0.03,-0.03
-8.76640e-04,0.03,0.05
-8.76560e-04,0.01,-0.03
-8.76480e-04,0.03,0.05
-8.76400e-04,0.01,-0.01
-8.76320e-04,0.03,0.05
-8.76240e-04,0.01,-0.03
-8.76160e-04,0.03,0.05
-8.76080e-04,0.01,-0.03
-8.76000e-04,0.03,0.05
-8.75920e-04,0.03,-0.03
-8.75840e-04,0.01,0.05
-8.75760e-04,0.03,-0.01
-8.75680e-04,0.01,0.05
-8.75600e-04,0.03,-0.03
-8.75520e-04,0.03,0.05
-8.75440e-04,0.03,-0.03
-8.75360e-04,0.05,0.05
-8.75280e-04,-0.01,-0.03
-8.75200e-04,0.03,0.05
-8.75120e-04,0.03,-0.03
-8.75040e-04,0.05,0.05
-8.74960e-04,0.01,-0.03
-8.74880e-04,0.05,0.05
-8.74800e-04,0.01,-0.09
-8.74720e-04,0.01,0.07
-8.74640e-04,0.05,-0.05
-8.74560e-04,-0.01,0.07
-8.74480e-04,0.03,-0.03
-8.74400e-04,0.01,0.05
-8.74320e-04,0.03,-0.03
-8.74240e-04,0.01,0.05
-8.74160e-04,0.03,-0.03
-8.74080e-04,0.03,0.05
-8.74000e-04,0.03,-0.03
-8.73920e-04,0.03,0.05
-8.73840e-04,0.03,-0.01
-8.73760e-04,0.03,0.05
-8.73680e-04,0.01,-0.03
-8.73600e-04,0.03,0.05
-8.73520e-04,0.03,-0.01
-8.73440e-04,0.01,0.05
-8.73360e-04,0.03,-0.01
-8.73280e-04,0.03,0.05
-8.73200e-04,0.01,-0.01
-8.73120e-04,0.03,0.05
-8.73040e-04,0.03,-0.01
-8.72960e-04,0.03,0.05
-8.72880e-04,0.03,-0.01
-8.72800e-04,0.03,0.05
-8.72720e-04,0.03,-0.01
-8.72640e-04,0.03,0.05
-8.72560e-04,0.03,-0.01
-8.72480e-04,0.05,0.05
-8.72400e-04,0.03,-0.03
-8.72320e-04,0.03,0.05
-8.72240e-04,0.03,-0.03
-8.72160e-04,0.03,0.05
-8.72080e-04,0.03,-0.03
-8.72000e-04,0.03,0.05
-8.71920e-04,0.05,-0.01
-8.71840e-04,0.03,0.05
-8.71760e-04,0.03,-0.03
-8.71680e-04,0.03,0.05
-8.71600e-04,0.03,-0.01
-8.71520e-04,0.01,0.05
-8.71440e-04,0.01,-0.01
-8.71360e-04,0.03,0.05
-8.71280e-04,0.03,-0.01
-8.71200e-04,0.03,0.05
-8.71120e-04,0.01,-0.01
-8.71040e-04,0.03,0.05
-8.70960e-04,0.03,-0.01
-8.70880e-04,0.03,0.05
-8.70800e-04,0.03,-0.01
-8.70720e-04,0.03,0.05
-8.70640e-04,0.05,-0.01
-8.70560e-04,0.03,0.05
-8.70480e-04,0.03,-0.01
-8.70400e-04,0.03,0.05
-8.70320e-04,0.03,-0.01
-8.70240e-04,0.01,0.05
-8.70160e-04,0.05,-0.01
-8.70080e-04,0.03,0.05
-8.70000e-04,0.03,-0.01
-8.69920e-04,0.03,0.05
-8.69840e-04,0.03,-0.01
-8.69760e-04,0.03,0.05
-8.69680e-04,0.03,-0.01
-8.69600e-04,0.05,0.05
-8.69520e-04,0.03,-0.01
-8.69440e-04,0.01,0.05
-8.69360e-04,0.03,-0.01
-8.69280e-04,0.05,0.05
-8.69200e-04,0.03,-0.03
-8.69120e-04,0.01,0.05
-8.69040e-04,0.03,-0.03
-8.68960e-04,0.03,0.07
-8.68880e-04,0.03,-0.01
-8.68800e-04,0.03,0.05
-8.68720e-04,0.03,-0.03
-8.68640e-04,0.01,0.05
-8.68560e-04,0.01,-0.03
-8.68480e-04,0.03,0.05
-8.68400e-04,0.03,-0.01
-8.68320e-04,0.03,0.05
-8.68240e-04,0.03,-0.03
-8.68160e-04,0.05,0.05
-8.68080e-04,0.05,-0.03
-8.68000e-04,0.01,0.13
-8.67920e-04,0.01,-0.05
-8.67840e-04,0.03,0.07
-8.67760e-04,0.05,-0.03
-8.67680e-04,0.05,0.07
-8.67600e-04,0.03,-0.03
-8.67520e-04,0.03,0.05
-8.67440e-04,0.01,-0.03
-8.67360e-04,0.03,0.05
-8.67280e-04,0.01,-0.01
-8.67200e-04,0.03,0.05
-8.67120e-04,0.01,-0.01
-8.67040e-04,0.05,0.05
-8.66960e-04,0.03,-0.01
-8.66880e-04,0.03,0.05
-8.66800e-04,0.03,-0.01
-8.66720e-04,0.03,0.05
-8.66640e-04,0.01,-0.01
-8.66560e-04,0.05,0.07
-8.66480e-04,0.01,-0.03
-8.66400e-04,0.03,0.07
-8.66320e-04,0.05,-0.01
-8.66240e-04,0.03,0.05
-8.66160e-04,0.03,-0.01
-8.66080e-04,0.03,0.05
-8.66000e-04,0.01,-0.03
-8.65920e-04,0.03,0.07
-8.65840e-04,0.03,-0.03
-8.65760e-04,0.03,0.05
-8.65680e-04,0.03,-0.01
-8.65600e-04,0.03,0.07
-8.65520e-04,0.01,-0.01
-8.65440e-04,0.03,0.05
-8.65360e-04,0.05,-0.03
-8.65280e-04,0.03,0.05
-8.65200e-04,0.03,-0.01
-8.65120e-04,0.03,0.05
-8.65040e-04,0.03,-0.03
-8.64960e-04,0.01,0.05
-8.64880e-04,0.03,-0.03
-8.64800e-04,0.03,0.05
-8.64720e-04,0.01,-0.01
-8.64640e-04,0.05,0.05
-8.64560e-04,0.01,-0.03
-8.64480e-04,0.03,0.05
-8.64400e-04,0.01,-0.01
-8.64320e-04,0.03,0.05
-8.64240e-04,0.03,-0.01
-8.64160e-04,0.03,0.05
-8.64080e-04,0.03,-0.01
-8.64000e-04,0.03,0.05
-8.63920e-04,0.03,-0.03
-8.63840e-04,0.03,0.05
-8.63760e-04,0.03,-0.03
-8.63680e-04,0.01,0.05
-8.63600e-04,0.03,-0.01
-8.63520e-04,0.03,0.05
-8.63440e-04,0.01,-0.01
-8.63360e-04,0.03,0.05
-8.63280e-04,0.01,-0.03
-8.63200e-04,0.05,0.05
-8.63120e-04,0.01,-0.01
-8.63040e-04,0.03,0.05
-8.62960e-04,0.03,-0.01
-8.62880e-04,0.03,0.05
-8.62800e-04,0.01,-0.03
-8.62720e-04,0.03,0.05
-8.62640e-04,0.03,-0.01
-8.62560e-04,0.03,0.05
-8.62480e-04,0.03,-0.01
-8.62400e-04,0.03,0.05
-8.62320e-04,0.03,-0.01
-8.62240e-04,0.03,0.05
-8.62160e-04,0.03,-0.03
-8.62080e-04,0.01,0.05
-8.62000e-04,0.03,-0.03
-8.61920e-04,0.03,0.05
-8.61840e-04,0.03,-0.01
-8.61760e-04,0.03,0.05
-8.61680e-04,0.01,-0.01
-8.61600e-04,0.03,0.05
-8.61520e-04,0.03,-0.03
-8.61440e-04,0.01,0.05
-8.61360e-04,0.03,-0.01
-8.61280e-04,0.03,0.05
-8.61200e-04,0.03,-0.03
-8.61120e-04,0.03,0.05
-8.61040e-04,0.03,-0.01
-8.60960e-04,0.03,0.05
-8.60880e-04,0.03,-0.01
-8.60800e-04,0.05,0.05
-8.60720e-04,0.01,-0.03
-8.60640e-04,0.01,0.05
-8.60560e-04,0.01,-0.03
-8.60480e-04,0.01,0.05
-8.60400e-04,0.01,-0.03
-8.60320e-04,0.05,0.05
-8.60240e-04,0.03,-0.03
-8.60160e-04,0.03,0.07
-8.60080e-04,0.03,-0.01
-8.60000e-04,0.03,0.05
-8.59920e-04,0.03,-0.01
-8.59840e-04,0.01,0.05
-8.59760e-04,0.05,-0.03
-8.59680e-04,0.01,0.05
-8.59600e-04,0.05,-0.03
-8.59520e-04,0.03,0.05
-8.59440e-04,0.03,-0.03
-8.59360e-04,0.03,0.05
-8.59280e-04,0.03,-0.03
-8.59200e-04,0.03,0.05
-8.59120e-04,0.03,-0.03
-8.59040e-04,0.03,0.05
-8.58960e-04,0.03,-0.03
-8.58880e-04,0.03,0.05
-8.58800e-04,0.03,-0.01
-8.58720e-04,0.03,0.05
-8.58640e-04,0.03,-0.01
-8.58560e-04,0.03,0.05
-8.58480e-04,0.03,-0.03
-8.58400e-04,0.03,0.05
-8.58320e-04,0.03,-0.03
-8.58240e-04,0.03,0.05
-8.58160e-04,0.03,-0.01
-8.58080e-04,0.01,0.05
-8.58000e-04,0.03,-0.01
-8.57920e-04,0.05,0.05
-8.57840e-04,0.01,-0.03
-8.57760e-04,0.03,0.05
-8.57680e-04,0.03,-0.01
-8.57600e-04,0.05,0.05
-8.57520e-04,0.03,-0.03
-8.57440e-04,0.01,0.05
-8.57360e-04,0.03,-0.01
-8.57280e-04,0.01,0.05
-8.57200e-04,0.03,-0.01
-8.57120e-04,0.01,0.05
-8.57040e-04,0.05,-0.01
-8.56960e-04,0.03,0.05
-8.56880e-04,0.03,-0.03
-8.56800e-04,0.03,0.05
-8.56720e-04,0.03,-0.01
-8.56640e-04,0.03,0.05
-8.56560e-04,0.01,-0.03
-8.56480e-04,0.03,0.05
-8.56400e-04,0.03,-0.01
-8.56320e-04,0.03,0.05
-8.56240e-04,0.01,-0.01
-8.56160e-04,0.03,0.05
-8.56080e-04,0.03,-0.01
-8.56000e-04,0.01,0.05
-8.55920e-04,0.03,-0.01
-8.55840e-04,0.01,0.05
-8.55760e-04,0.05,-0.01
-8.55680e-04,0.03,0.05
-8.55600e-04,0.03,-0.01
-8.55520e-04,0.03,0.05
-8.55440e-04,0.01,-0.01
-8.55360e-04,0.05,0.05
-8.55280e-04,0.03,-0.03
-8.55200e-04,0.03,0.05
-8.55120e-04,0.03,-0.01
-8.55040e-04,0.03,0.05
-8.54960e-04,0.03,-0.01
-8.54880e-04,0.03,0.05
-8.54800e-04,0.03,-0.01
-8.54720e-04,0.03,0.05
-8.54640e-04,0.03,-0.01
-8.54560e-04,0.01,0.05
-8.54480e-04,0.05,-0.03
-8.54400e-04,0.03,0.05
-8.54320e-04,0.03,-0.01
-8.54240e-04,0.03,0.05
-8.54160e-04,0.03,-0.03
-8.54080e-04,0.03,0.05
-8.54000e-04,0.03,-0.01
-8.53920e-04,0.03,0.05
-8.53840e-04,0.03,-0.01
-8.53760e-04,0.05,0.05
-8.53680e-04,0.03,-0.01
-8.53600e-04,0.05,0.05
-8.53520e-04,0.01,-0.01
-8.53440e-04,0.03,0.05
-8.53360e-04,0.03,-0.01
-8.53280e-04,0.01,0.07
-8.53200e-04,0.01,-0.03
-8.53120e-04,0.01,0.05
-8.53040e-04,0.05,-0.03
-8.52960e-04,0.03,0.05
-8.52880e-04,0.05,-0.05
-8.52800e-04,0.03,0.07
-8.52720e-04,0.03,-0.03
-8.52640e-04,0.05,0.05
-8.52560e-04,0.03,-0.03
-8.52480e-04,0.03,0.05
-8.52400e-04,0.03,-0.03
-8.52320e-04,0.05,0.05
-8.52240e-04,0.01,-0.01
-8.52160e-04,0.03,0.05
-8.52080e-04,0.05,-0.03
-8.52000e-04,0.03,0.05
-8.51920e-04,0.03,-0.03
-8.51840e-04,0.01,0.05
-8.51760e-04,0.03,-0.01
-8.51680e-04,0.03,0.05
-8.51600e-04,0.03,-0.03
-8.51520e-04,0.03,0.05
-8.51440e-04,0.03,-0.01
-8.51360e-04,0.03,0.05
-8.51280e-04,0.03,-0.01
-8.51200e-04,0.05,0.05
-8.51120e-04,0.01,-0.03
-8.51040e-04,0.03,0.05
-8.50960e-04,0.01,-0.01
-8.50880e-04,0.03,0.05
-8.50800e-04,0.03,-0.01
-8.50720e-04,0.03,0.05
-8.50640e-04,0.03,-0.03
-8.50560e-04,0.03,0.05
-8.50480e-04,0.01,-0.03
-8.50400e-04,0.03,0.05
-8.50320e-04,0.03,-0.03
-8.50240e-04,0.03,0.05
-8.50160e-04,0.01,-0.01
-8.50080e-04,0.03,0.05
-8.50000e-04,0.03,-0.01
-8.49920e-04,0.01,0.05
-8.49840e-04,0.03,-0.03
-8.49760e-04,0.03,0.05
-8.49680e-04,0.01,-0.03
-8.49600e-04,0.03,0.05
-8.49520e-04,0.03,-0.03
-8.49440e-04,0.01,0.05
-8.49360e-04,0.03,-0.03
-8.49280e-04,0.03,0.05
-8.49200e-04,0.03,-0.03
-8.49120e-04,0.01,0.05
-8.49040e-04,0.03,-0.01
-8.48960e-04,0.03,0.05
-8.48880e-04,0.01,-0.01
-8.48800e-04,0.03,0.05
-8.48720e-04,0.01,-0.03
-8.48640e-04,0.03,0.05
-8.48560e-04,0.01,-0.03
-8.48480e-04,0.03,0.05
-8.48400e-04,0.01,-0.01
-8.48320e-04,0.03,0.05
-8.48240e-04,0.03,-0.03
-8.48160e-04,0.03,0.05
-8.48080e-04,0.05,-0.01
-8.48000e-04,0.01,0.05
-8.47920e-04,0.05,-0.03
-8.47840e-04,0.01,0.05
-8.47760e-04,0.03,-0.03
-8.47680e-04,0.01,0.05
-8.47600e-04,0.03,-0.01
-8.47520e-04,0.03,0.05
-8.47440e-04,0.03,-0.03
-8.47360e-04,0.01,0.05
-8.47280e-04,0.03,-0.01
-8.47200e-04,0.03,0.05
-8.47120e-04,0.01,-0.03
-8.47040e-04,0.03,0.05
-8.46960e-04,0.01,-0.01
-8.46880e-04,0.03,0.05
-8.46800e-04,0.01,-0.03
-8.46720e-04,0.03,0.05
-8.46640e-04,0.05,-0.03
-8.46560e-04,0.03,0.05
-8.46480e-04,0.01,-0.01
-8.46400e-04,0.03,0.05
-8.46320e-04,0.03,-0.01
-8.46240e-04,0.03,0.05
-8.46160e-04,0.05,-0.03
-8.46080e-04,0.05,0.05
-8.46000e-04,0.03,-0.03
-8.45920e-04,0.01,0.05
-8.45840e-04,-0.01,-0.03
-8.45760e-04,0.03,0.07
-8.45680e-04,0.03,-0.03
-8.45600e-04,0.03,0.07
-8.45520e-04,0.03,-0.03
-8.45440e-04,0.01,0.05
-8.45360e-04,0.03,-0.01
-8.45280e-04,0.03,0.05
-8.45200e-04,0.03,-0.01
-8.45120e-04,0.01,0.05
-8.45040e-04,0.03,-0.03
-8.44960e-04,0.03,0.05
-8.44880e-04,0.03,-0.03
-8.44800e-04,0.03,0.07
-8.44720e-04,0.03,-0.03
-8.44640e-04,0.03,0.05
-8.44560e-04,0.01,-0.03
-8.44480e-04,0.03,0.05
-8.44400e-04,0.01,-0.03
-8.44320e-04,0.03,0.05
-8.44240e-04,0.03,-0.03
-8.44160e-04,0.03,0.05
-8.44080e-04,0.03,-0.03
-8.44000e-04,0.03,0.05
-8.43920e-04,0.03,-0.03
-8.43840e-04,0.03,0.05
-8.43760e-04,0.03,-0.03
-8.43680e-04,0.03,0.05
-8.43600e-04,0.03,-0.03
-8.43520e-04,0.03,0.05
-8.43440e-04,0.03,-0.01
-8.43360e-04,0.03,0.05
-8.43280e-04,0.01,-0.01
-8.43200e-04,0.03,0.05
-8.43120e-04,0.01,-0.03
-8.43040e-04,0.03,0.05
-8.42960e-04,0.03,-0.03
-8.42880e-04,0.05,0.05
-8.42800e-04,0.03,-0.05
-8.42720e-04,0.01,0.07
-8.42640e-04,0.01,-0.03
-8.42560e-04,0.03,0.07
-8.42480e-04,0.03,-0.01
-8.42400e-04,0.03,0.05
-8.42320e-04,0.05,-0.01
-8.42240e-04,0.01,0.05
-8.42160e-04,0.03,-0.01
-8.42080e-04,0.03,0.05
-8.42000e-04,0.05,-0.03
-8.41920e-04,0.03,0.05
-8.41840e-04,0.01,-0.01
-8.41760e-04,0.03,0.05
-8.41680e-04,0.03,-0.01
-8.41600e-04,0.03,0.05
-8.41520e-04,0.01,-0.01
-8.41440e-04,0.03,0.05
-8.41360e-04,0.01,-0.01
-8.41280e-04,0.03,0.07
-8.41200e-04,0.03,-0.01
-8.41120e-04,0.03,0.05
-8.41040e-04,0.03,-0.01
-8.40960e-04,0.03,0.05
-8.40880e-04,0.03,-0.01
-8.40800e-04,0.03,0.05
-8.40720e-04,0.03,-0.01
-8.40640e-04,0.03,0.07
-8.40560e-04,0.03,-0.03
-8.40480e-04,0.03,0.05
-8.40400e-04,0.03,-0.01
-8.40320e-04,0.03,0.05
-8.40240e-04,0.03,-0.01
-8.40160e-04,0.03,0.05
-8.40080e-04,0.03,-0.01
-8.40000e-04,0.01,0.05
-8.39920e-04,0.03,-0.01
-8.39840e-04,0.01,0.05
-8.39760e-04,0.03,-0.01
-8.39680e-04,0.01,0.05
-8.39600e-04,0.03,-0.03
-8.39520e-04,0.03,0.05
-8.39440e-04,0.03,-0.01
-8.39360e-04,0.03,0.05
-8.39280e-04,0.01,-0.03
-8.39200e-04,0.05,0.03
-8.39120e-04,0.03,-0.03
-8.39040e-04,0.03,0.05
-8.38960e-04,0.01,-0.01
-8.38880e-04,0.01,0.05
-8.38800e-04,0.03,-0.01
-8.38720e-04,0.03,0.05
-8.38640e-04,0.03,-0.03
-8.38560e-04,0.01,0.05
-8.38480e-04,0.03,-0.03
-8.38400e-04,-0.01,0.05
-8.38320e-04,0.01,-0.03
-8.38240e-04,0.03,0.07
-8.38160e-04,0.03,-0.03
-8.38080e-04,0.05,0.07
-8.38000e-04,0.01,-0.03
-8.37920e-04,0.07,0.05
-8.37840e-04,0.01,-0.03
-8.37760e-04,0.03,0.07
-8.37680e-04,0.01,-0.01
-8.37600e-04,0.03,0.05
-8.37520e-04,0.03,-0.01
-8.37440e-04,0.01,0.05
-8.37360e-04,0.03,-0.03
-8.37280e-04,0.03,0.07
-8.37200e-04,0.03,-0.03
-8.37120e-04,0.01,0.05
-8.37040e-04,0.03,-0.01
-8.36960e-04,0.03,0.05
-8.36880e-04,0.03,-0.03
-8.36800e-04,0.05,0.05
-8.36720e-04,0.01,-0.01
-8.36640e-04,0.03,0.05
-8.36560e-04,0.03,-0.03
-8.36480e-04,0.03,0.05
-8.36400e-04,0.03,-0.03
-8.36320e-04,0.05,0.05
-8.36240e-04,0.01,-0.03
-8.36160e-04,0.03,0.05
-8.36080e-04,0.03,-0.01
-8.36000e-04,0.01,0.05
-8.35920e-04,0.05,-0.01
-8.35840e-04,-0.01,0.05
-8.35760e-04,0.03,-0.03
-8.35680e-04,0.03,0.05
-8.35600e-04,0.03,-0.03
-8.35520e-04,0.03,0.05
-8.35440e-04,0.03,-0.03
-8.35360e-04,0.03,0.05
-8.35280e-04,0.03,-0.01
-8.35200e-04,0.03,0.05
-8.35120e-04,0.03,-0.03
-8.35040e-04,0.05,0.05
-8.34960e-04,0.03,-0.03
-8.34880e-04,0.03,0.05
-8.34800e-04,0.03,-0.01
-8.34720e-04,0.01,0.05
-8.34640e-04,0.03,-0.03
-8.34560e-04,0.01,0.05
-8.34480e-04,0.03,-0.03
-8.34400e-04,0.03,0.05
-8.34320e-04,0.03,-0.03
-8.34240e-04,0.01,0.05
-8.34160e-04,0.03,-0.01
-8.34080e-04,0.03,0.05
-8.34000e-04,0.01,-0.03
-8.33920e-04,0.03,0.05
-8.33840e-04,0.01,-0.03
-8.33760e-04,0.05,0.05
-8.33680e-04,0.01,-0.01
-8.33600e-04,0.03,0.05
-8.33520e-04,0.05,-0.03
-8.33440e-04,0.03,0.05
-8.33360e-04,0.03,-0.01
-8.33280e-04,0.01,0.05
-8.33200e-04,0.03,-0.01
-8.33120e-04,0.01,0.05
-8.33040e-04,0.03,-0.03
-8.32960e-04,0.03,0.07
-8.32880e-04,0.03,-0.01
-8.32800e-04,0.03,0.05
-8.32720e-04,0.03,-0.03
-8.32640e-04,0.03,0.05
-8.32560e-04,0.01,-0.01
-8.32480e-04,0.05,0.05
-8.32400e-04,0.03,-0.01
-8.32320e-04,0.03,0.05
-8.32240e-04,0.05,-0.03
-8.32160e-04,0.03,0.05
-8.32080e-04,0.03,-0.01
-8.32000e-04,0.03,0.05
-8.31920e-04,0.05,-0.01
-8.31840e-04,0.01,0.05
-8.31760e-04,0.05,-0.01
-8.31680e-04,0.03,0.05
-8.31600e-04,0.03,-0.03
-8.31520e-04,0.03,0.05
-8.31440e-04,0.05,-0.01
-8.31360e-04,0.05,0.05
-8.31280e-04,0.01,-0.03
-8.31200e-04,0.03,0.07
-8.31120e-04,0.01,-0.03
-8.31040e-04,0.01,0.07
-8.30960e-04,0.03,-0.03
-8.30880e-04,0.03,0.07
-8.30800e-04,0.05,-0.03
-8.30720e-04,0.03,0.07
-8.30640e-04,0.05,-0.03
-8.30560e-04,0.01,0.05
-8.30480e-04,0.03,-0.01
-8.30400e-04,0.03,0.05
-8.30320e-04,0.03,-0.01
-8.30240e-04,0.03,0.05
-8.30160e-04,0.01,-0.03
-8.30080e-04,0.03,0.05
-8.30000e-04,-0.01,-0.03
-8.29920e-04,0.05,0.05
-8.29840e-04,0.03,-0.03
-8.29760e-04,0.03,0.05
-8.29680e-04,0.03,-0.03
-8.29600e-04,0.03,0.05
-8.29520e-04,0.03,-0.03
-8.29440e-04,0.01,0.05
-8.29360e-04,0.07,-0.03
-8.29280e-04,0.01,0.05
-8.29200e-04,0.05,-0.03
-8.29120e-04,0.03,0.07
-8.29040e-04,0.03,-0.01
-8.28960e-04,0.03,0.05
-8.28880e-04,0.01,-0.03
-8.28800e-04,0.03,0.07
-8.28720e-04,0.03,-0.01
-8.28640e-04,0.03,0.05
-8.28560e-04,0.01,-0.01
-8.28480e-04,0.03,0.05
-8.28400e-04,0.01,-0.01
-8.28320e-04,0.03,0.05
-8.28240e-04,0.03,-0.03
-8.28160e-04,0.03,0.05
-8.28080e-04,0.05,-0.03
-8.28000e-04,0.03,0.05
-8.27920e-04,0.05,-0.03
-8.27840e-04,0.03,0.05
-8.27760e-04,0.03,-0.03
-8.27680e-04,0.01,0.05
-8.27600e-04,0.03,-0.01
-8.27520e-04,0.03,0.05
-8.27440e-04,0.03,-0.01
-8.27360e-04,0.03,0.05
-8.27280e-04,0.03,-0.03
-8.27200e-04,0.03,0.05
-8.27120e-04,0.01,-0.03
-8.27040e-04,0.05,0.05
-8.26960e-04,0.03,-0.01
-8.26880e-04,0.03,0.05
-8.26800e-04,0.03,-0.03
-8.26720e-04,0.03,0.05
-8.26640e-04,0.03,-0.03
-8.26560e-04,0.03,0.05
-8.26480e-04,0.03,-0.05
-8.26400e-04,0.03,0.05
-8.26320e-04,0.03,-0.01
-8.26240e-04,0.03,0.05
-8.26160e-04,0.03,-0.01
-8.26080e-04,0.01,0.05
-8.26000e-04,0.01,-0.01
-8.25920e-04,0.05,0.05
-8.25840e-04,0.01,-0.01
-8.25760e-04,0.03,0.05
-8.25680e-04,0.01,-0.01
-8.25600e-04,0.03,0.05
-8.25520e-04,0.03,-0.01
-8.25440e-04,0.03,0.05
-8.25360e-04,0.03,-0.01
-8.25280e-04,0.03,0.05
-8.25200e-04,0.01,-0.01
-8.25120e-04,0.01,0.05
-8.25040e-04,0.03,-0.03
-8.24960e-04,0.01,0.05
-8.24880e-04,0.01,-0.01
-8.24800e-04,0.01,0.05
-8.24720e-04,0.01,-0.07
-8.24640e-04,0.03,0.07
-8.24560e-04,0.03,-0.03
-8.24480e-04,0.03,0.07
-8.24400e-04,0.01,-0.03
-8.24320e-04,0.03,0.03
-8.24240e-04,0.03,-0.01
-8.24160e-04,0.01,0.05
-8.24080e-04,0.03,-0.01
-8.24000e-04,0.05,0.05
-8.23920e-04,0.03,-0.05
-8.23840e-04,0.03,0.05
-8.23760e-04,0.03,-0.03
-8.23680e-04,0.01,0.05
-8.23600e-04,0.03,-0.03
-8.23520e-04,0.01,0.05
-8.23440e-04,0.01,-0.01
-8.23360e-04,0.01,0.05
-8.23280e-04,0.01,-0.01
-8.23200e-04,0.03,0.05
-8.23120e-04,0.03,-0.03
-8.23040e-04,0.03,0.05
-8.22960e-04,0.01,-0.03
-8.22880e-04,0.03,0.05
-8.22800e-04,0.01,-0.01
-8.22720e-04,0.01,0.05
-8.22640e-04,0.03,-0.03
-8.22560e-04,0.03,0.05
-8.22480e-04,0.03,-0.03
-8.22400e-04,0.01,0.03
-8.22320e-04,0.03,-0.03
-8.22240e-04,0.03,0.03
-8.22160e-04,0.03,-0.03
-8.22080e-04,0.03,0.05
-8.22000e-04,0.01,-0.03
-8.21920e-04,0.03,0.05
-8.21840e-04,0.01,-0.03
-8.21760e-04,0.03,0.05
-8.21680e-04,0.01,-0.03
-8.21600e-04,0.03,0.05
-8.21520e-04,0.01,-0.03
-8.21440e-04,0.03,0.05
-8.21360e-04,0.03,-0.03
-8.21280e-04,0.03,0.05
-8.21200e-04,0.03,-0.01
-8.21120e-04,0.03,0.05
-8.21040e-04,0.03,-0.01
-8.20960e-04,0.03,0.05
-8.20880e-04,0.01,-0.03
-8.20800e-04,0.03,0.05
-8.20720e-04,0.03,-0.01
-8.20640e-04,0.03,0.05
-8.20560e-04,0.03,-0.03
-8.20480e-04,0.03,0.05
-8.20400e-04,0.03,-0.01
-8.20320e-04,0.01,0.03
-8.20240e-04,0.01,-0.03
-8.20160e-04,0.03,0.05
-8.20080e-04,0.03,-0.01
-8.20000e-04,0.01,0.05
-8.19920e-04,0.03,-0.03
-8.19840e-04,0.03,0.05
-8.19760e-04,0.03,-0.03
-8.19680e-04,0.03,0.05
-8.19600e-04,0.03,-0.01
-8.19520e-04,0.03,0.05
-8.19440e-04,0.01,-0.03
-8.19360e-04,0.03,0.03
-8.19280e-04,0.03,-0.03
-8.19200e-04,0.03,0.05
-8.19120e-04,0.03,-0.01
-8.19040e-04,0.03,0.05
-8.18960e-04,0.03,-0.01
-8.18880e-04,0.03,0.03
-8.18800e-04,0.03,-0.01
-8.18720e-04,0.03,0.05
-8.18640e-04,0.01,-0.03
-8.18560e-04,0.01,0.05
-8.18480e-04,0.03,-0.03
-8.18400e-04,0.03,0.05
-8.18320e-04,0.01,-0.03
-8.18240e-04,0.03,0.07
-8.18160e-04,0.03,-0.03
-8.18080e-04,0.07,0.07
-8.18000e-04,0.05,-0.03
-8.17920e-04,0.03,0.11
-8.17840e-04,0.01,-0.05
-8.17760e-04,0.03,0.07
-8.17680e-04,0.01,-0.01
-8.17600e-04,0.03,0.05
-8.17520e-04,0.03,-0.01
-8.17440e-04,0.03,0.05
-8.17360e-04,0.03,-0.03
-8.17280e-04,0.01,0.05
-8.17200e-04,0.03,-0.01
-8.17120e-04,0.03,0.05
-8.17040e-04,0.03,-0.01
-8.16960e-04,0.03,0.05
-8.16880e-04,0.03,-0.01
-8.16800e-04,-0.01,0.05
-8.16720e-04,0.01,-0.03
-8.16640e-04,0.05,0.07
-8.16560e-04,0.03,-0.05
-8.16480e-04,0.03,0.07
-8.16400e-04,0.01,-0.03
-8.16320e-04,0.03,0.05
-8.16240e-04,0.01,-0.03
-8.16160e-04,0.03,0.07
-8.16080e-04,0.01,-0.01
-8.16000e-04,0.03,0.05
-8.15920e-04,0.03,-0.03
-8.15840e-04,0.01,0.07
-8.15760e-04,0.05,-0.03
-8.15680e-04,0.01,0.05
-8.15600e-04,0.05,-0.01
-8.15520e-04,0.01,0.07
-8.15440e-04,0.03,-0.03
-8.15360e-04,0.03,0.05
-8.15280e-04,0.03,-0.03
-8.15200e-04,0.01,0.05
-8.15120e-04,0.03,-0.03
-8.15040e-04,0.05,0.07
-8.14960e-04,0.03,-0.03
-8.14880e-04,0.01,0.05
-8.14800e-04,0.03,-0.03
-8.14720e-04,0.03,0.05
-8.14640e-04,0.01,-0.01
-8.14560e-04,0.03,0.05
-8.14480e-04,0.03,-0.03
-8.14400e-04,0.01,0.05
-8.14320e-04,0.03,-0.01
-8.14240e-04,0.03,0.05
-8.14160e-04,0.01,-0.03
-8.14080e-04,0.03,0.05
-8.14000e-04,-0.01,-0.03
-8.13920e-04,0.03,0.05
-8.13840e-04,0.03,-0.03
-8.13760e-04,0.03,0.05
-8.13680e-04,0.03,-0.03
-8.13600e-04,0.03,0.05
-8.13520e-04,0.03,-0.03
-8.13440e-04,0.03,0.05
-8.13360e-04,0.03,-0.03
-8.13280e-04,0.01,0.05
-8.13200e-04,0.03,-0.01
-8.13120e-04,0.01,0.05
-8.13040e-04,0.03,-0.03
-8.12960e-04,0.01,0.05
-8.12880e-04,0.03,-0.03
-8.12800e-04,0.03,0.05
-8.12720e-04,0.01,-0.03
-8.12640e-04,0.03,0.05
-8.12560e-04,0.03,-0.03
-8.12480e-04,0.03,0.05
-8.12400e-04,0.03,-0.03
-8.12320e-04,0.03,0.05
-8.12240e-04,0.03,-0.03
-8.12160e-04,0.03,0.05
-8.12080e-04,0.03,-0.01
-8.12000e-04,0.03,0.05
-8.11920e-04,0.05,-0.03
-8.11840e-04,0.03,0.05
-8.11760e-04,0.03,-0.03
-8.11680e-04,0.01,0.05
-8.11600e-04,0.03,-0.01
-8.11520e-04,0.01,0.05
-8.11440e-04,0.03,-0.01
-8.11360e-04,0.03,0.05
-8.11280e-04,0.01,-0.01
-8.11200e-04,0.03,0.05
-8.11120e-04,0.01,-0.01
-8.11040e-04,0.03,0.05
-8.10960e-04,0.03,-0.03
-8.10880e-04,0.03,0.05
-8.10800e-04,0.03,-0.01
-8.10720e-04,0.01,0.05
-8.10640e-04,0.05,-0.01
-8.10560e-04,0.03,0.05
-8.10480e-04,0.03,-0.01
-8.10400e-04,0.01,0.05
-8.10320e-04,0.03,-0.03
-8.10240e-04,0.05,0.05
-8.10160e-04,0.03,-0.01
-8.10080e-04,0.03,0.05
-8.10000e-04,0.01,-0.01
-8.09920e-04,0.05,0.05
-8.09840e-04,0.01,-0.01
-8.09760e-04,0.03,0.05
-8.09680e-04,0.01,-0.01
-8.09600e-04,0.03,0.05
-8.09520e-04,0.03,-0.01
-8.09440e-04,0.03,0.05
-8.09360e-04,0.01,-0.03
-8.09280e-04,-0.01,0.05
-8.09200e-04,0.05,-0.03
-8.09120e-04,0.03,0.05
-8.09040e-04,0.03,-0.03
-8.08960e-04,0.03,0.07
-8.08880e-04,0.03,-0.03
-8.08800e-04,0.03,0.05
-8.08720e-04,0.01,-0.01
-8.08640e-04,0.01,0.05
-8.08560e-04,0.01,-0.03
-8.08480e-04,0.03,0.05
-8.08400e-04,0.01,-0.03
-8.08320e-04,0.03,0.05
-8.08240e-04,0.03,-0.01
-8.08160e-04,0.03,0.05
-8.08080e-04,0.03,-0.03
-8.08000e-04,0.01,0.05
-8.07920e-04,0.03,-0.03
-8.07840e-04,0.03,0.05
-8.07760e-04,0.03,-0.03
-8.07680e-04,0.03,0.05
-8.07600e-04,0.01,-0.03
-8.07520e-04,0.03,0.05
-8.07440e-04,0.01,-0.03
-8.07360e-04,0.03,0.05
-8.07280e-04,0.01,-0.03
-8.07200e-04,0.05,0.05
-8.07120e-04,0.01,-0.03
-8.07040e-04,0.03,0.05
-8.06960e-04,0.03,-0.01
-8.06880e-04,0.03,0.05
-8.06800e-04,0.03,-0.01
-8.06720e-04,0.01,0.05
-8.06640e-04,0.03,-0.01
-8.06560e-04,0.03,0.05
-8.06480e-04,0.05,-0.03
-8.06400e-04,0.03,0.05
-8.06320e-04,0.05,-0.01
-8.06240e-04,0.01,0.05
-8.06160e-04,0.03,-0.01
-8.06080e-04,0.03,0.05
-8.06000e-04,0.03,-0.01
-8.05920e-04,0.03,0.05
-8.05840e-04,0.01,-0.01
-8.05760e-04,0.03,0.05
-8.05680e-04,0.03,-0.03
-8.05600e-04,0.03,0.05
-8.05520e-04,0.03,-0.01
-8.05440e-04,0.03,0.05
-8.05360e-04,0.03,-0.01
-8.05280e-04,0.03,0.05
-8.05200e-04,0.03,-0.03
-8.05120e-04,0.01,0.05
-8.05040e-04,0.03,-0.03
-8.04960e-04,0.03,0.05
-8.04880e-04,0.03,-0.01
-8.04800e-04,0.03,0.05
-8.04720e-04,0.01,-0.01
-8.04640e-04,0.05,0.05
-8.04560e-04,0.01,-0.03
-8.04480e-04,0.03,0.05
-8.04400e-04,0.03,-0.01
-8.04320e-04,0.05,0.05
-8.04240e-04,0.01,-0.01
-8.04160e-04,0.01,0.05
-8.04080e-04,0.03,-0.03
-8.04000e-04,0.01,0.05
-8.03920e-04,0.05,-0.01
-8.03840e-04,0.03,0.05
-8.03760e-04,0.03,-0.03
-8.03680e-04,0.03,0.07
-8.03600e-04,0.03,-0.01
-8.03520e-04,0.03,0.05
-8.03440e-04,0.03,-0.03
-8.03360e-04,0.03,0.05
-8.03280e-04,0.03,-0.01
-8.03200e-04,0.03,0.05
-8.03120e-04,0.03,-0.03
-8.03040e-04,0.01,0.05
-8.02960e-04,0.05,-0.03
-8.02880e-04,0.03,0.05
-8.02800e-04,0.03,-0.01
-8.02720e-04,0.03,0.05
-8.02640e-04,0.03,-0.03
-8.02560e-04,0.03,0.05
-8.02480e-04,0.03,-0.03
-8.02400e-04,0.03,0.05
-8.02320e-04,0.03,-0.01
-8.02240e-04,0.03,0.07
-8.02160e-04,0.01,-0.01
-8.02080e-04,0.03,0.05
-8.02000e-04,0.03,-0.05
-8.01920e-04,0.05,0.07
-8.01840e-04,0.03,-0.03
-8.01760e-04,0.03,0.05
-8.01680e-04,0.03,-0.03
-8.01600e-04,0.01,0.07
-8.01520e-04,0.03,-0.01
-8.01440e-04,0.01,0.05
-8.01360e-04,0.03,-0.01
-8.01280e-04,0.01,0.05
-8.01200e-04,0.03,-0.01
-8.01120e-04,0.03,0.05
-8.01040e-04,0.01,-0.01
-8.00960e-04,0.01,0.05
-8.00880e-04,0.03,-0.03
-8.00800e-04,0.03,0.05
-8.00720e-04,0.01,-0.03
-8.00640e-04,0.05,0.05
-8.00560e-04,0.03,-0.03
-8.00480e-04,0.03,0.05
-8.00400e-04,0.03,-0.03
-8.00320e-04,0.03,0.05
-8.00240e-04,0.03,-0.03
-8.00160e-04,0.03,0.05
-8.00080e-04,0.03,-0.01
-8.00000e-04,0.01,0.05
-7.99920e-04,0.01,-0.03
-7.99840e-04,0.01,0.05
-7.99760e-04,0.03,-0.01
-7.99680e-04,0.01,0.05
-7.99600e-04,0.01,-0.01
-7.99520e-04,0.01,0.05
-7.99440e-04,0.01,-0.01
-7.99360e-04,0.03,0.05
-7.99280e-04,0.01,-0.01
-7.99200e-04,0.03,0.05
-7.99120e-04,0.03,-0.01
-7.99040e-04,0.03,0.05
-7.98960e-04,0.03,-0.01
-7.98880e-04,0.03,0.05
-7.98800e-04,0.03,-0.03
-7.98720e-04,0.03,0.05
-7.98640e-04,0.03,-0.03
-7.98560e-04,0.01,0.05
-7.98480e-04,0.05,-0.01
-7.98400e-04,0.03,0.05
-7.98320e-04,0.05,-0.01
-7.98240e-04,0.01,0.05
-7.98160e-04,0.03,-0.01
-7.98080e-04,0.05,0.05
-7.98000e-04,0.03,-0.01
-7.97920e-04,0.05,0.05
-7.97840e-04,0.01,-0.01
-7.97760e-04,0.03,0.05
-7.97680e-04,0.03,-0.01
-7.97600e-04,0.05,0.05
-7.97520e-04,0.03,-0.03
-7.97440e-04,0.03,0.05
-7.97360e-04,0.03,-0.01
-7.97280e-04,0.01,0.05
-7.97200e-04,0.03,-0.01
-7.97120e-04,0.01,0.05
-7.97040e-04,0.03,-0.01
-7.96960e-04,0.01,0.05
-7.96880e-04,0.03,-0.01
-7.96800e-04,0.03,0.05
-7.96720e-04,0.01,-0.01
-7.96640e-04,0.03,0.05
-7.96560e-04,0.03,-0.01
-7.96480e-04,0.03,0.05
-7.96400e-04,0.01,-0.01
-7.96320e-04,0.05,0.05
-7.96240e-04,0.03,-0.01
-7.96160e-04,0.01,0.05
-7.96080e-04,0.03,-0.03
-7.96000e-04,0.01,0.05
-7.95920e-04,0.05,-0.01
-7.95840e-04,0.01,0.05
-7.95760e-04,0.05,-0.03
-7.95680e-04,0.01,0.05
-7.95600e-04,0.03,-0.01
-7.95520e-04,0.03,0.05
-7.95440e-04,0.03,-0.01
-7.95360e-04,0.03,0.05
-7.95280e-04,0.01,-0.01
-7.95200e-04,0.03,0.05
-7.95120e-04,0.03,-0.03
-7.95040e-04,0.03,0.05
-7.94960e-04,0.01,-0.01
-7.94880e-04,0.03,0.05
-7.94800e-04,0.05,-0.03
-7.94720e-04,0.03,0.05
-7.94640e-04,0.03,-0.03
-7.94560e-04,0.03,0.05
-7.94480e-04,0.03,-0.03
-7.94400e-04,0.03,0.05
-7.94320e-04,0.03,-0.03
-7.94240e-04,0.03,0.07
-7.94160e-04,0.01,-0.03
-7.94080e-04,0.05,0.05
-7.94000e-04,0.01,-0.03
-7.93920e-04,0.03,0.05
-7.93840e-04,0.03,-0.03
-7.93760e-04,0.03,0.05
-7.93680e-04,0.03,-0.03
-7.93600e-04,0.03,0.05
-7.93520e-04,0.03,-0.01
-7.93440e-04,0.03,0.05
-7.93360e-04,0.05,-0.01
-7.93280e-04,0.01,0.05
-7.93200e-04,0.03,-0.01
-7.93120e-04,0.01,0.05
-7.93040e-04,0.03,-0.01
-7.92960e-04,0.03,0.05
-7.92880e-04,0.03,-0.01
-7.92800e-04,0.03,0.05
-7.92720e-04,0.01,-0.03
-7.92640e-04,0.03,0.05
-7.92560e-04,0.01,-0.01
-7.92480e-04,0.05,0.05
-7.92400e-04,0.03,-0.01
-7.92320e-04,0.03,0.05
-7.92240e-04,0.01,-0.01
-7.92160e-04,0.03,0.05
-7.92080e-04,-0.01,-0.03
-7.92000e-04,0.01,0.05
-7.91920e-04,0.03,-0.03
-7.91840e-04,0.03,0.05
-7.91760e-04,0.03,-0.01
-7.91680e-04,0.01,0.05
-7.91600e-04,0.03,-0.01
-7.91520e-04,0.03,0.05
-7.91440e-04,0.03,-0.01
-7.91360e-04,0.03,0.05
-7.91280e-04,0.03,-0.01
-7.91200e-04,0.03,0.07
-7.91120e-04,0.03,-0.03
-7.91040e-04,0.03,0.05
-7.90960e-04,0.03,-0.01
-7.90880e-04,0.01,0.05
-7.90800e-04,0.03,-0.01
-7.90720e-04,0.05,0.05
-7.90640e-04,0.03,-0.03
-7.90560e-04,0.01,0.07
-7.90480e-04,0.05,-0.03
-7.90400e-04,0.03,0.05
-7.90320e-04,0.05,-0.01
-7.90240e-04,0.03,0.07
-7.90160e-04,0.03,-0.03
-7.90080e-04,0.03,0.05
-7.90000e-04,0.01,-0.01
-7.89920e-04,0.03,0.05
-7.89840e-04,0.01,-0.01
-7.89760e-04,0.03,0.05
-7.89680e-04,0.03,-0.01
-7.89600e-04,0.03,0.05
-7.89520e-04,0.01,-0.03
-7.89440e-04,0.01,0.05
-7.89360e-04,0.03,-0.01
-7.89280e-04,0.01,0.05
-7.89200e-04,0.05,-0.03
-7.89120e-04,0.01,0.05
-7.89040e-04,0.03,-0.03
-7.88960e-04,0.03,0.05
-7.88880e-04,0.03,-0.03
-7.88800e-04,0.03,0.05
-7.88720e-04,0.03,-0.01
-7.88640e-04,0.03,0.05
-7.88560e-04,0.01,-0.03
-7.88480e-04,0.01,0.05
-7.88400e-04,0.01,-0.03
-7.88320e-04,0.01,0.05
-7.88240e-04,0.03,-0.01
-7.88160e-04,0.03,0.05
-7.88080e-04,0.03,-0.03
-7.88000e-04,0.01,0.05
-7.87920e-04,0.03,-0.03
-7.87840e-04,0.01,0.05
-7.87760e-04,0.01,-0.01
-7.87680e-04,0.03,0.05
-7.87600e-04,0.05,-0.01
-7.87520e-04,0.03,0.05
-7.87440e-04,0.01,-0.03
-7.87360e-04,0.01,0.05
-7.87280e-04,-0.01,-0.03
-7.87200e-04,0.03,0.07
-7.87120e-04,0.01,-0.05
-7.87040e-04,0.03,0.05
-7.86960e-04,0.01,-0.03
-7.86880e-04,0.03,0.05
-7.86800e-04,0.03,-0.03
-7.86720e-04,-0.01,0.05
-7.86640e-04,0.05,-0.05
-7.86560e-04,0.01,0.07
-7.86480e-04,0.03,-0.03
-7.86400e-04,0.01,0.05
-7.86320e-04,0.01,-0.03
-7.86240e-04,0.01,0.05
-7.86160e-04,0.01,-0.03
-7.86080e-04,0.05,0.05
-7.86000e-04,0.01,-0.03
-7.85920e-04,0.05,0.05
-7.85840e-04,0.03,-0.03
-7.85760e-04,0.03,0.05
-7.85680e-04,0.01,-0.03
-7.85600e-04,0.03,0.05
-7.85520e-04,0.01,-0.03
-7.85440e-04,0.01,0.05
-7.85360e-04,0.05,-0.05
-7.85280e-04,0.01,0.07
-7.85200e-04,0.03,-0.03
-7.85120e-04,0.01,0.05
-7.85040e-04,0.03,-0.01
-7.84960e-04,0.03,0.05
-7.84880e-04,0.03,-0.03
-7.84800e-04,0.03,0.05
-7.84720e-04,0.03,-0.03
-7.84640e-04,0.03,0.05
-7.84560e-04,0.03,-0.03
-7.84480e-04,0.03,0.05
-7.84400e-04,0.03,-0.01
-7.84320e-04,0.03,0.05
-7.84240e-04,0.01,-0.01
-7.84160e-04,0.01,0.05
-7.84080e-04,0.03,-0.03
-7.84000e-04,0.01,0.05
-7.83920e-04,0.03,-0.01
-7.83840e-04,0.01,0.05
-7.83760e-04,0.03,-0.01
-7.83680e-04,0.03,0.05
-7.83600e-04,0.03,-0.01
-7.83520e-04,0.03,0.05
-7.83440e-04,0.03,-0.01
-7.83360e-04,0.03,0.05
-7.83280e-04,0.03,-0.01
-7.83200e-04,0.03,0.07
-7.83120e-04,0.03,-0.01
-7.83040e-04,0.05,0.05
-7.82960e-04,0.03,-0.03
-7.82880e-04,0.03,0.05
-7.82800e-04,0.03,-0.01
-7.82720e-04,0.01,0.05
-7.82640e-04,0.03,-0.03
-7.82560e-04,0.03,0.05
-7.82480e-04,0.03,-0.01
-7.82400e-04,0.03,0.05
-7.82320e-04,0.03,-0.01
-7.82240e-04,0.01,0.05
-7.82160e-04,0.03,-0.01
-7.82080e-04,0.03,0.07
-7.82000e-04,0.05,-0.01
-7.81920e-04,0.03,0.05
-7.81840e-04,0.03,-0.01
-7.81760e-04,0.03,0.05
-7.81680e-04,0.03,-0.01
-7.81600e-04,0.03,0.05
-7.81520e-04,0.03,-0.01
-7.81440e-04,0.03,0.05
-7.81360e-04,0.05,-0.03
-7.81280e-04,0.03,0.05
-7.81200e-04,0.03,-0.01
-7.81120e-04,0.03,0.05
-7.81040e-04,0.01,-0.01
-7.80960e-04,0.01,0.07
-7.80880e-04,0.05,-0.03
-7.80800e-04,0.03,0.05
-7.80720e-04,0.01,-0.01
-7.80640e-04,0.03,0.05
-7.80560e-04,0.03,-0.01
-7.80480e-04,0.03,0.05
-7.80400e-04,0.03,-0.03
-7.80320e-04,0.03,0.05
-7.80240e-04,0.01,-0.03
-7.80160e-04,-0.01,0.05
-7.80080e-04,0.05,-0.03
-7.80000e-04,0.03,0.05
-7.79920e-04,0.05,-0.03
-7.79840e-04,0.01,0.07
-7.79760e-04,0.03,-0.03
-7.79680e-04,0.01,0.07
-7.79600e-04,0.01,-0.01
-7.79520e-04,0.01,0.03
-7.79440e-04,0.01,-0.03
-7.79360e-04,0.03,0.05
-7.79280e-04,0.01,-0.03
-7.79200e-04,0.05,0.05
-7.79120e-04,0.01,-0.03
-7.79040e-04,0.03,0.05
-7.78960e-04,0.03,-0.01
-7.78880e-04,0.03,0.05
-7.78800e-04,0.03,-0.01
-7.78720e-04,0.01,0.05
-7.78640e-04,0.03,-0.01
-7.78560e-04,0.03,0.05
-7.78480e-04,0.03,-0.03
-7.78400e-04,0.01,0.05
-7.78320e-04,0.05,-0.01
-7.78240e-04,0.03,0.05
-7.78160e-04,0.01,-0.01
-7.78080e-04,0.01,0.05
-7.78000e-04,0.01,-0.01
-7.77920e-04,0.03,0.05
-7.77840e-04,0.01,-0.01
-7.77760e-04,0.03,0.05
-7.77680e-04,0.03,-0.03
-7.77600e-04,0.03,0.05
-7.77520e-04,0.03,-0.01
-7.77440e-04,0.03,0.05
-7.77360e-04,0.03,-0.01
-7.77280e-04,0.03,0.05
-7.77200e-04,0.03,-0.01
-7.77120e-04,0.01,0.05
-7.77040e-04,0.05,-0.01
-7.76960e-04,0.03,0.05
-7.76880e-04,0.05,-0.01
-7.76800e-04,0.03,0.05
-7.76720e-04,0.01,-0.01
-7.76640e-04,0.03,0.05
-7.76560e-04,0.03,-0.01
-7.76480e-04,0.03,0.05
-7.76400e-04,0.03,-0.01
-7.76320e-04,0.03,0.05
-7.76240e-04,0.03,-0.03
-7.76160e-04,0.03,0.05
-7.76080e-04,0.03,-0.01
-7.76000e-04,0.01,0.05
-7.75920e-04,0.03,-0.03
-7.75840e-04,0.01,0.05
-7.75760e-04,0.05,-0.03
-7.75680e-04,0.03,0.05
-7.75600e-04,0.03,-0.03
-7.75520e-04,0.03,0.05
-7.75440e-04,0.01,-0.03
-7.75360e-04,0.05,0.05
-7.75280e-04,0.01,-0.03
-7.75200e-04,0.03,0.05
-7.75120e-04,0.01,-0.03
-7.75040e-04,0.03,0.05
-7.74960e-04,0.03,-0.01
-7.74880e-04,0.01,0.05
-7.74800e-04,-0.05,-0.03
-7.74720e-04,0.03,0.03
-7.74640e-04,0.03,-0.09
-7.74560e-04,-0.01,0.07
-7.74480e-04,0.01,-0.03
-7.74400e-04,0.03,0.05
-7.74320e-04,0.03,-0.01
-7.74240e-04,0.03,0.05
-7.74160e-04,0.01,-0.01
-7.74080e-04,0.03,0.05
-7.74000e-04,0.01,-0.01
-7.73920e-04,0.03,0.05
-7.73840e-04,0.01,-0.01
-7.73760e-04,0.01,0.05
-7.73680e-04,0.03,-0.01
-7.73600e-04,0.01,0.05
-7.73520e-04,0.03,-0.01
-7.73440e-04,0.01,0.03
-7.73360e-04,0.01,-0.01
-7.73280e-04,0.01,0.05
-7.73200e-04,0.03,-0.01
-7.73120e-04,0.03,0.03
-7.73040e-04,0.01,-0.01
-7.72960e-04,0.03,0.05
-7.72880e-04,0.01,-0.01
-7.72800e-04,0.05,0.05
-7.72720e-04,0.03,-0.03
-7.72640e-04,0.05,0.05
-7.72560e-04,0.01,-0.01
-7.72480e-04,0.03,0.07
-7.72400e-04,0.03,-0.01
-7.72320e-04,0.03,0.05
-7.72240e-04,0.01,-0.01
-7.72160e-04,0.05,0.05
-7.72080e-04,0.01,-0.03
-7.72000e-04,0.03,0.07
-7.71920e-04,0.03,-0.03
-7.71840e-04,0.01,0.05
-7.71760e-04,0.03,-0.03
-7.71680e-04,0.01,0.05
-7.71600e-04,0.03,-0.01
-7.71520e-04,0.03,0.05
-7.71440e-04,0.03,-0.03
-7.71360e-04,0.03,0.05
-7.71280e-04,0.03,-0.01
-7.71200e-04,0.01,0.05
-7.71120e-04,0.03,-0.01
-7.71040e-04,0.03,0.05
-7.70960e-04,0.03,-0.01
-7.70880e-04,0.03,0.03
-7.70800e-04,0.01,-0.03
-7.70720e-04,0.03,0.05
-7.70640e-04,0.03,-0.01
-7.70560e-04,0.01,0.05
-7.70480e-04,0.03,-0.01
-7.70400e-04,0.03,0.05
-7.70320e-04,0.03,-0.01
-7.70240e-04,0.01,0.05
-7.70160e-04,0.03,-0.01
-7.70080e-04,0.05,0.05
-7.70000e-04,0.03,-0.01
-7.69920e-04,0.03,0.05
-7.69840e-04,0.05,-0.01
-7.69760e-04,0.03,0.05
-7.69680e-04,0.03,-0.03
-7.69600e-04,0.03,0.05
-7.69520e-04,0.03,-0.01
-7.69440e-04,0.03,0.05
-7.69360e-04,0.03,-0.01
-7.69280e-04,0.01,0.05
-7.69200e-04,0.03,-0.01
-7.69120e-04,0.03,0.05
-7.69040e-04,0.01,-0.01
-7.68960e-04,0.03,0.05
-7.68880e-04,0.03,-0.01
-7.68800e-04,0.03,0.05
-7.68720e-04,0.03,-0.01
-7.68640e-04,0.03,0.05
-7.68560e-04,0.01,-0.01
-7.68480e-04,0.03,0.05
-7.68400e-04,0.03,-0.01
-7.68320e-04,0.01,0.05
-7.68240e-04,0.03,-0.01
-7.68160e-04,0.01,0.05
-7.68080e-04,0.09,-0.01
-7.68000e-04,-0.03,0.05
-7.67920e-04,0.05,-0.05
-7.67840e-04,0.01,0.11
-7.67760e-04,0.03,-0.05
-7.67680e-04,0.03,0.07
-7.67600e-04,0.01,-0.01
-7.67520e-04,0.01,0.05
-7.67440e-04,0.01,-0.01
-7.67360e-04,0.03,0.05
-7.67280e-04,0.01,-0.01
-7.67200e-04,0.03,0.05
-7.67120e-04,0.03,-0.01
-7.67040e-04,0.03,0.05
-7.66960e-04,0.03,-0.03
-7.66880e-04,0.03,0.05
-7.66800e-04,0.03,-0.01
-7.66720e-04,0.01,0.05
-7.66640e-04,0.03,-0.01
-7.66560e-04,0.01,0.05
-7.66480e-04,0.03,-0.03
-7.66400e-04,0.03,0.05
-7.66320e-04,0.03,-0.01
-7.66240e-04,0.03,0.05
-7.66160e-04,0.03,-0.01
-7.66080e-04,0.03,0.05
-7.66000e-04,0.01,-0.01
-7.65920e-04,0.05,0.05
-7.65840e-04,0.01,-0.01
-7.65760e-04,0.05,0.05
-7.65680e-04,0.01,-0.01
-7.65600e-04,0.05,0.05
-7.65520e-04,0.03,-0.03
-7.65440e-04,0.03,0.05
-7.65360e-04,0.01,-0.03
-7.65280e-04,-0.01,0.07
-7.65200e-04,0.03,-0.03
-7.65120e-04,0.03,0.05
-7.65040e-04,0.03,-0.03
-7.64960e-04,0.01,0.05
-7.64880e-04,0.03,-0.03
-7.64800e-04,0.03,0.05
-7.64720e-04,0.01,-0.03
-7.64640e-04,0.03,0.05
-7.64560e-04,0.01,-0.01
-7.64480e-04,0.03,0.05
-7.64400e-04,0.01,-0.03
-7.64320e-04,0.03,0.05
-7.64240e-04,0.03,-0.03
-7.64160e-04,0.01,0.05
-7.64080e-04,0.03,-0.01
-7.64000e-04,0.03,0.05
-7.63920e-04,0.01,-0.01
-7.63840e-04,0.01,0.05
-7.63760e-04,0.03,-0.01
-7.63680e-04,0.01,0.05
-7.63600e-04,0.03,-0.01
-7.63520e-04,0.03,0.05
-7.63440e-04,0.01,-0.01
-7.63360e-04,0.03,0.05
-7.63280e-04,0.01,-0.03
-7.63200e-04,0.05,0.05
-7.63120e-04,0.01,-0.01
-7.63040e-04,0.03,0.05
-7.62960e-04,0.03,-0.01
-7.62880e-04,0.03,0.05
-7.62800e-04,0.05,-0.03
-7.62720e-04,0.01,0.05
-7.62640e-04,0.05,-0.03
-7.62560e-04,0.03,0.05
-7.62480e-04,0.03,-0.03
-7.62400e-04,0.01,0.05
-7.62320e-04,0.03,-0.01
-7.62240e-04,0.01,0.05
-7.62160e-04,0.01,-0.01
-7.62080e-04,0.03,0.05
-7.62000e-04,0.01,-0.01
-7.61920e-04,0.03,0.05
-7.61840e-04,0.01,-0.01
-7.61760e-04,0.03,0.05
-7.61680e-04,0.03,-0.01
-7.61600e-04,0.03,0.05
-7.61520e-04,0.03,-0.01
-7.61440e-04,0.03,0.05
-7.61360e-04,0.03,-0.01
-7.61280e-04,0.03,0.05
-7.61200e-04,0.03,-0.03
-7.61120e-04,0.01,0.03
-7.61040e-04,0.03,-0.01
-7.60960e-04,0.01,0.05
-7.60880e-04,0.01,-0.01
-7.60800e-04,0.01,0.05
-7.60720e-04,0.01,-0.03
-7.60640e-04,0.03,0.05
-7.60560e-04,-0.01,-0.03
-7.60480e-04,0.05,0.05
-7.60400e-04,0.03,-0.03
-7.60320e-04,0.01,0.05
-7.60240e-04,0.01,-0.03
-7.60160e-04,0.01,0.05
-7.60080e-04,0.05,-0.01
-7.60000e-04,0.03,0.05
-7.59920e-04,0.03,-0.01
-7.59840e-04,0.01,0.05
-7.59760e-04,0.03,-0.01
-7.59680e-04,0.03,0.05
-7.59600e-04,0.03,-0.01
-7.59520e-04,0.03,0.05
-7.59440e-04,0.03,-0.01
-7.59360e-04,0.03,0.05
-7.59280e-04,0.01,-0.01
-7.59200e-04,0.03,0.05
-7.59120e-04,0.01,-0.01
-7.59040e-04,0.03,0.05
-7.58960e-04,0.03,-0.01
-7.58880e-04,0.03,0.05
-7.58800e-04,0.01,-0.03
-7.58720e-04,0.03,0.05
-7.58640e-04,0.03,-0.01
-7.58560e-04,0.01,0.05
-7.58480e-04,0.03,-0.01
-7.58400e-04,0.03,0.05
-7.58320e-04,0.03,-0.03
-7.58240e-04,-0.01,0.05
-7.58160e-04,0.03,-0.03
-7.58080e-04,0.03,0.07
-7.58000e-04,0.03,-0.03
-7.57920e-04,0.03,0.07
-7.57840e-04,0.01,-0.03
-7.57760e-04,0.03,0.05
-7.57680e-04,0.03,-0.03
-7.57600e-04,0.03,0.05
-7.57520e-04,0.03,-0.03
-7.57440e-04,0.01,0.05
-7.57360e-04,0.01,-0.01
-7.57280e-04,0.03,0.05
-7.57200e-04,0.03,-0.01
-7.57120e-04,0.01,0.05
-7.57040e-04,0.05,-0.01
-7.56960e-04,0.03,0.05
-7.56880e-04,0.01,-0.03
-7.56800e-04,0.03,0.05
-7.56720e-04,0.01,-0.01
-7.56640e-04,0.03,0.05
-7.56560e-04,0.01,-0.01
-7.56480e-04,0.03,0.05
-7.56400e-04,0.03,-0.01
-7.56320e-04,0.01,0.05
-7.56240e-04,0.01,-0.03
-7.56160e-04,0.03,0.05
-7.56080e-04,0.03,-0.01
-7.56000e-04,0.01,0.05
-7.55920e-04,0.03,-0.03
-7.55840e-04,0.03,0.05
-7.55760e-04,0.03,-0.03
-7.55680e-04,0.01,0.05
-7.55600e-04,0.05,-0.01
-7.55520e-04,0.03,0.05
-7.55440e-04,0.03,-0.03
-7.55360e-04,0.03,0.05
-7.55280e-04,0.03,-0.03
-7.55200e-04,0.05,0.05
-7.55120e-04,0.03,-0.01
-7.55040e-04,0.03,0.05
-7.54960e-04,0.01,-0.01
-7.54880e-04,0.05,0.05
-7.54800e-04,0.03,-0.01
-7.54720e-04,0.01,0.05
-7.54640e-04,0.05,-0.01
-7.54560e-04,0.03,0.05
-7.54480e-04,0.05,-0.03
-7.54400e-04,-0.01,0.05
-7.54320e-04,0.05,-0.03
-7.54240e-04,0.03,0.05
-7.54160e-04,0.03,-0.03
-7.54080e-04,0.03,0.05
-7.54000e-04,0.03,-0.01
-7.53920e-04,0.03,0.05
-7.53840e-04,0.01,-0.01
-7.53760e-04,0.03,0.05
-7.53680e-04,0.01,-0.01
-7.53600e-04,0.03,0.05
-7.53520e-04,0.03,-0.03
-7.53440e-04,0.03,0.05
-7.53360e-04,0.03,-0.03
-7.53280e-04,0.03,0.05
-7.53200e-04,0.05,-0.01
-7.53120e-04,0.01,0.05
-7.53040e-04,0.03,-0.01
-7.52960e-04,0.03,0.05
-7.52880e-04,0.03,-0.03
-7.52800e-04,0.03,0.05
-7.52720e-04,0.03,-0.03
-7.52640e-04,0.03,0.05
-7.52560e-04,0.03,-0.01
-7.52480e-04,0.03,0.05
-7.52400e-04,0.03,-0.03
-7.52320e-04,0.03,0.07
-7.52240e-04,0.03,-0.01
-7.52160e-04,0.03,0.05
-7.52080e-04,0.03,-0.01
-7.52000e-04,0.03,0.05
-7.51920e-04,0.03,-0.01
-7.51840e-04,0.01,0.05
-7.51760e-04,0.03,-0.01
-7.51680e-04,0.03,0.05
-7.51600e-04,0.03,-0.01
-7.51520e-04,0.03,0.05
-7.51440e-04,0.01,-0.03
-7.51360e-04,0.01,0.07
-7.51280e-04,0.01,-0.01
-7.51200e-04,0.03,0.05
-7.51120e-04,0.05,-0.03
-7.51040e-04,0.03,0.05
-7.50960e-04,0.01,-0.03
-7.50880e-04,0.03,0.05
-7.50800e-04,0.03,-0.03
-7.50720e-04,0.03,0.05
-7.50640e-04,0.05,-0.03
-7.50560e-04,0.03,0.07
-7.50480e-04,0.05,-0.03
-7.50400e-04,0.01,0.05
-7.50320e-04,0.03,-0.03
-7.50240e-04,0.01,0.05
-7.50160e-04,0.01,-0.01
-7.50080e-04,0.03,0.05
-7.50000e-04,0.03,-0.01
-7.49920e-04,0.01,0.05
-7.49840e-04,0.03,-0.03
-7.49760e-04,0.03,0.05
-7.49680e-04,0.03,-0.03
-7.49600e-04,0.05,0.03
-7.49520e-04,0.03,-0.01
-7.49440e-04,0.03,0.05
-7.49360e-04,0.05,-0.01
-7.49280e-04,0.01,0.05
-7.49200e-04,0.03,-0.03
-7.49120e-04,0.01,0.05
-7.49040e-04,0.03,-0.01
-7.48960e-04,0.01,0.05
-7.48880e-04,0.03,-0.01
-7.48800e-04,0.01,0.05
-7.48720e-04,0.01,-0.03
-7.48640e-04,0.03,0.05
-7.48560e-04,0.03,-0.03
-7.48480e-04,0.03,0.05
-7.48400e-04,0.01,-0.01
-7.48320e-04,0.03,0.05
-7.48240e-04,0.03,-0.03
-7.48160e-04,0.03,0.05
-7.48080e-04,0.03,-0.01
-7.48000e-04,0.01,0.05
-7.47920e-04,0.05,-0.03
-7.47840e-04,0.01,0.05
-7.47760e-04,0.03,-0.03
-7.47680e-04,0.03,0.05
-7.47600e-04,0.03,-0.01
-7.47520e-04,0.03,0.05
-7.47440e-04,0.01,-0.01
-7.47360e-04,0.03,0.05
-7.47280e-04,0.03,-0.01
-7.47200e-04,0.03,0.05
-7.47120e-04,0.03,-0.03
-7.47040e-04,0.05,0.05
-7.46960e-04,0.03,-0.03
-7.46880e-04,0.03,0.05
-7.46800e-04,0.03,-0.03
-7.46720e-04,0.03,0.05
-7.46640e-04,0.05,-0.01
-7.46560e-04,0.01,0.05
-7.46480e-04,0.03,-0.01
-7.46400e-04,0.03,0.05
-7.46320e-04,0.03,-0.01
-7.46240e-04,0.03,0.05
-7.46160e-04,0.01,-0.01
-7.46080e-04,0.03,0.05
-7.46000e-04,0.03,-0.01
-7.45920e-04,0.03,0.05
-7.45840e-04,0.05,-0.01
-7.45760e-04,0.03,0.05
-7.45680e-04,0.03,-0.01
-7.45600e-04,0.03,0.05
-7.45520e-04,0.03,-0.01
-7.45440e-04,0.03,0.05
-7.45360e-04,0.03,-0.01
-7.45280e-04,0.01,0.05
-7.45200e-04,0.03,-0.01
-7.45120e-04,0.03,0.05
-7.45040e-04,0.05,-0.03
-7.44960e-04,0.03,0.05
-7.44880e-04,0.01,-0.03
-7.44800e-04,0.03,0.05
-7.44720e-04,0.03,-0.03
-7.44640e-04,0.03,0.05
-7.44560e-04,0.01,-0.03
-7.44480e-04,0.05,0.05
-7.44400e-04,0.01,-0.01
-7.44320e-04,0.03,0.05
-7.44240e-04,0.03,-0.01
-7.44160e-04,0.03,0.05
-7.44080e-04,0.05,-0.01
-7.44000e-04,0.01,0.05
-7.43920e-04,0.05,-0.01
-7.43840e-04,0.03,0.05
-7.43760e-04,0.03,-0.01
-7.43680e-04,0.03,0.05
-7.43600e-04,0.05,-0.03
-7.43520e-04,0.05,0.07
-7.43440e-04,0.03,-0.03
-7.43360e-04,0.03,0.05
-7.43280e-04,0.03,-0.03
-7.43200e-04,0.03,0.05
-7.43120e-04,0.03,-0.01
-7.43040e-04,0.01,0.05
-7.42960e-04,0.01,-0.01
-7.42880e-04,0.03,0.05
-7.42800e-04,0.03,-0.03
-7.42720e-04,0.03,0.05
-7.42640e-04,0.03,-0.03
-7.42560e-04,0.01,0.05
-7.42480e-04,0.03,-0.03
-7.42400e-04,0.03,0.07
-7.42320e-04,0.01,-0.01
-7.42240e-04,0.05,0.05
-7.42160e-04,0.03,-0.01
-7.42080e-04,0.03,0.05
-7.42000e-04,0.01,-0.01
-7.41920e-04,0.03,0.05
-7.41840e-04,0.01,-0.01
-7.41760e-04,0.03,0.05
-7.41680e-04,0.03,-0.01
-7.41600e-04,0.03,0.05
-7.41520e-04,0.03,-0.01
-7.41440e-04,-0.01,0.05
-7.41360e-04,0.03,-0.03
-7.41280e-04,-0.01,0.05
-7.41200e-04,0.03,-0.03
-7.41120e-04,0.01,0.05
-7.41040e-04,0.03,-0.03
-7.40960e-04,0.03,0.07
-7.40880e-04,0.03,-0.03
-7.40800e-04,0.03,0.07
-7.40720e-04,0.01,-0.01
-7.40640e-04,0.03,0.05
-7.40560e-04,0.01,-0.03
-7.40480e-04,0.05,0.05
-7.40400e-04,-0.01,-0.03
-7.40320e-04,0.05,0.05
-7.40240e-04,0.01,-0.03
-7.40160e-04,0.03,0.05
-7.40080e-04,0.03,-0.03
-7.40000e-04,0.03,0.07
-7.39920e-04,0.03,-0.01
-7.39840e-04,0.01,0.05
-7.39760e-04,0.03,-0.03
-7.39680e-04,0.01,0.07
-7.39600e-04,0.03,-0.03
-7.39520e-04,0.03,0.05
-7.39440e-04,0.03,-0.03
-7.39360e-04,0.03,0.05
-7.39280e-04,0.03,-0.01
-7.39200e-04,0.03,0.05
-7.39120e-04,0.03,-0.03
-7.39040e-04,0.03,0.05
-7.38960e-04,0.03,-0.01
-7.38880e-04,0.03,0.05
-7.38800e-04,0.05,-0.01
-7.38720e-04,0.01,0.05
-7.38640e-04,0.05,-0.01
-7.38560e-04,0.03,0.05
-7.38480e-04,0.03,-0.03
-7.38400e-04,0.03,0.05
-7.38320e-04,0.03,-0.01
-7.38240e-04,0.03,0.05
-7.38160e-04,0.01,-0.01
-7.38080e-04,0.03,0.05
-7.38000e-04,0.01,-0.01
-7.37920e-04,0.03,0.05
-7.37840e-04,0.03,-0.01
-7.37760e-04,0.03,0.05
-7.37680e-04,0.01,-0.03
-7.37600e-04,0.03,0.05
-7.37520e-04,0.03,-0.01
-7.37440e-04,-0.01,0.05
-7.37360e-04,0.05,-0.03
-7.37280e-04,0.01,0.05
-7.37200e-04,0.03,-0.03
-7.37120e-04,0.01,0.05
-7.37040e-04,0.03,-0.03
-7.36960e-04,0.01,0.05
-7.36880e-04,0.01,-0.01
-7.36800e-04,0.03,0.05
-7.36720e-04,-0.01,-0.03
-7.36640e-04,0.03,0.05
-7.36560e-04,0.01,-0.03
-7.36480e-04,0.03,0.05
-7.36400e-04,0.03,-0.01
-7.36320e-04,0.05,0.05
-7.36240e-04,0.03,-0.03
-7.36160e-04,0.03,0.07
-7.36080e-04,0.01,-0.03
-7.36000e-04,0.01,0.05
-7.35920e-04,0.03,-0.03
-7.35840e-04,0.03,0.05
-7.35760e-04,0.03,-0.03
-7.35680e-04,0.03,0.05
-7.35600e-04,0.03,-0.03
-7.35520e-04,0.03,0.05
-7.35440e-04,0.03,-0.01
-7.35360e-04,0.03,0.05
-7.35280e-04,0.01,-0.03
-7.35200e-04,0.05,0.05
-7.35120e-04,0.03,-0.01
-7.35040e-04,0.03,0.05
-7.34960e-04,0.01,-0.03
-7.34880e-04,0.03,0.05
-7.34800e-04,0.03,-0.01
-7.34720e-04,0.03,0.05
-7.34640e-04,0.03,-0.03
-7.34560e-04,0.01,0.05
-7.34480e-04,0.03,-0.03
-7.34400e-04,0.01,0.05
-7.34320e-04,0.01,-0.03
-7.34240e-04,0.03,0.05
-7.34160e-04,0.03,-0.01
-7.34080e-04,0.03,0.05
-7.34000e-04,0.01,-0.01
-7.33920e-04,0.03,0.07
-7.33840e-04,0.01,-0.01
-7.33760e-04,0.03,0.05
-7.33680e-04,0.01,-0.03
-7.33600e-04,0.03,0.05
-7.33520e-04,0.03,-0.01
-7.33440e-04,0.01,0.05
-7.33360e-04,0.03,-0.03
-7.33280e-04,0.03,0.05
-7.33200e-04,0.01,-0.03
-7.33120e-04,0.03,0.05
-7.33040e-04,0.05,-0.01
-7.32960e-04,0.03,0.05
-7.32880e-04,0.03,-0.03
-7.32800e-04,0.03,0.05
-7.32720e-04,0.03,-0.01
-7.32640e-04,0.01,0.05
-7.32560e-04,0.01,-0.03
-7.32480e-04,0.05,0.05
-7.32400e-04,0.03,-0.01
-7.32320e-04,0.03,0.05
-7.32240e-04,0.03,-0.01
-7.32160e-04,0.03,0.05
-7.32080e-04,0.03,-0.03
-7.32000e-04,0.03,0.05
-7.31920e-04,0.03,-0.01
-7.31840e-04,0.03,0.05
-7.31760e-04,0.03,-0.01
-7.31680e-04,0.03,0.05
-7.31600e-04,0.03,-0.01
-7.31520e-04,0.03,0.05
-7.31440e-04,0.01,-0.03
-7.31360e-04,0.03,0.05
-7.31280e-04,0.01,-0.03
-7.31200e-04,0.03,0.05
-7.31120e-04,0.03,-0.01
-7.31040e-04,0.03,0.05
-7.30960e-04,0.01,-0.03
-7.30880e-04,0.03,0.05
-7.30800e-04,0.03,-0.01
-7.30720e-04,0.01,0.05
-7.30640e-04,0.05,-0.01
-7.30560e-04,0.03,0.05
-7.30480e-04,0.05,-0.01
-7.30400e-04,0.01,0.05
-7.30320e-04,0.03,-0.01
-7.30240e-04,0.03,0.05
-7.30160e-04,0.03,-0.03
-7.30080e-04,0.03,0.05
-7.30000e-04,0.03,-0.01
-7.29920e-04,0.05,0.05
-7.29840e-04,0.01,-0.01
-7.29760e-04,0.01,0.05
-7.29680e-04,0.01,-0.01
-7.29600e-04,0.01,0.05
-7.29520e-04,0.03,-0.01
-7.29440e-04,0.03,0.05
-7.29360e-04,0.03,-0.03
-7.29280e-04,0.01,0.07
-7.29200e-04,0.05,-0.01
-7.29120e-04,0.03,0.05
-7.29040e-04,0.01,-0.03
-7.28960e-04,0.03,0.05
-7.28880e-04,-0.01,-0.03
-7.28800e-04,0.03,0.07
-7.28720e-04,0.01,-0.03
-7.28640e-04,0.03,0.07
-7.28560e-04,0.01,-0.03
-7.28480e-04,0.03,0.05
-7.28400e-04,0.03,-0.01
-7.28320e-04,0.03,0.05
-7.28240e-04,0.03,-0.01
-7.28160e-04,0.01,0.05
-7.28080e-04,0.03,-0.03
-7.28000e-04,0.01,0.05
-7.27920e-04,0.03,-0.01
-7.27840e-04,0.01,0.07
-7.27760e-04,0.03,-0.01
-7.27680e-04,0.03,0.05
-7.27600e-04,0.01,-0.01
-7.27520e-04,0.03,0.05
-7.27440e-04,0.01,-0.03
-7.27360e-04,0.03,0.05
-7.27280e-04,0.03,-0.01
-7.27200e-04,0.05,0.05
-7.27120e-04,0.03,-0.03
-7.27040e-04,0.03,0.07
-7.26960e-04,0.01,-0.03
-7.26880e-04,0.03,0.05
-7.26800e-04,0.03,-0.03
-7.26720e-04,0.01,0.05
-7.26640e-04,0.03,-0.01
-7.26560e-04,0.01,0.05
-7.26480e-04,0.03,-0.03
-7.26400e-04,0.03,0.05
-7.26320e-04,0.03,-0.03
-7.26240e-04,0.01,0.05
-7.26160e-04,0.03,-0.03
-7.26080e-04,0.03,0.05
-7.26000e-04,0.01,-0.03
-7.25920e-04,0.03,0.05
-7.25840e-04,0.01,-0.01
-7.25760e-04,0.05,0.05
-7.25680e-04,0.01,-0.03
-7.25600e-04,0.05,0.05
-7.25520e-04,0.03,-0.03
-7.25440e-04,0.03,0.05
-7.25360e-04,0.03,-0.03
-7.25280e-04,0.03,0.05
-7.25200e-04,0.03,-0.03
-7.25120e-04,0.03,0.05
-7.25040e-04,0.03,-0.03
-7.24960e-04,0.05,0.05
-7.24880e-04,0.03,-0.03
-7.24800e-04,0.03,0.05
-7.24720e-04,0.01,-0.01
-7.24640e-04,0.01,0.05
-7.24560e-04,0.01,-0.07
-7.24480e-04,0.03,0.07
-7.24400e-04,0.01,-0.05
-7.24320e-04,0.01,0.05
-7.24240e-04,0.05,-0.01
-7.24160e-04,0.01,0.05
-7.24080e-04,0.03,-0.01
-7.24000e-04,0.01,0.05
-7.23920e-04,0.03,-0.03
-7.23840e-04,0.03,0.05
-7.23760e-04,0.01,-0.01
-7.23680e-04,0.03,0.05
-7.23600e-04,0.01,-0.01
-7.23520e-04,0.03,0.05
-7.23440e-04,0.03,-0.03
-7.23360e-04,0.03,0.05
-7.23280e-04,0.03,-0.03
-7.23200e-04,0.03,0.07
-7.23120e-04,0.01,-0.01
-7.23040e-04,0.03,0.05
-7.22960e-04,0.03,-0.03
-7.22880e-04,0.03,0.05
-7.22800e-04,0.01,-0.01
-7.22720e-04,0.03,0.05
-7.22640e-04,0.03,-0.01
-7.22560e-04,0.01,0.05
-7.22480e-04,0.05,-0.01
-7.22400e-04,0.01,0.05
-7.22320e-04,0.03,-0.01
-7.22240e-04,0.03,0.05
-7.22160e-04,0.03,-0.01
-7.22080e-04,0.03,0.05
-7.22000e-04,0.01,-0.01
-7.21920e-04,0.05,0.05
-7.21840e-04,0.03,-0.03
-7.21760e-04,0.03,0.05
-7.21680e-04,0.03,-0.03
-7.21600e-04,-0.01,0.05
-7.21520e-04,0.01,-0.01
-7.21440e-04,0.01,0.05
-7.21360e-04,0.01,-0.03
-7.21280e-04,0.03,0.05
-7.21200e-04,0.03,-0.03
-7.21120e-04,0.03,0.05
-7.21040e-04,0.01,-0.01
-7.20960e-04,0.03,0.05
-7.20880e-04,0.03,-0.03
-7.20800e-04,0.03,0.05
-7.20720e-04,0.01,-0.01
-7.20640e-04,0.03,0.03
-7.20560e-04,0.03,-0.01
-7.20480e-04,0.05,0.05
-7.20400e-04,0.03,-0.01
-7.20320e-04,0.03,0.05
-7.20240e-04,0.03,-0.01
-7.20160e-04,0.03,0.05
-7.20080e-04,0.05,-0.01
-7.20000e-04,0.03,0.05
-7.19920e-04,0.01,-0.01
-7.19840e-04,0.03,0.05
-7.19760e-04,0.03,-0.01
-7.19680e-04,0.03,0.05
-7.19600e-04,0.03,-0.01
-7.19520e-04,0.03,0.05
-7.19440e-04,0.01,-0.01
-7.19360e-04,0.03,0.05
-7.19280e-04,0.03,-0.01
-7.19200e-04,0.05,0.05
-7.19120e-04,0.03,-0.01
-7.19040e-04,0.05,0.05
-7.18960e-04,0.03,-0.01
-7.18880e-04,0.03,0.05
-7.18800e-04,0.03,-0.01
-7.18720e-04,0.01,0.05
-7.18640e-04,0.03,-0.03
-7.18560e-04,0.01,0.05
-7.18480e-04,0.03,-0.01
-7.18400e-04,0.03,0.05
-7.18320e-04,0.03,-0.01
-7.18240e-04,0.03,0.03
-7.18160e-04,0.01,-0.03
-7.18080e-04,0.03,0.05
-7.18000e-04,0.05,-0.03
-7.17920e-04,0.03,0.05
-7.17840e-04,0.03,-0.05
-7.17760e-04,0.03,0.13
-7.17680e-04,0.05,-0.01
-7.17600e-04,0.01,0.07
-7.17520e-04,0.03,-0.01
-7.17440e-04,0.01,0.05
-7.17360e-04,0.03,-0.01
-7.17280e-04,0.01,0.05
-7.17200e-04,0.03,-0.01
-7.17120e-04,0.01,0.05
-7.17040e-04,0.05,-0.01
-7.16960e-04,0.03,0.05
-7.16880e-04,0.01,-0.03
-7.16800e-04,0.03,0.05
-7.16720e-04,0.01,-0.01
-7.16640e-04,0.03,0.05
-7.16560e-04,0.01,-0.01
-7.16480e-04,0.05,0.05
-7.16400e-04,0.01,-0.03
-7.16320e-04,0.03,0.05
-7.16240e-04,0.03,-0.03
-7.16160e-04,0.03,0.05
-7.16080e-04,0.05,-0.01
-7.16000e-04,0.03,0.05
-7.15920e-04,0.03,-0.01
-7.15840e-04,0.03,0.05
-7.15760e-04,0.05,-0.01
-7.15680e-04,0.03,0.05
-7.15600e-04,0.03,-0.01
-7.15520e-04,0.03,0.05
-7.15440e-04,0.01,-0.01
-7.15360e-04,0.03,0.05
-7.15280e-04,0.01,-0.03
-7.15200e-04,0.03,0.05
-7.15120e-04,0.01,-0.03
-7.15040e-04,0.03,0.05
-7.14960e-04,0.03,-0.03
-7.14880e-04,0.01,0.05
-7.14800e-04,0.01,-0.01
-7.14720e-04,0.03,0.05
-7.14640e-04,0.03,-0.01
-7.14560e-04,-0.01,0.05
-7.14480e-04,0.01,-0.03
-7.14400e-04,0.03,0.07
-7.14320e-04,0.03,-0.03
-7.14240e-04,0.05,0.07
-7.14160e-04,0.01,-0.03
-7.14080e-04,0.07,0.05
-7.14000e-04,-0.01,-0.03
-7.13920e-04,0.03,0.07
-7.13840e-04,0.01,-0.03
-7.13760e-04,0.05,0.07
-7.13680e-04,0.01,-0.01
-7.13600e-04,0.01,0.07
-7.13520e-04,0.01,-0.03
-7.13440e-04,0.03,0.05
-7.13360e-04,0.05,-0.03
-7.13280e-04,-0.01,0.05
-7.13200e-04,0.03,-0.03
-7.13120e-04,0.03,0.05
-7.13040e-04,0.05,-0.03
-7.12960e-04,0.01,0.05
-7.12880e-04,0.03,-0.01
-7.12800e-04,0.03,0.05
-7.12720e-04,0.03,-0.01
-7.12640e-04,0.03,0.05
-7.12560e-04,0.03,-0.01
-7.12480e-04,0.03,0.05
-7.12400e-04,0.03,-0.03
-7.12320e-04,0.03,0.05
-7.12240e-04,0.03,-0.01
-7.12160e-04,0.03,0.05
-7.12080e-04,0.03,-0.03
-7.12000e-04,0.01,0.05
-7.11920e-04,0.03,-0.01
-7.11840e-04,0.03,0.05
-7.11760e-04,0.05,-0.01
-7.11680e-04,0.03,0.05
-7.11600e-04,0.03,-0.01
-7.11520e-04,0.05,0.05
-7.11440e-04,0.03,-0.01
-7.11360e-04,0.03,0.05
-7.11280e-04,0.03,-0.01
-7.11200e-04,0.03,0.05
-7.11120e-04,0.03,-0.01
-7.11040e-04,0.03,0.05
-7.10960e-04,0.03,-0.03
-7.10880e-04,0.03,0.05
-7.10800e-04,0.03,-0.03
-7.10720e-04,0.05,0.05
-7.10640e-04,0.03,-0.01
-7.10560e-04,0.01,0.05
-7.10480e-04,0.03,-0.03
-7.10400e-04,0.03,0.07
-7.10320e-04,0.03,-0.01
-7.10240e-04,0.03,0.05
-7.10160e-04,0.03,-0.03
-7.10080e-04,0.03,0.05
-7.10000e-04,0.03,-0.01
-7.09920e-04,0.05,0.05
-7.09840e-04,0.03,-0.01
-7.09760e-04,0.03,0.05
-7.09680e-04,0.05,-0.03
-7.09600e-04,0.01,0.05
-7.09520e-04,0.03,-0.03
-7.09440e-04,0.01,0.07
-7.09360e-04,0.03,-0.01
-7.09280e-04,0.01,0.05
-7.09200e-04,0.03,-0.03
-7.09120e-04,0.03,0.05
-7.09040e-04,0.03,-0.03
-7.08960e-04,0.03,0.05
-7.08880e-04,0.03,-0.01
-7.08800e-04,0.03,0.05
-7.08720e-04,0.01,-0.01
-7.08640e-04,0.03,0.05
-7.08560e-04,0.01,-0.01
-7.08480e-04,0.05,0.05
-7.08400e-04,0.01,-0.01
-7.08320e-04,0.05,0.05
-7.08240e-04,0.01,-0.01
-7.08160e-04,0.03,0.07
-7.08080e-04,0.01,-0.03
-7.08000e-04,0.03,0.05
-7.07920e-04,0.03,-0.03
-7.07840e-04,0.01,0.05
-7.07760e-04,0.03,-0.03
-7.07680e-04,0.03,0.03
-7.07600e-04,0.03,-0.03
-7.07520e-04,0.03,0.05
-7.07440e-04,0.01,-0.03
-7.07360e-04,0.03,0.05
-7.07280e-04,0.03,-0.03
-7.07200e-04,0.03,0.05
-7.07120e-04,0.01,-0.05
-7.07040e-04,0.03,0.05
-7.06960e-04,0.03,-0.01
-7.06880e-04,0.03,0.05
-7.06800e-04,0.03,-0.03
-7.06720e-04,0.01,0.05
-7.06640e-04,0.03,-0.03
-7.06560e-04,0.03,0.05
-7.06480e-04,0.01,-0.03
-7.06400e-04,0.03,0.05
-7.06320e-04,0.03,-0.01
-7.06240e-04,0.03,0.05
-7.06160e-04,0.03,-0.03
-7.06080e-04,0.03,0.05
-7.06000e-04,0.03,-0.03
-7.05920e-04,0.05,0.05
-7.05840e-04,0.01,-0.03
-7.05760e-04,0.03,0.05
-7.05680e-04,0.01,-0.03
-7.05600e-04,0.03,0.05
-7.05520e-04,0.03,-0.01
-7.05440e-04,0.01,0.05
-7.05360e-04,0.03,-0.03
-7.05280e-04,0.01,0.05
-7.05200e-04,0.03,-0.03
-7.05120e-04,0.03,0.05
-7.05040e-04,0.03,-0.01
-7.04960e-04,0.03,0.05
-7.04880e-04,0.03,-0.03
-7.04800e-04,0.03,0.05
-7.04720e-04,0.01,-0.01
-7.04640e-04,0.05,0.05
-7.04560e-04,0.03,-0.01
-7.04480e-04,0.01,0.05
-7.04400e-04,0.03,-0.01
-7.04320e-04,0.03,0.05
-7.04240e-04,0.03,-0.03
-7.04160e-04,0.03,0.05
-7.04080e-04,0.05,-0.03
-7.04000e-04,0.01,0.05
-7.03920e-04,0.05,-0.01
-7.03840e-04,0.01,0.05
-7.03760e-04,0.05,-0.01
-7.03680e-04,0.03,0.05
-7.03600e-04,0.03,-0.03
-7.03520e-04,0.01,0.05
-7.03440e-04,0.03,-0.03
-7.03360e-04,0.03,0.05
-7.03280e-04,0.01,-0.01
-7.03200e-04,0.05,0.05
-7.03120e-04,0.01,-0.03
-7.03040e-04,0.03,0.05
-7.02960e-04,0.03,-0.01
-7.02880e-04,0.01,0.05
-7.02800e-04,0.05,-0.03
-7.02720e-04,0.01,0.05
-7.02640e-04,0.03,-0.03
-7.02560e-04,0.01,0.05
-7.02480e-04,0.03,-0.01
-7.02400e-04,0.01,0.05
-7.02320e-04,0.03,-0.03
-7.02240e-04,0.03,0.05
-7.02160e-04,0.03,-0.03
-7.02080e-04,0.03,0.05
-7.02000e-04,0.03,-0.01
-7.01920e-04,0.03,0.05
-7.01840e-04,0.01,-0.03
-7.01760e-04,0.03,0.05
-7.01680e-04,0.03,-0.01
-7.01600e-04,0.03,0.07
-7.01520e-04,0.03,-0.03
-7.01440e-04,0.01,0.05
-7.01360e-04,0.03,-0.03
-7.01280e-04,0.01,0.05
-7.01200e-04,0.03,-0.01
-7.01120e-04,0.01,0.03
-7.01040e-04,0.03,-0.03
-7.00960e-04,0.03,0.05
-7.00880e-04,0.03,-0.03
-7.00800e-04,0.03,0.05
-7.00720e-04,0.01,-0.03
-7.00640e-04,0.03,0.05
-7.00560e-04,0.01,-0.01
-7.00480e-04,0.03,0.05
-7.00400e-04,0.01,-0.01
-7.00320e-04,0.01,0.05
-7.00240e-04,0.03,-0.03
-7.00160e-04,0.03,0.05
-7.00080e-04,0.01,-0.03
-7.00000e-04,0.01,0.05
-6.99920e-04,0.05,-0.01
-6.99840e-04,0.03,0.05
-6.99760e-04,0.05,-0.05
-6.99680e-04,0.03,0.07
-6.99600e-04,0.03,-0.03
-6.99520e-04,0.03,0.05
-6.99440e-04,0.03,-0.01
-6.99360e-04,0.05,0.05
-6.99280e-04,0.01,-0.03
-6.99200e-04,0.05,0.05
-6.99120e-04,0.01,-0.01
-6.99040e-04,0.03,0.05
-6.98960e-04,0.01,-0.01
-6.98880e-04,0.01,0.05
-6.98800e-04,0.03,-0.01
-6.98720e-04,0.01,0.05
-6.98640e-04,0.03,-0.01
-6.98560e-04,0.01,0.05
-6.98480e-04,0.03,-0.03
-6.98400e-04,0.05,0.05
-6.98320e-04,0.03,-0.03
-6.98240e-04,0.03,0.07
-6.98160e-04,0.01,-0.03
-6.98080e-04,0.03,0.07
-6.98000e-04,0.01,-0.01
-6.97920e-04,0.05,0.05
-6.97840e-04,0.01,-0.01
-6.97760e-04,0.05,0.05
-6.97680e-04,0.03,-0.01
-6.97600e-04,0.03,0.05
-6.97520e-04,0.03,-0.01
-6.97440e-04,0.03,0.05
-6.97360e-04,0.03,-0.01
-6.97280e-04,0.03,0.07
-6.97200e-04,0.03,-0.01
-6.97120e-04,0.01,0.07
-6.97040e-04,0.03,-0.03
-6.96960e-04,0.03,0.05
-6.96880e-04,0.03,-0.01
-6.96800e-04,0.03,0.05
-6.96720e-04,0.03,-0.03
-6.96640e-04,0.03,0.05
-6.96560e-04,0.03,-0.03
-6.96480e-04,0.05,0.05
-6.96400e-04,0.03,-0.03
-6.96320e-04,0.03,0.05
-6.96240e-04,0.05,-0.01
-6.96160e-04,0.01,0.05
-6.96080e-04,0.03,-0.01
-6.96000e-04,0.03,0.05
-6.95920e-04,0.03,-0.01
-6.95840e-04,0.01,0.05
-6.95760e-04,0.03,-0.03
-6.95680e-04,0.03,0.05
-6.95600e-04,0.03,-0.03
-6.95520e-04,0.05,0.05
-6.95440e-04,0.01,-0.03
-6.95360e-04,0.03,0.05
-6.95280e-04,0.01,-0.01
-6.95200e-04,0.03,0.05
-6.95120e-04,0.01,-0.03
-6.95040e-04,0.03,0.05
-6.94960e-04,0.03,-0.03
-6.94880e-04,0.03,0.05
-6.94800e-04,0.05,-0.01
-6.94720e-04,0.01,0.05
-6.94640e-04,0.03,-0.01
-6.94560e-04,0.03,0.05
-6.94480e-04,0.03,-0.01
-6.94400e-04,0.03,0.05
-6.94320e-04,0.03,-0.01
-6.94240e-04,0.03,0.05
-6.94160e-04,0.01,-0.01
-6.94080e-04,0.03,0.05
-6.94000e-04,0.03,-0.01
-6.93920e-04,0.03,0.05
-6.93840e-04,0.01,-0.03
-6.93760e-04,0.03,0.05
-6.93680e-04,0.03,-0.01
-6.93600e-04,0.03,0.05
-6.93520e-04,0.03,-0.03
-6.93440e-04,-0.01,0.05
-6.93360e-04,0.03,-0.01
-6.93280e-04,0.03,0.05
-6.93200e-04,0.03,-0.03
-6.93120e-04,0.01,0.05
-6.93040e-04,0.03,-0.01
-6.92960e-04,0.03,0.05
-6.92880e-04,0.03,-0.01
-6.92800e-04,0.03,0.05
-6.92720e-04,-0.01,-0.03
-6.92640e-04,0.01,0.05
-6.92560e-04,0.01,-0.03
-6.92480e-04,0.03,0.07
-6.92400e-04,0.05,-0.03
-6.92320e-04,0.03,0.07
-6.92240e-04,0.05,-0.03
-6.92160e-04,0.01,0.07
-6.92080e-04,0.03,-0.01
-6.92000e-04,0.01,0.05
-6.91920e-04,0.01,-0.03
-6.91840e-04,0.01,0.05
-6.91760e-04,0.03,-0.03
-6.91680e-04,0.03,0.05
-6.91600e-04,0.03,-0.01
-6.91520e-04,0.03,0.05
-6.91440e-04,0.03,-0.01
-6.91360e-04,0.05,0.05
-6.91280e-04,0.01,-0.03
-6.91200e-04,0.03,0.05
-6.91120e-04,0.03,-0.03
-6.91040e-04,0.03,0.05
-6.90960e-04,0.03,-0.01
-6.90880e-04,0.03,0.05
-6.90800e-04,0.03,-0.03
-6.90720e-04,0.03,0.05
-6.90640e-04,0.05,-0.01
-6.90560e-04,0.03,0.05
-6.90480e-04,0.03,-0.01
-6.90400e-04,0.03,0.05
-6.90320e-04,0.03,-0.01
-6.90240e-04,0.03,0.05
-6.90160e-04,0.03,-0.03
-6.90080e-04,0.03,0.05
-6.90000e-04,0.01,-0.01
-6.89920e-04,0.03,0.05
-6.89840e-04,0.03,-0.01
-6.89760e-04,0.03,0.05
-6.89680e-04,0.03,-0.01
-6.89600e-04,0.03,0.05
-6.89520e-04,0.03,-0.01
-6.89440e-04,0.03,0.05
-6.89360e-04,0.03,-0.03
-6.89280e-04,0.03,0.05
-6.89200e-04,0.05,-0.03
-6.89120e-04,0.03,0.05
-6.89040e-04,0.03,-0.01
-6.88960e-04,0.03,0.05
-6.88880e-04,0.01,-0.03
-6.88800e-04,0.05,0.05
-6.88720e-04,0.01,-0.03
-6.88640e-04,0.03,0.05
-6.88560e-04,0.01,-0.03
-6.88480e-04,0.03,0.05
-6.88400e-04,0.03,-0.03
-6.88320e-04,0.03,0.05
-6.88240e-04,0.03,-0.01
-6.88160e-04,0.01,0.05
-6.88080e-04,0.03,-0.01
-6.88000e-04,0.01,0.05
-6.87920e-04,0.03,-0.03
-6.87840e-04,0.01,0.05
-6.87760e-04,0.03,-0.01
-6.87680e-04,0.03,0.05
-6.87600e-04,0.03,-0.01
-6.87520e-04,0.03,0.05
-6.87440e-04,0.01,-0.03
-6.87360e-04,0.03,0.05
-6.87280e-04,0.01,-0.01
-6.87200e-04,0.05,0.05
-6.87120e-04,0.01,-0.01
-6.87040e-04,0.03,0.05
-6.86960e-04,0.01,-0.03
-6.86880e-04,0.03,0.05
-6.86800e-04,0.05,-0.03
-6.86720e-04,0.03,0.05
-6.86640e-04,0.03,-0.03
-6.86560e-04,0.01,0.05
-6.86480e-04,0.03,-0.01
-6.86400e-04,0.01,0.05
-6.86320e-04,0.03,-0.01
-6.86240e-04,0.03,0.05
-6.86160e-04,0.03,-0.01
-6.86080e-04,0.03,0.05
-6.86000e-04,0.01,-0.03
-6.85920e-04,0.03,0.05
-6.85840e-04,0.03,-0.01
-6.85760e-04,0.03,0.05
-6.85680e-04,0.03,-0.03
-6.85600e-04,0.03,0.05
-6.85520e-04,0.03,-0.01
-6.85440e-04,0.03,0.05
-6.85360e-04,0.05,-0.01
-6.85280e-04,0.01,0.05
-6.85200e-04,0.03,-0.03
-6.85120e-04,-0.01,0.07
-6.85040e-04,0.03,-0.03
-6.84960e-04,0.05,0.07
-6.84880e-04,0.03,-0.03
-6.84800e-04,0.03,0.05
-6.84720e-04,0.03,-0.01
-6.84640e-04,0.05,0.05
-6.84560e-04,0.01,-0.03
-6.84480e-04,0.03,0.05
-6.84400e-04,0.01,-0.01
-6.84320e-04,0.03,0.05
-6.84240e-04,0.03,-0.01
-6.84160e-04,0.01,0.05
-6.84080e-04,0.03,-0.03
-6.84000e-04,0.01,0.05
-6.83920e-04,0.05,-0.01
-6.83840e-04,0.01,0.05
-6.83760e-04,0.05,-0.01
-6.83680e-04,0.03,0.05
-6.83600e-04,0.03,-0.03
-6.83520e-04,0.03,0.05
-6.83440e-04,0.03,-0.01
-6.83360e-04,0.05,0.07
-6.83280e-04,0.01,-0.01
-6.83200e-04,0.05,0.05
-6.83120e-04,0.03,-0.03
-6.83040e-04,0.03,0.05
-6.82960e-04,0.01,-0.01
-6.82880e-04,0.03,0.07
-6.82800e-04,0.03,-0.01
-6.82720e-04,0.03,0.05
-6.82640e-04,0.03,-0.03
-6.82560e-04,0.01,0.05
-6.82480e-04,0.03,-0.01
-6.82400e-04,0.01,0.07
-6.82320e-04,0.01,-0.03
-6.82240e-04,0.03,0.05
-6.82160e-04,0.01,-0.01
-6.82080e-04,0.03,0.05
-6.82000e-04,0.03,-0.01
-6.81920e-04,0.03,0.05
-6.81840e-04,0.03,-0.01
-6.81760e-04,0.05,0.05
-6.81680e-04,0.03,-0.01
-6.81600e-04,0.03,0.05
-6.81520e-04,0.03,-0.01
-6.81440e-04,0.01,0.05
-6.81360e-04,0.03,-0.01
-6.81280e-04,0.01,0.05
-6.81200e-04,0.03,-0.01
-6.81120e-04,0.03,0.05
-6.81040e-04,0.03,-0.01
-6.80960e-04,0.03,0.05
-6.80880e-04,0.01,-0.01
-6.80800e-04,0.03,0.05
-6.80720e-04,0.03,-0.03
-6.80640e-04,0.03,0.05
-6.80560e-04,0.03,-0.03
-6.80480e-04,0.03,0.05
-6.80400e-04,0.03,-0.01
-6.80320e-04,0.03,0.05
-6.80240e-04,0.01,-0.03
-6.80160e-04,0.01,0.05
-6.80080e-04,0.03,-0.03
-6.80000e-04,0.01,0.05
-6.79920e-04,0.03,-0.03
-6.79840e-04,0.01,0.05
-6.79760e-04,0.03,-0.01
-6.79680e-04,0.01,0.05
-6.79600e-04,0.01,-0.01
-6.79520e-04,0.03,0.05
-6.79440e-04,0.03,-0.03
-6.79360e-04,0.03,0.05
-6.79280e-04,0.01,-0.01
-6.79200e-04,0.03,0.05
-6.79120e-04,0.03,-0.01
-6.79040e-04,0.03,0.05
-6.78960e-04,0.03,-0.03
-6.78880e-04,0.03,0.05
-6.78800e-04,0.03,-0.03
-6.78720e-04,0.01,0.05
-6.78640e-04,0.03,-0.01
-6.78560e-04,0.01,0.05
-6.78480e-04,0.03,-0.01
-6.78400e-04,0.03,0.05
-6.78320e-04,0.03,-0.01
-6.78240e-04,0.01,0.05
-6.78160e-04,0.01,-0.01
-6.78080e-04,0.03,0.07
-6.78000e-04,0.03,-0.03
-6.77920e-04,0.05,0.05
-6.77840e-04,0.03,-0.03
-6.77760e-04,0.03,0.05
-6.77680e-04,0.03,-0.03
-6.77600e-04,0.03,0.05
-6.77520e-04,0.03,-0.03
-6.77440e-04,0.03,0.05
-6.77360e-04,0.03,-0.03
-6.77280e-04,0.03,0.05
-6.77200e-04,0.01,-0.01
-6.77120e-04,0.01,0.05
-6.77040e-04,0.01,-0.01
-6.76960e-04,0.03,0.05
-6.76880e-04,0.01,-0.03
-6.76800e-04,0.05,0.05
-6.76720e-04,0.03,-0.01
-6.76640e-04,0.03,0.05
-6.76560e-04,0.01,-0.03
-6.76480e-04,0.03,0.05
-6.76400e-04,0.03,-0.03
-6.76320e-04,0.03,0.05
-6.76240e-04,0.03,-0.03
-6.76160e-04,0.01,0.05
-6.76080e-04,0.03,-0.01
-6.76000e-04,0.03,0.05
-6.75920e-04,0.03,-0.03
-6.75840e-04,0.01,0.05
-6.75760e-04,0.03,-0.01
-6.75680e-04,0.01,0.05
-6.75600e-04,0.03,-0.01
-6.75520e-04,0.03,0.05
-6.75440e-04,0.01,-0.01
-6.75360e-04,0.03,0.05
-6.75280e-04,0.01,-0.03
-6.75200e-04,0.05,0.05
-6.75120e-04,-0.01,-0.03
-6.75040e-04,0.03,0.05
-6.74960e-04,0.03,-0.03
-6.74880e-04,0.01,0.05
-6.74800e-04,0.01,-0.03
-6.74720e-04,0.03,0.05
-6.74640e-04,0.01,-0.01
-6.74560e-04,0.01,0.05
-6.74480e-04,0.05,-0.07
-6.74400e-04,0.03,0.07
-6.74320e-04,0.03,-0.03
-6.74240e-04,0.01,0.05
-6.74160e-04,0.03,-0.01
-6.74080e-04,-0.01,0.05
-6.74000e-04,0.03,-0.03
-6.73920e-04,0.01,0.05
-6.73840e-04,0.03,-0.03
-6.73760e-04,0.03,0.05
-6.73680e-04,0.03,-0.03
-6.73600e-04,0.03,0.05
-6.73520e-04,0.03,-0.03
-6.73440e-04,0.01,0.03
-6.73360e-04,0.01,-0.01
-6.73280e-04,0.03,0.03
-6.73200e-04,0.03,-0.01
-6.73120e-04,0.03,0.05
-6.73040e-04,0.01,-0.01
-6.72960e-04,0.03,0.03
-6.72880e-04,0.01,-0.03
-6.72800e-04,0.03,0.05
-6.72720e-04,0.01,-0.03
-6.72640e-04,0.05,0.05
-6.72560e-04,0.01,-0.01
-6.72480e-04,0.03,0.05
-6.72400e-04,0.03,-0.01
-6.72320e-04,0.03,0.05
-6.72240e-04,0.03,-0.01
-6.72160e-04,0.03,0.05
-6.72080e-04,0.05,-0.03
-6.72000e-04,0.01,0.05
-6.71920e-04,0.03,-0.01
-6.71840e-04,0.01,0.05
-6.71760e-04,0.03,-0.01
-6.71680e-04,0.01,0.05
-6.71600e-04,0.01,-0.03
-6.71520e-04,0.03,0.05
-6.71440e-04,0.03,-0.03
-6.71360e-04,0.03,0.05
-6.71280e-04,0.01,-0.01
-6.71200e-04,0.03,0.05
-6.71120e-04,0.03,-0.01
-6.71040e-04,0.03,0.05
-6.70960e-04,0.03,-0.01
-6.70880e-04,0.03,0.05
-6.70800e-04,0.01,-0.03
-6.70720e-04,0.01,0.05
-6.70640e-04,0.03,-0.03
-6.70560e-04,0.01,0.05
-6.70480e-04,0.03,-0.03
-6.70400e-04,0.03,0.05
-6.70320e-04,0.03,-0.03
-6.70240e-04,0.05,0.05
-6.70160e-04,0.03,-0.01
-6.70080e-04,0.03,0.05
-6.70000e-04,0.01,-0.01
-6.69920e-04,0.03,0.05
-6.69840e-04,0.03,-0.01
-6.69760e-04,0.03,0.05
-6.69680e-04,0.03,-0.01
-6.69600e-04,0.01,0.05
-6.69520e-04,0.03,-0.01
-6.69440e-04,0.01,0.05
-6.69360e-04,0.03,-0.01
-6.69280e-04,0.03,0.05
-6.69200e-04,0.03,-0.03
-6.69120e-04,0.01,0.05
-6.69040e-04,0.01,-0.01
-6.68960e-04,0.03,0.05
-6.68880e-04,0.03,-0.03
-6.68800e-04,0.03,0.03
-6.68720e-04,0.03,-0.01
-6.68640e-04,0.03,0.05
-6.68560e-04,0.03,-0.03
-6.68480e-04,0.03,0.05
-6.68400e-04,0.03,-0.01
-6.68320e-04,0.03,0.03
-6.68240e-04,0.03,-0.01
-6.68160e-04,0.01,0.05
-6.68080e-04,0.01,-0.01
-6.68000e-04,0.03,0.05
-6.67920e-04,0.07,-0.01
-6.67840e-04,0.01,0.05
-6.67760e-04,0.03,-0.05
-6.67680e-04,0.03,0.13
-6.67600e-04,0.03,-0.01
-6.67520e-04,0.05,0.09
-6.67440e-04,0.03,-0.03
-6.67360e-04,0.01,0.05
-6.67280e-04,0.03,-0.03
-6.67200e-04,0.03,0.07
-6.67120e-04,0.03,-0.03
-6.67040e-04,0.03,0.07
-6.66960e-04,0.03,-0.03
-6.66880e-04,0.03,0.05
-6.66800e-04,0.03,-0.03
-6.66720e-04,0.01,0.05
-6.66640e-04,0.03,-0.03
-6.66560e-04,0.01,0.05
-6.66480e-04,0.03,-0.01
-6.66400e-04,0.03,0.05
-6.66320e-04,0.03,-0.03
-6.66240e-04,0.03,0.05
-6.66160e-04,0.01,-0.01
-6.66080e-04,0.05,0.05
-6.66000e-04,0.03,-0.03
-6.65920e-04,0.03,0.05
-6.65840e-04,0.03,-0.03
-6.65760e-04,0.03,0.05
-6.65680e-04,0.03,-0.01
-6.65600e-04,0.03,0.05
-6.65520e-04,0.03,-0.03
-6.65440e-04,0.01,0.05
-6.65360e-04,0.05,-0.03
-6.65280e-04,0.01,0.05
-6.65200e-04,0.05,-0.01
-6.65120e-04,0.03,0.05
-6.65040e-04,0.03,-0.03
-6.64960e-04,0.01,0.05
-6.64880e-04,0.03,-0.01
-6.64800e-04,0.03,0.05
-6.64720e-04,0.01,-0.01
-6.64640e-04,0.01,0.05
-6.64560e-04,0.03,-0.01
-6.64480e-04,0.03,0.05
-6.64400e-04,0.01,-0.01
-6.64320e-04,0.01,0.05
-6.64240e-04,0.03,-0.03
-6.64160e-04,0.03,0.05
-6.64080e-04,0.03,-0.01
-6.64000e-04,0.01,0.05
-6.63920e-04,0.05,-0.01
-6.63840e-04,0.01,0.05
-6.63760e-04,0.03,-0.01
-6.63680e-04,0.03,0.05
-6.63600e-04,0.03,-0.01
-6.63520e-04,0.05,0.05
-6.63440e-04,0.05,-0.01
-6.63360e-04,0.03,0.05
-6.63280e-04,0.03,-0.03
-6.63200e-04,0.01,0.05
-6.63120e-04,0.01,-0.03
-6.63040e-04,0.03,0.07
-6.62960e-04,0.03,-0.03
-6.62880e-04,0.03,0.05
-6.62800e-04,0.03,-0.03
-6.62720e-04,0.03,0.05
-6.62640e-04,0.01,-0.03
-6.62560e-04,0.01,0.05
-6.62480e-04,0.01,-0.03
-6.62400e-04,0.01,0.05
-6.62320e-04,0.01,-0.03
-6.62240e-04,0.01,0.05
-6.62160e-04,0.01,-0.03
-6.62080e-04,0.03,0.05
-6.62000e-04,-0.01,-0.03
-6.61920e-04,0.03,0.05
-6.61840e-04,0.01,-0.03
-6.61760e-04,0.03,0.05
-6.61680e-04,0.01,-0.01
-6.61600e-04,0.03,0.05
-6.61520e-04,0.03,-0.03
-6.61440e-04,0.03,0.05
-6.61360e-04,0.03,-0.01
-6.61280e-04,0.01,0.05
-6.61200e-04,0.03,-0.03
-6.61120e-04,0.01,0.05
-6.61040e-04,0.03,-0.03
-6.60960e-04,0.01,0.05
-6.60880e-04,0.03,-0.03
-6.60800e-04,0.03,0.05
-6.60720e-04,0.01,-0.01
-6.60640e-04,0.03,0.05
-6.60560e-04,0.03,-0.01
-6.60480e-04,0.03,0.05
-6.60400e-04,0.03,-0.03
-6.60320e-04,0.03,0.05
-6.60240e-04,0.05,-0.03
-6.60160e-04,0.01,0.07
-6.60080e-04,0.01,-0.03
-6.60000e-04,0.01,0.05
-6.59920e-04,0.03,-0.03
-6.59840e-04,0.01,0.05
-6.59760e-04,0.03,-0.01
-6.59680e-04,0.01,0.05
-6.59600e-04,0.03,-0.01
-6.59520e-04,0.03,0.05
-6.59440e-04,0.03,-0.01
-6.59360e-04,0.03,0.05
-6.59280e-04,0.01,-0.01
-6.59200e-04,0.05,0.05
-6.59120e-04,0.01,-0.01
-6.59040e-04,0.01,0.05
-6.58960e-04,0.03,-0.01
-6.58880e-04,0.03,0.05
-6.58800e-04,0.03,-0.03
-6.58720e-04,0.03,0.05
-6.58640e-04,0.03,-0.01
-6.58560e-04,0.03,0.05
-6.58480e-04,0.05,-0.03
-6.58400e-04,0.01,0.05
-6.58320e-04,0.03,-0.01
-6.58240e-04,0.03,0.05
-6.58160e-04,0.03,-0.01
-6.58080e-04,0.05,0.05
-6.58000e-04,0.01,-0.01
-6.57920e-04,0.03,0.05
-6.57840e-04,0.01,-0.01
-6.57760e-04,0.03,0.05
-6.57680e-04,0.01,-0.01
-6.57600e-04,0.01,0.05
-6.57520e-04,0.03,-0.03
-6.57440e-04,0.01,0.05
-6.57360e-04,0.03,-0.01
-6.57280e-04,0.01,0.05
-6.57200e-04,0.03,-0.03
-6.57120e-04,0.03,0.05
-6.57040e-04,0.01,-0.01
-6.56960e-04,0.03,0.05
-6.56880e-04,0.03,-0.03
-6.56800e-04,0.03,0.05
-6.56720e-04,0.01,-0.01
-6.56640e-04,0.03,0.05
-6.56560e-04,0.01,-0.03
-6.56480e-04,0.03,0.05
-6.56400e-04,0.03,-0.01
-6.56320e-04,0.01,0.05
-6.56240e-04,0.01,-0.03
-6.56160e-04,0.01,0.05
-6.56080e-04,0.03,-0.03
-6.56000e-04,0.01,0.07
-6.55920e-04,0.05,-0.03
-6.55840e-04,0.01,0.05
-6.55760e-04,0.03,-0.03
-6.55680e-04,0.03,0.05
-6.55600e-04,0.03,-0.01
-6.55520e-04,0.01,0.05
-6.55440e-04,0.01,-0.03
-6.55360e-04,0.03,0.05
-6.55280e-04,0.01,-0.03
-6.55200e-04,0.03,0.05
-6.55120e-04,0.01,-0.03
-6.55040e-04,0.03,0.05
-6.54960e-04,0.03,-0.03
-6.54880e-04,0.01,0.05
-6.54800e-04,0.03,-0.03
-6.54720e-04,0.01,0.05
-6.54640e-04,0.03,-0.03
-6.54560e-04,0.01,0.03
-6.54480e-04,0.03,-0.03
-6.54400e-04,0.03,0.05
-6.54320e-04,0.03,-0.03
-6.54240e-04,0.03,0.05
-6.54160e-04,0.01,-0.01
-6.54080e-04,0.03,0.05
-6.54000e-04,0.01,-0.03
-6.53920e-04,0.03,0.05
-6.53840e-04,0.03,-0.03
-6.53760e-04,0.03,0.05
-6.53680e-04,0.03,-0.03
-6.53600e-04,0.03,0.05
-6.53520e-04,0.05,-0.01
-6.53440e-04,0.03,0.05
-6.53360e-04,0.03,-0.03
-6.53280e-04,0.01,0.05
-6.53200e-04,0.05,-0.01
-6.53120e-04,0.01,0.05
-6.53040e-04,0.03,-0.03
-6.52960e-04,0.03,0.05
-6.52880e-04,0.03,-0.03
-6.52800e-04,0.03,0.05
-6.52720e-04,0.01,-0.01
-6.52640e-04,0.03,0.05
-6.52560e-04,0.03,-0.01
-6.52480e-04,0.03,0.05
-6.52400e-04,0.03,-0.01
-6.52320e-04,0.03,0.05
-6.52240e-04,0.03,-0.03
-6.52160e-04,0.01,0.05
-6.52080e-04,0.03,-0.01
-6.52000e-04,0.01,0.05
-6.51920e-04,0.03,-0.01
-6.51840e-04,0.01,0.05
-6.51760e-04,0.05,-0.03
-6.51680e-04,0.03,0.07
-6.51600e-04,0.03,-0.03
-6.51520e-04,0.03,0.05
-6.51440e-04,0.01,-0.01
-6.51360e-04,0.05,0.05
-6.51280e-04,0.01,-0.03
-6.51200e-04,0.03,0.05
-6.51120e-04,0.03,-0.01
-6.51040e-04,0.03,0.05
-6.50960e-04,0.03,-0.03
-6.50880e-04,0.03,0.05
-6.50800e-04,0.03,-0.01
-6.50720e-04,0.03,0.05
-6.50640e-04,0.05,-0.01
-6.50560e-04,0.03,0.05
-6.50480e-04,0.03,-0.01
-6.50400e-04,0.01,0.07
-6.50320e-04,0.03,-0.01
-6.50240e-04,0.03,0.05
-6.50160e-04,0.03,-0.01
-6.50080e-04,0.03,0.05
-6.50000e-04,0.01,-0.01
-6.49920e-04,0.03,0.05
-6.49840e-04,0.03,-0.01
-6.49760e-04,0.03,0.05
-6.49680e-04,0.03,-0.01
-6.49600e-04,0.03,0.07
-6.49520e-04,0.03,-0.01
-6.49440e-04,0.03,0.05
-6.49360e-04,0.03,-0.01
-6.49280e-04,0.03,0.05
-6.49200e-04,0.03,-0.03
-6.49120e-04,0.03,0.05
-6.49040e-04,0.03,-0.03
-6.48960e-04,0.05,0.05
-6.48880e-04,0.05,-0.03
-6.48800e-04,0.05,0.07
-6.48720e-04,0.01,-0.03
-6.48640e-04,0.03,0.05
-6.48560e-04,0.01,-0.03
-6.48480e-04,0.01,0.07
-6.48400e-04,0.03,-0.03
-6.48320e-04,0.03,0.05
-6.48240e-04,0.03,-0.03
-6.48160e-04,0.03,0.05
-6.48080e-04,0.03,-0.01
-6.48000e-04,0.01,0.05
-6.47920e-04,0.03,-0.01
-6.47840e-04,0.03,0.05
-6.47760e-04,0.03,-0.01
-6.47680e-04,0.03,0.05
-6.47600e-04,0.01,-0.01
-6.47520e-04,0.03,0.05
-6.47440e-04,0.03,-0.03
-6.47360e-04,0.03,0.05
-6.47280e-04,0.01,-0.01
-6.47200e-04,0.05,0.05
-6.47120e-04,0.01,-0.01
-6.47040e-04,0.03,0.05
-6.46960e-04,0.03,-0.03
-6.46880e-04,0.01,0.05
-6.46800e-04,0.03,-0.03
-6.46720e-04,0.01,0.05
-6.46640e-04,0.03,-0.01
-6.46560e-04,0.03,0.05
-6.46480e-04,0.03,-0.03
-6.46400e-04,0.01,0.03
-6.46320e-04,0.03,-0.01
-6.46240e-04,0.03,0.03
-6.46160e-04,0.01,-0.03
-6.46080e-04,0.03,0.05
-6.46000e-04,0.01,-0.01
-6.45920e-04,0.03,0.05
-6.45840e-04,0.01,-0.01
-6.45760e-04,0.03,0.05
-6.45680e-04,0.01,-0.03
-6.45600e-04,0.03,0.05
-6.45520e-04,0.01,-0.03
-6.45440e-04,0.03,0.05
-6.45360e-04,0.03,-0.01
-6.45280e-04,0.03,0.07
-6.45200e-04,0.03,-0.01
-6.45120e-04,0.03,0.05
-6.45040e-04,0.03,-0.01
-6.44960e-04,0.01,0.05
-6.44880e-04,0.03,-0.03
-6.44800e-04,0.03,0.05
-6.44720e-04,0.03,-0.01
-6.44640e-04,0.01,0.05
-6.44560e-04,0.05,-0.03
-6.44480e-04,0.03,0.05
-6.44400e-04,0.01,-0.03
-6.44320e-04,0.03,0.07
-6.44240e-04,0.03,-0.03
-6.44160e-04,0.03,0.05
-6.44080e-04,0.05,-0.01
-6.44000e-04,0.03,0.05
-6.43920e-04,0.03,-0.01
-6.43840e-04,0.01,0.05
-6.43760e-04,0.03,-0.01
-6.43680e-04,0.01,0.05
-6.43600e-04,0.03,-0.01
-6.43520e-04,0.03,0.05
-6.43440e-04,0.03,-0.01
-6.43360e-04,0.03,0.05
-6.43280e-04,0.01,-0.01
-6.43200e-04,0.03,0.05
-6.43120e-04,0.03,-0.01
-6.43040e-04,0.03,0.05
-6.42960e-04,0.01,-0.03
-6.42880e-04,0.01,0.05
-6.42800e-04,0.03,-0.01
-6.42720e-04,0.01,0.05
-6.42640e-04,0.03,-0.01
-6.42560e-04,0.01,0.05
-6.42480e-04,0.03,-0.01
-6.42400e-04,0.01,0.05
-6.42320e-04,0.03,-0.03
-6.42240e-04,0.03,0.05
-6.42160e-04,0.01,-0.03
-6.42080e-04,0.03,0.05
-6.42000e-04,0.03,-0.03
-6.41920e-04,0.03,0.05
-6.41840e-04,0.03,-0.03
-6.41760e-04,0.03,0.05
-6.41680e-04,-0.01,-0.03
-6.41600e-04,0.01,0.05
-6.41520e-04,0.01,-0.03
-6.41440e-04,0.01,0.07
-6.41360e-04,0.03,-0.03
-6.41280e-04,0.01,0.05
-6.41200e-04,0.03,-0.03
-6.41120e-04,0.03,0.05
-6.41040e-04,0.05,-0.03
-6.40960e-04,0.03,0.05
-6.40880e-04,0.01,-0.03
-6.40800e-04,0.03,0.05
-6.40720e-04,0.03,-0.03
-6.40640e-04,0.03,0.05
-6.40560e-04,0.01,-0.01
-6.40480e-04,0.03,0.05
-6.40400e-04,0.01,-0.03
-6.40320e-04,0.03,0.05
-6.40240e-04,0.03,-0.03
-6.40160e-04,0.01,0.05
-6.40080e-04,0.03,-0.01
-6.40000e-04,0.01,0.05
-6.39920e-04,0.03,-0.03
-6.39840e-04,0.03,0.05
-6.39760e-04,0.03,-0.01
-6.39680e-04,0.03,0.05
-6.39600e-04,0.01,-0.01
-6.39520e-04,0.03,0.05
-6.39440e-04,0.03,-0.01
-6.39360e-04,0.03,0.05
-6.39280e-04,0.03,-0.01
-6.39200e-04,0.05,0.05
-6.39120e-04,0.03,-0.01
-6.39040e-04,0.05,0.05
-6.38960e-04,0.03,-0.03
-6.38880e-04,0.03,0.05
-6.38800e-04,0.03,-0.01
-6.38720e-04,0.01,0.05
-6.38640e-04,0.03,-0.01
-6.38560e-04,0.03,0.05
-6.38480e-04,0.03,-0.01
-6.38400e-04,0.01,0.05
-6.38320e-04,0.03,-0.03
-6.38240e-04,0.03,0.05
-6.38160e-04,0.01,-0.01
-6.38080e-04,0.03,0.05
-6.38000e-04,0.01,-0.01
-6.37920e-04,0.03,0.05
-6.37840e-04,0.03,-0.01
-6.37760e-04,0.03,0.05
-6.37680e-04,0.03,-0.01
-6.37600e-04,0.03,0.07
-6.37520e-04,0.03,-0.03
-6.37440e-04,0.01,0.05
-6.37360e-04,0.03,-0.01
-6.37280e-04,0.01,0.05
-6.37200e-04,0.03,-0.03
-6.37120e-04,0.03,0.05
-6.37040e-04,0.01,-0.01
-6.36960e-04,0.03,0.05
-6.36880e-04,0.03,-0.03
-6.36800e-04,0.03,0.05
-6.36720e-04,0.01,-0.01
-6.36640e-04,0.05,0.05
-6.36560e-04,0.01,-0.03
-6.36480e-04,0.03,0.05
-6.36400e-04,0.01,-0.01
-6.36320e-04,0.03,0.05
-6.36240e-04,0.03,-0.03
-6.36160e-04,0.01,0.05
-6.36080e-04,0.03,-0.03
-6.36000e-04,0.03,0.07
-6.35920e-04,0.03,-0.01
-6.35840e-04,0.01,0.05
-6.35760e-04,0.03,-0.03
-6.35680e-04,0.03,0.05
-6.35600e-04,-0.01,-0.03
-6.35520e-04,0.03,0.05
-6.35440e-04,0.01,-0.03
-6.35360e-04,0.03,0.05
-6.35280e-04,0.01,-0.03
-6.35200e-04,0.03,0.05
-6.35120e-04,0.03,-0.01
-6.35040e-04,0.03,0.05
-6.34960e-04,0.05,-0.03
-6.34880e-04,0.01,0.03
-6.34800e-04,0.01,-0.03
-6.34720e-04,0.03,0.05
-6.34640e-04,0.03,-0.03
-6.34560e-04,0.03,0.05
-6.34480e-04,0.03,-0.03
-6.34400e-04,0.05,0.05
-6.34320e-04,0.03,-0.03
-6.34240e-04,0.05,0.05
-6.34160e-04,0.01,-0.05
-6.34080e-04,0.01,0.07
-6.34000e-04,0.01,-0.03
-6.33920e-04,0.03,0.07
-6.33840e-04,0.03,-0.01
-6.33760e-04,0.03,0.05
-6.33680e-04,0.01,-0.01
-6.33600e-04,0.03,0.05
-6.33520e-04,0.03,-0.03
-6.33440e-04,0.03,0.05
-6.33360e-04,0.03,-0.01
-6.33280e-04,0.03,0.07
-6.33200e-04,0.03,-0.01
-6.33120e-04,0.01,0.05
-6.33040e-04,0.03,-0.01
-6.32960e-04,0.03,0.05
-6.32880e-04,0.01,-0.03
-6.32800e-04,0.03,0.05
-6.32720e-04,0.01,-0.01
-6.32640e-04,0.03,0.05
-6.32560e-04,0.01,-0.03
-6.32480e-04,0.01,0.05
-6.32400e-04,0.03,-0.01
-6.32320e-04,0.03,0.05
-6.32240e-04,0.03,-0.01
-6.32160e-04,0.03,0.03
-6.32080e-04,0.03,-0.01
-6.32000e-04,0.01,0.05
-6.31920e-04,0.03,-0.01
-6.31840e-04,0.01,0.05
-6.31760e-04,0.03,-0.01
-6.31680e-04,0.03,0.05
-6.31600e-04,0.03,-0.01
-6.31520e-04,0.05,0.05
-6.31440e-04,0.01,-0.03
-6.31360e-04,0.05,0.05
-6.31280e-04,0.03,-0.03
-6.31200e-04,0.03,0.05
-6.31120e-04,0.03,-0.01
-6.31040e-04,0.03,0.05
-6.30960e-04,0.03,-0.01
-6.30880e-04,0.03,0.05
-6.30800e-04,0.03,-0.01
-6.30720e-04,0.01,0.07
-6.30640e-04,0.01,-0.01
-6.30560e-04,0.03,0.05
-6.30480e-04,0.03,-0.03
-6.30400e-04,0.01,0.05
-6.30320e-04,0.03,-0.01
-6.30240e-04,0.03,0.05
-6.30160e-04,0.01,-0.01
-6.30080e-04,0.03,0.05
-6.30000e-04,0.03,-0.01
-6.29920e-04,0.05,0.05
-6.29840e-04,0.01,-0.01
-6.29760e-04,0.01,0.05
-6.29680e-04,0.03,-0.01
-6.29600e-04,0.03,0.05
-6.29520e-04,0.03,-0.01
-6.29440e-04,0.03,0.05
-6.29360e-04,0.03,-0.01
-6.29280e-04,0.01,0.05
-6.29200e-04,0.03,-0.01
-6.29120e-04,0.03,0.05
-6.29040e-04,0.03,-0.01
-6.28960e-04,0.03,0.05
-6.28880e-04,0.01,-0.01
-6.28800e-04,0.07,0.05
-6.28720e-04,0.01,-0.03
-6.28640e-04,0.07,0.07
-6.28560e-04,0.01,-0.03
-6.28480e-04,0.03,0.07
-6.28400e-04,0.01,-0.03
-6.28320e-04,0.03,0.07
-6.28240e-04,0.05,-0.01
-6.28160e-04,0.01,0.07
-6.28080e-04,0.03,-0.01
-6.28000e-04,0.03,0.05
-6.27920e-04,0.03,-0.03
-6.27840e-04,0.01,0.07
-6.27760e-04,0.05,-0.01
-6.27680e-04,0.01,0.05
-6.27600e-04,0.03,-0.01
-6.27520e-04,0.05,0.05
-6.27440e-04,0.03,-0.01
-6.27360e-04,0.05,0.05
-6.27280e-04,0.01,-0.03
-6.27200e-04,0.03,0.07
-6.27120e-04,0.01,-0.01
-6.27040e-04,0.03,0.05
-6.26960e-04,0.05,-0.03
-6.26880e-04,0.05,0.07
-6.26800e-04,0.03,-0.01
-6.26720e-04,-0.01,0.07
-6.26640e-04,0.05,-0.03
-6.26560e-04,0.01,0.07
-6.26480e-04,0.03,-0.03
-6.26400e-04,0.03,0.05
-6.26320e-04,0.03,-0.03
-6.26240e-04,0.03,0.05
-6.26160e-04,0.03,-0.01
-6.26080e-04,0.03,0.05
-6.26000e-04,0.03,-0.01
-6.25920e-04,0.05,0.05
-6.25840e-04,0.03,-0.01
-6.25760e-04,0.05,0.05
-6.25680e-04,0.01,-0.01
-6.25600e-04,0.03,0.05
-6.25520e-04,0.03,-0.01
-6.25440e-04,0.03,0.05
-6.25360e-04,0.03,-0.01
-6.25280e-04,0.01,0.05
-6.25200e-04,0.03,-0.03
-6.25120e-04,0.01,0.05
-6.25040e-04,0.03,-0.01
-6.24960e-04,0.03,0.05
-6.24880e-04,0.03,-0.03
-6.24800e-04,0.03,0.05
-6.24720e-04,0.05,-0.01
-6.24640e-04,-0.03,0.07
-6.24560e-04,0.07,-0.05
-6.24480e-04,0.03,0.05
-6.24400e-04,0.03,-0.07
-6.24320e-04,0.03,0.07
-6.24240e-04,0.03,-0.01
-6.24160e-04,0.01,0.07
-6.24080e-04,0.05,-0.01
-6.24000e-04,0.03,0.05
-6.23920e-04,0.05,-0.01
-6.23840e-04,0.01,0.05
-6.23760e-04,0.03,-0.01
-6.23680e-04,0.03,0.05
-6.23600e-04,0.01,-0.01
-6.23520e-04,0.03,0.05
-6.23440e-04,0.03,-0.03
-6.23360e-04,0.03,0.05
-6.23280e-04,0.03,-0.01
-6.23200e-04,0.03,0.05
-6.23120e-04,0.03,-0.01
-6.23040e-04,0.03,0.05
-6.22960e-04,0.05,-0.01
-6.22880e-04,0.01,0.05
-6.22800e-04,0.03,-0.01
-6.22720e-04,0.01,0.05
-6.22640e-04,0.03,-0.01
-6.22560e-04,0.03,0.05
-6.22480e-04,0.03,-0.01
-6.22400e-04,0.03,0.03
-6.22320e-04,0.01,-0.01
-6.22240e-04,0.03,0.05
-6.22160e-04,0.03,-0.01
-6.22080e-04,0.03,0.05
-6.22000e-04,0.03,-0.01
-6.21920e-04,0.03,0.05
-6.21840e-04,0.01,-0.01
-6.21760e-04,0.03,0.05
-6.21680e-04,0.03,-0.01
-6.21600e-04,0.03,0.05
-6.21520e-04,0.03,-0.01
-6.21440e-04,0.01,0.05
-6.21360e-04,0.03,-0.03
-6.21280e-04,0.03,0.05
-6.21200e-04,0.05,-0.03
-6.21120e-04,0.05,0.05
-6.21040e-04,0.03,-0.01
-6.20960e-04,0.03,0.05
-6.20880e-04,0.03,-0.01
-6.20800e-04,0.03,0.05
-6.20720e-04,0.01,-0.01
-6.20640e-04,0.03,0.05
-6.20560e-04,0.03,-0.01
-6.20480e-04,0.03,0.05
-6.20400e-04,0.03,-0.03
-6.20320e-04,0.01,0.05
-6.20240e-04,0.03,-0.03
-6.20160e-04,0.03,0.05
-6.20080e-04,0.03,-0.01
-6.20000e-04,0.03,0.05
-6.19920e-04,0.03,-0.01
-6.19840e-04,0.05,0.05
-6.19760e-04,0.03,-0.03
-6.19680e-04,0.03,0.05
-6.19600e-04,0.03,-0.03
-6.19520e-04,0.01,0.05
-6.19440e-04,0.01,-0.01
-6.19360e-04,0.03,0.05
-6.19280e-04,0.01,-0.01
-6.19200e-04,0.03,0.05
-6.19120e-04,0.01,-0.01
-6.19040e-04,0.01,0.05
-6.18960e-04,0.03,-0.01
-6.18880e-04,0.01,0.05
-6.18800e-04,0.03,-0.03
-6.18720e-04,0.01,0.05
-6.18640e-04,0.03,-0.01
-6.18560e-04,0.03,0.05
-6.18480e-04,0.03,-0.01
-6.18400e-04,0.05,0.05
-6.18320e-04,0.03,-0.01
-6.18240e-04,0.01,0.05
-6.18160e-04,0.03,-0.01
-6.18080e-04,0.03,0.05
-6.18000e-04,0.01,-0.01
-6.17920e-04,0.03,0.05
-6.17840e-04,0.01,-0.01
-6.17760e-04,0.07,0.05
-6.17680e-04,0.01,-0.05
-6.17600e-04,0.01,0.13
-6.17520e-04,0.03,-0.01
-6.17440e-04,0.01,0.07
-6.17360e-04,0.03,-0.03
-6.17280e-04,0.03,0.05
-6.17200e-04,0.03,-0.01
-6.17120e-04,0.01,0.05
-6.17040e-04,0.03,-0.01
-6.16960e-04,0.03,0.05
-6.16880e-04,0.03,-0.01
-6.16800e-04,0.03,0.05
-6.16720e-04,0.03,-0.01
-6.16640e-04,0.03,0.05
-6.16560e-04,0.01,-0.03
-6.16480e-04,0.03,0.05
-6.16400e-04,0.03,-0.01
-6.16320e-04,0.01,0.05
-6.16240e-04,0.03,-0.03
-6.16160e-04,0.03,0.05
-6.16080e-04,0.05,-0.01
-6.16000e-04,0.01,0.05
-6.15920e-04,0.03,-0.03
-6.15840e-04,0.01,0.05
-6.15760e-04,0.03,-0.01
-6.15680e-04,0.03,0.05
-6.15600e-04,0.03,-0.01
-6.15520e-04,0.03,0.05
-6.15440e-04,0.03,-0.03
-6.15360e-04,0.05,0.05
-6.15280e-04,0.03,-0.01
-6.15200e-04,0.05,0.05
-6.15120e-04,0.03,-0.01
-6.15040e-04,0.03,0.05
-6.14960e-04,0.05,-0.03
-6.14880e-04,0.03,0.05
-6.14800e-04,0.03,-0.01
-6.14720e-04,0.01,0.05
-6.14640e-04,0.03,-0.03
-6.14560e-04,0.01,0.05
-6.14480e-04,0.03,-0.03
-6.14400e-04,0.01,0.05
-6.14320e-04,0.03,-0.01
-6.14240e-04,0.03,0.05
-6.14160e-04,0.01,-0.03
-6.14080e-04,0.03,0.05
-6.14000e-04,0.03,-0.01
-6.13920e-04,0.03,0.05
-6.13840e-04,0.05,-0.01
-6.13760e-04,0.03,0.05
-6.13680e-04,0.03,-0.03
-6.13600e-04,0.03,0.05
-6.13520e-04,0.03,-0.03
-6.13440e-04,0.03,0.05
-6.13360e-04,0.01,-0.03
-6.13280e-04,0.01,0.05
-6.13200e-04,0.01,-0.01
-6.13120e-04,0.03,0.05
-6.13040e-04,0.05,-0.01
-6.12960e-04,0.01,0.05
-6.12880e-04,0.03,-0.01
-6.12800e-04,0.03,0.05
-6.12720e-04,0.01,-0.01
-6.12640e-04,0.03,0.05
-6.12560e-04,0.01,-0.03
-6.12480e-04,0.03,0.05
-6.12400e-04,0.03,-0.03
-6.12320e-04,0.05,0.07
-6.12240e-04,0.05,-0.03
-6.12160e-04,0.01,0.07
-6.12080e-04,0.05,-0.01
-6.12000e-04,0.01,0.05
-6.11920e-04,0.03,-0.01
-6.11840e-04,0.01,0.05
-6.11760e-04,0.03,-0.01
-6.11680e-04,0.01,0.05
-6.11600e-04,0.03,-0.01
-6.11520e-04,0.03,0.05
-6.11440e-04,0.01,-0.01
-6.11360e-04,0.03,0.05
-6.11280e-04,0.03,-0.03
-6.11200e-04,0.05,0.05
-6.11120e-04,0.03,-0.01
-6.11040e-04,0.03,0.05
-6.10960e-04,0.05,-0.03
-6.10880e-04,0.03,0.05
-6.10800e-04,0.03,-0.01
-6.10720e-04,0.01,0.05
-6.10640e-04,0.03,-0.01
-6.10560e-04,0.03,0.05
-6.10480e-04,0.03,-0.01
-6.10400e-04,0.03,0.07
-6.10320e-04,0.03,-0.01
-6.10240e-04,0.03,0.05
-6.10160e-04,0.01,-0.01
-6.10080e-04,0.03,0.05
-6.10000e-04,0.01,-0.03
-6.09920e-04,0.03,0.05
-6.09840e-04,0.03,-0.01
-6.09760e-04,0.05,0.05
-6.09680e-04,0.01,-0.01
-6.09600e-04,0.05,0.05
-6.09520e-04,0.03,-0.01
-6.09440e-04,0.03,0.05
-6.09360e-04,0.03,-0.01
-6.09280e-04,0.01,0.05
-6.09200e-04,0.03,-0.03
-6.09120e-04,0.03,0.05
-6.09040e-04,0.03,-0.03
-6.08960e-04,0.03,0.07
-6.08880e-04,0.01,-0.03
-6.08800e-04,0.03,0.05
-6.08720e-04,0.01,-0.01
-6.08640e-04,0.05,0.05
-6.08560e-04,0.01,-0.01
-6.08480e-04,0.03,0.05
-6.08400e-04,0.03,-0.03
-6.08320e-04,0.03,0.07
-6.08240e-04,0.03,-0.01
-6.08160e-04,0.03,0.05
-6.08080e-04,0.05,-0.03
-6.08000e-04,0.03,0.05
-6.07920e-04,0.03,-0.03
-6.07840e-04,0.01,0.05
-6.07760e-04,0.03,-0.01
-6.07680e-04,0.03,0.05
-6.07600e-04,0.03,-0.01
-6.07520e-04,0.05,0.05
-6.07440e-04,0.03,-0.03
-6.07360e-04,0.03,0.05
-6.07280e-04,0.01,-0.03
-6.07200e-04,0.03,0.05
-6.07120e-04,0.03,-0.03
-6.07040e-04,0.03,0.05
-6.06960e-04,0.03,-0.03
-6.06880e-04,0.03,0.05
-6.06800e-04,0.03,-0.01
-6.06720e-04,0.03,0.05
-6.06640e-04,0.03,-0.03
-6.06560e-04,0.03,0.05
-6.06480e-04,0.03,-0.03
-6.06400e-04,0.03,0.07
-6.06320e-04,0.01,-0.03
-6.06240e-04,0.03,0.05
-6.06160e-04,0.03,-0.01
-6.06080e-04,0.03,0.05
-6.06000e-04,0.01,-0.01
-6.05920e-04,0.03,0.05
-6.05840e-04,0.03,-0.01
-6.05760e-04,0.03,0.05
-6.05680e-04,0.03,-0.03
-6.05600e-04,0.03,0.05
-6.05520e-04,0.03,-0.01
-6.05440e-04,0.03,0.05
-6.05360e-04,0.03,-0.03
-6.05280e-04,0.03,0.05
-6.05200e-04,0.05,-0.03
-6.05120e-04,0.01,0.05
-6.05040e-04,0.03,-0.03
-6.04960e-04,0.01,0.05
-6.04880e-04,0.03,-0.03
-6.04800e-04,0.03,0.07
-6.04720e-04,0.01,-0.03
-6.04640e-04,0.03,0.05
-6.04560e-04,0.01,-0.03
-6.04480e-04,0.03,0.05
-6.04400e-04,0.01,-0.03
-6.04320e-04,0.03,0.07
-6.04240e-04,0.01,-0.03
-6.04160e-04,0.03,0.05
-6.04080e-04,0.01,-0.01
-6.04000e-04,0.01,0.05
-6.03920e-04,0.05,-0.01
-6.03840e-04,0.01,0.05
-6.03760e-04,0.03,-0.01
-6.03680e-04,0.01,0.05
-6.03600e-04,0.03,-0.01
-6.03520e-04,0.03,0.05
-6.03440e-04,0.03,-0.01
-6.03360e-04,0.05,0.05
-6.03280e-04,0.03,-0.01
-6.03200e-04,0.03,0.05
-6.03120e-04,0.01,-0.01
-6.03040e-04,0.01,0.05
-6.02960e-04,0.03,-0.01
-6.02880e-04,0.03,0.05
-6.02800e-04,0.05,-0.01
-6.02720e-04,0.01,0.05
-6.02640e-04,0.03,-0.01
-6.02560e-04,0.03,0.05
-6.02480e-04,0.05,-0.01
-6.02400e-04,0.03,0.05
-6.02320e-04,0.03,-0.01
-6.02240e-04,0.03,0.05
-6.02160e-04,0.03,-0.01
-6.02080e-04,0.03,0.05
-6.02000e-04,0.03,-0.01
-6.01920e-04,0.03,0.05
-6.01840e-04,0.01,-0.03
-6.01760e-04,0.03,0.05
-6.01680e-04,0.03,-0.01
-6.01600e-04,0.03,0.07
-6.01520e-04,0.03,-0.01
-6.01440e-04,0.01,0.05
-6.01360e-04,0.03,-0.01
-6.01280e-04,0.01,0.05
-6.01200e-04,0.03,-0.01
-6.01120e-04,0.03,0.05
-6.01040e-04,0.03,-0.01
-6.00960e-04,0.03,0.05
-6.00880e-04,0.01,-0.03
-6.00800e-04,0.03,0.05
-6.00720e-04,0.01,-0.03
-6.00640e-04,0.03,0.05
-6.00560e-04,0.03,-0.01
-6.00480e-04,0.05,0.05
-6.00400e-04,0.03,-0.01
-6.00320e-04,0.03,0.05
-6.00240e-04,0.01,-0.03
-6.00160e-04,0.01,0.05
-6.00080e-04,0.03,-0.01
-6.00000e-04,0.01,0.05
-5.99920e-04,0.03,-0.01
-5.99840e-04,0.01,0.05
-5.99760e-04,0.01,-0.03
-5.99680e-04,0.03,0.05
-5.99600e-04,0.03,-0.01
-5.99520e-04,0.03,0.05
-5.99440e-04,0.03,-0.03
-5.99360e-04,0.03,0.05
-5.99280e-04,0.01,-0.01
-5.99200e-04,0.03,0.05
-5.99120e-04,0.03,-0.03
-5.99040e-04,0.03,0.05
-5.98960e-04,0.03,-0.01
-5.98880e-04,0.01,0.05
-5.98800e-04,0.03,-0.01
-5.98720e-04,0.01,0.05
-5.98640e-04,0.03,-0.01
-5.98560e-04,0.01,0.05
-5.98480e-04,0.03,-0.03
-5.98400e-04,0.03,0.03
-5.98320e-04,0.01,-0.03
-5.98240e-04,0.03,0.05
-5.98160e-04,0.03,-0.01
-5.98080e-04,0.05,0.05
-5.98000e-04,0.01,-0.03
-5.97920e-04,0.03,0.05
-5.97840e-04,0.03,-0.03
-5.97760e-04,0.07,0.07
-5.97680e-04,0.05,-0.01
-5.97600e-04,0.01,0.07
-5.97520e-04,0.05,-0.03
-5.97440e-04,0.01,0.05
-5.97360e-04,0.05,-0.01
-5.97280e-04,0.01,0.05
-5.97200e-04,0.03,-0.03
-5.97120e-04,0.03,0.05
-5.97040e-04,0.03,-0.01
-5.96960e-04,0.01,0.07
-5.96880e-04,0.03,-0.03
-5.96800e-04,0.03,0.05
-5.96720e-04,0.01,-0.03
-5.96640e-04,0.05,0.05
-5.96560e-04,0.01,-0.03
-5.96480e-04,0.05,0.05
-5.96400e-04,0.01,-0.01
-5.96320e-04,0.03,0.07
-5.96240e-04,0.03,-0.03
-5.96160e-04,0.03,0.05
-5.96080e-04,0.05,-0.01
-5.96000e-04,0.03,0.05
-5.95920e-04,0.03,-0.01
-5.95840e-04,0.01,0.05
-5.95760e-04,0.03,-0.03
-5.95680e-04,0.01,0.05
-5.95600e-04,0.01,-0.01
-5.95520e-04,0.03,0.05
-5.95440e-04,0.03,-0.03
-5.95360e-04,0.03,0.05
-5.95280e-04,0.01,-0.01
-5.95200e-04,0.05,0.05
-5.95120e-04,0.01,-0.03
-5.95040e-04,0.03,0.05
-5.94960e-04,0.03,-0.01
-5.94880e-04,0.01,0.05
-5.94800e-04,0.03,-0.01
-5.94720e-04,0.01,0.07
-5.94640e-04,0.03,-0.01
-5.94560e-04,0.03,0.05
-5.94480e-04,0.03,-0.03
-5.94400e-04,0.03,0.05
-5.94320e-04,0.05,-0.03
-5.94240e-04,0.01,0.05
-5.94160e-04,0.03,-0.01
-5.94080e-04,0.01,0.05
-5.94000e-04,0.03,-0.01
-5.93920e-04,0.03,0.05
-5.93840e-04,0.03,-0.01
-5.93760e-04,0.03,0.05
-5.93680e-04,0.03,-0.01
-5.93600e-04,0.01,0.03
-5.93520e-04,0.03,-0.01
-5.93440e-04,0.01,0.05
-5.93360e-04,0.05,-0.01
-5.93280e-04,0.03,0.05
-5.93200e-04,0.05,-0.03
-5.93120e-04,0.03,0.05
-5.93040e-04,0.03,-0.03
-5.92960e-04,0.03,0.05
-5.92880e-04,0.03,-0.03
-5.92800e-04,0.05,0.05
-5.92720e-04,0.01,-0.01
-5.92640e-04,0.03,0.05
-5.92560e-04,0.01,-0.01
-5.92480e-04,0.03,0.05
-5.92400e-04,0.03,-0.01
-5.92320e-04,0.03,0.05
-5.92240e-04,0.03,-0.03
-5.92160e-04,0.01,0.05
-5.92080e-04,0.03,-0.01
-5.92000e-04,0.03,0.05
-5.91920e-04,0.05,-0.01
-5.91840e-04,0.03,0.05
-5.91760e-04,0.03,-0.01
-5.91680e-04,0.03,0.05
-5.91600e-04,0.05,-0.01
-5.91520e-04,0.03,0.05
-5.91440e-04,0.01,-0.01
-5.91360e-04,0.03,0.05
-5.91280e-04,0.01,-0.01
-5.91200e-04,0.03,0.05
-5.91120e-04,0.03,-0.03
-5.91040e-04,0.03,0.05
-5.90960e-04,0.03,-0.03
-5.90880e-04,0.01,0.05
-5.90800e-04,0.01,-0.03
-5.90720e-04,0.01,0.05
-5.90640e-04,0.07,-0.03
-5.90560e-04,0.03,0.07
-5.90480e-04,0.05,-0.03
-5.90400e-04,0.03,0.07
-5.90320e-04,0.03,-0.03
-5.90240e-04,0.01,0.05
-5.90160e-04,0.01,-0.03
-5.90080e-04,0.03,0.05
-5.90000e-04,0.01,-0.03
-5.89920e-04,0.05,0.05
-5.89840e-04,0.03,-0.03
-5.89760e-04,0.03,0.05
-5.89680e-04,0.03,-0.01
-5.89600e-04,0.03,0.05
-5.89520e-04,0.03,-0.03
-5.89440e-04,0.01,0.05
-5.89360e-04,0.03,-0.03
-5.89280e-04,0.03,0.05
-5.89200e-04,0.05,-0.03
-5.89120e-04,0.03,0.07
-5.89040e-04,0.03,-0.03
-5.88960e-04,0.03,0.07
-5.88880e-04,0.03,-0.01
-5.88800e-04,0.03,0.05
-5.88720e-04,0.01,-0.03
-5.88640e-04,0.03,0.05
-5.88560e-04,0.03,-0.01
-5.88480e-04,0.03,0.05
-5.88400e-04,0.03,-0.01
-5.88320e-04,0.03,0.05
-5.88240e-04,0.03,-0.01
-5.88160e-04,0.03,0.05
-5.88080e-04,0.03,-0.01
-5.88000e-04,0.01,0.05
-5.87920e-04,0.03,-0.01
-5.87840e-04,0.03,0.05
-5.87760e-04,0.03,-0.01
-5.87680e-04,0.05,0.05
-5.87600e-04,0.03,-0.03
-5.87520e-04,0.03,0.05
-5.87440e-04,0.03,-0.03
-5.87360e-04,0.05,0.05
-5.87280e-04,0.03,-0.01
-5.87200e-04,0.03,0.05
-5.87120e-04,0.03,-0.01
-5.87040e-04,0.03,0.05
-5.86960e-04,0.03,-0.01
-5.86880e-04,0.03,0.05
-5.86800e-04,0.03,-0.03
-5.86720e-04,0.01,0.05
-5.86640e-04,0.03,-0.03
-5.86560e-04,0.01,0.05
-5.86480e-04,0.03,-0.03
-5.86400e-04,0.03,0.05
-5.86320e-04,0.03,-0.01
-5.86240e-04,0.05,0.05
-5.86160e-04,0.03,-0.01
-5.86080e-04,0.05,0.05
-5.86000e-04,0.01,-0.03
-5.85920e-04,0.03,0.05
-5.85840e-04,0.03,-0.01
-5.85760e-04,0.01,0.05
-5.85680e-04,0.03,-0.03
-5.85600e-04,0.01,0.05
-5.85520e-04,0.03,-0.01
-5.85440e-04,0.03,0.05
-5.85360e-04,0.03,-0.03
-5.85280e-04,0.01,0.05
-5.85200e-04,0.03,-0.01
-5.85120e-04,0.01,0.05
-5.85040e-04,0.03,-0.03
-5.84960e-04,0.01,0.05
-5.84880e-04,0.01,-0.03
-5.84800e-04,0.03,0.05
-5.84720e-04,0.03,-0.03
-5.84640e-04,0.03,0.05
-5.84560e-04,0.01,-0.03
-5.84480e-04,0.05,0.05
-5.84400e-04,0.03,-0.03
-5.84320e-04,0.03,0.05
-5.84240e-04,0.03,-0.01
-5.84160e-04,-0.01,0.05
-5.84080e-04,0.03,-0.01
-5.84000e-04,0.01,0.05
-5.83920e-04,0.03,-0.03
-5.83840e-04,0.03,0.05
-5.83760e-04,0.03,-0.03
-5.83680e-04,0.03,0.05
-5.83600e-04,0.03,-0.03
-5.83520e-04,0.03,0.05
-5.83440e-04,0.01,-0.03
-5.83360e-04,0.03,0.05
-5.83280e-04,0.01,-0.03
-5.83200e-04,0.05,0.05
-5.83120e-04,0.03,-0.03
-5.83040e-04,0.03,0.07
-5.82960e-04,0.03,-0.03
-5.82880e-04,0.01,0.05
-5.82800e-04,0.05,-0.03
-5.82720e-04,0.03,0.07
-5.82640e-04,0.05,-0.01
-5.82560e-04,0.03,0.05
-5.82480e-04,0.03,-0.03
-5.82400e-04,0.03,0.05
-5.82320e-04,0.01,-0.03
-5.82240e-04,0.03,0.05
-5.82160e-04,0.01,-0.03
-5.82080e-04,0.03,0.05
-5.82000e-04,0.01,-0.03
-5.81920e-04,0.05,0.05
-5.81840e-04,0.01,-0.01
-5.81760e-04,0.03,0.05
-5.81680e-04,0.03,-0.01
-5.81600e-04,0.01,0.05
-5.81520e-04,0.03,-0.01
-5.81440e-04,0.01,0.05
-5.81360e-04,0.03,-0.01
-5.81280e-04,0.01,0.05
-5.81200e-04,0.03,-0.01
-5.81120e-04,0.01,0.05
-5.81040e-04,0.03,-0.01
-5.80960e-04,0.03,0.05
-5.80880e-04,0.03,-0.01
-5.80800e-04,0.05,0.05
-5.80720e-04,0.01,-0.03
-5.80640e-04,0.03,0.05
-5.80560e-04,0.03,-0.03
-5.80480e-04,0.03,0.05
-5.80400e-04,0.01,-0.03
-5.80320e-04,0.03,0.05
-5.80240e-04,0.03,-0.01
-5.80160e-04,0.03,0.05
-5.80080e-04,0.03,-0.01
-5.80000e-04,0.01,0.05
-5.79920e-04,0.03,-0.01
-5.79840e-04,0.03,0.05
-5.79760e-04,0.03,-0.03
-5.79680e-04,0.03,0.05
-5.79600e-04,0.03,-0.03
-5.79520e-04,0.03,0.05
-5.79440e-04,0.01,-0.01
-5.79360e-04,0.03,0.05
-5.79280e-04,0.01,-0.03
-5.79200e-04,0.03,0.05
-5.79120e-04,0.01,-0.01
-5.79040e-04,0.03,0.05
-5.78960e-04,0.03,-0.01
-5.78880e-04,0.03,0.05
-5.78800e-04,0.03,-0.01
-5.78720e-04,0.01,0.05
-5.78640e-04,0.05,-0.01
-5.78560e-04,0.03,0.05
-5.78480e-04,0.03,-0.01
-5.78400e-04,0.05,0.05
-5.78320e-04,0.03,-0.01
-5.78240e-04,0.05,0.05
-5.78160e-04,0.03,-0.01
-5.78080e-04,0.03,0.05
-5.78000e-04,0.03,-0.01
-5.77920e-04,0.03,0.05
-5.77840e-04,0.03,-0.01
-5.77760e-04,0.03,0.05
-5.77680e-04,0.01,-0.01
-5.77600e-04,0.03,0.05
-5.77520e-04,0.01,-0.01
-5.77440e-04,0.01,0.05
-5.77360e-04,0.03,-0.01
-5.77280e-04,0.01,0.05
-5.77200e-04,0.03,-0.01
-5.77120e-04,0.03,0.05
-5.77040e-04,0.01,-0.01
-5.76960e-04,0.03,0.05
-5.76880e-04,0.01,-0.01
-5.76800e-04,0.03,0.05
-5.76720e-04,0.01,-0.01
-5.76640e-04,0.03,0.05
-5.76560e-04,0.01,-0.03
-5.76480e-04,0.03,0.05
-5.76400e-04,0.03,-0.01
-5.76320e-04,0.03,0.05
-5.76240e-04,-0.01,-0.01
-5.76160e-04,-0.01,0.05
-5.76080e-04,0.03,-0.03
-5.76000e-04,0.01,0.05
-5.75920e-04,0.07,-0.03
-5.75840e-04,0.03,0.05
-5.75760e-04,0.01,-0.03
-5.75680e-04,0.03,0.07
-5.75600e-04,0.05,-0.01
-5.75520e-04,0.03,0.05
-5.75440e-04,0.01,-0.01
-5.75360e-04,0.05,0.05
-5.75280e-04,0.03,-0.03
-5.75200e-04,0.05,0.05
-5.75120e-04,0.01,-0.03
-5.75040e-04,0.03,0.05
-5.74960e-04,0.03,-0.03
-5.74880e-04,0.05,0.05
-5.74800e-04,0.03,-0.01
-5.74720e-04,0.01,0.05
-5.74640e-04,0.05,-0.03
-5.74560e-04,-0.01,0.05
-5.74480e-04,0.03,-0.05
-5.74400e-04,0.03,0.05
-5.74320e-04,0.01,-0.07
-5.74240e-04,0.03,0.07
-5.74160e-04,0.03,-0.01
-5.74080e-04,0.05,0.07
-5.74000e-04,0.03,-0.03
-5.73920e-04,0.03,0.05
-5.73840e-04,0.03,-0.01
-5.73760e-04,0.03,0.05
-5.73680e-04,0.03,-0.01
-5.73600e-04,0.01,0.05
-5.73520e-04,0.03,-0.03
-5.73440e-04,0.03,0.05
-5.73360e-04,0.03,-0.01
-5.73280e-04,0.03,0.05
-5.73200e-04,0.05,-0.03
-5.73120e-04,0.01,0.05
-5.73040e-04,0.01,-0.03
-5.72960e-04,0.03,0.05
-5.72880e-04,0.03,-0.01
-5.72800e-04,0.03,0.05
-5.72720e-04,0.03,-0.03
-5.72640e-04,0.03,0.05
-5.72560e-04,0.01,-0.01
-5.72480e-04,0.03,0.05
-5.72400e-04,0.03,-0.01
-5.72320e-04,0.01,0.05
-5.72240e-04,0.05,-0.01
-5.72160e-04,0.03,0.05
-5.72080e-04,0.03,-0.01
-5.72000e-04,0.03,0.05
-5.71920e-04,0.03,-0.03
-5.71840e-04,0.03,0.05
-5.71760e-04,0.01,-0.01
-5.71680e-04,0.01,0.05
-5.71600e-04,0.01,-0.03
-5.71520e-04,0.03,0.05
-5.71440e-04,0.03,-0.01
-5.71360e-04,0.03,0.05
-5.71280e-04,0.03,-0.01
-5.71200e-04,0.01,0.05
-5.71120e-04,0.03,-0.01
-5.71040e-04,0.03,0.05
-5.70960e-04,0.03,-0.03
-5.70880e-04,0.03,0.05
-5.70800e-04,0.03,-0.03
-5.70720e-04,0.03,0.03
-5.70640e-04,0.01,-0.01
-5.70560e-04,0.01,0.03
-5.70480e-04,0.03,-0.03
-5.70400e-04,0.01,0.03
-5.70320e-04,0.01,-0.03
-5.70240e-04,0.03,0.05
-5.70160e-04,0.03,-0.01
-5.70080e-04,0.01,0.05
-5.70000e-04,0.01,-0.01
-5.69920e-04,0.01,0.05
-5.69840e-04,0.03,-0.01
-5.69760e-04,0.03,0.05
-5.69680e-04,0.03,-0.01
-5.69600e-04,0.03,0.05
-5.69520e-04,0.03,-0.01
-5.69440e-04,0.01,0.05
-5.69360e-04,0.03,-0.01
-5.69280e-04,0.01,0.05
-5.69200e-04,0.03,-0.01
-5.69120e-04,0.03,0.05
-5.69040e-04,0.03,-0.01
-5.68960e-04,0.03,0.05
-5.68880e-04,0.01,-0.01
-5.68800e-04,0.03,0.05
-5.68720e-04,0.03,-0.03
-5.68640e-04,0.05,0.05
-5.68560e-04,0.05,-0.03
-5.68480e-04,0.01,0.05
-5.68400e-04,0.03,-0.03
-5.68320e-04,0.03,0.05
-5.68240e-04,0.05,-0.01
-5.68160e-04,0.03,0.05
-5.68080e-04,0.03,-0.01
-5.68000e-04,0.01,0.05
-5.67920e-04,0.03,-0.03
-5.67840e-04,0.07,0.05
-5.67760e-04,-0.03,-0.03
-5.67680e-04,0.05,0.07
-5.67600e-04,0.03,-0.05
-5.67520e-04,0.03,0.13
-5.67440e-04,0.03,-0.01
-5.67360e-04,0.05,0.07
-5.67280e-04,0.01,-0.01
-5.67200e-04,0.03,0.05
-5.67120e-04,0.03,-0.01
-5.67040e-04,0.03,0.05
-5.66960e-04,0.03,-0.01
-5.66880e-04,0.03,0.05
-5.66800e-04,0.03,-0.01
-5.66720e-04,0.03,0.05
-5.66640e-04,0.03,-0.03
-5.66560e-04,0.03,0.05
-5.66480e-04,0.03,-0.01
-5.66400e-04,0.03,0.05
-5.66320e-04,0.05,-0.01
-5.66240e-04,0.05,0.05
-5.66160e-04,0.01,-0.03
-5.66080e-04,0.03,0.05
-5.66000e-04,0.01,-0.01
-5.65920e-04,0.03,0.05
-5.65840e-04,0.03,-0.01
-5.65760e-04,0.03,0.05
-5.65680e-04,0.03,-0.01
-5.65600e-04,0.01,0.05
-5.65520e-04,0.05,-0.01
-5.65440e-04,0.03,0.05
-5.65360e-04,0.05,-0.03
-5.65280e-04,0.01,0.05
-5.65200e-04,0.05,-0.01
-5.65120e-04,0.03,0.05
-5.65040e-04,0.05,-0.01
-5.64960e-04,0.01,0.05
-5.64880e-04,0.03,-0.03
-5.64800e-04,0.03,0.05
-5.64720e-04,0.01,-0.03
-5.64640e-04,0.03,0.05
-5.64560e-04,0.03,-0.01
-5.64480e-04,0.03,0.05
-5.64400e-04,0.03,-0.01
-5.64320e-04,0.03,0.05
-5.64240e-04,0.03,-0.01
-5.64160e-04,0.03,0.05
-5.64080e-04,0.03,-0.03
-5.64000e-04,0.01,0.05
-5.63920e-04,0.03,-0.01
-5.63840e-04,0.03,0.05
-5.63760e-04,0.05,-0.01
-5.63680e-04,0.03,0.05
-5.63600e-04,0.01,-0.01
-5.63520e-04,0.03,0.05
-5.63440e-04,0.01,-0.01
-5.63360e-04,0.05,0.05
-5.63280e-04,0.01,-0.03
-5.63200e-04,0.03,0.05
-5.63120e-04,0.03,-0.01
-5.63040e-04,0.03,0.05
-5.62960e-04,0.03,-0.01
-5.62880e-04,0.03,0.05
-5.62800e-04,0.03,-0.03
-5.62720e-04,0.01,0.07
-5.62640e-04,0.03,-0.03
-5.62560e-04,0.01,0.05
-5.62480e-04,0.03,-0.01
-5.62400e-04,0.01,0.05
-5.62320e-04,0.03,-0.01
-5.62240e-04,0.05,0.05
-5.62160e-04,0.03,-0.01
-5.62080e-04,0.05,0.05
-5.62000e-04,0.03,-0.01
-5.61920e-04,0.03,0.05
-5.61840e-04,0.01,-0.03
-5.61760e-04,0.03,0.05
-5.61680e-04,0.01,-0.01
-5.61600e-04,-0.01,0.05
-5.61520e-04,0.01,-0.03
-5.61440e-04,0.03,0.07
-5.61360e-04,0.05,-0.03
-5.61280e-04,0.03,0.07
-5.61200e-04,0.03,-0.03
-5.61120e-04,0.03,0.05
-5.61040e-04,0.03,-0.01
-5.60960e-04,0.03,0.05
-5.60880e-04,0.01,-0.03
-5.60800e-04,0.05,0.05
-5.60720e-04,0.01,-0.01
-5.60640e-04,0.05,0.05
-5.60560e-04,0.01,-0.01
-5.60480e-04,0.03,0.05
-5.60400e-04,0.03,-0.01
-5.60320e-04,0.03,0.05
-5.60240e-04,0.01,-0.03
-5.60160e-04,0.03,0.05
-5.60080e-04,0.03,-0.03
-5.60000e-04,0.01,0.05
-5.59920e-04,0.03,-0.03
-5.59840e-04,0.01,0.05
-5.59760e-04,0.03,-0.03
-5.59680e-04,0.03,0.05
-5.59600e-04,0.01,-0.03
-5.59520e-04,0.03,0.05
-5.59440e-04,0.07,-0.03
-5.59360e-04,0.01,0.05
-5.59280e-04,0.03,-0.05
-5.59200e-04,0.03,0.07
-5.59120e-04,0.01,-0.03
-5.59040e-04,0.03,0.05
-5.58960e-04,0.05,-0.01
-5.58880e-04,0.03,0.05
-5.58800e-04,0.03,-0.03
-5.58720e-04,0.01,0.05
-5.58640e-04,0.01,-0.01
-5.58560e-04,0.03,0.05
-5.58480e-04,0.03,-0.01
-5.58400e-04,0.01,0.05
-5.58320e-04,0.03,-0.03
-5.58240e-04,0.03,0.05
-5.58160e-04,0.03,-0.01
-5.58080e-04,0.03,0.05
-5.58000e-04,0.03,-0.03
-5.57920e-04,0.03,0.05
-5.57840e-04,0.03,-0.01
-5.57760e-04,0.03,0.05
-5.57680e-04,0.03,-0.03
-5.57600e-04,0.01,0.05
-5.57520e-04,0.03,-0.03
-5.57440e-04,0.01,0.05
-5.57360e-04,0.03,-0.03
-5.57280e-04,0.01,0.05
-5.57200e-04,0.03,-0.03
-5.57120e-04,0.01,0.05
-5.57040e-04,0.01,-0.01
-5.56960e-04,0.01,0.05
-5.56880e-04,0.03,-0.03
-5.56800e-04,0.03,0.05
-5.56720e-04,0.03,-0.01
-5.56640e-04,0.01,0.05
-5.56560e-04,0.01,-0.01
-5.56480e-04,0.05,0.05
-5.56400e-04,0.01,-0.03
-5.56320e-04,0.03,0.05
-5.56240e-04,0.03,-0.03
-5.56160e-04,0.01,0.05
-5.56080e-04,0.03,-0.01
-5.56000e-04,0.01,0.05
-5.55920e-04,0.05,-0.01
-5.55840e-04,0.03,0.05
-5.55760e-04,0.03,-0.01
-5.55680e-04,0.01,0.05
-5.55600e-04,0.03,-0.03
-5.55520e-04,0.03,0.05
-5.55440e-04,0.01,-0.01
-5.55360e-04,0.03,0.05
-5.55280e-04,0.01,-0.03
-5.55200e-04,0.03,0.05
-5.55120e-04,0.03,-0.03
-5.55040e-04,0.03,0.05
-5.54960e-04,0.03,-0.01
-5.54880e-04,0.03,0.05
-5.54800e-04,0.03,-0.03
-5.54720e-04,0.03,0.05
-5.54640e-04,0.03,-0.01
-5.54560e-04,0.01,0.05
-5.54480e-04,0.03,-0.03
-5.54400e-04,0.03,0.05
-5.54320e-04,0.01,-0.01
-5.54240e-04,-0.01,0.05
-5.54160e-04,0.01,-0.03
-5.54080e-04,0.03,0.07
-5.54000e-04,0.01,-0.03
-5.53920e-04,0.03,0.07
-5.53840e-04,0.03,-0.03
-5.53760e-04,0.01,0.05
-5.53680e-04,0.05,-0.01
-5.53600e-04,0.01,0.05
-5.53520e-04,0.05,-0.01
-5.53440e-04,0.01,0.05
-5.53360e-04,0.05,-0.03
-5.53280e-04,0.03,0.05
-5.53200e-04,0.03,-0.01
-5.53120e-04,0.05,0.05
-5.53040e-04,0.03,-0.01
-5.52960e-04,0.03,0.05
-5.52880e-04,0.03,-0.03
-5.52800e-04,0.05,0.05
-5.52720e-04,0.01,-0.01
-5.52640e-04,0.03,0.05
-5.52560e-04,0.03,-0.01
-5.52480e-04,0.03,0.05
-5.52400e-04,0.03,-0.01
-5.52320e-04,0.01,0.05
-5.52240e-04,0.03,-0.03
-5.52160e-04,0.01,0.05
-5.52080e-04,0.05,-0.01
-5.52000e-04,0.01,0.05
-5.51920e-04,0.05,-0.01
-5.51840e-04,0.03,0.05
-5.51760e-04,0.03,-0.01
-5.51680e-04,0.03,0.05
-5.51600e-04,0.03,-0.01
-5.51520e-04,0.03,0.05
-5.51440e-04,0.01,-0.03
-5.51360e-04,0.03,0.05
-5.51280e-04,0.01,-0.01
-5.51200e-04,0.03,0.05
-5.51120e-04,0.03,-0.01
-5.51040e-04,0.01,0.05
-5.50960e-04,0.03,-0.01
-5.50880e-04,0.01,0.05
-5.50800e-04,0.01,-0.01
-5.50720e-04,0.03,0.05
-5.50640e-04,0.03,-0.03
-5.50560e-04,0.01,0.05
-5.50480e-04,0.03,-0.01
-5.50400e-04,0.03,0.07
-5.50320e-04,0.03,-0.03
-5.50240e-04,0.03,0.05
-5.50160e-04,0.01,-0.01
-5.50080e-04,0.03,0.05
-5.50000e-04,0.01,-0.01
-5.49920e-04,0.03,0.05
-5.49840e-04,0.01,-0.01
-5.49760e-04,0.03,0.05
-5.49680e-04,0.03,-0.03
-5.49600e-04,0.01,0.05
-5.49520e-04,0.03,-0.01
-5.49440e-04,0.03,0.07
-5.49360e-04,0.03,-0.03
-5.49280e-04,0.01,0.05
-5.49200e-04,0.05,-0.01
-5.49120e-04,0.03,0.05
-5.49040e-04,0.03,-0.03
-5.48960e-04,0.03,0.05
-5.48880e-04,0.01,-0.03
-5.48800e-04,0.05,0.05
-5.48720e-04,0.01,-0.01
-5.48640e-04,0.03,0.05
-5.48560e-04,0.03,-0.03
-5.48480e-04,0.05,0.05
-5.48400e-04,0.03,-0.03
-5.48320e-04,0.01,0.05
-5.48240e-04,0.05,-0.03
-5.48160e-04,0.03,0.05
-5.48080e-04,0.05,-0.01
-5.48000e-04,0.01,0.05
-5.47920e-04,0.03,-0.03
-5.47840e-04,0.01,0.07
-5.47760e-04,0.05,-0.01
-5.47680e-04,0.03,0.05
-5.47600e-04,0.03,-0.03
-5.47520e-04,0.05,0.05
-5.47440e-04,0.01,-0.01
-5.47360e-04,0.05,0.05
-5.47280e-04,0.01,-0.01
-5.47200e-04,0.07,0.05
-5.47120e-04,0.05,-0.01
-5.47040e-04,0.03,0.07
-5.46960e-04,0.01,-0.03
-5.46880e-04,-0.01,0.07
-5.46800e-04,0.03,-0.03
-5.46720e-04,0.03,0.07
-5.46640e-04,0.03,-0.03
-5.46560e-04,0.03,0.07
-5.46480e-04,0.03,-0.01
-5.46400e-04,0.01,0.05
-5.46320e-04,0.01,-0.01
-5.46240e-04,0.03,0.05
-5.46160e-04,0.03,-0.01
-5.46080e-04,0.03,0.05
-5.46000e-04,0.03,-0.03
-5.45920e-04,0.03,0.05
-5.45840e-04,0.03,-0.03
-5.45760e-04,0.01,0.05
-5.45680e-04,0.01,-0.03
-5.45600e-04,0.01,0.05
-5.45520e-04,0.03,-0.01
-5.45440e-04,0.03,0.05
-5.45360e-04,0.05,-0.03
-5.45280e-04,0.01,0.05
-5.45200e-04,0.03,-0.01
-5.45120e-04,0.01,0.05
-5.45040e-04,0.03,-0.03
-5.44960e-04,0.01,0.05
-5.44880e-04,0.03,-0.01
-5.44800e-04,0.03,0.05
-5.44720e-04,0.01,-0.03
-5.44640e-04,0.05,0.05
-5.44560e-04,0.01,-0.03
-5.44480e-04,0.03,0.05
-5.44400e-04,0.03,-0.03
-5.44320e-04,0.03,0.07
-5.44240e-04,0.03,-0.01
-5.44160e-04,0.03,0.05
-5.44080e-04,0.03,-0.01
-5.44000e-04,0.01,0.05
-5.43920e-04,0.03,-0.01
-5.43840e-04,0.03,0.05
-5.43760e-04,0.03,-0.03
-5.43680e-04,0.03,0.05
-5.43600e-04,0.03,-0.01
-5.43520e-04,0.03,0.05
-5.43440e-04,-0.01,-0.03
-5.43360e-04,0.05,0.05
-5.43280e-04,0.01,-0.03
-5.43200e-04,0.03,0.05
-5.43120e-04,0.03,-0.01
-5.43040e-04,0.03,0.05
-5.42960e-04,0.01,-0.01
-5.42880e-04,0.03,0.05
-5.42800e-04,0.03,-0.01
-5.42720e-04,0.03,0.05
-5.42640e-04,0.03,-0.01
-5.42560e-04,0.01,0.05
-5.42480e-04,0.03,-0.03
-5.42400e-04,0.03,0.05
-5.42320e-04,0.03,-0.03
-5.42240e-04,0.01,0.05
-5.42160e-04,0.01,-0.03
-5.42080e-04,0.05,0.07
-5.42000e-04,0.01,-0.03
-5.41920e-04,0.03,0.07
-5.41840e-04,0.03,-0.03
-5.41760e-04,0.03,0.05
-5.41680e-04,0.03,-0.01
-5.41600e-04,0.03,0.05
-5.41520e-04,0.01,-0.01
-5.41440e-04,0.03,0.05
-5.41360e-04,0.03,-0.01
-5.41280e-04,0.03,0.05
-5.41200e-04,0.03,-0.01
-5.41120e-04,0.01,0.05
-5.41040e-04,0.03,-0.01
-5.40960e-04,0.05,0.05
-5.40880e-04,0.01,-0.01
-5.40800e-04,0.03,0.05
-5.40720e-04,0.03,-0.01
-5.40640e-04,0.03,0.05
-5.40560e-04,0.01,-0.01
-5.40480e-04,0.03,0.05
-5.40400e-04,0.03,-0.01
-5.40320e-04,0.03,0.05
-5.40240e-04,0.03,-0.01
-5.40160e-04,0.03,0.05
-5.40080e-04,0.03,-0.01
-5.40000e-04,0.01,0.05
-5.39920e-04,0.05,-0.01
-5.39840e-04,0.05,0.05
-5.39760e-04,0.03,-0.01
-5.39680e-04,0.03,0.05
-5.39600e-04,0.01,-0.03
-5.39520e-04,0.03,0.07
-5.39440e-04,0.03,-0.03
-5.39360e-04,0.03,0.05
-5.39280e-04,0.01,-0.03
-5.39200e-04,0.01,0.07
-5.39120e-04,0.01,-0.01
-5.39040e-04,0.01,0.05
-5.38960e-04,0.03,-0.03
-5.38880e-04,0.03,0.05
-5.38800e-04,0.03,-0.01
-5.38720e-04,0.01,0.05
-5.38640e-04,0.03,-0.01
-5.38560e-04,0.01,0.05
-5.38480e-04,0.05,-0.01
-5.38400e-04,0.03,0.05
-5.38320e-04,0.03,-0.03
-5.38240e-04,0.03,0.05
-5.38160e-04,0.01,-0.01
-5.38080e-04,0.01,0.05
-5.38000e-04,0.03,-0.01
-5.37920e-04,0.03,0.05
-5.37840e-04,0.03,-0.01
-5.37760e-04,0.01,0.05
-5.37680e-04,0.03,-0.01
-5.37600e-04,0.01,0.05
-5.37520e-04,0.03,-0.01
-5.37440e-04,0.01,0.05
-5.37360e-04,0.03,-0.01
-5.37280e-04,0.01,0.05
-5.37200e-04,0.03,-0.01
-5.37120e-04,0.03,0.05
-5.37040e-04,0.03,-0.01
-5.36960e-04,0.05,0.05
-5.36880e-04,0.01,-0.01
-5.36800e-04,0.03,0.05
-5.36720e-04,0.01,-0.01
-5.36640e-04,0.03,0.05
-5.36560e-04,0.03,-0.01
-5.36480e-04,0.03,0.05
-5.36400e-04,0.01,-0.03
-5.36320e-04,0.01,0.05
-5.36240e-04,0.03,-0.01
-5.36160e-04,0.01,0.05
-5.36080e-04,0.05,-0.01
-5.36000e-04,0.01,0.05
-5.35920e-04,0.03,-0.03
-5.35840e-04,0.03,0.05
-5.35760e-04,0.01,-0.03
-5.35680e-04,0.03,0.05
-5.35600e-04,0.01,-0.01
-5.35520e-04,0.03,0.05
-5.35440e-04,0.01,-0.01
-5.35360e-04,0.05,0.05
-5.35280e-04,0.01,-0.03
-5.35200e-04,0.03,0.05
-5.35120e-04,0.03,-0.03
-5.35040e-04,0.03,0.05
-5.34960e-04,0.03,-0.01
-5.34880e-04,0.01,0.05
-5.34800e-04,0.03,-0.01
-5.34720e-04,0.01,0.05
-5.34640e-04,0.03,-0.01
-5.34560e-04,0.01,0.05
-5.34480e-04,0.03,-0.01
-5.34400e-04,0.03,0.05
-5.34320e-04,0.03,-0.03
-5.34240e-04,0.01,0.05
-5.34160e-04,0.01,-0.01
-5.34080e-04,0.05,0.05
-5.34000e-04,0.03,-0.01
-5.33920e-04,0.05,0.05
-5.33840e-04,0.03,-0.01
-5.33760e-04,0.03,0.07
-5.33680e-04,0.03,-0.01
-5.33600e-04,0.01,0.05
-5.33520e-04,0.03,-0.01
-5.33440e-04,0.01,0.05
-5.33360e-04,0.03,-0.03
-5.33280e-04,0.01,0.05
-5.33200e-04,0.03,-0.03
-5.33120e-04,0.03,0.05
-5.33040e-04,0.05,-0.03
-5.32960e-04,0.03,0.07
-5.32880e-04,0.03,-0.05
-5.32800e-04,0.03,0.07
-5.32720e-04,0.03,-0.03
-5.32640e-04,0.05,0.05
-5.32560e-04,0.03,-0.03
-5.32480e-04,0.05,0.05
-5.32400e-04,0.01,-0.03
-5.32320e-04,0.03,0.05
-5.32240e-04,0.01,-0.03
-5.32160e-04,0.01,0.05
-5.32080e-04,0.03,-0.03
-5.32000e-04,0.03,0.07
-5.31920e-04,0.01,-0.01
-5.31840e-04,0.03,0.05
-5.31760e-04,0.01,-0.01
-5.31680e-04,0.03,0.05
-5.31600e-04,0.03,-0.01
-5.31520e-04,0.03,0.07
-5.31440e-04,0.03,-0.03
-5.31360e-04,0.05,0.05
-5.31280e-04,0.01,-0.03
-5.31200e-04,0.03,0.05
-5.31120e-04,0.03,-0.03
-5.31040e-04,0.03,0.05
-5.30960e-04,0.01,-0.03
-5.30880e-04,0.01,0.07
-5.30800e-04,0.03,-0.03
-5.30720e-04,0.01,0.05
-5.30640e-04,0.03,-0.03
-5.30560e-04,0.01,0.05
-5.30480e-04,0.03,-0.03
-5.30400e-04,0.03,0.05
-5.30320e-04,0.01,-0.01
-5.30240e-04,0.01,0.05
-5.30160e-04,0.01,-0.01
-5.30080e-04,0.03,0.07
-5.30000e-04,0.01,-0.01
-5.29920e-04,0.03,0.05
-5.29840e-04,0.01,-0.01
-5.29760e-04,0.03,0.05
-5.29680e-04,0.03,-0.03
-5.29600e-04,0.03,0.05
-5.29520e-04,0.03,-0.01
-5.29440e-04,0.03,0.05
-5.29360e-04,0.03,-0.01
-5.29280e-04,0.01,0.05
-5.29200e-04,0.03,-0.01
-5.29120e-04,0.03,0.05
-5.29040e-04,0.03,-0.03
-5.28960e-04,0.03,0.05
-5.28880e-04,0.03,-0.03
-5.28800e-04,0.03,0.05
-5.28720e-04,0.01,-0.01
-5.28640e-04,0.05,0.05
-5.28560e-04,0.01,-0.01
-5.28480e-04,0.03,0.05
-5.28400e-04,0.03,-0.03
-5.28320e-04,0.01,0.05
-5.28240e-04,0.03,-0.01
-5.28160e-04,0.03,0.05
-5.28080e-04,0.03,-0.01
-5.28000e-04,0.03,0.05
-5.27920e-04,0.03,-0.03
-5.27840e-04,0.01,0.03
-5.27760e-04,0.03,-0.03
-5.27680e-04,0.03,0.05
-5.27600e-04,0.01,-0.01
-5.27520e-04,0.03,0.05
-5.27440e-04,0.01,-0.01
-5.27360e-04,0.03,0.05
-5.27280e-04,0.01,-0.01
-5.27200e-04,0.03,0.05
-5.27120e-04,0.03,-0.03
-5.27040e-04,0.03,0.05
-5.26960e-04,0.03,-0.01
-5.26880e-04,0.01,0.05
-5.26800e-04,0.03,-0.03
-5.26720e-04,0.01,0.05
-5.26640e-04,0.05,-0.03
-5.26560e-04,0.03,0.05
-5.26480e-04,0.03,-0.03
-5.26400e-04,0.01,0.05
-5.26320e-04,0.03,-0.03
-5.26240e-04,0.03,0.05
-5.26160e-04,0.01,-0.03
-5.26080e-04,0.05,0.05
-5.26000e-04,0.03,-0.03
-5.25920e-04,0.03,0.05
-5.25840e-04,0.03,-0.01
-5.25760e-04,0.03,0.05
-5.25680e-04,0.03,-0.01
-5.25600e-04,0.03,0.05
-5.25520e-04,0.03,-0.03
-5.25440e-04,0.01,0.05
-5.25360e-04,0.03,-0.01
-5.25280e-04,0.03,0.05
-5.25200e-04,0.07,-0.03
-5.25120e-04,0.03,0.07
-5.25040e-04,0.03,-0.03
-5.24960e-04,0.03,0.07
-5.24880e-04,0.01,-0.03
-5.24800e-04,0.03,0.05
-5.24720e-04,0.01,-0.03
-5.24640e-04,0.03,0.07
-5.24560e-04,0.03,-0.03
-5.24480e-04,0.01,0.05
-5.24400e-04,0.01,-0.09
-5.24320e-04,0.03,0.05
-5.24240e-04,0.03,-0.05
-5.24160e-04,0.01,0.07
-5.24080e-04,0.03,-0.03
-5.24000e-04,0.01,0.05
-5.23920e-04,0.05,-0.01
-5.23840e-04,0.03,0.05
-5.23760e-04,0.03,-0.03
-5.23680e-04,0.01,0.05
-5.23600e-04,0.01,-0.03
-5.23520e-04,0.05,0.05
-5.23440e-04,0.01,-0.01
-5.23360e-04,0.03,0.05
-5.23280e-04,0.01,-0.01
-5.23200e-04,0.01,0.05
-5.23120e-04,0.03,-0.01
-5.23040e-04,0.01,0.05
-5.22960e-04,0.03,-0.01
-5.22880e-04,0.03,0.05
-5.22800e-04,0.05,-0.03
-5.22720e-04,0.01,0.05
-5.22640e-04,0.03,-0.01
-5.22560e-04,0.03,0.05
-5.22480e-04,0.03,-0.01
-5.22400e-04,0.03,0.05
-5.22320e-04,0.03,-0.01
-5.22240e-04,0.03,0.05
-5.22160e-04,0.01,-0.01
-5.22080e-04,0.05,0.05
-5.22000e-04,0.03,-0.01
-5.21920e-04,0.03,0.05
-5.21840e-04,0.03,-0.01
-5.21760e-04,0.03,0.05
-5.21680e-04,0.03,-0.01
-5.21600e-04,0.03,0.05
-5.21520e-04,0.03,-0.03
-5.21440e-04,0.01,0.05
-5.21360e-04,0.03,-0.01
-5.21280e-04,0.01,0.05
-5.21200e-04,0.03,-0.01
-5.21120e-04,0.03,0.05
-5.21040e-04,0.03,-0.01
-5.20960e-04,0.03,0.05
-5.20880e-04,0.01,-0.01
-5.20800e-04,0.03,0.05
-5.20720e-04,0.01,-0.01
-5.20640e-04,0.03,0.05
-5.20560e-04,0.03,-0.01
-5.20480e-04,0.03,0.05
-5.20400e-04,0.03,-0.01
-5.20320e-04,0.03,0.05
-5.20240e-04,0.03,-0.01
-5.20160e-04,0.01,0.05
-5.20080e-04,0.03,-0.01
-5.20000e-04,0.01,0.05
-5.19920e-04,0.03,-0.01
-5.19840e-04,0.03,0.05
-5.19760e-04,0.01,-0.01
-5.19680e-04,0.05,0.05
-5.19600e-04,0.03,-0.01
-5.19520e-04,0.03,0.05
-5.19440e-04,0.03,-0.03
-5.19360e-04,0.03,0.07
-5.19280e-04,0.03,-0.03
-5.19200e-04,0.03,0.05
-5.19120e-04,0.03,-0.01
-5.19040e-04,0.03,0.05
-5.18960e-04,0.03,-0.01
-5.18880e-04,0.03,0.05
-5.18800e-04,0.05,-0.01
-5.18720e-04,0.03,0.05
-5.18640e-04,0.03,-0.01
-5.18560e-04,0.03,0.05
-5.18480e-04,0.03,-0.01
-5.18400e-04,0.03,0.05
-5.18320e-04,0.03,-0.03
-5.18240e-04,0.03,0.03
-5.18160e-04,0.01,-0.03
-5.18080e-04,0.03,0.05
-5.18000e-04,0.03,-0.03
-5.17920e-04,0.07,0.05
-5.17840e-04,0.03,-0.03
-5.17760e-04,0.11,0.07
-5.17680e-04,0.01,-0.03
-5.17600e-04,0.03,0.13
-5.17520e-04,0.03,-0.07
-5.17440e-04,0.01,0.15
-5.17360e-04,0.05,-0.01
-5.17280e-04,0.01,0.05
-5.17200e-04,0.03,-0.01
-5.17120e-04,0.03,0.05
-5.17040e-04,0.03,-0.01
-5.16960e-04,0.03,0.05
-5.16880e-04,0.03,-0.01
-5.16800e-04,0.05,0.05
-5.16720e-04,0.01,-0.01
-5.16640e-04,0.05,0.05
-5.16560e-04,0.01,-0.03
-5.16480e-04,0.03,0.05
-5.16400e-04,0.03,-0.03
-5.16320e-04,0.03,0.05
-5.16240e-04,0.03,-0.01
-5.16160e-04,0.03,0.05
-5.16080e-04,0.03,-0.03
-5.16000e-04,0.01,0.05
-5.15920e-04,0.03,-0.01
-5.15840e-04,0.03,0.05
-5.15760e-04,0.01,-0.01
-5.15680e-04,0.01,0.05
-5.15600e-04,0.03,-0.03
-5.15520e-04,0.03,0.05
-5.15440e-04,0.03,-0.01
-5.15360e-04,0.05,0.05
-5.15280e-04,0.01,-0.01
-5.15200e-04,0.03,0.05
-5.15120e-04,0.01,-0.03
-5.15040e-04,0.03,0.05
-5.14960e-04,0.03,-0.01
-5.14880e-04,0.01,0.05
-5.14800e-04,0.03,-0.03
-5.14720e-04,0.03,0.05
-5.14640e-04,0.03,-0.01
-5.14560e-04,0.01,0.05
-5.14480e-04,0.03,-0.03
-5.14400e-04,0.01,0.05
-5.14320e-04,0.03,-0.03
-5.14240e-04,0.05,0.05
-5.14160e-04,0.01,-0.03
-5.14080e-04,0.05,0.05
-5.14000e-04,0.01,-0.01
-5.13920e-04,0.05,0.05
-5.13840e-04,0.03,-0.03
-5.13760e-04,0.03,0.05
-5.13680e-04,0.01,-0.03
-5.13600e-04,0.03,0.05
-5.13520e-04,0.05,-0.03
-5.13440e-04,0.01,0.05
-5.13360e-04,0.05,-0.01
-5.13280e-04,0.03,0.05
-5.13200e-04,0.03,-0.01
-5.13120e-04,0.05,0.05
-5.13040e-04,0.01,-0.03
-5.12960e-04,0.03,0.05
-5.12880e-04,0.03,-0.01
-5.12800e-04,0.03,0.05
-5.12720e-04,0.01,-0.01
-5.12640e-04,0.03,0.05
-5.12560e-04,0.01,-0.01
-5.12480e-04,0.03,0.05
-5.12400e-04,0.03,-0.01
-5.12320e-04,0.03,0.05
-5.12240e-04,0.03,-0.03
-5.12160e-04,0.03,0.05
-5.12080e-04,0.03,-0.01
-5.12000e-04,0.01,0.05
-5.11920e-04,0.03,-0.01
-5.11840e-04,0.03,0.05
-5.11760e-04,0.03,-0.03
-5.11680e-04,0.01,0.05
-5.11600e-04,0.03,-0.03
-5.11520e-04,0.03,0.05
-5.11440e-04,0.01,-0.01
-5.11360e-04,0.03,0.05
-5.11280e-04,0.01,-0.03
-5.11200e-04,0.03,0.05
-5.11120e-04,0.03,-0.01
-5.11040e-04,0.03,0.05
-5.10960e-04,0.05,-0.03
-5.10880e-04,0.03,0.05
-5.10800e-04,0.01,-0.03
-5.10720e-04,0.01,0.05
-5.10640e-04,0.05,-0.03
-5.10560e-04,0.03,0.07
-5.10480e-04,0.05,-0.05
-5.10400e-04,0.03,0.05
-5.10320e-04,0.01,-0.03
-5.10240e-04,0.03,0.05
-5.10160e-04,0.01,-0.03
-5.10080e-04,0.03,0.05
-5.10000e-04,-0.01,-0.03
-5.09920e-04,0.03,0.05
-5.09840e-04,0.01,-0.03
-5.09760e-04,0.03,0.05
-5.09680e-04,0.03,-0.01
-5.09600e-04,0.01,0.05
-5.09520e-04,0.03,-0.03
-5.09440e-04,-0.01,0.05
-5.09360e-04,0.03,-0.01
-5.09280e-04,0.03,0.05
-5.09200e-04,0.03,-0.03
-5.09120e-04,0.01,0.05
-5.09040e-04,0.03,-0.03
-5.08960e-04,0.03,0.05
-5.08880e-04,0.03,-0.03
-5.08800e-04,0.03,0.05
-5.08720e-04,0.01,-0.01
-5.08640e-04,0.03,0.05
-5.08560e-04,0.03,-0.01
-5.08480e-04,0.03,0.05
-5.08400e-04,0.03,-0.01
-5.08320e-04,0.03,0.05
-5.08240e-04,0.03,-0.01
-5.08160e-04,0.01,0.05
-5.08080e-04,0.03,-0.03
-5.08000e-04,0.01,0.05
-5.07920e-04,0.03,-0.01
-5.07840e-04,0.03,0.05
-5.07760e-04,0.03,-0.01
-5.07680e-04,0.03,0.05
-5.07600e-04,0.01,-0.03
-5.07520e-04,0.05,0.05
-5.07440e-04,0.01,-0.01
-5.07360e-04,0.03,0.05
-5.07280e-04,0.03,-0.01
-5.07200e-04,0.01,0.07
-5.07120e-04,0.03,-0.01
-5.07040e-04,0.01,0.05
-5.06960e-04,0.05,-0.03
-5.06880e-04,0.01,0.05
-5.06800e-04,0.03,-0.03
-5.06720e-04,0.03,0.07
-5.06640e-04,0.03,-0.03
-5.06560e-04,0.03,0.07
-5.06480e-04,0.03,-0.03
-5.06400e-04,0.03,0.05
-5.06320e-04,0.03,-0.03
-5.06240e-04,0.05,0.07
-5.06160e-04,0.01,-0.01
-5.06080e-04,0.05,0.05
-5.06000e-04,-0.01,-0.01
-5.05920e-04,0.03,0.05
-5.05840e-04,0.03,-0.03
-5.05760e-04,0.03,0.05
-5.05680e-04,0.03,-0.03
-5.05600e-04,0.03,0.05
-5.05520e-04,0.03,-0.01
-5.05440e-04,0.03,0.05
-5.05360e-04,0.05,-0.01
-5.05280e-04,0.01,0.05
-5.05200e-04,0.03,-0.03
-5.05120e-04,0.03,0.05
-5.05040e-04,0.03,-0.01
-5.04960e-04,0.03,0.05
-5.04880e-04,0.03,-0.03
-5.04800e-04,0.05,0.05
-5.04720e-04,0.03,-0.03
-5.04640e-04,0.03,0.05
-5.04560e-04,0.03,-0.03
-5.04480e-04,0.03,0.05
-5.04400e-04,0.03,-0.03
-5.04320e-04,0.03,0.05
-5.04240e-04,0.01,-0.01
-5.04160e-04,0.01,0.05
-5.04080e-04,0.03,-0.03
-5.04000e-04,0.01,0.05
-5.03920e-04,0.03,-0.01
-5.03840e-04,0.03,0.05
-5.03760e-04,0.03,-0.03
-5.03680e-04,0.03,0.05
-5.03600e-04,0.03,-0.03
-5.03520e-04,0.03,0.05
-5.03440e-04,0.01,-0.03
-5.03360e-04,0.01,0.05
-5.03280e-04,0.01,-0.03
-5.03200e-04,0.05,0.07
-5.03120e-04,0.03,-0.03
-5.03040e-04,0.03,0.07
-5.02960e-04,0.03,-0.03
-5.02880e-04,0.01,0.05
-5.02800e-04,0.03,-0.01
-5.02720e-04,0.01,0.05
-5.02640e-04,0.07,-0.03
-5.02560e-04,0.01,0.07
-5.02480e-04,0.03,-0.03
-5.02400e-04,0.03,0.07
-5.02320e-04,0.03,-0.01
-5.02240e-04,0.03,0.05
-5.02160e-04,0.01,-0.01
-5.02080e-04,0.03,0.05
-5.02000e-04,0.01,-0.03
-5.01920e-04,0.03,0.05
-5.01840e-04,0.03,-0.01
-5.01760e-04,0.03,0.05
-5.01680e-04,0.03,-0.01
-5.01600e-04,0.03,0.05
-5.01520e-04,0.03,-0.01
-5.01440e-04,0.03,0.05
-5.01360e-04,0.05,-0.01
-5.01280e-04,0.03,0.05
-5.01200e-04,0.01,-0.01
-5.01120e-04,0.03,0.05
-5.01040e-04,0.01,-0.01
-5.00960e-04,0.03,0.05
-5.00880e-04,0.01,-0.03
-5.00800e-04,0.05,0.05
-5.00720e-04,0.03,-0.01
-5.00640e-04,0.01,0.05
-5.00560e-04,0.01,-0.01
-5.00480e-04,0.03,0.05
-5.00400e-04,0.05,-0.01
-5.00320e-04,0.03,0.05
-5.00240e-04,0.03,-0.03
-5.00160e-04,0.03,0.05
-5.00080e-04,0.03,-0.01
-5.00000e-04,0.03,0.05
-4.99920e-04,0.03,-0.03
-4.99840e-04,0.03,0.05
-4.99760e-04,0.03,-0.01
-4.99680e-04,0.03,0.05
-4.99600e-04,0.01,-0.03
-4.99520e-04,0.03,0.05
-4.99440e-04,0.03,-0.03
-4.99360e-04,0.03,0.05
-4.99280e-04,0.03,-0.01
-4.99200e-04,0.03,0.05
-4.99120e-04,0.01,-0.03
-4.99040e-04,0.03,0.05
-4.98960e-04,0.05,-0.01
-4.98880e-04,0.01,0.05
-4.98800e-04,0.03,-0.03
-4.98720e-04,0.03,0.05
-4.98640e-04,0.05,-0.01
-4.98560e-04,0.03,0.05
-4.98480e-04,0.03,-0.03
-4.98400e-04,0.03,0.05
-4.98320e-04,0.01,-0.03
-4.98240e-04,0.05,0.05
-4.98160e-04,0.01,-0.01
-4.98080e-04,0.03,0.05
-4.98000e-04,0.01,-0.01
-4.97920e-04,0.03,0.05
-4.97840e-04,0.01,-0.01
-4.97760e-04,0.01,0.05
-4.97680e-04,0.03,-0.03
-4.97600e-04,0.03,0.05
-4.97520e-04,0.03,-0.03
-4.97440e-04,0.03,0.05
-4.97360e-04,0.05,-0.01
-4.97280e-04,0.01,0.05
-4.97200e-04,0.03,-0.01
-4.97120e-04,0.03,0.05
-4.97040e-04,0.01,-0.01
-4.96960e-04,0.05,0.03
-4.96880e-04,0.01,-0.03
-4.96800e-04,0.03,0.05
-4.96720e-04,0.01,-0.03
-4.96640e-04,0.03,0.05
-4.96560e-04,0.01,-0.01
-4.96480e-04,0.03,0.05
-4.96400e-04,0.03,-0.01
-4.96320e-04,0.01,0.05
-4.96240e-04,0.01,-0.03
-4.96160e-04,-0.01,0.03
-4.96080e-04,0.05,-0.03
-4.96000e-04,0.01,0.05
-4.95920e-04,0.05,-0.05
-4.95840e-04,0.03,0.05
-4.95760e-04,0.01,-0.03
-4.95680e-04,0.03,0.05
-4.95600e-04,0.01,-0.03
-4.95520e-04,0.03,0.05
-4.95440e-04,0.03,-0.01
-4.95360e-04,0.03,0.05
-4.95280e-04,0.03,-0.03
-4.95200e-04,0.03,0.05
-4.95120e-04,0.01,-0.03
-4.95040e-04,0.01,0.05
-4.94960e-04,0.03,-0.03
-4.94880e-04,0.03,0.05
-4.94800e-04,0.01,-0.03
-4.94720e-04,0.01,0.05
-4.94640e-04,0.03,-0.03
-4.94560e-04,0.03,0.05
-4.94480e-04,0.03,-0.01
-4.94400e-04,0.03,0.05
-4.94320e-04,0.03,-0.01
-4.94240e-04,0.03,0.05
-4.94160e-04,0.01,-0.01
-4.94080e-04,0.03,0.03
-4.94000e-04,0.01,-0.01
-4.93920e-04,0.03,0.05
-4.93840e-04,0.03,-0.01
-4.93760e-04,0.03,0.07
-4.93680e-04,0.03,-0.01
-4.93600e-04,0.03,0.05
-4.93520e-04,0.03,-0.03
-4.93440e-04,0.01,0.05
-4.93360e-04,0.01,-0.01
-4.93280e-04,0.03,0.05
-4.93200e-04,0.01,-0.01
-4.93120e-04,0.03,0.05
-4.93040e-04,0.03,-0.03
-4.92960e-04,0.03,0.05
-4.92880e-04,0.01,-0.01
-4.92800e-04,0.03,0.05
-4.92720e-04,0.03,-0.03
-4.92640e-04,0.05,0.05
-4.92560e-04,0.03,-0.01
-4.92480e-04,0.03,0.05
-4.92400e-04,0.01,-0.03
-4.92320e-04,0.03,0.05
-4.92240e-04,0.03,-0.03
-4.92160e-04,0.01,0.05
-4.92080e-04,0.03,-0.01
-4.92000e-04,0.01,0.05
-4.91920e-04,0.03,-0.03
-4.91840e-04,0.03,0.05
-4.91760e-04,0.03,-0.01
-4.91680e-04,0.01,0.05
-4.91600e-04,0.03,-0.01
-4.91520e-04,0.03,0.05
-4.91440e-04,0.03,-0.01
-4.91360e-04,0.03,0.05
-4.91280e-04,0.03,-0.01
-4.91200e-04,0.03,0.05
-4.91120e-04,0.03,-0.01
-4.91040e-04,0.01,0.05
-4.90960e-04,0.03,-0.01
-4.90880e-04,0.01,0.05
-4.90800e-04,0.05,-0.01
-4.90720e-04,0.01,0.05
-4.90640e-04,0.03,-0.01
-4.90560e-04,0.03,0.05
-4.90480e-04,0.03,-0.03
-4.90400e-04,0.01,0.05
-4.90320e-04,0.03,-0.03
-4.90240e-04,0.05,0.05
-4.90160e-04,0.01,-0.03
-4.90080e-04,0.05,0.05
-4.90000e-04,0.03,-0.01
-4.89920e-04,0.03,0.05
-4.89840e-04,0.03,-0.01
-4.89760e-04,0.03,0.05
-4.89680e-04,0.03,-0.03
-4.89600e-04,0.05,0.05
-4.89520e-04,0.05,-0.01
-4.89440e-04,0.01,0.05
-4.89360e-04,0.05,-0.01
-4.89280e-04,0.03,0.07
-4.89200e-04,0.01,-0.01
-4.89120e-04,0.03,0.05
-4.89040e-04,0.03,-0.03
-4.88960e-04,0.03,0.05
-4.88880e-04,0.03,-0.03
-4.88800e-04,0.03,0.05
-4.88720e-04,-0.01,-0.03
-4.88640e-04,0.03,0.07
-4.88560e-04,0.01,-0.03
-4.88480e-04,0.03,0.07
-4.88400e-04,0.05,-0.03
-4.88320e-04,0.03,0.07
-4.88240e-04,0.05,-0.01
-4.88160e-04,0.01,0.05
-4.88080e-04,0.03,-0.03
-4.88000e-04,0.01,0.05
-4.87920e-04,0.03,-0.01
-4.87840e-04,0.01,0.05
-4.87760e-04,0.01,-0.03
-4.87680e-04,0.03,0.05
-4.87600e-04,0.01,-0.01
-4.87520e-04,0.03,0.05
-4.87440e-04,0.01,-0.03
-4.87360e-04,0.03,0.05
-4.87280e-04,0.01,-0.03
-4.87200e-04,0.05,0.05
-4.87120e-04,0.03,-0.01
-4.87040e-04,0.03,0.05
-4.86960e-04,0.01,-0.03
-4.86880e-04,0.01,0.05
-4.86800e-04,0.03,-0.03
-4.86720e-04,0.03,0.05
-4.86640e-04,0.05,-0.01
-4.86560e-04,0.01,0.05
-4.86480e-04,0.03,-0.01
-4.86400e-04,0.01,0.05
-4.86320e-04,0.03,-0.03
-4.86240e-04,0.05,0.05
-4.86160e-04,0.03,-0.01
-4.86080e-04,0.05,0.05
-4.86000e-04,0.01,-0.01
-4.85920e-04,0.03,0.05
-4.85840e-04,0.03,-0.01
-4.85760e-04,0.03,0.05
-4.85680e-04,0.03,-0.03
-4.85600e-04,0.01,0.05
-4.85520e-04,0.03,-0.01
-4.85440e-04,0.01,0.05
-4.85360e-04,0.03,-0.01
-4.85280e-04,0.03,0.05
-4.85200e-04,0.05,-0.03
-4.85120e-04,0.01,0.05
-4.85040e-04,0.03,-0.01
-4.84960e-04,0.03,0.05
-4.84880e-04,0.01,-0.03
-4.84800e-04,0.03,0.05
-4.84720e-04,0.01,-0.03
-4.84640e-04,0.03,0.05
-4.84560e-04,0.03,-0.03
-4.84480e-04,0.03,0.05
-4.84400e-04,0.03,-0.01
-4.84320e-04,0.01,0.05
-4.84240e-04,0.05,-0.01
-4.84160e-04,0.01,0.05
-4.84080e-04,0.03,-0.01
-4.84000e-04,0.03,0.05
-4.83920e-04,0.03,-0.03
-4.83840e-04,0.01,0.05
-4.83760e-04,0.03,-0.01
-4.83680e-04,0.03,0.05
-4.83600e-04,0.03,-0.03
-4.83520e-04,0.03,0.05
-4.83440e-04,0.01,-0.03
-4.83360e-04,0.03,0.05
-4.83280e-04,0.03,-0.03
-4.83200e-04,0.01,0.05
-4.83120e-04,0.01,-0.01
-4.83040e-04,0.01,0.05
-4.82960e-04,0.03,-0.01
-4.82880e-04,0.01,0.05
-4.82800e-04,0.03,-0.03
-4.82720e-04,0.03,0.05
-4.82640e-04,0.03,-0.01
-4.82560e-04,0.03,0.05
-4.82480e-04,0.03,-0.01
-4.82400e-04,0.01,0.05
-4.82320e-04,0.03,-0.03
-4.82240e-04,0.03,0.05
-4.82160e-04,0.01,-0.01
-4.82080e-04,0.05,0.05
-4.82000e-04,0.03,-0.03
-4.81920e-04,0.03,0.05
-4.81840e-04,0.03,-0.01
-4.81760e-04,0.03,0.05
-4.81680e-04,0.05,-0.01
-4.81600e-04,0.03,0.05
-4.81520e-04,0.01,-0.03
-4.81440e-04,0.01,0.05
-4.81360e-04,0.03,-0.01
-4.81280e-04,0.03,0.05
-4.81200e-04,0.03,-0.03
-4.81120e-04,0.03,0.05
-4.81040e-04,0.03,-0.03
-4.80960e-04,0.05,0.05
-4.80880e-04,0.01,-0.03
-4.80800e-04,0.07,0.05
-4.80720e-04,0.03,-0.03
-4.80640e-04,0.03,0.07
-4.80560e-04,0.01,-0.05
-4.80480e-04,0.01,0.07
-4.80400e-04,0.03,-0.01
-4.80320e-04,0.03,0.07
-4.80240e-04,0.03,-0.01
-4.80160e-04,0.01,0.05
-4.80080e-04,0.03,-0.03
-4.80000e-04,0.03,0.07
-4.79920e-04,0.05,-0.03
-4.79840e-04,0.01,0.05
-4.79760e-04,0.03,-0.01
-4.79680e-04,0.01,0.05
-4.79600e-04,0.01,-0.01
-4.79520e-04,0.01,0.05
-4.79440e-04,0.03,-0.01
-4.79360e-04,0.07,0.05
-4.79280e-04,0.03,-0.03
-4.79200e-04,0.03,0.07
-4.79120e-04,0.03,-0.01
-4.79040e-04,0.03,0.07
-4.78960e-04,0.03,-0.03
-4.78880e-04,0.03,0.05
-4.78800e-04,0.03,-0.01
-4.78720e-04,0.01,0.05
-4.78640e-04,0.03,-0.03
-4.78560e-04,0.01,0.05
-4.78480e-04,0.03,-0.03
-4.78400e-04,0.03,0.05
-4.78320e-04,0.03,-0.01
-4.78240e-04,0.03,0.05
-4.78160e-04,0.03,-0.01
-4.78080e-04,0.03,0.07
-4.78000e-04,0.05,-0.01
-4.77920e-04,0.05,0.05
-4.77840e-04,0.03,-0.01
-4.77760e-04,0.03,0.05
-4.77680e-04,0.03,-0.01
-4.77600e-04,0.03,0.05
-4.77520e-04,0.01,-0.03
-4.77440e-04,0.03,0.05
-4.77360e-04,0.03,-0.01
-4.77280e-04,0.01,0.05
-4.77200e-04,0.03,-0.03
-4.77120e-04,0.03,0.05
-4.77040e-04,0.03,-0.03
-4.76960e-04,0.03,0.05
-4.76880e-04,0.03,-0.03
-4.76800e-04,0.01,0.05
-4.76720e-04,0.01,-0.03
-4.76640e-04,0.03,0.05
-4.76560e-04,0.03,-0.03
-4.76480e-04,0.03,0.05
-4.76400e-04,0.03,-0.01
-4.76320e-04,0.01,0.05
-4.76240e-04,0.03,-0.01
-4.76160e-04,0.01,0.05
-4.76080e-04,0.03,-0.01
-4.76000e-04,0.03,0.05
-4.75920e-04,0.03,-0.03
-4.75840e-04,0.01,0.05
-4.75760e-04,0.01,-0.03
-4.75680e-04,0.03,0.05
-4.75600e-04,0.01,-0.03
-4.75520e-04,0.03,0.05
-4.75440e-04,0.01,-0.03
-4.75360e-04,0.03,0.05
-4.75280e-04,0.03,-0.01
-4.75200e-04,0.03,0.05
-4.75120e-04,0.01,-0.01
-4.75040e-04,0.01,0.05
-4.74960e-04,0.01,-0.03
-4.74880e-04,0.03,0.05
-4.74800e-04,0.05,-0.03
-4.74720e-04,0.01,0.05
-4.74640e-04,0.01,-0.01
-4.74560e-04,0.03,0.05
-4.74480e-04,0.01,-0.03
-4.74400e-04,0.03,0.05
-4.74320e-04,-0.01,-0.07
-4.74240e-04,0.05,0.05
-4.74160e-04,0.03,-0.05
-4.74080e-04,0.03,0.05
-4.74000e-04,0.01,-0.03
-4.73920e-04,0.03,0.05
-4.73840e-04,0.03,-0.03
-4.73760e-04,0.01,0.05
-4.73680e-04,0.03,-0.01
-4.73600e-04,0.03,0.05
-4.73520e-04,0.03,-0.03
-4.73440e-04,0.01,0.05
-4.73360e-04,0.03,-0.01
-4.73280e-04,0.03,0.05
-4.73200e-04,0.01,-0.01
-4.73120e-04,0.03,0.05
-4.73040e-04,0.01,-0.01
-4.72960e-04,0.03,0.05
-4.72880e-04,0.01,-0.03
-4.72800e-04,0.01,0.05
-4.72720e-04,0.01,-0.01
-4.72640e-04,0.01,0.05
-4.72560e-04,0.03,-0.01
-4.72480e-04,0.03,0.05
-4.72400e-04,0.03,-0.03
-4.72320e-04,0.01,0.05
-4.72240e-04,0.03,-0.01
-4.72160e-04,0.01,0.05
-4.72080e-04,0.03,-0.01
-4.72000e-04,0.01,0.05
-4.71920e-04,0.03,-0.01
-4.71840e-04,0.03,0.05
-4.71760e-04,0.01,-0.01
-4.71680e-04,0.03,0.05
-4.71600e-04,0.01,-0.01
-4.71520e-04,0.03,0.05
-4.71440e-04,0.01,-0.01
-4.71360e-04,0.05,0.05
-4.71280e-04,0.03,-0.01
-4.71200e-04,0.03,0.05
-4.71120e-04,0.01,-0.03
-4.71040e-04,0.01,0.05
-4.70960e-04,0.05,-0.01
-4.70880e-04,0.01,0.05
-4.70800e-04,0.03,-0.01
-4.70720e-04,0.01,0.05
-4.70640e-04,0.05,-0.03
-4.70560e-04,0.01,0.05
-4.70480e-04,0.03,-0.03
-4.70400e-04,0.03,0.05
-4.70320e-04,0.03,-0.03
-4.70240e-04,0.03,0.05
-4.70160e-04,0.01,-0.03
-4.70080e-04,0.03,0.05
-4.70000e-04,0.01,-0.01
-4.69920e-04,0.03,0.05
-4.69840e-04,0.03,-0.01
-4.69760e-04,0.03,0.05
-4.69680e-04,0.03,-0.01
-4.69600e-04,0.03,0.05
-4.69520e-04,0.03,-0.03
-4.69440e-04,0.03,0.05
-4.69360e-04,0.03,-0.03
-4.69280e-04,0.03,0.03
-4.69200e-04,0.01,-0.03
-4.69120e-04,0.03,0.05
-4.69040e-04,0.03,-0.03
-4.68960e-04,0.03,0.05
-4.68880e-04,0.01,-0.03
-4.68800e-04,0.03,0.05
-4.68720e-04,0.01,-0.03
-4.68640e-04,0.03,0.05
-4.68560e-04,0.01,-0.01
-4.68480e-04,0.03,0.05
-4.68400e-04,0.03,-0.01
-4.68320e-04,0.03,0.05
-4.68240e-04,0.03,-0.01
-4.68160e-04,0.01,0.05
-4.68080e-04,0.03,-0.01
-4.68000e-04,0.03,0.03
-4.67920e-04,0.03,-0.03
-4.67840e-04,0.03,0.05
-4.67760e-04,0.03,-0.03
-4.67680e-04,0.13,0.05
-4.67600e-04,0.03,-0.01
-4.67520e-04,0.01,0.13
-4.67440e-04,0.01,-0.05
-4.67360e-04,0.03,0.11
-4.67280e-04,0.03,-0.03
-4.67200e-04,0.01,0.05
-4.67120e-04,0.03,-0.03
-4.67040e-04,0.03,0.05
-4.66960e-04,0.03,-0.03
-4.66880e-04,0.01,0.07
-4.66800e-04,0.03,-0.03
-4.66720e-04,0.01,0.05
-4.66640e-04,0.03,-0.03
-4.66560e-04,0.03,0.05
-4.66480e-04,0.03,-0.03
-4.66400e-04,0.01,0.05
-4.66320e-04,0.03,-0.01
-4.66240e-04,0.03,0.05
-4.66160e-04,0.03,-0.03
-4.66080e-04,0.05,0.05
-4.66000e-04,0.01,-0.03
-4.65920e-04,0.03,0.05
-4.65840e-04,0.03,-0.01
-4.65760e-04,0.01,0.05
-4.65680e-04,0.03,-0.03
-4.65600e-04,0.01,0.05
-4.65520e-04,0.03,-0.01
-4.65440e-04,0.03,0.05
-4.65360e-04,0.03,-0.03
-4.65280e-04,0.03,0.05
-4.65200e-04,0.03,-0.01
-4.65120e-04,0.03,0.05
-4.65040e-04,0.03,-0.01
-4.64960e-04,0.03,0.05
-4.64880e-04,0.01,-0.01
-4.64800e-04,0.05,0.05
-4.64720e-04,0.01,-0.01
-4.64640e-04,0.03,0.05
-4.64560e-04,0.03,-0.01
-4.64480e-04,0.03,0.05
-4.64400e-04,0.03,-0.03
-4.64320e-04,0.01,0.05
-4.64240e-04,0.03,-0.01
-4.64160e-04,0.03,0.05
-4.64080e-04,0.03,-0.01
-4.64000e-04,0.01,0.05
-4.63920e-04,0.05,-0.01
-4.63840e-04,0.01,0.05
-4.63760e-04,0.05,-0.03
-4.63680e-04,0.03,0.05
-4.63600e-04,0.01,-0.03
-4.63520e-04,0.05,0.05
-4.63440e-04,0.03,-0.01
-4.63360e-04,0.07,0.05
-4.63280e-04,0.03,-0.01
-4.63200e-04,0.03,0.07
-4.63120e-04,0.03,-0.01
-4.63040e-04,0.03,0.05
-4.62960e-04,0.05,-0.03
-4.62880e-04,0.03,0.07
-4.62800e-04,0.01,-0.01
-4.62720e-04,0.01,0.05
-4.62640e-04,0.03,-0.01
-4.62560e-04,0.03,0.05
-4.62480e-04,0.03,-0.03
-4.62400e-04,0.03,0.05
-4.62320e-04,0.01,-0.01
-4.62240e-04,0.05,0.05
-4.62160e-04,0.03,-0.01
-4.62080e-04,0.03,0.05
-4.62000e-04,0.01,-0.01
-4.61920e-04,0.03,0.05
-4.61840e-04,0.03,-0.03
-4.61760e-04,0.03,0.05
-4.61680e-04,0.03,-0.01
-4.61600e-04,0.01,0.05
-4.61520e-04,0.03,-0.01
-4.61440e-04,0.01,0.05
-4.61360e-04,0.03,-0.03
-4.61280e-04,0.03,0.07
-4.61200e-04,0.03,-0.03
-4.61120e-04,0.01,0.05
-4.61040e-04,0.01,-0.01
-4.60960e-04,0.05,0.05
-4.60880e-04,0.03,-0.01
-4.60800e-04,0.05,0.05
-4.60720e-04,0.01,-0.03
-4.60640e-04,0.03,0.05
-4.60560e-04,0.03,-0.03
-4.60480e-04,0.03,0.05
-4.60400e-04,0.03,-0.03
-4.60320e-04,0.03,0.05
-4.60240e-04,0.03,-0.01
-4.60160e-04,0.01,0.05
-4.60080e-04,0.03,-0.03
-4.60000e-04,0.03,0.05
-4.59920e-04,0.03,-0.01
-4.59840e-04,0.01,0.05
-4.59760e-04,0.01,-0.03
-4.59680e-04,0.03,0.05
-4.59600e-04,0.03,-0.03
-4.59520e-04,0.05,0.05
-4.59440e-04,0.03,-0.03
-4.59360e-04,0.05,0.05
-4.59280e-04,0.05,-0.01
-4.59200e-04,0.03,0.05
-4.59120e-04,0.03,-0.03
-4.59040e-04,0.03,0.05
-4.58960e-04,0.03,-0.03
-4.58880e-04,0.03,0.05
-4.58800e-04,0.03,-0.01
-4.58720e-04,0.01,0.05
-4.58640e-04,0.03,-0.03
-4.58560e-04,0.01,0.05
-4.58480e-04,0.03,-0.01
-4.58400e-04,0.03,0.05
-4.58320e-04,0.03,-0.01
-4.58240e-04,0.03,0.05
-4.58160e-04,0.01,-0.01
-4.58080e-04,0.03,0.05
-4.58000e-04,0.03,-0.03
-4.57920e-04,0.03,0.05
-4.57840e-04,0.03,-0.03
-4.57760e-04,0.03,0.05
-4.57680e-04,0.03,-0.01
-4.57600e-04,0.03,0.07
-4.57520e-04,0.03,-0.03
-4.57440e-04,0.01,0.05
-4.57360e-04,0.05,-0.03
-4.57280e-04,0.03,0.05
-4.57200e-04,0.01,-0.03
-4.57120e-04,0.03,0.07
-4.57040e-04,0.01,-0.03
-4.56960e-04,0.03,0.05
-4.56880e-04,0.01,-0.01
-4.56800e-04,0.03,0.05
-4.56720e-04,0.01,-0.03
-4.56640e-04,0.03,0.05
-4.56560e-04,0.03,-0.01
-4.56480e-04,0.01,0.05
-4.56400e-04,0.01,-0.01
-4.56320e-04,0.03,0.05
-4.56240e-04,0.03,-0.01
-4.56160e-04,0.01,0.05
-4.56080e-04,0.05,-0.01
-4.56000e-04,0.01,0.05
-4.55920e-04,0.05,-0.01
-4.55840e-04,0.03,0.05
-4.55760e-04,0.03,-0.01
-4.55680e-04,0.03,0.05
-4.55600e-04,0.01,-0.03
-4.55520e-04,0.03,0.05
-4.55440e-04,0.01,-0.03
-4.55360e-04,0.03,0.05
-4.55280e-04,0.01,-0.03
-4.55200e-04,0.05,0.05
-4.55120e-04,0.03,-0.03
-4.55040e-04,0.03,0.05
-4.54960e-04,0.03,-0.03
-4.54880e-04,0.03,0.05
-4.54800e-04,0.05,-0.01
-4.54720e-04,0.03,0.05
-4.54640e-04,0.03,-0.01
-4.54560e-04,0.03,0.05
-4.54480e-04,0.03,-0.03
-4.54400e-04,0.03,0.05
-4.54320e-04,0.01,-0.03
-4.54240e-04,0.03,0.05
-4.54160e-04,0.01,-0.03
-4.54080e-04,0.01,0.05
-4.54000e-04,0.01,-0.03
-4.53920e-04,0.03,0.07
-4.53840e-04,0.01,-0.03
-4.53760e-04,0.03,0.05
-4.53680e-04,0.03,-0.03
-4.53600e-04,0.03,0.05
-4.53520e-04,0.03,-0.03
-4.53440e-04,-0.01,0.05
-4.53360e-04,0.03,-0.03
-4.53280e-04,0.01,0.05
-4.53200e-04,0.07,-0.03
-4.53120e-04,0.03,0.05
-4.53040e-04,0.03,-0.03
-4.52960e-04,0.03,0.07
-4.52880e-04,0.03,-0.01
-4.52800e-04,0.03,0.05
-4.52720e-04,0.01,-0.01
-4.52640e-04,0.03,0.05
-4.52560e-04,0.01,-0.03
-4.52480e-04,0.05,0.05
-4.52400e-04,0.03,-0.03
-4.52320e-04,0.03,0.07
-4.52240e-04,0.05,-0.03
-4.52160e-04,0.01,0.07
-4.52080e-04,0.03,-0.03
-4.52000e-04,0.01,0.05
-4.51920e-04,0.03,-0.01
-4.51840e-04,0.01,0.05
-4.51760e-04,0.03,-0.03
-4.51680e-04,0.03,0.05
-4.51600e-04,0.03,-0.01
-4.51520e-04,0.05,0.05
-4.51440e-04,0.01,-0.03
-4.51360e-04,0.03,0.05
-4.51280e-04,0.01,-0.03
-4.51200e-04,0.03,0.05
-4.51120e-04,0.03,-0.01
-4.51040e-04,0.01,0.05
-4.50960e-04,0.03,-0.01
-4.50880e-04,0.01,0.05
-4.50800e-04,0.03,-0.03
-4.50720e-04,0.01,0.05
-4.50640e-04,0.03,-0.01
-4.50560e-04,0.03,0.05
-4.50480e-04,0.03,-0.01
-4.50400e-04,0.03,0.05
-4.50320e-04,0.03,-0.03
-4.50240e-04,0.03,0.05
-4.50160e-04,0.03,-0.01
-4.50080e-04,0.03,0.05
-4.50000e-04,0.03,-0.01
-4.49920e-04,0.03,0.05
-4.49840e-04,0.01,-0.03
-4.49760e-04,0.03,0.05
-4.49680e-04,0.03,-0.03
-4.49600e-04,0.01,0.05
-4.49520e-04,0.03,-0.03
-4.49440e-04,0.01,0.05
-4.49360e-04,0.03,-0.03
-4.49280e-04,0.01,0.05
-4.49200e-04,0.03,-0.03
-4.49120e-04,0.03,0.05
-4.49040e-04,0.03,-0.03
-4.48960e-04,0.03,0.05
-4.48880e-04,0.03,-0.01
-4.48800e-04,0.03,0.05
-4.48720e-04,0.01,-0.01
-4.48640e-04,0.03,0.05
-4.48560e-04,0.01,-0.01
-4.48480e-04,0.03,0.05
-4.48400e-04,0.03,-0.03
-4.48320e-04,0.01,0.05
-4.48240e-04,0.03,-0.01
-4.48160e-04,0.03,0.05
-4.48080e-04,0.03,-0.03
-4.48000e-04,0.03,0.05
-4.47920e-04,0.03,-0.01
-4.47840e-04,0.01,0.07
-4.47760e-04,0.03,-0.03
-4.47680e-04,0.03,0.07
-4.47600e-04,0.05,-0.03
-4.47520e-04,0.03,0.05
-4.47440e-04,0.01,-0.03
-4.47360e-04,0.05,0.07
-4.47280e-04,0.01,-0.01
-4.47200e-04,0.05,0.05
-4.47120e-04,0.05,-0.01
-4.47040e-04,0.01,0.05
-4.46960e-04,0.03,-0.01
-4.46880e-04,0.03,0.07
-4.46800e-04,0.03,-0.03
-4.46720e-04,0.03,0.05
-4.46640e-04,0.03,-0.01
-4.46560e-04,0.01,0.05
-4.46480e-04,0.03,-0.03
-4.46400e-04,0.03,0.05
-4.46320e-04,0.03,-0.01
-4.46240e-04,0.03,0.05
-4.46160e-04,0.03,-0.01
-4.46080e-04,0.03,0.05
-4.46000e-04,0.03,-0.01
-4.45920e-04,0.03,0.05
-4.45840e-04,0.03,-0.01
-4.45760e-04,0.01,0.05
-4.45680e-04,0.03,-0.03
-4.45600e-04,0.01,0.05
-4.45520e-04,0.03,-0.03
-4.45440e-04,0.03,0.05
-4.45360e-04,0.05,-0.03
-4.45280e-04,0.03,0.05
-4.45200e-04,0.03,-0.03
-4.45120e-04,0.01,0.05
-4.45040e-04,0.01,-0.03
-4.44960e-04,0.03,0.07
-4.44880e-04,0.01,-0.01
-4.44800e-04,0.05,0.07
-4.44720e-04,0.01,-0.03
-4.44640e-04,0.03,0.05
-4.44560e-04,0.05,-0.03
-4.44480e-04,0.03,0.05
-4.44400e-04,0.05,-0.01
-4.44320e-04,0.01,0.05
-4.44240e-04,0.03,-0.03
-4.44160e-04,0.01,0.05
-4.44080e-04,0.03,-0.03
-4.44000e-04,0.01,0.05
-4.43920e-04,0.03,-0.03
-4.43840e-04,0.01,0.05
-4.43760e-04,0.03,-0.03
-4.43680e-04,0.03,0.07
-4.43600e-04,0.01,-0.03
-4.43520e-04,0.03,0.05
-4.43440e-04,0.01,-0.03
-4.43360e-04,0.03,0.05
-4.43280e-04,0.03,-0.03
-4.43200e-04,0.05,0.05
-4.43120e-04,0.03,-0.03
-4.43040e-04,0.01,0.05
-4.42960e-04,0.03,-0.03
-4.42880e-04,0.03,0.05
-4.42800e-04,0.03,-0.03
-4.42720e-04,0.03,0.05
-4.42640e-04,0.03,-0.03
-4.42560e-04,0.01,0.05
-4.42480e-04,0.03,-0.01
-4.42400e-04,0.03,0.05
-4.42320e-04,0.01,-0.01
-4.42240e-04,0.03,0.05
-4.42160e-04,0.01,-0.01
-4.42080e-04,0.05,0.05
-4.42000e-04,0.01,-0.01
-4.41920e-04,0.03,0.05
-4.41840e-04,0.03,-0.03
-4.41760e-04,0.01,0.07
-4.41680e-04,0.03,-0.03
-4.41600e-04,0.03,0.05
-4.41520e-04,0.03,-0.03
-4.41440e-04,0.01,0.05
-4.41360e-04,0.03,-0.01
-4.41280e-04,0.01,0.07
-4.41200e-04,0.03,-0.03
-4.41120e-04,0.05,0.05
-4.41040e-04,0.03,-0.01
-4.40960e-04,0.03,0.05
-4.40880e-04,0.01,-0.01
-4.40800e-04,0.05,0.05
-4.40720e-04,0.01,-0.03
-4.40640e-04,0.03,0.05
-4.40560e-04,0.01,-0.01
-4.40480e-04,0.03,0.05
-4.40400e-04,0.03,-0.03
-4.40320e-04,0.03,0.05
-4.40240e-04,0.03,-0.01
-4.40160e-04,0.03,0.05
-4.40080e-04,0.03,-0.01
-4.40000e-04,0.03,0.05
-4.39920e-04,0.05,-0.01
-4.39840e-04,0.01,0.05
-4.39760e-04,0.03,-0.01
-4.39680e-04,0.03,0.05
-4.39600e-04,0.01,-0.01
-4.39520e-04,0.03,0.05
-4.39440e-04,0.03,-0.01
-4.39360e-04,0.03,0.05
-4.39280e-04,0.01,-0.01
-4.39200e-04,0.03,0.05
-4.39120e-04,0.03,-0.03
-4.39040e-04,0.01,0.03
-4.38960e-04,0.03,-0.01
-4.38880e-04,0.03,0.05
-4.38800e-04,0.03,-0.01
-4.38720e-04,0.03,0.05
-4.38640e-04,0.05,-0.01
-4.38560e-04,0.01,0.05
-4.38480e-04,0.03,-0.03
-4.38400e-04,0.01,0.05
-4.38320e-04,0.03,-0.01
-4.38240e-04,0.03,0.05
-4.38160e-04,0.01,-0.01
-4.38080e-04,0.03,0.05
-4.38000e-04,0.01,-0.03
-4.37920e-04,0.01,0.07
-4.37840e-04,0.01,-0.03
-4.37760e-04,0.03,0.05
-4.37680e-04,0.03,-0.03
-4.37600e-04,0.01,0.07
-4.37520e-04,0.03,-0.03
-4.37440e-04,0.03,0.05
-4.37360e-04,0.01,-0.03
-4.37280e-04,0.03,0.05
-4.37200e-04,0.05,-0.03
-4.37120e-04,0.03,0.05
-4.37040e-04,0.01,-0.03
-4.36960e-04,0.03,0.05
-4.36880e-04,0.01,-0.03
-4.36800e-04,0.03,0.05
-4.36720e-04,0.01,-0.03
-4.36640e-04,0.01,0.05
-4.36560e-04,0.03,-0.03
-4.36480e-04,0.03,0.05
-4.36400e-04,0.03,-0.03
-4.36320e-04,0.01,0.05
-4.36240e-04,0.03,-0.01
-4.36160e-04,0.01,0.05
-4.36080e-04,0.03,-0.01
-4.36000e-04,0.03,0.05
-4.35920e-04,0.03,-0.01
-4.35840e-04,0.03,0.05
-4.35760e-04,0.03,-0.01
-4.35680e-04,0.03,0.05
-4.35600e-04,0.01,-0.03
-4.35520e-04,0.03,0.05
-4.35440e-04,0.01,-0.01
-4.35360e-04,0.01,0.05
-4.35280e-04,0.01,-0.03
-4.35200e-04,0.03,0.05
-4.35120e-04,0.03,-0.03
-4.35040e-04,0.03,0.05
-4.34960e-04,0.05,-0.01
-4.34880e-04,0.01,0.05
-4.34800e-04,0.03,-0.03
-4.34720e-04,-0.01,0.05
-4.34640e-04,0.05,-0.01
-4.34560e-04,0.01,0.05
-4.34480e-04,0.01,-0.03
-4.34400e-04,0.03,0.05
-4.34320e-04,0.01,-0.01
-4.34240e-04,0.03,0.05
-4.34160e-04,0.03,-0.01
-4.34080e-04,0.05,0.05
-4.34000e-04,0.03,-0.03
-4.33920e-04,0.03,0.05
-4.33840e-04,0.01,-0.03
-4.33760e-04,0.03,0.05
-4.33680e-04,0.03,-0.03
-4.33600e-04,0.01,0.05
-4.33520e-04,0.03,-0.03
-4.33440e-04,0.01,0.05
-4.33360e-04,0.03,-0.03
-4.33280e-04,0.01,0.05
-4.33200e-04,0.03,-0.01
-4.33120e-04,0.03,0.05
-4.33040e-04,0.03,-0.03
-4.32960e-04,0.01,0.05
-4.32880e-04,0.03,-0.03
-4.32800e-04,0.03,0.05
-4.32720e-04,0.01,-0.03
-4.32640e-04,0.03,0.05
-4.32560e-04,0.03,-0.01
-4.32480e-04,0.03,0.05
-4.32400e-04,0.03,-0.03
-4.32320e-04,0.03,0.05
-4.32240e-04,0.01,-0.03
-4.32160e-04,-0.01,0.05
-4.32080e-04,0.05,-0.01
-4.32000e-04,0.03,0.05
-4.31920e-04,0.03,-0.03
-4.31840e-04,0.01,0.05
-4.31760e-04,0.01,-0.03
-4.31680e-04,0.03,0.07
-4.31600e-04,0.01,-0.03
-4.31520e-04,0.05,0.05
-4.31440e-04,0.03,-0.01
-4.31360e-04,0.03,0.05
-4.31280e-04,0.03,-0.03
-4.31200e-04,0.03,0.05
-4.31120e-04,0.03,-0.01
-4.31040e-04,0.03,0.05
-4.30960e-04,0.03,-0.01
-4.30880e-04,-0.01,0.05
-4.30800e-04,0.01,-0.03
-4.30720e-04,0.03,0.05
-4.30640e-04,0.05,-0.03
-4.30560e-04,0.05,0.07
-4.30480e-04,0.03,-0.03
-4.30400e-04,0.03,0.05
-4.30320e-04,0.01,-0.03
-4.30240e-04,0.03,0.07
-4.30160e-04,0.01,-0.01
-4.30080e-04,0.03,0.05
-4.30000e-04,0.03,-0.03
-4.29920e-04,0.03,0.05
-4.29840e-04,0.03,-0.03
-4.29760e-04,0.03,0.05
-4.29680e-04,0.03,-0.01
-4.29600e-04,0.01,0.05
-4.29520e-04,0.03,-0.03
-4.29440e-04,0.01,0.05
-4.29360e-04,0.03,-0.01
-4.29280e-04,0.03,0.05
-4.29200e-04,0.03,-0.01
-4.29120e-04,0.03,0.05
-4.29040e-04,0.03,-0.01
-4.28960e-04,0.03,0.05
-4.28880e-04,0.03,-0.01
-4.28800e-04,0.03,0.05
-4.28720e-04,0.01,-0.01
-4.28640e-04,0.03,0.05
-4.28560e-04,0.01,-0.01
-4.28480e-04,0.03,0.05
-4.28400e-04,0.03,-0.01
-4.28320e-04,0.01,0.05
-4.28240e-04,0.03,-0.01
-4.28160e-04,0.01,0.05
-4.28080e-04,0.03,-0.01
-4.28000e-04,0.01,0.07
-4.27920e-04,0.01,-0.01
-4.27840e-04,0.05,0.05
-4.27760e-04,0.03,-0.01
-4.27680e-04,0.03,0.05
-4.27600e-04,-0.01,-0.03
-4.27520e-04,0.01,0.05
-4.27440e-04,0.03,-0.03
-4.27360e-04,0.03,0.05
-4.27280e-04,0.01,-0.01
-4.27200e-04,0.03,0.05
-4.27120e-04,0.03,-0.01
-4.27040e-04,0.03,0.05
-4.26960e-04,0.03,-0.03
-4.26880e-04,0.03,0.05
-4.26800e-04,0.05,-0.03
-4.26720e-04,0.01,0.05
-4.26640e-04,0.05,-0.03
-4.26560e-04,0.03,0.05
-4.26480e-04,0.01,-0.03
-4.26400e-04,0.03,0.05
-4.26320e-04,0.03,-0.03
-4.26240e-04,0.03,0.05
-4.26160e-04,0.01,-0.03
-4.26080e-04,0.01,0.05
-4.26000e-04,0.01,-0.01
-4.25920e-04,0.01,0.05
-4.25840e-04,0.03,-0.01
-4.25760e-04,0.03,0.05
-4.25680e-04,0.03,-0.03
-4.25600e-04,0.01,0.05
-4.25520e-04,0.05,-0.01
-4.25440e-04,0.03,0.05
-4.25360e-04,0.03,-0.03
-4.25280e-04,0.03,0.05
-4.25200e-04,0.03,-0.03
-4.25120e-04,0.03,0.05
-4.25040e-04,0.03,-0.01
-4.24960e-04,0.03,0.05
-4.24880e-04,0.03,-0.03
-4.24800e-04,0.03,0.05
-4.24720e-04,0.01,-0.03
-4.24640e-04,0.03,0.05
-4.24560e-04,0.01,-0.03
-4.24480e-04,0.03,0.05
-4.24400e-04,-0.01,-0.03
-4.24320e-04,0.07,0.05
-4.24240e-04,0.03,-0.07
-4.24160e-04,0.03,0.07
-4.24080e-04,0.05,-0.05
-4.24000e-04,0.01,0.07
-4.23920e-04,0.03,-0.03
-4.23840e-04,0.03,0.05
-4.23760e-04,0.05,-0.03
-4.23680e-04,0.03,0.05
-4.23600e-04,0.01,-0.01
-4.23520e-04,0.05,0.05
-4.23440e-04,0.03,-0.03
-4.23360e-04,0.03,0.05
-4.23280e-04,0.01,-0.03
-4.23200e-04,0.01,0.05
-4.23120e-04,0.01,-0.03
-4.23040e-04,0.03,0.05
-4.22960e-04,0.05,-0.03
-4.22880e-04,0.01,0.05
-4.22800e-04,0.03,-0.01
-4.22720e-04,0.03,0.05
-4.22640e-04,0.01,-0.01
-4.22560e-04,0.03,0.05
-4.22480e-04,0.01,-0.01
-4.22400e-04,0.03,0.05
-4.22320e-04,0.03,-0.01
-4.22240e-04,0.03,0.05
-4.22160e-04,0.03,-0.01
-4.22080e-04,0.03,0.05
-4.22000e-04,0.03,-0.01
-4.21920e-04,0.03,0.05
-4.21840e-04,0.03,-0.03
-4.21760e-04,0.01,0.05
-4.21680e-04,0.03,-0.03
-4.21600e-04,0.03,0.05
-4.21520e-04,0.01,-0.01
-4.21440e-04,0.03,0.05
-4.21360e-04,0.03,-0.01
-4.21280e-04,0.01,0.05
-4.21200e-04,0.03,-0.03
-4.21120e-04,0.03,0.05
-4.21040e-04,0.03,-0.03
-4.20960e-04,0.03,0.05
-4.20880e-04,0.03,-0.01
-4.20800e-04,0.03,0.05
-4.20720e-04,0.01,-0.03
-4.20640e-04,0.03,0.05
-4.20560e-04,0.03,-0.03
-4.20480e-04,0.01,0.05
-4.20400e-04,0.03,-0.01
-4.20320e-04,0.03,0.05
-4.20240e-04,0.03,-0.03
-4.20160e-04,0.01,0.05
-4.20080e-04,0.03,-0.01
-4.20000e-04,0.03,0.05
-4.19920e-04,0.03,-0.01
-4.19840e-04,0.03,0.05
-4.19760e-04,0.03,-0.01
-4.19680e-04,0.03,0.03
-4.19600e-04,0.03,-0.01
-4.19520e-04,0.03,0.05
-4.19440e-04,0.01,-0.01
-4.19360e-04,0.01,0.05
-4.19280e-04,0.03,-0.01
-4.19200e-04,0.01,0.05
-4.19120e-04,0.03,-0.03
-4.19040e-04,0.03,0.05
-4.18960e-04,0.03,-0.03
-4.18880e-04,-0.01,0.05
-4.18800e-04,0.01,-0.03
-4.18720e-04,0.01,0.05
-4.18640e-04,0.03,-0.01
-4.18560e-04,0.03,0.05
-4.18480e-04,0.01,-0.01
-4.18400e-04,0.05,0.03
-4.18320e-04,-0.01,-0.03
-4.18240e-04,0.05,0.05
-4.18160e-04,0.01,-0.03
-4.18080e-04,0.03,0.05
-4.18000e-04,0.03,-0.01
-4.17920e-04,0.03,0.05
-4.17840e-04,0.03,-0.03
-4.17760e-04,0.03,0.05
-4.17680e-04,0.03,-0.01
-4.17600e-04,0.03,0.05
-4.17520e-04,0.07,-0.01
-4.17440e-04,0.01,0.11
-4.17360e-04,0.03,-0.05
-4.17280e-04,0.01,0.09
-4.17200e-04,0.03,-0.01
-4.17120e-04,0.03,0.05
-4.17040e-04,0.03,-0.01
-4.16960e-04,0.03,0.05
-4.16880e-04,0.01,-0.03
-4.16800e-04,0.03,0.05
-4.16720e-04,0.03,-0.01
-4.16640e-04,0.03,0.05
-4.16560e-04,0.03,-0.01
-4.16480e-04,0.03,0.05
-4.16400e-04,0.03,-0.03
-4.16320e-04,0.05,0.05
-4.16240e-04,0.01,-0.03
-4.16160e-04,-0.01,0.05
-4.16080e-04,0.03,-0.05
-4.16000e-04,0.01,0.07
-4.15920e-04,0.03,-0.03
-4.15840e-04,0.01,0.05
-4.15760e-04,0.03,-0.03
-4.15680e-04,0.03,0.05
-4.15600e-04,0.01,-0.01
-4.15520e-04,0.03,0.05
-4.15440e-04,0.03,-0.01
-4.15360e-04,0.01,0.05
-4.15280e-04,0.01,-0.03
-4.15200e-04,0.05,0.05
-4.15120e-04,0.03,-0.01
-4.15040e-04,0.03,0.05
-4.14960e-04,0.03,-0.03
-4.14880e-04,0.03,0.05
-4.14800e-04,0.03,-0.03
-4.14720e-04,0.01,0.05
-4.14640e-04,0.05,-0.03
-4.14560e-04,0.03,0.05
-4.14480e-04,0.01,-0.03
-4.14400e-04,0.03,0.05
-4.14320e-04,0.01,-0.01
-4.14240e-04,0.05,0.05
-4.14160e-04,0.01,-0.01
-4.14080e-04,0.03,0.05
-4.14000e-04,0.03,-0.01
-4.13920e-04,0.05,0.05
-4.13840e-04,0.01,-0.03
-4.13760e-04,0.03,0.05
-4.13680e-04,0.03,-0.03
-4.13600e-04,0.01,0.05
-4.13520e-04,0.03,-0.01
-4.13440e-04,0.01,0.05
-4.13360e-04,0.03,-0.03
-4.13280e-04,0.01,0.05
-4.13200e-04,0.03,-0.01
-4.13120e-04,0.03,0.05
-4.13040e-04,0.01,-0.01
-4.12960e-04,0.03,0.05
-4.12880e-04,0.01,-0.01
-4.12800e-04,0.03,0.05
-4.12720e-04,0.01,-0.01
-4.12640e-04,0.03,0.05
-4.12560e-04,0.03,-0.01
-4.12480e-04,0.03,0.05
-4.12400e-04,0.03,-0.03
-4.12320e-04,0.01,0.05
-4.12240e-04,0.03,-0.01
-4.12160e-04,0.03,0.05
-4.12080e-04,0.03,-0.01
-4.12000e-04,0.03,0.05
-4.11920e-04,0.03,-0.03
-4.11840e-04,0.03,0.05
-4.11760e-04,0.01,-0.03
-4.11680e-04,0.01,0.05
-4.11600e-04,0.03,-0.01
-4.11520e-04,0.03,0.05
-4.11440e-04,0.03,-0.03
-4.11360e-04,0.03,0.05
-4.11280e-04,0.01,-0.01
-4.11200e-04,0.03,0.05
-4.11120e-04,0.01,-0.03
-4.11040e-04,0.03,0.05
-4.10960e-04,0.03,-0.03
-4.10880e-04,0.03,0.05
-4.10800e-04,0.03,-0.03
-4.10720e-04,0.03,0.05
-4.10640e-04,0.03,-0.01
-4.10560e-04,0.03,0.05
-4.10480e-04,0.03,-0.03
-4.10400e-04,0.03,0.05
-4.10320e-04,0.01,-0.03
-4.10240e-04,0.03,0.05
-4.10160e-04,0.01,-0.01
-4.10080e-04,0.03,0.05
-4.10000e-04,0.01,-0.01
-4.09920e-04,0.01,0.05
-4.09840e-04,0.01,-0.01
-4.09760e-04,0.03,0.05
-4.09680e-04,0.03,-0.03
-4.09600e-04,0.03,0.05
-4.09520e-04,0.05,-0.01
-4.09440e-04,0.01,0.05
-4.09360e-04,0.03,-0.03
-4.09280e-04,0.03,0.05
-4.09200e-04,0.03,-0.01
-4.09120e-04,0.03,0.05
-4.09040e-04,-0.01,-0.03
-4.08960e-04,0.03,0.05
-4.08880e-04,0.03,-0.03
-4.08800e-04,0.03,0.07
-4.08720e-04,0.01,-0.05
-4.08640e-04,0.05,0.07
-4.08560e-04,0.01,-0.03
-4.08480e-04,0.03,0.05
-4.08400e-04,0.01,-0.03
-4.08320e-04,0.03,0.07
-4.08240e-04,0.05,-0.01
-4.08160e-04,0.01,0.05
-4.08080e-04,0.05,-0.03
-4.08000e-04,0.01,0.05
-4.07920e-04,0.03,-0.03
-4.07840e-04,0.03,0.05
-4.07760e-04,0.03,-0.03
-4.07680e-04,0.01,0.05
-4.07600e-04,0.03,-0.03
-4.07520e-04,0.01,0.05
-4.07440e-04,0.01,-0.01
-4.07360e-04,0.03,0.05
-4.07280e-04,0.01,-0.01
-4.07200e-04,0.03,0.05
-4.07120e-04,0.03,-0.01
-4.07040e-04,0.03,0.05
-4.06960e-04,0.03,-0.01
-4.06880e-04,0.01,0.05
-4.06800e-04,0.03,-0.01
-4.06720e-04,0.01,0.05
-4.06640e-04,0.03,-0.03
-4.06560e-04,0.03,0.05
-4.06480e-04,0.01,-0.03
-4.06400e-04,0.03,0.05
-4.06320e-04,0.03,-0.01
-4.06240e-04,0.03,0.05
-4.06160e-04,0.01,-0.01
-4.06080e-04,0.05,0.05
-4.06000e-04,0.01,-0.01
-4.05920e-04,0.03,0.05
-4.05840e-04,0.01,-0.03
-4.05760e-04,0.01,0.05
-4.05680e-04,0.03,-0.03
-4.05600e-04,-0.01,0.05
-4.05520e-04,0.05,-0.01
-4.05440e-04,0.03,0.05
-4.05360e-04,0.03,-0.03
-4.05280e-04,0.01,0.05
-4.05200e-04,0.03,-0.01
-4.05120e-04,0.03,0.05
-4.05040e-04,0.01,-0.03
-4.04960e-04,0.05,0.05
-4.04880e-04,0.01,-0.01
-4.04800e-04,0.03,0.05
-4.04720e-04,0.01,-0.01
-4.04640e-04,0.03,0.05
-4.04560e-04,0.01,-0.03
-4.04480e-04,0.03,0.05
-4.04400e-04,0.01,-0.03
-4.04320e-04,0.01,0.05
-4.04240e-04,0.03,-0.03
-4.04160e-04,0.01,0.05
-4.04080e-04,0.03,-0.01
-4.04000e-04,0.01,0.05
-4.03920e-04,0.01,-0.01
-4.03840e-04,0.03,0.05
-4.03760e-04,0.03,-0.03
-4.03680e-04,0.03,0.05
-4.03600e-04,0.03,-0.03
-4.03520e-04,0.05,0.05
-4.03440e-04,0.01,-0.03
-4.03360e-04,0.03,0.05
-4.03280e-04,0.01,-0.03
-4.03200e-04,0.03,0.05
-4.03120e-04,0.03,-0.03
-4.03040e-04,0.01,0.05
-4.02960e-04,0.03,-0.01
-4.02880e-04,0.01,0.05
-4.02800e-04,0.03,-0.01
-4.02720e-04,0.01,0.05
-4.02640e-04,0.03,-0.01
-4.02560e-04,0.01,0.05
-4.02480e-04,0.05,-0.01
-4.02400e-04,0.03,0.05
-4.02320e-04,0.01,-0.03
-4.02240e-04,0.03,0.05
-4.02160e-04,0.01,-0.01
-4.02080e-04,0.03,0.05
-4.02000e-04,0.03,-0.01
-4.01920e-04,0.03,0.05
-4.01840e-04,0.03,-0.03
-4.01760e-04,0.03,0.05
-4.01680e-04,0.03,-0.03
-4.01600e-04,0.03,0.05
-4.01520e-04,0.05,-0.03
-4.01440e-04,0.01,0.05
-4.01360e-04,0.03,-0.05
-4.01280e-04,0.01,0.05
-4.01200e-04,0.03,-0.03
-4.01120e-04,0.01,0.05
-4.01040e-04,0.01,-0.01
-4.00960e-04,0.05,0.05
-4.00880e-04,0.01,-0.03
-4.00800e-04,0.05,0.05
-4.00720e-04,0.01,-0.03
-4.00640e-04,0.03,0.05
-4.00560e-04,0.03,-0.03
-4.00480e-04,0.03,0.05
-4.00400e-04,0.03,-0.03
-4.00320e-04,0.01,0.05
-4.00240e-04,0.03,-0.03
-4.00160e-04,0.03,0.05
-4.00080e-04,0.03,-0.01
-4.00000e-04,0.01,0.05
-3.99920e-04,0.03,-0.03
-3.99840e-04,0.03,0.05
-3.99760e-04,0.03,-0.01
-3.99680e-04,0.05,0.05
-3.99600e-04,0.03,-0.01
-3.99520e-04,0.03,0.05
-3.99440e-04,0.01,-0.01
-3.99360e-04,0.03,0.05
-3.99280e-04,0.03,-0.01
-3.99200e-04,0.01,0.05
-3.99120e-04,0.03,-0.03
-3.99040e-04,0.03,0.05
-3.98960e-04,0.03,-0.03
-3.98880e-04,0.01,0.05
-3.98800e-04,0.03,-0.01
-3.98720e-04,0.01,0.05
-3.98640e-04,0.03,-0.03
-3.98560e-04,0.01,0.05
-3.98480e-04,0.03,-0.03
-3.98400e-04,0.03,0.05
-3.98320e-04,0.01,-0.03
-3.98240e-04,0.03,0.05
-3.98160e-04,0.01,-0.01
-3.98080e-04,0.03,0.05
-3.98000e-04,0.03,-0.03
-3.97920e-04,0.03,0.05
-3.97840e-04,0.03,-0.03
-3.97760e-04,0.03,0.05
-3.97680e-04,0.03,-0.01
-3.97600e-04,0.03,0.07
-3.97520e-04,0.03,-0.03
-3.97440e-04,0.01,0.05
-3.97360e-04,0.03,-0.03
-3.97280e-04,0.01,0.05
-3.97200e-04,0.01,-0.01
-3.97120e-04,0.03,0.05
-3.97040e-04,0.03,-0.03
-3.96960e-04,0.03,0.05
-3.96880e-04,0.01,-0.03
-3.96800e-04,0.03,0.05
-3.96720e-04,0.01,-0.03
-3.96640e-04,0.03,0.05
-3.96560e-04,0.03,-0.01
-3.96480e-04,0.03,0.05
-3.96400e-04,0.05,-0.01
-3.96320e-04,0.01,0.05
-3.96240e-04,0.03,-0.01
-3.96160e-04,0.01,0.05
-3.96080e-04,0.05,-0.03
-3.96000e-04,0.03,0.05
-3.95920e-04,0.03,-0.01
-3.95840e-04,0.03,0.05
-3.95760e-04,0.01,-0.03
-3.95680e-04,0.03,0.05
-3.95600e-04,0.01,-0.01
-3.95520e-04,0.01,0.05
-3.95440e-04,0.03,-0.01
-3.95360e-04,0.03,0.05
-3.95280e-04,0.01,-0.01
-3.95200e-04,0.03,0.05
-3.95120e-04,0.05,-0.01
-3.95040e-04,0.03,0.05
-3.94960e-04,0.03,-0.03
-3.94880e-04,0.01,0.05
-3.94800e-04,0.05,-0.01
-3.94720e-04,0.03,0.05
-3.94640e-04,0.03,-0.03
-3.94560e-04,0.05,0.05
-3.94480e-04,0.05,-0.01
-3.94400e-04,0.05,0.05
-3.94320e-04,0.01,-0.03
-3.94240e-04,0.03,0.07
-3.94160e-04,0.01,-0.03
-3.94080e-04,0.03,0.07
-3.94000e-04,0.01,-0.03
-3.93920e-04,0.05,0.05
-3.93840e-04,0.01,-0.03
-3.93760e-04,0.03,0.05
-3.93680e-04,0.03,-0.01
-3.93600e-04,0.01,0.05
-3.93520e-04,0.05,-0.03
-3.93440e-04,0.01,0.05
-3.93360e-04,0.03,-0.01
-3.93280e-04,0.01,0.05
-3.93200e-04,0.03,-0.01
-3.93120e-04,0.03,0.05
-3.93040e-04,0.03,-0.01
-3.92960e-04,0.03,0.05
-3.92880e-04,0.01,-0.01
-3.92800e-04,0.03,0.05
-3.92720e-04,0.01,-0.01
-3.92640e-04,0.03,0.05
-3.92560e-04,0.03,-0.03
-3.92480e-04,0.03,0.05
-3.92400e-04,0.03,-0.03
-3.92320e-04,0.01,0.05
-3.92240e-04,0.03,-0.01
-3.92160e-04,0.03,0.05
-3.92080e-04,0.03,-0.01
-3.92000e-04,0.01,0.05
-3.91920e-04,0.03,-0.01
-3.91840e-04,0.03,0.05
-3.91760e-04,0.03,-0.01
-3.91680e-04,0.03,0.05
-3.91600e-04,0.03,-0.01
-3.91520e-04,0.05,0.05
-3.91440e-04,-0.01,-0.05
-3.91360e-04,0.03,0.05
-3.91280e-04,0.01,-0.03
-3.91200e-04,0.03,0.07
-3.91120e-04,0.01,-0.01
-3.91040e-04,0.01,0.05
-3.90960e-04,0.03,-0.03
-3.90880e-04,0.03,0.05
-3.90800e-04,0.03,-0.03
-3.90720e-04,0.01,0.05
-3.90640e-04,0.05,-0.03
-3.90560e-04,0.03,0.05
-3.90480e-04,0.03,-0.03
-3.90400e-04,0.03,0.05
-3.90320e-04,0.03,-0.01
-3.90240e-04,0.03,0.05
-3.90160e-04,0.01,-0.03
-3.90080e-04,0.03,0.05
-3.90000e-04,0.01,-0.03
-3.89920e-04,0.03,0.07
-3.89840e-04,0.01,-0.01
-3.89760e-04,0.03,0.05
-3.89680e-04,0.03,-0.03
-3.89600e-04,0.03,0.05
-3.89520e-04,0.03,-0.01
-3.89440e-04,0.03,0.05
-3.89360e-04,0.03,-0.03
-3.89280e-04,0.03,0.05
-3.89200e-04,0.01,-0.03
-3.89120e-04,0.03,0.05
-3.89040e-04,0.03,-0.03
-3.88960e-04,0.03,0.05
-3.88880e-04,0.03,-0.03
-3.88800e-04,0.03,0.05
-3.88720e-04,0.01,-0.03
-3.88640e-04,0.05,0.05
-3.88560e-04,0.03,-0.03
-3.88480e-04,0.03,0.05
-3.88400e-04,0.03,-0.03
-3.88320e-04,0.03,0.07
-3.88240e-04,0.03,-0.03
-3.88160e-04,0.03,0.05
-3.88080e-04,0.03,-0.03
-3.88000e-04,0.03,0.05
-3.87920e-04,0.03,-0.03
-3.87840e-04,0.01,0.05
-3.87760e-04,0.03,-0.01
-3.87680e-04,0.03,0.05
-3.87600e-04,0.01,-0.03
-3.87520e-04,0.05,0.05
-3.87440e-04,0.01,-0.01
-3.87360e-04,0.05,0.05
-3.87280e-04,0.03,-0.03
-3.87200e-04,0.01,0.05
-3.87120e-04,0.03,-0.03
-3.87040e-04,0.01,0.07
-3.86960e-04,0.03,-0.03
-3.86880e-04,0.01,0.07
-3.86800e-04,0.03,-0.03
-3.86720e-04,0.01,0.05
-3.86640e-04,0.03,-0.01
-3.86560e-04,0.03,0.05
-3.86480e-04,0.03,-0.01
-3.86400e-04,0.03,0.05
-3.86320e-04,0.03,-0.01
-3.86240e-04,0.03,0.05
-3.86160e-04,0.03,-0.03
-3.86080e-04,0.03,0.05
-3.86000e-04,0.03,-0.03
-3.85920e-04,0.05,0.05
-3.85840e-04,0.03,-0.01
-3.85760e-04,0.01,0.07
-3.85680e-04,0.03,-0.01
-3.85600e-04,0.03,0.05
-3.85520e-04,0.03,-0.03
-3.85440e-04,0.03,0.05
-3.85360e-04,0.03,-0.03
-3.85280e-04,0.03,0.07
-3.85200e-04,0.03,-0.01
-3.85120e-04,0.03,0.05
-3.85040e-04,0.03,-0.03
-3.84960e-04,0.05,0.05
-3.84880e-04,0.03,-0.01
-3.84800e-04,0.05,0.05
-3.84720e-04,0.01,-0.01
-3.84640e-04,0.03,0.05
-3.84560e-04,0.03,-0.03
-3.84480e-04,0.03,0.05
-3.84400e-04,0.03,-0.01
-3.84320e-04,0.03,0.05
-3.84240e-04,0.03,-0.03
-3.84160e-04,0.03,0.05
-3.84080e-04,0.03,-0.03
-3.84000e-04,0.01,0.05
-3.83920e-04,0.03,-0.01
-3.83840e-04,0.01,0.05
-3.83760e-04,0.03,-0.03
-3.83680e-04,0.01,0.05
-3.83600e-04,0.01,-0.01
-3.83520e-04,0.03,0.05
-3.83440e-04,0.01,-0.01
-3.83360e-04,0.03,0.05
-3.83280e-04,0.01,-0.03
-3.83200e-04,0.03,0.05
-3.83120e-04,0.03,-0.01
-3.83040e-04,0.03,0.05
-3.82960e-04,0.03,-0.03
-3.82880e-04,0.01,0.05
-3.82800e-04,0.03,-0.01
-3.82720e-04,0.01,0.05
-3.82640e-04,0.05,-0.01
-3.82560e-04,0.03,0.05
-3.82480e-04,0.05,-0.03
-3.82400e-04,0.03,0.07
-3.82320e-04,0.01,-0.03
-3.82240e-04,0.03,0.05
-3.82160e-04,0.01,-0.01
-3.82080e-04,0.03,0.05
-3.82000e-04,0.03,-0.01
-3.81920e-04,0.03,0.05
-3.81840e-04,0.03,-0.01
-3.81760e-04,0.03,0.05
-3.81680e-04,0.05,-0.01
-3.81600e-04,0.01,0.05
-3.81520e-04,0.05,-0.03
-3.81440e-04,0.01,0.05
-3.81360e-04,0.07,-0.01
-3.81280e-04,0.01,0.05
-3.81200e-04,0.03,-0.03
-3.81120e-04,0.01,0.07
-3.81040e-04,0.03,-0.01
-3.80960e-04,0.03,0.05
-3.80880e-04,0.01,-0.01
-3.80800e-04,0.05,0.05
-3.80720e-04,0.01,-0.01
-3.80640e-04,0.01,0.05
-3.80560e-04,0.03,-0.03
-3.80480e-04,0.03,0.05
-3.80400e-04,0.03,-0.03
-3.80320e-04,0.03,0.05
-3.80240e-04,0.03,-0.01
-3.80160e-04,0.01,0.05
-3.80080e-04,0.05,-0.01
-3.80000e-04,0.01,0.05
-3.79920e-04,0.03,-0.03
-3.79840e-04,0.03,0.05
-3.79760e-04,0.03,-0.03
-3.79680e-04,0.03,0.07
-3.79600e-04,0.01,-0.03
-3.79520e-04,0.01,0.05
-3.79440e-04,0.03,-0.03
-3.79360e-04,0.03,0.05
-3.79280e-04,0.03,-0.03
-3.79200e-04,0.03,0.05
-3.79120e-04,0.03,-0.03
-3.79040e-04,0.01,0.05
-3.78960e-04,0.05,-0.03
-3.78880e-04,0.01,0.05
-3.78800e-04,0.03,-0.03
-3.78720e-04,0.03,0.05
-3.78640e-04,0.03,-0.01
-3.78560e-04,0.03,0.05
-3.78480e-04,0.03,-0.03
-3.78400e-04,0.05,0.05
-3.78320e-04,0.01,-0.01
-3.78240e-04,0.03,0.05
-3.78160e-04,0.01,-0.03
-3.78080e-04,0.03,0.05
-3.78000e-04,0.03,-0.01
-3.77920e-04,0.03,0.03
-3.77840e-04,0.03,-0.03
-3.77760e-04,0.03,0.05
-3.77680e-04,0.03,-0.01
-3.77600e-04,0.03,0.05
-3.77520e-04,0.03,-0.01
-3.77440e-04,0.01,0.05
-3.77360e-04,0.03,-0.01
-3.77280e-04,0.03,0.05
-3.77200e-04,0.05,-0.01
-3.77120e-04,0.03,0.05
-3.77040e-04,0.01,-0.01
-3.76960e-04,0.03,0.05
-3.76880e-04,0.01,-0.01
-3.76800e-04,0.03,0.05
-3.76720e-04,0.03,-0.01
-3.76640e-04,0.03,0.05
-3.76560e-04,0.01,-0.01
-3.76480e-04,0.01,0.05
-3.76400e-04,0.03,-0.03
-3.76320e-04,0.01,0.05
-3.76240e-04,0.03,-0.03
-3.76160e-04,0.03,0.05
-3.76080e-04,0.03,-0.03
-3.76000e-04,0.01,0.05
-3.75920e-04,0.03,-0.01
-3.75840e-04,0.03,0.05
-3.75760e-04,0.03,-0.03
-3.75680e-04,0.03,0.05
-3.75600e-04,0.03,-0.03
-3.75520e-04,0.03,0.05
-3.75440e-04,0.03,-0.01
-3.75360e-04,0.03,0.05
-3.75280e-04,0.03,-0.01
-3.75200e-04,0.03,0.05
-3.75120e-04,0.03,-0.03
-3.75040e-04,0.03,0.05
-3.74960e-04,0.01,-0.03
-3.74880e-04,0.01,0.05
-3.74800e-04,0.03,-0.01
-3.74720e-04,0.01,0.05
-3.74640e-04,0.05,-0.01
-3.74560e-04,0.03,0.05
-3.74480e-04,0.03,-0.01
-3.74400e-04,0.03,0.05
-3.74320e-04,-0.01,-0.01
-3.74240e-04,0.05,0.05
-3.74160e-04,0.01,-0.07
-3.74080e-04,0.03,0.07
-3.74000e-04,0.05,-0.03
-3.73920e-04,0.01,0.05
-3.73840e-04,0.03,-0.03
-3.73760e-04,0.01,0.05
-3.73680e-04,0.03,-0.03
-3.73600e-04,0.01,0.07
-3.73520e-04,0.03,-0.03
-3.73440e-04,0.01,0.05
-3.73360e-04,0.03,-0.03
-3.73280e-04,0.03,0.05
-3.73200e-04,0.03,-0.03
-3.73120e-04,0.03,0.05
-3.73040e-04,0.01,-0.01
-3.72960e-04,0.03,0.05
-3.72880e-04,0.01,-0.03
-3.72800e-04,0.03,0.03
-3.72720e-04,0.05,-0.01
-3.72640e-04,0.03,0.05
-3.72560e-04,0.01,-0.03
-3.72480e-04,0.03,0.05
-3.72400e-04,0.01,-0.03
-3.72320e-04,0.03,0.05
-3.72240e-04,0.03,-0.03
-3.72160e-04,0.01,0.05
-3.72080e-04,0.03,-0.01
-3.72000e-04,0.03,0.03
-3.71920e-04,0.03,-0.01
-3.71840e-04,0.03,0.05
-3.71760e-04,0.03,-0.01
-3.71680e-04,0.03,0.05
-3.71600e-04,0.03,-0.01
-3.71520e-04,0.03,0.05
-3.71440e-04,0.03,-0.03
-3.71360e-04,0.03,0.05
-3.71280e-04,0.03,-0.01
-3.71200e-04,0.03,0.05
-3.71120e-04,0.03,-0.03
-3.71040e-04,0.03,0.05
-3.70960e-04,0.03,-0.01
-3.70880e-04,0.01,0.05
-3.70800e-04,0.03,-0.03
-3.70720e-04,0.01,0.05
-3.70640e-04,0.03,-0.01
-3.70560e-04,0.03,0.05
-3.70480e-04,0.01,-0.01
-3.70400e-04,0.03,0.03
-3.70320e-04,0.01,-0.01
-3.70240e-04,0.03,0.05
-3.70160e-04,0.03,-0.01
-3.70080e-04,0.03,0.05
-3.70000e-04,0.01,-0.01
-3.69920e-04,0.01,0.05
-3.69840e-04,0.03,-0.01
-3.69760e-04,0.03,0.05
-3.69680e-04,0.03,-0.01
-3.69600e-04,0.01,0.05
-3.69520e-04,0.03,-0.03
-3.69440e-04,0.03,0.05
-3.69360e-04,0.03,-0.01
-3.69280e-04,0.03,0.05
-3.69200e-04,0.03,-0.01
-3.69120e-04,0.03,0.05
-3.69040e-04,0.01,-0.01
-3.68960e-04,0.03,0.05
-3.68880e-04,0.03,-0.03
-3.68800e-04,0.01,0.05
-3.68720e-04,0.03,-0.03
-3.68640e-04,0.03,0.05
-3.68560e-04,0.03,-0.03
-3.68480e-04,0.03,0.05
-3.68400e-04,0.05,-0.03
-3.68320e-04,0.01,0.05
-3.68240e-04,0.03,-0.01
-3.68160e-04,0.01,0.05
-3.68080e-04,0.03,-0.01
-3.68000e-04,0.03,0.05
-3.67920e-04,0.01,-0.01
-3.67840e-04,0.03,0.05
-3.67760e-04,0.03,-0.01
-3.67680e-04,0.03,0.07
-3.67600e-04,0.03,-0.01
-3.67520e-04,0.03,0.05
-3.67440e-04,0.07,-0.01
-3.67360e-04,0.03,0.13
-3.67280e-04,0.01,-0.05
-3.67200e-04,0.03,0.07
-3.67120e-04,0.03,-0.01
-3.67040e-04,0.03,0.05
-3.66960e-04,0.05,-0.01
-3.66880e-04,0.01,0.05
-3.66800e-04,0.03,-0.01
-3.66720e-04,0.01,0.05
-3.66640e-04,0.03,-0.01
-3.66560e-04,0.03,0.05
-3.66480e-04,0.03,-0.01
-3.66400e-04,0.03,0.05
-3.66320e-04,0.01,-0.01
-3.66240e-04,0.03,0.05
-3.66160e-04,0.03,-0.01
-3.66080e-04,0.01,0.05
-3.66000e-04,0.01,-0.01
-3.65920e-04,0.03,0.07
-3.65840e-04,0.03,-0.01
-3.65760e-04,0.03,0.05
-3.65680e-04,0.03,-0.03
-3.65600e-04,0.03,0.05
-3.65520e-04,0.05,-0.01
-3.65440e-04,0.01,0.05
-3.65360e-04,0.03,-0.03
-3.65280e-04,0.01,0.05
-3.65200e-04,0.03,-0.03
-3.65120e-04,0.03,0.05
-3.65040e-04,0.03,-0.03
-3.64960e-04,0.03,0.05
-3.64880e-04,0.01,-0.03
-3.64800e-04,0.05,0.05
-3.64720e-04,0.01,-0.03
-3.64640e-04,0.03,0.05
-3.64560e-04,0.03,-0.03
-3.64480e-04,0.03,0.05
-3.64400e-04,0.03,-0.01
-3.64320e-04,0.01,0.07
-3.64240e-04,0.05,-0.01
-3.64160e-04,0.03,0.05
-3.64080e-04,0.05,-0.01
-3.64000e-04,0.03,0.05
-3.63920e-04,0.03,-0.03
-3.63840e-04,0.03,0.05
-3.63760e-04,0.03,-0.01
-3.63680e-04,0.03,0.05
-3.63600e-04,0.03,-0.01
-3.63520e-04,0.03,0.05
-3.63440e-04,0.01,-0.01
-3.63360e-04,0.03,0.05
-3.63280e-04,0.01,-0.01
-3.63200e-04,0.01,0.05
-3.63120e-04,0.03,-0.01
-3.63040e-04,0.01,0.05
-3.62960e-04,0.03,-0.01
-3.62880e-04,0.01,0.05
-3.62800e-04,0.03,-0.03
-3.62720e-04,0.01,0.05
-3.62640e-04,0.03,-0.01
-3.62560e-04,0.03,0.05
-3.62480e-04,0.03,-0.03
-3.62400e-04,0.03,0.05
-3.62320e-04,0.01,-0.03
-3.62240e-04,0.03,0.05
-3.62160e-04,0.01,-0.03
-3.62080e-04,0.03,0.05
-3.62000e-04,0.01,-0.01
-3.61920e-04,0.03,0.05
-3.61840e-04,0.03,-0.01
-3.61760e-04,0.01,0.05
-3.61680e-04,0.03,-0.01
-3.61600e-04,0.01,0.05
-3.61520e-04,0.03,-0.01
-3.61440e-04,0.01,0.05
-3.61360e-04,0.03,-0.01
-3.61280e-04,0.03,0.05
-3.61200e-04,0.03,-0.01
-3.61120e-04,0.03,0.05
-3.61040e-04,0.03,-0.03
-3.60960e-04,0.03,0.05
-3.60880e-04,0.01,-0.01
-3.60800e-04,0.03,0.05
-3.60720e-04,0.01,-0.01
-3.60640e-04,0.03,0.05
-3.60560e-04,0.03,-0.01
-3.60480e-04,0.03,0.05
-3.60400e-04,0.03,-0.01
-3.60320e-04,0.01,0.05
-3.60240e-04,0.03,-0.03
-3.60160e-04,0.01,0.05
-3.60080e-04,0.03,-0.01
-3.60000e-04,0.01,0.05
-3.59920e-04,0.03,-0.03
-3.59840e-04,0.01,0.05
-3.59760e-04,0.03,-0.01
-3.59680e-04,0.03,0.05
-3.59600e-04,0.01,-0.01
-3.59520e-04,0.05,0.05
-3.59440e-04,0.01,-0.01
-3.59360e-04,0.03,0.05
-3.59280e-04,0.03,-0.03
-3.59200e-04,0.03,0.05
-3.59120e-04,0.03,-0.03
-3.59040e-04,0.03,0.05
-3.58960e-04,0.03,-0.03
-3.58880e-04,0.01,0.05
-3.58800e-04,0.03,-0.01
-3.58720e-04,0.01,0.05
-3.58640e-04,0.03,-0.03
-3.58560e-04,0.03,0.05
-3.58480e-04,0.03,-0.01
-3.58400e-04,0.03,0.05
-3.58320e-04,0.01,-0.01
-3.58240e-04,0.01,0.05
-3.58160e-04,-0.01,-0.03
-3.58080e-04,0.03,0.05
-3.58000e-04,0.03,-0.05
-3.57920e-04,0.03,0.07
-3.57840e-04,0.05,-0.03
-3.57760e-04,0.03,0.05
-3.57680e-04,0.03,-0.01
-3.57600e-04,0.03,0.05
-3.57520e-04,0.03,-0.03
-3.57440e-04,0.01,0.05
-3.57360e-04,0.03,-0.03
-3.57280e-04,0.01,0.07
-3.57200e-04,0.03,-0.01
-3.57120e-04,0.03,0.05
-3.57040e-04,0.03,-0.03
-3.56960e-04,0.03,0.05
-3.56880e-04,0.03,-0.03
-3.56800e-04,0.05,0.05
-3.56720e-04,0.03,-0.01
-3.56640e-04,0.03,0.05
-3.56560e-04,0.03,-0.01
-3.56480e-04,0.05,0.05
-3.56400e-04,-0.01,-0.03
-3.56320e-04,0.01,0.07
-3.56240e-04,0.03,-0.03
-3.56160e-04,0.01,0.07
-3.56080e-04,0.03,-0.01
-3.56000e-04,0.01,0.05
-3.55920e-04,0.03,-0.03
-3.55840e-04,0.01,0.05
-3.55760e-04,0.01,-0.01
-3.55680e-04,0.05,0.05
-3.55600e-04,0.03,-0.03
-3.55520e-04,0.03,0.05
-3.55440e-04,0.01,-0.01
-3.55360e-04,0.03,0.05
-3.55280e-04,0.03,-0.03
-3.55200e-04,0.03,0.05
-3.55120e-04,0.03,-0.03
-3.55040e-04,0.01,0.05
-3.54960e-04,0.03,-0.03
-3.54880e-04,0.01,0.05
-3.54800e-04,0.03,-0.03
-3.54720e-04,0.03,0.05
-3.54640e-04,0.05,-0.01
-3.54560e-04,0.03,0.05
-3.54480e-04,0.03,-0.01
-3.54400e-04,0.03,0.05
-3.54320e-04,0.03,-0.01
-3.54240e-04,0.03,0.05
-3.54160e-04,0.03,-0.03
-3.54080e-04,0.03,0.05
-3.54000e-04,0.01,-0.01
-3.53920e-04,0.05,0.05
-3.53840e-04,0.05,-0.01
-3.53760e-04,0.03,0.05
-3.53680e-04,0.05,-0.01
-3.53600e-04,0.03,0.05
-3.53520e-04,0.05,-0.01
-3.53440e-04,0.01,0.05
-3.53360e-04,0.03,-0.01
-3.53280e-04,0.03,0.05
-3.53200e-04,0.03,-0.01
-3.53120e-04,0.03,0.05
-3.53040e-04,0.01,-0.01
-3.52960e-04,0.03,0.05
-3.52880e-04,0.01,-0.03
-3.52800e-04,0.03,0.05
-3.52720e-04,0.01,-0.03
-3.52640e-04,0.03,0.05
-3.52560e-04,0.03,-0.01
-3.52480e-04,0.05,0.07
-3.52400e-04,0.03,-0.01
-3.52320e-04,0.01,0.05
-3.52240e-04,0.03,-0.03
-3.52160e-04,0.03,0.05
-3.52080e-04,0.05,-0.03
-3.52000e-04,0.03,0.07
-3.51920e-04,0.05,-0.01
-3.51840e-04,0.03,0.05
-3.51760e-04,0.03,-0.01
-3.51680e-04,0.03,0.05
-3.51600e-04,0.03,-0.01
-3.51520e-04,0.03,0.05
-3.51440e-04,0.03,-0.01
-3.51360e-04,0.03,0.05
-3.51280e-04,0.03,-0.01
-3.51200e-04,0.05,0.05
-3.51120e-04,0.01,-0.03
-3.51040e-04,0.03,0.05
-3.50960e-04,0.05,-0.01
-3.50880e-04,0.05,0.05
-3.50800e-04,0.05,-0.03
-3.50720e-04,0.01,0.05
-3.50640e-04,0.03,-0.03
-3.50560e-04,0.03,0.07
-3.50480e-04,0.01,-0.03
-3.50400e-04,0.03,0.05
-3.50320e-04,0.03,-0.03
-3.50240e-04,0.03,0.05
-3.50160e-04,0.01,-0.03
-3.50080e-04,0.03,0.07
-3.50000e-04,-0.01,-0.03
-3.49920e-04,0.05,0.05
-3.49840e-04,0.01,-0.03
-3.49760e-04,0.03,0.05
-3.49680e-04,0.03,-0.03
-3.49600e-04,0.01,0.05
-3.49520e-04,0.05,-0.03
-3.49440e-04,0.01,0.05
-3.49360e-04,0.03,-0.03
-3.49280e-04,0.01,0.05
-3.49200e-04,0.03,-0.03
-3.49120e-04,0.01,0.05
-3.49040e-04,0.03,-0.03
-3.48960e-04,0.03,0.05
-3.48880e-04,0.03,-0.03
-3.48800e-04,0.03,0.05
-3.48720e-04,0.01,-0.01
-3.48640e-04,0.03,0.05
-3.48560e-04,0.01,-0.03
-3.48480e-04,0.01,0.05
-3.48400e-04,0.03,-0.03
-3.48320e-04,0.03,0.05
-3.48240e-04,0.03,-0.01
-3.48160e-04,0.03,0.05
-3.48080e-04,0.03,-0.03
-3.48000e-04,0.03,0.05
-3.47920e-04,0.03,-0.01
-3.47840e-04,0.03,0.05
-3.47760e-04,0.01,-0.01
-3.47680e-04,0.03,0.05
-3.47600e-04,0.03,-0.03
-3.47520e-04,0.03,0.05
-3.47440e-04,0.03,-0.01
-3.47360e-04,0.03,0.05
-3.47280e-04,0.03,-0.01
-3.47200e-04,0.03,0.05
-3.47120e-04,0.03,-0.01
-3.47040e-04,0.01,0.05
-3.46960e-04,0.03,-0.01
-3.46880e-04,0.01,0.05
-3.46800e-04,0.03,-0.01
-3.46720e-04,0.01,0.05
-3.46640e-04,0.03,-0.03
-3.46560e-04,0.03,0.05
-3.46480e-04,0.03,-0.01
-3.46400e-04,0.03,0.05
-3.46320e-04,0.01,-0.03
-3.46240e-04,0.03,0.05
-3.46160e-04,0.01,-0.03
-3.46080e-04,0.03,0.05
-3.46000e-04,0.01,-0.01
-3.45920e-04,0.03,0.05
-3.45840e-04,0.03,-0.01
-3.45760e-04,0.03,0.05
-3.45680e-04,0.03,-0.01
-3.45600e-04,0.03,0.05
-3.45520e-04,0.03,-0.03
-3.45440e-04,0.01,0.05
-3.45360e-04,0.03,-0.01
-3.45280e-04,0.03,0.05
-3.45200e-04,0.03,-0.01
-3.45120e-04,0.05,0.05
-3.45040e-04,0.03,-0.01
-3.44960e-04,0.03,0.05
-3.44880e-04,0.03,-0.03
-3.44800e-04,0.03,0.05
-3.44720e-04,0.01,-0.03
-3.44640e-04,0.03,0.05
-3.44560e-04,0.03,-0.03
-3.44480e-04,0.01,0.05
-3.44400e-04,0.03,-0.01
-3.44320e-04,0.03,0.05
-3.44240e-04,0.03,-0.03
-3.44160e-04,0.01,0.05
-3.44080e-04,0.03,-0.01
-3.44000e-04,0.03,0.05
-3.43920e-04,0.03,-0.01
-3.43840e-04,0.01,0.05
-3.43760e-04,0.03,-0.01
-3.43680e-04,0.05,0.05
-3.43600e-04,0.03,-0.03
-3.43520e-04,0.03,0.05
-3.43440e-04,-0.01,-0.03
-3.43360e-04,0.03,0.05
-3.43280e-04,0.03,-0.03
-3.43200e-04,0.01,0.07
-3.43120e-04,0.03,-0.03
-3.43040e-04,0.01,0.05
-3.42960e-04,0.03,-0.01
-3.42880e-04,0.01,0.05
-3.42800e-04,0.03,-0.03
-3.42720e-04,0.01,0.05
-3.42640e-04,0.03,-0.03
-3.42560e-04,0.01,0.05
-3.42480e-04,0.03,-0.03
-3.42400e-04,0.03,0.05
-3.42320e-04,0.01,-0.01
-3.42240e-04,0.03,0.05
-3.42160e-04,0.03,-0.01
-3.42080e-04,0.05,0.05
-3.42000e-04,0.01,-0.01
-3.41920e-04,0.05,0.05
-3.41840e-04,0.03,-0.01
-3.41760e-04,0.03,0.05
-3.41680e-04,0.03,-0.03
-3.41600e-04,0.03,0.07
-3.41520e-04,0.03,-0.03
-3.41440e-04,0.01,0.05
-3.41360e-04,0.03,-0.03
-3.41280e-04,-0.01,0.05
-3.41200e-04,0.03,-0.03
-3.41120e-04,0.03,0.05
-3.41040e-04,0.03,-0.01
-3.40960e-04,0.03,0.05
-3.40880e-04,0.01,-0.01
-3.40800e-04,0.03,0.05
-3.40720e-04,0.01,-0.03
-3.40640e-04,0.05,0.05
-3.40560e-04,0.03,-0.03
-3.40480e-04,0.03,0.05
-3.40400e-04,0.03,-0.01
-3.40320e-04,0.03,0.05
-3.40240e-04,0.03,-0.01
-3.40160e-04,0.01,0.07
-3.40080e-04,0.03,-0.03
-3.40000e-04,0.01,0.05
-3.39920e-04,0.03,-0.01
-3.39840e-04,0.03,0.05
-3.39760e-04,0.03,-0.01
-3.39680e-04,0.03,0.05
-3.39600e-04,0.03,-0.01
-3.39520e-04,0.01,0.05
-3.39440e-04,0.03,-0.03
-3.39360e-04,0.03,0.05
-3.39280e-04,0.03,-0.01
-3.39200e-04,0.01,0.05
-3.39120e-04,0.03,-0.03
-3.39040e-04,0.03,0.05
-3.38960e-04,0.05,-0.03
-3.38880e-04,0.03,0.05
-3.38800e-04,0.05,-0.03
-3.38720e-04,-0.01,0.05
-3.38640e-04,0.03,-0.05
-3.38560e-04,0.03,0.07
-3.38480e-04,0.03,-0.03
-3.38400e-04,0.03,0.05
-3.38320e-04,0.01,-0.01
-3.38240e-04,0.03,0.05
-3.38160e-04,0.01,-0.01
-3.38080e-04,0.05,0.05
-3.38000e-04,0.03,-0.01
-3.37920e-04,0.03,0.05
-3.37840e-04,0.03,-0.03
-3.37760e-04,0.03,0.05
-3.37680e-04,0.03,-0.03
-3.37600e-04,0.03,0.05
-3.37520e-04,0.03,-0.01
-3.37440e-04,0.01,0.05
-3.37360e-04,0.03,-0.03
-3.37280e-04,0.01,0.05
-3.37200e-04,0.03,-0.03
-3.37120e-04,0.03,0.05
-3.37040e-04,0.01,-0.03
-3.36960e-04,0.01,0.05
-3.36880e-04,0.01,-0.03
-3.36800e-04,0.03,0.07
-3.36720e-04,0.03,-0.03
-3.36640e-04,0.03,0.05
-3.36560e-04,0.01,-0.03
-3.36480e-04,0.03,0.05
-3.36400e-04,0.01,-0.01
-3.36320e-04,0.01,0.05
-3.36240e-04,0.03,-0.03
-3.36160e-04,0.03,0.05
-3.36080e-04,0.07,-0.03
-3.36000e-04,0.03,0.07
-3.35920e-04,0.03,-0.03
-3.35840e-04,0.03,0.07
-3.35760e-04,0.03,-0.03
-3.35680e-04,0.03,0.07
-3.35600e-04,0.01,-0.01
-3.35520e-04,0.03,0.05
-3.35440e-04,0.03,-0.03
-3.35360e-04,0.03,0.05
-3.35280e-04,0.03,-0.01
-3.35200e-04,0.03,0.05
-3.35120e-04,0.03,-0.01
-3.35040e-04,0.03,0.05
-3.34960e-04,0.03,-0.01
-3.34880e-04,0.03,0.05
-3.34800e-04,0.03,-0.03
-3.34720e-04,0.03,0.05
-3.34640e-04,0.03,-0.01
-3.34560e-04,0.01,0.05
-3.34480e-04,0.03,-0.01
-3.34400e-04,0.05,0.05
-3.34320e-04,0.03,-0.03
-3.34240e-04,0.05,0.05
-3.34160e-04,0.03,-0.01
-3.34080e-04,0.03,0.05
-3.34000e-04,0.01,-0.01
-3.33920e-04,0.03,0.05
-3.33840e-04,0.03,-0.01
-3.33760e-04,0.03,0.05
-3.33680e-04,0.03,-0.01
-3.33600e-04,0.01,0.05
-3.33520e-04,0.05,-0.01
-3.33440e-04,0.01,0.05
-3.33360e-04,0.03,-0.01
-3.33280e-04,0.03,0.05
-3.33200e-04,0.03,-0.03
-3.33120e-04,0.03,0.05
-3.33040e-04,0.03,-0.03
-3.32960e-04,0.03,0.05
-3.32880e-04,0.03,-0.03
-3.32800e-04,0.03,0.05
-3.32720e-04,0.01,-0.03
-3.32640e-04,0.03,0.05
-3.32560e-04,0.01,-0.03
-3.32480e-04,0.03,0.05
-3.32400e-04,0.03,-0.01
-3.32320e-04,0.03,0.05
-3.32240e-04,0.03,-0.01
-3.32160e-04,0.01,0.05
-3.32080e-04,0.05,-0.01
-3.32000e-04,0.01,0.03
-3.31920e-04,0.05,-0.01
-3.31840e-04,0.03,0.05
-3.31760e-04,0.03,-0.03
-3.31680e-04,0.03,0.05
-3.31600e-04,0.01,-0.03
-3.31520e-04,0.03,0.05
-3.31440e-04,0.03,-0.01
-3.31360e-04,0.03,0.05
-3.31280e-04,0.03,-0.01
-3.31200e-04,0.03,0.05
-3.31120e-04,0.03,-0.03
-3.31040e-04,0.01,0.05
-3.30960e-04,0.03,-0.01
-3.30880e-04,0.01,0.05
-3.30800e-04,0.03,-0.01
-3.30720e-04,0.01,0.05
-3.30640e-04,0.03,-0.01
-3.30560e-04,0.03,0.07
-3.30480e-04,0.03,-0.01
-3.30400e-04,0.03,0.05
-3.30320e-04,0.03,-0.01
-3.30240e-04,0.03,0.07
-3.30160e-04,0.03,-0.03
-3.30080e-04,0.03,0.05
-3.30000e-04,0.03,-0.03
-3.29920e-04,0.05,0.05
-3.29840e-04,0.01,-0.01
-3.29760e-04,0.03,0.05
-3.29680e-04,0.03,-0.03
-3.29600e-04,0.03,0.05
-3.29520e-04,0.03,-0.03
-3.29440e-04,0.03,0.05
-3.29360e-04,0.03,-0.03
-3.29280e-04,0.01,0.07
-3.29200e-04,-0.01,-0.03
-3.29120e-04,0.01,0.05
-3.29040e-04,0.03,-0.03
-3.28960e-04,0.03,0.05
-3.28880e-04,0.03,-0.03
-3.28800e-04,0.03,0.07
-3.28720e-04,0.03,-0.03
-3.28640e-04,0.03,0.07
-3.28560e-04,0.03,-0.03
-3.28480e-04,0.03,0.05
-3.28400e-04,0.03,-0.01
-3.28320e-04,0.03,0.05
-3.28240e-04,0.03,-0.03
-3.28160e-04,0.01,0.05
-3.28080e-04,0.03,-0.03
-3.28000e-04,0.01,0.05
-3.27920e-04,0.01,-0.03
-3.27840e-04,0.03,0.05
-3.27760e-04,0.03,-0.03
-3.27680e-04,0.05,0.05
-3.27600e-04,0.03,-0.03
-3.27520e-04,0.05,0.05
-3.27440e-04,0.03,-0.01
-3.27360e-04,0.03,0.05
-3.27280e-04,0.03,-0.01
-3.27200e-04,0.03,0.05
-3.27120e-04,0.03,-0.01
-3.27040e-04,0.03,0.05
-3.26960e-04,0.03,-0.01
-3.26880e-04,0.01,0.05
-3.26800e-04,0.05,-0.01
-3.26720e-04,0.01,0.05
-3.26640e-04,0.03,-0.03
-3.26560e-04,0.03,0.05
-3.26480e-04,0.03,-0.01
-3.26400e-04,0.03,0.05
-3.26320e-04,0.03,-0.03
-3.26240e-04,0.05,0.05
-3.26160e-04,0.03,-0.01
-3.26080e-04,0.03,0.05
-3.26000e-04,0.01,-0.03
-3.25920e-04,0.03,0.05
-3.25840e-04,0.05,-0.01
-3.25760e-04,0.03,0.05
-3.25680e-04,0.05,-0.03
-3.25600e-04,0.01,0.05
-3.25520e-04,0.03,-0.03
-3.25440e-04,0.01,0.05
-3.25360e-04,0.03,-0.03
-3.25280e-04,0.03,0.05
-3.25200e-04,0.01,-0.03
-3.25120e-04,0.03,0.05
-3.25040e-04,0.03,-0.01
-3.24960e-04,0.01,0.05
-3.24880e-04,0.01,-0.01
-3.24800e-04,0.03,0.05
-3.24720e-04,0.03,-0.03
-3.24640e-04,0.03,0.05
-3.24560e-04,0.01,-0.03
-3.24480e-04,0.03,0.05
-3.24400e-04,0.03,-0.01
-3.24320e-04,0.03,0.05
-3.24240e-04,-0.05,-0.03
-3.24160e-04,0.03,0.05
-3.24080e-04,0.05,-0.09
-3.24000e-04,0.03,0.07
-3.23920e-04,0.03,-0.03
-3.23840e-04,0.03,0.05
-3.23760e-04,0.01,-0.01
-3.23680e-04,0.03,0.05
-3.23600e-04,0.01,-0.01
-3.23520e-04,0.03,0.05
-3.23440e-04,0.03,-0.01
-3.23360e-04,0.03,0.05
-3.23280e-04,0.03,-0.01
-3.23200e-04,0.03,0.05
-3.23120e-04,0.03,-0.01
-3.23040e-04,0.01,0.05
-3.22960e-04,0.03,-0.03
-3.22880e-04,0.01,0.03
-3.22800e-04,0.03,-0.01
-3.22720e-04,0.01,0.05
-3.22640e-04,0.03,-0.01
-3.22560e-04,0.01,0.07
-3.22480e-04,0.03,-0.01
-3.22400e-04,0.01,0.05
-3.22320e-04,0.03,-0.03
-3.22240e-04,0.03,0.03
-3.22160e-04,0.03,-0.03
-3.22080e-04,0.03,0.05
-3.22000e-04,0.03,-0.03
-3.21920e-04,0.03,0.05
-3.21840e-04,0.03,-0.03
-3.21760e-04,-0.01,0.07
-3.21680e-04,0.01,-0.03
-3.21600e-04,0.01,0.05
-3.21520e-04,0.05,-0.01
-3.21440e-04,0.03,0.05
-3.21360e-04,0.03,-0.03
-3.21280e-04,0.05,0.05
-3.21200e-04,0.01,-0.03
-3.21120e-04,0.03,0.05
-3.21040e-04,0.03,-0.03
-3.20960e-04,0.05,0.05
-3.20880e-04,0.01,-0.03
-3.20800e-04,0.03,0.05
-3.20720e-04,0.01,-0.03
-3.20640e-04,0.03,0.05
-3.20560e-04,0.03,-0.01
-3.20480e-04,0.03,0.05
-3.20400e-04,0.03,-0.03
-3.20320e-04,0.01,0.05
-3.20240e-04,0.03,-0.03
-3.20160e-04,0.03,0.05
-3.20080e-04,0.03,-0.03
-3.20000e-04,0.05,0.05
-3.19920e-04,0.01,-0.03
-3.19840e-04,0.03,0.05
-3.19760e-04,0.03,-0.03
-3.19680e-04,0.05,0.05
-3.19600e-04,-0.01,-0.03
-3.19520e-04,0.03,0.05
-3.19440e-04,0.01,-0.05
-3.19360e-04,0.03,0.05
-3.19280e-04,0.01,-0.03
-3.19200e-04,0.03,0.05
-3.19120e-04,0.05,-0.03
-3.19040e-04,0.01,0.05
-3.18960e-04,0.03,-0.03
-3.18880e-04,0.03,0.05
-3.18800e-04,0.03,-0.01
-3.18720e-04,0.03,0.05
-3.18640e-04,0.03,-0.01
-3.18560e-04,0.03,0.05
-3.18480e-04,0.03,-0.03
-3.18400e-04,0.03,0.05
-3.18320e-04,0.01,-0.01
-3.18240e-04,0.03,0.07
-3.18160e-04,0.03,-0.01
-3.18080e-04,0.03,0.05
-3.18000e-04,0.03,-0.01
-3.17920e-04,0.03,0.05
-3.17840e-04,0.03,-0.01
-3.17760e-04,0.01,0.05
-3.17680e-04,0.05,-0.01
-3.17600e-04,0.03,0.05
-3.17520e-04,0.09,-0.01
-3.17440e-04,-0.01,0.05
-3.17360e-04,0.05,-0.05
-3.17280e-04,0.03,0.13
-3.17200e-04,0.03,-0.05
-3.17120e-04,0.03,0.07
-3.17040e-04,0.05,-0.01
-3.16960e-04,0.03,0.05
-3.16880e-04,0.01,-0.01
-3.16800e-04,0.05,0.05
-3.16720e-04,0.03,-0.01
-3.16640e-04,0.03,0.05
-3.16560e-04,0.03,-0.01
-3.16480e-04,0.03,0.05
-3.16400e-04,0.03,-0.01
-3.16320e-04,0.01,0.05
-3.16240e-04,0.03,-0.01
-3.16160e-04,0.01,0.05
-3.16080e-04,0.03,-0.01
-3.16000e-04,0.01,0.05
-3.15920e-04,0.03,-0.03
-3.15840e-04,0.01,0.05
-3.15760e-04,0.03,-0.03
-3.15680e-04,0.05,0.05
-3.15600e-04,0.01,-0.01
-3.15520e-04,0.03,0.05
-3.15440e-04,0.03,-0.01
-3.15360e-04,0.03,0.05
-3.15280e-04,0.03,-0.01
-3.15200e-04,0.03,0.05
-3.15120e-04,0.05,-0.03
-3.15040e-04,0.03,0.05
-3.14960e-04,0.03,-0.01
-3.14880e-04,0.03,0.05
-3.14800e-04,0.03,-0.01
-3.14720e-04,0.03,0.07
-3.14640e-04,0.05,-0.01
-3.14560e-04,0.03,0.05
-3.14480e-04,0.01,-0.03
-3.14400e-04,0.01,0.05
-3.14320e-04,0.03,-0.03
-3.14240e-04,0.05,0.05
-3.14160e-04,0.01,-0.03
-3.14080e-04,0.05,0.05
-3.14000e-04,0.03,-0.01
-3.13920e-04,0.03,0.05
-3.13840e-04,0.03,-0.03
-3.13760e-04,0.01,0.05
-3.13680e-04,0.01,-0.03
-3.13600e-04,0.03,0.05
-3.13520e-04,0.05,-0.03
-3.13440e-04,0.03,0.05
-3.13360e-04,0.05,-0.01
-3.13280e-04,0.03,0.05
-3.13200e-04,0.03,-0.01
-3.13120e-04,0.01,0.05
-3.13040e-04,0.03,-0.01
-3.12960e-04,0.05,0.05
-3.12880e-04,0.03,-0.01
-3.12800e-04,0.03,0.05
-3.12720e-04,0.03,-0.01
-3.12640e-04,0.03,0.05
-3.12560e-04,0.03,-0.01
-3.12480e-04,0.03,0.05
-3.12400e-04,0.03,-0.01
-3.12320e-04,0.03,0.05
-3.12240e-04,0.03,-0.01
-3.12160e-04,0.01,0.05
-3.12080e-04,0.03,-0.01
-3.12000e-04,0.01,0.05
-3.11920e-04,0.03,-0.03
-3.11840e-04,0.03,0.05
-3.11760e-04,0.03,-0.01
-3.11680e-04,0.03,0.07
-3.11600e-04,0.01,-0.01
-3.11520e-04,0.03,0.05
-3.11440e-04,0.01,-0.01
-3.11360e-04,0.05,0.05
-3.11280e-04,0.03,-0.03
-3.11200e-04,0.03,0.05
-3.11120e-04,0.03,-0.01
-3.11040e-04,0.03,0.05
-3.10960e-04,0.03,-0.01
-3.10880e-04,0.01,0.05
-3.10800e-04,0.01,-0.03
-3.10720e-04,0.01,0.05
-3.10640e-04,0.03,-0.03
-3.10560e-04,0.03,0.05
-3.10480e-04,0.01,-0.01
-3.10400e-04,0.05,0.07
-3.10320e-04,0.01,-0.03
-3.10240e-04,0.03,0.05
-3.10160e-04,0.01,-0.03
-3.10080e-04,0.05,0.05
-3.10000e-04,0.01,-0.03
-3.09920e-04,0.05,0.05
-3.09840e-04,0.03,-0.03
-3.09760e-04,0.03,0.05
-3.09680e-04,0.03,-0.03
-3.09600e-04,0.01,0.05
-3.09520e-04,0.03,-0.03
-3.09440e-04,0.01,0.05
-3.09360e-04,0.03,-0.03
-3.09280e-04,0.03,0.05
-3.09200e-04,0.03,-0.03
-3.09120e-04,0.03,0.05
-3.09040e-04,0.03,-0.01
-3.08960e-04,0.03,0.05
-3.08880e-04,0.01,-0.01
-3.08800e-04,0.03,0.07
-3.08720e-04,0.03,-0.01
-3.08640e-04,0.03,0.05
-3.08560e-04,0.03,-0.01
-3.08480e-04,0.05,0.05
-3.08400e-04,0.03,-0.03
-3.08320e-04,0.03,0.05
-3.08240e-04,0.03,-0.01
-3.08160e-04,0.01,0.05
-3.08080e-04,0.03,-0.01
-3.08000e-04,0.03,0.05
-3.07920e-04,0.03,-0.03
-3.07840e-04,0.03,0.05
-3.07760e-04,0.01,-0.01
-3.07680e-04,0.05,0.05
-3.07600e-04,0.01,-0.01
-3.07520e-04,0.03,0.05
-3.07440e-04,0.01,-0.01
-3.07360e-04,0.03,0.05
-3.07280e-04,0.03,-0.03
-3.07200e-04,0.05,0.05
-3.07120e-04,0.03,-0.03
-3.07040e-04,0.03,0.05
-3.06960e-04,0.03,-0.03
-3.06880e-04,0.01,0.05
-3.06800e-04,0.05,-0.03
-3.06720e-04,0.03,0.07
-3.06640e-04,0.05,-0.01
-3.06560e-04,0.03,0.07
-3.06480e-04,0.03,-0.01
-3.06400e-04,0.01,0.05
-3.06320e-04,0.03,-0.03
-3.06240e-04,0.03,0.05
-3.06160e-04,0.01,-0.01
-3.06080e-04,0.03,0.07
-3.06000e-04,0.01,-0.01
-3.05920e-04,0.03,0.05
-3.05840e-04,0.01,-0.01
-3.05760e-04,0.03,0.05
-3.05680e-04,0.05,-0.01
-3.05600e-04,0.03,0.05
-3.05520e-04,0.03,-0.03
-3.05440e-04,0.01,0.05
-3.05360e-04,0.05,-0.01
-3.05280e-04,0.05,0.07
-3.05200e-04,0.01,-0.01
-3.05120e-04,0.01,0.05
-3.05040e-04,0.01,-0.03
-3.04960e-04,0.03,0.05
-3.04880e-04,0.03,-0.01
-3.04800e-04,0.03,0.05
-3.04720e-04,0.01,-0.01
-3.04640e-04,0.03,0.05
-3.04560e-04,0.01,-0.03
-3.04480e-04,0.03,0.05
-3.04400e-04,0.03,-0.01
-3.04320e-04,0.03,0.05
-3.04240e-04,0.05,-0.01
-3.04160e-04,0.01,0.05
-3.04080e-04,0.03,-0.03
-3.04000e-04,0.03,0.05
-3.03920e-04,0.03,-0.01
-3.03840e-04,0.03,0.05
-3.03760e-04,0.03,-0.01
-3.03680e-04,0.05,0.05
-3.03600e-04,0.01,-0.03
-3.03520e-04,0.03,0.05
-3.03440e-04,0.01,-0.01
-3.03360e-04,0.03,0.05
-3.03280e-04,0.03,-0.01
-3.03200e-04,0.01,0.05
-3.03120e-04,0.05,-0.03
-3.03040e-04,0.03,0.05
-3.02960e-04,0.03,-0.01
-3.02880e-04,0.01,0.05
-3.02800e-04,0.03,-0.01
-3.02720e-04,0.03,0.07
-3.02640e-04,0.03,-0.01
-3.02560e-04,0.03,0.05
-3.02480e-04,0.03,-0.01
-3.02400e-04,0.03,0.03
-3.02320e-04,0.01,-0.01
-3.02240e-04,0.03,0.05
-3.02160e-04,0.01,-0.03
-3.02080e-04,0.03,0.05
-3.02000e-04,0.01,-0.03
-3.01920e-04,0.03,0.05
-3.01840e-04,0.03,-0.01
-3.01760e-04,0.03,0.05
-3.01680e-04,0.03,-0.01
-3.01600e-04,0.03,0.05
-3.01520e-04,0.03,-0.01
-3.01440e-04,0.01,0.05
-3.01360e-04,0.03,-0.01
-3.01280e-04,0.01,0.05
-3.01200e-04,0.03,-0.01
-3.01120e-04,0.05,0.05
-3.01040e-04,0.01,-0.01
-3.00960e-04,0.05,0.05
-3.00880e-04,0.01,-0.03
-3.00800e-04,0.05,0.05
-3.00720e-04,0.01,-0.01
-3.00640e-04,0.05,0.05
-3.00560e-04,0.01,-0.03
-3.00480e-04,-0.01,0.05
-3.00400e-04,0.05,-0.03
-3.00320e-04,0.03,0.07
-3.00240e-04,0.03,-0.03
-3.00160e-04,0.01,0.07
-3.00080e-04,0.07,-0.01
-3.00000e-04,0.03,0.05
-2.99920e-04,0.03,-0.05
-2.99840e-04,0.03,0.07
-2.99760e-04,0.03,-0.03
-2.99680e-04,0.03,0.07
-2.99600e-04,0.01,-0.03
-2.99520e-04,0.03,0.05
-2.99440e-04,0.01,-0.01
-2.99360e-04,0.05,0.05
-2.99280e-04,0.01,-0.03
-2.99200e-04,0.03,0.05
-2.99120e-04,0.05,-0.01
-2.99040e-04,0.01,0.05
-2.98960e-04,0.03,-0.03
-2.98880e-04,0.03,0.05
-2.98800e-04,0.03,-0.01
-2.98720e-04,0.01,0.05
-2.98640e-04,0.03,-0.01
-2.98560e-04,0.03,0.05
-2.98480e-04,0.03,-0.03
-2.98400e-04,0.03,0.05
-2.98320e-04,0.03,-0.01
-2.98240e-04,0.03,0.05
-2.98160e-04,0.01,-0.05
-2.98080e-04,0.03,0.05
-2.98000e-04,0.03,-0.01
-2.97920e-04,0.03,0.05
-2.97840e-04,0.03,-0.01
-2.97760e-04,0.03,0.05
-2.97680e-04,0.01,-0.01
-2.97600e-04,0.03,0.05
-2.97520e-04,0.05,-0.03
-2.97440e-04,0.01,0.05
-2.97360e-04,0.03,-0.01
-2.97280e-04,0.03,0.05
-2.97200e-04,0.03,-0.01
-2.97120e-04,0.03,0.05
-2.97040e-04,0.03,-0.01
-2.96960e-04,0.03,0.05
-2.96880e-04,0.01,-0.01
-2.96800e-04,0.05,0.05
-2.96720e-04,0.01,-0.03
-2.96640e-04,0.03,0.05
-2.96560e-04,0.03,-0.01
-2.96480e-04,0.03,0.05
-2.96400e-04,0.03,-0.01
-2.96320e-04,0.03,0.05
-2.96240e-04,0.03,-0.01
-2.96160e-04,0.01,0.05
-2.96080e-04,0.03,-0.01
-2.96000e-04,0.01,0.05
-2.95920e-04,0.03,-0.01
-2.95840e-04,0.03,0.05
-2.95760e-04,0.03,-0.03
-2.95680e-04,0.05,0.05
-2.95600e-04,0.03,-0.03
-2.95520e-04,0.03,0.05
-2.95440e-04,0.01,-0.01
-2.95360e-04,0.03,0.05
-2.95280e-04,0.01,-0.03
-2.95200e-04,0.03,0.05
-2.95120e-04,0.03,-0.01
-2.95040e-04,0.03,0.05
-2.94960e-04,0.03,-0.01
-2.94880e-04,0.01,0.05
-2.94800e-04,0.03,-0.03
-2.94720e-04,0.01,0.05
-2.94640e-04,0.03,-0.03
-2.94560e-04,0.01,0.05
-2.94480e-04,0.01,-0.03
-2.94400e-04,0.03,0.05
-2.94320e-04,-0.01,-0.03
-2.94240e-04,0.05,0.05
-2.94160e-04,0.03,-0.01
-2.94080e-04,0.03,0.05
-2.94000e-04,0.03,-0.03
-2.93920e-04,0.01,0.05
-2.93840e-04,0.03,-0.03
-2.93760e-04,0.01,0.05
-2.93680e-04,0.03,-0.03
-2.93600e-04,0.01,0.05
-2.93520e-04,0.03,-0.03
-2.93440e-04,0.01,0.05
-2.93360e-04,0.03,-0.03
-2.93280e-04,0.03,0.05
-2.93200e-04,0.03,-0.03
-2.93120e-04,0.03,0.05
-2.93040e-04,0.03,-0.01
-2.92960e-04,0.03,0.05
-2.92880e-04,0.01,-0.03
-2.92800e-04,0.03,0.05
-2.92720e-04,0.01,-0.03
-2.92640e-04,0.03,0.05
-2.92560e-04,0.03,-0.03
-2.92480e-04,0.05,0.07
-2.92400e-04,0.05,-0.03
-2.92320e-04,0.01,0.05
-2.92240e-04,0.03,-0.03
-2.92160e-04,0.01,0.05
-2.92080e-04,0.03,-0.03
-2.92000e-04,0.03,0.05
-2.91920e-04,0.03,-0.03
-2.91840e-04,0.03,0.05
-2.91760e-04,0.03,-0.01
-2.91680e-04,0.03,0.05
-2.91600e-04,0.01,-0.03
-2.91520e-04,0.03,0.03
-2.91440e-04,0.01,-0.01
-2.91360e-04,0.03,0.05
-2.91280e-04,0.01,-0.03
-2.91200e-04,0.03,0.05
-2.91120e-04,0.03,-0.03
-2.91040e-04,0.03,0.05
-2.90960e-04,0.03,-0.03
-2.90880e-04,0.03,0.05
-2.90800e-04,0.05,-0.03
-2.90720e-04,0.01,0.05
-2.90640e-04,0.03,-0.03
-2.90560e-04,0.03,0.05
-2.90480e-04,0.03,-0.03
-2.90400e-04,0.01,0.05
-2.90320e-04,0.03,-0.03
-2.90240e-04,0.03,0.05
-2.90160e-04,0.01,-0.03
-2.90080e-04,0.03,0.05
-2.90000e-04,0.01,-0.01
-2.89920e-04,0.05,0.05
-2.89840e-04,0.03,-0.03
-2.89760e-04,0.03,0.05
-2.89680e-04,0.03,-0.01
-2.89600e-04,0.03,0.05
-2.89520e-04,0.05,-0.01
-2.89440e-04,0.03,0.05
-2.89360e-04,0.03,-0.01
-2.89280e-04,0.03,0.05
-2.89200e-04,0.03,-0.01
-2.89120e-04,0.01,0.05
-2.89040e-04,0.03,-0.01
-2.88960e-04,0.05,0.07
-2.88880e-04,0.01,-0.03
-2.88800e-04,0.03,0.05
-2.88720e-04,0.01,-0.01
-2.88640e-04,0.01,0.05
-2.88560e-04,0.03,-0.03
-2.88480e-04,0.01,0.05
-2.88400e-04,0.03,-0.01
-2.88320e-04,0.01,0.05
-2.88240e-04,0.05,-0.03
-2.88160e-04,0.01,0.05
-2.88080e-04,0.05,-0.03
-2.88000e-04,0.03,0.05
-2.87920e-04,0.03,-0.01
-2.87840e-04,0.03,0.05
-2.87760e-04,0.01,-0.01
-2.87680e-04,0.03,0.05
-2.87600e-04,0.03,-0.03
-2.87520e-04,0.03,0.05
-2.87440e-04,0.03,-0.01
-2.87360e-04,0.03,0.05
-2.87280e-04,0.03,-0.03
-2.87200e-04,0.03,0.05
-2.87120e-04,0.03,-0.03
-2.87040e-04,0.01,0.07
-2.86960e-04,0.03,-0.03
-2.86880e-04,0.03,0.05
-2.86800e-04,0.03,-0.01
-2.86720e-04,0.03,0.05
-2.86640e-04,0.03,-0.03
-2.86560e-04,0.03,0.05
-2.86480e-04,0.03,-0.01
-2.86400e-04,0.05,0.05
-2.86320e-04,0.01,-0.03
-2.86240e-04,0.03,0.05
-2.86160e-04,0.01,-0.01
-2.86080e-04,0.05,0.05
-2.86000e-04,0.03,-0.03
-2.85920e-04,0.03,0.05
-2.85840e-04,0.01,-0.01
-2.85760e-04,0.03,0.05
-2.85680e-04,0.03,-0.01
-2.85600e-04,-0.01,0.07
-2.85520e-04,0.01,-0.03
-2.85440e-04,0.03,0.05
-2.85360e-04,0.03,-0.03
-2.85280e-04,0.05,0.07
-2.85200e-04,0.03,-0.03
-2.85120e-04,0.03,0.05
-2.85040e-04,0.03,-0.03
-2.84960e-04,0.03,0.07
-2.84880e-04,0.03,-0.03
-2.84800e-04,0.03,0.07
-2.84720e-04,0.03,-0.03
-2.84640e-04,0.03,0.05
-2.84560e-04,0.03,-0.03
-2.84480e-04,0.01,0.05
-2.84400e-04,0.03,-0.03
-2.84320e-04,0.01,0.05
-2.84240e-04,0.03,-0.03
-2.84160e-04,0.01,0.07
-2.84080e-04,0.03,-0.03
-2.84000e-04,0.03,0.05
-2.83920e-04,0.03,-0.03
-2.83840e-04,0.03,0.05
-2.83760e-04,0.01,-0.03
-2.83680e-04,0.03,0.05
-2.83600e-04,0.01,-0.03
-2.83520e-04,0.03,0.05
-2.83440e-04,0.01,-0.03
-2.83360e-04,0.05,0.05
-2.83280e-04,0.01,-0.01
-2.83200e-04,0.03,0.05
-2.83120e-04,0.03,-0.01
-2.83040e-04,0.01,0.05
-2.82960e-04,0.03,-0.03
-2.82880e-04,0.01,0.05
-2.82800e-04,0.03,-0.01
-2.82720e-04,0.01,0.05
-2.82640e-04,0.03,-0.03
-2.82560e-04,0.03,0.05
-2.82480e-04,0.03,-0.03
-2.82400e-04,0.01,0.05
-2.82320e-04,0.03,-0.01
-2.82240e-04,0.03,0.05
-2.82160e-04,0.03,-0.01
-2.82080e-04,0.03,0.05
-2.82000e-04,0.01,-0.03
-2.81920e-04,0.03,0.03
-2.81840e-04,0.03,-0.01
-2.81760e-04,0.01,0.05
-2.81680e-04,0.03,-0.03
-2.81600e-04,0.01,0.05
-2.81520e-04,0.03,-0.01
-2.81440e-04,0.01,0.07
-2.81360e-04,0.03,-0.03
-2.81280e-04,-0.03,0.05
-2.81200e-04,0.05,-0.03
-2.81120e-04,0.03,0.07
-2.81040e-04,0.05,-0.05
-2.80960e-04,0.01,0.05
-2.80880e-04,0.01,-0.03
-2.80800e-04,0.03,0.05
-2.80720e-04,0.01,-0.01
-2.80640e-04,0.03,0.05
-2.80560e-04,0.03,-0.03
-2.80480e-04,0.01,0.05
-2.80400e-04,0.03,-0.01
-2.80320e-04,0.03,0.07
-2.80240e-04,0.03,-0.03
-2.80160e-04,0.03,0.05
-2.80080e-04,0.03,-0.03
-2.80000e-04,0.03,0.05
-2.79920e-04,0.03,-0.01
-2.79840e-04,0.03,0.05
-2.79760e-04,0.03,-0.01
-2.79680e-04,0.03,0.05
-2.79600e-04,-0.01,-0.01
-2.79520e-04,0.03,0.05
-2.79440e-04,0.03,-0.03
-2.79360e-04,0.03,0.05
-2.79280e-04,0.03,-0.01
-2.79200e-04,0.05,0.05
-2.79120e-04,0.03,-0.01
-2.79040e-04,0.01,0.05
-2.78960e-04,0.03,-0.03
-2.78880e-04,0.03,0.05
-2.78800e-04,0.03,-0.03
-2.78720e-04,0.03,0.05
-2.78640e-04,0.03,-0.03
-2.78560e-04,0.01,0.05
-2.78480e-04,0.03,-0.01
-2.78400e-04,0.03,0.05
-2.78320e-04,0.03,-0.01
-2.78240e-04,0.05,0.05
-2.78160e-04,0.01,-0.03
-2.78080e-04,0.01,0.05
-2.78000e-04,0.01,-0.05
-2.77920e-04,0.03,0.05
-2.77840e-04,0.03,-0.03
-2.77760e-04,0.03,0.07
-2.77680e-04,0.03,-0.03
-2.77600e-04,0.01,0.05
-2.77520e-04,0.03,-0.01
-2.77440e-04,0.01,0.05
-2.77360e-04,0.03,-0.03
-2.77280e-04,0.03,0.05
-2.77200e-04,0.03,-0.01
-2.77120e-04,0.03,0.05
-2.77040e-04,0.01,-0.01
-2.76960e-04,0.03,0.07
-2.76880e-04,0.01,-0.01
-2.76800e-04,0.05,0.05
-2.76720e-04,0.01,-0.01
-2.76640e-04,0.03,0.05
-2.76560e-04,0.03,-0.03
-2.76480e-04,0.03,0.05
-2.76400e-04,0.01,-0.01
-2.76320e-04,0.01,0.05
-2.76240e-04,0.03,-0.03
-2.76160e-04,0.01,0.05
-2.76080e-04,0.03,-0.03
-2.76000e-04,0.01,0.05
-2.75920e-04,0.05,-0.03
-2.75840e-04,0.03,0.05
-2.75760e-04,0.03,-0.03
-2.75680e-04,0.03,0.05
-2.75600e-04,0.01,-0.01
-2.75520e-04,0.03,0.05
-2.75440e-04,0.03,-0.03
-2.75360e-04,0.03,0.05
-2.75280e-04,0.03,-0.03
-2.75200e-04,0.03,0.05
-2.75120e-04,0.03,-0.01
-2.75040e-04,0.03,0.05
-2.74960e-04,0.03,-0.03
-2.74880e-04,0.03,0.05
-2.74800e-04,0.03,-0.01
-2.74720e-04,0.03,0.07
-2.74640e-04,0.03,-0.03
-2.74560e-04,0.03,0.05
-2.74480e-04,0.01,-0.03
-2.74400e-04,0.03,0.05
-2.74320e-04,0.01,-0.01
-2.74240e-04,0.03,0.05
-2.74160e-04,0.01,-0.01
-2.74080e-04,-0.01,0.05
-2.74000e-04,0.03,-0.07
-2.73920e-04,0.01,0.07
-2.73840e-04,0.03,-0.05
-2.73760e-04,0.01,0.05
-2.73680e-04,0.03,-0.03
-2.73600e-04,0.03,0.05
-2.73520e-04,0.03,-0.01
-2.73440e-04,0.03,0.05
-2.73360e-04,0.03,-0.03
-2.73280e-04,0.03,0.05
-2.73200e-04,0.01,-0.01
-2.73120e-04,0.05,0.05
-2.73040e-04,0.01,-0.03
-2.72960e-04,0.05,0.05
-2.72880e-04,0.01,-0.03
-2.72800e-04,0.05,0.05
-2.72720e-04,0.01,-0.03
-2.72640e-04,0.03,0.05
-2.72560e-04,0.03,-0.01
-2.72480e-04,0.01,0.05
-2.72400e-04,0.03,-0.03
-2.72320e-04,0.01,0.05
-2.72240e-04,0.03,-0.01
-2.72160e-04,0.01,0.05
-2.72080e-04,0.03,-0.01
-2.72000e-04,0.03,0.05
-2.71920e-04,0.03,-0.01
-2.71840e-04,0.03,0.05
-2.71760e-04,0.03,-0.03
-2.71680e-04,0.03,0.03
-2.71600e-04,0.03,-0.01
-2.71520e-04,0.03,0.05
-2.71440e-04,0.03,-0.03
-2.71360e-04,0.01,0.03
-2.71280e-04,0.03,-0.03
-2.71200e-04,0.01,0.05
-2.71120e-04,0.03,-0.03
-2.71040e-04,0.03,0.05
-2.70960e-04,0.03,-0.05
-2.70880e-04,0.03,0.05
-2.70800e-04,0.03,-0.03
-2.70720e-04,0.03,0.07
-2.70640e-04,0.03,-0.03
-2.70560e-04,0.03,0.05
-2.70480e-04,0.05,-0.03
-2.70400e-04,0.03,0.05
-2.70320e-04,0.03,-0.03
-2.70240e-04,0.03,0.05
-2.70160e-04,0.03,-0.03
-2.70080e-04,0.03,0.05
-2.70000e-04,0.01,-0.01
-2.69920e-04,0.03,0.05
-2.69840e-04,0.03,-0.01
-2.69760e-04,0.01,0.05
-2.69680e-04,0.03,-0.01
-2.69600e-04,0.01,0.05
-2.69520e-04,0.03,-0.01
-2.69440e-04,0.01,0.05
-2.69360e-04,0.03,-0.01
-2.69280e-04,0.01,0.05
-2.69200e-04,0.03,-0.01
-2.69120e-04,0.03,0.05
-2.69040e-04,0.01,-0.01
-2.68960e-04,0.05,0.05
-2.68880e-04,0.03,-0.01
-2.68800e-04,0.03,0.05
-2.68720e-04,0.03,-0.01
-2.68640e-04,0.03,0.05
-2.68560e-04,0.05,-0.01
-2.68480e-04,0.01,0.05
-2.68400e-04,0.03,-0.01
-2.68320e-04,0.03,0.05
-2.68240e-04,0.03,-0.01
-2.68160e-04,0.01,0.05
-2.68080e-04,0.03,-0.03
-2.68000e-04,0.01,0.05
-2.67920e-04,0.03,-0.01
-2.67840e-04,0.03,0.05
-2.67760e-04,0.03,-0.01
-2.67680e-04,0.05,0.05
-2.67600e-04,0.03,-0.01
-2.67520e-04,0.03,0.05
-2.67440e-04,0.07,-0.01
-2.67360e-04,0.03,0.05
-2.67280e-04,0.03,-0.05
-2.67200e-04,0.03,0.11
-2.67120e-04,0.03,-0.03
-2.67040e-04,0.01,0.07
-2.66960e-04,0.03,-0.01
-2.66880e-04,-0.01,0.05
-2.66800e-04,0.03,-0.03
-2.66720e-04,0.01,0.05
-2.66640e-04,0.03,-0.01
-2.66560e-04,0.03,0.05
-2.66480e-04,0.03,-0.03
-2.66400e-04,0.05,0.05
-2.66320e-04,0.03,-0.03
-2.66240e-04,0.03,0.05
-2.66160e-04,0.03,-0.01
-2.66080e-04,0.03,0.05
-2.66000e-04,0.03,-0.01
-2.65920e-04,0.03,0.05
-2.65840e-04,0.03,-0.01
-2.65760e-04,0.01,0.05
-2.65680e-04,0.03,-0.01
-2.65600e-04,0.01,0.05
-2.65520e-04,0.05,-0.01
-2.65440e-04,0.01,0.05
-2.65360e-04,0.05,-0.01
-2.65280e-04,0.03,0.05
-2.65200e-04,0.03,-0.01
-2.65120e-04,0.03,0.05
-2.65040e-04,0.01,-0.01
-2.64960e-04,0.03,0.05
-2.64880e-04,0.01,-0.03
-2.64800e-04,0.03,0.05
-2.64720e-04,0.03,-0.01
-2.64640e-04,0.05,0.05
-2.64560e-04,0.03,-0.01
-2.64480e-04,0.03,0.05
-2.64400e-04,0.05,-0.01
-2.64320e-04,0.01,0.05
-2.64240e-04,0.05,-0.01
-2.64160e-04,0.01,0.05
-2.64080e-04,0.03,-0.03
-2.64000e-04,0.03,0.05
-2.63920e-04,0.01,-0.01
-2.63840e-04,0.03,0.05
-2.63760e-04,0.01,-0.01
-2.63680e-04,0.03,0.05
-2.63600e-04,0.03,-0.03
-2.63520e-04,0.05,0.05
-2.63440e-04,0.03,-0.03
-2.63360e-04,0.03,0.07
-2.63280e-04,0.03,-0.01
-2.63200e-04,0.03,0.07
-2.63120e-04,0.05,-0.03
-2.63040e-04,0.01,0.05
-2.62960e-04,0.03,-0.01
-2.62880e-04,0.01,0.05
-2.62800e-04,0.05,-0.01
-2.62720e-04,0.03,0.05
-2.62640e-04,0.03,-0.01
-2.62560e-04,0.01,0.05
-2.62480e-04,0.01,-0.01
-2.62400e-04,0.03,0.05
-2.62320e-04,0.01,-0.01
-2.62240e-04,0.05,0.05
-2.62160e-04,0.01,-0.01
-2.62080e-04,0.01,0.05
-2.62000e-04,0.03,-0.03
-2.61920e-04,0.05,0.05
-2.61840e-04,0.01,-0.05
-2.61760e-04,0.01,0.07
-2.61680e-04,0.03,-0.03
-2.61600e-04,0.01,0.05
-2.61520e-04,0.03,-0.01
-2.61440e-04,0.03,0.05
-2.61360e-04,0.03,-0.03
-2.61280e-04,0.03,0.05
-2.61200e-04,0.01,-0.01
-2.61120e-04,0.03,0.05
-2.61040e-04,-0.01,-0.03
-2.60960e-04,0.03,0.05
-2.60880e-04,-0.01,-0.03
-2.60800e-04,0.03,0.05
-2.60720e-04,0.03,-0.03
-2.60640e-04,0.03,0.05
-2.60560e-04,0.01,-0.03
-2.60480e-04,0.03,0.05
-2.60400e-04,0.05,-0.01
-2.60320e-04,-0.01,0.05
-2.60240e-04,0.05,-0.03
-2.60160e-04,0.01,0.05
-2.60080e-04,0.03,-0.03
-2.60000e-04,0.03,0.05
-2.59920e-04,0.03,-0.01
-2.59840e-04,0.03,0.05
-2.59760e-04,0.01,-0.01
-2.59680e-04,0.03,0.05
-2.59600e-04,0.01,-0.03
-2.59520e-04,0.03,0.05
-2.59440e-04,0.01,-0.01
-2.59360e-04,0.03,0.05
-2.59280e-04,0.01,-0.01
-2.59200e-04,0.03,0.05
-2.59120e-04,0.03,-0.03
-2.59040e-04,0.01,0.05
-2.58960e-04,0.03,-0.03
-2.58880e-04,0.01,0.05
-2.58800e-04,0.03,-0.01
-2.58720e-04,0.03,0.05
-2.58640e-04,0.03,-0.01
-2.58560e-04,0.01,0.05
-2.58480e-04,0.03,-0.03
-2.58400e-04,0.03,0.05
-2.58320e-04,0.03,-0.01
-2.58240e-04,0.05,0.05
-2.58160e-04,0.01,-0.01
-2.58080e-04,0.05,0.05
-2.58000e-04,0.01,-0.03
-2.57920e-04,0.03,0.05
-2.57840e-04,0.05,-0.01
-2.57760e-04,0.03,0.05
-2.57680e-04,0.05,-0.01
-2.57600e-04,0.03,0.05
-2.57520e-04,0.03,-0.01
-2.57440e-04,0.03,0.05
-2.57360e-04,0.03,-0.03
-2.57280e-04,0.03,0.05
-2.57200e-04,0.03,-0.03
-2.57120e-04,0.01,0.05
-2.57040e-04,0.03,-0.03
-2.56960e-04,0.05,0.05
-2.56880e-04,0.03,-0.03
-2.56800e-04,0.03,0.05
-2.56720e-04,0.01,-0.03
-2.56640e-04,0.03,0.05
-2.56560e-04,0.01,-0.03
-2.56480e-04,0.03,0.05
-2.56400e-04,0.05,-0.03
-2.56320e-04,0.03,0.07
-2.56240e-04,0.03,-0.03
-2.56160e-04,0.01,0.07
-2.56080e-04,0.03,-0.03
-2.56000e-04,0.01,0.05
-2.55920e-04,0.03,-0.03
-2.55840e-04,0.03,0.05
-2.55760e-04,0.03,-0.01
-2.55680e-04,0.05,0.05
-2.55600e-04,0.01,-0.03
-2.55520e-04,0.03,0.05
-2.55440e-04,0.01,-0.01
-2.55360e-04,0.03,0.05
-2.55280e-04,0.01,-0.03
-2.55200e-04,0.01,0.05
-2.55120e-04,0.03,-0.03
-2.55040e-04,0.01,0.05
-2.54960e-04,0.03,-0.03
-2.54880e-04,0.01,0.05
-2.54800e-04,0.03,-0.03
-2.54720e-04,0.03,0.05
-2.54640e-04,0.03,-0.03
-2.54560e-04,0.03,0.05
-2.54480e-04,0.03,-0.01
-2.54400e-04,0.05,0.05
-2.54320e-04,0.01,-0.03
-2.54240e-04,0.03,0.05
-2.54160e-04,0.03,-0.01
-2.54080e-04,0.05,0.05
-2.54000e-04,0.03,-0.01
-2.53920e-04,0.03,0.05
-2.53840e-04,0.03,-0.03
-2.53760e-04,0.01,0.05
-2.53680e-04,0.03,-0.03
-2.53600e-04,0.03,0.05
-2.53520e-04,0.03,-0.03
-2.53440e-04,0.01,0.05
-2.53360e-04,0.03,-0.03
-2.53280e-04,0.03,0.05
-2.53200e-04,0.03,-0.01
-2.53120e-04,0.03,0.05
-2.53040e-04,0.03,-0.01
-2.52960e-04,0.05,0.05
-2.52880e-04,0.03,-0.01
-2.52800e-04,0.03,0.05
-2.52720e-04,0.03,-0.01
-2.52640e-04,0.03,0.05
-2.52560e-04,0.03,-0.03
-2.52480e-04,0.01,0.05
-2.52400e-04,0.05,-0.01
-2.52320e-04,0.01,0.05
-2.52240e-04,0.03,-0.03
-2.52160e-04,0.01,0.05
-2.52080e-04,0.03,-0.03
-2.52000e-04,0.03,0.05
-2.51920e-04,0.03,-0.03
-2.51840e-04,0.03,0.05
-2.51760e-04,0.03,-0.01
-2.51680e-04,0.03,0.05
-2.51600e-04,0.01,-0.01
-2.51520e-04,0.05,0.05
-2.51440e-04,0.03,-0.01
-2.51360e-04,0.03,0.05
-2.51280e-04,0.03,-0.03
-2.51200e-04,0.03,0.05
-2.51120e-04,0.03,-0.01
-2.51040e-04,0.03,0.05
-2.50960e-04,0.03,-0.01
-2.50880e-04,0.01,0.05
-2.50800e-04,0.03,-0.01
-2.50720e-04,0.01,0.05
-2.50640e-04,0.03,-0.03
-2.50560e-04,0.01,0.05
-2.50480e-04,0.03,-0.01
-2.50400e-04,0.03,0.05
-2.50320e-04,0.03,-0.03
-2.50240e-04,0.03,0.05
-2.50160e-04,0.01,-0.01
-2.50080e-04,0.03,0.05
-2.50000e-04,0.01,-0.03
-2.49920e-04,0.03,0.05
-2.49840e-04,0.03,-0.03
-2.49760e-04,0.03,0.05
-2.49680e-04,0.03,-0.01
-2.49600e-04,0.01,0.05
-2.49520e-04,0.03,-0.03
-2.49440e-04,-0.01,0.05
-2.49360e-04,0.03,-0.03
-2.49280e-04,0.01,0.05
-2.49200e-04,0.03,-0.03
-2.49120e-04,0.01,0.05
-2.49040e-04,0.03,-0.03
-2.48960e-04,0.05,0.05
-2.48880e-04,0.03,-0.03
-2.48800e-04,0.05,0.07
-2.48720e-04,0.01,-0.01
-2.48640e-04,0.05,0.05
-2.48560e-04,0.03,-0.01
-2.48480e-04,0.03,0.05
-2.48400e-04,0.03,-0.01
-2.48320e-04,0.03,0.07
-2.48240e-04,0.05,-0.03
-2.48160e-04,0.01,0.07
-2.48080e-04,0.05,-0.01
-2.48000e-04,0.01,0.07
-2.47920e-04,0.03,-0.01
-2.47840e-04,0.03,0.05
-2.47760e-04,0.01,-0.01
-2.47680e-04,0.03,0.07
-2.47600e-04,0.03,-0.03
-2.47520e-04,0.03,0.05
-2.47440e-04,0.03,-0.01
-2.47360e-04,0.03,0.05
-2.47280e-04,0.03,-0.01
-2.47200e-04,0.03,0.05
-2.47120e-04,0.03,-0.03
-2.47040e-04,0.03,0.05
-2.46960e-04,0.03,-0.01
-2.46880e-04,0.01,0.05
-2.46800e-04,0.03,-0.01
-2.46720e-04,0.01,0.05
-2.46640e-04,0.03,-0.01
-2.46560e-04,0.03,0.05
-2.46480e-04,0.01,-0.01
-2.46400e-04,0.01,0.05
-2.46320e-04,0.01,-0.03
-2.46240e-04,0.03,0.05
-2.46160e-04,0.03,-0.03
-2.46080e-04,0.01,0.05
-2.46000e-04,0.03,-0.03
-2.45920e-04,0.03,0.05
-2.45840e-04,0.01,-0.03
-2.45760e-04,0.03,0.05
-2.45680e-04,0.05,-0.03
-2.45600e-04,0.03,0.05
-2.45520e-04,0.03,-0.03
-2.45440e-04,0.01,0.05
-2.45360e-04,0.03,-0.03
-2.45280e-04,0.03,0.05
-2.45200e-04,0.03,-0.03
-2.45120e-04,0.03,0.05
-2.45040e-04,0.01,-0.03
-2.44960e-04,0.03,0.05
-2.44880e-04,0.01,-0.03
-2.44800e-04,0.03,0.05
-2.44720e-04,0.01,-0.01
-2.44640e-04,0.01,0.05
-2.44560e-04,0.03,-0.03
-2.44480e-04,0.03,0.05
-2.44400e-04,0.03,-0.01
-2.44320e-04,0.01,0.05
-2.44240e-04,0.03,-0.03
-2.44160e-04,0.01,0.05
-2.44080e-04,0.05,-0.01
-2.44000e-04,0.03,0.07
-2.43920e-04,0.03,-0.01
-2.43840e-04,0.03,0.05
-2.43760e-04,0.01,-0.03
-2.43680e-04,0.03,0.05
-2.43600e-04,0.01,-0.03
-2.43520e-04,0.03,0.03
-2.43440e-04,0.03,-0.03
-2.43360e-04,0.01,0.05
-2.43280e-04,0.01,-0.03
-2.43200e-04,0.01,0.05
-2.43120e-04,0.03,-0.03
-2.43040e-04,0.03,0.05
-2.42960e-04,0.03,-0.03
-2.42880e-04,0.03,0.05
-2.42800e-04,0.07,-0.03
-2.42720e-04,0.01,0.05
-2.42640e-04,0.03,-0.05
-2.42560e-04,0.03,0.07
-2.42480e-04,0.03,-0.03
-2.42400e-04,0.03,0.05
-2.42320e-04,0.03,-0.01
-2.42240e-04,0.03,0.05
-2.42160e-04,0.01,-0.01
-2.42080e-04,0.03,0.05
-2.42000e-04,0.01,-0.01
-2.41920e-04,0.01,0.05
-2.41840e-04,0.01,-0.03
-2.41760e-04,0.01,0.07
-2.41680e-04,0.05,-0.03
-2.41600e-04,0.03,0.07
-2.41520e-04,0.05,-0.03
-2.41440e-04,0.05,0.05
-2.41360e-04,0.05,-0.03
-2.41280e-04,0.01,0.05
-2.41200e-04,0.01,-0.03
-2.41120e-04,0.03,0.07
-2.41040e-04,0.03,-0.03
-2.40960e-04,0.03,0.05
-2.40880e-04,0.01,-0.03
-2.40800e-04,0.03,0.05
-2.40720e-04,0.03,-0.01
-2.40640e-04,0.03,0.05
-2.40560e-04,0.03,-0.01
-2.40480e-04,0.03,0.05
-2.40400e-04,0.03,-0.01
-2.40320e-04,0.01,0.05
-2.40240e-04,0.03,-0.03
-2.40160e-04,0.03,0.05
-2.40080e-04,0.05,-0.03
-2.40000e-04,0.03,0.05
-2.39920e-04,0.03,-0.03
-2.39840e-04,0.03,0.05
-2.39760e-04,0.01,-0.03
-2.39680e-04,0.05,0.05
-2.39600e-04,0.03,-0.01
-2.39520e-04,0.05,0.05
-2.39440e-04,0.01,-0.01
-2.39360e-04,0.03,0.05
-2.39280e-04,0.01,-0.01
-2.39200e-04,0.03,0.05
-2.39120e-04,0.03,-0.01
-2.39040e-04,0.03,0.05
-2.38960e-04,0.03,-0.01
-2.38880e-04,0.03,0.05
-2.38800e-04,0.03,-0.01
-2.38720e-04,0.01,0.05
-2.38640e-04,0.03,-0.01
-2.38560e-04,0.03,0.05
-2.38480e-04,0.03,-0.01
-2.38400e-04,0.03,0.05
-2.38320e-04,0.01,-0.03
-2.38240e-04,0.05,0.05
-2.38160e-04,0.01,-0.03
-2.38080e-04,0.05,0.05
-2.38000e-04,0.03,-0.01
-2.37920e-04,0.03,0.05
-2.37840e-04,0.05,-0.01
-2.37760e-04,0.03,0.05
-2.37680e-04,0.03,-0.03
-2.37600e-04,0.03,0.05
-2.37520e-04,0.03,-0.01
-2.37440e-04,0.03,0.05
-2.37360e-04,0.03,-0.03
-2.37280e-04,0.03,0.05
-2.37200e-04,0.03,-0.01
-2.37120e-04,0.05,0.05
-2.37040e-04,0.03,-0.01
-2.36960e-04,0.03,0.05
-2.36880e-04,0.03,-0.01
-2.36800e-04,0.05,0.05
-2.36720e-04,0.03,-0.01
-2.36640e-04,0.05,0.05
-2.36560e-04,0.03,-0.01
-2.36480e-04,0.03,0.05
-2.36400e-04,0.03,-0.03
-2.36320e-04,0.03,0.05
-2.36240e-04,0.03,-0.01
-2.36160e-04,0.01,0.05
-2.36080e-04,0.03,-0.01
-2.36000e-04,0.01,0.05
-2.35920e-04,0.03,-0.01
-2.35840e-04,0.03,0.05
-2.35760e-04,0.01,-0.03
-2.35680e-04,0.03,0.05
-2.35600e-04,0.01,-0.01
-2.35520e-04,0.05,0.05
-2.35440e-04,0.01,-0.01
-2.35360e-04,0.03,0.05
-2.35280e-04,0.01,-0.01
-2.35200e-04,0.03,0.05
-2.35120e-04,0.03,-0.01
-2.35040e-04,0.03,0.05
-2.34960e-04,0.03,-0.03
-2.34880e-04,0.01,0.05
-2.34800e-04,0.03,-0.03
-2.34720e-04,0.03,0.05
-2.34640e-04,0.05,-0.03
-2.34560e-04,0.01,0.05
-2.34480e-04,0.01,-0.03
-2.34400e-04,0.03,0.05
-2.34320e-04,0.03,-0.03
-2.34240e-04,0.05,0.07
-2.34160e-04,0.01,-0.03
-2.34080e-04,0.05,0.05
-2.34000e-04,0.03,-0.01
-2.33920e-04,0.03,0.05
-2.33840e-04,0.03,-0.01
-2.33760e-04,0.03,0.05
-2.33680e-04,0.03,-0.01
-2.33600e-04,0.01,0.05
-2.33520e-04,0.03,-0.03
-2.33440e-04,0.01,0.05
-2.33360e-04,0.03,-0.01
-2.33280e-04,0.01,0.05
-2.33200e-04,0.03,-0.01
-2.33120e-04,0.03,0.05
-2.33040e-04,0.01,-0.01
-2.32960e-04,0.03,0.05
-2.32880e-04,0.01,-0.01
-2.32800e-04,0.05,0.05
-2.32720e-04,0.01,-0.01
-2.32640e-04,0.03,0.05
-2.32560e-04,0.03,-0.01
-2.32480e-04,0.03,0.05
-2.32400e-04,0.03,-0.01
-2.32320e-04,0.01,0.05
-2.32240e-04,0.03,-0.01
-2.32160e-04,0.03,0.05
-2.32080e-04,0.03,-0.01
-2.32000e-04,0.01,0.05
-2.31920e-04,0.03,-0.01
-2.31840e-04,0.01,0.05
-2.31760e-04,0.03,-0.01
-2.31680e-04,0.03,0.05
-2.31600e-04,0.03,-0.03
-2.31520e-04,0.03,0.05
-2.31440e-04,0.03,-0.01
-2.31360e-04,0.03,0.05
-2.31280e-04,0.03,-0.01
-2.31200e-04,0.03,0.05
-2.31120e-04,0.05,-0.03
-2.31040e-04,0.03,0.05
-2.30960e-04,0.03,-0.01
-2.30880e-04,0.01,0.05
-2.30800e-04,0.03,-0.03
-2.30720e-04,0.01,0.05
-2.30640e-04,0.03,-0.01
-2.30560e-04,0.03,0.05
-2.30480e-04,0.03,-0.03
-2.30400e-04,0.03,0.05
-2.30320e-04,0.01,-0.01
-2.30240e-04,0.05,0.05
-2.30160e-04,0.01,-0.03
-2.30080e-04,0.03,0.05
-2.30000e-04,0.03,-0.01
-2.29920e-04,0.01,0.05
-2.29840e-04,0.03,-0.03
-2.29760e-04,0.03,0.05
-2.29680e-04,0.03,-0.01
-2.29600e-04,0.03,0.05
-2.29520e-04,0.05,-0.01
-2.29440e-04,0.01,0.05
-2.29360e-04,0.03,-0.01
-2.29280e-04,0.03,0.05
-2.29200e-04,0.03,-0.01
-2.29120e-04,0.03,0.07
-2.29040e-04,0.01,-0.01
-2.28960e-04,0.03,0.05
-2.28880e-04,0.01,-0.03
-2.28800e-04,0.03,0.05
-2.28720e-04,0.03,-0.03
-2.28640e-04,0.03,0.05
-2.28560e-04,0.03,-0.01
-2.28480e-04,0.01,0.05
-2.28400e-04,0.03,-0.03
-2.28320e-04,0.01,0.05
-2.28240e-04,0.03,-0.01
-2.28160e-04,0.01,0.05
-2.28080e-04,0.05,-0.01
-2.28000e-04,0.03,0.05
-2.27920e-04,0.03,-0.01
-2.27840e-04,0.03,0.05
-2.27760e-04,0.03,-0.03
-2.27680e-04,0.03,0.05
-2.27600e-04,0.01,-0.01
-2.27520e-04,0.03,0.05
-2.27440e-04,0.03,-0.01
-2.27360e-04,0.03,0.05
-2.27280e-04,0.01,-0.03
-2.27200e-04,-0.01,0.05
-2.27120e-04,0.03,-0.03
-2.27040e-04,0.03,0.07
-2.26960e-04,0.03,-0.03
-2.26880e-04,0.03,0.05
-2.26800e-04,0.03,-0.01
-2.26720e-04,0.03,0.05
-2.26640e-04,0.03,-0.01
-2.26560e-04,0.03,0.05
-2.26480e-04,0.03,-0.03
-2.26400e-04,0.03,0.05
-2.26320e-04,0.01,-0.01
-2.26240e-04,0.03,0.05
-2.26160e-04,0.01,-0.01
-2.26080e-04,0.03,0.05
-2.26000e-04,0.01,-0.03
-2.25920e-04,0.03,0.05
-2.25840e-04,0.03,-0.03
-2.25760e-04,0.01,0.05
-2.25680e-04,0.03,-0.01
-2.25600e-04,0.01,0.05
-2.25520e-04,0.05,-0.01
-2.25440e-04,0.03,0.05
-2.25360e-04,0.03,-0.01
-2.25280e-04,0.03,0.05
-2.25200e-04,0.03,-0.03
-2.25120e-04,0.03,0.05
-2.25040e-04,0.01,-0.03
-2.24960e-04,0.03,0.05
-2.24880e-04,0.03,-0.01
-2.24800e-04,0.03,0.07
-2.24720e-04,0.01,-0.01
-2.24640e-04,0.03,0.05
-2.24560e-04,0.01,-0.01
-2.24480e-04,0.03,0.05
-2.24400e-04,0.03,-0.01
-2.24320e-04,0.01,0.05
-2.24240e-04,0.03,-0.01
-2.24160e-04,0.01,0.05
-2.24080e-04,0.05,-0.01
-2.24000e-04,0.01,0.05
-2.23920e-04,0.03,-0.07
-2.23840e-04,0.03,0.05
-2.23760e-04,0.01,-0.03
-2.23680e-04,0.03,0.05
-2.23600e-04,0.03,-0.01
-2.23520e-04,0.05,0.05
-2.23440e-04,0.01,-0.03
-2.23360e-04,0.03,0.07
-2.23280e-04,0.01,-0.03
-2.23200e-04,0.03,0.07
-2.23120e-04,0.03,-0.01
-2.23040e-04,0.01,0.05
-2.22960e-04,0.03,-0.03
-2.22880e-04,0.01,0.05
-2.22800e-04,0.03,-0.01
-2.22720e-04,0.03,0.05
-2.22640e-04,0.03,-0.03
-2.22560e-04,0.03,0.05
-2.22480e-04,0.03,-0.01
-2.22400e-04,0.03,0.05
-2.22320e-04,0.03,-0.01
-2.22240e-04,0.03,0.05
-2.22160e-04,0.05,-0.03
-2.22080e-04,0.03,0.05
-2.22000e-04,0.03,-0.03
-2.21920e-04,0.01,0.05
-2.21840e-04,0.03,-0.01
-2.21760e-04,0.01,0.05
-2.21680e-04,0.03,-0.03
-2.21600e-04,0.01,0.05
-2.21520e-04,0.03,-0.01
-2.21440e-04,0.03,0.03
-2.21360e-04,0.03,-0.03
-2.21280e-04,0.01,0.05
-2.21200e-04,0.01,-0.01
-2.21120e-04,0.03,0.05
-2.21040e-04,0.03,-0.01
-2.20960e-04,0.03,0.05
-2.20880e-04,0.03,-0.01
-2.20800e-04,0.03,0.05
-2.20720e-04,0.03,-0.01
-2.20640e-04,0.03,0.05
-2.20560e-04,0.01,-0.01
-2.20480e-04,0.01,0.03
-2.20400e-04,0.03,-0.01
-2.20320e-04,0.03,0.05
-2.20240e-04,0.03,-0.01
-2.20160e-04,0.01,0.05
-2.20080e-04,0.05,-0.01
-2.20000e-04,0.05,0.05
-2.19920e-04,0.03,-0.03
-2.19840e-04,0.03,0.05
-2.19760e-04,0.03,-0.03
-2.19680e-04,0.03,0.07
-2.19600e-04,0.03,-0.01
-2.19520e-04,0.03,0.05
-2.19440e-04,0.01,-0.01
-2.19360e-04,0.03,0.03
-2.19280e-04,0.03,-0.01
-2.19200e-04,0.03,0.05
-2.19120e-04,0.03,-0.01
-2.19040e-04,0.01,0.05
-2.18960e-04,0.03,-0.03
-2.18880e-04,0.01,0.05
-2.18800e-04,0.03,-0.01
-2.18720e-04,0.03,0.05
-2.18640e-04,0.03,-0.01
-2.18560e-04,0.01,0.05
-2.18480e-04,0.01,-0.01
-2.18400e-04,0.03,0.05
-2.18320e-04,0.03,-0.03
-2.18240e-04,0.01,0.03
-2.18160e-04,0.01,-0.01
-2.18080e-04,0.03,0.05
-2.18000e-04,0.03,-0.01
-2.17920e-04,0.03,0.03
-2.17840e-04,0.03,-0.03
-2.17760e-04,0.03,0.05
-2.17680e-04,0.03,-0.03
-2.17600e-04,0.03,0.05
-2.17520e-04,0.01,-0.03
-2.17440e-04,0.03,0.03
-2.17360e-04,0.05,-0.03
-2.17280e-04,0.05,0.05
-2.17200e-04,0.01,-0.05
-2.17120e-04,0.03,0.11
-2.17040e-04,0.03,-0.01
-2.16960e-04,0.03,0.07
-2.16880e-04,0.01,-0.03
-2.16800e-04,0.05,0.05
-2.16720e-04,0.03,-0.01
-2.16640e-04,0.03,0.05
-2.16560e-04,0.03,-0.01
-2.16480e-04,0.03,0.05
-2.16400e-04,0.05,-0.01
-2.16320e-04,0.03,0.05
-2.16240e-04,0.03,-0.03
-2.16160e-04,-0.01,0.05
-2.16080e-04,0.03,-0.03
-2.16000e-04,0.03,0.05
-2.15920e-04,0.03,-0.03
-2.15840e-04,0.01,0.05
-2.15760e-04,0.03,-0.03
-2.15680e-04,0.01,0.05
-2.15600e-04,-0.01,-0.03
-2.15520e-04,0.03,0.05
-2.15440e-04,0.03,-0.03
-2.15360e-04,0.03,0.05
-2.15280e-04,0.03,-0.03
-2.15200e-04,0.01,0.05
-2.15120e-04,0.03,-0.03
-2.15040e-04,0.03,0.05
-2.14960e-04,0.03,-0.03
-2.14880e-04,0.03,0.05
-2.14800e-04,0.05,-0.03
-2.14720e-04,0.03,0.05
-2.14640e-04,0.03,-0.03
-2.14560e-04,0.03,0.05
-2.14480e-04,0.01,-0.01
-2.14400e-04,0.03,0.05
-2.14320e-04,0.01,-0.01
-2.14240e-04,0.03,0.05
-2.14160e-04,0.01,-0.03
-2.14080e-04,0.03,0.05
-2.14000e-04,0.03,-0.01
-2.13920e-04,0.03,0.07
-2.13840e-04,0.03,-0.01
-2.13760e-04,0.01,0.05
-2.13680e-04,0.03,-0.01
-2.13600e-04,0.01,0.05
-2.13520e-04,0.05,-0.01
-2.13440e-04,0.03,0.05
-2.13360e-04,0.03,-0.03
-2.13280e-04,0.03,0.05
-2.13200e-04,0.03,-0.01
-2.13120e-04,0.03,0.05
-2.13040e-04,0.01,-0.01
-2.12960e-04,0.03,0.05
-2.12880e-04,0.05,-0.01
-2.12800e-04,0.05,0.05
-2.12720e-04,0.03,-0.03
-2.12640e-04,0.01,0.05
-2.12560e-04,0.03,-0.03
-2.12480e-04,0.01,0.05
-2.12400e-04,0.03,-0.03
-2.12320e-04,0.03,0.05
-2.12240e-04,0.01,-0.01
-2.12160e-04,0.03,0.05
-2.12080e-04,0.03,-0.03
-2.12000e-04,0.03,0.05
-2.11920e-04,0.03,-0.01
-2.11840e-04,0.05,0.07
-2.11760e-04,0.01,-0.03
-2.11680e-04,0.03,0.05
-2.11600e-04,0.01,-0.03
-2.11520e-04,0.03,0.05
-2.11440e-04,0.01,-0.01
-2.11360e-04,0.03,0.05
-2.11280e-04,0.03,-0.03
-2.11200e-04,0.01,0.05
-2.11120e-04,0.03,-0.01
-2.11040e-04,0.03,0.05
-2.10960e-04,0.03,-0.03
-2.10880e-04,0.03,0.05
-2.10800e-04,0.03,-0.03
-2.10720e-04,0.03,0.05
-2.10640e-04,0.03,-0.03
-2.10560e-04,0.03,0.05
-2.10480e-04,0.03,-0.03
-2.10400e-04,0.05,0.05
-2.10320e-04,0.01,-0.03
-2.10240e-04,0.03,0.05
-2.10160e-04,0.03,-0.03
-2.10080e-04,0.03,0.05
-2.10000e-04,0.01,-0.01
-2.09920e-04,0.03,0.05
-2.09840e-04,0.03,-0.01
-2.09760e-04,0.03,0.05
-2.09680e-04,0.03,-0.03
-2.09600e-04,0.01,0.05
-2.09520e-04,0.03,-0.03
-2.09440e-04,0.01,0.05
-2.09360e-04,0.03,-0.01
-2.09280e-04,0.01,0.05
-2.09200e-04,0.01,-0.03
-2.09120e-04,0.05,0.05
-2.09040e-04,0.03,-0.03
-2.08960e-04,0.05,0.07
-2.08880e-04,0.01,-0.01
-2.08800e-04,0.03,0.05
-2.08720e-04,0.01,-0.03
-2.08640e-04,0.03,0.05
-2.08560e-04,0.01,-0.03
-2.08480e-04,0.03,0.05
-2.08400e-04,0.01,-0.01
-2.08320e-04,0.01,0.05
-2.08240e-04,0.03,-0.03
-2.08160e-04,0.01,0.05
-2.08080e-04,0.03,-0.01
-2.08000e-04,0.03,0.05
-2.07920e-04,0.03,-0.03
-2.07840e-04,0.03,0.05
-2.07760e-04,0.03,-0.03
-2.07680e-04,0.03,0.03
-2.07600e-04,0.03,-0.01
-2.07520e-04,0.05,0.05
-2.07440e-04,0.03,-0.03
-2.07360e-04,0.03,0.05
-2.07280e-04,0.03,-0.01
-2.07200e-04,0.01,0.05
-2.07120e-04,0.03,-0.03
-2.07040e-04,0.01,0.05
-2.06960e-04,0.03,-0.01
-2.06880e-04,0.01,0.05
-2.06800e-04,0.05,-0.03
-2.06720e-04,0.03,0.05
-2.06640e-04,0.03,-0.01
-2.06560e-04,0.03,0.05
-2.06480e-04,0.01,-0.03
-2.06400e-04,0.05,0.05
-2.06320e-04,0.01,-0.01
-2.06240e-04,0.03,0.05
-2.06160e-04,0.01,-0.01
-2.06080e-04,0.03,0.05
-2.06000e-04,0.03,-0.03
-2.05920e-04,0.03,0.05
-2.05840e-04,0.01,-0.03
-2.05760e-04,0.01,0.05
-2.05680e-04,0.03,-0.01
-2.05600e-04,-0.01,0.05
-2.05520e-04,0.01,-0.03
-2.05440e-04,0.03,0.07
-2.05360e-04,0.03,-0.03
-2.05280e-04,0.03,0.07
-2.05200e-04,0.03,-0.03
-2.05120e-04,0.03,0.05
-2.05040e-04,0.03,-0.03
-2.04960e-04,0.03,0.07
-2.04880e-04,0.01,-0.01
-2.04800e-04,0.03,0.05
-2.04720e-04,0.03,-0.01
-2.04640e-04,0.01,0.05
-2.04560e-04,0.03,-0.03
-2.04480e-04,0.03,0.05
-2.04400e-04,0.01,-0.03
-2.04320e-04,0.03,0.05
-2.04240e-04,0.03,-0.03
-2.04160e-04,0.01,0.07
-2.04080e-04,0.03,-0.03
-2.04000e-04,0.03,0.07
-2.03920e-04,0.01,-0.03
-2.03840e-04,0.03,0.05
-2.03760e-04,0.03,-0.03
-2.03680e-04,0.03,0.05
-2.03600e-04,0.03,-0.01
-2.03520e-04,0.03,0.05
-2.03440e-04,0.03,-0.03
-2.03360e-04,0.03,0.05
-2.03280e-04,0.03,-0.03
-2.03200e-04,0.03,0.05
-2.03120e-04,0.03,-0.01
-2.03040e-04,0.03,0.05
-2.02960e-04,0.03,-0.01
-2.02880e-04,0.01,0.05
-2.02800e-04,0.03,-0.01
-2.02720e-04,0.03,0.05
-2.02640e-04,0.03,-0.01
-2.02560e-04,0.03,0.05
-2.02480e-04,0.03,-0.01
-2.02400e-04,0.03,0.03
-2.02320e-04,0.03,-0.01
-2.02240e-04,0.03,0.05
-2.02160e-04,0.01,-0.03
-2.02080e-04,0.05,0.05
-2.02000e-04,0.03,-0.01
-2.01920e-04,0.03,0.05
-2.01840e-04,0.05,-0.01
-2.01760e-04,0.01,0.05
-2.01680e-04,0.05,-0.05
-2.01600e-04,-0.01,0.05
-2.01520e-04,0.03,-0.03
-2.01440e-04,0.01,0.05
-2.01360e-04,0.03,-0.03
-2.01280e-04,0.03,0.05
-2.01200e-04,0.01,-0.03
-2.01120e-04,0.03,0.05
-2.01040e-04,0.03,-0.03
-2.00960e-04,0.01,0.05
-2.00880e-04,0.03,-0.01
-2.00800e-04,0.03,0.05
-2.00720e-04,0.03,-0.03
-2.00640e-04,0.05,0.05
-2.00560e-04,0.03,-0.01
-2.00480e-04,0.03,0.05
-2.00400e-04,0.03,-0.01
-2.00320e-04,0.01,0.05
-2.00240e-04,0.03,-0.01
-2.00160e-04,0.01,0.05
-2.00080e-04,0.03,-0.03
-2.00000e-04,0.03,0.07
-1.99920e-04,0.03,-0.03
-1.99840e-04,0.03,0.05
-1.99760e-04,0.03,-0.01
-1.99680e-04,0.03,0.05
-1.99600e-04,0.03,-0.01
-1.99520e-04,0.05,0.05
-1.99440e-04,0.03,-0.03
-1.99360e-04,0.03,0.05
-1.99280e-04,0.03,-0.01
-1.99200e-04,0.03,0.05
-1.99120e-04,0.05,-0.01
-1.99040e-04,0.01,0.05
-1.98960e-04,0.03,-0.01
-1.98880e-04,0.01,0.05
-1.98800e-04,0.03,-0.03
-1.98720e-04,0.03,0.05
-1.98640e-04,0.03,-0.03
-1.98560e-04,0.03,0.05
-1.98480e-04,0.03,-0.01
-1.98400e-04,-0.01,0.07
-1.98320e-04,0.01,-0.03
-1.98240e-04,0.05,0.05
-1.98160e-04,0.01,-0.05
-1.98080e-04,0.05,0.07
-1.98000e-04,0.03,-0.03
-1.97920e-04,0.03,0.05
-1.97840e-04,0.03,-0.03
-1.97760e-04,0.01,0.07
-1.97680e-04,0.03,-0.03
-1.97600e-04,0.01,0.05
-1.97520e-04,0.03,-0.01
-1.97440e-04,0.03,0.05
-1.97360e-04,0.03,-0.03
-1.97280e-04,0.03,0.05
-1.97200e-04,0.03,-0.01
-1.97120e-04,0.03,0.05
-1.97040e-04,0.01,-0.01
-1.96960e-04,0.05,0.05
-1.96880e-04,-0.01,-0.01
-1.96800e-04,0.05,0.05
-1.96720e-04,0.03,-0.03
-1.96640e-04,0.03,0.05
-1.96560e-04,0.01,-0.03
-1.96480e-04,0.01,0.05
-1.96400e-04,0.03,-0.01
-1.96320e-04,0.01,0.05
-1.96240e-04,0.05,-0.03
-1.96160e-04,0.01,0.05
-1.96080e-04,0.03,-0.03
-1.96000e-04,0.03,0.05
-1.95920e-04,0.03,-0.03
-1.95840e-04,0.03,0.05
-1.95760e-04,0.01,-0.03
-1.95680e-04,0.03,0.03
-1.95600e-04,0.01,-0.03
-1.95520e-04,0.03,0.05
-1.95440e-04,0.03,-0.03
-1.95360e-04,0.03,0.05
-1.95280e-04,0.03,-0.01
-1.95200e-04,0.03,0.05
-1.95120e-04,0.01,-0.03
-1.95040e-04,0.01,0.05
-1.94960e-04,0.03,-0.03
-1.94880e-04,0.01,0.05
-1.94800e-04,0.03,-0.01
-1.94720e-04,0.01,0.05
-1.94640e-04,0.03,-0.01
-1.94560e-04,0.03,0.05
-1.94480e-04,0.03,-0.03
-1.94400e-04,0.05,0.03
-1.94320e-04,0.01,-0.01
-1.94240e-04,0.05,0.05
-1.94160e-04,0.01,-0.03
-1.94080e-04,0.03,0.05
-1.94000e-04,0.03,-0.01
-1.93920e-04,0.01,0.05
-1.93840e-04,0.01,-0.03
-1.93760e-04,0.03,0.05
-1.93680e-04,0.03,-0.03
-1.93600e-04,0.01,0.05
-1.93520e-04,0.03,-0.03
-1.93440e-04,0.01,0.05
-1.93360e-04,0.03,-0.03
-1.93280e-04,0.03,0.05
-1.93200e-04,0.03,-0.01
-1.93120e-04,0.05,0.05
-1.93040e-04,0.01,-0.01
-1.92960e-04,0.05,0.05
-1.92880e-04,-0.01,-0.01
-1.92800e-04,0.03,0.07
-1.92720e-04,0.03,-0.03
-1.92640e-04,0.03,0.07
-1.92560e-04,0.01,-0.03
-1.92480e-04,0.01,0.05
-1.92400e-04,0.03,-0.03
-1.92320e-04,0.03,0.07
-1.92240e-04,0.05,-0.03
-1.92160e-04,-0.01,0.05
-1.92080e-04,0.03,-0.01
-1.92000e-04,0.03,0.05
-1.91920e-04,0.03,-0.01
-1.91840e-04,0.03,0.05
-1.91760e-04,0.03,-0.01
-1.91680e-04,0.03,0.05
-1.91600e-04,0.01,-0.03
-1.91520e-04,0.05,0.05
-1.91440e-04,0.01,-0.01
-1.91360e-04,0.03,0.05
-1.91280e-04,0.03,-0.01
-1.91200e-04,0.03,0.05
-1.91120e-04,0.03,-0.03
-1.91040e-04,0.01,0.05
-1.90960e-04,0.03,-0.01
-1.90880e-04,0.01,0.05
-1.90800e-04,0.03,-0.03
-1.90720e-04,0.03,0.07
-1.90640e-04,0.03,-0.03
-1.90560e-04,0.01,0.05
-1.90480e-04,0.03,-0.01
-1.90400e-04,0.03,0.05
-1.90320e-04,0.03,-0.01
-1.90240e-04,0.03,0.05
-1.90160e-04,0.01,-0.03
-1.90080e-04,0.03,0.05
-1.90000e-04,0.01,-0.01
-1.89920e-04,0.03,0.05
-1.89840e-04,0.03,-0.01
-1.89760e-04,0.01,0.05
-1.89680e-04,0.03,-0.03
-1.89600e-04,0.03,0.05
-1.89520e-04,0.05,-0.03
-1.89440e-04,0.01,0.05
-1.89360e-04,0.03,-0.03
-1.89280e-04,0.03,0.05
-1.89200e-04,0.03,-0.01
-1.89120e-04,0.05,0.05
-1.89040e-04,0.01,-0.01
-1.88960e-04,0.05,0.05
-1.88880e-04,0.03,-0.01
-1.88800e-04,0.03,0.05
-1.88720e-04,0.03,-0.01
-1.88640e-04,0.03,0.05
-1.88560e-04,0.03,-0.01
-1.88480e-04,0.03,0.05
-1.88400e-04,0.03,-0.01
-1.88320e-04,0.01,0.05
-1.88240e-04,0.03,-0.03
-1.88160e-04,0.01,0.05
-1.88080e-04,0.03,-0.01
-1.88000e-04,0.03,0.05
-1.87920e-04,0.03,-0.03
-1.87840e-04,0.05,0.05
-1.87760e-04,0.01,-0.03
-1.87680e-04,0.05,0.05
-1.87600e-04,0.03,-0.01
-1.87520e-04,0.03,0.05
-1.87440e-04,0.03,-0.01
-1.87360e-04,0.05,0.05
-1.87280e-04,0.01,-0.01
-1.87200e-04,0.01,0.05
-1.87120e-04,0.03,-0.01
-1.87040e-04,0.01,0.05
-1.86960e-04,0.03,-0.01
-1.86880e-04,0.01,0.05
-1.86800e-04,0.03,-0.01
-1.86720e-04,0.01,0.05
-1.86640e-04,0.03,-0.03
-1.86560e-04,0.01,0.05
-1.86480e-04,0.01,-0.01
-1.86400e-04,0.05,0.05
-1.86320e-04,0.03,-0.01
-1.86240e-04,0.03,0.05
-1.86160e-04,0.01,-0.03
-1.86080e-04,0.05,0.05
-1.86000e-04,0.03,-0.03
-1.85920e-04,0.03,0.05
-1.85840e-04,0.03,-0.03
-1.85760e-04,0.03,0.05
-1.85680e-04,0.05,-0.03
-1.85600e-04,0.01,0.05
-1.85520e-04,0.05,-0.01
-1.85440e-04,0.01,0.05
-1.85360e-04,0.03,-0.03
-1.85280e-04,0.01,0.05
-1.85200e-04,0.01,-0.01
-1.85120e-04,0.01,0.05
-1.85040e-04,-0.01,-0.03
-1.84960e-04,0.03,0.05
-1.84880e-04,0.03,-0.03
-1.84800e-04,0.03,0.07
-1.84720e-04,0.01,-0.03
-1.84640e-04,0.05,0.05
-1.84560e-04,0.01,-0.03
-1.84480e-04,0.03,0.07
-1.84400e-04,0.05,-0.03
-1.84320e-04,0.01,0.05
-1.84240e-04,0.05,-0.03
-1.84160e-04,0.01,0.05
-1.84080e-04,0.03,-0.01
-1.84000e-04,0.03,0.05
-1.83920e-04,0.03,-0.01
-1.83840e-04,0.03,0.05
-1.83760e-04,0.01,-0.03
-1.83680e-04,0.01,0.05
-1.83600e-04,0.01,-0.01
-1.83520e-04,0.05,0.07
-1.83440e-04,0.03,-0.03
-1.83360e-04,0.03,0.07
-1.83280e-04,0.03,-0.03
-1.83200e-04,0.03,0.07
-1.83120e-04,0.05,-0.01
-1.83040e-04,0.03,0.05
-1.82960e-04,0.05,-0.03
-1.82880e-04,0.01,0.05
-1.82800e-04,0.05,-0.01
-1.82720e-04,0.03,0.05
-1.82640e-04,0.03,-0.01
-1.82560e-04,0.03,0.05
-1.82480e-04,0.03,-0.01
-1.82400e-04,0.03,0.05
-1.82320e-04,0.03,-0.01
-1.82240e-04,0.03,0.05
-1.82160e-04,0.03,-0.01
-1.82080e-04,0.03,0.05
-1.82000e-04,0.03,-0.01
-1.81920e-04,0.03,0.05
-1.81840e-04,0.03,-0.01
-1.81760e-04,0.01,0.05
-1.81680e-04,0.05,-0.01
-1.81600e-04,0.01,0.05
-1.81520e-04,0.03,-0.01
-1.81440e-04,0.03,0.05
-1.81360e-04,0.03,-0.01
-1.81280e-04,0.05,0.05
-1.81200e-04,0.03,-0.03
-1.81120e-04,0.03,0.05
-1.81040e-04,0.03,-0.01
-1.80960e-04,0.03,0.05
-1.80880e-04,0.01,-0.01
-1.80800e-04,0.03,0.05
-1.80720e-04,0.01,-0.03
-1.80640e-04,0.05,0.05
-1.80560e-04,0.03,-0.01
-1.80480e-04,0.03,0.05
-1.80400e-04,0.03,-0.01
-1.80320e-04,0.01,0.05
-1.80240e-04,0.05,-0.01
-1.80160e-04,0.03,0.05
-1.80080e-04,0.05,-0.03
-1.80000e-04,0.03,0.05
-1.79920e-04,0.03,-0.01
-1.79840e-04,0.03,0.05
-1.79760e-04,0.03,-0.01
-1.79680e-04,0.03,0.05
-1.79600e-04,0.03,-0.01
-1.79520e-04,0.03,0.05
-1.79440e-04,0.01,-0.03
-1.79360e-04,0.03,0.05
-1.79280e-04,0.03,-0.01
-1.79200e-04,0.03,0.05
-1.79120e-04,0.03,-0.03
-1.79040e-04,0.03,0.05
-1.78960e-04,0.03,-0.01
-1.78880e-04,0.03,0.05
-1.78800e-04,0.05,-0.01
-1.78720e-04,0.01,0.05
-1.78640e-04,0.03,-0.01
-1.78560e-04,0.03,0.05
-1.78480e-04,0.03,-0.01
-1.78400e-04,0.01,0.05
-1.78320e-04,0.01,-0.03
-1.78240e-04,0.03,0.05
-1.78160e-04,0.01,-0.01
-1.78080e-04,0.03,0.07
-1.78000e-04,0.01,-0.01
-1.77920e-04,0.03,0.05
-1.77840e-04,0.03,-0.01
-1.77760e-04,0.01,0.05
-1.77680e-04,0.03,-0.01
-1.77600e-04,0.01,0.05
-1.77520e-04,0.05,-0.03
-1.77440e-04,0.03,0.05
-1.77360e-04,0.03,-0.03
-1.77280e-04,0.03,0.05
-1.77200e-04,0.03,-0.01
-1.77120e-04,0.03,0.05
-1.77040e-04,0.01,-0.01
-1.76960e-04,0.03,0.05
-1.76880e-04,0.01,-0.03
-1.76800e-04,0.03,0.05
-1.76720e-04,0.03,-0.01
-1.76640e-04,0.03,0.05
-1.76560e-04,0.03,-0.03
-1.76480e-04,0.03,0.05
-1.76400e-04,0.03,-0.03
-1.76320e-04,-0.01,0.05
-1.76240e-04,0.01,-0.03
-1.76160e-04,0.01,0.05
-1.76080e-04,0.05,-0.03
-1.76000e-04,0.03,0.07
-1.75920e-04,0.03,-0.03
-1.75840e-04,0.03,0.05
-1.75760e-04,0.01,-0.01
-1.75680e-04,0.03,0.05
-1.75600e-04,0.01,-0.03
-1.75520e-04,0.03,0.03
-1.75440e-04,0.03,-0.03
-1.75360e-04,0.05,0.05
-1.75280e-04,0.03,-0.03
-1.75200e-04,0.03,0.05
-1.75120e-04,0.03,-0.03
-1.75040e-04,0.03,0.05
-1.74960e-04,0.01,-0.03
-1.74880e-04,0.03,0.05
-1.74800e-04,0.03,-0.01
-1.74720e-04,0.01,0.05
-1.74640e-04,0.01,-0.01
-1.74560e-04,0.03,0.05
-1.74480e-04,0.03,-0.01
-1.74400e-04,0.05,0.05
-1.74320e-04,0.01,-0.01
-1.74240e-04,0.05,0.05
-1.74160e-04,0.03,-0.01
-1.74080e-04,0.01,0.05
-1.74000e-04,0.05,-0.05
-1.73920e-04,0.01,0.05
-1.73840e-04,0.01,-0.07
-1.73760e-04,0.01,0.05
-1.73680e-04,0.03,-0.03
-1.73600e-04,0.01,0.05
-1.73520e-04,0.05,-0.03
-1.73440e-04,0.03,0.05
-1.73360e-04,0.03,-0.01
-1.73280e-04,0.01,0.05
-1.73200e-04,0.01,-0.03
-1.73120e-04,0.03,0.05
-1.73040e-04,0.03,-0.03
-1.72960e-04,0.05,0.05
-1.72880e-04,0.03,-0.03
-1.72800e-04,0.03,0.05
-1.72720e-04,0.03,-0.03
-1.72640e-04,-0.01,0.05
-1.72560e-04,0.01,-0.01
-1.72480e-04,0.01,0.05
-1.72400e-04,0.03,-0.01
-1.72320e-04,0.01,0.05
-1.72240e-04,0.03,-0.01
-1.72160e-04,0.01,0.05
-1.72080e-04,0.03,-0.01
-1.72000e-04,0.01,0.05
-1.71920e-04,0.03,-0.01
-1.71840e-04,0.03,0.05
-1.71760e-04,0.03,-0.03
-1.71680e-04,0.05,0.05
-1.71600e-04,0.01,-0.01
-1.71520e-04,0.03,0.05
-1.71440e-04,0.03,-0.03
-1.71360e-04,0.05,0.05
-1.71280e-04,0.03,-0.03
-1.71200e-04,0.03,0.05
-1.71120e-04,0.03,-0.03
-1.71040e-04,0.01,0.05
-1.70960e-04,0.03,-0.01
-1.70880e-04,0.03,0.05
-1.70800e-04,0.03,-0.01
-1.70720e-04,0.03,0.05
-1.70640e-04,0.03,-0.03
-1.70560e-04,0.03,0.05
-1.70480e-04,0.01,-0.01
-1.70400e-04,0.03,0.05
-1.70320e-04,0.01,-0.01
-1.70240e-04,0.03,0.05
-1.70160e-04,0.03,-0.03
-1.70080e-04,0.03,0.05
-1.70000e-04,0.03,-0.01
-1.69920e-04,0.03,0.05
-1.69840e-04,0.03,-0.03
-1.69760e-04,0.01,0.05
-1.69680e-04,0.03,-0.03
-1.69600e-04,0.03,0.05
-1.69520e-04,0.03,-0.03
-1.69440e-04,0.01,0.05
-1.69360e-04,0.03,-0.03
-1.69280e-04,0.05,0.05
-1.69200e-04,0.01,-0.03
-1.69120e-04,0.03,0.05
-1.69040e-04,-0.01,-0.03
-1.68960e-04,0.01,0.07
-1.68880e-04,0.03,-0.03
-1.68800e-04,0.03,0.05
-1.68720e-04,0.03,-0.01
-1.68640e-04,0.03,0.05
-1.68560e-04,0.03,-0.01
-1.68480e-04,0.03,0.05
-1.68400e-04,0.03,-0.03
-1.68320e-04,0.03,0.05
-1.68240e-04,0.03,-0.03
-1.68160e-04,0.03,0.07
-1.68080e-04,0.03,-0.01
-1.68000e-04,0.03,0.05
-1.67920e-04,0.03,-0.01
-1.67840e-04,0.03,0.05
-1.67760e-04,0.01,-0.01
-1.67680e-04,0.03,0.05
-1.67600e-04,0.03,-0.01
-1.67520e-04,0.03,0.05
-1.67440e-04,0.01,-0.01
-1.67360e-04,0.01,0.05
-1.67280e-04,0.05,-0.01
-1.67200e-04,0.05,0.05
-1.67120e-04,0.05,-0.05
-1.67040e-04,0.01,0.11
-1.66960e-04,0.05,-0.01
-1.66880e-04,0.01,0.05
-1.66800e-04,0.03,-0.03
-1.66720e-04,0.03,0.05
-1.66640e-04,0.01,-0.01
-1.66560e-04,0.05,0.05
-1.66480e-04,0.01,-0.01
-1.66400e-04,0.03,0.05
-1.66320e-04,0.01,-0.03
-1.66240e-04,0.03,0.05
-1.66160e-04,0.03,-0.01
-1.66080e-04,0.03,0.05
-1.66000e-04,0.03,-0.01
-1.65920e-04,0.03,0.05
-1.65840e-04,0.03,-0.01
-1.65760e-04,0.03,0.05
-1.65680e-04,0.03,-0.01
-1.65600e-04,0.03,0.05
-1.65520e-04,0.03,-0.03
-1.65440e-04,0.01,0.05
-1.65360e-04,0.03,-0.01
-1.65280e-04,0.01,0.05
-1.65200e-04,0.03,-0.01
-1.65120e-04,0.03,0.05
-1.65040e-04,0.03,-0.03
-1.64960e-04,0.03,0.05
-1.64880e-04,0.03,-0.01
-1.64800e-04,0.03,0.05
-1.64720e-04,0.03,-0.01
-1.64640e-04,0.03,0.05
-1.64560e-04,0.03,-0.03
-1.64480e-04,0.03,0.05
-1.64400e-04,0.03,-0.03
-1.64320e-04,0.01,0.05
-1.64240e-04,0.05,-0.03
-1.64160e-04,0.05,0.05
-1.64080e-04,0.03,-0.01
-1.64000e-04,0.01,0.05
-1.63920e-04,0.01,-0.05
-1.63840e-04,0.03,0.05
-1.63760e-04,0.01,-0.01
-1.63680e-04,0.03,0.07
-1.63600e-04,0.01,-0.03
-1.63520e-04,0.03,0.05
-1.63440e-04,0.03,-0.01
-1.63360e-04,0.03,0.05
-1.63280e-04,0.03,-0.03
-1.63200e-04,0.03,0.05
-1.63120e-04,0.03,-0.03
-1.63040e-04,0.01,0.05
-1.62960e-04,0.03,-0.01
-1.62880e-04,0.01,0.05
-1.62800e-04,0.03,-0.03
-1.62720e-04,-0.01,0.05
-1.62640e-04,0.03,-0.01
-1.62560e-04,0.05,0.05
-1.62480e-04,0.01,-0.03
-1.62400e-04,0.03,0.05
-1.62320e-04,0.01,-0.03
-1.62240e-04,0.03,0.05
-1.62160e-04,0.03,-0.03
-1.62080e-04,0.03,0.05
-1.62000e-04,0.03,-0.01
-1.61920e-04,0.05,0.05
-1.61840e-04,0.03,-0.03
-1.61760e-04,-0.01,0.05
-1.61680e-04,0.03,-0.03
-1.61600e-04,0.01,0.07
-1.61520e-04,0.03,-0.03
-1.61440e-04,0.01,0.07
-1.61360e-04,0.01,-0.03
-1.61280e-04,0.03,0.05
-1.61200e-04,0.01,-0.01
-1.61120e-04,0.03,0.05
-1.61040e-04,0.01,-0.03
-1.60960e-04,0.03,0.05
-1.60880e-04,0.01,-0.01
-1.60800e-04,0.03,0.05
-1.60720e-04,0.01,-0.03
-1.60640e-04,0.03,0.05
-1.60560e-04,0.03,-0.01
-1.60480e-04,0.01,0.05
-1.60400e-04,0.03,-0.03
-1.60320e-04,0.01,0.05
-1.60240e-04,0.05,-0.03
-1.60160e-04,0.03,0.05
-1.60080e-04,0.05,-0.03
-1.60000e-04,0.03,0.05
-1.59920e-04,0.03,-0.01
-1.59840e-04,0.03,0.05
-1.59760e-04,0.03,-0.03
-1.59680e-04,0.03,0.05
-1.59600e-04,0.03,-0.03
-1.59520e-04,0.05,0.05
-1.59440e-04,0.01,-0.01
-1.59360e-04,0.03,0.05
-1.59280e-04,0.03,-0.01
-1.59200e-04,0.01,0.05
-1.59120e-04,0.03,-0.01
-1.59040e-04,0.01,0.07
-1.58960e-04,0.03,-0.03
-1.58880e-04,0.03,0.05
-1.58800e-04,0.03,-0.01
-1.58720e-04,0.03,0.05
-1.58640e-04,0.03,-0.03
-1.58560e-04,0.03,0.05
-1.58480e-04,0.01,-0.01
-1.58400e-04,0.03,0.07
-1.58320e-04,0.03,-0.01
-1.58240e-04,0.03,0.05
-1.58160e-04,0.03,-0.03
-1.58080e-04,0.03,0.05
-1.58000e-04,0.01,-0.03
-1.57920e-04,0.03,0.05
-1.57840e-04,0.03,-0.03
-1.57760e-04,0.01,0.05
-1.57680e-04,0.03,-0.01
-1.57600e-04,0.01,0.05
-1.57520e-04,0.03,-0.03
-1.57440e-04,0.03,0.03
-1.57360e-04,0.03,-0.03
-1.57280e-04,0.03,0.05
-1.57200e-04,0.05,-0.01
-1.57120e-04,0.03,0.05
-1.57040e-04,0.01,-0.03
-1.56960e-04,0.03,0.05
-1.56880e-04,0.01,-0.01
-1.56800e-04,0.05,0.05
-1.56720e-04,0.03,-0.03
-1.56640e-04,0.03,0.05
-1.56560e-04,0.01,-0.01
-1.56480e-04,0.01,0.05
-1.56400e-04,0.03,-0.03
-1.56320e-04,0.03,0.05
-1.56240e-04,0.01,-0.01
-1.56160e-04,0.01,0.05
-1.56080e-04,0.03,-0.03
-1.56000e-04,0.03,0.05
-1.55920e-04,0.01,-0.03
-1.55840e-04,0.03,0.05
-1.55760e-04,0.01,-0.01
-1.55680e-04,0.05,0.05
-1.55600e-04,0.01,-0.03
-1.55520e-04,0.05,0.05
-1.55440e-04,0.03,-0.03
-1.55360e-04,0.03,0.05
-1.55280e-04,0.03,-0.03
-1.55200e-04,0.03,0.05
-1.55120e-04,0.03,-0.03
-1.55040e-04,0.01,0.05
-1.54960e-04,0.03,-0.03
-1.54880e-04,0.01,0.05
-1.54800e-04,0.03,-0.03
-1.54720e-04,0.03,0.05
-1.54640e-04,0.05,-0.03
-1.54560e-04,0.03,0.07
-1.54480e-04,0.01,-0.03
-1.54400e-04,0.01,0.07
-1.54320e-04,0.01,-0.03
-1.54240e-04,0.03,0.07
-1.54160e-04,0.03,-0.03
-1.54080e-04,0.03,0.05
-1.54000e-04,0.03,-0.01
-1.53920e-04,0.03,0.05
-1.53840e-04,0.03,-0.03
-1.53760e-04,0.01,0.05
-1.53680e-04,0.05,-0.03
-1.53600e-04,0.01,0.05
-1.53520e-04,0.03,-0.01
-1.53440e-04,0.01,0.05
-1.53360e-04,0.03,-0.01
-1.53280e-04,0.03,0.05
-1.53200e-04,0.01,-0.03
-1.53120e-04,0.05,0.05
-1.53040e-04,-0.01,-0.03
-1.52960e-04,0.05,0.05
-1.52880e-04,0.03,-0.03
-1.52800e-04,0.03,0.07
-1.52720e-04,0.03,-0.03
-1.52640e-04,0.03,0.05
-1.52560e-04,0.03,-0.03
-1.52480e-04,0.03,0.05
-1.52400e-04,0.05,-0.03
-1.52320e-04,0.03,0.05
-1.52240e-04,0.05,-0.03
-1.52160e-04,0.03,0.05
-1.52080e-04,0.03,-0.01
-1.52000e-04,0.03,0.05
-1.51920e-04,0.03,-0.03
-1.51840e-04,0.03,0.05
-1.51760e-04,0.03,-0.01
-1.51680e-04,0.03,0.05
-1.51600e-04,0.03,-0.01
-1.51520e-04,0.03,0.05
-1.51440e-04,0.01,-0.01
-1.51360e-04,0.05,0.05
-1.51280e-04,0.03,-0.03
-1.51200e-04,0.03,0.05
-1.51120e-04,0.03,-0.01
-1.51040e-04,0.03,0.05
-1.50960e-04,0.03,-0.01
-1.50880e-04,0.01,0.05
-1.50800e-04,0.05,-0.03
-1.50720e-04,0.03,0.05
-1.50640e-04,0.03,-0.03
-1.50560e-04,0.03,0.05
-1.50480e-04,0.01,-0.01
-1.50400e-04,0.03,0.05
-1.50320e-04,0.01,-0.03
-1.50240e-04,0.03,0.05
-1.50160e-04,0.03,-0.03
-1.50080e-04,0.03,0.05
-1.50000e-04,0.03,-0.03
-1.49920e-04,0.03,0.05
-1.49840e-04,0.03,-0.03
-1.49760e-04,0.01,0.05
-1.49680e-04,0.03,-0.01
-1.49600e-04,0.03,0.05
-1.49520e-04,0.03,-0.03
-1.49440e-04,0.01,0.05
-1.49360e-04,0.03,-0.03
-1.49280e-04,0.03,0.05
-1.49200e-04,0.01,-0.01
-1.49120e-04,0.05,0.05
-1.49040e-04,0.01,-0.03
-1.48960e-04,0.03,0.05
-1.48880e-04,0.01,-0.03
-1.48800e-04,0.03,0.05
-1.48720e-04,0.03,-0.01
-1.48640e-04,0.03,0.05
-1.48560e-04,0.03,-0.01
-1.48480e-04,0.01,0.05
-1.48400e-04,0.03,-0.03
-1.48320e-04,0.01,0.05
-1.48240e-04,0.03,-0.03
-1.48160e-04,0.01,0.05
-1.48080e-04,0.01,-0.03
-1.48000e-04,0.01,0.05
-1.47920e-04,0.03,-0.01
-1.47840e-04,0.03,0.05
-1.47760e-04,0.01,-0.01
-1.47680e-04,0.03,0.05
-1.47600e-04,0.01,-0.01
-1.47520e-04,0.03,0.05
-1.47440e-04,0.01,-0.01
-1.47360e-04,0.03,0.05
-1.47280e-04,0.05,-0.03
-1.47200e-04,0.03,0.05
-1.47120e-04,0.03,-0.03
-1.47040e-04,0.01,0.07
-1.46960e-04,0.03,-0.03
-1.46880e-04,0.01,0.07
-1.46800e-04,0.03,-0.03
-1.46720e-04,0.01,0.07
-1.46640e-04,0.05,-0.03
-1.46560e-04,0.05,0.05
-1.46480e-04,0.03,-0.03
-1.46400e-04,0.05,0.05
-1.46320e-04,0.01,-0.01
-1.46240e-04,0.03,0.07
-1.46160e-04,0.01,-0.01
-1.46080e-04,0.03,0.05
-1.46000e-04,0.03,-0.01
-1.45920e-04,0.01,0.05
-1.45840e-04,0.01,-0.03
-1.45760e-04,0.03,0.05
-1.45680e-04,0.03,-0.03
-1.45600e-04,0.01,0.05
-1.45520e-04,0.03,-0.01
-1.45440e-04,0.03,0.05
-1.45360e-04,0.03,-0.01
-1.45280e-04,0.03,0.05
-1.45200e-04,0.03,-0.01
-1.45120e-04,0.03,0.05
-1.45040e-04,0.03,-0.01
-1.44960e-04,0.05,0.05
-1.44880e-04,0.03,-0.01
-1.44800e-04,0.01,0.05
-1.44720e-04,0.01,-0.03
-1.44640e-04,0.05,0.05
-1.44560e-04,0.03,-0.03
-1.44480e-04,0.01,0.05
-1.44400e-04,0.03,-0.03
-1.44320e-04,0.01,0.05
-1.44240e-04,0.05,-0.03
-1.44160e-04,0.01,0.05
-1.44080e-04,0.05,-0.01
-1.44000e-04,0.03,0.05
-1.43920e-04,0.03,-0.01
-1.43840e-04,0.03,0.05
-1.43760e-04,0.01,-0.03
-1.43680e-04,0.03,0.05
-1.43600e-04,0.01,-0.01
-1.43520e-04,0.03,0.05
-1.43440e-04,0.03,-0.01
-1.43360e-04,0.03,0.05
-1.43280e-04,0.03,-0.01
-1.43200e-04,0.01,0.05
-1.43120e-04,0.01,-0.05
-1.43040e-04,0.03,0.07
-1.42960e-04,0.03,-0.03
-1.42880e-04,0.01,0.05
-1.42800e-04,0.05,-0.03
-1.42720e-04,0.03,0.05
-1.42640e-04,0.01,-0.01
-1.42560e-04,0.03,0.05
-1.42480e-04,0.03,-0.01
-1.42400e-04,0.05,0.05
-1.42320e-04,0.03,-0.01
-1.42240e-04,0.03,0.05
-1.42160e-04,0.03,-0.03
-1.42080e-04,0.03,0.03
-1.42000e-04,0.01,-0.01
-1.41920e-04,0.03,0.05
-1.41840e-04,0.03,-0.03
-1.41760e-04,0.03,0.05
-1.41680e-04,0.03,-0.01
-1.41600e-04,0.01,0.05
-1.41520e-04,0.03,-0.01
-1.41440e-04,0.03,0.05
-1.41360e-04,0.03,-0.01
-1.41280e-04,0.03,0.05
-1.41200e-04,0.05,-0.01
-1.41120e-04,0.03,0.05
-1.41040e-04,0.03,-0.03
-1.40960e-04,0.03,0.05
-1.40880e-04,0.01,-0.01
-1.40800e-04,0.03,0.05
-1.40720e-04,0.03,-0.03
-1.40640e-04,0.03,0.05
-1.40560e-04,0.03,-0.01
-1.40480e-04,0.01,0.05
-1.40400e-04,0.03,-0.03
-1.40320e-04,0.01,0.05
-1.40240e-04,0.01,-0.01
-1.40160e-04,0.05,0.05
-1.40080e-04,0.05,-0.03
-1.40000e-04,0.03,0.07
-1.39920e-04,0.03,-0.05
-1.39840e-04,0.03,0.05
-1.39760e-04,0.03,-0.03
-1.39680e-04,0.03,0.07
-1.39600e-04,0.03,-0.03
-1.39520e-04,0.05,0.07
-1.39440e-04,0.03,-0.03
-1.39360e-04,0.03,0.05
-1.39280e-04,0.01,-0.03
-1.39200e-04,0.03,0.05
-1.39120e-04,0.03,-0.01
-1.39040e-04,0.01,0.05
-1.38960e-04,0.01,-0.01
-1.38880e-04,0.01,0.05
-1.38800e-04,0.03,-0.03
-1.38720e-04,0.03,0.05
-1.38640e-04,0.03,-0.01
-1.38560e-04,0.03,0.05
-1.38480e-04,0.03,-0.03
-1.38400e-04,0.03,0.05
-1.38320e-04,0.03,-0.03
-1.38240e-04,0.05,0.05
-1.38160e-04,0.03,-0.03
-1.38080e-04,0.03,0.05
-1.38000e-04,0.01,-0.01
-1.37920e-04,0.03,0.05
-1.37840e-04,0.03,-0.03
-1.37760e-04,0.01,0.05
-1.37680e-04,0.03,-0.03
-1.37600e-04,0.01,0.05
-1.37520e-04,0.03,-0.01
-1.37440e-04,0.01,0.05
-1.37360e-04,0.01,-0.03
-1.37280e-04,0.03,0.05
-1.37200e-04,0.03,-0.03
-1.37120e-04,0.03,0.05
-1.37040e-04,0.03,-0.01
-1.36960e-04,0.03,0.07
-1.36880e-04,0.01,-0.03
-1.36800e-04,0.03,0.05
-1.36720e-04,0.01,-0.03
-1.36640e-04,0.03,0.05
-1.36560e-04,0.03,-0.01
-1.36480e-04,0.01,0.05
-1.36400e-04,0.03,-0.01
-1.36320e-04,0.01,0.05
-1.36240e-04,0.03,-0.03
-1.36160e-04,0.01,0.05
-1.36080e-04,0.03,-0.01
-1.36000e-04,0.03,0.05
-1.35920e-04,0.03,-0.01
-1.35840e-04,0.03,0.05
-1.35760e-04,0.01,-0.01
-1.35680e-04,0.01,0.05
-1.35600e-04,0.03,-0.01
-1.35520e-04,0.03,0.05
-1.35440e-04,0.01,-0.01
-1.35360e-04,0.05,0.05
-1.35280e-04,0.03,-0.01
-1.35200e-04,0.03,0.05
-1.35120e-04,0.03,-0.03
-1.35040e-04,0.03,0.05
-1.34960e-04,0.03,-0.01
-1.34880e-04,0.03,0.07
-1.34800e-04,0.03,-0.01
-1.34720e-04,0.03,0.05
-1.34640e-04,0.03,-0.03
-1.34560e-04,0.01,0.07
-1.34480e-04,0.03,-0.03
-1.34400e-04,0.03,0.07
-1.34320e-04,0.03,-0.03
-1.34240e-04,0.03,0.05
-1.34160e-04,0.01,-0.03
-1.34080e-04,0.03,0.05
-1.34000e-04,0.03,-0.03
-1.33920e-04,0.03,0.05
-1.33840e-04,0.03,-0.05
-1.33760e-04,0.01,0.05
-1.33680e-04,0.03,-0.01
-1.33600e-04,0.03,0.05
-1.33520e-04,0.05,-0.03
-1.33440e-04,0.01,0.07
-1.33360e-04,0.05,-0.01
-1.33280e-04,0.01,0.05
-1.33200e-04,0.03,-0.03
-1.33120e-04,0.03,0.05
-1.33040e-04,0.03,-0.01
-1.32960e-04,0.03,0.05
-1.32880e-04,0.01,-0.01
-1.32800e-04,0.03,0.05
-1.32720e-04,0.03,-0.03
-1.32640e-04,0.03,0.07
-1.32560e-04,0.03,-0.03
-1.32480e-04,0.01,0.05
-1.32400e-04,0.03,-0.03
-1.32320e-04,0.03,0.05
-1.32240e-04,0.03,-0.03
-1.32160e-04,0.01,0.05
-1.32080e-04,0.03,-0.01
-1.32000e-04,0.03,0.05
-1.31920e-04,0.03,-0.01
-1.31840e-04,0.05,0.05
-1.31760e-04,0.01,-0.03
-1.31680e-04,0.03,0.05
-1.31600e-04,0.01,-0.01
-1.31520e-04,0.03,0.05
-1.31440e-04,0.05,-0.03
-1.31360e-04,0.03,0.05
-1.31280e-04,0.03,-0.01
-1.31200e-04,0.03,0.05
-1.31120e-04,0.05,-0.01
-1.31040e-04,0.03,0.05
-1.30960e-04,0.03,-0.01
-1.30880e-04,0.01,0.05
-1.30800e-04,0.05,-0.03
-1.30720e-04,0.01,0.05
-1.30640e-04,0.03,-0.01
-1.30560e-04,0.03,0.05
-1.30480e-04,0.01,-0.03
-1.30400e-04,0.03,0.05
-1.30320e-04,0.01,-0.01
-1.30240e-04,0.03,0.05
-1.30160e-04,0.01,-0.03
-1.30080e-04,0.03,0.05
-1.30000e-04,0.03,-0.03
-1.29920e-04,0.03,0.05
-1.29840e-04,0.03,-0.01
-1.29760e-04,0.01,0.05
-1.29680e-04,0.03,-0.01
-1.29600e-04,0.03,0.05
-1.29520e-04,0.05,-0.01
-1.29440e-04,0.03,0.05
-1.29360e-04,0.03,-0.03
-1.29280e-04,0.01,0.05
-1.29200e-04,0.03,-0.01
-1.29120e-04,0.03,0.05
-1.29040e-04,0.03,-0.01
-1.28960e-04,0.03,0.05
-1.28880e-04,0.01,-0.03
-1.28800e-04,0.03,0.05
-1.28720e-04,0.01,-0.03
-1.28640e-04,0.03,0.05
-1.28560e-04,0.03,-0.01
-1.28480e-04,0.01,0.05
-1.28400e-04,0.03,-0.03
-1.28320e-04,0.01,0.05
-1.28240e-04,0.03,-0.03
-1.28160e-04,0.01,0.05
-1.28080e-04,0.01,-0.03
-1.28000e-04,0.01,0.05
-1.27920e-04,0.03,-0.03
-1.27840e-04,0.03,0.05
-1.27760e-04,0.01,-0.03
-1.27680e-04,0.01,0.05
-1.27600e-04,0.01,-0.01
-1.27520e-04,0.05,0.05
-1.27440e-04,0.03,-0.03
-1.27360e-04,0.03,0.05
-1.27280e-04,0.03,-0.03
-1.27200e-04,0.01,0.05
-1.27120e-04,0.03,-0.03
-1.27040e-04,0.01,0.05
-1.26960e-04,0.03,-0.03
-1.26880e-04,0.01,0.07
-1.26800e-04,0.03,-0.03
-1.26720e-04,0.03,0.05
-1.26640e-04,0.03,-0.01
-1.26560e-04,0.03,0.05
-1.26480e-04,0.03,-0.01
-1.26400e-04,0.05,0.05
-1.26320e-04,0.03,-0.03
-1.26240e-04,0.03,0.05
-1.26160e-04,0.03,-0.01
-1.26080e-04,0.05,0.05
-1.26000e-04,0.03,-0.01
-1.25920e-04,0.03,0.05
-1.25840e-04,0.03,-0.01
-1.25760e-04,0.01,0.05
-1.25680e-04,0.01,-0.01
-1.25600e-04,0.03,0.07
-1.25520e-04,0.07,-0.05
-1.25440e-04,0.03,0.07
-1.25360e-04,0.05,-0.03
-1.25280e-04,0.01,0.07
-1.25200e-04,0.01,-0.03
-1.25120e-04,0.03,0.07
-1.25040e-04,0.01,-0.01
-1.24960e-04,0.03,0.05
-1.24880e-04,0.03,-0.03
-1.24800e-04,0.05,0.05
-1.24720e-04,0.01,-0.03
-1.24640e-04,0.03,0.05
-1.24560e-04,0.01,-0.03
-1.24480e-04,0.03,0.05
-1.24400e-04,0.03,-0.01
-1.24320e-04,0.01,0.05
-1.24240e-04,0.03,-0.01
-1.24160e-04,0.01,0.05
-1.24080e-04,0.03,-0.03
-1.24000e-04,-0.03,0.05
-1.23920e-04,0.01,-0.05
-1.23840e-04,0.05,0.05
-1.23760e-04,0.01,-0.07
-1.23680e-04,0.03,0.05
-1.23600e-04,0.03,-0.05
-1.23520e-04,0.03,0.07
-1.23440e-04,0.03,-0.03
-1.23360e-04,0.01,0.03
-1.23280e-04,0.01,-0.01
-1.23200e-04,0.01,0.05
-1.23120e-04,0.03,-0.01
-1.23040e-04,0.03,0.05
-1.22960e-04,0.03,-0.03
-1.22880e-04,0.01,0.03
-1.22800e-04,0.03,-0.01
-1.22720e-04,0.03,0.05
-1.22640e-04,0.03,-0.03
-1.22560e-04,0.01,0.05
-1.22480e-04,0.01,-0.01
-1.22400e-04,0.05,0.05
-1.22320e-04,0.03,-0.03
-1.22240e-04,0.01,0.05
-1.22160e-04,0.01,-0.05
-1.22080e-04,0.05,0.07
-1.22000e-04,0.03,-0.03
-1.21920e-04,0.03,0.05
-1.21840e-04,0.03,-0.01
-1.21760e-04,0.01,0.05
-1.21680e-04,0.01,-0.03
-1.21600e-04,0.01,0.05
-1.21520e-04,0.03,-0.03
-1.21440e-04,0.01,0.05
-1.21360e-04,0.03,-0.01
-1.21280e-04,0.01,0.05
-1.21200e-04,0.01,-0.03
-1.21120e-04,0.03,0.05
-1.21040e-04,0.03,-0.01
-1.20960e-04,0.03,0.05
-1.20880e-04,0.03,-0.03
-1.20800e-04,0.03,0.05
-1.20720e-04,0.03,-0.03
-1.20640e-04,0.03,0.05
-1.20560e-04,0.03,-0.03
-1.20480e-04,0.05,0.05
-1.20400e-04,0.03,-0.01
-1.20320e-04,0.01,0.05
-1.20240e-04,0.03,-0.03
-1.20160e-04,0.01,0.05
-1.20080e-04,0.03,-0.01
-1.20000e-04,0.03,0.05
-1.19920e-04,0.01,-0.01
-1.19840e-04,0.03,0.05
-1.19760e-04,0.03,-0.03
-1.19680e-04,0.01,0.05
-1.19600e-04,0.03,-0.03
-1.19520e-04,0.03,0.05
-1.19440e-04,0.01,-0.03
-1.19360e-04,0.03,0.05
-1.19280e-04,0.03,-0.03
-1.19200e-04,0.01,0.05
-1.19120e-04,0.05,-0.03
-1.19040e-04,0.03,0.05
-1.18960e-04,0.05,-0.01
-1.18880e-04,0.01,0.07
-1.18800e-04,0.03,-0.03
-1.18720e-04,0.01,0.07
-1.18640e-04,0.03,-0.01
-1.18560e-04,0.03,0.05
-1.18480e-04,0.03,-0.03
-1.18400e-04,0.03,0.05
-1.18320e-04,-0.01,-0.01
-1.18240e-04,0.01,0.05
-1.18160e-04,0.03,-0.03
-1.18080e-04,0.05,0.07
-1.18000e-04,0.05,-0.03
-1.17920e-04,0.03,0.05
-1.17840e-04,0.03,-0.01
-1.17760e-04,0.03,0.07
-1.17680e-04,0.05,-0.01
-1.17600e-04,0.03,0.05
-1.17520e-04,0.03,-0.01
-1.17440e-04,0.05,0.05
-1.17360e-04,0.03,-0.01
-1.17280e-04,0.09,0.05
-1.17200e-04,-0.01,-0.01
-1.17120e-04,0.03,0.09
-1.17040e-04,0.03,-0.05
-1.16960e-04,0.03,0.13
-1.16880e-04,0.01,-0.03
-1.16800e-04,0.03,0.05
-1.16720e-04,0.01,-0.01
-1.16640e-04,0.05,0.05
-1.16560e-04,0.03,-0.03
-1.16480e-04,0.01,0.05
-1.16400e-04,0.03,-0.01
-1.16320e-04,0.03,0.05
-1.16240e-04,0.03,-0.01
-1.16160e-04,0.03,0.05
-1.16080e-04,0.03,-0.03
-1.16000e-04,0.03,0.05
-1.15920e-04,0.03,-0.01
-1.15840e-04,0.03,0.05
-1.15760e-04,0.01,-0.01
-1.15680e-04,0.03,0.05
-1.15600e-04,0.01,-0.03
-1.15520e-04,0.05,0.05
-1.15440e-04,0.01,-0.03
-1.15360e-04,0.03,0.07
-1.15280e-04,0.03,-0.03
-1.15200e-04,0.03,0.05
-1.15120e-04,0.03,-0.03
-1.15040e-04,0.03,0.05
-1.14960e-04,0.03,-0.01
-1.14880e-04,0.01,0.05
-1.14800e-04,0.03,-0.01
-1.14720e-04,0.03,0.05
-1.14640e-04,0.03,-0.03
-1.14560e-04,0.03,0.05
-1.14480e-04,0.03,-0.01
-1.14400e-04,0.03,0.05
-1.14320e-04,0.03,-0.01
-1.14240e-04,0.05,0.05
-1.14160e-04,0.01,-0.03
-1.14080e-04,0.03,0.05
-1.14000e-04,0.03,-0.01
-1.13920e-04,-0.01,0.05
-1.13840e-04,0.03,-0.03
-1.13760e-04,0.01,0.05
-1.13680e-04,0.03,-0.03
-1.13600e-04,0.01,0.05
-1.13520e-04,0.03,-0.03
-1.13440e-04,0.03,0.05
-1.13360e-04,0.03,-0.03
-1.13280e-04,0.03,0.05
-1.13200e-04,0.03,-0.01
-1.13120e-04,0.03,0.05
-1.13040e-04,0.03,-0.01
-1.12960e-04,0.03,0.05
-1.12880e-04,0.01,-0.01
-1.12800e-04,0.03,0.07
-1.12720e-04,0.01,-0.03
-1.12640e-04,0.03,0.05
-1.12560e-04,0.03,-0.01
-1.12480e-04,0.03,0.05
-1.12400e-04,0.03,-0.03
-1.12320e-04,-0.01,0.05
-1.12240e-04,0.03,-0.03
-1.12160e-04,0.03,0.05
-1.12080e-04,0.03,-0.03
-1.12000e-04,0.03,0.05
-1.11920e-04,0.03,-0.03
-1.11840e-04,0.03,0.05
-1.11760e-04,0.03,-0.03
-1.11680e-04,0.03,0.05
-1.11600e-04,0.01,-0.03
-1.11520e-04,0.03,0.05
-1.11440e-04,0.01,-0.03
-1.11360e-04,0.01,0.05
-1.11280e-04,0.03,-0.01
-1.11200e-04,0.01,0.05
-1.11120e-04,0.01,-0.03
-1.11040e-04,0.01,0.05
-1.10960e-04,0.05,-0.03
-1.10880e-04,0.03,0.07
-1.10800e-04,0.05,-0.03
-1.10720e-04,0.03,0.05
-1.10640e-04,0.03,-0.03
-1.10560e-04,0.03,0.07
-1.10480e-04,0.01,-0.01
-1.10400e-04,0.03,0.07
-1.10320e-04,0.01,-0.03
-1.10240e-04,0.05,0.07
-1.10160e-04,0.01,-0.01
-1.10080e-04,0.05,0.05
-1.10000e-04,0.01,-0.01
-1.09920e-04,0.03,0.05
-1.09840e-04,0.03,-0.01
-1.09760e-04,0.01,0.05
-1.09680e-04,0.05,-0.01
-1.09600e-04,0.03,0.05
-1.09520e-04,0.03,-0.01
-1.09440e-04,0.03,0.05
-1.09360e-04,0.03,-0.01
-1.09280e-04,0.03,0.05
-1.09200e-04,0.03,-0.01
-1.09120e-04,0.03,0.05
-1.09040e-04,0.03,-0.01
-1.08960e-04,0.03,0.05
-1.08880e-04,0.03,-0.01
-1.08800e-04,0.03,0.05
-1.08720e-04,0.03,-0.01
-1.08640e-04,0.03,0.05
-1.08560e-04,0.03,-0.01
-1.08480e-04,0.01,0.05
-1.08400e-04,0.03,-0.01
-1.08320e-04,0.01,0.05
-1.08240e-04,0.03,-0.01
-1.08160e-04,0.03,0.05
-1.08080e-04,0.03,-0.03
-1.08000e-04,0.01,0.05
-1.07920e-04,0.03,-0.01
-1.07840e-04,0.05,0.05
-1.07760e-04,0.01,-0.01
-1.07680e-04,0.03,0.05
-1.07600e-04,0.01,-0.01
-1.07520e-04,0.03,0.05
-1.07440e-04,0.03,-0.03
-1.07360e-04,0.03,0.05
-1.07280e-04,0.03,-0.03
-1.07200e-04,0.01,0.05
-1.07120e-04,0.05,-0.03
-1.07040e-04,0.01,0.05
-1.06960e-04,0.01,-0.03
-1.06880e-04,0.01,0.05
-1.06800e-04,0.03,-0.01
-1.06720e-04,0.03,0.05
-1.06640e-04,0.03,-0.01
-1.06560e-04,0.01,0.05
-1.06480e-04,0.03,-0.01
-1.06400e-04,0.05,0.05
-1.06320e-04,0.01,-0.01
-1.06240e-04,0.03,0.05
-1.06160e-04,0.01,-0.01
-1.06080e-04,0.03,0.05
-1.06000e-04,0.03,-0.03
-1.05920e-04,0.03,0.05
-1.05840e-04,0.03,-0.01
-1.05760e-04,0.03,0.05
-1.05680e-04,0.05,-0.03
-1.05600e-04,0.01,0.05
-1.05520e-04,0.03,-0.01
-1.05440e-04,0.01,0.05
-1.05360e-04,0.03,-0.01
-1.05280e-04,0.03,0.05
-1.05200e-04,0.03,-0.01
-1.05120e-04,0.03,0.05
-1.05040e-04,0.01,-0.01
-1.04960e-04,0.05,0.05
-1.04880e-04,0.03,-0.03
-1.04800e-04,0.03,0.05
-1.04720e-04,0.01,-0.01
-1.04640e-04,0.03,0.07
-1.04560e-04,0.01,-0.01
-1.04480e-04,0.03,0.05
-1.04400e-04,0.03,-0.01
-1.04320e-04,0.01,0.07
-1.04240e-04,0.03,-0.03
-1.04160e-04,0.01,0.05
-1.04080e-04,0.03,-0.01
-1.04000e-04,0.01,0.05
-1.03920e-04,0.01,-0.01
-1.03840e-04,0.03,0.05
-1.03760e-04,-0.01,-0.01
-1.03680e-04,0.03,0.05
-1.03600e-04,0.03,-0.03
-1.03520e-04,0.03,0.07
-1.03440e-04,0.05,-0.03
-1.03360e-04,0.03,0.07
-1.03280e-04,0.03,-0.05
-1.03200e-04,0.03,0.07
-1.03120e-04,0.03,-0.01
-1.03040e-04,0.01,0.05
-1.02960e-04,0.03,-0.03
-1.02880e-04,0.03,0.05
-1.02800e-04,0.01,-0.03
-1.02720e-04,0.03,0.07
-1.02640e-04,0.03,-0.03
-1.02560e-04,0.03,0.05
-1.02480e-04,0.03,-0.03
-1.02400e-04,0.03,0.07
-1.02320e-04,0.01,-0.03
-1.02240e-04,0.03,0.05
-1.02160e-04,0.03,-0.01
-1.02080e-04,0.03,0.05
-1.02000e-04,0.03,-0.03
-1.01920e-04,0.05,0.05
-1.01840e-04,0.03,-0.03
-1.01760e-04,0.01,0.05
-1.01680e-04,0.03,-0.01
-1.01600e-04,0.03,0.07
-1.01520e-04,0.03,-0.03
-1.01440e-04,0.03,0.05
-1.01360e-04,0.03,-0.01
-1.01280e-04,0.03,0.05
-1.01200e-04,-0.01,-0.01
-1.01120e-04,0.05,0.05
-1.01040e-04,0.03,-0.03
-1.00960e-04,0.05,0.07
-1.00880e-04,0.03,-0.03
-1.00800e-04,0.03,0.05
-1.00720e-04,0.03,-0.03
-1.00640e-04,0.03,0.05
-1.00560e-04,0.03,-0.03
-1.00480e-04,0.03,0.05
-1.00400e-04,0.03,-0.03
-1.00320e-04,0.03,0.05
-1.00240e-04,0.03,-0.03
-1.00160e-04,0.03,0.05
-1.00080e-04,0.03,-0.03
-1.00000e-04,0.03,0.05
-9.99200e-05,0.03,-0.01
-9.98400e-05,0.03,0.05
-9.97600e-05,0.03,-0.03
-9.96800e-05,0.03,0.05
-9.96000e-05,0.01,-0.01
-9.95200e-05,0.03,0.05
-9.94400e-05,0.01,-0.03
-9.93600e-05,0.03,0.05
-9.92800e-05,0.03,-0.01
-9.92000e-05,0.03,0.05
-9.91200e-05,0.05,-0.01
-9.90400e-05,0.01,0.05
-9.89600e-05,0.05,-0.01
-9.88800e-05,0.01,0.05
-9.88000e-05,0.03,-0.01
-9.87200e-05,0.05,0.05
-9.86400e-05,0.03,-0.01
-9.85600e-05,0.03,0.05
-9.84800e-05,0.01,-0.01
-9.84000e-05,0.03,0.05
-9.83200e-05,0.01,-0.03
-9.82400e-05,0.03,0.05
-9.81600e-05,0.03,-0.03
-9.80800e-05,0.03,0.05
-9.80000e-05,0.03,-0.03
-9.79200e-05,0.01,0.05
-9.78400e-05,0.03,-0.01
-9.77600e-05,0.01,0.05
-9.76800e-05,0.03,-0.03
-9.76000e-05,0.01,0.05
-9.75200e-05,0.03,-0.01
-9.74400e-05,0.03,0.05
-9.73600e-05,0.03,-0.01
-9.72800e-05,0.03,0.05
-9.72000e-05,0.03,-0.03
-9.71200e-05,0.03,0.05
-9.70400e-05,0.01,-0.03
-9.69600e-05,0.03,0.05
-9.68800e-05,0.01,-0.03
-9.68000e-05,0.03,0.07
-9.67200e-05,0.01,-0.01
-9.66400e-05,0.01,0.05
-9.65600e-05,0.01,-0.03
-9.64800e-05,0.01,0.05
-9.64000e-05,0.05,-0.03
-9.63200e-05,0.03,0.07
-9.62400e-05,0.05,-0.03
-9.61600e-05,0.03,0.07
-9.60800e-05,0.03,-0.03
-9.60000e-05,0.03,0.07
-9.59200e-05,0.03,-0.01
-9.58400e-05,0.03,0.05
-9.57600e-05,0.01,-0.03
-9.56800e-05,0.03,0.05
-9.56000e-05,0.03,-0.03
-9.55200e-05,0.03,0.07
-9.54400e-05,0.03,-0.03
-9.53600e-05,0.03,0.07
-9.52800e-05,0.03,-0.03
-9.52000e-05,0.01,0.05
-9.51200e-05,0.05,-0.03
-9.50400e-05,0.01,0.05
-9.49600e-05,0.03,-0.03
-9.48800e-05,0.01,0.05
-9.48000e-05,0.03,-0.03
-9.47200e-05,0.03,0.05
-9.46400e-05,0.05,-0.03
-9.45600e-05,0.03,0.05
-9.44800e-05,0.05,-0.03
-9.44000e-05,0.03,0.05
-9.43200e-05,0.03,-0.01
-9.42400e-05,0.07,0.05
-9.41600e-05,0.01,-0.03
-9.40800e-05,0.03,0.07
-9.40000e-05,0.03,-0.01
-9.39200e-05,0.03,0.05
-9.38400e-05,0.03,-0.01
-9.37600e-05,0.03,0.05
-9.36800e-05,0.05,-0.03
-9.36000e-05,0.01,0.05
-9.35200e-05,0.03,-0.01
-9.34400e-05,0.03,0.05
-9.33600e-05,0.03,-0.03
-9.32800e-05,0.03,0.05
-9.32000e-05,0.03,-0.01
-9.31200e-05,0.03,0.05
-9.30400e-05,0.03,-0.03
-9.29600e-05,0.05,0.05
-9.28800e-05,0.03,-0.01
-9.28000e-05,0.03,0.05
-9.27200e-05,0.03,-0.01
-9.26400e-05,0.03,0.05
-9.25600e-05,0.01,-0.01
-9.24800e-05,0.01,0.05
-9.24000e-05,0.03,-0.01
-9.23200e-05,0.01,0.05
-9.22400e-05,0.03,-0.03
-9.21600e-05,0.03,0.05
-9.20800e-05,0.03,-0.03
-9.20000e-05,0.03,0.05
-9.19200e-05,0.03,-0.01
-9.18400e-05,0.03,0.05
-9.17600e-05,0.01,-0.01
-9.16800e-05,0.05,0.05
-9.16000e-05,0.03,-0.01
-9.15200e-05,0.03,0.05
-9.14400e-05,0.03,-0.03
-9.13600e-05,0.03,0.05
-9.12800e-05,0.01,-0.03
-9.12000e-05,0.03,0.05
-9.11200e-05,0.03,-0.01
-9.10400e-05,0.01,0.05
-9.09600e-05,0.03,-0.01
-9.08800e-05,0.01,0.05
-9.08000e-05,0.03,-0.03
-9.07200e-05,0.03,0.05
-9.06400e-05,0.03,-0.03
-9.05600e-05,0.03,0.05
-9.04800e-05,0.01,-0.01
-9.04000e-05,0.03,0.05
-9.03200e-05,0.01,-0.01
-9.02400e-05,0.03,0.07
-9.01600e-05,0.03,-0.01
-9.00800e-05,0.03,0.05
-9.00000e-05,0.03,-0.01
-8.99200e-05,0.03,0.05
-8.98400e-05,0.05,-0.01
-8.97600e-05,0.01,0.07
-8.96800e-05,0.03,-0.01
-8.96000e-05,0.01,0.05
-8.95200e-05,0.03,-0.03
-8.94400e-05,0.03,0.05
-8.93600e-05,0.03,-0.03
-8.92800e-05,0.01,0.05
-8.92000e-05,0.01,-0.01
-8.91200e-05,0.01,0.05
-8.90400e-05,0.03,-0.01
-8.89600e-05,0.05,0.07
-8.88800e-05,0.05,-0.03
-8.88000e-05,0.01,0.05
-8.87200e-05,0.03,-0.03
-8.86400e-05,0.03,0.07
-8.85600e-05,0.03,-0.03
-8.84800e-05,0.03,0.07
-8.84000e-05,0.03,-0.03
-8.83200e-05,0.01,0.07
-8.82400e-05,0.03,-0.03
-8.81600e-05,0.01,0.07
-8.80800e-05,0.03,-0.03
-8.80000e-05,0.03,0.05
-8.79200e-05,0.03,-0.03
-8.78400e-05,0.03,0.05
-8.77600e-05,0.03,-0.01
-8.76800e-05,0.03,0.05
-8.76000e-05,0.01,-0.01
-8.75200e-05,0.05,0.05
-8.74400e-05,0.01,-0.01
-8.73600e-05,0.03,0.05
-8.72800e-05,0.01,-0.03
-8.72000e-05,0.03,0.05
-8.71200e-05,0.01,-0.01
-8.70400e-05,0.01,0.05
-8.69600e-05,0.05,-0.01
-8.68800e-05,0.01,0.05
-8.68000e-05,0.03,-0.03
-8.67200e-05,0.01,0.05
-8.66400e-05,0.03,-0.03
-8.65600e-05,0.01,0.05
-8.64800e-05,0.03,-0.03
-8.64000e-05,0.05,0.05
-8.63200e-05,0.03,-0.03
-8.62400e-05,0.05,0.05
-8.61600e-05,0.03,-0.03
-8.60800e-05,0.03,0.07
-8.60000e-05,0.03,-0.01
-8.59200e-05,0.03,0.05
-8.58400e-05,0.05,-0.03
-8.57600e-05,0.01,0.05
-8.56800e-05,0.03,-0.01
-8.56000e-05,0.01,0.05
-8.55200e-05,0.05,-0.01
-8.54400e-05,0.03,0.07
-8.53600e-05,0.03,-0.01
-8.52800e-05,0.03,0.05
-8.52000e-05,0.03,-0.01
-8.51200e-05,0.03,0.05
-8.50400e-05,0.01,-0.01
-8.49600e-05,0.03,0.05
-8.48800e-05,0.03,-0.03
-8.48000e-05,0.03,0.05
-8.47200e-05,0.03,-0.01
-8.46400e-05,0.03,0.05
-8.45600e-05,0.05,-0.01
-8.44800e-05,0.03,0.05
-8.44000e-05,0.03,-0.01
-8.43200e-05,0.03,0.07
-8.42400e-05,0.03,-0.03
-8.41600e-05,0.01,0.05
-8.40800e-05,0.03,-0.03
-8.40000e-05,0.03,0.07
-8.39200e-05,0.03,-0.01
-8.38400e-05,0.03,0.05
-8.37600e-05,0.01,-0.01
-8.36800e-05,0.03,0.05
-8.36000e-05,0.01,-0.01
-8.35200e-05,0.03,0.05
-8.34400e-05,0.03,-0.01
-8.33600e-05,0.03,0.05
-8.32800e-05,0.03,-0.01
-8.32000e-05,0.01,0.05
-8.31200e-05,0.03,-0.01
-8.30400e-05,0.01,0.05
-8.29600e-05,0.05,-0.01
-8.28800e-05,0.01,0.05
-8.28000e-05,0.05,-0.01
-8.27200e-05,0.03,0.05
-8.26400e-05,0.03,-0.01
-8.25600e-05,0.03,0.05
-8.24800e-05,0.03,-0.01
-8.24000e-05,0.03,0.05
-8.23200e-05,0.01,-0.01
-8.22400e-05,0.03,0.05
-8.21600e-05,0.03,-0.01
-8.20800e-05,0.03,0.05
-8.20000e-05,0.01,-0.03
-8.19200e-05,0.01,0.05
-8.18400e-05,0.05,-0.03
-8.17600e-05,0.03,0.07
-8.16800e-05,0.07,-0.03
-8.16000e-05,0.01,0.07
-8.15200e-05,0.03,-0.03
-8.14400e-05,0.01,0.07
-8.13600e-05,0.01,-0.03
-8.12800e-05,0.03,0.05
-8.12000e-05,0.03,-0.01
-8.11200e-05,0.03,0.05
-8.10400e-05,0.01,-0.01
-8.09600e-05,0.03,0.05
-8.08800e-05,0.03,-0.03
-8.08000e-05,0.03,0.05
-8.07200e-05,0.03,-0.03
-8.06400e-05,0.03,0.05
-8.05600e-05,0.03,-0.03
-8.04800e-05,0.01,0.05
-8.04000e-05,0.05,-0.03
-8.03200e-05,0.03,0.05
-8.02400e-05,0.03,-0.03
-8.01600e-05,0.03,0.05
-8.00800e-05,0.03,-0.03
-8.00000e-05,0.01,0.05
-7.99200e-05,0.03,-0.01
-7.98400e-05,0.03,0.05
-7.97600e-05,0.01,-0.03
-7.96800e-05,0.03,0.05
-7.96000e-05,0.01,-0.03
-7.95200e-05,0.03,0.05
-7.94400e-05,0.03,-0.03
-7.93600e-05,0.03,0.05
-7.92800e-05,0.03,-0.01
-7.92000e-05,0.01,0.05
-7.91200e-05,0.03,-0.01
-7.90400e-05,0.01,0.05
-7.89600e-05,0.03,-0.03
-7.88800e-05,0.03,0.05
-7.88000e-05,0.03,-0.03
-7.87200e-05,0.05,0.05
-7.86400e-05,-0.01,-0.03
-7.85600e-05,0.03,0.05
-7.84800e-05,0.05,-0.05
-7.84000e-05,0.03,0.07
-7.83200e-05,0.01,-0.03
-7.82400e-05,0.03,0.07
-7.81600e-05,0.01,-0.03
-7.80800e-05,0.03,0.05
-7.80000e-05,0.01,-0.01
-7.79200e-05,0.01,0.05
-7.78400e-05,0.03,-0.01
-7.77600e-05,0.01,0.05
-7.76800e-05,0.03,-0.03
-7.76000e-05,0.01,0.05
-7.75200e-05,0.03,-0.01
-7.74400e-05,0.01,0.05
-7.73600e-05,0.03,-0.01
-7.72800e-05,0.03,0.05
-7.72000e-05,0.03,-0.03
-7.71200e-05,0.03,0.05
-7.70400e-05,0.01,-0.03
-7.69600e-05,0.05,0.05
-7.68800e-05,0.01,-0.03
-7.68000e-05,0.03,0.05
-7.67200e-05,0.01,-0.03
-7.66400e-05,0.01,0.05
-7.65600e-05,0.01,-0.01
-7.64800e-05,0.01,0.05
-7.64000e-05,0.03,-0.03
-7.63200e-05,0.01,0.05
-7.62400e-05,0.05,-0.03
-7.61600e-05,0.03,0.05
-7.60800e-05,0.03,-0.01
-7.60000e-05,0.01,0.05
-7.59200e-05,0.03,-0.03
-7.58400e-05,0.03,0.05
-7.57600e-05,0.01,-0.01
-7.56800e-05,0.05,0.05
-7.56000e-05,0.03,-0.01
-7.55200e-05,0.05,0.05
-7.54400e-05,0.03,-0.03
-7.53600e-05,0.01,0.05
-7.52800e-05,0.03,-0.03
-7.52000e-05,0.01,0.05
-7.51200e-05,0.03,-0.01
-7.50400e-05,0.01,0.05
-7.49600e-05,0.03,-0.01
-7.48800e-05,0.03,0.05
-7.48000e-05,0.03,-0.03
-7.47200e-05,0.03,0.05
-7.46400e-05,0.01,-0.03
-7.45600e-05,0.03,0.05
-7.44800e-05,0.03,-0.03
-7.44000e-05,0.05,0.07
-7.43200e-05,0.03,-0.03
-7.42400e-05,0.03,0.05
-7.41600e-05,0.01,-0.03
-7.40800e-05,0.03,0.05
-7.40000e-05,0.01,-0.03
-7.39200e-05,0.01,0.05
-7.38400e-05,0.01,-0.07
-7.37600e-05,0.03,0.07
-7.36800e-05,0.03,-0.03
-7.36000e-05,0.03,0.05
-7.35200e-05,0.01,-0.03
-7.34400e-05,0.03,0.05
-7.33600e-05,0.03,-0.03
-7.32800e-05,0.03,0.05
-7.32000e-05,0.01,-0.03
-7.31200e-05,0.01,0.05
-7.30400e-05,0.01,-0.01
-7.29600e-05,0.05,0.05
-7.28800e-05,0.01,-0.01
-7.28000e-05,0.03,0.05
-7.27200e-05,0.03,-0.01
-7.26400e-05,0.03,0.05
-7.25600e-05,0.03,-0.01
-7.24800e-05,0.01,0.05
-7.24000e-05,0.05,-0.03
-7.23200e-05,0.01,0.05
-7.22400e-05,0.03,-0.03
-7.21600e-05,0.01,0.05
-7.20800e-05,0.03,-0.03
-7.20000e-05,0.03,0.05
-7.19200e-05,0.03,-0.01
-7.18400e-05,0.03,0.05
-7.17600e-05,0.01,-0.01
-7.16800e-05,0.03,0.05
-7.16000e-05,0.01,-0.01
-7.15200e-05,0.03,0.05
-7.14400e-05,0.03,-0.03
-7.13600e-05,0.03,0.05
-7.12800e-05,0.03,-0.03
-7.12000e-05,0.01,0.05
-7.11200e-05,0.03,-0.01
-7.10400e-05,0.03,0.05
-7.09600e-05,0.03,-0.01
-7.08800e-05,0.03,0.05
-7.08000e-05,0.03,-0.01
-7.07200e-05,0.03,0.07
-7.06400e-05,0.01,-0.03
-7.05600e-05,0.05,0.05
-7.04800e-05,0.01,-0.03
-7.04000e-05,0.03,0.05
-7.03200e-05,0.03,-0.01
-7.02400e-05,0.03,0.05
-7.01600e-05,0.03,-0.01
-7.00800e-05,0.01,0.05
-7.00000e-05,0.03,-0.01
-6.99200e-05,0.03,0.05
-6.98400e-05,0.03,-0.01
-6.97600e-05,0.03,0.05
-6.96800e-05,0.03,-0.01
-6.96000e-05,0.01,0.03
-6.95200e-05,0.03,-0.01
-6.94400e-05,0.03,0.05
-6.93600e-05,0.03,-0.01
-6.92800e-05,0.03,0.05
-6.92000e-05,0.03,-0.01
-6.91200e-05,0.03,0.05
-6.90400e-05,0.01,-0.03
-6.89600e-05,0.03,0.05
-6.88800e-05,0.01,-0.03
-6.88000e-05,0.03,0.05
-6.87200e-05,0.03,-0.03
-6.86400e-05,0.03,0.05
-6.85600e-05,0.03,-0.03
-6.84800e-05,0.03,0.05
-6.84000e-05,0.03,-0.01
-6.83200e-05,0.01,0.05
-6.82400e-05,0.03,-0.03
-6.81600e-05,0.03,0.05
-6.80800e-05,0.03,-0.01
-6.80000e-05,0.03,0.03
-6.79200e-05,0.01,-0.01
-6.78400e-05,0.03,0.05
-6.77600e-05,0.01,-0.01
-6.76800e-05,0.03,0.05
-6.76000e-05,0.01,-0.01
-6.75200e-05,0.01,0.05
-6.74400e-05,0.03,-0.03
-6.73600e-05,0.03,0.05
-6.72800e-05,0.05,-0.03
-6.72000e-05,0.07,0.05
-6.71200e-05,0.03,-0.03
-6.70400e-05,0.01,0.11
-6.69600e-05,0.05,-0.05
-6.68800e-05,0.03,0.11
-6.68000e-05,0.03,-0.03
-6.67200e-05,0.01,0.05
-6.66400e-05,0.03,-0.01
-6.65600e-05,0.05,0.05
-6.64800e-05,0.01,-0.01
-6.64000e-05,0.03,0.05
-6.63200e-05,0.01,-0.01
-6.62400e-05,0.03,0.05
-6.61600e-05,0.01,-0.01
-6.60800e-05,0.03,0.05
-6.60000e-05,0.03,-0.03
-6.59200e-05,0.03,0.05
-6.58400e-05,0.03,-0.01
-6.57600e-05,0.01,0.05
-6.56800e-05,0.03,-0.03
-6.56000e-05,0.01,0.05
-6.55200e-05,0.05,-0.01
-6.54400e-05,0.01,0.05
-6.53600e-05,0.03,-0.03
-6.52800e-05,0.01,0.05
-6.52000e-05,0.03,-0.01
-6.51200e-05,0.01,0.05
-6.50400e-05,0.01,-0.01
-6.49600e-05,0.03,0.05
-6.48800e-05,0.03,-0.03
-6.48000e-05,0.03,0.05
-6.47200e-05,0.01,-0.01
-6.46400e-05,0.01,0.05
-6.45600e-05,0.03,-0.01
-6.44800e-05,0.03,0.05
-6.44000e-05,0.03,-0.03
-6.43200e-05,0.03,0.05
-6.42400e-05,0.05,-0.01
-6.41600e-05,0.01,0.05
-6.40800e-05,0.03,-0.03
-6.40000e-05,0.03,0.05
-6.39200e-05,0.01,-0.01
-6.38400e-05,0.05,0.05
-6.37600e-05,0.03,-0.03
-6.36800e-05,0.03,0.05
-6.36000e-05,0.01,-0.01
-6.35200e-05,0.03,0.05
-6.34400e-05,0.05,-0.03
-6.33600e-05,0.01,0.05
-6.32800e-05,0.01,-0.03
-6.32000e-05,0.01,0.05
-6.31200e-05,0.05,-0.03
-6.30400e-05,0.03,0.07
-6.29600e-05,0.03,-0.03
-6.28800e-05,0.03,0.05
-6.28000e-05,0.03,-0.03
-6.27200e-05,0.03,0.07
-6.26400e-05,0.03,-0.01
-6.25600e-05,0.03,0.05
-6.24800e-05,0.01,-0.01
-6.24000e-05,0.05,0.05
-6.23200e-05,0.03,-0.01
-6.22400e-05,0.03,0.05
-6.21600e-05,0.01,-0.01
-6.20800e-05,0.03,0.05
-6.20000e-05,0.01,-0.01
-6.19200e-05,0.03,0.05
-6.18400e-05,0.03,-0.03
-6.17600e-05,0.01,0.05
-6.16800e-05,0.03,-0.03
-6.16000e-05,0.01,0.05
-6.15200e-05,0.03,-0.03
-6.14400e-05,0.01,0.05
-6.13600e-05,0.03,-0.01
-6.12800e-05,0.03,0.05
-6.12000e-05,0.03,-0.01
-6.11200e-05,0.03,0.05
-6.10400e-05,0.01,-0.03
-6.09600e-05,0.03,0.05
-6.08800e-05,0.03,-0.01
-6.08000e-05,0.03,0.05
-6.07200e-05,0.03,-0.01
-6.06400e-05,0.03,0.05
-6.05600e-05,0.03,-0.03
-6.04800e-05,0.03,0.05
-6.04000e-05,0.03,-0.01
-6.03200e-05,0.01,0.05
-6.02400e-05,0.03,-0.03
-6.01600e-05,0.01,0.05
-6.00800e-05,0.01,-0.03
-6.00000e-05,0.03,0.05
-5.99200e-05,0.03,-0.01
-5.98400e-05,0.05,0.05
-5.97600e-05,0.03,-0.03
-5.96800e-05,0.01,0.05
-5.96000e-05,0.01,-0.03
-5.95200e-05,0.03,0.07
-5.94400e-05,0.01,-0.03
-5.93600e-05,0.03,0.05
-5.92800e-05,0.01,-0.01
-5.92000e-05,0.03,0.05
-5.91200e-05,0.03,-0.01
-5.90400e-05,0.03,0.05
-5.89600e-05,0.03,-0.03
-5.88800e-05,0.03,0.05
-5.88000e-05,0.03,-0.03
-5.87200e-05,0.03,0.05
-5.86400e-05,0.03,-0.01
-5.85600e-05,0.03,0.05
-5.84800e-05,0.01,-0.01
-5.84000e-05,0.03,0.05
-5.83200e-05,0.03,-0.03
-5.82400e-05,0.03,0.05
-5.81600e-05,0.03,-0.01
-5.80800e-05,0.03,0.05
-5.80000e-05,0.01,-0.01
-5.79200e-05,0.01,0.05
-5.78400e-05,0.03,-0.01
-5.77600e-05,0.01,0.05
-5.76800e-05,0.03,-0.01
-5.76000e-05,0.01,0.05
-5.75200e-05,0.03,-0.01
-5.74400e-05,0.01,0.05
-5.73600e-05,0.03,-0.01
-5.72800e-05,0.03,0.05
-5.72000e-05,0.01,-0.01
-5.71200e-05,0.03,0.05
-5.70400e-05,0.03,-0.01
-5.69600e-05,0.03,0.05
-5.68800e-05,0.03,-0.01
-5.68000e-05,0.03,0.05
-5.67200e-05,0.03,-0.03
-5.66400e-05,0.01,0.07
-5.65600e-05,0.03,-0.01
-5.64800e-05,0.01,0.07
-5.64000e-05,0.05,-0.03
-5.63200e-05,0.01,0.05
-5.62400e-05,0.03,-0.01
-5.61600e-05,0.01,0.05
-5.60800e-05,0.01,-0.03
-5.60000e-05,0.03,0.05
-5.59200e-05,0.03,-0.03
-5.58400e-05,0.05,0.07
-5.57600e-05,0.01,-0.01
-5.56800e-05,0.01,0.05
-5.56000e-05,0.03,-0.01
-5.55200e-05,0.03,0.05
-5.54400e-05,0.03,-0.01
-5.53600e-05,0.03,0.05
-5.52800e-05,0.03,-0.03
-5.52000e-05,0.03,0.05
-5.51200e-05,0.03,-0.03
-5.50400e-05,0.01,0.05
-5.49600e-05,0.03,-0.03
-5.48800e-05,0.03,0.05
-5.48000e-05,0.03,-0.03
-5.47200e-05,0.03,0.05
-5.46400e-05,0.03,-0.01
-5.45600e-05,0.03,0.05
-5.44800e-05,0.03,-0.03
-5.44000e-05,0.03,0.05
-5.43200e-05,0.01,-0.01
-5.42400e-05,0.05,0.05
-5.41600e-05,0.01,-0.03
-5.40800e-05,0.05,0.05
-5.40000e-05,0.03,-0.03
-5.39200e-05,0.03,0.05
-5.38400e-05,0.03,-0.03
-5.37600e-05,0.03,0.05
-5.36800e-05,0.03,-0.01
-5.36000e-05,0.01,0.05
-5.35200e-05,0.03,-0.01
-5.34400e-05,0.01,0.05
-5.33600e-05,0.03,-0.03
-5.32800e-05,0.01,0.05
-5.32000e-05,0.03,-0.01
-5.31200e-05,0.01,0.05
-5.30400e-05,0.03,-0.03
-5.29600e-05,0.03,0.05
-5.28800e-05,0.01,-0.03
-5.28000e-05,0.05,0.05
-5.27200e-05,0.05,-0.05
-5.26400e-05,0.03,0.05
-5.25600e-05,0.03,-0.05
-5.24800e-05,0.01,0.07
-5.24000e-05,0.03,-0.03
-5.23200e-05,-0.01,0.05
-5.22400e-05,0.03,-0.01
-5.21600e-05,0.01,0.05
-5.20800e-05,0.03,-0.03
-5.20000e-05,0.03,0.05
-5.19200e-05,0.01,-0.03
-5.18400e-05,0.03,0.05
-5.17600e-05,0.03,-0.03
-5.16800e-05,0.03,0.05
-5.16000e-05,0.01,-0.01
-5.15200e-05,0.05,0.05
-5.14400e-05,0.03,-0.03
-5.13600e-05,0.05,0.05
-5.12800e-05,0.05,-0.03
-5.12000e-05,0.01,0.05
-5.11200e-05,0.03,-0.03
-5.10400e-05,0.01,0.05
-5.09600e-05,0.03,-0.03
-5.08800e-05,0.01,0.05
-5.08000e-05,0.03,-0.03
-5.07200e-05,0.03,0.05
-5.06400e-05,0.03,-0.03
-5.05600e-05,0.03,0.05
-5.04800e-05,0.01,-0.03
-5.04000e-05,0.03,0.05
-5.03200e-05,0.01,-0.01
-5.02400e-05,0.03,0.05
-5.01600e-05,0.01,-0.01
-5.00800e-05,0.03,0.05
-5.00000e-05,0.03,-0.01
-4.99200e-05,0.01,0.05
-4.98400e-05,0.05,-0.01
-4.97600e-05,0.01,0.05
-4.96800e-05,0.03,-0.01
-4.96000e-05,0.01,0.05
-4.95200e-05,0.01,-0.01
-4.94400e-05,0.01,0.05
-4.93600e-05,0.03,-0.03
-4.92800e-05,0.03,0.05
-4.92000e-05,0.01,-0.03
-4.91200e-05,0.03,0.05
-4.90400e-05,-0.01,-0.03
-4.89600e-05,0.03,0.07
-4.88800e-05,0.01,-0.03
-4.88000e-05,0.05,0.05
-4.87200e-05,0.01,-0.01
-4.86400e-05,0.05,0.05
-4.85600e-05,0.03,-0.03
-4.84800e-05,0.03,0.05
-4.84000e-05,0.05,-0.01
-4.83200e-05,0.01,0.05
-4.82400e-05,0.05,-0.01
-4.81600e-05,0.03,0.05
-4.80800e-05,0.05,-0.03
-4.80000e-05,0.03,0.05
-4.79200e-05,0.03,-0.03
-4.78400e-05,0.05,0.05
-4.77600e-05,0.01,-0.03
-4.76800e-05,0.03,0.05
-4.76000e-05,0.01,-0.01
-4.75200e-05,0.05,0.05
-4.74400e-05,0.03,-0.01
-4.73600e-05,0.01,0.05
-4.72800e-05,0.03,-0.03
-4.72000e-05,0.03,0.05
-4.71200e-05,0.05,-0.03
-4.70400e-05,0.03,0.07
-4.69600e-05,0.05,-0.03
-4.68800e-05,0.01,0.05
-4.68000e-05,0.05,-0.01
-4.67200e-05,0.03,0.07
-4.66400e-05,0.03,-0.01
-4.65600e-05,0.03,0.07
-4.64800e-05,0.01,-0.03
-4.64000e-05,0.03,0.05
-4.63200e-05,0.01,-0.01
-4.62400e-05,0.03,0.05
-4.61600e-05,0.03,-0.03
-4.60800e-05,0.03,0.05
-4.60000e-05,0.03,-0.01
-4.59200e-05,0.03,0.05
-4.58400e-05,0.05,-0.03
-4.57600e-05,0.01,0.05
-4.56800e-05,0.03,-0.03
-4.56000e-05,0.03,0.05
-4.55200e-05,0.03,-0.03
-4.54400e-05,0.05,0.05
-4.53600e-05,0.05,-0.03
-4.52800e-05,0.03,0.07
-4.52000e-05,0.03,-0.03
-4.51200e-05,0.03,0.05
-4.50400e-05,0.01,-0.03
-4.49600e-05,0.05,0.05
-4.48800e-05,0.01,-0.01
-4.48000e-05,0.03,0.05
-4.47200e-05,0.01,-0.03
-4.46400e-05,0.03,0.05
-4.45600e-05,0.01,-0.01
-4.44800e-05,0.03,0.05
-4.44000e-05,0.03,-0.03
-4.43200e-05,0.03,0.05
-4.42400e-05,0.03,-0.01
-4.41600e-05,0.01,0.05
-4.40800e-05,0.03,-0.01
-4.40000e-05,0.03,0.05
-4.39200e-05,0.01,-0.01
-4.38400e-05,0.03,0.05
-4.37600e-05,0.01,-0.03
-4.36800e-05,0.03,0.05
-4.36000e-05,0.01,-0.01
-4.35200e-05,0.03,0.05
-4.34400e-05,0.03,-0.01
-4.33600e-05,0.03,0.05
-4.32800e-05,0.03,-0.03
-4.32000e-05,0.03,0.05
-4.31200e-05,0.03,-0.03
-4.30400e-05,0.01,0.05
-4.29600e-05,0.05,-0.01
-4.28800e-05,0.01,0.05
-4.28000e-05,0.05,-0.03
-4.27200e-05,0.03,0.05
-4.26400e-05,0.03,-0.01
-4.25600e-05,0.03,0.05
-4.24800e-05,0.01,-0.03
-4.24000e-05,0.01,0.05
-4.23200e-05,0.01,-0.03
-4.22400e-05,0.03,0.05
-4.21600e-05,0.01,-0.03
-4.20800e-05,0.03,0.05
-4.20000e-05,0.03,-0.03
-4.19200e-05,0.03,0.05
-4.18400e-05,0.03,-0.01
-4.17600e-05,0.01,0.05
-4.16800e-05,0.03,-0.03
-4.16000e-05,0.01,0.05
-4.15200e-05,0.03,-0.03
-4.14400e-05,0.03,0.05
-4.13600e-05,0.01,-0.01
-4.12800e-05,0.05,0.05
-4.12000e-05,0.01,-0.03
-4.11200e-05,0.01,0.05
-4.10400e-05,0.03,-0.01
-4.09600e-05,0.03,0.05
-4.08800e-05,0.03,-0.01
-4.08000e-05,0.03,0.05
-4.07200e-05,0.01,-0.03
-4.06400e-05,0.03,0.05
-4.05600e-05,0.01,-0.03
-4.04800e-05,0.01,0.05
-4.04000e-05,0.03,-0.03
-4.03200e-05,0.03,0.05
-4.02400e-05,0.05,-0.03
-4.01600e-05,0.03,0.05
-4.00800e-05,0.03,-0.03
-4.00000e-05,0.03,0.07
-3.99200e-05,0.03,-0.03
-3.98400e-05,0.03,0.05
-3.97600e-05,0.01,-0.03
-3.96800e-05,0.03,0.05
-3.96000e-05,0.01,-0.01
-3.95200e-05,0.03,0.05
-3.94400e-05,0.03,-0.01
-3.93600e-05,0.03,0.05
-3.92800e-05,0.03,-0.03
-3.92000e-05,0.01,0.05
-3.91200e-05,0.05,-0.01
-3.90400e-05,-0.01,0.05
-3.89600e-05,0.05,-0.03
-3.88800e-05,0.03,0.05
-3.88000e-05,0.05,-0.01
-3.87200e-05,0.03,0.05
-3.86400e-05,0.03,-0.03
-3.85600e-05,0.05,0.05
-3.84800e-05,0.01,-0.03
-3.84000e-05,0.03,0.05
-3.83200e-05,0.03,-0.03
-3.82400e-05,0.03,0.05
-3.81600e-05,0.03,-0.03
-3.80800e-05,0.03,0.05
-3.80000e-05,0.01,-0.03
-3.79200e-05,-0.01,0.07
-3.78400e-05,0.05,-0.03
-3.77600e-05,0.01,0.07
-3.76800e-05,0.03,-0.03
-3.76000e-05,0.01,0.05
-3.75200e-05,0.03,-0.01
-3.74400e-05,0.01,0.07
-3.73600e-05,0.01,-0.03
-3.72800e-05,0.03,0.05
-3.72000e-05,0.03,-0.01
-3.71200e-05,0.03,0.05
-3.70400e-05,0.01,-0.01
-3.69600e-05,0.03,0.05
-3.68800e-05,0.03,-0.03
-3.68000e-05,0.03,0.05
-3.67200e-05,0.03,-0.03
-3.66400e-05,0.03,0.07
-3.65600e-05,0.03,-0.03
-3.64800e-05,0.01,0.05
-3.64000e-05,0.05,-0.03
-3.63200e-05,0.01,0.05
-3.62400e-05,0.03,-0.01
-3.61600e-05,0.03,0.05
-3.60800e-05,0.03,-0.03
-3.60000e-05,0.03,0.05
-3.59200e-05,0.01,-0.03
-3.58400e-05,0.05,0.05
-3.57600e-05,0.01,-0.03
-3.56800e-05,0.03,0.05
-3.56000e-05,0.01,-0.03
-3.55200e-05,0.03,0.05
-3.54400e-05,0.01,-0.03
-3.53600e-05,0.01,0.05
-3.52800e-05,0.03,-0.01
-3.52000e-05,0.03,0.05
-3.51200e-05,0.03,-0.03
-3.50400e-05,0.01,0.05
-3.49600e-05,0.03,-0.01
-3.48800e-05,0.01,0.05
-3.48000e-05,0.03,-0.01
-3.47200e-05,0.03,0.05
-3.46400e-05,0.01,-0.03
-3.45600e-05,0.03,0.05
-3.44800e-05,0.01,-0.01
-3.44000e-05,0.05,0.05
-3.43200e-05,0.01,-0.01
-3.42400e-05,0.03,0.05
-3.41600e-05,0.03,-0.01
-3.40800e-05,0.03,0.05
-3.40000e-05,0.03,-0.01
-3.39200e-05,0.03,0.05
-3.38400e-05,0.03,-0.03
-3.37600e-05,0.01,0.05
-3.36800e-05,0.03,-0.01
-3.36000e-05,0.01,0.05
-3.35200e-05,0.03,-0.01
-3.34400e-05,0.03,0.05
-3.33600e-05,0.03,-0.01
-3.32800e-05,0.03,0.05
-3.32000e-05,0.01,-0.03
-3.31200e-05,0.01,0.05
-3.30400e-05,0.01,-0.05
-3.29600e-05,0.05,0.07
-3.28800e-05,0.03,-0.01
-3.28000e-05,0.03,0.05
-3.27200e-05,0.01,-0.03
-3.26400e-05,0.03,0.05
-3.25600e-05,0.03,-0.01
-3.24800e-05,0.01,0.05
-3.24000e-05,0.03,-0.01
-3.23200e-05,0.01,0.05
-3.22400e-05,0.03,-0.03
-3.21600e-05,0.01,0.05
-3.20800e-05,0.03,-0.01
-3.20000e-05,0.03,0.05
-3.19200e-05,0.03,-0.03
-3.18400e-05,0.05,0.05
-3.17600e-05,0.01,-0.01
-3.16800e-05,0.05,0.07
-3.16000e-05,0.01,-0.01
-3.15200e-05,0.05,0.05
-3.14400e-05,0.03,-0.03
-3.13600e-05,0.03,0.07
-3.12800e-05,0.01,-0.01
-3.12000e-05,0.03,0.05
-3.11200e-05,0.03,-0.01
-3.10400e-05,0.03,0.05
-3.09600e-05,0.03,-0.03
-3.08800e-05,0.05,0.05
-3.08000e-05,0.05,-0.03
-3.07200e-05,-0.01,0.07
-3.06400e-05,0.01,-0.03
-3.05600e-05,0.03,0.07
-3.04800e-05,0.03,-0.03
-3.04000e-05,0.03,0.07
-3.03200e-05,0.01,-0.03
-3.02400e-05,0.03,0.07
-3.01600e-05,0.03,-0.01
-3.00800e-05,0.03,0.05
-3.00000e-05,0.03,-0.03
-2.99200e-05,0.05,0.05
-2.98400e-05,0.03,-0.03
-2.97600e-05,0.03,0.05
-2.96800e-05,0.05,-0.03
-2.96000e-05,0.01,0.05
-2.95200e-05,0.03,-0.03
-2.94400e-05,0.03,0.05
-2.93600e-05,0.03,-0.03
-2.92800e-05,0.03,0.05
-2.92000e-05,0.03,-0.01
-2.91200e-05,0.03,0.05
-2.90400e-05,0.03,-0.01
-2.89600e-05,0.03,0.05
-2.88800e-05,0.01,-0.01
-2.88000e-05,0.03,0.05
-2.87200e-05,0.03,-0.01
-2.86400e-05,0.01,0.05
-2.85600e-05,0.03,-0.01
-2.84800e-05,0.01,0.05
-2.84000e-05,0.03,-0.03
-2.83200e-05,0.03,0.05
-2.82400e-05,0.03,-0.03
-2.81600e-05,0.03,0.05
-2.80800e-05,0.03,-0.01
-2.80000e-05,0.03,0.05
-2.79200e-05,0.03,-0.03
-2.78400e-05,0.03,0.05
-2.77600e-05,0.01,-0.03
-2.76800e-05,0.03,0.05
-2.76000e-05,0.01,-0.03
-2.75200e-05,0.03,0.05
-2.74400e-05,0.03,-0.01
-2.73600e-05,0.03,0.05
-2.72800e-05,0.03,-0.01
-2.72000e-05,0.03,0.05
-2.71200e-05,0.03,-0.01
-2.70400e-05,0.01,0.05
-2.69600e-05,0.05,-0.03
-2.68800e-05,0.01,0.05
-2.68000e-05,0.05,-0.03
-2.67200e-05,0.03,0.07
-2.66400e-05,0.03,-0.03
-2.65600e-05,0.05,0.05
-2.64800e-05,0.01,-0.03
-2.64000e-05,0.03,0.05
-2.63200e-05,0.01,-0.01
-2.62400e-05,0.03,0.05
-2.61600e-05,0.01,-0.01
-2.60800e-05,0.01,0.05
-2.60000e-05,0.03,-0.01
-2.59200e-05,0.01,0.05
-2.58400e-05,0.05,-0.01
-2.57600e-05,0.03,0.05
-2.56800e-05,0.03,-0.03
-2.56000e-05,0.03,0.05
-2.55200e-05,0.03,-0.01
-2.54400e-05,0.03,0.05
-2.53600e-05,0.03,-0.01
-2.52800e-05,0.03,0.05
-2.52000e-05,0.03,-0.03
-2.51200e-05,0.03,0.05
-2.50400e-05,0.01,-0.01
-2.49600e-05,0.03,0.05
-2.48800e-05,0.03,-0.01
-2.48000e-05,0.01,0.05
-2.47200e-05,0.03,-0.03
-2.46400e-05,0.03,0.05
-2.45600e-05,0.05,-0.03
-2.44800e-05,0.01,0.05
-2.44000e-05,0.05,-0.01
-2.43200e-05,0.01,0.07
-2.42400e-05,0.05,-0.03
-2.41600e-05,0.03,0.05
-2.40800e-05,0.03,-0.01
-2.40000e-05,0.03,0.05
-2.39200e-05,0.03,-0.03
-2.38400e-05,0.03,0.05
-2.37600e-05,0.01,-0.05
-2.36800e-05,0.03,0.05
-2.36000e-05,0.01,-0.03
-2.35200e-05,0.01,0.07
-2.34400e-05,0.01,-0.03
-2.33600e-05,0.01,0.07
-2.32800e-05,0.03,-0.03
-2.32000e-05,0.03,0.07
-2.31200e-05,0.03,-0.03
-2.30400e-05,0.03,0.05
-2.29600e-05,0.05,-0.03
-2.28800e-05,0.03,0.05
-2.28000e-05,0.03,-0.01
-2.27200e-05,0.05,0.05
-2.26400e-05,0.03,-0.03
-2.25600e-05,0.03,0.05
-2.24800e-05,0.03,-0.01
-2.24000e-05,0.03,0.05
-2.23200e-05,0.03,-0.01
-2.22400e-05,0.03,0.05
-2.21600e-05,0.03,-0.03
-2.20800e-05,0.03,0.05
-2.20000e-05,0.01,-0.01
-2.19200e-05,0.03,0.05
-2.18400e-05,0.03,-0.03
-2.17600e-05,0.01,0.05
-2.16800e-05,0.03,-0.03
-2.16000e-05,0.03,0.05
-2.15200e-05,0.03,-0.01
-2.14400e-05,0.03,0.05
-2.13600e-05,0.01,-0.01
-2.12800e-05,0.05,0.05
-2.12000e-05,0.03,-0.01
-2.11200e-05,0.03,0.05
-2.10400e-05,0.03,-0.01
-2.09600e-05,0.03,0.05
-2.08800e-05,0.03,-0.03
-2.08000e-05,0.03,0.05
-2.07200e-05,0.03,-0.01
-2.06400e-05,0.03,0.05
-2.05600e-05,0.03,-0.01
-2.04800e-05,0.01,0.05
-2.04000e-05,0.03,-0.03
-2.03200e-05,0.01,0.05
-2.02400e-05,0.03,-0.01
-2.01600e-05,0.03,0.05
-2.00800e-05,0.03,-0.01
-2.00000e-05,0.03,0.05
-1.99200e-05,0.03,-0.01
-1.98400e-05,0.03,0.03
-1.97600e-05,0.03,-0.01
-1.96800e-05,0.03,0.03
-1.96000e-05,0.03,-0.01
-1.95200e-05,0.03,0.05
-1.94400e-05,0.01,-0.01
-1.93600e-05,0.01,0.05
-1.92800e-05,0.05,-0.03
-1.92000e-05,0.01,0.05
-1.91200e-05,0.03,-0.01
-1.90400e-05,0.01,0.07
-1.89600e-05,0.03,-0.03
-1.88800e-05,0.01,0.05
-1.88000e-05,0.03,-0.01
-1.87200e-05,0.03,0.05
-1.86400e-05,0.01,-0.01
-1.85600e-05,0.03,0.05
-1.84800e-05,0.03,-0.01
-1.84000e-05,0.03,0.05
-1.83200e-05,0.03,-0.01
-1.82400e-05,0.03,0.05
-1.81600e-05,0.03,-0.01
-1.80800e-05,0.03,0.05
-1.80000e-05,0.03,-0.03
-1.79200e-05,0.01,0.05
-1.78400e-05,0.03,-0.03
-1.77600e-05,0.03,0.03
-1.76800e-05,0.03,-0.03
-1.76000e-05,0.01,0.05
-1.75200e-05,0.03,-0.01
-1.74400e-05,0.03,0.05
-1.73600e-05,0.01,-0.01
-1.72800e-05,0.03,0.05
-1.72000e-05,0.01,-0.01
-1.71200e-05,0.07,0.05
-1.70400e-05,0.03,-0.03
-1.69600e-05,0.03,0.11
-1.68800e-05,0.05,-0.05
-1.68000e-05,0.03,0.07
-1.67200e-05,0.03,-0.03
-1.66400e-05,0.03,0.05
-1.65600e-05,0.05,-0.01
-1.64800e-05,0.01,0.05
-1.64000e-05,0.05,-0.01
-1.63200e-05,0.01,0.05
-1.62400e-05,0.03,-0.03
-1.61600e-05,0.03,0.05
-1.60800e-05,0.01,-0.03
-1.60000e-05,0.03,0.07
-1.59200e-05,0.03,-0.01
-1.58400e-05,0.03,0.05
-1.57600e-05,0.03,-0.03
-1.56800e-05,0.03,0.05
-1.56000e-05,0.03,-0.03
-1.55200e-05,0.03,0.05
-1.54400e-05,0.03,-0.03
-1.53600e-05,0.05,0.05
-1.52800e-05,0.03,-0.01
-1.52000e-05,0.03,0.05
-1.51200e-05,0.03,-0.03
-1.50400e-05,0.01,0.05
-1.49600e-05,0.03,-0.03
-1.48800e-05,0.03,0.05
-1.48000e-05,0.01,-0.03
-1.47200e-05,0.05,0.05
-1.46400e-05,0.03,-0.03
-1.45600e-05,0.03,0.07
-1.44800e-05,0.01,-0.03
-1.44000e-05,0.03,0.05
-1.43200e-05,0.03,-0.03
-1.42400e-05,0.03,0.05
-1.41600e-05,0.03,-0.01
-1.40800e-05,0.03,0.05
-1.40000e-05,0.03,-0.03
-1.39200e-05,0.01,0.05
-1.38400e-05,0.05,-0.03
-1.37600e-05,0.01,0.05
-1.36800e-05,0.03,-0.01
-1.36000e-05,0.01,0.05
-1.35200e-05,0.03,-0.03
-1.34400e-05,0.03,0.07
-1.33600e-05,0.03,-0.01
-1.32800e-05,0.03,0.05
-1.32000e-05,0.03,-0.03
-1.31200e-05,0.03,0.05
-1.30400e-05,0.03,-0.01
-1.29600e-05,0.03,0.05
-1.28800e-05,0.01,-0.01
-1.28000e-05,0.05,0.05
-1.27200e-05,0.01,-0.01
-1.26400e-05,0.03,0.05
-1.25600e-05,0.03,-0.01
-1.24800e-05,0.03,0.05
-1.24000e-05,0.05,-0.01
-1.23200e-05,0.01,0.07
-1.22400e-05,0.01,-0.03
-1.21600e-05,0.03,0.05
-1.20800e-05,0.03,-0.03
-1.20000e-05,0.03,0.07
-1.19200e-05,0.03,-0.03
-1.18400e-05,0.03,0.05
-1.17600e-05,0.01,-0.03
-1.16800e-05,0.05,0.05
-1.16000e-05,0.03,-0.03
-1.15200e-05,0.03,0.05
-1.14400e-05,0.03,-0.01
-1.13600e-05,0.03,0.05
-1.12800e-05,0.03,-0.03
-1.12000e-05,0.01,0.05
-1.11200e-05,0.03,-0.01
-1.10400e-05,0.01,0.07
-1.09600e-05,0.03,-0.01
-1.08800e-05,0.03,0.05
-1.08000e-05,0.03,-0.03
-1.07200e-05,0.03,0.05
-1.06400e-05,0.01,-0.01
-1.05600e-05,0.03,0.05
-1.04800e-05,0.01,-0.01
-1.04000e-05,0.03,0.05
-1.03200e-05,0.01,-0.01
-1.02400e-05,0.05,0.05
-1.01600e-05,0.01,-0.01
-1.00800e-05,0.03,0.05
-1.00000e-05,0.03,-0.01
-9.92000e-06,0.03,0.05
-9.84000e-06,0.05,-0.01
-9.76000e-06,0.03,0.05
-9.68000e-06,0.05,-0.01
-9.60000e-06,0.03,0.05
-9.52000e-06,0.03,-0.01
-9.44000e-06,0.03,0.05
-9.36000e-06,0.03,-0.01
-9.28000e-06,0.01,0.07
-9.20000e-06,0.05,-0.01
-9.12000e-06,0.01,0.05
-9.04000e-06,-0.01,-0.03
-8.96000e-06,0.01,0.05
-8.88000e-06,0.01,-0.03
-8.80000e-06,0.07,0.07
-8.72000e-06,0.05,-0.05
-8.64000e-06,0.01,0.07
-8.56000e-06,0.05,-0.03
-8.48000e-06,0.01,0.07
-8.40000e-06,0.03,-0.03
-8.32000e-06,-0.01,0.05
-8.24000e-06,0.03,-0.03
-8.16000e-06,0.01,0.05
-8.08000e-06,0.03,-0.01
-8.00000e-06,0.03,0.05
-7.92000e-06,0.03,-0.01
-7.84000e-06,0.03,0.05
-7.76000e-06,0.01,-0.03
-7.68000e-06,0.03,0.05
-7.60000e-06,0.01,-0.03
-7.52000e-06,0.03,0.05
-7.44000e-06,0.01,-0.03
-7.36000e-06,0.01,0.05
-7.28000e-06,0.03,-0.03
-7.20000e-06,0.03,0.05
-7.12000e-06,0.03,-0.05
-7.04000e-06,0.03,0.05
-6.96000e-06,0.03,-0.03
-6.88000e-06,0.03,0.07
-6.80000e-06,0.05,-0.01
-6.72000e-06,0.03,0.05
-6.64000e-06,0.05,-0.01
-6.56000e-06,0.05,0.07
-6.48000e-06,0.03,-0.01
-6.40000e-06,0.05,0.07
-6.32000e-06,0.03,-0.01
-6.24000e-06,0.05,0.07
-6.16000e-06,0.03,-0.01
-6.08000e-06,0.07,0.07
-6.00000e-06,0.05,0.01
-5.92000e-06,0.07,0.09
-5.84000e-06,0.07,0.03
-5.76000e-06,0.09,0.09
-5.68000e-06,0.07,0.03
-5.60000e-06,0.07,0.11
-5.52000e-06,0.07,0.03
-5.44000e-06,0.07,0.09
-5.36000e-06,0.05,0.03
-5.28000e-06,0.05,0.09
-5.20000e-06,0.07,0.01
-5.12000e-06,0.05,0.07
-5.04000e-06,0.05,-0.01
-4.96000e-06,0.03,0.07
-4.88000e-06,0.03,-0.01
-4.80000e-06,0.05,0.07
-4.72000e-06,0.03,0.01
-4.64000e-06,0.05,0.07
-4.56000e-06,0.05,0.01
-4.48000e-06,0.03,0.07
-4.40000e-06,0.03,-0.01
-4.32000e-06,0.05,0.07
-4.24000e-06,0.05,-0.01
-4.16000e-06,0.03,0.07
-4.08000e-06,0.05,0.01
-4.00000e-06,0.03,0.07
-3.92000e-06,0.05,0.01
-3.84000e-06,0.05,0.07
-3.76000e-06,0.03,-0.01
-3.68000e-06,0.03,0.07
-3.60000e-06,0.05,-0.01
-3.52000e-06,0.05,0.07
-3.44000e-06,0.05,-0.01
-3.36000e-06,0.03,0.07
-3.28000e-06,0.05,-0.01
-3.20000e-06,0.05,0.07
-3.12000e-06,0.05,-0.01
-3.04000e-06,0.03,0.07
-2.96000e-06,0.03,-0.01
-2.88000e-06,0.03,0.05
-2.80000e-06,0.05,-0.01
-2.72000e-06,0.05,0.07
-2.64000e-06,0.05,-0.01
-2.56000e-06,0.05,0.05
-2.48000e-06,0.03,-0.01
-2.40000e-06,0.03,0.07
-2.32000e-06,0.03,-0.01
-2.24000e-06,0.05,0.05
-2.16000e-06,0.03,-0.01
-2.08000e-06,0.05,0.05
-2.00000e-06,0.03,-0.01
-1.92000e-06,0.03,0.05
-1.84000e-06,0.03,-0.01
-1.76000e-06,0.03,0.05
-1.68000e-06,0.03,-0.01
-1.60000e-06,0.03,0.05
-1.52000e-06,0.03,-0.01
-1.44000e-06,0.03,0.07
-1.36000e-06,0.03,-0.01
-1.28000e-06,0.03,0.07
-1.20000e-06,0.03,-0.01
-1.12000e-06,0.05,0.05
-1.04000e-06,0.03,-0.01
-9.60000e-07,0.03,0.05
-8.80000e-07,0.03,-0.01
-8.00000e-07,0.03,0.05
-7.20000e-07,0.03,-0.01
-6.40000e-07,0.05,0.05
-5.60000e-07,0.01,-0.01
-4.80000e-07,0.03,0.05
-4.00000e-07,0.03,-0.01
-3.20000e-07,0.03,0.05
-2.40000e-07,0.03,-0.01
-1.60000e-07,0.03,0.05
-8.00000e-08,0.03,-0.01
3.55206e-15,0.09,0.05
8.00000e-08,0.61,-0.01
1.60000e-07,0.95,0.09
2.40000e-07,1.23,0.07
3.20000e-07,1.41,0.95
4.00000e-07,1.49,0.93
4.80000e-07,1.49,1.41
5.60000e-07,1.43,1.39
6.40000e-07,1.33,1.51
7.20000e-07,1.25,1.33
8.00000e-07,1.15,1.49
8.80000e-07,1.07,1.13
9.60000e-07,1.01,1.35
1.04000e-06,0.99,0.99
1.12000e-06,0.97,1.15
1.20000e-06,0.97,0.93
1.28000e-06,0.97,1.03
1.36000e-06,1.01,0.93
1.44000e-06,1.03,0.99
1.52000e-06,1.05,0.95
1.60000e-06,1.07,1.03
1.68000e-06,1.07,1.01
1.76000e-06,1.07,1.07
1.84000e-06,1.09,1.03
1.92000e-06,1.09,1.11
2.00000e-06,1.09,1.05
2.08000e-06,1.09,1.11
2.16000e-06,1.07,1.05
2.24000e-06,1.05,1.11
2.32000e-06,1.07,1.03
2.40000e-06,1.07,1.09
2.48000e-06,1.05,1.03
2.56000e-06,1.07,1.09
2.64000e-06,1.07,1.03
2.72000e-06,1.07,1.09
2.80000e-06,1.09,1.03
2.88000e-06,1.09,1.09
2.96000e-06,1.09,1.03
3.04000e-06,1.07,1.09
3.12000e-06,1.09,1.03
3.20000e-06,1.09,1.09
3.28000e-06,1.09,1.03
3.36000e-06,1.09,1.09
3.44000e-06,1.09,1.03
3.52000e-06,1.09,1.09
3.60000e-06,1.07,1.03
3.68000e-06,1.07,1.09
3.76000e-06,1.07,1.03
3.84000e-06,1.07,1.09
3.92000e-06,1.07,1.05
4.00000e-06,1.07,1.09
4.08000e-06,1.07,1.03
4.16000e-06,1.07,1.09
4.24000e-06,1.09,1.03
4.32000e-06,1.09,1.09
4.40000e-06,1.07,1.03
4.48000e-06,1.07,1.09
4.56000e-06,1.09,1.05
4.64000e-06,1.09,1.09
4.72000e-06,1.09,1.03
4.80000e-06,1.09,1.09
4.88000e-06,1.09,1.03
4.96000e-06,1.07,1.09
5.04000e-06,1.07,1.05
5.12000e-06,1.07,1.11
5.20000e-06,1.09,1.05
5.28000e-06,1.07,1.09
5.36000e-06,1.09,1.03
5.44000e-06,1.05,1.11
5.52000e-06,1.07,1.03
5.60000e-06,1.09,1.11
5.68000e-06,1.07,1.03
5.76000e-06,1.09,1.11
5.84000e-06,1.09,1.03
5.92000e-06,1.09,1.11
6.00000e-06,1.09,1.05
6.08000e-06,1.07,1.09
6.16000e-06,1.09,1.03
6.24000e-06,1.09,1.09
6.32000e-06,1.09,1.05
6.40000e-06,1.09,1.09
6.48000e-06,1.09,1.03
6.56000e-06,1.07,1.09
6.64000e-06,1.07,1.03
6.72000e-06,1.07,1.09
6.80000e-06,1.07,1.05
6.88000e-06,1.09,1.11
6.96000e-06,1.09,1.05
7.04000e-06,1.09,1.11
7.12000e-06,1.09,1.05
7.20000e-06,1.07,1.09
7.28000e-06,1.07,1.03
7.36000e-06,1.07,1.09
7.44000e-06,1.07,1.03
7.52000e-06,1.09,1.09
7.60000e-06,1.09,1.03
7.68000e-06,1.09,1.09
7.76000e-06,1.07,1.03
7.84000e-06,1.09,1.11
7.92000e-06,1.07,1.03
8.00000e-06,1.07,1.11
8.08000e-06,1.07,1.05
8.16000e-06,1.07,1.11
8.24000e-06,1.09,1.05
8.32000e-06,1.07,1.09
8.40000e-06,1.07,1.05
8.48000e-06,1.09,1.09
8.56000e-06,1.07,1.05
8.64000e-06,1.09,1.11
8.72000e-06,1.09,1.03
8.80000e-06,1.09,1.09
8.88000e-06,1.07,1.03
8.96000e-06,1.09,1.09
9.04000e-06,1.09,1.03
9.12000e-06,1.09,1.09
9.20000e-06,1.07,1.05
9.28000e-06,1.09,1.11
9.36000e-06,1.07,1.05
9.44000e-06,1.07,1.09
9.52000e-06,1.09,1.03
9.60000e-06,1.09,1.09
9.68000e-06,1.09,1.05
9.76000e-06,1.07,1.09
9.84000e-06,1.09,1.05
9.92000e-06,1.09,1.11
1.00000e-05,1.07,1.05
1.00800e-05,1.07,1.09
1.01600e-05,1.09,1.03
1.02400e-05,1.09,1.09
1.03200e-05,1.07,1.05
1.04000e-05,1.09,1.09
1.04800e-05,1.09,1.03
1.05600e-05,1.09,1.11
1.06400e-05,1.09,1.05
1.07200e-05,1.09,1.09
1.08000e-05,1.09,1.03
1.08800e-05,1.07,1.11
1.09600e-05,1.09,1.03
1.10400e-05,1.09,1.09
1.11200e-05,1.09,1.05
1.12000e-05,1.07,1.09
1.12800e-05,1.07,1.03
1.13600e-05,1.09,1.11
1.14400e-05,1.09,1.05
1.15200e-05,1.09,1.09
1.16000e-05,1.07,1.05
1.16800e-05,1.09,1.11
1.17600e-05,1.07,1.03
1.18400e-05,1.07,1.11
1.19200e-05,1.09,1.05
1.20000e-05,1.09,1.11
1.20800e-05,1.09,1.03
1.21600e-05,1.09,1.09
1.22400e-05,1.07,1.03
1.23200e-05,1.09,1.11
1.24000e-05,1.07,1.03
1.24800e-05,1.09,1.11
1.25600e-05,1.07,1.03
1.26400e-05,1.09,1.09
1.27200e-05,1.07,1.03
1.28000e-05,1.09,1.11
1.28800e-05,1.11,1.03
1.29600e-05,1.11,1.09
1.30400e-05,1.09,1.03
1.31200e-05,1.09,1.11
1.32000e-05,1.07,1.03
1.32800e-05,1.09,1.11
1.33600e-05,1.07,1.03
1.34400e-05,1.09,1.09
1.35200e-05,1.07,1.03
1.36000e-05,1.07,1.11
1.36800e-05,1.07,1.03
1.37600e-05,1.07,1.11
1.38400e-05,1.07,1.03
1.39200e-05,1.07,1.11
1.40000e-05,1.07,1.05
1.40800e-05,1.09,1.09
1.41600e-05,1.07,1.03
1.42400e-05,1.09,1.11
1.43200e-05,1.09,1.05
1.44000e-05,1.07,1.11
1.44800e-05,1.09,1.03
1.45600e-05,1.07,1.09
1.46400e-05,1.09,1.05
1.47200e-05,1.07,1.09
1.48000e-05,1.07,1.03
1.48800e-05,1.09,1.09
1.49600e-05,1.09,1.05
1.50400e-05,1.07,1.09
1.51200e-05,1.07,1.03
1.52000e-05,1.09,1.09
1.52800e-05,1.07,1.03
1.53600e-05,1.07,1.09
1.54400e-05,1.09,1.05
1.55200e-05,1.13,1.09
1.56000e-05,1.07,1.03
1.56800e-05,1.09,1.13
1.57600e-05,1.09,1.03
1.58400e-05,1.09,1.09
1.59200e-05,1.09,1.05
1.60000e-05,1.07,1.09
1.60800e-05,1.09,1.05
1.61600e-05,1.09,1.09
1.62400e-05,1.07,1.03
1.63200e-05,1.09,1.09
1.64000e-05,1.07,1.03
1.64800e-05,1.09,1.09
1.65600e-05,1.09,1.03
1.66400e-05,1.09,1.09
1.67200e-05,1.07,1.03
1.68000e-05,1.07,1.09
1.68800e-05,1.07,1.03
1.69600e-05,1.09,1.09
1.70400e-05,1.07,1.03
1.71200e-05,1.09,1.09
1.72000e-05,1.09,1.03
1.72800e-05,1.09,1.09
1.73600e-05,1.09,1.03
1.74400e-05,1.07,1.09
1.75200e-05,1.09,1.03
1.76000e-05,1.07,1.09
1.76800e-05,1.09,1.03
1.77600e-05,1.09,1.09
1.78400e-05,1.07,1.03
1.79200e-05,1.09,1.09
1.80000e-05,1.07,1.03
1.80800e-05,1.07,1.09
1.81600e-05,1.09,1.03
1.82400e-05,1.09,1.09
1.83200e-05,1.07,1.03
1.84000e-05,1.09,1.09
1.84800e-05,1.09,1.03
1.85600e-05,1.09,1.09
1.86400e-05,1.07,1.03
1.87200e-05,1.07,1.09
1.88000e-05,1.07,1.03
1.88800e-05,1.09,1.09
1.89600e-05,1.09,1.03
1.90400e-05,1.07,1.09
1.91200e-05,1.05,1.03
1.92000e-05,1.07,1.09
1.92800e-05,1.07,1.03
1.93600e-05,1.09,1.09
1.94400e-05,1.09,1.03
1.95200e-05,1.09,1.11
1.96000e-05,1.07,1.03
1.96800e-05,1.07,1.09
1.97600e-05,1.07,1.03
1.98400e-05,1.09,1.09
1.99200e-05,1.07,1.05
2.00000e-05,1.07,1.11
2.00800e-05,1.09,1.03
2.01600e-05,1.09,1.09
2.02400e-05,1.09,1.03
2.03200e-05,1.07,1.11
2.04000e-05,1.05,1.03
2.04800e-05,1.09,1.09
2.05600e-05,1.07,1.03
2.06400e-05,1.07,1.09
2.07200e-05,1.07,1.03
2.08000e-05,1.09,1.09
2.08800e-05,1.07,1.03
2.09600e-05,1.07,1.09
2.10400e-05,1.09,1.03
2.11200e-05,1.07,1.09
2.12000e-05,1.09,1.03
2.12800e-05,1.07,1.09
2.13600e-05,1.09,1.03
2.14400e-05,1.07,1.09
2.15200e-05,1.09,1.03
2.16000e-05,1.07,1.09
2.16800e-05,1.09,1.03
2.17600e-05,1.07,1.09
2.18400e-05,1.07,1.03
2.19200e-05,1.09,1.09
2.20000e-05,1.07,1.03
2.20800e-05,1.07,1.09
2.21600e-05,1.05,1.03
2.22400e-05,1.07,1.09
2.23200e-05,1.07,1.03
2.24000e-05,1.07,1.09
2.24800e-05,1.07,1.03
2.25600e-05,1.07,1.09
2.26400e-05,1.09,1.03
2.27200e-05,1.09,1.09
2.28000e-05,1.07,1.03
2.28800e-05,1.07,1.09
2.29600e-05,1.07,1.03
2.30400e-05,1.07,1.09
2.31200e-05,1.07,1.03
2.32000e-05,1.07,1.09
2.32800e-05,1.07,1.03
2.33600e-05,1.09,1.09
2.34400e-05,1.07,1.03
2.35200e-05,1.07,1.09
2.36000e-05,1.09,1.03
2.36800e-05,1.07,1.09
2.37600e-05,1.07,1.03
2.38400e-05,1.07,1.09
2.39200e-05,1.09,1.03
2.40000e-05,1.07,1.09
2.40800e-05,1.09,1.03
2.41600e-05,1.07,1.09
2.42400e-05,1.07,1.03
2.43200e-05,1.07,1.09
2.44000e-05,1.07,1.03
2.44800e-05,1.07,1.09
2.45600e-05,1.07,1.03
2.46400e-05,1.09,1.09
2.47200e-05,1.05,1.03
2.48000e-05,1.07,1.09
2.48800e-05,1.07,1.03
2.49600e-05,1.07,1.09
2.50400e-05,1.07,1.01
2.51200e-05,1.05,1.09
2.52000e-05,1.09,1.03
2.52800e-05,1.07,1.09
2.53600e-05,1.07,1.03
2.54400e-05,1.07,1.09
2.55200e-05,1.07,1.03
2.56000e-05,1.07,1.09
2.56800e-05,1.07,1.03
2.57600e-05,1.07,1.09
2.58400e-05,1.07,1.03
2.59200e-05,1.07,1.09
2.60000e-05,1.07,1.03
2.60800e-05,1.07,1.09
2.61600e-05,0.89,1.03
2.62400e-05,0.99,1.09
2.63200e-05,1.01,0.61
2.64000e-05,1.01,1.07
2.64800e-05,0.99,0.93
2.65600e-05,0.99,1.07
2.66400e-05,0.99,0.95
2.67200e-05,1.03,1.03
2.68000e-05,1.03,0.97
2.68800e-05,1.05,1.03
2.69600e-05,1.07,0.97
2.70400e-05,1.09,1.07
2.71200e-05,1.09,1.01
2.72000e-05,1.09,1.09
2.72800e-05,1.09,1.05
2.73600e-05,1.09,1.11
2.74400e-05,1.09,1.05
2.75200e-05,1.09,1.11
2.76000e-05,1.07,1.03
2.76800e-05,1.03,1.11
2.77600e-05,1.07,1.03
2.78400e-05,1.07,1.09
2.79200e-05,1.05,1.03
2.80000e-05,1.07,1.09
2.80800e-05,1.05,1.03
2.81600e-05,1.07,1.09
2.82400e-05,1.07,1.01
2.83200e-05,1.07,1.07
2.84000e-05,1.05,1.03
2.84800e-05,1.09,1.09
2.85600e-05,1.07,1.03
2.86400e-05,1.05,1.09
2.87200e-05,1.07,1.01
2.88000e-05,1.07,1.09
2.88800e-05,1.07,1.03
2.89600e-05,1.05,1.09
2.90400e-05,1.07,1.01
2.91200e-05,1.05,1.09
2.92000e-05,1.07,1.01
2.92800e-05,1.05,1.07
2.93600e-05,1.05,1.01
2.94400e-05,1.05,1.07
2.95200e-05,1.05,1.01
2.96000e-05,1.05,1.07
2.96800e-05,1.05,1.03
2.97600e-05,1.07,1.07
2.98400e-05,1.07,1.01
2.99200e-05,1.07,1.07
3.00000e-05,1.07,1.03
3.00800e-05,1.05,1.09
3.01600e-05,1.07,1.01
3.02400e-05,1.07,1.09
3.03200e-05,1.07,1.03
3.04000e-05,1.07,1.09
3.04800e-05,1.07,1.01
3.05600e-05,1.07,1.09
3.06400e-05,1.05,1.03
3.07200e-05,1.07,1.09
3.08000e-05,1.07,1.03
3.08800e-05,1.07,1.09
3.09600e-05,1.07,1.03
3.10400e-05,1.09,1.09
3.11200e-05,1.07,1.03
3.12000e-05,1.07,1.09
3.12800e-05,1.07,1.03
3.13600e-05,1.07,1.09
3.14400e-05,1.07,1.03
3.15200e-05,1.07,1.09
3.16000e-05,1.07,1.03
3.16800e-05,1.07,1.09
3.17600e-05,1.07,1.03
3.18400e-05,1.07,1.09
3.19200e-05,1.07,1.03
3.20000e-05,1.07,1.09
3.20800e-05,1.07,1.03
3.21600e-05,1.09,1.09
3.22400e-05,1.07,1.03
3.23200e-05,1.07,1.09
3.24000e-05,1.05,1.03
3.24800e-05,1.07,1.09
3.25600e-05,1.07,1.03
3.26400e-05,1.07,1.09
3.27200e-05,1.07,1.03
3.28000e-05,1.07,1.09
3.28800e-05,1.07,1.03
3.29600e-05,1.33,1.09
3.30400e-05,1.13,1.01
3.31200e-05,1.11,1.53
3.32000e-05,1.15,1.07
3.32800e-05,1.13,1.29
3.33600e-05,1.13,1.07
3.34400e-05,1.13,1.15
3.35200e-05,1.11,1.09
3.36000e-05,1.09,1.15
3.36800e-05,1.07,1.07
3.37600e-05,1.07,1.15
3.38400e-05,1.05,1.03
3.39200e-05,1.05,1.11
3.40000e-05,1.05,1.01
3.40800e-05,1.05,1.09
3.41600e-05,1.05,1.01
3.42400e-05,1.05,1.07
3.43200e-05,1.05,1.01
3.44000e-05,1.07,1.07
3.44800e-05,1.07,1.01
3.45600e-05,1.05,1.09
3.46400e-05,1.05,1.01
3.47200e-05,1.05,1.09
3.48000e-05,1.07,1.01
3.48800e-05,1.07,1.11
3.49600e-05,1.09,1.03
3.50400e-05,1.07,1.09
3.51200e-05,1.07,1.01
3.52000e-05,1.07,1.09
3.52800e-05,1.07,1.03
3.53600e-05,1.07,1.09
3.54400e-05,1.03,1.01
3.55200e-05,1.07,1.09
3.56000e-05,1.07,1.03
3.56800e-05,1.05,1.09
3.57600e-05,1.09,1.03
3.58400e-05,1.07,1.09
3.59200e-05,1.09,1.03
3.60000e-05,1.07,1.09
3.60800e-05,1.07,1.03
3.61600e-05,1.07,1.09
3.62400e-05,1.07,1.03
3.63200e-05,1.07,1.09
3.64000e-05,1.07,1.03
3.64800e-05,1.07,1.09
3.65600e-05,1.07,1.03
3.66400e-05,1.07,1.09
3.67200e-05,1.05,1.03
3.68000e-05,1.07,1.09
3.68800e-05,1.05,1.03
3.69600e-05,1.07,1.09
3.70400e-05,1.09,1.01
3.71200e-05,1.07,1.09
3.72000e-05,1.09,1.03
3.72800e-05,1.07,1.09
3.73600e-05,1.07,1.03
3.74400e-05,1.09,1.09
3.75200e-05,1.07,1.03
3.76000e-05,1.07,1.09
3.76800e-05,1.07,1.03
3.77600e-05,1.09,1.09
3.78400e-05,1.07,1.03
3.79200e-05,1.07,1.09
3.80000e-05,1.07,1.03
3.80800e-05,1.07,1.09
3.81600e-05,1.07,1.03
3.82400e-05,1.07,1.09
3.83200e-05,1.07,1.03
3.84000e-05,1.05,1.09
3.84800e-05,1.07,1.03
3.85600e-05,1.07,1.09
3.86400e-05,1.07,1.03
3.87200e-05,1.09,1.09
3.88000e-05,1.07,1.03
3.88800e-05,1.07,1.09
3.89600e-05,1.09,1.03
3.90400e-05,1.07,1.09
3.91200e-05,1.07,1.01
3.92000e-05,1.09,1.09
3.92800e-05,1.07,1.03
3.93600e-05,1.07,1.09
3.94400e-05,1.05,1.03
3.95200e-05,1.09,1.09
3.96000e-05,1.07,1.03
3.96800e-05,1.09,1.09
3.97600e-05,1.07,1.03
3.98400e-05,1.09,1.09
3.99200e-05,1.07,1.03
4.00000e-05,1.09,1.09
4.00800e-05,1.09,1.03
4.01600e-05,1.07,1.09
4.02400e-05,1.07,1.03
4.03200e-05,1.07,1.09
4.04000e-05,1.07,1.03
4.04800e-05,1.09,1.09
4.05600e-05,1.07,1.03
4.06400e-05,1.07,1.09
4.07200e-05,1.07,1.03
4.08000e-05,1.07,1.11
4.08800e-05,1.05,1.03
4.09600e-05,1.07,1.09
4.10400e-05,1.07,1.03
4.11200e-05,1.07,1.09
4.12000e-05,1.07,1.03
4.12800e-05,1.05,1.09
4.13600e-05,1.05,1.03
4.14400e-05,1.07,1.09
4.15200e-05,1.09,1.01
4.16000e-05,1.09,1.09
4.16800e-05,1.09,1.01
4.17600e-05,1.07,1.09
4.18400e-05,1.07,1.03
4.19200e-05,1.07,1.09
4.20000e-05,1.07,1.03
4.20800e-05,1.09,1.09
4.21600e-05,1.09,1.03
4.22400e-05,1.09,1.09
4.23200e-05,1.07,1.03
4.24000e-05,1.07,1.11
4.24800e-05,1.07,1.01
4.25600e-05,1.07,1.09
4.26400e-05,1.07,1.03
4.27200e-05,1.07,1.09
4.28000e-05,1.07,1.03
4.28800e-05,1.07,1.09
4.29600e-05,1.09,1.03
4.30400e-05,1.09,1.09
4.31200e-05,1.07,1.03
4.32000e-05,1.07,1.09
4.32800e-05,1.07,1.03
4.33600e-05,1.07,1.09
4.34400e-05,1.07,1.03
4.35200e-05,1.07,1.09
4.36000e-05,1.07,1.03
4.36800e-05,1.07,1.09
4.37600e-05,1.07,1.03
4.38400e-05,1.09,1.09
4.39200e-05,1.07,1.05
4.40000e-05,1.07,1.09
4.40800e-05,1.09,1.03
4.41600e-05,1.07,1.09
4.42400e-05,1.07,1.03
4.43200e-05,1.07,1.09
4.44000e-05,1.09,1.03
4.44800e-05,1.09,1.09
4.45600e-05,1.09,1.03
4.46400e-05,1.07,1.09
4.47200e-05,1.09,1.03
4.48000e-05,1.07,1.09
4.48800e-05,1.07,1.03
4.49600e-05,1.07,1.09
4.50400e-05,1.07,1.03
4.51200e-05,1.07,1.09
4.52000e-05,1.09,1.03
4.52800e-05,1.05,1.09
4.53600e-05,1.07,1.03
4.54400e-05,1.07,1.09
4.55200e-05,1.07,1.03
4.56000e-05,1.09,1.09
4.56800e-05,1.09,1.03
4.57600e-05,1.09,1.09
4.58400e-05,1.09,1.03
4.59200e-05,1.09,1.09
4.60000e-05,1.07,1.03
4.60800e-05,1.07,1.11
4.61600e-05,1.07,1.03
4.62400e-05,1.09,1.09
4.63200e-05,1.07,1.03
4.64000e-05,1.07,1.11
4.64800e-05,1.09,1.03
4.65600e-05,1.07,1.09
4.66400e-05,1.09,1.05
4.67200e-05,1.09,1.11
4.68000e-05,1.09,1.05
4.68800e-05,1.07,1.11
4.69600e-05,1.09,1.03
4.70400e-05,1.07,1.11
4.71200e-05,1.09,1.05
4.72000e-05,1.11,1.09
4.72800e-05,1.09,1.05
4.73600e-05,1.09,1.11
4.74400e-05,1.07,1.03
4.75200e-05,1.09,1.11
4.76000e-05,1.05,1.05
4.76800e-05,1.09,1.11
4.77600e-05,1.09,1.03
4.78400e-05,1.09,1.11
4.79200e-05,1.07,1.05
4.80000e-05,1.07,1.09
4.80800e-05,1.09,1.05
4.81600e-05,1.09,1.11
4.82400e-05,1.09,1.03
4.83200e-05,1.09,1.09
4.84000e-05,1.07,1.03
4.84800e-05,1.09,1.11
4.85600e-05,1.07,1.03
4.86400e-05,1.09,1.09
4.87200e-05,1.09,1.03
4.88000e-05,1.09,1.09
4.88800e-05,1.09,1.05
4.89600e-05,1.07,1.11
4.90400e-05,1.07,1.05
4.91200e-05,1.09,1.11
4.92000e-05,1.09,1.05
4.92800e-05,1.09,1.09
4.93600e-05,1.07,1.03
4.94400e-05,1.09,1.13
4.95200e-05,1.09,1.03
4.96000e-05,1.07,1.11
4.96800e-05,1.07,1.03
4.97600e-05,1.07,1.11
4.98400e-05,1.09,1.03
4.99200e-05,1.09,1.09
5.00000e-05,1.07,1.03
5.00800e-05,1.09,1.11
5.01600e-05,1.07,1.05
5.02400e-05,1.09,1.11
5.03200e-05,1.09,1.05
5.04000e-05,1.09,1.11
5.04800e-05,1.09,1.03
5.05600e-05,1.09,1.09
5.06400e-05,1.07,1.03
5.07200e-05,1.07,1.11
5.08000e-05,1.07,1.03
5.08800e-05,1.09,1.09
5.09600e-05,1.09,1.03
5.10400e-05,1.07,1.09
5.11200e-05,1.07,1.03
5.12000e-05,1.07,1.09
5.12800e-05,1.07,1.05
5.13600e-05,1.09,1.09
5.14400e-05,1.09,1.03
5.15200e-05,1.09,1.09
5.16000e-05,1.09,1.03
5.16800e-05,1.07,1.09
5.17600e-05,1.09,1.03
5.18400e-05,1.09,1.09
5.19200e-05,1.07,1.05
5.20000e-05,1.07,1.09
5.20800e-05,1.09,1.03
5.21600e-05,1.07,1.09
5.22400e-05,1.07,1.03
5.23200e-05,1.09,1.09
5.24000e-05,1.07,1.03
5.24800e-05,1.09,1.09
5.25600e-05,1.09,1.03
5.26400e-05,1.09,1.11
5.27200e-05,1.09,1.03
5.28000e-05,1.07,1.09
5.28800e-05,1.05,1.03
5.29600e-05,1.09,1.09
5.30400e-05,1.07,1.03
5.31200e-05,1.07,1.09
5.32000e-05,1.09,1.03
5.32800e-05,1.09,1.11
5.33600e-05,1.09,1.03
5.34400e-05,1.07,1.09
5.35200e-05,1.07,1.03
5.36000e-05,1.07,1.09
5.36800e-05,1.07,1.03
5.37600e-05,1.07,1.09
5.38400e-05,1.09,1.03
5.39200e-05,1.07,1.09
5.40000e-05,1.07,1.03
5.40800e-05,1.07,1.09
5.41600e-05,1.07,1.03
5.42400e-05,1.09,1.09
5.43200e-05,1.09,1.03
5.44000e-05,1.09,1.09
5.44800e-05,1.07,1.03
5.45600e-05,1.07,1.09
5.46400e-05,1.09,1.03
5.47200e-05,1.07,1.09
5.48000e-05,1.07,1.03
5.48800e-05,1.07,1.09
5.49600e-05,1.07,1.03
5.50400e-05,1.07,1.09
5.51200e-05,1.07,1.03
5.52000e-05,1.07,1.09
5.52800e-05,1.07,1.03
5.53600e-05,1.07,1.09
5.54400e-05,1.07,1.03
5.55200e-05,1.07,1.09
5.56000e-05,1.07,1.03
5.56800e-05,1.07,1.09
5.57600e-05,1.09,1.03
5.58400e-05,1.07,1.09
5.59200e-05,1.07,1.05
5.60000e-05,1.05,1.09
5.60800e-05,1.09,1.03
5.61600e-05,1.11,1.09
5.62400e-05,1.09,1.03
5.63200e-05,1.07,1.11
5.64000e-05,1.07,1.03
5.64800e-05,1.09,1.11
5.65600e-05,1.07,1.03
5.66400e-05,1.09,1.09
5.67200e-05,1.07,1.03
5.68000e-05,1.07,1.09
5.68800e-05,1.09,1.03
5.69600e-05,1.09,1.11
5.70400e-05,1.09,1.03
5.71200e-05,1.09,1.11
5.72000e-05,1.09,1.05
5.72800e-05,1.07,1.09
5.73600e-05,1.07,1.03
5.74400e-05,1.07,1.09
5.75200e-05,1.09,1.03
5.76000e-05,1.09,1.09
5.76800e-05,1.07,1.03
5.77600e-05,1.09,1.09
5.78400e-05,1.09,1.03
5.79200e-05,1.09,1.09
5.80000e-05,1.07,1.05
5.80800e-05,1.09,1.09
5.81600e-05,1.07,1.03
5.82400e-05,1.09,1.11
5.83200e-05,1.07,1.05
5.84000e-05,1.07,1.09
5.84800e-05,1.09,1.03
5.85600e-05,1.07,1.09
5.86400e-05,1.09,1.03
5.87200e-05,1.09,1.11
5.88000e-05,1.09,1.05
5.88800e-05,1.09,1.11
5.89600e-05,1.09,1.03
5.90400e-05,1.09,1.11
5.91200e-05,1.09,1.03
5.92000e-05,1.09,1.09
5.92800e-05,1.09,1.05
5.93600e-05,1.09,1.11
5.94400e-05,1.09,1.05
5.95200e-05,1.09,1.11
5.96000e-05,1.07,1.05
5.96800e-05,1.09,1.09
5.97600e-05,1.09,1.05
5.98400e-05,1.07,1.11
5.99200e-05,1.09,1.05
6.00000e-05,1.07,1.11
6.00800e-05,1.07,1.05
6.01600e-05,1.07,1.09
6.02400e-05,1.07,1.03
6.03200e-05,1.07,1.09
6.04000e-05,1.07,1.01
6.04800e-05,1.07,1.09
6.05600e-05,1.07,1.03
6.06400e-05,1.09,1.09
6.07200e-05,1.09,1.03
6.08000e-05,1.09,1.09
6.08800e-05,1.07,1.05
6.09600e-05,1.09,1.11
6.10400e-05,1.09,1.05
6.11200e-05,1.07,1.13
6.12000e-05,1.09,1.05
6.12800e-05,1.07,1.11
6.13600e-05,1.09,1.05
6.14400e-05,1.07,1.09
6.15200e-05,1.07,1.05
6.16000e-05,1.07,1.11
6.16800e-05,1.11,1.05
6.17600e-05,1.09,1.11
6.18400e-05,1.09,1.05
6.19200e-05,1.09,1.11
6.20000e-05,1.07,1.03
6.20800e-05,1.09,1.11
6.21600e-05,1.09,1.05
6.22400e-05,1.09,1.11
6.23200e-05,1.09,1.05
6.24000e-05,1.09,1.11
6.24800e-05,1.09,1.03
6.25600e-05,1.09,1.11
6.26400e-05,1.09,1.05
6.27200e-05,1.09,1.11
6.28000e-05,1.09,1.05
6.28800e-05,1.09,1.11
6.29600e-05,1.09,1.05
6.30400e-05,1.07,1.11
6.31200e-05,1.07,1.05
6.32000e-05,1.09,1.11
6.32800e-05,1.07,1.05
6.33600e-05,1.09,1.11
6.34400e-05,1.07,1.05
6.35200e-05,1.07,1.09
6.36000e-05,1.07,1.03
6.36800e-05,1.07,1.11
6.37600e-05,1.07,1.05
6.38400e-05,1.07,1.11
6.39200e-05,1.05,1.03
6.40000e-05,1.09,1.11
6.40800e-05,1.09,1.03
6.41600e-05,1.09,1.13
6.42400e-05,1.09,1.05
6.43200e-05,1.11,1.11
6.44000e-05,1.09,1.03
6.44800e-05,1.07,1.11
6.45600e-05,1.09,1.05
6.46400e-05,1.09,1.11
6.47200e-05,1.09,1.05
6.48000e-05,1.09,1.11
6.48800e-05,1.07,1.05
6.49600e-05,1.07,1.11
6.50400e-05,1.09,1.05
6.51200e-05,1.09,1.11
6.52000e-05,1.09,1.05
6.52800e-05,1.09,1.11
6.53600e-05,1.09,1.05
6.54400e-05,1.09,1.11
6.55200e-05,1.09,1.05
6.56000e-05,1.09,1.11
6.56800e-05,1.09,1.05
6.57600e-05,1.07,1.11
6.58400e-05,1.11,1.05
6.59200e-05,1.09,1.09
6.60000e-05,1.09,1.05
6.60800e-05,1.09,1.11
6.61600e-05,1.05,1.05
6.62400e-05,1.07,1.11
6.63200e-05,1.09,1.03
6.64000e-05,1.07,1.09
6.64800e-05,1.07,1.05
6.65600e-05,1.09,1.11
6.66400e-05,1.07,1.03
6.67200e-05,1.09,1.09
6.68000e-05,1.07,1.05
6.68800e-05,1.09,1.09
6.69600e-05,1.09,1.03
6.70400e-05,1.07,1.11
6.71200e-05,1.07,1.03
6.72000e-05,1.09,1.09
6.72800e-05,1.07,1.03
6.73600e-05,1.09,1.11
6.74400e-05,1.07,1.03
6.75200e-05,1.05,1.09
6.76000e-05,1.05,1.03
6.76800e-05,1.09,1.11
6.77600e-05,1.09,1.01
6.78400e-05,1.09,1.11
6.79200e-05,1.09,1.03
6.80000e-05,1.05,1.11
6.80800e-05,1.07,1.03
6.81600e-05,1.07,1.09
6.82400e-05,1.07,1.03
6.83200e-05,1.07,1.09
6.84000e-05,1.09,1.03
6.84800e-05,1.09,1.09
6.85600e-05,1.07,1.03
6.86400e-05,1.07,1.09
6.87200e-05,1.07,1.03
6.88000e-05,1.09,1.09
6.88800e-05,1.09,1.05
6.89600e-05,1.07,1.09
6.90400e-05,1.09,1.03
6.91200e-05,1.07,1.11
6.92000e-05,1.07,1.03
6.92800e-05,1.07,1.09
6.93600e-05,1.07,1.03
6.94400e-05,1.07,1.09
6.95200e-05,1.09,1.03
6.96000e-05,1.07,1.09
6.96800e-05,1.07,1.03
6.97600e-05,1.09,1.09
6.98400e-05,1.07,1.03
6.99200e-05,1.07,1.09
7.00000e-05,1.07,1.03
7.00800e-05,1.07,1.09
7.01600e-05,1.09,1.03
7.02400e-05,1.09,1.09
7.03200e-05,1.09,1.03
7.04000e-05,1.09,1.09
7.04800e-05,1.09,1.03
7.05600e-05,1.07,1.09
7.06400e-05,1.09,1.03
7.07200e-05,1.09,1.09
7.08000e-05,1.07,1.03
7.08800e-05,1.07,1.09
7.09600e-05,1.09,1.03
7.10400e-05,1.07,1.09
7.11200e-05,1.07,1.05
7.12000e-05,1.09,1.11
7.12800e-05,1.09,1.03
7.13600e-05,1.11,1.09
7.14400e-05,1.09,1.03
7.15200e-05,1.09,1.11
7.16000e-05,1.07,1.03
7.16800e-05,1.07,1.11
7.17600e-05,1.09,1.03
7.18400e-05,1.09,1.09
7.19200e-05,1.07,1.03
7.20000e-05,1.07,1.11
7.20800e-05,1.07,1.03
7.21600e-05,1.07,1.11
7.22400e-05,1.09,1.03
7.23200e-05,1.07,1.09
7.24000e-05,1.09,1.03
7.24800e-05,1.07,1.11
7.25600e-05,1.09,1.03
7.26400e-05,1.09,1.09
7.27200e-05,1.09,1.05
7.28000e-05,1.09,1.09
7.28800e-05,1.07,1.03
7.29600e-05,1.09,1.11
7.30400e-05,1.07,1.03
7.31200e-05,1.09,1.09
7.32000e-05,1.07,1.03
7.32800e-05,1.09,1.09
7.33600e-05,1.07,1.03
7.34400e-05,1.07,1.09
7.35200e-05,1.09,1.03
7.36000e-05,1.07,1.11
7.36800e-05,1.07,1.03
7.37600e-05,1.09,1.09
7.38400e-05,1.09,1.03
7.39200e-05,1.07,1.09
7.40000e-05,1.07,1.03
7.40800e-05,1.09,1.09
7.41600e-05,1.07,1.03
7.42400e-05,1.07,1.09
7.43200e-05,1.09,1.03
7.44000e-05,1.09,1.09
7.44800e-05,1.07,1.03
7.45600e-05,1.07,1.09
7.46400e-05,1.09,1.03
7.47200e-05,1.07,1.09
7.48000e-05,1.09,1.03
7.48800e-05,1.07,1.09
7.49600e-05,1.07,1.03
7.50400e-05,1.07,1.09
7.51200e-05,1.07,1.03
7.52000e-05,1.07,1.09
7.52800e-05,1.09,1.03
7.53600e-05,1.07,1.09
7.54400e-05,1.07,1.03
7.55200e-05,1.09,1.09
7.56000e-05,1.07,1.03
7.56800e-05,1.07,1.09
7.57600e-05,1.07,1.03
7.58400e-05,1.09,1.09
7.59200e-05,1.09,1.03
7.60000e-05,1.07,1.09
7.60800e-05,1.09,1.03
7.61600e-05,1.07,1.09
7.62400e-05,0.71,1.03
7.63200e-05,1.01,1.09
7.64000e-05,1.01,0.59
7.64800e-05,1.01,1.09
7.65600e-05,1.01,0.93
7.66400e-05,0.97,1.07
7.67200e-05,1.01,0.95
7.68000e-05,1.01,1.03
7.68800e-05,1.03,0.97
7.69600e-05,1.03,1.03
7.70400e-05,1.09,0.97
7.71200e-05,1.09,1.07
7.72000e-05,1.07,1.01
7.72800e-05,1.11,1.09
7.73600e-05,1.09,1.03
7.74400e-05,1.09,1.11
7.75200e-05,1.09,1.05
7.76000e-05,1.07,1.11
7.76800e-05,1.07,1.05
7.77600e-05,1.07,1.11
7.78400e-05,1.07,1.03
7.79200e-05,1.05,1.09
7.80000e-05,1.07,1.03
7.80800e-05,1.05,1.09
7.81600e-05,1.07,1.01
7.82400e-05,1.07,1.09
7.83200e-05,1.07,1.01
7.84000e-05,1.09,1.09
7.84800e-05,1.09,1.03
7.85600e-05,1.09,1.09
7.86400e-05,1.07,1.03
7.87200e-05,1.07,1.11
7.88000e-05,1.05,1.01
7.88800e-05,1.07,1.09
7.89600e-05,1.05,1.03
7.90400e-05,1.05,1.09
7.91200e-05,1.07,1.03
7.92000e-05,1.05,1.09
7.92800e-05,1.05,1.01
7.93600e-05,1.05,1.07
7.94400e-05,1.07,1.03
7.95200e-05,1.05,1.09
7.96000e-05,1.07,1.01
7.96800e-05,1.05,1.07
7.97600e-05,1.07,1.03
7.98400e-05,1.09,1.09
7.99200e-05,1.07,1.01
8.00000e-05,1.07,1.09
8.00800e-05,1.05,1.03
8.01600e-05,1.09,1.09
8.02400e-05,1.09,1.03
8.03200e-05,1.07,1.09
8.04000e-05,1.07,1.03
8.04800e-05,1.07,1.09
8.05600e-05,1.07,1.03
8.06400e-05,1.07,1.09
8.07200e-05,1.07,1.03
8.08000e-05,1.07,1.09
8.08800e-05,1.07,1.03
8.09600e-05,1.05,1.09
8.10400e-05,1.07,1.03
8.11200e-05,1.07,1.09
8.12000e-05,1.07,1.03
8.12800e-05,1.07,1.09
8.13600e-05,1.07,1.03
8.14400e-05,1.09,1.09
8.15200e-05,1.05,1.03
8.16000e-05,1.07,1.09
8.16800e-05,1.09,1.03
8.17600e-05,1.07,1.09
8.18400e-05,1.05,1.03
8.19200e-05,1.07,1.09
8.20000e-05,1.07,1.03
8.20800e-05,1.07,1.09
8.21600e-05,1.07,1.03
8.22400e-05,1.05,1.09
8.23200e-05,1.07,1.03
8.24000e-05,1.09,1.09
8.24800e-05,1.07,1.03
8.25600e-05,1.07,1.09
8.26400e-05,1.07,1.03
8.27200e-05,1.07,1.09
8.28000e-05,1.09,1.03
8.28800e-05,1.07,1.09
8.29600e-05,1.09,1.03
8.30400e-05,1.17,1.09
8.31200e-05,1.15,1.03
8.32000e-05,1.11,1.55
8.32800e-05,1.13,1.07
8.33600e-05,1.13,1.17
8.34400e-05,1.13,1.09
8.35200e-05,1.13,1.17
8.36000e-05,1.11,1.09
8.36800e-05,1.09,1.15
8.37600e-05,1.09,1.07
8.38400e-05,1.07,1.17
8.39200e-05,1.07,1.03
8.40000e-05,1.07,1.11
8.40800e-05,1.05,1.01
8.41600e-05,1.05,1.09
8.42400e-05,1.09,1.01
8.43200e-05,1.05,1.07
8.44000e-05,1.07,1.01
8.44800e-05,1.05,1.09
8.45600e-05,1.07,1.03
8.46400e-05,1.07,1.09
8.47200e-05,1.05,1.03
8.48000e-05,1.05,1.09
8.48800e-05,1.07,1.03
8.49600e-05,1.07,1.09
8.50400e-05,1.07,1.03
8.51200e-05,1.07,1.09
8.52000e-05,1.09,1.03
8.52800e-05,1.07,1.09
8.53600e-05,1.07,1.03
8.54400e-05,1.07,1.09
8.55200e-05,1.09,1.03
8.56000e-05,1.07,1.09
8.56800e-05,1.07,1.03
8.57600e-05,1.09,1.09
8.58400e-05,1.05,1.03
8.59200e-05,1.05,1.09
8.60000e-05,1.07,1.01
8.60800e-05,1.07,1.09
8.61600e-05,1.07,1.03
8.62400e-05,1.09,1.09
8.63200e-05,1.05,1.03
8.64000e-05,1.07,1.11
8.64800e-05,1.07,1.03
8.65600e-05,1.07,1.09
8.66400e-05,1.09,1.03
8.67200e-05,1.07,1.09
8.68000e-05,1.09,1.03
8.68800e-05,1.07,1.09
8.69600e-05,1.07,1.05
8.70400e-05,1.09,1.11
8.71200e-05,1.07,1.03
8.72000e-05,1.07,1.09
8.72800e-05,1.09,1.03
8.73600e-05,1.09,1.09
8.74400e-05,1.09,1.03
8.75200e-05,1.09,1.09
8.76000e-05,1.07,1.03
8.76800e-05,1.07,1.09
8.77600e-05,1.09,1.03
8.78400e-05,1.09,1.09
8.79200e-05,1.09,1.05
8.80000e-05,1.07,1.11
8.80800e-05,1.07,1.03
8.81600e-05,1.07,1.09
8.82400e-05,1.09,1.03
8.83200e-05,1.07,1.09
8.84000e-05,1.07,1.03
8.84800e-05,1.09,1.11
8.85600e-05,1.07,1.03
8.86400e-05,1.09,1.09
8.87200e-05,1.09,1.05
8.88000e-05,1.07,1.09
8.88800e-05,1.07,1.03
8.89600e-05,1.07,1.09
8.90400e-05,1.09,1.03
8.91200e-05,1.07,1.09
8.92000e-05,1.09,1.03
8.92800e-05,1.07,1.09
8.93600e-05,1.09,1.03
8.94400e-05,1.07,1.09
8.95200e-05,1.09,1.03
8.96000e-05,1.07,1.09
8.96800e-05,1.09,1.03
8.97600e-05,1.09,1.09
8.98400e-05,1.09,1.03
8.99200e-05,1.07,1.09
9.00000e-05,1.07,1.03
9.00800e-05,1.07,1.09
9.01600e-05,1.07,1.05
9.02400e-05,1.07,1.09
9.03200e-05,1.09,1.03
9.04000e-05,1.09,1.09
9.04800e-05,1.09,1.03
9.05600e-05,1.07,1.09
9.06400e-05,1.07,1.03
9.07200e-05,1.07,1.11
9.08000e-05,1.07,1.03
9.08800e-05,1.07,1.09
9.09600e-05,1.07,1.03
9.10400e-05,1.09,1.09
9.11200e-05,1.07,1.03
9.12000e-05,1.07,1.09
9.12800e-05,1.07,1.03
9.13600e-05,1.07,1.09
9.14400e-05,1.07,1.03
9.15200e-05,1.09,1.09
9.16000e-05,1.07,1.03
9.16800e-05,1.09,1.09
9.17600e-05,1.09,1.03
9.18400e-05,1.07,1.09
9.19200e-05,1.07,1.03
9.20000e-05,1.09,1.09
9.20800e-05,1.07,1.03
9.21600e-05,1.09,1.09
9.22400e-05,1.07,1.03
9.23200e-05,1.09,1.09
9.24000e-05,1.07,1.03
9.24800e-05,1.09,1.09
9.25600e-05,1.07,1.03
9.26400e-05,1.07,1.09
9.27200e-05,1.07,1.05
9.28000e-05,1.09,1.09
9.28800e-05,1.07,1.03
9.29600e-05,1.09,1.11
9.30400e-05,1.09,1.03
9.31200e-05,1.07,1.11
9.32000e-05,1.09,1.01
9.32800e-05,1.09,1.13
9.33600e-05,1.07,1.03
9.34400e-05,1.09,1.09
9.35200e-05,1.09,1.03
9.36000e-05,1.07,1.09
9.36800e-05,1.07,1.03
9.37600e-05,1.07,1.09
9.38400e-05,1.09,1.03
9.39200e-05,1.09,1.09
9.40000e-05,1.09,1.03
9.40800e-05,1.09,1.09
9.41600e-05,1.09,1.03
9.42400e-05,1.07,1.11
9.43200e-05,1.09,1.05
9.44000e-05,1.09,1.09
9.44800e-05,1.07,1.03
9.45600e-05,1.09,1.09
9.46400e-05,1.07,1.03
9.47200e-05,1.09,1.09
9.48000e-05,1.09,1.05
9.48800e-05,1.09,1.09
9.49600e-05,1.09,1.03
9.50400e-05,1.07,1.11
9.51200e-05,1.07,1.03
9.52000e-05,1.05,1.09
9.52800e-05,1.07,1.03
9.53600e-05,1.09,1.09
9.54400e-05,1.09,1.03
9.55200e-05,1.07,1.11
9.56000e-05,1.07,1.03
9.56800e-05,1.09,1.11
9.57600e-05,1.09,1.05
9.58400e-05,1.07,1.11
9.59200e-05,1.11,1.03
9.60000e-05,1.07,1.09
9.60800e-05,1.07,1.05
9.61600e-05,1.07,1.11
9.62400e-05,1.07,1.05
9.63200e-05,1.07,1.11
9.64000e-05,1.09,1.05
9.64800e-05,1.07,1.09
9.65600e-05,1.07,1.03
9.66400e-05,1.09,1.09
9.67200e-05,1.07,1.05
9.68000e-05,1.09,1.09
9.68800e-05,1.09,1.05
9.69600e-05,1.07,1.09
9.70400e-05,1.09,1.03
9.71200e-05,1.07,1.09
9.72000e-05,1.09,1.05
9.72800e-05,1.09,1.09
9.73600e-05,1.09,1.05
9.74400e-05,1.09,1.11
9.75200e-05,1.09,1.05
9.76000e-05,1.09,1.09
9.76800e-05,1.07,1.05
9.77600e-05,1.09,1.09
9.78400e-05,1.09,1.03
9.79200e-05,1.09,1.11
9.80000e-05,1.07,1.05
9.80800e-05,1.09,1.09
9.81600e-05,1.07,1.05
9.82400e-05,1.07,1.11
9.83200e-05,1.09,1.05
9.84000e-05,1.09,1.09
9.84800e-05,1.09,1.05
9.85600e-05,1.09,1.11
9.86400e-05,1.09,1.05
9.87200e-05,1.09,1.09
9.88000e-05,1.09,1.05
9.88800e-05,1.07,1.11
9.89600e-05,1.07,1.05
9.90400e-05,1.11,1.11
9.91200e-05,1.07,1.05
9.92000e-05,1.09,1.11
9.92800e-05,1.07,1.05
9.93600e-05,1.09,1.11
9.94400e-05,1.07,1.05
9.95200e-05,1.07,1.11
9.96000e-05,1.07,1.03
9.96800e-05,1.09,1.11
9.97600e-05,1.09,1.05
9.98400e-05,1.09,1.11
9.99200e-05,1.11,1.05
1.00000e-04,1.07,1.11
1.00080e-04,1.07,1.03
1.00160e-04,1.09,1.11
1.00240e-04,1.09,1.05
1.00320e-04,1.09,1.11
1.00400e-04,1.11,1.03
1.00480e-04,1.09,1.09
1.00560e-04,1.09,1.03
1.00640e-04,1.09,1.11
1.00720e-04,1.07,1.01
1.00800e-04,1.09,1.11
1.00880e-04,1.09,1.05
1.00960e-04,1.07,1.13
1.01040e-04,1.09,1.03
1.01120e-04,1.07,1.09
1.01200e-04,1.11,1.05
1.01280e-04,1.09,1.11
1.01360e-04,1.09,1.03
1.01440e-04,1.09,1.11
1.01520e-04,1.09,1.03
1.01600e-04,1.09,1.09
1.01680e-04,1.09,1.05
1.01760e-04,1.09,1.11
1.01840e-04,1.09,1.05
1.01920e-04,1.07,1.11
1.02000e-04,1.07,1.05
1.02080e-04,1.09,1.09
1.02160e-04,1.09,1.03
1.02240e-04,1.09,1.11
1.02320e-04,1.09,1.05
1.02400e-04,1.07,1.11
1.02480e-04,1.09,1.05
1.02560e-04,1.07,1.11
1.02640e-04,1.09,1.05
1.02720e-04,1.07,1.11
1.02800e-04,1.09,1.03
1.02880e-04,1.09,1.09
1.02960e-04,1.09,1.05
1.03040e-04,1.09,1.09
1.03120e-04,1.09,1.05
1.03200e-04,1.09,1.09
1.03280e-04,1.09,1.05
1.03360e-04,1.09,1.09
1.03440e-04,1.09,1.03
1.03520e-04,1.09,1.11
1.03600e-04,1.07,1.05
1.03680e-04,1.09,1.09
1.03760e-04,1.09,1.03
1.03840e-04,1.09,1.09
1.03920e-04,1.09,1.05
1.04000e-04,1.07,1.11
1.04080e-04,1.09,1.03
1.04160e-04,1.09,1.09
1.04240e-04,1.09,1.03
1.04320e-04,1.09,1.09
1.04400e-04,1.09,1.05
1.04480e-04,1.09,1.11
1.04560e-04,1.09,1.03
1.04640e-04,1.09,1.09
1.04720e-04,1.07,1.05
1.04800e-04,1.09,1.11
1.04880e-04,1.07,1.05
1.04960e-04,1.07,1.09
1.05040e-04,1.09,1.03
1.05120e-04,1.07,1.09
1.05200e-04,1.07,1.05
1.05280e-04,1.09,1.09
1.05360e-04,1.09,1.05
1.05440e-04,1.09,1.11
1.05520e-04,1.07,1.03
1.05600e-04,1.07,1.09
1.05680e-04,1.07,1.05
1.05760e-04,1.09,1.11
1.05840e-04,1.09,1.05
1.05920e-04,1.09,1.09
1.06000e-04,1.07,1.03
1.06080e-04,1.07,1.11
1.06160e-04,1.07,1.03
1.06240e-04,1.07,1.11
1.06320e-04,1.09,1.05
1.06400e-04,1.09,1.09
1.06480e-04,1.09,1.03
1.06560e-04,1.07,1.11
1.06640e-04,1.09,1.03
1.06720e-04,1.07,1.11
1.06800e-04,1.09,1.05
1.06880e-04,1.09,1.09
1.06960e-04,1.09,1.05
1.07040e-04,1.09,1.11
1.07120e-04,1.09,1.05
1.07200e-04,1.09,1.11
1.07280e-04,1.09,1.03
1.07360e-04,1.09,1.11
1.07440e-04,1.09,1.03
1.07520e-04,1.09,1.11
1.07600e-04,1.09,1.03
1.07680e-04,1.07,1.11
1.07760e-04,1.07,1.03
1.07840e-04,1.07,1.11
1.07920e-04,1.07,1.03
1.08000e-04,1.09,1.11
1.08080e-04,1.09,1.05
1.08160e-04,1.09,1.11
1.08240e-04,1.09,1.03
1.08320e-04,1.09,1.11
1.08400e-04,1.09,1.03
1.08480e-04,1.07,1.11
1.08560e-04,1.07,1.05
1.08640e-04,1.07,1.11
1.08720e-04,1.09,1.03
1.08800e-04,1.11,1.11
1.08880e-04,1.09,1.05
1.08960e-04,1.09,1.11
1.09040e-04,1.09,1.05
1.09120e-04,1.09,1.11
1.09200e-04,1.09,1.03
1.09280e-04,1.09,1.09
1.09360e-04,1.07,1.03
1.09440e-04,1.09,1.11
1.09520e-04,1.09,1.03
1.09600e-04,1.07,1.09
1.09680e-04,1.07,1.05
1.09760e-04,1.09,1.09
1.09840e-04,1.09,1.05
1.09920e-04,1.09,1.11
1.10000e-04,1.11,1.05
1.10080e-04,1.07,1.09
1.10160e-04,1.07,1.05
1.10240e-04,1.09,1.11
1.10320e-04,1.09,1.05
1.10400e-04,1.09,1.11
1.10480e-04,1.09,1.05
1.10560e-04,1.09,1.11
1.10640e-04,1.09,1.03
1.10720e-04,1.09,1.11
1.10800e-04,1.09,1.03
1.10880e-04,1.09,1.11
1.10960e-04,1.09,1.03
1.11040e-04,1.09,1.11
1.11120e-04,1.07,1.05
1.11200e-04,1.09,1.11
1.11280e-04,1.09,1.05
1.11360e-04,1.07,1.09
1.11440e-04,1.09,1.05
1.11520e-04,1.09,1.11
1.11600e-04,1.09,1.03
1.11680e-04,1.07,1.11
1.11760e-04,1.09,1.03
1.11840e-04,1.09,1.11
1.11920e-04,1.09,1.05
1.12000e-04,1.07,1.11
1.12080e-04,1.09,1.03
1.12160e-04,1.09,1.11
1.12240e-04,1.09,1.03
1.12320e-04,1.09,1.09
1.12400e-04,1.09,1.05
1.12480e-04,1.09,1.11
1.12560e-04,1.09,1.05
1.12640e-04,1.09,1.09
1.12720e-04,1.09,1.05
1.12800e-04,1.09,1.11
1.12880e-04,1.09,1.05
1.12960e-04,1.09,1.09
1.13040e-04,1.11,1.05
1.13120e-04,1.09,1.11
1.13200e-04,1.09,1.05
1.13280e-04,1.09,1.11
1.13360e-04,1.09,1.03
1.13440e-04,1.07,1.11
1.13520e-04,1.09,1.03
1.13600e-04,1.09,1.11
1.13680e-04,1.09,1.05
1.13760e-04,1.09,1.11
1.13840e-04,1.09,1.05
1.13920e-04,1.09,1.11
1.14000e-04,1.09,1.05
1.14080e-04,1.09,1.11
1.14160e-04,1.09,1.05
1.14240e-04,1.07,1.11
1.14320e-04,1.11,1.05
1.14400e-04,1.09,1.11
1.14480e-04,1.11,1.03
1.14560e-04,1.09,1.11
1.14640e-04,1.11,1.03
1.14720e-04,1.07,1.11
1.14800e-04,1.09,1.03
1.14880e-04,1.09,1.11
1.14960e-04,1.07,1.05
1.15040e-04,1.09,1.11
1.15120e-04,1.09,1.05
1.15200e-04,1.09,1.11
1.15280e-04,1.09,1.03
1.15360e-04,1.07,1.11
1.15440e-04,1.07,1.03
1.15520e-04,1.09,1.11
1.15600e-04,1.07,1.03
1.15680e-04,1.07,1.11
1.15760e-04,1.09,1.03
1.15840e-04,1.07,1.11
1.15920e-04,1.07,1.03
1.16000e-04,1.07,1.09
1.16080e-04,1.09,1.03
1.16160e-04,1.07,1.09
1.16240e-04,1.07,1.03
1.16320e-04,1.07,1.09
1.16400e-04,1.07,1.03
1.16480e-04,1.07,1.09
1.16560e-04,1.05,1.03
1.16640e-04,1.07,1.09
1.16720e-04,1.07,1.03
1.16800e-04,1.09,1.09
1.16880e-04,1.07,1.03
1.16960e-04,1.07,1.09
1.17040e-04,1.09,1.03
1.17120e-04,1.07,1.09
1.17200e-04,1.09,1.03
1.17280e-04,1.07,1.09
1.17360e-04,1.09,1.03
1.17440e-04,1.07,1.09
1.17520e-04,1.07,1.03
1.17600e-04,1.07,1.09
1.17680e-04,1.07,1.03
1.17760e-04,1.09,1.09
1.17840e-04,1.09,1.03
1.17920e-04,1.07,1.09
1.18000e-04,1.07,1.05
1.18080e-04,1.07,1.09
1.18160e-04,1.07,1.03
1.18240e-04,1.09,1.09
1.18320e-04,1.07,1.03
1.18400e-04,1.09,1.09
1.18480e-04,1.09,1.03
1.18560e-04,1.09,1.09
1.18640e-04,1.07,1.03
1.18720e-04,1.09,1.09
1.18800e-04,1.09,1.05
1.18880e-04,1.07,1.09
1.18960e-04,1.09,1.03
1.19040e-04,1.09,1.09
1.19120e-04,1.09,1.03
1.19200e-04,1.07,1.09
1.19280e-04,1.07,1.03
1.19360e-04,1.07,1.11
1.19440e-04,1.09,1.05
1.19520e-04,1.09,1.11
1.19600e-04,1.07,1.03
1.19680e-04,1.09,1.09
1.19760e-04,1.09,1.03
1.19840e-04,1.09,1.09
1.19920e-04,1.09,1.03
1.20000e-04,1.07,1.11
1.20080e-04,1.09,1.03
1.20160e-04,1.07,1.09
1.20240e-04,1.09,1.03
1.20320e-04,1.05,1.11
1.20400e-04,1.09,1.03
1.20480e-04,1.07,1.09
1.20560e-04,1.07,1.03
1.20640e-04,1.07,1.09
1.20720e-04,1.09,1.03
1.20800e-04,1.07,1.11
1.20880e-04,1.09,1.03
1.20960e-04,1.09,1.09
1.21040e-04,1.07,1.03
1.21120e-04,1.07,1.09
1.21200e-04,1.07,1.03
1.21280e-04,1.09,1.09
1.21360e-04,1.07,1.03
1.21440e-04,1.09,1.09
1.21520e-04,1.07,1.03
1.21600e-04,1.07,1.09
1.21680e-04,1.07,1.03
1.21760e-04,1.09,1.09
1.21840e-04,1.07,1.03
1.21920e-04,1.09,1.11
1.22000e-04,1.09,1.03
1.22080e-04,1.07,1.09
1.22160e-04,1.07,1.03
1.22240e-04,1.07,1.09
1.22320e-04,1.09,1.01
1.22400e-04,1.07,1.09
1.22480e-04,1.09,1.03
1.22560e-04,1.07,1.11
1.22640e-04,1.09,1.03
1.22720e-04,1.09,1.09
1.22800e-04,1.07,1.03
1.22880e-04,1.05,1.11
1.22960e-04,1.09,1.01
1.23040e-04,1.09,1.11
1.23120e-04,1.09,1.01
1.23200e-04,1.09,1.11
1.23280e-04,1.07,1.03
1.23360e-04,1.07,1.09
1.23440e-04,1.07,1.03
1.23520e-04,1.07,1.11
1.23600e-04,1.07,1.03
1.23680e-04,1.07,1.09
1.23760e-04,1.07,1.03
1.23840e-04,1.07,1.09
1.23920e-04,1.07,1.03
1.24000e-04,1.07,1.09
1.24080e-04,1.07,1.03
1.24160e-04,1.07,1.11
1.24240e-04,1.07,1.03
1.24320e-04,1.09,1.09
1.24400e-04,1.07,1.03
1.24480e-04,1.09,1.09
1.24560e-04,1.07,1.03
1.24640e-04,1.07,1.09
1.24720e-04,1.07,1.03
1.24800e-04,1.07,1.09
1.24880e-04,1.07,1.03
1.24960e-04,1.07,1.09
1.25040e-04,1.07,1.03
1.25120e-04,1.07,1.09
1.25200e-04,1.07,1.03
1.25280e-04,1.07,1.09
1.25360e-04,1.09,1.03
1.25440e-04,1.09,1.09
1.25520e-04,1.09,1.03
1.25600e-04,1.09,1.09
1.25680e-04,1.07,1.03
1.25760e-04,1.07,1.09
1.25840e-04,1.09,1.03
1.25920e-04,1.07,1.09
1.26000e-04,1.07,1.03
1.26080e-04,1.07,1.09
1.26160e-04,1.05,1.03
1.26240e-04,1.07,1.09
1.26320e-04,0.65,1.03
1.26400e-04,0.99,1.09
1.26480e-04,1.05,0.59
1.26560e-04,0.99,1.09
1.26640e-04,0.99,0.93
1.26720e-04,0.99,1.05
1.26800e-04,0.99,0.95
1.26880e-04,1.03,1.01
1.26960e-04,1.03,0.97
1.27040e-04,1.05,1.03
1.27120e-04,1.07,0.99
1.27200e-04,1.09,1.07
1.27280e-04,1.11,1.03
1.27360e-04,1.09,1.09
1.27440e-04,1.09,1.03
1.27520e-04,1.09,1.11
1.27600e-04,1.09,1.05
1.27680e-04,1.07,1.11
1.27760e-04,1.07,1.03
1.27840e-04,1.07,1.11
1.27920e-04,1.07,1.03
1.28000e-04,1.07,1.09
1.28080e-04,1.05,1.03
1.28160e-04,1.07,1.09
1.28240e-04,1.07,1.01
1.28320e-04,1.07,1.09
1.28400e-04,1.05,1.01
1.28480e-04,1.07,1.09
1.28560e-04,1.07,1.03
1.28640e-04,1.07,1.09
1.28720e-04,1.07,1.03
1.28800e-04,1.07,1.09
1.28880e-04,1.07,1.01
1.28960e-04,1.05,1.09
1.29040e-04,1.05,1.01
1.29120e-04,1.05,1.09
1.29200e-04,1.05,1.01
1.29280e-04,1.07,1.09
1.29360e-04,1.03,1.01
1.29440e-04,1.05,1.09
1.29520e-04,1.07,1.01
1.29600e-04,1.07,1.09
1.29680e-04,1.05,1.01
1.29760e-04,1.07,1.09
1.29840e-04,1.09,1.01
1.29920e-04,1.07,1.09
1.30000e-04,1.07,1.01
1.30080e-04,1.05,1.11
1.30160e-04,1.07,1.01
1.30240e-04,1.05,1.09
1.30320e-04,1.05,1.01
1.30400e-04,1.07,1.09
1.30480e-04,1.07,1.01
1.30560e-04,1.09,1.09
1.30640e-04,1.07,1.03
1.30720e-04,1.07,1.09
1.30800e-04,1.05,1.03
1.30880e-04,1.09,1.09
1.30960e-04,1.07,1.03
1.31040e-04,1.07,1.09
1.31120e-04,1.07,1.03
1.31200e-04,1.05,1.09
1.31280e-04,1.07,1.01
1.31360e-04,1.07,1.09
1.31440e-04,1.07,1.03
1.31520e-04,1.07,1.09
1.31600e-04,1.07,1.03
1.31680e-04,1.07,1.09
1.31760e-04,1.09,1.03
1.31840e-04,1.07,1.09
1.31920e-04,1.07,1.03
1.32000e-04,1.07,1.09
1.32080e-04,1.05,1.03
1.32160e-04,1.07,1.09
1.32240e-04,1.07,1.03
1.32320e-04,1.07,1.09
1.32400e-04,1.05,1.03
1.32480e-04,1.07,1.09
1.32560e-04,1.05,1.03
1.32640e-04,1.09,1.09
1.32720e-04,1.09,1.03
1.32800e-04,1.07,1.09
1.32880e-04,1.07,1.03
1.32960e-04,1.05,1.09
1.33040e-04,1.47,1.01
1.33120e-04,1.09,1.09
1.33200e-04,1.15,1.03
1.33280e-04,1.13,1.55
1.33360e-04,1.15,1.05
1.33440e-04,1.11,1.17
1.33520e-04,1.13,1.09
1.33600e-04,1.13,1.17
1.33680e-04,1.09,1.09
1.33760e-04,1.09,1.15
1.33840e-04,1.07,1.07
1.33920e-04,1.07,1.15
1.34000e-04,1.05,1.03
1.34080e-04,1.07,1.11
1.34160e-04,1.07,1.01
1.34240e-04,1.07,1.09
1.34320e-04,1.05,1.01
1.34400e-04,1.05,1.07
1.34480e-04,1.07,1.01
1.34560e-04,1.07,1.09
1.34640e-04,1.07,1.03
1.34720e-04,1.07,1.09
1.34800e-04,1.07,1.03
1.34880e-04,1.07,1.09
1.34960e-04,1.07,1.03
1.35040e-04,1.07,1.09
1.35120e-04,1.07,1.03
1.35200e-04,1.07,1.11
1.35280e-04,1.07,1.03
1.35360e-04,1.05,1.09
1.35440e-04,1.07,1.03
1.35520e-04,1.09,1.09
1.35600e-04,1.07,1.03
1.35680e-04,1.07,1.09
1.35760e-04,1.07,1.03
1.35840e-04,1.09,1.09
1.35920e-04,1.07,1.03
1.36000e-04,1.05,1.09
1.36080e-04,1.07,1.03
1.36160e-04,1.07,1.09
1.36240e-04,1.07,1.03
1.36320e-04,1.07,1.09
1.36400e-04,1.07,1.03
1.36480e-04,1.07,1.09
1.36560e-04,1.07,1.03
1.36640e-04,1.11,1.09
1.36720e-04,1.07,1.03
1.36800e-04,1.09,1.11
1.36880e-04,1.09,1.03
1.36960e-04,1.11,1.11
1.37040e-04,1.09,1.01
1.37120e-04,1.07,1.11
1.37200e-04,1.07,1.03
1.37280e-04,1.07,1.11
1.37360e-04,1.09,1.01
1.37440e-04,1.07,1.09
1.37520e-04,1.09,1.03
1.37600e-04,1.07,1.11
1.37680e-04,1.09,1.03
1.37760e-04,1.07,1.09
1.37840e-04,1.09,1.03
1.37920e-04,1.07,1.09
1.38000e-04,1.07,1.05
1.38080e-04,1.09,1.09
1.38160e-04,1.09,1.03
1.38240e-04,1.07,1.09
1.38320e-04,1.07,1.03
1.38400e-04,1.09,1.09
1.38480e-04,1.09,1.03
1.38560e-04,1.07,1.09
1.38640e-04,1.09,1.03
1.38720e-04,1.09,1.11
1.38800e-04,1.09,1.03
1.38880e-04,1.09,1.09
1.38960e-04,1.09,1.03
1.39040e-04,1.07,1.09
1.39120e-04,1.07,1.03
1.39200e-04,1.07,1.09
1.39280e-04,1.07,1.03
1.39360e-04,1.07,1.09
1.39440e-04,1.05,1.03
1.39520e-04,1.07,1.09
1.39600e-04,1.07,1.03
1.39680e-04,1.07,1.09
1.39760e-04,1.07,1.01
1.39840e-04,1.07,1.09
1.39920e-04,1.07,1.03
1.40000e-04,1.07,1.09
1.40080e-04,1.07,1.03
1.40160e-04,1.07,1.09
1.40240e-04,1.07,1.03
1.40320e-04,1.09,1.09
1.40400e-04,1.07,1.03
1.40480e-04,1.07,1.09
1.40560e-04,1.07,1.03
1.40640e-04,1.07,1.09
1.40720e-04,1.05,1.03
1.40800e-04,1.07,1.09
1.40880e-04,1.07,1.03
1.40960e-04,1.07,1.09
1.41040e-04,1.07,1.03
1.41120e-04,1.05,1.09
1.41200e-04,1.07,1.03
1.41280e-04,1.07,1.09
1.41360e-04,1.07,1.03
1.41440e-04,1.07,1.09
1.41520e-04,1.07,1.03
1.41600e-04,1.05,1.09
1.41680e-04,1.07,1.03
1.41760e-04,1.07,1.09
1.41840e-04,1.07,1.03
1.41920e-04,1.07,1.09
1.42000e-04,1.05,1.03
1.42080e-04,1.07,1.09
1.42160e-04,1.07,1.01
1.42240e-04,1.05,1.09
1.42320e-04,1.07,1.03
1.42400e-04,1.07,1.09
1.42480e-04,1.07,1.03
1.42560e-04,1.07,1.09
1.42640e-04,1.07,1.01
1.42720e-04,1.07,1.09
1.42800e-04,1.07,1.01
1.42880e-04,1.05,1.09
1.42960e-04,1.09,1.03
1.43040e-04,1.07,1.09
1.43120e-04,1.07,1.03
1.43200e-04,1.07,1.09
1.43280e-04,1.07,1.03
1.43360e-04,1.07,1.09
1.43440e-04,1.05,1.03
1.43520e-04,1.07,1.09
1.43600e-04,1.09,1.03
1.43680e-04,1.07,1.09
1.43760e-04,1.07,1.03
1.43840e-04,1.05,1.09
1.43920e-04,1.07,1.03
1.44000e-04,1.07,1.09
1.44080e-04,1.07,1.03
1.44160e-04,1.07,1.09
1.44240e-04,1.07,1.03
1.44320e-04,1.05,1.09
1.44400e-04,1.09,1.01
1.44480e-04,1.09,1.09
1.44560e-04,1.09,1.01
1.44640e-04,1.07,1.09
1.44720e-04,1.05,1.01
1.44800e-04,1.07,1.11
1.44880e-04,1.07,1.01
1.44960e-04,1.07,1.09
1.45040e-04,1.07,1.01
1.45120e-04,1.07,1.09
1.45200e-04,1.09,1.03
1.45280e-04,1.07,1.09
1.45360e-04,1.07,1.03
1.45440e-04,1.07,1.09
1.45520e-04,1.07,1.03
1.45600e-04,1.07,1.09
1.45680e-04,1.07,1.03
1.45760e-04,1.07,1.09
1.45840e-04,1.07,1.03
1.45920e-04,1.07,1.09
1.46000e-04,1.07,1.03
1.46080e-04,1.07,1.09
1.46160e-04,1.09,1.05
1.46240e-04,1.07,1.09
1.46320e-04,1.07,1.03
1.46400e-04,1.07,1.09
1.46480e-04,1.05,1.03
1.46560e-04,1.07,1.09
1.46640e-04,1.07,1.03
1.46720e-04,1.07,1.09
1.46800e-04,1.09,1.03
1.46880e-04,1.07,1.09
1.46960e-04,1.09,1.03
1.47040e-04,1.09,1.09
1.47120e-04,1.07,1.03
1.47200e-04,1.07,1.09
1.47280e-04,1.07,1.05
1.47360e-04,1.09,1.09
1.47440e-04,1.09,1.03
1.47520e-04,1.09,1.09
1.47600e-04,1.07,1.03
1.47680e-04,1.07,1.09
1.47760e-04,1.07,1.03
1.47840e-04,1.07,1.09
1.47920e-04,1.07,1.03
1.48000e-04,1.07,1.09
1.48080e-04,1.07,1.05
1.48160e-04,1.09,1.09
1.48240e-04,1.09,1.05
1.48320e-04,1.07,1.09
1.48400e-04,1.07,1.03
1.48480e-04,1.09,1.09
1.48560e-04,1.07,1.03
1.48640e-04,1.09,1.09
1.48720e-04,1.07,1.03
1.48800e-04,1.09,1.09
1.48880e-04,1.09,1.03
1.48960e-04,1.07,1.11
1.49040e-04,1.07,1.03
1.49120e-04,1.07,1.09
1.49200e-04,1.09,1.03
1.49280e-04,1.07,1.09
1.49360e-04,1.07,1.03
1.49440e-04,1.09,1.09
1.49520e-04,1.09,1.03
1.49600e-04,1.07,1.09
1.49680e-04,1.09,1.05
1.49760e-04,1.09,1.09
1.49840e-04,1.07,1.03
1.49920e-04,1.07,1.09
1.50000e-04,1.07,1.03
1.50080e-04,1.09,1.09
1.50160e-04,1.09,1.03
1.50240e-04,1.09,1.09
1.50320e-04,1.09,1.03
1.50400e-04,1.09,1.09
1.50480e-04,1.09,1.03
1.50560e-04,1.09,1.09
1.50640e-04,1.09,1.05
1.50720e-04,1.09,1.09
1.50800e-04,1.07,1.05
1.50880e-04,1.09,1.11
1.50960e-04,1.07,1.03
1.51040e-04,1.07,1.09
1.51120e-04,1.07,1.05
1.51200e-04,1.09,1.09
1.51280e-04,1.09,1.03
1.51360e-04,1.07,1.11
1.51440e-04,1.07,1.03
1.51520e-04,1.09,1.09
1.51600e-04,1.09,1.03
1.51680e-04,1.09,1.09
1.51760e-04,1.09,1.01
1.51840e-04,1.07,1.11
1.51920e-04,1.09,1.03
1.52000e-04,1.05,1.11
1.52080e-04,1.09,1.01
1.52160e-04,1.09,1.09
1.52240e-04,1.11,1.03
1.52320e-04,1.07,1.11
1.52400e-04,1.07,1.01
1.52480e-04,1.09,1.11
1.52560e-04,1.07,1.03
1.52640e-04,1.09,1.09
1.52720e-04,1.09,1.03
1.52800e-04,1.09,1.09
1.52880e-04,1.07,1.05
1.52960e-04,1.09,1.09
1.53040e-04,1.07,1.03
1.53120e-04,1.07,1.09
1.53200e-04,1.09,1.03
1.53280e-04,1.09,1.09
1.53360e-04,1.09,1.03
1.53440e-04,1.07,1.09
1.53520e-04,1.07,1.03
1.53600e-04,1.09,1.09
1.53680e-04,1.07,1.03
1.53760e-04,1.07,1.11
1.53840e-04,1.07,1.03
1.53920e-04,1.07,1.09
1.54000e-04,1.07,1.03
1.54080e-04,1.07,1.09
1.54160e-04,1.07,1.03
1.54240e-04,1.07,1.09
1.54320e-04,1.07,1.03
1.54400e-04,1.07,1.09
1.54480e-04,1.07,1.03
1.54560e-04,1.09,1.09
1.54640e-04,1.09,1.03
1.54720e-04,1.07,1.09
1.54800e-04,1.07,1.03
1.54880e-04,1.07,1.11
1.54960e-04,1.07,1.03
1.55040e-04,1.07,1.09
1.55120e-04,1.05,1.03
1.55200e-04,1.07,1.09
1.55280e-04,1.07,1.03
1.55360e-04,1.07,1.09
1.55440e-04,1.07,1.03
1.55520e-04,1.09,1.09
1.55600e-04,1.07,1.03
1.55680e-04,1.07,1.09
1.55760e-04,1.07,1.03
1.55840e-04,1.07,1.09
1.55920e-04,1.07,1.03
1.56000e-04,1.07,1.09
1.56080e-04,1.07,1.03
1.56160e-04,1.07,1.09
1.56240e-04,1.07,1.03
1.56320e-04,1.07,1.09
1.56400e-04,1.07,1.03
1.56480e-04,1.07,1.09
1.56560e-04,1.07,1.03
1.56640e-04,1.07,1.09
1.56720e-04,1.07,1.03
1.56800e-04,1.07,1.09
1.56880e-04,1.09,1.03
1.56960e-04,1.09,1.11
1.57040e-04,1.07,1.03
1.57120e-04,1.07,1.09
1.57200e-04,1.07,1.03
1.57280e-04,1.07,1.11
1.57360e-04,1.09,1.03
1.57440e-04,1.07,1.09
1.57520e-04,1.09,1.03
1.57600e-04,1.07,1.09
1.57680e-04,1.07,1.03
1.57760e-04,1.07,1.09
1.57840e-04,1.07,1.03
1.57920e-04,1.09,1.09
1.58000e-04,1.07,1.03
1.58080e-04,1.09,1.09
1.58160e-04,1.09,1.03
1.58240e-04,1.09,1.09
1.58320e-04,1.09,1.03
1.58400e-04,1.09,1.09
1.58480e-04,1.09,1.03
1.58560e-04,1.07,1.11
1.58640e-04,1.09,1.03
1.58720e-04,1.09,1.09
1.58800e-04,1.09,1.03
1.58880e-04,1.07,1.09
1.58960e-04,1.09,1.03
1.59040e-04,1.09,1.09
1.59120e-04,1.11,1.03
1.59200e-04,1.09,1.11
1.59280e-04,1.09,1.03
1.59360e-04,1.09,1.11
1.59440e-04,1.07,1.03
1.59520e-04,1.07,1.09
1.59600e-04,1.07,1.05
1.59680e-04,1.07,1.11
1.59760e-04,1.09,1.01
1.59840e-04,1.07,1.09
1.59920e-04,1.07,1.03
1.60000e-04,1.09,1.11
1.60080e-04,1.09,1.03
1.60160e-04,1.09,1.09
1.60240e-04,1.07,1.03
1.60320e-04,1.07,1.09
1.60400e-04,1.07,1.03
1.60480e-04,1.09,1.09
1.60560e-04,1.07,1.03
1.60640e-04,1.07,1.09
1.60720e-04,1.07,1.03
1.60800e-04,1.07,1.09
1.60880e-04,1.07,1.03
1.60960e-04,1.07,1.09
1.61040e-04,1.09,1.03
1.61120e-04,1.07,1.09
1.61200e-04,1.09,1.03
1.61280e-04,1.09,1.09
1.61360e-04,1.09,1.03
1.61440e-04,1.09,1.09
1.61520e-04,1.07,1.03
1.61600e-04,1.07,1.09
1.61680e-04,1.07,1.03
1.61760e-04,1.09,1.09
1.61840e-04,1.09,1.03
1.61920e-04,1.07,1.09
1.62000e-04,1.07,1.03
1.62080e-04,1.09,1.09
1.62160e-04,1.07,1.05
1.62240e-04,1.07,1.09
1.62320e-04,1.09,1.03
1.62400e-04,1.07,1.09
1.62480e-04,1.09,1.05
1.62560e-04,1.09,1.09
1.62640e-04,1.09,1.03
1.62720e-04,1.07,1.11
1.62800e-04,1.09,1.05
1.62880e-04,1.09,1.09
1.62960e-04,1.09,1.03
1.63040e-04,1.07,1.09
1.63120e-04,1.07,1.03
1.63200e-04,1.07,1.09
1.63280e-04,1.09,1.03
1.63360e-04,1.07,1.11
1.63440e-04,1.07,1.03
1.63520e-04,1.09,1.09
1.63600e-04,1.07,1.03
1.63680e-04,1.07,1.11
1.63760e-04,1.07,1.03
1.63840e-04,1.07,1.11
1.63920e-04,1.07,1.03
1.64000e-04,1.09,1.09
1.64080e-04,1.07,1.03
1.64160e-04,1.07,1.09
1.64240e-04,1.07,1.03
1.64320e-04,1.09,1.09
1.64400e-04,1.07,1.03
1.64480e-04,1.07,1.11
1.64560e-04,1.07,1.03
1.64640e-04,1.07,1.09
1.64720e-04,1.07,1.03
1.64800e-04,1.07,1.09
1.64880e-04,1.07,1.03
1.64960e-04,1.07,1.09
1.65040e-04,1.09,1.03
1.65120e-04,1.07,1.09
1.65200e-04,1.07,1.03
1.65280e-04,1.07,1.09
1.65360e-04,1.07,1.03
1.65440e-04,1.09,1.09
1.65520e-04,1.09,1.01
1.65600e-04,1.05,1.09
1.65680e-04,1.07,1.03
1.65760e-04,1.09,1.09
1.65840e-04,1.07,1.03
1.65920e-04,1.09,1.09
1.66000e-04,1.09,1.03
1.66080e-04,1.07,1.09
1.66160e-04,1.09,1.03
1.66240e-04,1.09,1.09
1.66320e-04,1.09,1.01
1.66400e-04,1.07,1.11
1.66480e-04,1.07,1.03
1.66560e-04,1.07,1.11
1.66640e-04,1.09,1.03
1.66720e-04,1.07,1.09
1.66800e-04,1.07,1.03
1.66880e-04,1.09,1.09
1.66960e-04,1.09,1.03
1.67040e-04,1.07,1.09
1.67120e-04,1.07,1.03
1.67200e-04,1.07,1.09
1.67280e-04,1.07,1.03
1.67360e-04,1.07,1.09
1.67440e-04,1.07,1.05
1.67520e-04,1.07,1.09
1.67600e-04,1.07,1.03
1.67680e-04,1.05,1.09
1.67760e-04,1.09,1.03
1.67840e-04,1.09,1.09
1.67920e-04,1.07,1.01
1.68000e-04,1.09,1.09
1.68080e-04,1.07,1.03
1.68160e-04,1.09,1.09
1.68240e-04,1.07,1.03
1.68320e-04,1.07,1.09
1.68400e-04,1.07,1.03
1.68480e-04,1.09,1.09
1.68560e-04,1.07,1.03
1.68640e-04,1.09,1.09
1.68720e-04,1.09,1.03
1.68800e-04,1.07,1.09
1.68880e-04,1.07,1.03
1.68960e-04,1.07,1.09
1.69040e-04,1.07,1.03
1.69120e-04,1.07,1.09
1.69200e-04,1.07,1.03
1.69280e-04,1.07,1.09
1.69360e-04,1.09,1.03
1.69440e-04,1.07,1.09
1.69520e-04,1.07,1.03
1.69600e-04,1.07,1.09
1.69680e-04,1.07,1.03
1.69760e-04,1.09,1.09
1.69840e-04,1.07,1.03
1.69920e-04,1.07,1.09
1.70000e-04,1.07,1.03
1.70080e-04,1.07,1.09
1.70160e-04,1.07,1.03
1.70240e-04,1.07,1.09
1.70320e-04,1.07,1.03
1.70400e-04,1.07,1.09
1.70480e-04,1.09,1.03
1.70560e-04,1.07,1.09
1.70640e-04,1.05,1.03
1.70720e-04,1.07,1.09
1.70800e-04,1.07,1.03
1.70880e-04,1.07,1.09
1.70960e-04,1.07,1.03
1.71040e-04,1.07,1.09
1.71120e-04,1.07,1.03
1.71200e-04,1.07,1.09
1.71280e-04,1.07,1.03
1.71360e-04,1.07,1.09
1.71440e-04,1.09,1.03
1.71520e-04,1.07,1.09
1.71600e-04,1.07,1.01
1.71680e-04,1.07,1.09
1.71760e-04,1.09,1.03
1.71840e-04,1.05,1.09
1.71920e-04,1.05,1.03
1.72000e-04,1.07,1.09
1.72080e-04,1.09,1.01
1.72160e-04,1.07,1.09
1.72240e-04,1.07,1.03
1.72320e-04,1.07,1.09
1.72400e-04,1.07,1.03
1.72480e-04,1.09,1.09
1.72560e-04,1.07,1.03
1.72640e-04,1.09,1.09
1.72720e-04,1.07,1.03
1.72800e-04,1.07,1.09
1.72880e-04,1.07,1.03
1.72960e-04,1.07,1.09
1.73040e-04,1.07,1.03
1.73120e-04,1.05,1.09
1.73200e-04,1.07,1.03
1.73280e-04,1.07,1.09
1.73360e-04,1.09,1.03
1.73440e-04,1.07,1.09
1.73520e-04,1.07,1.03
1.73600e-04,1.05,1.09
1.73680e-04,1.09,1.01
1.73760e-04,1.09,1.09
1.73840e-04,1.07,1.01
1.73920e-04,1.07,1.09
1.74000e-04,1.05,1.01
1.74080e-04,1.07,1.11
1.74160e-04,1.05,1.03
1.74240e-04,1.05,1.09
1.74320e-04,1.07,1.03
1.74400e-04,1.07,1.09
1.74480e-04,1.07,1.03
1.74560e-04,1.05,1.09
1.74640e-04,1.07,1.03
1.74720e-04,1.05,1.09
1.74800e-04,1.07,1.03
1.74880e-04,1.05,1.09
1.74960e-04,1.07,1.01
1.75040e-04,1.07,1.09
1.75120e-04,1.05,1.03
1.75200e-04,1.07,1.09
1.75280e-04,1.07,1.03
1.75360e-04,1.07,1.09
1.75440e-04,1.07,1.03
1.75520e-04,1.09,1.09
1.75600e-04,1.07,1.01
1.75680e-04,1.07,1.09
1.75760e-04,1.07,1.03
1.75840e-04,1.05,1.09
1.75920e-04,1.07,1.03
1.76000e-04,1.07,1.09
1.76080e-04,1.07,1.03
1.76160e-04,1.05,1.09
1.76240e-04,1.05,1.01
1.76320e-04,1.07,1.09
1.76400e-04,0.85,1.01
1.76480e-04,0.93,1.09
1.76560e-04,1.05,0.61
1.76640e-04,0.97,1.09
1.76720e-04,0.99,0.93
1.76800e-04,0.99,1.05
1.76880e-04,1.01,0.95
1.76960e-04,1.01,1.01
1.77040e-04,1.03,0.95
1.77120e-04,1.07,1.03
1.77200e-04,1.07,0.99
1.77280e-04,1.07,1.07
1.77360e-04,1.07,1.03
1.77440e-04,1.09,1.09
1.77520e-04,1.07,1.03
1.77600e-04,1.09,1.11
1.77680e-04,1.09,1.05
1.77760e-04,1.07,1.11
1.77840e-04,1.07,1.03
1.77920e-04,1.05,1.11
1.78000e-04,1.07,1.03
1.78080e-04,1.05,1.09
1.78160e-04,1.07,1.01
1.78240e-04,1.07,1.09
1.78320e-04,1.07,1.01
1.78400e-04,1.07,1.09
1.78480e-04,1.07,1.01
1.78560e-04,1.07,1.09
1.78640e-04,1.05,1.01
1.78720e-04,1.07,1.09
1.78800e-04,1.05,1.03
1.78880e-04,1.07,1.09
1.78960e-04,1.07,1.03
1.79040e-04,1.07,1.09
1.79120e-04,1.05,1.03
1.79200e-04,1.05,1.09
1.79280e-04,1.07,1.01
1.79360e-04,1.05,1.07
1.79440e-04,1.07,1.01
1.79520e-04,1.05,1.07
1.79600e-04,1.07,1.01
1.79680e-04,1.05,1.07
1.79760e-04,1.05,1.01
1.79840e-04,1.05,1.09
1.79920e-04,1.05,1.01
1.80000e-04,1.05,1.07
1.80080e-04,1.07,1.01
1.80160e-04,1.07,1.09
1.80240e-04,1.05,1.01
1.80320e-04,1.05,1.09
1.80400e-04,1.05,1.01
1.80480e-04,1.05,1.07
1.80560e-04,1.07,1.03
1.80640e-04,1.05,1.09
1.80720e-04,1.07,1.03
1.80800e-04,1.07,1.09
1.80880e-04,1.07,1.01
1.80960e-04,1.05,1.07
1.81040e-04,1.07,0.99
1.81120e-04,1.05,1.09
1.81200e-04,1.07,1.01
1.81280e-04,1.07,1.09
1.81360e-04,1.05,1.01
1.81440e-04,1.07,1.09
1.81520e-04,1.07,1.01
1.81600e-04,1.05,1.09
1.81680e-04,1.05,1.01
1.81760e-04,1.05,1.09
1.81840e-04,1.05,0.99
1.81920e-04,1.07,1.09
1.82000e-04,1.05,1.01
1.82080e-04,1.05,1.09
1.82160e-04,1.07,1.01
1.82240e-04,1.07,1.09
1.82320e-04,1.07,1.01
1.82400e-04,1.07,1.09
1.82480e-04,1.07,1.01
1.82560e-04,1.07,1.09
1.82640e-04,1.07,1.03
1.82720e-04,1.07,1.09
1.82800e-04,1.07,1.01
1.82880e-04,1.05,1.09
1.82960e-04,1.07,1.01
1.83040e-04,1.07,1.09
1.83120e-04,1.53,1.01
1.83200e-04,1.13,1.09
1.83280e-04,1.09,1.03
1.83360e-04,1.11,1.53
1.83440e-04,1.13,1.03
1.83520e-04,1.13,1.15
1.83600e-04,1.13,1.09
1.83680e-04,1.11,1.15
1.83760e-04,1.13,1.07
1.83840e-04,1.07,1.15
1.83920e-04,1.05,1.05
1.84000e-04,1.05,1.13
1.84080e-04,1.05,1.01
1.84160e-04,1.05,1.09
1.84240e-04,1.05,1.01
1.84320e-04,1.05,1.07
1.84400e-04,1.07,1.01
1.84480e-04,1.05,1.07
1.84560e-04,1.05,1.01
1.84640e-04,1.07,1.07
1.84720e-04,1.05,1.01
1.84800e-04,1.05,1.09
1.84880e-04,1.07,1.01
1.84960e-04,1.05,1.09
1.85040e-04,1.09,1.01
1.85120e-04,1.07,1.09
1.85200e-04,1.07,1.03
1.85280e-04,1.09,1.09
1.85360e-04,1.07,1.03
1.85440e-04,1.07,1.09
1.85520e-04,1.09,1.01
1.85600e-04,1.07,1.09
1.85680e-04,1.07,1.01
1.85760e-04,1.05,1.09
1.85840e-04,1.07,1.01
1.85920e-04,1.07,1.07
1.86000e-04,1.07,1.03
1.86080e-04,1.05,1.09
1.86160e-04,1.07,1.01
1.86240e-04,1.07,1.09
1.86320e-04,1.07,1.03
1.86400e-04,1.07,1.09
1.86480e-04,1.07,1.03
1.86560e-04,1.05,1.09
1.86640e-04,1.09,1.03
1.86720e-04,1.07,1.09
1.86800e-04,1.09,1.03
1.86880e-04,1.09,1.09
1.86960e-04,1.07,1.03
1.87040e-04,1.07,1.09
1.87120e-04,1.05,1.03
1.87200e-04,1.07,1.09
1.87280e-04,1.07,1.01
1.87360e-04,1.07,1.09
1.87440e-04,1.07,1.03
1.87520e-04,1.07,1.09
1.87600e-04,1.07,1.03
1.87680e-04,1.07,1.09
1.87760e-04,1.07,1.03
1.87840e-04,1.07,1.09
1.87920e-04,1.07,1.03
1.88000e-04,1.07,1.09
1.88080e-04,1.09,1.03
1.88160e-04,1.07,1.09
1.88240e-04,1.07,1.03
1.88320e-04,1.09,1.09
1.88400e-04,1.07,1.03
1.88480e-04,1.07,1.09
1.88560e-04,1.07,1.01
1.88640e-04,1.05,1.09
1.88720e-04,1.07,1.03
1.88800e-04,1.07,1.09
1.88880e-04,1.07,1.03
1.88960e-04,1.07,1.09
1.89040e-04,1.07,1.03
1.89120e-04,1.05,1.09
1.89200e-04,1.07,1.01
1.89280e-04,1.07,1.09
1.89360e-04,1.09,1.01
1.89440e-04,1.07,1.09
1.89520e-04,1.07,1.03
1.89600e-04,1.05,1.09
1.89680e-04,1.07,1.03
1.89760e-04,1.09,1.09
1.89840e-04,1.07,1.01
1.89920e-04,1.07,1.09
1.90000e-04,1.05,1.03
1.90080e-04,1.07,1.09
1.90160e-04,1.07,1.03
1.90240e-04,1.07,1.09
1.90320e-04,1.07,1.03
1.90400e-04,1.05,1.09
1.90480e-04,1.07,1.03
1.90560e-04,1.05,1.09
1.90640e-04,1.07,1.03
1.90720e-04,1.09,1.09
1.90800e-04,1.07,1.03
1.90880e-04,1.07,1.09
1.90960e-04,1.07,1.03
1.91040e-04,1.09,1.09
1.91120e-04,1.05,1.03
1.91200e-04,1.09,1.09
1.91280e-04,1.07,1.03
1.91360e-04,1.07,1.11
1.91440e-04,1.07,1.03
1.91520e-04,1.07,1.09
1.91600e-04,1.07,1.03
1.91680e-04,1.07,1.09
1.91760e-04,1.09,1.03
1.91840e-04,1.05,1.09
1.91920e-04,1.07,1.03
1.92000e-04,1.05,1.09
1.92080e-04,1.07,1.03
1.92160e-04,1.07,1.09
1.92240e-04,1.07,1.03
1.92320e-04,1.09,1.09
1.92400e-04,1.07,1.03
1.92480e-04,1.07,1.09
1.92560e-04,1.07,1.01
1.92640e-04,1.07,1.09
1.92720e-04,1.07,1.03
1.92800e-04,1.07,1.09
1.92880e-04,1.07,1.03
1.92960e-04,1.07,1.09
1.93040e-04,1.07,1.01
1.93120e-04,1.07,1.09
1.93200e-04,1.05,1.03
1.93280e-04,1.07,1.09
1.93360e-04,1.09,1.03
1.93440e-04,1.07,1.09
1.93520e-04,1.07,1.03
1.93600e-04,1.07,1.09
1.93680e-04,1.05,1.01
1.93760e-04,1.09,1.09
1.93840e-04,1.07,1.03
1.93920e-04,1.07,1.09
1.94000e-04,1.07,1.03
1.94080e-04,1.09,1.09
1.94160e-04,1.07,1.03
1.94240e-04,1.09,1.09
1.94320e-04,1.09,1.03
1.94400e-04,1.07,1.09
1.94480e-04,1.07,1.03
1.94560e-04,1.07,1.09
1.94640e-04,1.07,1.03
1.94720e-04,1.07,1.09
1.94800e-04,1.07,1.03
1.94880e-04,1.07,1.09
1.94960e-04,1.07,1.03
1.95040e-04,1.07,1.09
1.95120e-04,1.07,1.03
1.95200e-04,1.09,1.09
1.95280e-04,1.07,1.03
1.95360e-04,1.07,1.09
1.95440e-04,1.07,1.03
1.95520e-04,1.05,1.09
1.95600e-04,1.03,1.03
1.95680e-04,1.05,1.09
1.95760e-04,1.07,1.01
1.95840e-04,1.09,1.11
1.95920e-04,1.07,1.03
1.96000e-04,1.07,1.09
1.96080e-04,1.07,1.03
1.96160e-04,1.07,1.11
1.96240e-04,1.07,1.03
1.96320e-04,1.07,1.09
1.96400e-04,1.07,1.03
1.96480e-04,1.07,1.09
1.96560e-04,1.07,1.03
1.96640e-04,1.07,1.09
1.96720e-04,1.07,1.03
1.96800e-04,1.07,1.09
1.96880e-04,1.07,1.03
1.96960e-04,1.07,1.09
1.97040e-04,1.07,1.03
1.97120e-04,1.05,1.09
1.97200e-04,1.09,1.03
1.97280e-04,1.09,1.09
1.97360e-04,1.07,1.03
1.97440e-04,1.09,1.09
1.97520e-04,1.09,1.03
1.97600e-04,1.07,1.09
1.97680e-04,1.07,1.03
1.97760e-04,1.07,1.09
1.97840e-04,1.07,1.03
1.97920e-04,1.07,1.09
1.98000e-04,1.07,1.03
1.98080e-04,1.07,1.09
1.98160e-04,1.09,1.03
1.98240e-04,1.07,1.09
1.98320e-04,1.09,1.03
1.98400e-04,1.09,1.09
1.98480e-04,1.07,1.03
1.98560e-04,1.07,1.09
1.98640e-04,1.09,1.03
1.98720e-04,1.07,1.09
1.98800e-04,1.07,1.03
1.98880e-04,1.07,1.09
1.98960e-04,1.09,1.03
1.99040e-04,1.09,1.09
1.99120e-04,1.07,1.03
1.99200e-04,1.09,1.09
1.99280e-04,1.07,1.03
1.99360e-04,1.09,1.09
1.99440e-04,1.05,1.03
1.99520e-04,1.09,1.09
1.99600e-04,1.07,1.03
1.99680e-04,1.09,1.09
1.99760e-04,1.09,1.03
1.99840e-04,1.07,1.09
1.99920e-04,1.09,1.03
2.00000e-04,1.07,1.09
2.00080e-04,1.09,1.03
2.00160e-04,1.09,1.09
2.00240e-04,1.07,1.03
2.00320e-04,1.07,1.09
2.00400e-04,1.07,1.03
2.00480e-04,1.09,1.09
2.00560e-04,1.07,1.03
2.00640e-04,1.09,1.11
2.00720e-04,1.07,1.03
2.00800e-04,1.07,1.09
2.00880e-04,1.07,1.03
2.00960e-04,1.09,1.09
2.01040e-04,1.09,1.01
2.01120e-04,1.07,1.11
2.01200e-04,1.09,1.03
2.01280e-04,1.07,1.11
2.01360e-04,1.09,1.03
2.01440e-04,1.09,1.09
2.01520e-04,1.09,1.03
2.01600e-04,1.07,1.09
2.01680e-04,1.07,1.03
2.01760e-04,1.07,1.09
2.01840e-04,1.07,1.03
2.01920e-04,1.09,1.09
2.02000e-04,1.07,1.03
2.02080e-04,1.07,1.09
2.02160e-04,1.07,1.03
2.02240e-04,1.07,1.09
2.02320e-04,1.09,1.03
2.02400e-04,1.07,1.09
2.02480e-04,1.07,1.03
2.02560e-04,1.07,1.09
2.02640e-04,1.09,1.03
2.02720e-04,1.09,1.09
2.02800e-04,1.09,1.03
2.02880e-04,1.09,1.09
2.02960e-04,1.07,1.03
2.03040e-04,1.07,1.09
2.03120e-04,1.07,1.01
2.03200e-04,1.07,1.09
2.03280e-04,1.07,1.03
2.03360e-04,1.09,1.11
2.03440e-04,1.07,1.03
2.03520e-04,1.07,1.09
2.03600e-04,1.09,1.03
2.03680e-04,1.09,1.09
2.03760e-04,1.09,1.03
2.03840e-04,1.09,1.09
2.03920e-04,1.07,1.03
2.04000e-04,1.09,1.09
2.04080e-04,1.09,1.03
2.04160e-04,1.09,1.09
2.04240e-04,1.07,1.03
2.04320e-04,1.07,1.09
2.04400e-04,1.09,1.03
2.04480e-04,1.07,1.09
2.04560e-04,1.07,1.03
2.04640e-04,1.07,1.09
2.04720e-04,1.07,1.03
2.04800e-04,1.07,1.09
2.04880e-04,1.07,1.03
2.04960e-04,1.09,1.09
2.05040e-04,1.07,1.03
2.05120e-04,1.07,1.11
2.05200e-04,1.09,1.03
2.05280e-04,1.09,1.09
2.05360e-04,1.07,1.03
2.05440e-04,1.09,1.11
2.05520e-04,1.09,1.03
2.05600e-04,1.07,1.09
2.05680e-04,1.07,1.03
2.05760e-04,1.09,1.09
2.05840e-04,1.07,1.03
2.05920e-04,1.07,1.09
2.06000e-04,1.07,1.03
2.06080e-04,1.09,1.09
2.06160e-04,1.07,1.03
2.06240e-04,1.07,1.09
2.06320e-04,1.07,1.03
2.06400e-04,1.09,1.09
2.06480e-04,1.07,1.03
2.06560e-04,1.07,1.09
2.06640e-04,1.09,1.03
2.06720e-04,1.07,1.09
2.06800e-04,1.07,1.03
2.06880e-04,1.09,1.09
2.06960e-04,1.07,1.03
2.07040e-04,1.09,1.09
2.07120e-04,1.07,1.03
2.07200e-04,1.09,1.09
2.07280e-04,1.07,1.03
2.07360e-04,1.09,1.09
2.07440e-04,1.07,1.03
2.07520e-04,1.07,1.09
2.07600e-04,1.09,1.03
2.07680e-04,1.07,1.11
2.07760e-04,1.09,1.03
2.07840e-04,1.07,1.09
2.07920e-04,1.09,1.03
2.08000e-04,1.09,1.09
2.08080e-04,1.09,1.03
2.08160e-04,1.09,1.09
2.08240e-04,1.09,1.03
2.08320e-04,1.09,1.09
2.08400e-04,1.09,1.05
2.08480e-04,1.09,1.09
2.08560e-04,1.07,1.03
2.08640e-04,1.09,1.09
2.08720e-04,1.07,1.03
2.08800e-04,1.07,1.09
2.08880e-04,1.07,1.03
2.08960e-04,1.09,1.11
2.09040e-04,1.07,1.03
2.09120e-04,1.07,1.09
2.09200e-04,1.09,1.03
2.09280e-04,1.09,1.11
2.09360e-04,1.07,1.03
2.09440e-04,1.07,1.09
2.09520e-04,1.07,1.03
2.09600e-04,1.09,1.09
2.09680e-04,1.07,1.05
2.09760e-04,1.09,1.09
2.09840e-04,1.09,1.05
2.09920e-04,1.09,1.09
2.10000e-04,1.07,1.05
2.10080e-04,1.07,1.09
2.10160e-04,1.07,1.03
2.10240e-04,1.09,1.09
2.10320e-04,1.07,1.03
2.10400e-04,1.09,1.11
2.10480e-04,1.09,1.01
2.10560e-04,1.07,1.11
2.10640e-04,1.09,1.03
2.10720e-04,1.07,1.09
2.10800e-04,1.09,1.03
2.10880e-04,1.07,1.11
2.10960e-04,1.09,1.03
2.11040e-04,1.09,1.11
2.11120e-04,1.09,1.03
2.11200e-04,1.07,1.09
2.11280e-04,1.07,1.01
2.11360e-04,1.09,1.11
2.11440e-04,1.09,1.03
2.11520e-04,1.07,1.11
2.11600e-04,1.09,1.03
2.11680e-04,1.07,1.09
2.11760e-04,1.07,1.03
2.11840e-04,1.07,1.09
2.11920e-04,1.09,1.03
2.12000e-04,1.07,1.09
2.12080e-04,1.09,1.03
2.12160e-04,1.07,1.09
2.12240e-04,1.09,1.03
2.12320e-04,1.07,1.09
2.12400e-04,1.09,1.03
2.12480e-04,1.09,1.11
2.12560e-04,1.07,1.03
2.12640e-04,1.07,1.09
2.12720e-04,1.09,1.03
2.12800e-04,1.07,1.09
2.12880e-04,1.07,1.03
2.12960e-04,1.07,1.09
2.13040e-04,1.09,1.03
2.13120e-04,1.09,1.09
2.13200e-04,1.09,1.03
2.13280e-04,1.05,1.09
2.13360e-04,1.09,1.03
2.13440e-04,1.07,1.11
2.13520e-04,1.07,1.03
2.13600e-04,1.07,1.11
2.13680e-04,1.07,1.03
2.13760e-04,1.09,1.09
2.13840e-04,1.07,1.03
2.13920e-04,1.09,1.09
2.14000e-04,1.07,1.03
2.14080e-04,1.09,1.09
2.14160e-04,1.07,1.03
2.14240e-04,1.09,1.09
2.14320e-04,1.09,1.03
2.14400e-04,1.07,1.09
2.14480e-04,1.09,1.03
2.14560e-04,1.07,1.09
2.14640e-04,1.05,1.01
2.14720e-04,1.07,1.11
2.14800e-04,1.07,1.01
2.14880e-04,1.09,1.09
2.14960e-04,1.07,1.03
2.15040e-04,1.07,1.09
2.15120e-04,1.05,1.03
2.15200e-04,1.09,1.09
2.15280e-04,1.07,1.03
2.15360e-04,1.07,1.09
2.15440e-04,1.07,1.03
2.15520e-04,1.07,1.09
2.15600e-04,1.09,1.01
2.15680e-04,1.07,1.09
2.15760e-04,1.05,1.05
2.15840e-04,1.07,1.11
2.15920e-04,1.07,1.03
2.16000e-04,1.07,1.09
2.16080e-04,1.09,1.01
2.16160e-04,1.07,1.09
2.16240e-04,1.07,1.03
2.16320e-04,1.07,1.09
2.16400e-04,1.07,1.01
2.16480e-04,1.07,1.09
2.16560e-04,1.07,1.03
2.16640e-04,1.07,1.09
2.16720e-04,1.05,1.03
2.16800e-04,1.07,1.09
2.16880e-04,1.07,1.03
2.16960e-04,1.07,1.07
2.17040e-04,1.07,1.03
2.17120e-04,1.07,1.09
2.17200e-04,1.07,1.03
2.17280e-04,1.07,1.09
2.17360e-04,1.05,1.03
2.17440e-04,1.07,1.09
2.17520e-04,1.07,1.03
2.17600e-04,1.07,1.09
2.17680e-04,1.05,1.03
2.17760e-04,1.07,1.09
2.17840e-04,1.09,1.03
2.17920e-04,1.09,1.09
2.18000e-04,1.07,1.03
2.18080e-04,1.07,1.09
2.18160e-04,1.07,1.01
2.18240e-04,1.05,1.09
2.18320e-04,1.09,1.01
2.18400e-04,1.07,1.09
2.18480e-04,1.09,1.03
2.18560e-04,1.05,1.09
2.18640e-04,1.07,1.03
2.18720e-04,1.07,1.09
2.18800e-04,1.07,1.03
2.18880e-04,1.07,1.09
2.18960e-04,1.05,1.03
2.19040e-04,1.07,1.09
2.19120e-04,1.07,1.03
2.19200e-04,1.07,1.09
2.19280e-04,1.07,1.01
2.19360e-04,1.07,1.09
2.19440e-04,1.07,1.03
2.19520e-04,1.07,1.09
2.19600e-04,1.07,1.03
2.19680e-04,1.09,1.09
2.19760e-04,1.07,1.03
2.19840e-04,1.07,1.09
2.19920e-04,1.07,1.03
2.20000e-04,1.07,1.09
2.20080e-04,1.07,1.01
2.20160e-04,1.07,1.09
2.20240e-04,1.07,1.03
2.20320e-04,1.09,1.09
2.20400e-04,1.07,1.01
2.20480e-04,1.07,1.09
2.20560e-04,1.07,1.03
2.20640e-04,1.09,1.11
2.20720e-04,1.07,1.03
2.20800e-04,1.09,1.09
2.20880e-04,1.07,1.03
2.20960e-04,1.09,1.09
2.21040e-04,1.09,1.03
2.21120e-04,1.07,1.09
2.21200e-04,1.07,1.03
2.21280e-04,1.05,1.09
2.21360e-04,1.07,1.03
2.21440e-04,1.07,1.09
2.21520e-04,1.07,1.03
2.21600e-04,1.07,1.09
2.21680e-04,1.05,1.03
2.21760e-04,1.07,1.09
2.21840e-04,1.07,1.03
2.21920e-04,1.09,1.09
2.22000e-04,1.07,1.03
2.22080e-04,1.07,1.09
2.22160e-04,1.07,1.03
2.22240e-04,1.07,1.09
2.22320e-04,1.05,1.01
2.22400e-04,1.07,1.09
2.22480e-04,1.05,1.01
2.22560e-04,1.05,1.07
2.22640e-04,1.07,1.01
2.22720e-04,1.07,1.07
2.22800e-04,1.09,1.03
2.22880e-04,1.09,1.09
2.22960e-04,1.07,1.03
2.23040e-04,1.07,1.09
2.23120e-04,1.07,1.05
2.23200e-04,1.09,1.09
2.23280e-04,1.07,1.03
2.23360e-04,1.07,1.09
2.23440e-04,1.07,1.03
2.23520e-04,1.07,1.09
2.23600e-04,1.07,1.03
2.23680e-04,1.07,1.09
2.23760e-04,1.09,1.03
2.23840e-04,1.07,1.09
2.23920e-04,1.07,1.03
2.24000e-04,1.07,1.09
2.24080e-04,1.07,1.03
2.24160e-04,1.07,1.09
2.24240e-04,1.07,1.03
2.24320e-04,1.07,1.09
2.24400e-04,1.07,1.03
2.24480e-04,1.07,1.09
2.24560e-04,1.07,1.03
2.24640e-04,1.07,1.09
2.24720e-04,1.07,1.03
2.24800e-04,1.07,1.09
2.24880e-04,1.09,1.03
2.24960e-04,1.09,1.09
2.25040e-04,1.07,1.01
2.25120e-04,1.07,1.11
2.25200e-04,1.07,1.01
2.25280e-04,1.07,1.09
2.25360e-04,1.05,1.03
2.25440e-04,1.07,1.09
2.25520e-04,1.07,1.03
2.25600e-04,1.07,1.09
2.25680e-04,1.07,1.03
2.25760e-04,1.07,1.09
2.25840e-04,1.07,1.03
2.25920e-04,1.07,1.11
2.26000e-04,1.07,1.03
2.26080e-04,1.07,1.09
2.26160e-04,1.07,1.01
2.26240e-04,1.07,1.09
2.26320e-04,1.07,1.03
2.26400e-04,1.03,1.09
2.26480e-04,0.95,1.03
2.26560e-04,1.01,1.09
2.26640e-04,1.03,0.59
2.26720e-04,0.99,1.03
2.26800e-04,0.99,0.95
2.26880e-04,1.01,1.05
2.26960e-04,1.03,0.95
2.27040e-04,1.03,1.01
2.27120e-04,1.03,0.97
2.27200e-04,1.05,1.03
2.27280e-04,1.07,0.99
2.27360e-04,1.07,1.07
2.27440e-04,1.09,1.01
2.27520e-04,1.09,1.09
2.27600e-04,1.07,1.05
2.27680e-04,1.09,1.11
2.27760e-04,1.07,1.05
2.27840e-04,1.09,1.11
2.27920e-04,1.07,1.03
2.28000e-04,1.07,1.09
2.28080e-04,1.07,1.03
2.28160e-04,1.09,1.09
2.28240e-04,1.05,1.01
2.28320e-04,1.05,1.09
2.28400e-04,1.05,1.01
2.28480e-04,1.07,1.09
2.28560e-04,1.07,1.01
2.28640e-04,1.05,1.09
2.28720e-04,1.07,1.03
2.28800e-04,1.05,1.09
2.28880e-04,1.07,1.03
2.28960e-04,1.07,1.09
2.29040e-04,1.07,1.01
2.29120e-04,1.07,1.09
2.29200e-04,1.05,1.01
2.29280e-04,1.07,1.09
2.29360e-04,1.05,1.01
2.29440e-04,1.05,1.09
2.29520e-04,1.05,1.01
2.29600e-04,1.07,1.07
2.29680e-04,1.05,1.01
2.29760e-04,1.05,1.07
2.29840e-04,1.05,1.01
2.29920e-04,1.07,1.09
2.30000e-04,1.05,1.01
2.30080e-04,1.05,1.09
2.30160e-04,1.07,1.01
2.30240e-04,1.07,1.07
2.30320e-04,1.07,1.01
2.30400e-04,1.07,1.09
2.30480e-04,1.07,1.03
2.30560e-04,1.07,1.09
2.30640e-04,1.05,1.01
2.30720e-04,1.07,1.09
2.30800e-04,1.07,1.03
2.30880e-04,1.05,1.09
2.30960e-04,1.05,1.03
2.31040e-04,1.07,1.09
2.31120e-04,1.07,1.03
2.31200e-04,1.07,1.07
2.31280e-04,1.07,1.01
2.31360e-04,1.05,1.09
2.31440e-04,1.07,1.01
2.31520e-04,1.07,1.09
2.31600e-04,1.09,1.01
2.31680e-04,1.05,1.09
2.31760e-04,1.09,1.03
2.31840e-04,1.07,1.09
2.31920e-04,1.07,1.01
2.32000e-04,1.07,1.09
2.32080e-04,1.07,1.03
2.32160e-04,1.05,1.09
2.32240e-04,1.07,1.01
2.32320e-04,1.07,1.09
2.32400e-04,1.07,1.01
2.32480e-04,1.07,1.09
2.32560e-04,1.07,1.01
2.32640e-04,1.05,1.09
2.32720e-04,1.05,1.01
2.32800e-04,1.07,1.09
2.32880e-04,1.07,1.01
2.32960e-04,1.05,1.09
2.33040e-04,1.05,1.03
2.33120e-04,1.07,1.09
2.33200e-04,1.43,1.01
2.33280e-04,1.13,1.09
2.33360e-04,1.09,1.03
2.33440e-04,1.15,1.55
2.33520e-04,1.13,1.05
2.33600e-04,1.13,1.17
2.33680e-04,1.11,1.09
2.33760e-04,1.13,1.15
2.33840e-04,1.09,1.07
2.33920e-04,1.07,1.15
2.34000e-04,1.05,1.05
2.34080e-04,1.05,1.13
2.34160e-04,1.05,1.03
2.34240e-04,1.05,1.09
2.34320e-04,1.05,1.01
2.34400e-04,1.05,1.07
2.34480e-04,1.05,1.01
2.34560e-04,1.07,1.07
2.34640e-04,1.05,1.01
2.34720e-04,1.07,1.09
2.34800e-04,1.09,1.03
2.34880e-04,1.09,1.09
2.34960e-04,1.07,1.03
2.35040e-04,1.07,1.09
2.35120e-04,1.05,1.03
2.35200e-04,1.07,1.09
2.35280e-04,1.05,1.03
2.35360e-04,1.09,1.09
2.35440e-04,1.07,1.03
2.35520e-04,1.05,1.09
2.35600e-04,1.07,1.03
2.35680e-04,1.05,1.09
2.35760e-04,1.07,1.03
2.35840e-04,1.07,1.09
2.35920e-04,1.07,1.03
2.36000e-04,1.07,1.09
2.36080e-04,1.07,1.03
2.36160e-04,1.07,1.09
2.36240e-04,1.07,1.03
2.36320e-04,1.09,1.09
2.36400e-04,1.07,1.03
2.36480e-04,1.07,1.09
2.36560e-04,1.07,1.03
2.36640e-04,1.07,1.09
2.36720e-04,1.09,1.03
2.36800e-04,1.07,1.09
2.36880e-04,1.07,1.03
2.36960e-04,1.07,1.09
2.37040e-04,1.07,1.03
2.37120e-04,1.05,1.09
2.37200e-04,1.09,1.03
2.37280e-04,1.07,1.09
2.37360e-04,1.07,1.03
2.37440e-04,1.09,1.09
2.37520e-04,1.07,1.03
2.37600e-04,1.09,1.09
2.37680e-04,1.09,1.05
2.37760e-04,1.09,1.09
2.37840e-04,1.09,1.03
2.37920e-04,1.07,1.11
2.38000e-04,1.09,1.03
2.38080e-04,1.07,1.11
2.38160e-04,1.07,1.03
2.38240e-04,1.09,1.09
2.38320e-04,1.09,1.03
2.38400e-04,1.07,1.09
2.38480e-04,1.07,1.03
2.38560e-04,1.09,1.09
2.38640e-04,1.09,1.03
2.38720e-04,1.09,1.09
2.38800e-04,1.07,1.03
2.38880e-04,1.07,1.09
2.38960e-04,1.07,1.03
2.39040e-04,1.09,1.09
2.39120e-04,1.07,1.03
2.39200e-04,1.09,1.09
2.39280e-04,1.07,1.03
2.39360e-04,1.05,1.09
2.39440e-04,1.07,1.03
2.39520e-04,1.05,1.09
2.39600e-04,1.07,1.03
2.39680e-04,1.07,1.09
2.39760e-04,1.07,1.01
2.39840e-04,1.09,1.11
2.39920e-04,1.07,1.03
2.40000e-04,1.07,1.09
2.40080e-04,1.07,1.03
2.40160e-04,1.07,1.09
2.40240e-04,1.09,1.03
2.40320e-04,1.07,1.09
2.40400e-04,1.05,1.03
2.40480e-04,1.05,1.09
2.40560e-04,1.07,1.01
2.40640e-04,1.07,1.11
2.40720e-04,1.07,1.03
2.40800e-04,1.07,1.09
2.40880e-04,1.07,1.03
2.40960e-04,1.07,1.09
2.41040e-04,1.07,1.03
2.41120e-04,1.07,1.09
2.41200e-04,1.09,1.03
2.41280e-04,1.05,1.09
2.41360e-04,1.07,1.03
2.41440e-04,1.07,1.09
2.41520e-04,1.07,1.03
2.41600e-04,1.07,1.09
2.41680e-04,1.07,1.03
2.41760e-04,1.07,1.09
2.41840e-04,1.07,1.03
2.41920e-04,1.07,1.11
2.42000e-04,1.07,1.03
2.42080e-04,1.07,1.09
2.42160e-04,1.07,1.03
2.42240e-04,1.05,1.09
2.42320e-04,1.07,1.03
2.42400e-04,1.07,1.09
2.42480e-04,1.07,1.03
2.42560e-04,1.07,1.09
2.42640e-04,1.09,1.03
2.42720e-04,1.07,1.09
2.42800e-04,1.07,1.03
2.42880e-04,1.07,1.09
2.42960e-04,1.09,1.03
2.43040e-04,1.07,1.09
2.43120e-04,1.07,1.03
2.43200e-04,1.07,1.09
2.43280e-04,1.09,1.03
2.43360e-04,1.07,1.09
2.43440e-04,1.07,1.03
2.43520e-04,1.09,1.09
2.43600e-04,1.09,1.03
2.43680e-04,1.09,1.09
2.43760e-04,1.07,1.03
2.43840e-04,1.05,1.09
2.43920e-04,1.09,1.03
2.44000e-04,1.09,1.09
2.44080e-04,1.09,1.03
2.44160e-04,1.07,1.09
2.44240e-04,1.07,1.05
2.44320e-04,1.09,1.09
2.44400e-04,1.07,1.03
2.44480e-04,1.09,1.09
2.44560e-04,1.07,1.03
2.44640e-04,1.11,1.09
2.44720e-04,1.09,1.03
2.44800e-04,1.07,1.11
2.44880e-04,1.09,1.05
2.44960e-04,1.09,1.11
2.45040e-04,1.07,1.03
2.45120e-04,1.07,1.11
2.45200e-04,1.09,1.03
2.45280e-04,1.09,1.09
2.45360e-04,1.07,1.03
2.45440e-04,1.07,1.09
2.45520e-04,1.09,1.03
2.45600e-04,1.07,1.09
2.45680e-04,1.07,1.03
2.45760e-04,1.09,1.09
2.45840e-04,1.09,1.05
2.45920e-04,1.09,1.11
2.46000e-04,1.07,1.03
2.46080e-04,1.09,1.09
2.46160e-04,1.07,1.03
2.46240e-04,1.09,1.09
2.46320e-04,1.09,1.03
2.46400e-04,1.09,1.09
2.46480e-04,1.09,1.03
2.46560e-04,1.07,1.09
2.46640e-04,1.09,1.03
2.46720e-04,1.07,1.09
2.46800e-04,1.07,1.03
2.46880e-04,1.07,1.09
2.46960e-04,1.07,1.03
2.47040e-04,1.05,1.09
2.47120e-04,1.05,1.03
2.47200e-04,1.09,1.11
2.47280e-04,1.09,1.03
2.47360e-04,1.09,1.09
2.47440e-04,1.07,1.03
2.47520e-04,1.09,1.09
2.47600e-04,1.09,1.03
2.47680e-04,1.09,1.11
2.47760e-04,1.07,1.03
2.47840e-04,1.09,1.11
2.47920e-04,1.09,1.01
2.48000e-04,1.09,1.11
2.48080e-04,1.07,1.05
2.48160e-04,1.07,1.11
2.48240e-04,1.07,1.03
2.48320e-04,1.09,1.11
2.48400e-04,1.09,1.03
2.48480e-04,1.09,1.09
2.48560e-04,1.09,1.05
2.48640e-04,1.07,1.11
2.48720e-04,1.09,1.05
2.48800e-04,1.09,1.09
2.48880e-04,1.09,1.03
2.48960e-04,1.07,1.09
2.49040e-04,1.09,1.03
2.49120e-04,1.07,1.11
2.49200e-04,1.09,1.05
2.49280e-04,1.09,1.09
2.49360e-04,1.09,1.03
2.49440e-04,1.09,1.09
2.49520e-04,1.09,1.05
2.49600e-04,1.09,1.09
2.49680e-04,1.09,1.05
2.49760e-04,1.09,1.11
2.49840e-04,1.09,1.03
2.49920e-04,1.09,1.09
2.50000e-04,1.09,1.03
2.50080e-04,1.09,1.09
2.50160e-04,1.09,1.03
2.50240e-04,1.07,1.09
2.50320e-04,1.09,1.03
2.50400e-04,1.07,1.09
2.50480e-04,1.09,1.03
2.50560e-04,1.07,1.11
2.50640e-04,1.09,1.03
2.50720e-04,1.07,1.09
2.50800e-04,1.07,1.03
2.50880e-04,1.07,1.09
2.50960e-04,1.07,1.03
2.51040e-04,1.09,1.11
2.51120e-04,1.07,1.03
2.51200e-04,1.09,1.11
2.51280e-04,1.07,1.05
2.51360e-04,1.09,1.11
2.51440e-04,1.09,1.05
2.51520e-04,1.09,1.09
2.51600e-04,1.07,1.05
2.51680e-04,1.09,1.09
2.51760e-04,1.09,1.03
2.51840e-04,1.09,1.09
2.51920e-04,1.09,1.03
2.52000e-04,1.07,1.09
2.52080e-04,1.09,1.03
2.52160e-04,1.07,1.09
2.52240e-04,1.07,1.03
2.52320e-04,1.07,1.11
2.52400e-04,1.07,1.03
2.52480e-04,1.09,1.09
2.52560e-04,1.07,1.03
2.52640e-04,1.09,1.09
2.52720e-04,1.07,1.03
2.52800e-04,1.07,1.11
2.52880e-04,1.09,1.03
2.52960e-04,1.09,1.11
2.53040e-04,1.09,1.03
2.53120e-04,1.07,1.11
2.53200e-04,1.07,1.05
2.53280e-04,1.07,1.09
2.53360e-04,1.09,1.05
2.53440e-04,1.07,1.09
2.53520e-04,1.09,1.03
2.53600e-04,1.07,1.09
2.53680e-04,1.07,1.05
2.53760e-04,1.07,1.09
2.53840e-04,1.07,1.05
2.53920e-04,1.07,1.09
2.54000e-04,1.09,1.03
2.54080e-04,1.09,1.09
2.54160e-04,1.07,1.05
2.54240e-04,1.09,1.09
2.54320e-04,1.09,1.03
2.54400e-04,1.09,1.11
2.54480e-04,1.07,1.03
2.54560e-04,1.07,1.09
2.54640e-04,1.09,1.03
2.54720e-04,1.07,1.11
2.54800e-04,1.09,1.03
2.54880e-04,1.07,1.11
2.54960e-04,1.09,1.03
2.55040e-04,1.09,1.09
2.55120e-04,1.09,1.03
2.55200e-04,1.07,1.11
2.55280e-04,1.07,1.05
2.55360e-04,1.07,1.09
2.55440e-04,1.07,1.03
2.55520e-04,1.09,1.09
2.55600e-04,1.07,1.05
2.55680e-04,1.09,1.09
2.55760e-04,1.07,1.05
2.55840e-04,1.09,1.11
2.55920e-04,1.09,1.05
2.56000e-04,1.09,1.09
2.56080e-04,1.07,1.05
2.56160e-04,1.07,1.09
2.56240e-04,1.09,1.05
2.56320e-04,1.09,1.09
2.56400e-04,1.09,1.03
2.56480e-04,1.09,1.11
2.56560e-04,1.09,1.03
2.56640e-04,1.09,1.11
2.56720e-04,1.09,1.05
2.56800e-04,1.07,1.09
2.56880e-04,1.09,1.03
2.56960e-04,1.09,1.11
2.57040e-04,1.07,1.03
2.57120e-04,1.09,1.09
2.57200e-04,1.09,1.05
2.57280e-04,1.09,1.11
2.57360e-04,1.11,1.05
2.57440e-04,1.07,1.11
2.57520e-04,1.09,1.03
2.57600e-04,1.09,1.11
2.57680e-04,1.09,1.05
2.57760e-04,1.09,1.11
2.57840e-04,1.09,1.03
2.57920e-04,1.09,1.11
2.58000e-04,1.07,1.03
2.58080e-04,1.09,1.11
2.58160e-04,1.09,1.03
2.58240e-04,1.09,1.11
2.58320e-04,1.09,1.05
2.58400e-04,1.07,1.11
2.58480e-04,1.07,1.03
2.58560e-04,1.07,1.09
2.58640e-04,1.09,1.05
2.58720e-04,1.07,1.11
2.58800e-04,1.09,1.03
2.58880e-04,1.09,1.09
2.58960e-04,1.07,1.03
2.59040e-04,1.09,1.11
2.59120e-04,1.09,1.05
2.59200e-04,1.09,1.09
2.59280e-04,1.09,1.05
2.59360e-04,1.09,1.09
2.59440e-04,1.07,1.03
2.59520e-04,1.09,1.09
2.59600e-04,1.09,1.05
2.59680e-04,1.07,1.09
2.59760e-04,1.09,1.03
2.59840e-04,1.09,1.09
2.59920e-04,1.07,1.05
2.60000e-04,1.07,1.11
2.60080e-04,1.09,1.03
2.60160e-04,1.09,1.09
2.60240e-04,1.07,1.05
2.60320e-04,1.09,1.11
2.60400e-04,1.09,1.03
2.60480e-04,1.09,1.11
2.60560e-04,1.07,1.05
2.60640e-04,1.07,1.09
2.60720e-04,1.07,1.05
2.60800e-04,1.09,1.09
2.60880e-04,1.09,1.05
2.60960e-04,1.07,1.09
2.61040e-04,1.07,1.05
2.61120e-04,1.07,1.09
2.61200e-04,1.09,1.05
2.61280e-04,1.09,1.09
2.61360e-04,1.07,1.05
2.61440e-04,1.09,1.09
2.61520e-04,1.09,1.03
2.61600e-04,1.07,1.09
2.61680e-04,1.07,1.03
2.61760e-04,1.07,1.09
2.61840e-04,1.07,1.05
2.61920e-04,1.07,1.11
2.62000e-04,1.07,1.03
2.62080e-04,1.09,1.11
2.62160e-04,1.07,1.03
2.62240e-04,1.07,1.11
2.62320e-04,1.09,1.03
2.62400e-04,1.07,1.11
2.62480e-04,1.09,1.03
2.62560e-04,1.07,1.09
2.62640e-04,1.07,1.03
2.62720e-04,1.07,1.09
2.62800e-04,1.07,1.03
2.62880e-04,1.07,1.09
2.62960e-04,1.07,1.03
2.63040e-04,1.07,1.09
2.63120e-04,1.09,1.03
2.63200e-04,1.09,1.09
2.63280e-04,1.07,1.03
2.63360e-04,1.09,1.09
2.63440e-04,1.07,1.03
2.63520e-04,1.09,1.09
2.63600e-04,1.09,1.05
2.63680e-04,1.07,1.11
2.63760e-04,1.07,1.05
2.63840e-04,1.09,1.09
2.63920e-04,1.09,1.03
2.64000e-04,1.07,1.09
2.64080e-04,1.07,1.05
2.64160e-04,1.05,1.11
2.64240e-04,1.09,1.03
2.64320e-04,1.09,1.11
2.64400e-04,1.09,1.03
2.64480e-04,1.09,1.11
2.64560e-04,1.09,1.05
2.64640e-04,1.09,1.11
2.64720e-04,1.07,1.03
2.64800e-04,1.09,1.09
2.64880e-04,1.09,1.03
2.64960e-04,1.07,1.11
2.65040e-04,1.07,1.03
2.65120e-04,1.07,1.11
2.65200e-04,1.09,1.03
2.65280e-04,1.07,1.09
2.65360e-04,1.07,1.03
2.65440e-04,1.05,1.09
2.65520e-04,1.09,1.03
2.65600e-04,1.09,1.11
2.65680e-04,1.07,1.03
2.65760e-04,1.07,1.09
2.65840e-04,1.07,1.03
2.65920e-04,1.09,1.11
2.66000e-04,1.09,1.03
2.66080e-04,1.09,1.09
2.66160e-04,1.07,1.03
2.66240e-04,1.07,1.09
2.66320e-04,1.09,1.03
2.66400e-04,1.05,1.09
2.66480e-04,1.07,1.03
2.66560e-04,1.07,1.09
2.66640e-04,1.09,1.03
2.66720e-04,1.07,1.09
2.66800e-04,1.07,1.03
2.66880e-04,1.09,1.09
2.66960e-04,1.07,1.03
2.67040e-04,1.09,1.09
2.67120e-04,1.07,1.03
2.67200e-04,1.07,1.09
2.67280e-04,1.07,1.03
2.67360e-04,1.09,1.09
2.67440e-04,1.09,1.03
2.67520e-04,1.09,1.09
2.67600e-04,1.09,1.03
2.67680e-04,1.07,1.09
2.67760e-04,1.07,1.03
2.67840e-04,1.07,1.09
2.67920e-04,1.09,1.03
2.68000e-04,1.07,1.09
2.68080e-04,1.09,1.03
2.68160e-04,1.07,1.09
2.68240e-04,1.07,1.01
2.68320e-04,1.09,1.11
2.68400e-04,1.07,1.03
2.68480e-04,1.07,1.09
2.68560e-04,1.05,1.03
2.68640e-04,1.07,1.09
2.68720e-04,1.09,1.05
2.68800e-04,1.09,1.09
2.68880e-04,1.05,1.03
2.68960e-04,1.09,1.09
2.69040e-04,1.09,1.03
2.69120e-04,1.09,1.11
2.69200e-04,1.09,1.03
2.69280e-04,1.07,1.09
2.69360e-04,1.07,1.03
2.69440e-04,1.07,1.09
2.69520e-04,1.09,1.03
2.69600e-04,1.09,1.09
2.69680e-04,1.07,1.03
2.69760e-04,1.09,1.09
2.69840e-04,1.07,1.03
2.69920e-04,1.07,1.09
2.70000e-04,1.07,1.03
2.70080e-04,1.07,1.09
2.70160e-04,1.09,1.03
2.70240e-04,1.07,1.09
2.70320e-04,1.09,1.03
2.70400e-04,1.09,1.09
2.70480e-04,1.07,1.03
2.70560e-04,1.07,1.09
2.70640e-04,1.07,1.03
2.70720e-04,1.07,1.09
2.70800e-04,1.07,1.03
2.70880e-04,1.07,1.09
2.70960e-04,1.07,1.03
2.71040e-04,1.07,1.09
2.71120e-04,1.07,1.03
2.71200e-04,1.09,1.09
2.71280e-04,1.07,1.03
2.71360e-04,1.07,1.09
2.71440e-04,1.09,1.03
2.71520e-04,1.09,1.09
2.71600e-04,1.07,1.03
2.71680e-04,1.05,1.09
2.71760e-04,1.07,1.03
2.71840e-04,1.09,1.09
2.71920e-04,1.09,1.03
2.72000e-04,1.07,1.09
2.72080e-04,1.07,1.03
2.72160e-04,1.07,1.09
2.72240e-04,1.07,1.03
2.72320e-04,1.07,1.09
2.72400e-04,1.07,1.03
2.72480e-04,1.07,1.09
2.72560e-04,1.07,1.03
2.72640e-04,1.07,1.09
2.72720e-04,1.07,1.03
2.72800e-04,1.07,1.09
2.72880e-04,1.07,1.03
2.72960e-04,1.07,1.09
2.73040e-04,1.07,1.03
2.73120e-04,1.07,1.09
2.73200e-04,1.07,1.03
2.73280e-04,1.07,1.09
2.73360e-04,1.07,1.03
2.73440e-04,1.07,1.09
2.73520e-04,1.07,1.03
2.73600e-04,1.07,1.09
2.73680e-04,1.07,1.03
2.73760e-04,1.07,1.09
2.73840e-04,1.07,1.03
2.73920e-04,1.07,1.09
2.74000e-04,1.07,1.03
2.74080e-04,1.09,1.09
2.74160e-04,1.09,1.03
2.74240e-04,1.07,1.09
2.74320e-04,1.09,1.03
2.74400e-04,1.09,1.09
2.74480e-04,1.07,1.03
2.74560e-04,1.09,1.09
2.74640e-04,1.09,1.03
2.74720e-04,1.07,1.09
2.74800e-04,1.07,1.03
2.74880e-04,1.07,1.09
2.74960e-04,1.07,1.03
2.75040e-04,1.07,1.09
2.75120e-04,1.05,1.03
2.75200e-04,1.09,1.09
2.75280e-04,1.07,1.03
2.75360e-04,1.05,1.09
2.75440e-04,1.07,1.03
2.75520e-04,1.09,1.09
2.75600e-04,1.07,1.03
2.75680e-04,1.07,1.09
2.75760e-04,1.07,1.03
2.75840e-04,1.09,1.09
2.75920e-04,1.07,1.01
2.76000e-04,1.07,1.09
2.76080e-04,1.07,1.03
2.76160e-04,1.07,1.09
2.76240e-04,1.05,1.03
2.76320e-04,1.09,1.09
2.76400e-04,1.07,1.03
2.76480e-04,0.69,1.09
2.76560e-04,1.03,0.67
2.76640e-04,1.01,1.09
2.76720e-04,1.01,0.59
2.76800e-04,0.99,1.03
2.76880e-04,0.99,0.95
2.76960e-04,0.99,1.07
2.77040e-04,1.01,0.95
2.77120e-04,1.03,1.01
2.77200e-04,1.05,0.97
2.77280e-04,1.07,1.03
2.77360e-04,1.09,0.99
2.77440e-04,1.09,1.07
2.77520e-04,1.07,1.03
2.77600e-04,1.09,1.09
2.77680e-04,1.09,1.05
2.77760e-04,1.07,1.11
2.77840e-04,1.07,1.05
2.77920e-04,1.07,1.11
2.78000e-04,1.07,1.03
2.78080e-04,1.05,1.09
2.78160e-04,1.07,1.03
2.78240e-04,1.07,1.09
2.78320e-04,1.07,1.01
2.78400e-04,1.07,1.09
2.78480e-04,1.07,1.01
2.78560e-04,1.07,1.07
2.78640e-04,1.05,1.01
2.78720e-04,1.07,1.07
2.78800e-04,1.07,1.03
2.78880e-04,1.07,1.09
2.78960e-04,1.07,1.01
2.79040e-04,1.07,1.09
2.79120e-04,1.05,1.01
2.79200e-04,1.05,1.09
2.79280e-04,1.05,1.01
2.79360e-04,1.07,1.09
2.79440e-04,1.07,1.01
2.79520e-04,1.05,1.09
2.79600e-04,1.05,1.01
2.79680e-04,1.05,1.09
2.79760e-04,1.07,1.01
2.79840e-04,1.07,1.09
2.79920e-04,1.07,1.01
2.80000e-04,1.05,1.07
2.80080e-04,1.05,1.01
2.80160e-04,1.07,1.09
2.80240e-04,1.07,1.01
2.80320e-04,1.05,1.07
2.80400e-04,1.05,1.01
2.80480e-04,1.07,1.09
2.80560e-04,1.09,1.01
2.80640e-04,1.05,1.09
2.80720e-04,1.09,1.01
2.80800e-04,1.05,1.09
2.80880e-04,1.07,1.01
2.80960e-04,1.05,1.09
2.81040e-04,1.07,1.01
2.81120e-04,1.07,1.09
2.81200e-04,1.07,1.01
2.81280e-04,1.07,1.09
2.81360e-04,1.05,1.01
2.81440e-04,1.07,1.09
2.81520e-04,1.05,1.01
2.81600e-04,1.07,1.09
2.81680e-04,1.05,1.01
2.81760e-04,1.07,1.07
2.81840e-04,1.07,1.01
2.81920e-04,1.05,1.09
2.82000e-04,1.05,1.01
2.82080e-04,1.07,1.09
2.82160e-04,1.07,1.03
2.82240e-04,1.05,1.09
2.82320e-04,1.05,1.01
2.82400e-04,1.05,1.09
2.82480e-04,1.07,1.03
2.82560e-04,1.07,1.09
2.82640e-04,1.07,1.01
2.82720e-04,1.09,1.09
2.82800e-04,1.05,1.01
2.82880e-04,1.09,1.09
2.82960e-04,1.05,1.03
2.83040e-04,1.07,1.09
2.83120e-04,1.07,1.03
2.83200e-04,1.05,1.09
2.83280e-04,1.19,1.03
2.83360e-04,1.13,1.09
2.83440e-04,1.09,1.05
2.83520e-04,1.13,1.55
2.83600e-04,1.11,1.05
2.83680e-04,1.11,1.15
2.83760e-04,1.13,1.07
2.83840e-04,1.09,1.17
2.83920e-04,1.09,1.05
2.84000e-04,1.09,1.15
2.84080e-04,1.07,1.05
2.84160e-04,1.05,1.13
2.84240e-04,1.05,1.03
2.84320e-04,1.05,1.09
2.84400e-04,1.05,1.01
2.84480e-04,1.07,1.07
2.84560e-04,1.03,1.01
2.84640e-04,1.07,1.07
2.84720e-04,1.05,1.01
2.84800e-04,1.07,1.09
2.84880e-04,1.07,1.01
2.84960e-04,1.07,1.09
2.85040e-04,1.07,1.03
2.85120e-04,1.07,1.09
2.85200e-04,1.07,1.03
2.85280e-04,1.07,1.09
2.85360e-04,1.07,1.03
2.85440e-04,1.07,1.09
2.85520e-04,1.09,1.03
2.85600e-04,1.07,1.09
2.85680e-04,1.07,1.03
2.85760e-04,1.07,1.09
2.85840e-04,1.05,1.03
2.85920e-04,1.07,1.09
2.86000e-04,1.05,1.03
2.86080e-04,1.07,1.09
2.86160e-04,1.07,1.01
2.86240e-04,1.07,1.09
2.86320e-04,1.09,1.03
2.86400e-04,1.05,1.09
2.86480e-04,1.07,1.03
2.86560e-04,1.07,1.09
2.86640e-04,1.07,1.03
2.86720e-04,1.07,1.09
2.86800e-04,1.07,1.03
2.86880e-04,1.05,1.09
2.86960e-04,1.09,1.03
2.87040e-04,1.07,1.09
2.87120e-04,1.07,1.03
2.87200e-04,1.07,1.09
2.87280e-04,1.07,1.03
2.87360e-04,1.07,1.09
2.87440e-04,1.07,1.03
2.87520e-04,1.07,1.09
2.87600e-04,1.07,1.03
2.87680e-04,1.07,1.09
2.87760e-04,1.09,1.03
2.87840e-04,1.07,1.09
2.87920e-04,1.07,1.03
2.88000e-04,1.07,1.09
2.88080e-04,1.09,1.01
2.88160e-04,1.07,1.09
2.88240e-04,1.07,1.03
2.88320e-04,1.07,1.09
2.88400e-04,1.09,1.03
2.88480e-04,1.09,1.09
2.88560e-04,1.07,1.03
2.88640e-04,1.09,1.09
2.88720e-04,1.07,1.03
2.88800e-04,1.07,1.09
2.88880e-04,1.07,1.03
2.88960e-04,1.07,1.09
2.89040e-04,1.07,1.03
2.89120e-04,1.05,1.09
2.89200e-04,1.07,1.03
2.89280e-04,1.05,1.09
2.89360e-04,1.07,1.01
2.89440e-04,1.05,1.09
2.89520e-04,1.09,1.03
2.89600e-04,1.07,1.09
2.89680e-04,1.07,1.03
2.89760e-04,1.07,1.09
2.89840e-04,1.07,1.03
2.89920e-04,1.07,1.09
2.90000e-04,1.07,1.03
2.90080e-04,1.07,1.09
2.90160e-04,1.07,1.03
2.90240e-04,1.07,1.09
2.90320e-04,1.07,1.03
2.90400e-04,1.07,1.09
2.90480e-04,1.07,1.03
2.90560e-04,1.07,1.09
2.90640e-04,1.07,1.03
2.90720e-04,1.07,1.09
2.90800e-04,1.07,1.03
2.90880e-04,1.07,1.09
2.90960e-04,1.07,1.03
2.91040e-04,1.05,1.09
2.91120e-04,1.05,1.03
2.91200e-04,1.07,1.09
2.91280e-04,1.07,1.01
2.91360e-04,1.07,1.09
2.91440e-04,1.07,1.03
2.91520e-04,1.07,1.09
2.91600e-04,1.07,1.03
2.91680e-04,1.07,1.09
2.91760e-04,1.09,1.03
2.91840e-04,1.07,1.09
2.91920e-04,1.07,1.03
2.92000e-04,1.07,1.09
2.92080e-04,1.09,1.03
2.92160e-04,1.09,1.09
2.92240e-04,1.07,1.03
2.92320e-04,1.07,1.09
2.92400e-04,1.07,1.03
2.92480e-04,1.09,1.09
2.92560e-04,1.07,1.03
2.92640e-04,1.07,1.09
2.92720e-04,1.07,1.03
2.92800e-04,1.07,1.09
2.92880e-04,1.07,1.03
2.92960e-04,1.09,1.09
2.93040e-04,1.07,1.03
2.93120e-04,1.07,1.09
2.93200e-04,1.07,1.03
2.93280e-04,1.07,1.09
2.93360e-04,1.07,1.03
2.93440e-04,1.07,1.09
2.93520e-04,1.07,1.03
2.93600e-04,1.07,1.09
2.93680e-04,1.05,1.03
2.93760e-04,1.09,1.09
2.93840e-04,1.07,1.03
2.93920e-04,1.07,1.09
2.94000e-04,1.07,1.03
2.94080e-04,1.11,1.09
2.94160e-04,1.05,1.03
2.94240e-04,1.07,1.11
2.94320e-04,1.07,1.01
2.94400e-04,1.07,1.09
2.94480e-04,1.09,1.01
2.94560e-04,1.07,1.09
2.94640e-04,1.07,1.03
2.94720e-04,1.07,1.09
2.94800e-04,1.07,1.03
2.94880e-04,1.05,1.09
2.94960e-04,1.07,1.03
2.95040e-04,1.07,1.09
2.95120e-04,1.07,1.03
2.95200e-04,1.07,1.09
2.95280e-04,1.09,1.03
2.95360e-04,1.09,1.09
2.95440e-04,1.09,1.03
2.95520e-04,1.09,1.11
2.95600e-04,1.09,1.03
2.95680e-04,1.09,1.09
2.95760e-04,1.07,1.03
2.95840e-04,1.07,1.11
2.95920e-04,1.07,1.03
2.96000e-04,1.07,1.11
2.96080e-04,1.09,1.03
2.96160e-04,1.07,1.09
2.96240e-04,1.07,1.03
2.96320e-04,1.09,1.09
2.96400e-04,1.07,1.03
2.96480e-04,1.09,1.11
2.96560e-04,1.07,1.03
2.96640e-04,1.07,1.09
2.96720e-04,1.07,1.05
2.96800e-04,1.07,1.11
2.96880e-04,1.09,1.03
2.96960e-04,1.07,1.09
2.97040e-04,1.07,1.05
2.97120e-04,1.07,1.09
2.97200e-04,1.07,1.03
2.97280e-04,1.07,1.11
2.97360e-04,1.07,1.03
2.97440e-04,1.07,1.11
2.97520e-04,1.07,1.05
2.97600e-04,1.07,1.11
2.97680e-04,1.09,1.03
2.97760e-04,1.09,1.11
2.97840e-04,1.09,1.03
2.97920e-04,1.07,1.11
2.98000e-04,1.09,1.03
2.98080e-04,1.09,1.09
2.98160e-04,1.07,1.05
2.98240e-04,1.09,1.11
2.98320e-04,1.11,1.05
2.98400e-04,1.09,1.11
2.98480e-04,1.09,1.03
2.98560e-04,1.07,1.11
2.98640e-04,1.09,1.03
2.98720e-04,1.07,1.11
2.98800e-04,1.07,1.03
2.98880e-04,1.09,1.11
2.98960e-04,1.07,1.03
2.99040e-04,1.09,1.09
2.99120e-04,1.07,1.03
2.99200e-04,1.09,1.11
2.99280e-04,1.07,1.03
2.99360e-04,1.07,1.11
2.99440e-04,1.07,1.03
2.99520e-04,1.09,1.09
2.99600e-04,1.07,1.03
2.99680e-04,1.09,1.09
2.99760e-04,1.09,1.03
2.99840e-04,1.09,1.09
2.99920e-04,1.09,1.03
3.00000e-04,1.07,1.09
3.00080e-04,1.07,1.03
3.00160e-04,1.09,1.09
3.00240e-04,1.07,1.03
3.00320e-04,1.09,1.09
3.00400e-04,1.09,1.05
3.00480e-04,1.09,1.11
3.00560e-04,1.07,1.05
3.00640e-04,1.09,1.11
3.00720e-04,1.07,1.05
3.00800e-04,1.07,1.11
3.00880e-04,1.09,1.03
3.00960e-04,1.09,1.09
3.01040e-04,1.07,1.03
3.01120e-04,1.07,1.09
3.01200e-04,1.09,1.03
3.01280e-04,1.07,1.09
3.01360e-04,1.09,1.03
3.01440e-04,1.07,1.09
3.01520e-04,1.09,1.03
3.01600e-04,1.07,1.09
3.01680e-04,1.07,1.03
3.01760e-04,1.09,1.11
3.01840e-04,1.07,1.03
3.01920e-04,1.07,1.09
3.02000e-04,1.07,1.03
3.02080e-04,1.07,1.09
3.02160e-04,1.07,1.03
3.02240e-04,1.07,1.11
3.02320e-04,1.09,1.03
3.02400e-04,1.07,1.09
3.02480e-04,1.09,1.05
3.02560e-04,1.07,1.11
3.02640e-04,1.09,1.03
3.02720e-04,1.07,1.09
3.02800e-04,1.07,1.03
3.02880e-04,1.07,1.11
3.02960e-04,1.07,1.01
3.03040e-04,1.07,1.09
3.03120e-04,1.07,1.03
3.03200e-04,1.07,1.09
3.03280e-04,1.05,1.03
3.03360e-04,1.07,1.09
3.03440e-04,1.05,1.03
3.03520e-04,1.07,1.09
3.03600e-04,1.07,1.01
3.03680e-04,1.07,1.09
3.03760e-04,1.07,1.01
3.03840e-04,1.07,1.09
3.03920e-04,1.07,1.03
3.04000e-04,1.07,1.09
3.04080e-04,1.07,1.03
3.04160e-04,1.07,1.09
3.04240e-04,1.07,1.03
3.04320e-04,1.07,1.09
3.04400e-04,1.07,1.03
3.04480e-04,1.07,1.09
3.04560e-04,1.07,1.03
3.04640e-04,1.07,1.09
3.04720e-04,1.05,1.03
3.04800e-04,1.07,1.09
3.04880e-04,1.07,1.03
3.04960e-04,1.07,1.09
3.05040e-04,1.07,1.01
3.05120e-04,1.07,1.09
3.05200e-04,1.09,1.01
3.05280e-04,1.07,1.09
3.05360e-04,1.07,1.03
3.05440e-04,1.09,1.09
3.05520e-04,1.07,1.03
3.05600e-04,1.07,1.09
3.05680e-04,1.07,1.03
3.05760e-04,1.07,1.09
3.05840e-04,1.07,1.03
3.05920e-04,1.07,1.09
3.06000e-04,1.07,1.01
3.06080e-04,1.09,1.11
3.06160e-04,1.07,1.03
3.06240e-04,1.07,1.11
3.06320e-04,1.09,1.03
3.06400e-04,1.07,1.09
3.06480e-04,1.09,1.03
3.06560e-04,1.07,1.09
3.06640e-04,1.07,1.03
3.06720e-04,1.07,1.09
3.06800e-04,1.09,1.03
3.06880e-04,1.07,1.09
3.06960e-04,1.09,1.03
3.07040e-04,1.07,1.09
3.07120e-04,1.05,1.03
3.07200e-04,1.07,1.09
3.07280e-04,1.07,1.03
3.07360e-04,1.07,1.09
3.07440e-04,1.07,1.03
3.07520e-04,1.07,1.09
3.07600e-04,1.07,1.03
3.07680e-04,1.07,1.09
3.07760e-04,1.09,1.03
3.07840e-04,1.09,1.09
3.07920e-04,1.07,1.03
3.08000e-04,1.07,1.09
3.08080e-04,1.07,1.03
3.08160e-04,1.09,1.09
3.08240e-04,1.07,1.03
3.08320e-04,1.09,1.09
3.08400e-04,1.07,1.03
3.08480e-04,1.07,1.09
3.08560e-04,1.07,1.03
3.08640e-04,1.07,1.09
3.08720e-04,1.07,1.03
3.08800e-04,1.07,1.09
3.08880e-04,1.09,1.03
3.08960e-04,1.07,1.09
3.09040e-04,1.09,1.03
3.09120e-04,1.07,1.09
3.09200e-04,1.07,1.03
3.09280e-04,1.07,1.09
3.09360e-04,1.07,1.03
3.09440e-04,1.09,1.09
3.09520e-04,1.07,1.03
3.09600e-04,1.07,1.09
3.09680e-04,1.07,1.03
3.09760e-04,1.09,1.09
3.09840e-04,1.07,1.03
3.09920e-04,1.07,1.09
3.10000e-04,1.07,1.03
3.10080e-04,1.07,1.09
3.10160e-04,1.07,1.03
3.10240e-04,1.07,1.09
3.10320e-04,1.07,1.03
3.10400e-04,1.09,1.09
3.10480e-04,1.07,1.03
3.10560e-04,1.07,1.09
3.10640e-04,1.07,1.03
3.10720e-04,1.07,1.09
3.10800e-04,1.07,1.03
3.10880e-04,1.09,1.09
3.10960e-04,1.07,1.03
3.11040e-04,1.07,1.09
3.11120e-04,1.07,1.03
3.11200e-04,1.11,1.09
3.11280e-04,1.07,1.03
3.11360e-04,1.07,1.11
3.11440e-04,1.07,1.03
3.11520e-04,1.09,1.11
3.11600e-04,1.07,1.01
3.11680e-04,1.05,1.09
3.11760e-04,1.07,1.03
3.11840e-04,1.07,1.11
3.11920e-04,1.07,1.03
3.12000e-04,1.07,1.09
3.12080e-04,1.07,1.03
3.12160e-04,1.09,1.09
3.12240e-04,1.09,1.03
3.12320e-04,1.09,1.09
3.12400e-04,1.09,1.03
3.12480e-04,1.09,1.09
3.12560e-04,1.05,1.03
3.12640e-04,1.09,1.09
3.12720e-04,1.07,1.03
3.12800e-04,1.07,1.09
3.12880e-04,1.07,1.03
3.12960e-04,1.07,1.09
3.13040e-04,1.11,1.03
3.13120e-04,1.07,1.09
3.13200e-04,1.09,1.01
3.13280e-04,1.05,1.11
3.13360e-04,1.07,1.03
3.13440e-04,1.07,1.09
3.13520e-04,1.07,1.03
3.13600e-04,1.07,1.11
3.13680e-04,1.07,1.03
3.13760e-04,1.09,1.09
3.13840e-04,1.07,1.01
3.13920e-04,1.09,1.09
3.14000e-04,1.07,1.03
3.14080e-04,1.07,1.09
3.14160e-04,1.07,1.03
3.14240e-04,1.05,1.09
3.14320e-04,1.07,1.03
3.14400e-04,1.07,1.09
3.14480e-04,1.07,1.03
3.14560e-04,1.07,1.09
3.14640e-04,1.09,1.03
3.14720e-04,1.07,1.09
3.14800e-04,1.07,1.03
3.14880e-04,1.09,1.09
3.14960e-04,1.05,1.03
3.15040e-04,1.09,1.09
3.15120e-04,1.07,1.03
3.15200e-04,1.07,1.09
3.15280e-04,1.07,1.01
3.15360e-04,1.07,1.09
3.15440e-04,1.07,1.03
3.15520e-04,1.07,1.09
3.15600e-04,1.07,1.03
3.15680e-04,1.07,1.09
3.15760e-04,1.05,1.03
3.15840e-04,1.07,1.09
3.15920e-04,1.07,1.03
3.16000e-04,1.07,1.09
3.16080e-04,1.09,1.03
3.16160e-04,1.09,1.09
3.16240e-04,1.07,1.03
3.16320e-04,1.07,1.11
3.16400e-04,1.09,1.03
3.16480e-04,1.09,1.09
3.16560e-04,1.07,1.03
3.16640e-04,1.09,1.09
3.16720e-04,1.07,1.03
3.16800e-04,1.07,1.09
3.16880e-04,1.07,1.03
3.16960e-04,1.07,1.09
3.17040e-04,1.07,1.03
3.17120e-04,1.07,1.09
3.17200e-04,1.09,1.03
3.17280e-04,1.07,1.09
3.17360e-04,1.07,1.03
3.17440e-04,1.07,1.09
3.17520e-04,1.07,1.01
3.17600e-04,1.07,1.09
3.17680e-04,1.07,1.03
3.17760e-04,1.09,1.09
3.17840e-04,1.07,1.03
3.17920e-04,1.07,1.09
3.18000e-04,1.05,1.03
3.18080e-04,1.09,1.09
3.18160e-04,1.07,1.03
3.18240e-04,1.07,1.09
3.18320e-04,1.07,1.03
3.18400e-04,1.07,1.09
3.18480e-04,1.07,1.03
3.18560e-04,1.07,1.09
3.18640e-04,1.07,1.01
3.18720e-04,1.07,1.09
3.18800e-04,1.05,1.03
3.18880e-04,1.07,1.09
3.18960e-04,1.07,1.01
3.19040e-04,1.09,1.09
3.19120e-04,1.09,1.03
3.19200e-04,1.07,1.09
3.19280e-04,1.07,1.03
3.19360e-04,1.07,1.09
3.19440e-04,1.07,1.03
3.19520e-04,1.07,1.09
3.19600e-04,1.07,1.03
3.19680e-04,1.05,1.09
3.19760e-04,1.07,1.03
3.19840e-04,1.07,1.09
3.19920e-04,1.05,1.01
3.20000e-04,1.05,1.09
3.20080e-04,1.05,1.01
3.20160e-04,1.05,1.09
3.20240e-04,1.05,0.99
3.20320e-04,1.07,1.11
3.20400e-04,1.07,1.01
3.20480e-04,1.07,1.09
3.20560e-04,1.07,1.01
3.20640e-04,1.07,1.09
3.20720e-04,1.07,1.01
3.20800e-04,1.07,1.09
3.20880e-04,1.07,1.01
3.20960e-04,1.05,1.09
3.21040e-04,1.07,1.01
3.21120e-04,1.07,1.09
3.21200e-04,1.07,1.01
3.21280e-04,1.07,1.09
3.21360e-04,1.07,1.03
3.21440e-04,1.07,1.09
3.21520e-04,1.07,1.03
3.21600e-04,1.07,1.09
3.21680e-04,1.07,1.01
3.21760e-04,1.09,1.09
3.21840e-04,1.07,1.01
3.21920e-04,1.07,1.09
3.22000e-04,1.09,1.03
3.22080e-04,1.07,1.09
3.22160e-04,1.07,1.03
3.22240e-04,1.07,1.09
3.22320e-04,1.07,1.03
3.22400e-04,1.07,1.09
3.22480e-04,1.09,1.03
3.22560e-04,1.07,1.09
3.22640e-04,1.07,1.03
3.22720e-04,1.09,1.09
3.22800e-04,1.07,1.03
3.22880e-04,1.07,1.09
3.22960e-04,1.07,1.03
3.23040e-04,1.07,1.09
3.23120e-04,1.07,1.01
3.23200e-04,1.07,1.09
3.23280e-04,1.07,1.03
3.23360e-04,1.07,1.09
3.23440e-04,1.07,1.03
3.23520e-04,1.09,1.09
3.23600e-04,1.07,1.03
3.23680e-04,1.07,1.09
3.23760e-04,1.07,1.03
3.23840e-04,1.07,1.09
3.23920e-04,1.07,1.03
3.24000e-04,1.05,1.09
3.24080e-04,1.07,1.03
3.24160e-04,1.09,1.09
3.24240e-04,1.07,1.03
3.24320e-04,1.05,1.09
3.24400e-04,1.05,1.03
3.24480e-04,1.07,1.09
3.24560e-04,1.07,1.03
3.24640e-04,1.07,1.09
3.24720e-04,1.07,1.03
3.24800e-04,1.07,1.09
3.24880e-04,1.07,1.03
3.24960e-04,1.07,1.09
3.25040e-04,1.07,1.01
3.25120e-04,1.05,1.09
3.25200e-04,1.09,1.03
3.25280e-04,1.07,1.09
3.25360e-04,1.05,1.03
3.25440e-04,1.05,1.09
3.25520e-04,1.05,1.03
3.25600e-04,1.05,1.09
3.25680e-04,1.07,1.03
3.25760e-04,1.05,1.09
3.25840e-04,1.07,1.01
3.25920e-04,1.07,1.07
3.26000e-04,1.05,1.03
3.26080e-04,1.05,1.09
3.26160e-04,1.07,1.03
3.26240e-04,1.07,1.09
3.26320e-04,1.05,1.01
3.26400e-04,1.05,1.09
3.26480e-04,1.05,1.01
3.26560e-04,0.61,1.09
3.26640e-04,0.97,0.61
3.26720e-04,1.03,1.09
3.26800e-04,0.99,0.59
3.26880e-04,0.97,1.03
3.26960e-04,0.97,0.95
3.27040e-04,0.99,1.05
3.27120e-04,1.01,0.95
3.27200e-04,1.01,1.01
3.27280e-04,1.05,0.95
3.27360e-04,1.05,1.03
3.27440e-04,1.09,0.99
3.27520e-04,1.09,1.07
3.27600e-04,1.09,1.03
3.27680e-04,1.09,1.09
3.27760e-04,1.09,1.05
3.27840e-04,1.11,1.11
3.27920e-04,1.07,1.03
3.28000e-04,1.05,1.11
3.28080e-04,1.05,1.01
3.28160e-04,1.05,1.11
3.28240e-04,1.05,1.01
3.28320e-04,1.05,1.09
3.28400e-04,1.05,1.01
3.28480e-04,1.05,1.07
3.28560e-04,1.07,1.01
3.28640e-04,1.07,1.07
3.28720e-04,1.07,1.01
3.28800e-04,1.05,1.07
3.28880e-04,1.05,1.01
3.28960e-04,1.05,1.07
3.29040e-04,1.07,1.01
3.29120e-04,1.07,1.09
3.29200e-04,1.05,1.01
3.29280e-04,1.05,1.07
3.29360e-04,1.05,1.01
3.29440e-04,1.05,1.07
3.29520e-04,1.05,1.01
3.29600e-04,1.05,1.07
3.29680e-04,1.03,1.01
3.29760e-04,1.05,1.07
3.29840e-04,1.05,1.01
3.29920e-04,1.05,1.07
3.30000e-04,1.05,1.01
3.30080e-04,1.05,1.07
3.30160e-04,1.07,1.01
3.30240e-04,1.05,1.07
3.30320e-04,1.03,1.01
3.30400e-04,1.07,1.07
3.30480e-04,1.05,1.01
3.30560e-04,1.05,1.07
3.30640e-04,1.03,1.01
3.30720e-04,1.07,1.07
3.30800e-04,1.05,1.01
3.30880e-04,1.05,1.09
3.30960e-04,1.05,1.01
3.31040e-04,1.07,1.09
3.31120e-04,1.05,1.01
3.31200e-04,1.05,1.07
3.31280e-04,1.07,1.01
3.31360e-04,1.05,1.07
3.31440e-04,1.07,1.01
3.31520e-04,1.07,1.07
3.31600e-04,1.07,1.01
3.31680e-04,1.07,1.09
3.31760e-04,1.05,1.01
3.31840e-04,1.07,1.09
3.31920e-04,1.05,1.01
3.32000e-04,1.05,1.09
3.32080e-04,1.07,1.01
3.32160e-04,1.07,1.09
3.32240e-04,1.05,1.01
3.32320e-04,1.07,1.09
3.32400e-04,1.07,1.01
3.32480e-04,1.05,1.07
3.32560e-04,1.07,1.01
3.32640e-04,1.05,1.07
3.32720e-04,1.07,1.01
3.32800e-04,1.05,1.09
3.32880e-04,1.07,1.01
3.32960e-04,1.07,1.09
3.33040e-04,1.07,1.01
3.33120e-04,1.07,1.09
3.33200e-04,1.05,1.01
3.33280e-04,1.33,1.09
3.33360e-04,1.11,1.01
3.33440e-04,1.13,1.33
3.33520e-04,1.11,1.05
3.33600e-04,1.13,1.53
3.33680e-04,1.11,1.05
3.33760e-04,1.11,1.15
3.33840e-04,1.11,1.07
3.33920e-04,1.11,1.15
3.34000e-04,1.09,1.07
3.34080e-04,1.07,1.13
3.34160e-04,1.05,1.03
3.34240e-04,1.05,1.11
3.34320e-04,1.05,1.01
3.34400e-04,1.05,1.09
3.34480e-04,1.05,0.99
3.34560e-04,1.05,1.07
3.34640e-04,1.05,1.01
3.34720e-04,1.05,1.07
3.34800e-04,1.05,1.01
3.34880e-04,1.07,1.07
3.34960e-04,1.07,1.01
3.35040e-04,1.07,1.07
3.35120e-04,1.05,1.01
3.35200e-04,1.07,1.07
3.35280e-04,1.05,1.01
3.35360e-04,1.05,1.09
3.35440e-04,1.07,1.01
3.35520e-04,1.07,1.09
3.35600e-04,1.07,1.01
3.35680e-04,1.07,1.09
3.35760e-04,1.07,1.01
3.35840e-04,1.05,1.07
3.35920e-04,1.07,1.01
3.36000e-04,1.07,1.09
3.36080e-04,1.07,1.03
3.36160e-04,1.05,1.09
3.36240e-04,1.05,1.03
3.36320e-04,1.07,1.07
3.36400e-04,1.07,1.01
3.36480e-04,1.07,1.09
3.36560e-04,1.07,1.01
3.36640e-04,1.05,1.09
3.36720e-04,1.05,1.03
3.36800e-04,1.05,1.07
3.36880e-04,1.07,1.01
3.36960e-04,1.09,1.09
3.37040e-04,1.05,1.01
3.37120e-04,1.07,1.09
3.37200e-04,1.07,1.01
3.37280e-04,1.07,1.09
3.37360e-04,1.07,1.01
3.37440e-04,1.07,1.09
3.37520e-04,1.07,1.01
3.37600e-04,1.09,1.09
3.37680e-04,1.07,1.03
3.37760e-04,1.07,1.09
3.37840e-04,1.07,1.03
3.37920e-04,1.05,1.09
3.38000e-04,1.07,1.03
3.38080e-04,1.07,1.09
3.38160e-04,1.07,1.03
3.38240e-04,1.07,1.09
3.38320e-04,1.07,1.01
3.38400e-04,1.09,1.09
3.38480e-04,1.07,1.03
3.38560e-04,1.07,1.09
3.38640e-04,1.07,1.03
3.38720e-04,1.07,1.09
3.38800e-04,1.07,1.03
3.38880e-04,1.07,1.09
3.38960e-04,1.07,1.03
3.39040e-04,1.07,1.09
3.39120e-04,1.05,1.03
3.39200e-04,1.07,1.09
3.39280e-04,1.07,1.03
3.39360e-04,1.07,1.09
3.39440e-04,1.05,1.03
3.39520e-04,1.07,1.09
3.39600e-04,1.07,1.01
3.39680e-04,1.07,1.09
3.39760e-04,1.07,1.03
3.39840e-04,1.07,1.09
3.39920e-04,1.09,1.03
3.40000e-04,1.07,1.09
3.40080e-04,1.07,1.01
3.40160e-04,1.07,1.09
3.40240e-04,1.07,1.01
3.40320e-04,1.07,1.09
3.40400e-04,1.07,1.03
3.40480e-04,1.07,1.09
3.40560e-04,1.05,1.03
3.40640e-04,1.07,1.09
3.40720e-04,1.07,1.01
3.40800e-04,1.07,1.09
3.40880e-04,1.07,1.03
3.40960e-04,1.07,1.09
3.41040e-04,1.07,1.01
3.41120e-04,1.09,1.09
3.41200e-04,1.07,1.03
3.41280e-04,1.07,1.09
3.41360e-04,1.07,1.03
3.41440e-04,1.07,1.09
3.41520e-04,1.07,1.03
3.41600e-04,1.07,1.09
3.41680e-04,1.05,1.01
3.41760e-04,1.07,1.09
3.41840e-04,1.07,1.01
3.41920e-04,1.07,1.09
3.42000e-04,1.07,1.03
3.42080e-04,1.05,1.09
3.42160e-04,1.07,1.03
3.42240e-04,1.07,1.09
3.42320e-04,1.07,1.03
3.42400e-04,1.07,1.09
3.42480e-04,1.09,1.03
3.42560e-04,1.07,1.09
3.42640e-04,1.07,1.01
3.42720e-04,1.05,1.09
3.42800e-04,1.07,1.01
3.42880e-04,1.07,1.09
3.42960e-04,1.09,1.01
3.43040e-04,1.07,1.09
3.43120e-04,1.07,1.03
3.43200e-04,1.07,1.09
3.43280e-04,1.05,1.03
3.43360e-04,1.07,1.09
3.43440e-04,1.07,1.01
3.43520e-04,1.05,1.09
3.43600e-04,1.07,1.03
3.43680e-04,1.05,1.09
3.43760e-04,1.09,1.01
3.43840e-04,1.05,1.09
3.43920e-04,1.07,1.03
3.44000e-04,1.05,1.09
3.44080e-04,1.05,1.03
3.44160e-04,1.07,1.09
3.44240e-04,1.07,1.03
3.44320e-04,1.07,1.09
3.44400e-04,1.07,1.03
3.44480e-04,1.07,1.09
3.44560e-04,1.07,1.03
3.44640e-04,1.09,1.09
3.44720e-04,1.07,1.01
3.44800e-04,1.07,1.09
3.44880e-04,1.05,1.01
3.44960e-04,1.07,1.11
3.45040e-04,1.07,1.03
3.45120e-04,1.05,1.09
3.45200e-04,1.07,1.03
3.45280e-04,1.09,1.09
3.45360e-04,1.05,1.03
3.45440e-04,1.07,1.09
3.45520e-04,1.07,1.03
3.45600e-04,1.07,1.09
3.45680e-04,1.05,1.03
3.45760e-04,1.09,1.09
3.45840e-04,1.07,1.03
3.45920e-04,1.09,1.09
3.46000e-04,1.07,1.03
3.46080e-04,1.07,1.09
3.46160e-04,1.07,1.03
3.46240e-04,1.07,1.09
3.46320e-04,1.07,1.03
3.46400e-04,1.05,1.09
3.46480e-04,1.09,1.01
3.46560e-04,1.07,1.09
3.46640e-04,1.07,1.03
3.46720e-04,1.07,1.09
3.46800e-04,1.07,1.03
3.46880e-04,1.07,1.09
3.46960e-04,1.07,1.03
3.47040e-04,1.09,1.09
3.47120e-04,1.07,1.03
3.47200e-04,1.09,1.09
3.47280e-04,1.07,1.03
3.47360e-04,1.07,1.09
3.47440e-04,1.07,1.03
3.47520e-04,1.09,1.09
3.47600e-04,1.07,1.03
3.47680e-04,1.07,1.09
3.47760e-04,1.09,1.03
3.47840e-04,1.07,1.09
3.47920e-04,1.07,1.03
3.48000e-04,1.07,1.09
3.48080e-04,1.09,1.03
3.48160e-04,1.07,1.09
3.48240e-04,1.07,1.03
3.48320e-04,1.09,1.09
3.48400e-04,1.07,1.03
3.48480e-04,1.07,1.09
3.48560e-04,1.07,1.03
3.48640e-04,1.07,1.09
3.48720e-04,1.09,1.03
3.48800e-04,1.07,1.09
3.48880e-04,1.09,1.03
3.48960e-04,1.07,1.09
3.49040e-04,1.09,1.03
3.49120e-04,1.07,1.09
3.49200e-04,1.07,1.03
3.49280e-04,1.07,1.09
3.49360e-04,1.07,1.03
3.49440e-04,1.07,1.09
3.49520e-04,1.07,1.03
3.49600e-04,1.09,1.09
3.49680e-04,1.05,1.03
3.49760e-04,1.09,1.09
3.49840e-04,1.07,1.03
3.49920e-04,1.07,1.09
3.50000e-04,1.07,1.03
3.50080e-04,1.07,1.09
3.50160e-04,1.09,1.03
3.50240e-04,1.09,1.11
3.50320e-04,1.07,1.03
3.50400e-04,1.09,1.09
3.50480e-04,1.09,1.03
3.50560e-04,1.07,1.09
3.50640e-04,1.09,1.03
3.50720e-04,1.09,1.09
3.50800e-04,1.07,1.03
3.50880e-04,1.09,1.09
3.50960e-04,1.07,1.03
3.51040e-04,1.09,1.09
3.51120e-04,1.07,1.03
3.51200e-04,1.09,1.09
3.51280e-04,1.07,1.03
3.51360e-04,1.07,1.09
3.51440e-04,1.09,1.03
3.51520e-04,1.07,1.09
3.51600e-04,1.09,1.03
3.51680e-04,1.07,1.09
3.51760e-04,1.07,1.03
3.51840e-04,1.07,1.09
3.51920e-04,1.07,1.03
3.52000e-04,1.05,1.09
3.52080e-04,1.09,1.03
3.52160e-04,1.07,1.09
3.52240e-04,1.07,1.03
3.52320e-04,1.09,1.09
3.52400e-04,1.07,1.03
3.52480e-04,1.07,1.09
3.52560e-04,1.07,1.03
3.52640e-04,1.09,1.09
3.52720e-04,1.07,1.03
3.52800e-04,1.07,1.09
3.52880e-04,1.09,1.03
3.52960e-04,1.07,1.09
3.53040e-04,1.09,1.03
3.53120e-04,1.07,1.09
3.53200e-04,1.07,1.03
3.53280e-04,1.07,1.09
3.53360e-04,1.07,1.03
3.53440e-04,1.07,1.09
3.53520e-04,1.07,1.03
3.53600e-04,1.07,1.09
3.53680e-04,1.07,1.03
3.53760e-04,1.07,1.09
3.53840e-04,1.07,1.03
3.53920e-04,1.07,1.09
3.54000e-04,1.07,1.03
3.54080e-04,1.07,1.09
3.54160e-04,1.07,1.03
3.54240e-04,1.07,1.09
3.54320e-04,1.09,1.03
3.54400e-04,1.07,1.09
3.54480e-04,1.07,1.03
3.54560e-04,1.07,1.09
3.54640e-04,1.09,1.03
3.54720e-04,1.07,1.09
3.54800e-04,1.07,1.03
3.54880e-04,1.09,1.09
3.54960e-04,1.09,1.03
3.55040e-04,1.07,1.09
3.55120e-04,1.07,1.03
3.55200e-04,1.09,1.09
3.55280e-04,1.09,1.03
3.55360e-04,1.09,1.09
3.55440e-04,1.07,1.03
3.55520e-04,1.07,1.09
3.55600e-04,1.07,1.01
3.55680e-04,1.07,1.09
3.55760e-04,1.07,1.03
3.55840e-04,1.07,1.09
3.55920e-04,1.07,1.03
3.56000e-04,1.07,1.09
3.56080e-04,1.09,1.03
3.56160e-04,1.09,1.09
3.56240e-04,1.07,1.03
3.56320e-04,1.09,1.09
3.56400e-04,1.07,1.03
3.56480e-04,1.07,1.09
3.56560e-04,1.05,1.03
3.56640e-04,1.07,1.09
3.56720e-04,1.07,1.03
3.56800e-04,1.07,1.09
3.56880e-04,1.07,1.03
3.56960e-04,1.07,1.09
3.57040e-04,1.07,1.03
3.57120e-04,1.07,1.09
3.57200e-04,1.07,1.03
3.57280e-04,1.05,1.09
3.57360e-04,1.07,1.01
3.57440e-04,1.05,1.09
3.57520e-04,1.09,1.03
3.57600e-04,1.09,1.09
3.57680e-04,1.07,1.03
3.57760e-04,1.09,1.09
3.57840e-04,1.05,1.03
3.57920e-04,1.07,1.09
3.58000e-04,1.07,1.03
3.58080e-04,1.09,1.09
3.58160e-04,1.07,1.03
3.58240e-04,1.09,1.09
3.58320e-04,1.07,1.03
3.58400e-04,1.07,1.09
3.58480e-04,1.09,1.03
3.58560e-04,1.07,1.11
3.58640e-04,1.07,1.03
3.58720e-04,1.07,1.09
3.58800e-04,1.09,1.03
3.58880e-04,1.09,1.09
3.58960e-04,1.09,1.03
3.59040e-04,1.07,1.09
3.59120e-04,1.07,1.03
3.59200e-04,1.07,1.09
3.59280e-04,1.09,1.03
3.59360e-04,1.07,1.09
3.59440e-04,1.07,1.03
3.59520e-04,1.07,1.09
3.59600e-04,1.07,1.03
3.59680e-04,1.07,1.09
3.59760e-04,1.07,1.03
3.59840e-04,1.07,1.09
3.59920e-04,1.09,1.03
3.60000e-04,1.07,1.09
3.60080e-04,1.07,1.03
3.60160e-04,1.09,1.09
3.60240e-04,1.07,1.03
3.60320e-04,1.07,1.09
3.60400e-04,1.07,1.03
3.60480e-04,1.07,1.09
3.60560e-04,1.07,1.03
3.60640e-04,1.07,1.09
3.60720e-04,1.07,1.05
3.60800e-04,1.05,1.09
3.60880e-04,1.07,1.03
3.60960e-04,1.07,1.09
3.61040e-04,1.09,1.03
3.61120e-04,1.07,1.09
3.61200e-04,1.07,1.03
3.61280e-04,1.07,1.09
3.61360e-04,1.09,1.03
3.61440e-04,1.09,1.09
3.61520e-04,1.09,1.03
3.61600e-04,1.07,1.09
3.61680e-04,1.07,1.03
3.61760e-04,1.09,1.09
3.61840e-04,1.07,1.03
3.61920e-04,1.07,1.09
3.62000e-04,1.07,1.03
3.62080e-04,1.07,1.09
3.62160e-04,1.07,1.01
3.62240e-04,1.07,1.09
3.62320e-04,1.07,1.03
3.62400e-04,1.07,1.09
3.62480e-04,1.09,1.03
3.62560e-04,1.07,1.09
3.62640e-04,1.09,1.03
3.62720e-04,1.07,1.09
3.62800e-04,1.09,1.03
3.62880e-04,1.09,1.09
3.62960e-04,1.07,1.03
3.63040e-04,1.07,1.09
3.63120e-04,1.07,1.03
3.63200e-04,1.09,1.09
3.63280e-04,1.07,1.03
3.63360e-04,1.07,1.09
3.63440e-04,1.07,1.03
3.63520e-04,1.09,1.09
3.63600e-04,1.07,1.03
3.63680e-04,1.07,1.09
3.63760e-04,1.07,1.03
3.63840e-04,1.07,1.09
3.63920e-04,1.07,1.03
3.64000e-04,1.07,1.09
3.64080e-04,1.07,1.03
3.64160e-04,1.07,1.09
3.64240e-04,1.05,1.03
3.64320e-04,1.07,1.09
3.64400e-04,1.07,1.03
3.64480e-04,1.07,1.09
3.64560e-04,1.07,1.03
3.64640e-04,1.05,1.09
3.64720e-04,1.09,1.03
3.64800e-04,1.09,1.09
3.64880e-04,1.07,1.03
3.64960e-04,1.07,1.11
3.65040e-04,1.07,1.01
3.65120e-04,1.07,1.09
3.65200e-04,1.07,1.03
3.65280e-04,1.05,1.09
3.65360e-04,1.07,1.03
3.65440e-04,1.09,1.09
3.65520e-04,1.07,1.03
3.65600e-04,1.07,1.09
3.65680e-04,1.07,1.01
3.65760e-04,1.09,1.09
3.65840e-04,1.07,1.03
3.65920e-04,1.07,1.09
3.66000e-04,1.07,1.03
3.66080e-04,1.07,1.09
3.66160e-04,1.07,1.03
3.66240e-04,1.07,1.09
3.66320e-04,1.09,1.03
3.66400e-04,1.07,1.09
3.66480e-04,1.07,1.03
3.66560e-04,1.07,1.09
3.66640e-04,1.07,1.03
3.66720e-04,1.09,1.09
3.66800e-04,1.07,1.03
3.66880e-04,1.07,1.09
3.66960e-04,1.07,1.03
3.67040e-04,1.07,1.09
3.67120e-04,1.07,1.03
3.67200e-04,1.09,1.09
3.67280e-04,1.09,1.03
3.67360e-04,1.07,1.09
3.67440e-04,1.07,1.03
3.67520e-04,1.07,1.09
3.67600e-04,1.05,1.03
3.67680e-04,1.07,1.09
3.67760e-04,1.05,1.01
3.67840e-04,1.07,1.09
3.67920e-04,1.09,1.03
3.68000e-04,1.09,1.09
3.68080e-04,1.07,1.03
3.68160e-04,1.07,1.09
3.68240e-04,1.05,1.03
3.68320e-04,1.07,1.09
3.68400e-04,1.09,1.03
3.68480e-04,1.07,1.09
3.68560e-04,1.07,1.03
3.68640e-04,1.07,1.09
3.68720e-04,1.07,1.03
3.68800e-04,1.07,1.09
3.68880e-04,1.07,1.03
3.68960e-04,1.03,1.09
3.69040e-04,1.07,1.01
3.69120e-04,1.05,1.09
3.69200e-04,1.07,1.01
3.69280e-04,1.05,1.09
3.69360e-04,1.07,1.03
3.69440e-04,1.05,1.09
3.69520e-04,1.05,1.03
3.69600e-04,1.07,1.09
3.69680e-04,1.07,1.03
3.69760e-04,1.07,1.09
3.69840e-04,1.07,1.03
3.69920e-04,1.07,1.09
3.70000e-04,1.07,1.03
3.70080e-04,1.09,1.09
3.70160e-04,1.05,1.03
3.70240e-04,1.07,1.09
3.70320e-04,1.07,1.03
3.70400e-04,1.07,1.09
3.70480e-04,1.07,1.03
3.70560e-04,1.07,1.09
3.70640e-04,1.07,1.03
3.70720e-04,1.07,1.09
3.70800e-04,1.07,1.03
3.70880e-04,1.07,1.09
3.70960e-04,1.07,1.03
3.71040e-04,1.09,1.09
3.71120e-04,1.09,1.03
3.71200e-04,1.07,1.09
3.71280e-04,1.07,1.03
3.71360e-04,1.07,1.09
3.71440e-04,1.07,1.01
3.71520e-04,1.05,1.09
3.71600e-04,1.09,1.03
3.71680e-04,1.05,1.09
3.71760e-04,1.07,1.03
3.71840e-04,1.07,1.09
3.71920e-04,1.05,1.03
3.72000e-04,1.05,1.09
3.72080e-04,1.07,1.01
3.72160e-04,1.07,1.11
3.72240e-04,1.07,1.01
3.72320e-04,1.07,1.09
3.72400e-04,1.07,1.01
3.72480e-04,1.07,1.09
3.72560e-04,1.07,1.03
3.72640e-04,1.07,1.09
3.72720e-04,1.07,1.03
3.72800e-04,1.07,1.09
3.72880e-04,1.07,1.03
3.72960e-04,1.07,1.09
3.73040e-04,1.05,1.03
3.73120e-04,1.07,1.09
3.73200e-04,1.09,1.03
3.73280e-04,1.05,1.09
3.73360e-04,1.07,1.03
3.73440e-04,1.07,1.09
3.73520e-04,1.09,1.03
3.73600e-04,1.07,1.09
3.73680e-04,1.05,1.03
3.73760e-04,1.07,1.09
3.73840e-04,1.07,1.01
3.73920e-04,1.07,1.09
3.74000e-04,1.07,1.03
3.74080e-04,1.07,1.09
3.74160e-04,1.07,1.01
3.74240e-04,1.07,1.09
3.74320e-04,1.07,1.03
3.74400e-04,1.07,1.09
3.74480e-04,1.07,1.01
3.74560e-04,1.07,1.09
3.74640e-04,1.07,1.01
3.74720e-04,1.07,1.09
3.74800e-04,1.07,1.01
3.74880e-04,1.05,1.09
3.74960e-04,1.07,1.03
3.75040e-04,1.07,1.09
3.75120e-04,1.07,1.01
3.75200e-04,1.09,1.07
3.75280e-04,1.07,1.03
3.75360e-04,1.07,1.09
3.75440e-04,1.05,1.03
3.75520e-04,1.07,1.09
3.75600e-04,1.07,1.03
3.75680e-04,1.05,1.09
3.75760e-04,1.09,1.03
3.75840e-04,1.07,1.09
3.75920e-04,1.07,1.01
3.76000e-04,1.07,1.09
3.76080e-04,1.07,1.01
3.76160e-04,1.07,1.09
3.76240e-04,1.07,1.03
3.76320e-04,1.07,1.09
3.76400e-04,1.05,1.03
3.76480e-04,1.07,1.09
3.76560e-04,1.07,1.01
3.76640e-04,0.73,1.09
3.76720e-04,0.99,0.59
3.76800e-04,1.01,1.09
3.76880e-04,0.99,0.75
3.76960e-04,0.99,1.05
3.77040e-04,0.99,0.95
3.77120e-04,0.99,1.03
3.77200e-04,1.01,0.95
3.77280e-04,1.05,1.01
3.77360e-04,1.05,0.97
3.77440e-04,1.07,1.05
3.77520e-04,1.07,1.01
3.77600e-04,1.07,1.07
3.77680e-04,1.07,1.01
3.77760e-04,1.09,1.09
3.77840e-04,1.09,1.05
3.77920e-04,1.07,1.11
3.78000e-04,1.07,1.03
3.78080e-04,1.07,1.09
3.78160e-04,1.07,1.01
3.78240e-04,1.07,1.11
3.78320e-04,1.05,1.01
3.78400e-04,1.07,1.07
3.78480e-04,1.05,1.01
3.78560e-04,1.07,1.07
3.78640e-04,1.05,1.01
3.78720e-04,1.05,1.07
3.78800e-04,1.05,1.01
3.78880e-04,1.05,1.07
3.78960e-04,1.05,1.01
3.79040e-04,1.07,1.07
3.79120e-04,1.05,1.01
3.79200e-04,1.05,1.09
3.79280e-04,1.07,1.01
3.79360e-04,1.05,1.09
3.79440e-04,1.05,1.01
3.79520e-04,1.03,1.07
3.79600e-04,1.05,1.01
3.79680e-04,1.03,1.09
3.79760e-04,1.03,0.99
3.79840e-04,1.05,1.07
3.79920e-04,1.03,1.01
3.80000e-04,1.05,1.07
3.80080e-04,1.05,0.99
3.80160e-04,1.05,1.07
3.80240e-04,1.05,1.01
3.80320e-04,1.05,1.07
3.80400e-04,1.05,1.01
3.80480e-04,1.03,1.07
3.80560e-04,1.07,1.01
3.80640e-04,1.07,1.07
3.80720e-04,1.07,1.01
3.80800e-04,1.05,1.09
3.80880e-04,1.05,1.01
3.80960e-04,1.07,1.09
3.81040e-04,1.05,1.01
3.81120e-04,1.05,1.07
3.81200e-04,1.03,1.01
3.81280e-04,1.07,1.07
3.81360e-04,1.05,1.01
3.81440e-04,1.07,1.07
3.81520e-04,1.05,1.01
3.81600e-04,1.05,1.07
3.81680e-04,1.03,1.01
3.81760e-04,1.05,1.09
3.81840e-04,1.07,1.01
3.81920e-04,1.07,1.07
3.82000e-04,1.07,1.01
3.82080e-04,1.05,1.09
3.82160e-04,1.07,1.01
3.82240e-04,1.07,1.07
3.82320e-04,1.07,1.01
3.82400e-04,1.07,1.09
3.82480e-04,1.05,1.01
3.82560e-04,1.07,1.07
3.82640e-04,1.05,1.01
3.82720e-04,1.07,1.09
3.82800e-04,1.07,1.01
3.82880e-04,1.05,1.07
3.82960e-04,1.05,1.01
3.83040e-04,1.05,1.07
3.83120e-04,1.05,1.01
3.83200e-04,1.05,1.09
3.83280e-04,1.05,1.01
3.83360e-04,1.47,1.09
3.83440e-04,1.09,1.01
3.83520e-04,1.13,1.47
3.83600e-04,1.13,1.07
3.83680e-04,1.13,1.55
3.83760e-04,1.13,1.05
3.83840e-04,1.13,1.15
3.83920e-04,1.11,1.09
3.84000e-04,1.09,1.15
3.84080e-04,1.07,1.05
3.84160e-04,1.05,1.15
3.84240e-04,1.03,1.01
3.84320e-04,1.03,1.09
3.84400e-04,1.03,0.99
3.84480e-04,1.03,1.05
3.84560e-04,1.03,0.99
3.84640e-04,1.05,1.03
3.84720e-04,1.05,0.99
3.84800e-04,1.07,1.07
3.84880e-04,1.09,1.01
3.84960e-04,1.07,1.09
3.85040e-04,1.09,1.03
3.85120e-04,1.07,1.09
3.85200e-04,1.09,1.03
3.85280e-04,1.07,1.09
3.85360e-04,1.07,1.03
3.85440e-04,1.07,1.09
3.85520e-04,1.07,1.03
3.85600e-04,1.05,1.09
3.85680e-04,1.05,1.03
3.85760e-04,1.07,1.09
3.85840e-04,1.05,1.01
3.85920e-04,1.05,1.09
3.86000e-04,1.05,1.01
3.86080e-04,1.07,1.09
3.86160e-04,1.05,1.03
3.86240e-04,1.05,1.09
3.86320e-04,1.07,1.03
3.86400e-04,1.07,1.09
3.86480e-04,1.09,1.03
3.86560e-04,1.07,1.09
3.86640e-04,1.09,1.03
3.86720e-04,1.09,1.09
3.86800e-04,1.05,1.01
3.86880e-04,1.07,1.11
3.86960e-04,1.05,1.01
3.87040e-04,1.07,1.11
3.87120e-04,1.05,1.01
3.87200e-04,1.05,1.09
3.87280e-04,1.07,1.01
3.87360e-04,1.07,1.09
3.87440e-04,1.07,1.03
3.87520e-04,1.07,1.09
3.87600e-04,1.07,1.01
3.87680e-04,1.07,1.09
3.87760e-04,1.09,1.03
3.87840e-04,1.05,1.09
3.87920e-04,1.09,1.03
3.88000e-04,1.09,1.09
3.88080e-04,1.07,1.03
3.88160e-04,1.07,1.09
3.88240e-04,1.07,1.03
3.88320e-04,1.09,1.09
3.88400e-04,1.09,1.03
3.88480e-04,1.09,1.09
3.88560e-04,1.07,1.03
3.88640e-04,1.09,1.09
3.88720e-04,1.07,1.03
3.88800e-04,1.07,1.09
3.88880e-04,1.07,1.03
3.88960e-04,1.07,1.09
3.89040e-04,1.09,1.03
3.89120e-04,1.07,1.09
3.89200e-04,1.07,1.03
3.89280e-04,1.05,1.09
3.89360e-04,1.07,1.03
3.89440e-04,1.07,1.09
3.89520e-04,1.07,1.03
3.89600e-04,1.07,1.09
3.89680e-04,1.07,1.03
3.89760e-04,1.07,1.09
3.89840e-04,1.07,1.03
3.89920e-04,1.07,1.09
3.90000e-04,1.07,1.03
3.90080e-04,1.05,1.09
3.90160e-04,1.07,1.03
3.90240e-04,1.07,1.09
3.90320e-04,1.07,1.03
3.90400e-04,1.07,1.09
3.90480e-04,1.07,1.03
3.90560e-04,1.07,1.09
3.90640e-04,1.07,1.03
3.90720e-04,1.07,1.09
3.90800e-04,1.07,1.03
3.90880e-04,1.07,1.09
3.90960e-04,1.07,1.01
3.91040e-04,1.07,1.09
3.91120e-04,1.07,1.03
3.91200e-04,1.07,1.09
3.91280e-04,1.07,1.03
3.91360e-04,1.07,1.09
3.91440e-04,1.07,1.03
3.91520e-04,1.07,1.09
3.91600e-04,1.09,1.03
3.91680e-04,1.07,1.09
3.91760e-04,1.07,1.03
3.91840e-04,1.07,1.09
3.91920e-04,1.09,1.03
3.92000e-04,1.07,1.09
3.92080e-04,1.07,1.03
3.92160e-04,1.07,1.09
3.92240e-04,1.07,1.03
3.92320e-04,1.07,1.09
3.92400e-04,1.07,1.03
3.92480e-04,1.09,1.09
3.92560e-04,1.05,1.03
3.92640e-04,1.07,1.09
3.92720e-04,1.07,1.03
3.92800e-04,1.05,1.09
3.92880e-04,1.07,1.03
3.92960e-04,1.07,1.09
3.93040e-04,1.07,1.03
3.93120e-04,1.07,1.09
3.93200e-04,1.09,1.03
3.93280e-04,1.05,1.11
3.93360e-04,1.07,1.01
3.93440e-04,1.07,1.11
3.93520e-04,1.07,1.03
3.93600e-04,1.09,1.09
3.93680e-04,1.05,1.03
3.93760e-04,1.09,1.09
3.93840e-04,1.07,1.03
3.93920e-04,1.07,1.09
3.94000e-04,1.07,1.03
3.94080e-04,1.07,1.09
3.94160e-04,1.07,1.03
3.94240e-04,1.07,1.09
3.94320e-04,1.09,1.03
3.94400e-04,1.09,1.11
3.94480e-04,1.09,1.01
3.94560e-04,1.07,1.11
3.94640e-04,1.09,1.03
3.94720e-04,1.07,1.09
3.94800e-04,1.07,1.03
3.94880e-04,1.07,1.09
3.94960e-04,1.07,1.03
3.95040e-04,1.09,1.09
3.95120e-04,1.09,1.03
3.95200e-04,1.07,1.09
3.95280e-04,1.07,1.03
3.95360e-04,1.07,1.09
3.95440e-04,1.09,1.03
3.95520e-04,1.07,1.09
3.95600e-04,1.09,1.03
3.95680e-04,1.07,1.11
3.95760e-04,1.07,1.03
3.95840e-04,1.07,1.09
3.95920e-04,1.07,1.03
3.96000e-04,1.07,1.09
3.96080e-04,1.07,1.03
3.96160e-04,1.07,1.11
3.96240e-04,1.09,1.03
3.96320e-04,1.07,1.09
3.96400e-04,1.09,1.03
3.96480e-04,1.07,1.09
3.96560e-04,1.09,1.03
3.96640e-04,1.07,1.09
3.96720e-04,1.07,1.03
3.96800e-04,1.07,1.09
3.96880e-04,1.09,1.03
3.96960e-04,1.07,1.11
3.97040e-04,1.09,1.03
3.97120e-04,1.07,1.11
3.97200e-04,1.09,1.03
3.97280e-04,1.07,1.09
3.97360e-04,1.09,1.03
3.97440e-04,1.07,1.09
3.97520e-04,1.09,1.03
3.97600e-04,1.07,1.09
3.97680e-04,1.09,1.03
3.97760e-04,1.09,1.09
3.97840e-04,1.07,1.03
3.97920e-04,1.09,1.09
3.98000e-04,1.09,1.03
3.98080e-04,1.09,1.09
3.98160e-04,1.09,1.03
3.98240e-04,1.09,1.09
3.98320e-04,1.07,1.03
3.98400e-04,1.07,1.09
3.98480e-04,1.07,1.03
3.98560e-04,1.07,1.09
3.98640e-04,1.09,1.03
3.98720e-04,1.07,1.09
3.98800e-04,1.07,1.03
3.98880e-04,1.07,1.09
3.98960e-04,1.07,1.03
3.99040e-04,1.09,1.09
3.99120e-04,1.09,1.05
3.99200e-04,1.09,1.09
3.99280e-04,1.09,1.03
3.99360e-04,1.07,1.11
3.99440e-04,1.09,1.03
3.99520e-04,1.09,1.09
3.99600e-04,1.07,1.03
3.99680e-04,1.07,1.09
3.99760e-04,1.09,1.05
3.99840e-04,1.07,1.11
3.99920e-04,1.09,1.03
4.00000e-04,1.07,1.09
4.00080e-04,1.07,1.03
4.00160e-04,1.09,1.09
4.00240e-04,1.09,1.03
4.00320e-04,1.07,1.09
4.00400e-04,1.07,1.03
4.00480e-04,1.09,1.09
4.00560e-04,1.09,1.03
4.00640e-04,1.09,1.09
4.00720e-04,1.09,1.03
4.00800e-04,1.07,1.09
4.00880e-04,1.09,1.03
4.00960e-04,1.07,1.09
4.01040e-04,1.07,1.03
4.01120e-04,1.07,1.09
4.01200e-04,1.07,1.03
4.01280e-04,1.07,1.09
4.01360e-04,1.09,1.03
4.01440e-04,1.07,1.09
4.01520e-04,1.07,1.03
4.01600e-04,1.09,1.09
4.01680e-04,1.07,1.03
4.01760e-04,1.11,1.11
4.01840e-04,1.09,1.03
4.01920e-04,1.09,1.11
4.02000e-04,1.07,1.03
4.02080e-04,1.09,1.11
4.02160e-04,1.09,1.03
4.02240e-04,1.07,1.09
4.02320e-04,1.09,1.03
4.02400e-04,1.07,1.09
4.02480e-04,1.07,1.03
4.02560e-04,1.07,1.09
4.02640e-04,1.07,1.03
4.02720e-04,1.09,1.09
4.02800e-04,1.09,1.03
4.02880e-04,1.07,1.09
4.02960e-04,1.07,1.03
4.03040e-04,1.09,1.09
4.03120e-04,1.07,1.03
4.03200e-04,1.07,1.11
4.03280e-04,1.09,1.03
4.03360e-04,1.09,1.11
4.03440e-04,1.07,1.03
4.03520e-04,1.07,1.09
4.03600e-04,1.09,1.03
4.03680e-04,1.07,1.09
4.03760e-04,1.09,1.03
4.03840e-04,1.07,1.11
4.03920e-04,1.07,1.03
4.04000e-04,1.07,1.09
4.04080e-04,1.07,1.03
4.04160e-04,1.07,1.11
4.04240e-04,1.07,1.03
4.04320e-04,1.07,1.09
4.04400e-04,1.07,1.03
4.04480e-04,1.09,1.09
4.04560e-04,1.07,1.03
4.04640e-04,1.07,1.09
4.04720e-04,1.07,1.03
4.04800e-04,1.07,1.09
4.04880e-04,1.07,1.03
4.04960e-04,1.09,1.09
4.05040e-04,1.07,1.03
4.05120e-04,1.07,1.09
4.05200e-04,1.09,1.03
4.05280e-04,1.07,1.09
4.05360e-04,1.07,1.03
4.05440e-04,1.09,1.09
4.05520e-04,1.07,1.03
4.05600e-04,1.07,1.09
4.05680e-04,1.09,1.03
4.05760e-04,1.09,1.09
4.05840e-04,1.05,1.03
4.05920e-04,1.09,1.09
4.06000e-04,1.09,1.03
4.06080e-04,1.09,1.09
4.06160e-04,1.07,1.03
4.06240e-04,1.05,1.11
4.06320e-04,1.09,1.03
4.06400e-04,1.09,1.09
4.06480e-04,1.09,1.03
4.06560e-04,1.07,1.11
4.06640e-04,1.07,1.03
4.06720e-04,1.07,1.09
4.06800e-04,1.07,1.03
4.06880e-04,1.07,1.09
4.06960e-04,1.07,1.03
4.07040e-04,1.07,1.09
4.07120e-04,1.07,1.03
4.07200e-04,1.09,1.09
4.07280e-04,1.09,1.03
4.07360e-04,1.09,1.11
4.07440e-04,1.07,1.05
4.07520e-04,1.09,1.09
4.07600e-04,1.09,1.03
4.07680e-04,1.07,1.09
4.07760e-04,1.11,1.03
4.07840e-04,1.07,1.09
4.07920e-04,1.07,1.05
4.08000e-04,1.07,1.11
4.08080e-04,1.07,1.03
4.08160e-04,1.07,1.09
4.08240e-04,1.07,1.03
4.08320e-04,1.07,1.09
4.08400e-04,1.07,1.03
4.08480e-04,1.09,1.09
4.08560e-04,1.09,1.03
4.08640e-04,1.07,1.09
4.08720e-04,1.09,1.03
4.08800e-04,1.07,1.09
4.08880e-04,1.09,1.03
4.08960e-04,1.07,1.09
4.09040e-04,1.07,1.03
4.09120e-04,1.07,1.11
4.09200e-04,1.07,1.03
4.09280e-04,1.09,1.11
4.09360e-04,1.09,1.03
4.09440e-04,1.07,1.09
4.09520e-04,1.09,1.03
4.09600e-04,1.07,1.09
4.09680e-04,1.07,1.03
4.09760e-04,1.09,1.09
4.09840e-04,1.07,1.05
4.09920e-04,1.07,1.09
4.10000e-04,1.07,1.05
4.10080e-04,1.07,1.09
4.10160e-04,1.09,1.03
4.10240e-04,1.07,1.09
4.10320e-04,1.09,1.03
4.10400e-04,1.07,1.09
4.10480e-04,1.09,1.03
4.10560e-04,1.07,1.09
4.10640e-04,1.09,1.03
4.10720e-04,1.09,1.09
4.10800e-04,1.09,1.03
4.10880e-04,1.09,1.09
4.10960e-04,1.07,1.05
4.11040e-04,1.07,1.09
4.11120e-04,1.07,1.03
4.11200e-04,1.09,1.09
4.11280e-04,1.07,1.03
4.11360e-04,1.07,1.09
4.11440e-04,1.07,1.03
4.11520e-04,1.09,1.09
4.11600e-04,1.07,1.03
4.11680e-04,1.09,1.09
4.11760e-04,1.09,1.05
4.11840e-04,1.09,1.09
4.11920e-04,1.07,1.03
4.12000e-04,1.07,1.09
4.12080e-04,1.09,1.03
4.12160e-04,1.07,1.09
4.12240e-04,1.07,1.03
4.12320e-04,1.07,1.09
4.12400e-04,1.07,1.03
4.12480e-04,1.07,1.11
4.12560e-04,1.07,1.03
4.12640e-04,1.09,1.11
4.12720e-04,1.07,1.03
4.12800e-04,1.05,1.09
4.12880e-04,1.07,1.03
4.12960e-04,1.09,1.09
4.13040e-04,1.07,1.03
4.13120e-04,1.07,1.09
4.13200e-04,1.07,1.03
4.13280e-04,1.07,1.09
4.13360e-04,1.07,1.03
4.13440e-04,1.09,1.09
4.13520e-04,1.07,1.03
4.13600e-04,1.07,1.09
4.13680e-04,1.07,1.03
4.13760e-04,1.09,1.09
4.13840e-04,1.07,1.03
4.13920e-04,1.07,1.09
4.14000e-04,1.07,1.03
4.14080e-04,1.09,1.09
4.14160e-04,1.07,1.03
4.14240e-04,1.07,1.09
4.14320e-04,1.09,1.03
4.14400e-04,1.07,1.09
4.14480e-04,1.07,1.03
4.14560e-04,1.09,1.09
4.14640e-04,1.07,1.03
4.14720e-04,1.07,1.09
4.14800e-04,1.07,1.03
4.14880e-04,1.09,1.09
4.14960e-04,1.09,1.03
4.15040e-04,1.09,1.09
4.15120e-04,1.09,1.03
4.15200e-04,1.07,1.09
4.15280e-04,1.07,1.03
4.15360e-04,1.09,1.09
4.15440e-04,1.09,1.03
4.15520e-04,1.07,1.09
4.15600e-04,1.07,1.03
4.15680e-04,1.07,1.11
4.15760e-04,1.07,1.03
4.15840e-04,1.09,1.09
4.15920e-04,1.09,1.03
4.16000e-04,1.07,1.09
4.16080e-04,1.07,1.03
4.16160e-04,1.09,1.09
4.16240e-04,1.09,1.03
4.16320e-04,1.07,1.09
4.16400e-04,1.07,1.01
4.16480e-04,1.07,1.11
4.16560e-04,1.07,1.03
4.16640e-04,1.07,1.11
4.16720e-04,1.07,1.03
4.16800e-04,1.07,1.11
4.16880e-04,1.09,1.03
4.16960e-04,1.05,1.09
4.17040e-04,1.05,1.03
4.17120e-04,1.07,1.09
4.17200e-04,1.07,1.03
4.17280e-04,1.09,1.09
4.17360e-04,1.07,1.03
4.17440e-04,1.09,1.09
4.17520e-04,1.07,1.01
4.17600e-04,1.07,1.09
4.17680e-04,1.07,1.01
4.17760e-04,1.09,1.11
4.17840e-04,1.07,1.03
4.17920e-04,1.07,1.09
4.18000e-04,1.05,1.03
4.18080e-04,1.07,1.11
4.18160e-04,1.07,1.03
4.18240e-04,1.07,1.09
4.18320e-04,1.07,1.03
4.18400e-04,1.07,1.09
4.18480e-04,1.07,1.03
4.18560e-04,1.07,1.09
4.18640e-04,1.09,1.03
4.18720e-04,1.05,1.09
4.18800e-04,1.05,1.03
4.18880e-04,1.09,1.09
4.18960e-04,1.07,1.03
4.19040e-04,1.09,1.09
4.19120e-04,1.09,1.03
4.19200e-04,1.07,1.09
4.19280e-04,1.07,1.03
4.19360e-04,1.07,1.09
4.19440e-04,1.07,1.01
4.19520e-04,1.07,1.09
4.19600e-04,1.07,1.03
4.19680e-04,1.07,1.09
4.19760e-04,1.09,1.03
4.19840e-04,1.07,1.09
4.19920e-04,1.07,1.03
4.20000e-04,1.07,1.09
4.20080e-04,1.07,1.03
4.20160e-04,1.07,1.09
4.20240e-04,1.07,1.03
4.20320e-04,1.09,1.09
4.20400e-04,1.09,1.03
4.20480e-04,1.07,1.09
4.20560e-04,1.07,1.03
4.20640e-04,1.09,1.09
4.20720e-04,1.07,1.03
4.20800e-04,1.07,1.09
4.20880e-04,1.09,1.03
4.20960e-04,1.05,1.09
4.21040e-04,1.07,1.03
4.21120e-04,1.05,1.09
4.21200e-04,1.07,1.03
4.21280e-04,1.07,1.09
4.21360e-04,1.09,1.03
4.21440e-04,1.09,1.09
4.21520e-04,1.07,1.03
4.21600e-04,1.07,1.09
4.21680e-04,1.07,1.03
4.21760e-04,1.07,1.09
4.21840e-04,1.07,1.03
4.21920e-04,1.07,1.09
4.22000e-04,1.07,1.03
4.22080e-04,1.07,1.09
4.22160e-04,1.07,1.03
4.22240e-04,1.07,1.11
4.22320e-04,1.09,1.03
4.22400e-04,1.07,1.09
4.22480e-04,1.07,1.03
4.22560e-04,1.07,1.09
4.22640e-04,1.07,1.03
4.22720e-04,1.07,1.09
4.22800e-04,1.07,1.03
4.22880e-04,1.09,1.09
4.22960e-04,1.07,1.03
4.23040e-04,1.07,1.09
4.23120e-04,1.07,1.03
4.23200e-04,1.07,1.09
4.23280e-04,1.07,1.03
4.23360e-04,1.05,1.09
4.23440e-04,1.07,1.03
4.23520e-04,1.09,1.09
4.23600e-04,1.07,1.03
4.23680e-04,1.07,1.09
4.23760e-04,1.07,1.03
4.23840e-04,1.05,1.09
4.23920e-04,1.07,1.01
4.24000e-04,1.07,1.11
4.24080e-04,1.07,1.03
4.24160e-04,1.07,1.09
4.24240e-04,1.07,1.03
4.24320e-04,1.07,1.09
4.24400e-04,1.05,1.03
4.24480e-04,1.09,1.09
4.24560e-04,1.09,1.03
4.24640e-04,1.07,1.09
4.24720e-04,1.09,1.03
4.24800e-04,1.07,1.09
4.24880e-04,1.07,1.03
4.24960e-04,1.09,1.09
4.25040e-04,1.07,1.03
4.25120e-04,1.09,1.09
4.25200e-04,1.07,1.03
4.25280e-04,1.07,1.09
4.25360e-04,1.05,1.03
4.25440e-04,1.07,1.09
4.25520e-04,1.07,1.03
4.25600e-04,1.09,1.09
4.25680e-04,1.05,1.03
4.25760e-04,1.07,1.09
4.25840e-04,1.07,1.03
4.25920e-04,1.07,1.09
4.26000e-04,1.07,1.03
4.26080e-04,1.07,1.09
4.26160e-04,1.07,1.03
4.26240e-04,1.07,1.09
4.26320e-04,1.07,1.03
4.26400e-04,1.07,1.09
4.26480e-04,1.07,1.03
4.26560e-04,1.05,1.09
4.26640e-04,1.05,1.03
4.26720e-04,0.91,1.09
4.26800e-04,0.97,0.59
4.26880e-04,1.05,1.09
4.26960e-04,0.97,0.91
4.27040e-04,0.99,1.05
4.27120e-04,1.01,0.95
4.27200e-04,1.01,1.05
4.27280e-04,1.03,0.95
4.27360e-04,1.05,1.01
4.27440e-04,1.07,0.97
4.27520e-04,1.07,1.05
4.27600e-04,1.09,1.01
4.27680e-04,1.09,1.09
4.27760e-04,1.07,1.03
4.27840e-04,1.09,1.09
4.27920e-04,1.09,1.05
4.28000e-04,1.07,1.11
4.28080e-04,1.05,1.03
4.28160e-04,1.07,1.09
4.28240e-04,1.05,1.01
4.28320e-04,1.05,1.09
4.28400e-04,1.05,1.01
4.28480e-04,1.05,1.07
4.28560e-04,1.05,1.01
4.28640e-04,1.05,1.07
4.28720e-04,1.07,1.01
4.28800e-04,1.07,1.07
4.28880e-04,1.07,1.01
4.28960e-04,1.07,1.07
4.29040e-04,1.05,1.01
4.29120e-04,1.07,1.07
4.29200e-04,1.07,1.01
4.29280e-04,1.05,1.07
4.29360e-04,1.05,1.01
4.29440e-04,1.05,1.09
4.29520e-04,1.05,1.01
4.29600e-04,1.05,1.09
4.29680e-04,1.05,1.01
4.29760e-04,1.05,1.07
4.29840e-04,1.05,1.01
4.29920e-04,1.05,1.07
4.30000e-04,1.05,1.01
4.30080e-04,1.05,1.07
4.30160e-04,1.07,1.01
4.30240e-04,1.05,1.07
4.30320e-04,1.05,1.01
4.30400e-04,1.05,1.07
4.30480e-04,1.05,1.01
4.30560e-04,1.05,1.07
4.30640e-04,1.05,1.01
4.30720e-04,1.07,1.07
4.30800e-04,1.07,1.01
4.30880e-04,1.05,1.07
4.30960e-04,1.07,1.03
4.31040e-04,1.07,1.09
4.31120e-04,1.07,1.01
4.31200e-04,1.07,1.09
4.31280e-04,1.07,1.01
4.31360e-04,1.07,1.09
4.31440e-04,1.07,1.01
4.31520e-04,1.05,1.09
4.31600e-04,1.07,1.01
4.31680e-04,1.07,1.09
4.31760e-04,1.07,1.01
4.31840e-04,1.07,1.09
4.31920e-04,1.05,1.03
4.32000e-04,1.07,1.07
4.32080e-04,1.05,1.01
4.32160e-04,1.07,1.09
4.32240e-04,1.07,1.01
4.32320e-04,1.09,1.09
4.32400e-04,1.07,1.03
4.32480e-04,1.07,1.09
4.32560e-04,1.07,1.01
4.32640e-04,1.05,1.09
4.32720e-04,1.07,1.01
4.32800e-04,1.05,1.09
4.32880e-04,1.07,1.01
4.32960e-04,1.07,1.09
4.33040e-04,1.07,1.03
4.33120e-04,1.07,1.09
4.33200e-04,1.05,1.03
4.33280e-04,1.07,1.09
4.33360e-04,1.07,1.03
4.33440e-04,1.51,1.09
4.33520e-04,1.11,1.03
4.33600e-04,1.09,1.55
4.33680e-04,1.13,1.07
4.33760e-04,1.13,1.47
4.33840e-04,1.13,1.05
4.33920e-04,1.13,1.17
4.34000e-04,1.13,1.09
4.34080e-04,1.09,1.15
4.34160e-04,1.09,1.07
4.34240e-04,1.07,1.15
4.34320e-04,1.07,1.03
4.34400e-04,1.05,1.09
4.34480e-04,1.07,1.01
4.34560e-04,1.05,1.07
4.34640e-04,1.07,1.01
4.34720e-04,1.05,1.07
4.34800e-04,1.05,1.01
4.34880e-04,1.07,1.07
4.34960e-04,1.05,1.01
4.35040e-04,1.07,1.09
4.35120e-04,1.05,1.03
4.35200e-04,1.07,1.09
4.35280e-04,1.07,1.03
4.35360e-04,1.07,1.09
4.35440e-04,1.07,1.03
4.35520e-04,1.07,1.09
4.35600e-04,1.07,1.03
4.35680e-04,1.05,1.09
4.35760e-04,1.07,1.03
4.35840e-04,1.07,1.09
4.35920e-04,1.07,1.03
4.36000e-04,1.07,1.09
4.36080e-04,1.07,1.01
4.36160e-04,1.07,1.09
4.36240e-04,1.05,1.03
4.36320e-04,1.07,1.09
4.36400e-04,1.07,1.03
4.36480e-04,1.09,1.09
4.36560e-04,1.07,1.03
4.36640e-04,1.07,1.09
4.36720e-04,1.05,1.03
4.36800e-04,1.07,1.09
4.36880e-04,1.07,1.03
4.36960e-04,1.07,1.09
4.37040e-04,1.07,1.03
4.37120e-04,1.07,1.09
4.37200e-04,1.07,1.03
4.37280e-04,1.07,1.09
4.37360e-04,1.07,1.03
4.37440e-04,1.07,1.09
4.37520e-04,1.07,1.03
4.37600e-04,1.07,1.09
4.37680e-04,1.05,1.03
4.37760e-04,1.07,1.09
4.37840e-04,1.05,1.03
4.37920e-04,1.05,1.09
4.38000e-04,1.07,1.03
4.38080e-04,1.05,1.09
4.38160e-04,1.07,1.03
4.38240e-04,1.07,1.09
4.38320e-04,1.09,1.03
4.38400e-04,1.07,1.09
4.38480e-04,1.09,1.03
4.38560e-04,1.07,1.09
4.38640e-04,1.09,1.03
4.38720e-04,1.09,1.11
4.38800e-04,1.07,1.03
4.38880e-04,1.07,1.11
4.38960e-04,1.07,1.01
4.39040e-04,1.05,1.09
4.39120e-04,1.05,1.03
4.39200e-04,1.05,1.09
4.39280e-04,1.07,1.03
4.39360e-04,1.07,1.09
4.39440e-04,1.07,1.03
4.39520e-04,1.07,1.09
4.39600e-04,1.07,1.03
4.39680e-04,1.07,1.09
4.39760e-04,1.07,1.01
4.39840e-04,1.07,1.09
4.39920e-04,1.07,1.01
4.40000e-04,1.07,1.09
4.40080e-04,1.07,1.01
4.40160e-04,1.07,1.09
4.40240e-04,1.07,1.03
4.40320e-04,1.07,1.09
4.40400e-04,1.05,1.01
4.40480e-04,1.07,1.09
4.40560e-04,1.07,1.03
4.40640e-04,1.07,1.09
4.40720e-04,1.07,1.01
4.40800e-04,1.07,1.09
4.40880e-04,1.07,1.03
4.40960e-04,1.07,1.09
4.41040e-04,1.07,1.03
4.41120e-04,1.07,1.09
4.41200e-04,1.09,1.03
4.41280e-04,1.07,1.09
4.41360e-04,1.07,1.03
4.41440e-04,1.07,1.09
4.41520e-04,1.07,1.03
4.41600e-04,1.07,1.09
4.41680e-04,1.07,1.03
4.41760e-04,1.09,1.09
4.41840e-04,1.07,1.03
4.41920e-04,1.07,1.09
4.42000e-04,1.07,1.01
4.42080e-04,1.09,1.11
4.42160e-04,1.05,1.03
4.42240e-04,1.07,1.09
4.42320e-04,1.09,1.03
4.42400e-04,1.07,1.09
4.42480e-04,1.07,1.03
4.42560e-04,1.07,1.09
4.42640e-04,1.09,1.03
4.42720e-04,1.07,1.09
4.42800e-04,1.09,1.03
4.42880e-04,1.09,1.09
4.42960e-04,1.09,1.03
4.43040e-04,1.07,1.09
4.43120e-04,1.07,1.03
4.43200e-04,1.07,1.09
4.43280e-04,1.07,1.03
4.43360e-04,1.07,1.09
4.43440e-04,1.09,1.03
4.43520e-04,1.07,1.09
4.43600e-04,1.07,1.03
4.43680e-04,1.07,1.09
4.43760e-04,1.09,1.03
4.43840e-04,1.07,1.09
4.43920e-04,1.07,1.03
4.44000e-04,1.07,1.09
4.44080e-04,1.07,1.03
4.44160e-04,1.07,1.09
4.44240e-04,1.07,1.03
4.44320e-04,1.07,1.09
4.44400e-04,1.07,1.03
4.44480e-04,1.07,1.09
4.44560e-04,1.07,1.03
4.44640e-04,1.07,1.09
4.44720e-04,1.07,1.03
4.44800e-04,1.07,1.09
4.44880e-04,1.07,1.03
4.44960e-04,1.05,1.09
4.45040e-04,1.09,1.03
4.45120e-04,1.07,1.09
4.45200e-04,1.07,1.03
4.45280e-04,1.07,1.09
4.45360e-04,1.07,1.03
4.45440e-04,1.09,1.09
4.45520e-04,1.07,1.03
4.45600e-04,1.07,1.09
4.45680e-04,1.09,1.03
4.45760e-04,1.07,1.09
4.45840e-04,1.09,1.03
4.45920e-04,1.09,1.11
4.46000e-04,1.07,1.01
4.46080e-04,1.07,1.11
4.46160e-04,1.07,1.01
4.46240e-04,1.07,1.09
4.46320e-04,1.07,1.03
4.46400e-04,1.07,1.09
4.46480e-04,1.07,1.03
4.46560e-04,1.07,1.11
4.46640e-04,1.07,1.03
4.46720e-04,1.09,1.09
4.46800e-04,1.09,1.03
4.46880e-04,1.09,1.09
4.46960e-04,1.09,1.03
4.47040e-04,1.09,1.09
4.47120e-04,1.09,1.03
4.47200e-04,1.09,1.09
4.47280e-04,1.07,1.03
4.47360e-04,1.09,1.09
4.47440e-04,1.07,1.03
4.47520e-04,1.07,1.09
4.47600e-04,1.07,1.03
4.47680e-04,1.07,1.09
4.47760e-04,1.07,1.03
4.47840e-04,1.07,1.09
4.47920e-04,1.09,1.03
4.48000e-04,1.09,1.09
4.48080e-04,1.07,1.03
4.48160e-04,1.09,1.09
4.48240e-04,1.07,1.05
4.48320e-04,1.09,1.09
4.48400e-04,1.07,1.03
4.48480e-04,1.09,1.09
4.48560e-04,1.09,1.03
4.48640e-04,1.07,1.09
4.48720e-04,1.09,1.03
4.48800e-04,1.07,1.09
4.48880e-04,1.09,1.03
4.48960e-04,1.07,1.09
4.49040e-04,1.07,1.03
4.49120e-04,1.05,1.09
4.49200e-04,1.09,1.03
4.49280e-04,1.07,1.09
4.49360e-04,1.07,1.03
4.49440e-04,1.09,1.11
4.49520e-04,1.09,1.05
4.49600e-04,1.07,1.09
4.49680e-04,1.09,1.05
4.49760e-04,1.09,1.11
4.49840e-04,1.07,1.03
4.49920e-04,1.09,1.09
4.50000e-04,1.09,1.05
4.50080e-04,1.07,1.09
4.50160e-04,1.09,1.03
4.50240e-04,1.09,1.09
4.50320e-04,1.09,1.03
4.50400e-04,1.09,1.09
4.50480e-04,1.09,1.03
4.50560e-04,1.09,1.11
4.50640e-04,1.07,1.03
4.50720e-04,1.07,1.11
4.50800e-04,1.07,1.03
4.50880e-04,1.09,1.09
4.50960e-04,1.09,1.03
4.51040e-04,1.07,1.09
4.51120e-04,1.09,1.03
4.51200e-04,1.09,1.11
4.51280e-04,1.09,1.03
4.51360e-04,1.07,1.09
4.51440e-04,1.07,1.03
4.51520e-04,1.09,1.09
4.51600e-04,1.09,1.03
4.51680e-04,1.07,1.09
4.51760e-04,1.09,1.03
4.51840e-04,1.07,1.09
4.51920e-04,1.09,1.03
4.52000e-04,1.07,1.09
4.52080e-04,1.09,1.03
4.52160e-04,1.07,1.09
4.52240e-04,1.07,1.03
4.52320e-04,1.07,1.09
4.52400e-04,1.07,1.03
4.52480e-04,1.09,1.09
4.52560e-04,1.09,1.03
4.52640e-04,1.09,1.09
4.52720e-04,1.07,1.03
4.52800e-04,1.09,1.09
4.52880e-04,1.09,1.03
4.52960e-04,1.07,1.09
4.53040e-04,1.09,1.03
4.53120e-04,1.07,1.09
4.53200e-04,1.07,1.03
4.53280e-04,1.07,1.09
4.53360e-04,1.09,1.03
4.53440e-04,1.11,1.09
4.53520e-04,1.09,1.01
4.53600e-04,1.07,1.11
4.53680e-04,1.07,1.03
4.53760e-04,1.05,1.09
4.53840e-04,1.07,1.03
4.53920e-04,1.07,1.09
4.54000e-04,1.07,1.03
4.54080e-04,1.07,1.09
4.54160e-04,1.09,1.03
4.54240e-04,1.05,1.09
4.54320e-04,1.09,1.03
4.54400e-04,1.05,1.09
4.54480e-04,1.09,1.01
4.54560e-04,1.07,1.09
4.54640e-04,1.07,1.03
4.54720e-04,1.07,1.09
4.54800e-04,1.07,1.03
4.54880e-04,1.09,1.09
4.54960e-04,1.07,1.03
4.55040e-04,1.09,1.11
4.55120e-04,1.07,1.03
4.55200e-04,1.09,1.09
4.55280e-04,1.07,1.03
4.55360e-04,1.07,1.09
4.55440e-04,1.07,1.03
4.55520e-04,1.07,1.09
4.55600e-04,1.07,1.03
4.55680e-04,1.07,1.11
4.55760e-04,1.09,1.03
4.55840e-04,1.07,1.09
4.55920e-04,1.09,1.03
4.56000e-04,1.07,1.09
4.56080e-04,1.07,1.03
4.56160e-04,1.07,1.09
4.56240e-04,1.09,1.03
4.56320e-04,1.07,1.09
4.56400e-04,1.09,1.03
4.56480e-04,1.09,1.09
4.56560e-04,1.07,1.03
4.56640e-04,1.09,1.09
4.56720e-04,1.07,1.03
4.56800e-04,1.07,1.09
4.56880e-04,1.09,1.03
4.56960e-04,1.07,1.09
4.57040e-04,1.09,1.03
4.57120e-04,1.09,1.09
4.57200e-04,1.07,1.05
4.57280e-04,1.09,1.09
4.57360e-04,1.07,1.05
4.57440e-04,1.09,1.11
4.57520e-04,1.07,1.03
4.57600e-04,1.09,1.09
4.57680e-04,1.07,1.03
4.57760e-04,1.09,1.09
4.57840e-04,1.07,1.03
4.57920e-04,1.07,1.09
4.58000e-04,1.09,1.03
4.58080e-04,1.07,1.09
4.58160e-04,1.07,1.05
4.58240e-04,1.07,1.09
4.58320e-04,1.09,1.03
4.58400e-04,1.09,1.09
4.58480e-04,1.09,1.03
4.58560e-04,1.07,1.09
4.58640e-04,1.09,1.03
4.58720e-04,1.07,1.09
4.58800e-04,1.05,1.03
4.58880e-04,1.09,1.09
4.58960e-04,1.09,1.03
4.59040e-04,1.09,1.09
4.59120e-04,1.07,1.05
4.59200e-04,1.09,1.09
4.59280e-04,1.09,1.03
4.59360e-04,1.07,1.09
4.59440e-04,1.07,1.05
4.59520e-04,1.07,1.09
4.59600e-04,1.09,1.03
4.59680e-04,1.07,1.09
4.59760e-04,1.09,1.03
4.59840e-04,1.05,1.11
4.59920e-04,1.09,1.03
4.60000e-04,1.09,1.09
4.60080e-04,1.09,1.03
4.60160e-04,1.07,1.11
4.60240e-04,1.07,1.03
4.60320e-04,1.07,1.11
4.60400e-04,1.07,1.03
4.60480e-04,1.09,1.11
4.60560e-04,1.07,1.03
4.60640e-04,1.09,1.09
4.60720e-04,1.09,1.03
4.60800e-04,1.07,1.11
4.60880e-04,1.09,1.01
4.60960e-04,1.07,1.11
4.61040e-04,1.09,1.03
4.61120e-04,1.07,1.09
4.61200e-04,1.09,1.03
4.61280e-04,1.07,1.09
4.61360e-04,1.07,1.03
4.61440e-04,1.07,1.11
4.61520e-04,1.09,1.03
4.61600e-04,1.07,1.09
4.61680e-04,1.05,1.03
4.61760e-04,1.07,1.11
4.61840e-04,1.07,1.05
4.61920e-04,1.09,1.09
4.62000e-04,1.07,1.03
4.62080e-04,1.07,1.09
4.62160e-04,1.07,1.03
4.62240e-04,1.07,1.09
4.62320e-04,1.09,1.03
4.62400e-04,1.09,1.11
4.62480e-04,1.07,1.03
4.62560e-04,1.07,1.11
4.62640e-04,1.07,1.03
4.62720e-04,1.09,1.11
4.62800e-04,1.09,1.05
4.62880e-04,1.09,1.11
4.62960e-04,1.09,1.03
4.63040e-04,1.09,1.11
4.63120e-04,1.07,1.03
4.63200e-04,1.09,1.09
4.63280e-04,1.09,1.03
4.63360e-04,1.07,1.11
4.63440e-04,1.07,1.03
4.63520e-04,1.09,1.09
4.63600e-04,1.07,1.03
4.63680e-04,1.07,1.09
4.63760e-04,1.09,1.03
4.63840e-04,1.07,1.09
4.63920e-04,1.07,1.03
4.64000e-04,1.07,1.09
4.64080e-04,1.09,1.03
4.64160e-04,1.09,1.09
4.64240e-04,1.07,1.03
4.64320e-04,1.09,1.09
4.64400e-04,1.07,1.03
4.64480e-04,1.09,1.09
4.64560e-04,1.07,1.03
4.64640e-04,1.07,1.09
4.64720e-04,1.07,1.03
4.64800e-04,1.07,1.09
4.64880e-04,1.07,1.03
4.64960e-04,1.07,1.09
4.65040e-04,1.07,1.03
4.65120e-04,1.07,1.09
4.65200e-04,1.07,1.03
4.65280e-04,1.05,1.09
4.65360e-04,1.07,1.01
4.65440e-04,1.09,1.07
4.65520e-04,1.07,1.03
4.65600e-04,1.07,1.09
4.65680e-04,1.07,1.03
4.65760e-04,1.07,1.09
4.65840e-04,1.07,1.03
4.65920e-04,1.07,1.09
4.66000e-04,1.05,1.03
4.66080e-04,1.07,1.09
4.66160e-04,1.09,1.03
4.66240e-04,1.07,1.09
4.66320e-04,1.07,1.01
4.66400e-04,1.07,1.11
4.66480e-04,1.07,1.01
4.66560e-04,1.07,1.09
4.66640e-04,1.07,1.03
4.66720e-04,1.07,1.09
4.66800e-04,1.07,1.03
4.66880e-04,1.07,1.09
4.66960e-04,1.07,1.03
4.67040e-04,1.07,1.09
4.67120e-04,1.07,1.03
4.67200e-04,1.07,1.09
4.67280e-04,1.07,1.03
4.67360e-04,1.07,1.09
4.67440e-04,1.07,1.03
4.67520e-04,1.09,1.09
4.67600e-04,1.07,1.03
4.67680e-04,1.07,1.09
4.67760e-04,1.07,1.03
4.67840e-04,1.07,1.09
4.67920e-04,1.07,1.03
4.68000e-04,1.07,1.09
4.68080e-04,1.09,1.03
4.68160e-04,1.09,1.09
4.68240e-04,1.07,1.01
4.68320e-04,1.09,1.09
4.68400e-04,1.07,1.01
4.68480e-04,1.07,1.13
4.68560e-04,1.07,1.01
4.68640e-04,1.07,1.09
4.68720e-04,1.07,1.03
4.68800e-04,1.09,1.09
4.68880e-04,1.09,1.03
4.68960e-04,1.05,1.09
4.69040e-04,1.07,1.03
4.69120e-04,1.07,1.09
4.69200e-04,1.07,1.03
4.69280e-04,1.07,1.09
4.69360e-04,1.07,1.03
4.69440e-04,1.07,1.09
4.69520e-04,1.07,1.03
4.69600e-04,1.07,1.09
4.69680e-04,1.07,1.01
4.69760e-04,1.07,1.09
4.69840e-04,1.09,1.01
4.69920e-04,1.07,1.09
4.70000e-04,1.07,1.03
4.70080e-04,1.07,1.09
4.70160e-04,1.07,1.03
4.70240e-04,1.07,1.09
4.70320e-04,1.07,1.01
4.70400e-04,1.07,1.09
4.70480e-04,1.07,1.03
4.70560e-04,1.07,1.09
4.70640e-04,1.07,1.03
4.70720e-04,1.05,1.09
4.70800e-04,1.07,1.03
4.70880e-04,1.07,1.09
4.70960e-04,1.07,1.03
4.71040e-04,1.07,1.09
4.71120e-04,1.07,1.03
4.71200e-04,1.07,1.09
4.71280e-04,1.07,1.03
4.71360e-04,1.07,1.09
4.71440e-04,1.09,1.01
4.71520e-04,1.05,1.07
4.71600e-04,1.09,1.03
4.71680e-04,1.07,1.09
4.71760e-04,1.07,1.03
4.71840e-04,1.07,1.09
4.71920e-04,1.09,1.03
4.72000e-04,1.07,1.09
4.72080e-04,1.07,1.03
4.72160e-04,1.05,1.09
4.72240e-04,1.07,1.03
4.72320e-04,1.07,1.09
4.72400e-04,1.09,1.01
4.72480e-04,1.07,1.09
4.72560e-04,1.07,1.03
4.72640e-04,1.07,1.09
4.72720e-04,1.07,1.01
4.72800e-04,1.07,1.09
4.72880e-04,1.09,1.01
4.72960e-04,1.07,1.09
4.73040e-04,1.07,1.03
4.73120e-04,1.07,1.09
4.73200e-04,1.07,1.03
4.73280e-04,1.07,1.09
4.73360e-04,1.09,1.03
4.73440e-04,1.07,1.09
4.73520e-04,1.07,1.03
4.73600e-04,1.05,1.11
4.73680e-04,1.07,1.01
4.73760e-04,1.07,1.09
4.73840e-04,1.07,1.03
4.73920e-04,1.07,1.09
4.74000e-04,1.07,1.03
4.74080e-04,1.07,1.09
4.74160e-04,1.09,1.01
4.74240e-04,1.07,1.09
4.74320e-04,1.07,1.03
4.74400e-04,1.07,1.09
4.74480e-04,1.07,1.01
4.74560e-04,1.05,1.09
4.74640e-04,1.07,1.03
4.74720e-04,1.07,1.09
4.74800e-04,1.07,1.03
4.74880e-04,1.07,1.09
4.74960e-04,1.07,1.03
4.75040e-04,1.05,1.09
4.75120e-04,1.07,1.01
4.75200e-04,1.07,1.09
4.75280e-04,1.09,1.03
4.75360e-04,1.07,1.09
4.75440e-04,1.05,1.03
4.75520e-04,1.05,1.09
4.75600e-04,1.05,1.01
4.75680e-04,1.05,1.09
4.75760e-04,1.07,1.03
4.75840e-04,1.05,1.09
4.75920e-04,1.07,1.03
4.76000e-04,1.05,1.09
4.76080e-04,1.07,1.01
4.76160e-04,1.05,1.09
4.76240e-04,1.05,1.03
4.76320e-04,1.07,1.07
4.76400e-04,1.05,1.03
4.76480e-04,1.07,1.09
4.76560e-04,1.05,1.03
4.76640e-04,1.07,1.09
4.76720e-04,0.77,1.03
4.76800e-04,1.01,1.09
4.76880e-04,1.01,0.59
4.76960e-04,1.03,1.09
4.77040e-04,0.97,0.91
4.77120e-04,0.99,1.05
4.77200e-04,0.99,0.95
4.77280e-04,1.01,1.03
4.77360e-04,1.01,0.95
4.77440e-04,1.05,1.03
4.77520e-04,1.05,0.97
4.77600e-04,1.07,1.05
4.77680e-04,1.07,0.99
4.77760e-04,1.09,1.09
4.77840e-04,1.09,1.03
4.77920e-04,1.07,1.11
4.78000e-04,1.09,1.03
4.78080e-04,1.09,1.09
4.78160e-04,1.09,1.03
4.78240e-04,1.07,1.09
4.78320e-04,1.05,1.01
4.78400e-04,1.05,1.09
4.78480e-04,1.05,1.01
4.78560e-04,1.05,1.09
4.78640e-04,1.03,1.01
4.78720e-04,1.07,1.09
4.78800e-04,1.05,1.01
4.78880e-04,1.07,1.09
4.78960e-04,1.07,1.01
4.79040e-04,1.07,1.09
4.79120e-04,1.07,1.01
4.79200e-04,1.05,1.09
4.79280e-04,1.05,1.01
4.79360e-04,1.05,1.07
4.79440e-04,1.05,1.01
4.79520e-04,1.05,1.07
4.79600e-04,1.05,1.01
4.79680e-04,1.05,1.07
4.79760e-04,1.05,1.01
4.79840e-04,1.05,1.07
4.79920e-04,1.03,1.01
4.80000e-04,1.05,1.07
4.80080e-04,1.03,1.01
4.80160e-04,1.07,1.07
4.80240e-04,1.07,1.01
4.80320e-04,1.05,1.07
4.80400e-04,1.07,1.01
4.80480e-04,1.05,1.07
4.80560e-04,1.07,1.01
4.80640e-04,1.07,1.07
4.80720e-04,1.07,1.01
4.80800e-04,1.05,1.07
4.80880e-04,1.07,1.01
4.80960e-04,1.05,1.07
4.81040e-04,1.05,1.01
4.81120e-04,1.07,1.07
4.81200e-04,1.05,1.01
4.81280e-04,1.05,1.07
4.81360e-04,1.05,1.01
4.81440e-04,1.05,1.07
4.81520e-04,1.05,1.01
4.81600e-04,1.05,1.07
4.81680e-04,1.05,1.01
4.81760e-04,1.05,1.07
4.81840e-04,1.07,1.01
4.81920e-04,1.05,1.07
4.82000e-04,1.05,1.01
4.82080e-04,1.05,1.09
4.82160e-04,1.05,1.01
4.82240e-04,1.07,1.09
4.82320e-04,1.05,1.01
4.82400e-04,1.07,1.07
4.82480e-04,1.05,1.01
4.82560e-04,1.07,1.09
4.82640e-04,1.05,1.01
4.82720e-04,1.07,1.09
4.82800e-04,1.05,1.01
4.82880e-04,1.05,1.09
4.82960e-04,1.05,1.01
4.83040e-04,1.05,1.07
4.83120e-04,1.07,1.01
4.83200e-04,1.03,1.09
4.83280e-04,1.07,1.01
4.83360e-04,1.05,1.09
4.83440e-04,1.05,1.01
4.83520e-04,1.23,1.09
4.83600e-04,1.15,1.03
4.83680e-04,1.09,1.53
4.83760e-04,1.13,1.05
4.83840e-04,1.13,1.23
4.83920e-04,1.13,1.05
4.84000e-04,1.13,1.15
4.84080e-04,1.09,1.07
4.84160e-04,1.09,1.13
4.84240e-04,1.07,1.05
4.84320e-04,1.07,1.13
4.84400e-04,1.05,1.01
4.84480e-04,1.05,1.09
4.84560e-04,1.03,1.01
4.84640e-04,1.03,1.07
4.84720e-04,1.05,0.99
4.84800e-04,1.05,1.07
4.84880e-04,1.07,1.01
4.84960e-04,1.05,1.07
4.85040e-04,1.05,1.01
4.85120e-04,1.05,1.09
4.85200e-04,1.09,1.01
4.85280e-04,1.05,1.07
4.85360e-04,1.05,1.03
4.85440e-04,1.05,1.09
4.85520e-04,1.09,1.01
4.85600e-04,1.07,1.09
4.85680e-04,1.07,1.01
4.85760e-04,1.07,1.09
4.85840e-04,1.07,1.01
4.85920e-04,1.07,1.09
4.86000e-04,1.07,1.01
4.86080e-04,1.07,1.09
4.86160e-04,1.07,1.03
4.86240e-04,1.07,1.09
4.86320e-04,1.05,1.01
4.86400e-04,1.07,1.09
4.86480e-04,1.07,1.01
4.86560e-04,1.07,1.09
4.86640e-04,1.07,1.03
4.86720e-04,1.07,1.09
4.86800e-04,1.07,1.03
4.86880e-04,1.07,1.09
4.86960e-04,1.05,1.01
4.87040e-04,1.07,1.09
4.87120e-04,1.05,1.03
4.87200e-04,1.07,1.09
4.87280e-04,1.05,1.01
4.87360e-04,1.07,1.09
4.87440e-04,1.07,1.01
4.87520e-04,1.07,1.09
4.87600e-04,1.07,1.03
4.87680e-04,1.05,1.09
4.87760e-04,1.07,1.03
4.87840e-04,1.07,1.09
4.87920e-04,1.07,1.03
4.88000e-04,1.07,1.09
4.88080e-04,1.07,1.03
4.88160e-04,1.07,1.09
4.88240e-04,1.07,1.03
4.88320e-04,1.09,1.09
4.88400e-04,1.05,1.03
4.88480e-04,1.07,1.09
4.88560e-04,1.07,1.03
4.88640e-04,1.07,1.09
4.88720e-04,1.05,1.03
4.88800e-04,1.05,1.09
4.88880e-04,1.07,1.03
4.88960e-04,1.07,1.09
4.89040e-04,1.07,1.03
4.89120e-04,1.07,1.09
4.89200e-04,1.07,1.03
4.89280e-04,1.07,1.09
4.89360e-04,1.05,1.03
4.89440e-04,1.07,1.09
4.89520e-04,1.07,1.03
4.89600e-04,1.07,1.09
4.89680e-04,1.07,1.01
4.89760e-04,1.05,1.09
4.89840e-04,1.05,1.01
4.89920e-04,1.07,1.09
4.90000e-04,1.07,1.03
4.90080e-04,1.05,1.09
4.90160e-04,1.07,1.03
4.90240e-04,1.05,1.11
4.90320e-04,1.09,1.01
4.90400e-04,1.07,1.09
4.90480e-04,1.07,0.99
4.90560e-04,1.09,1.11
4.90640e-04,1.09,1.01
4.90720e-04,1.07,1.09
4.90800e-04,1.07,1.01
4.90880e-04,1.07,1.11
4.90960e-04,1.05,1.01
4.91040e-04,1.09,1.09
4.91120e-04,1.07,1.03
4.91200e-04,1.07,1.09
4.91280e-04,1.05,1.01
4.91360e-04,1.07,1.09
4.91440e-04,1.07,1.01
4.91520e-04,1.05,1.09
4.91600e-04,1.07,1.03
4.91680e-04,1.07,1.09
4.91760e-04,1.07,1.03
4.91840e-04,1.05,1.09
4.91920e-04,1.07,1.03
4.92000e-04,1.07,1.09
4.92080e-04,1.07,1.01
4.92160e-04,1.07,1.09
4.92240e-04,1.07,1.03
4.92320e-04,1.07,1.09
4.92400e-04,1.07,1.03
4.92480e-04,1.07,1.07
4.92560e-04,1.05,1.03
4.92640e-04,1.07,1.09
4.92720e-04,1.05,1.01
4.92800e-04,1.05,1.09
4.92880e-04,1.05,1.03
4.92960e-04,1.05,1.07
4.93040e-04,1.05,1.03
4.93120e-04,1.05,1.07
4.93200e-04,1.07,1.03
4.93280e-04,1.05,1.09
4.93360e-04,1.07,1.03
4.93440e-04,1.05,1.09
4.93520e-04,1.05,1.03
4.93600e-04,1.07,1.09
4.93680e-04,1.07,1.01
4.93760e-04,1.05,1.09
4.93840e-04,1.07,1.03
4.93920e-04,1.05,1.09
4.94000e-04,1.07,1.03
4.94080e-04,1.07,1.09
4.94160e-04,1.07,1.03
4.94240e-04,1.07,1.09
4.94320e-04,1.05,1.03
4.94400e-04,1.07,1.09
4.94480e-04,1.07,1.03
4.94560e-04,1.07,1.09
4.94640e-04,1.07,1.03
4.94720e-04,1.07,1.09
4.94800e-04,1.05,1.03
4.94880e-04,1.07,1.09
4.94960e-04,1.07,1.01
4.95040e-04,1.09,1.09
4.95120e-04,1.07,1.03
4.95200e-04,1.09,1.09
4.95280e-04,1.07,1.03
4.95360e-04,1.07,1.09
4.95440e-04,1.09,1.03
4.95520e-04,1.07,1.09
4.95600e-04,1.07,1.01
4.95680e-04,1.07,1.09
4.95760e-04,1.07,1.03
4.95840e-04,1.07,1.09
4.95920e-04,1.05,1.03
4.96000e-04,1.07,1.09
4.96080e-04,1.07,1.03
4.96160e-04,1.09,1.09
4.96240e-04,1.07,1.03
4.96320e-04,1.07,1.09
4.96400e-04,1.07,1.01
4.96480e-04,1.07,1.09
4.96560e-04,1.07,1.01
4.96640e-04,1.07,1.09
4.96720e-04,1.07,1.03
4.96800e-04,1.07,1.09
4.96880e-04,1.09,1.03
4.96960e-04,1.07,1.09
4.97040e-04,1.09,1.01
4.97120e-04,1.07,1.09
4.97200e-04,1.07,1.03
4.97280e-04,1.07,1.09
4.97360e-04,1.07,1.03
4.97440e-04,1.07,1.09
4.97520e-04,1.07,1.03
4.97600e-04,1.07,1.09
4.97680e-04,1.07,1.03
4.97760e-04,1.07,1.09
4.97840e-04,1.09,1.03
4.97920e-04,1.09,1.09
4.98000e-04,1.09,1.01
4.98080e-04,1.09,1.09
4.98160e-04,1.07,1.03
4.98240e-04,1.07,1.11
4.98320e-04,1.07,1.03
4.98400e-04,1.07,1.09
4.98480e-04,1.07,1.03
4.98560e-04,1.07,1.09
4.98640e-04,1.09,1.03
4.98720e-04,1.05,1.09
4.98800e-04,1.07,1.03
4.98880e-04,1.07,1.09
4.98960e-04,1.05,1.03
4.99040e-04,1.07,1.09
4.99120e-04,1.09,1.03
4.99200e-04,1.07,1.09
4.99280e-04,1.07,1.03
4.99360e-04,1.07,1.09
4.99440e-04,1.09,1.03
4.99520e-04,1.07,1.09
4.99600e-04,1.07,1.03
4.99680e-04,1.07,1.09
4.99760e-04,1.09,1.03
4.99840e-04,1.07,1.09
4.99920e-04,1.07,1.03
5.00000e-04,1.07,1.09
5.00080e-04,1.09,1.03
5.00160e-04,1.07,1.09
5.00240e-04,1.07,1.03
5.00320e-04,1.07,1.09
5.00400e-04,1.05,1.03
5.00480e-04,1.07,1.09
5.00560e-04,1.09,1.03
5.00640e-04,1.09,1.09
5.00720e-04,1.09,1.03
5.00800e-04,1.07,1.09
5.00880e-04,1.07,1.03
5.00960e-04,1.09,1.09
5.01040e-04,1.09,1.03
5.01120e-04,1.07,1.09
5.01200e-04,1.07,1.03
5.01280e-04,1.09,1.11
5.01360e-04,1.07,1.03
5.01440e-04,1.07,1.09
5.01520e-04,1.07,1.03
5.01600e-04,1.07,1.09
5.01680e-04,1.05,1.03
5.01760e-04,1.09,1.09
5.01840e-04,1.07,1.03
5.01920e-04,1.09,1.09
5.02000e-04,1.07,1.03
5.02080e-04,1.07,1.09
5.02160e-04,1.07,1.03
5.02240e-04,1.09,1.09
5.02320e-04,1.07,1.03
5.02400e-04,1.07,1.09
5.02480e-04,1.09,1.03
5.02560e-04,1.07,1.09
5.02640e-04,1.07,1.03
5.02720e-04,1.09,1.09
5.02800e-04,1.07,1.03
5.02880e-04,1.07,1.09
5.02960e-04,1.05,1.03
5.03040e-04,1.09,1.09
5.03120e-04,1.07,1.03
5.03200e-04,1.07,1.09
5.03280e-04,1.07,1.03
5.03360e-04,1.07,1.09
5.03440e-04,1.07,1.03
5.03520e-04,1.07,1.09
5.03600e-04,1.07,1.03
5.03680e-04,1.07,1.09
5.03760e-04,1.09,1.03
5.03840e-04,1.09,1.09
5.03920e-04,1.07,1.03
5.04000e-04,1.07,1.09
5.04080e-04,1.07,1.03
5.04160e-04,1.09,1.09
5.04240e-04,1.07,1.03
5.04320e-04,1.07,1.09
5.04400e-04,1.07,1.03
5.04480e-04,1.07,1.09
5.04560e-04,1.09,1.03
5.04640e-04,1.07,1.09
5.04720e-04,1.07,1.03
5.04800e-04,1.09,1.09
5.04880e-04,1.07,1.03
5.04960e-04,1.07,1.09
5.05040e-04,1.07,1.03
5.05120e-04,1.03,1.09
5.05200e-04,1.07,1.01
5.05280e-04,1.05,1.09
5.05360e-04,1.07,1.01
5.05440e-04,1.07,1.11
5.05520e-04,1.07,1.01
5.05600e-04,1.09,1.11
5.05680e-04,1.07,1.03
5.05760e-04,1.09,1.09
5.05840e-04,1.09,1.01
5.05920e-04,1.05,1.09
5.06000e-04,1.07,1.03
5.06080e-04,1.05,1.09
5.06160e-04,1.07,1.03
5.06240e-04,1.07,1.09
5.06320e-04,1.09,1.03
5.06400e-04,1.05,1.09
5.06480e-04,1.07,1.03
5.06560e-04,1.07,1.09
5.06640e-04,1.07,1.03
5.06720e-04,1.09,1.09
5.06800e-04,1.05,1.03
5.06880e-04,1.07,1.09
5.06960e-04,1.07,1.03
5.07040e-04,1.09,1.09
5.07120e-04,1.05,1.03
5.07200e-04,1.07,1.09
5.07280e-04,1.05,1.03
5.07360e-04,1.07,1.09
5.07440e-04,1.07,1.03
5.07520e-04,1.07,1.09
5.07600e-04,1.07,1.03
5.07680e-04,1.07,1.09
5.07760e-04,1.09,1.03
5.07840e-04,1.07,1.09
5.07920e-04,1.07,1.03
5.08000e-04,1.07,1.09
5.08080e-04,1.07,1.03
5.08160e-04,1.07,1.09
5.08240e-04,1.07,1.03
5.08320e-04,1.07,1.11
5.08400e-04,1.07,1.03
5.08480e-04,1.07,1.09
5.08560e-04,1.07,1.03
5.08640e-04,1.07,1.09
5.08720e-04,1.07,1.03
5.08800e-04,1.07,1.09
5.08880e-04,1.09,1.01
5.08960e-04,1.07,1.09
5.09040e-04,1.09,1.03
5.09120e-04,1.07,1.09
5.09200e-04,1.09,1.03
5.09280e-04,1.07,1.09
5.09360e-04,1.09,1.03
5.09440e-04,1.07,1.09
5.09520e-04,1.07,1.03
5.09600e-04,1.09,1.09
5.09680e-04,1.09,1.03
5.09760e-04,1.07,1.09
5.09840e-04,1.07,1.03
5.09920e-04,1.07,1.09
5.10000e-04,1.07,1.03
5.10080e-04,1.09,1.09
5.10160e-04,1.07,1.03
5.10240e-04,1.07,1.09
5.10320e-04,1.07,1.03
5.10400e-04,1.07,1.09
5.10480e-04,1.09,1.03
5.10560e-04,1.07,1.09
5.10640e-04,1.07,1.03
5.10720e-04,1.09,1.09
5.10800e-04,1.07,1.03
5.10880e-04,1.07,1.09
5.10960e-04,1.09,1.03
5.11040e-04,1.09,1.09
5.11120e-04,1.07,1.03
5.11200e-04,1.09,1.09
5.11280e-04,1.07,1.03
5.11360e-04,1.07,1.09
5.11440e-04,1.09,1.03
5.11520e-04,1.07,1.09
5.11600e-04,1.09,1.03
5.11680e-04,1.07,1.09
5.11760e-04,1.09,1.03
5.11840e-04,1.07,1.09
5.11920e-04,1.07,1.03
5.12000e-04,1.07,1.09
5.12080e-04,1.07,1.03
5.12160e-04,1.07,1.09
5.12240e-04,1.07,1.03
5.12320e-04,1.07,1.09
5.12400e-04,1.09,1.03
5.12480e-04,1.09,1.09
5.12560e-04,1.07,1.03
5.12640e-04,1.05,1.09
5.12720e-04,1.05,1.03
5.12800e-04,1.07,1.09
5.12880e-04,1.09,1.01
5.12960e-04,1.09,1.11
5.13040e-04,1.07,1.03
5.13120e-04,1.07,1.09
5.13200e-04,1.07,1.03
5.13280e-04,1.07,1.09
5.13360e-04,1.05,1.01
5.13440e-04,1.07,1.11
5.13520e-04,1.09,1.03
5.13600e-04,1.07,1.11
5.13680e-04,1.07,1.03
5.13760e-04,1.07,1.09
5.13840e-04,1.07,1.03
5.13920e-04,1.07,1.09
5.14000e-04,1.07,1.03
5.14080e-04,1.07,1.09
5.14160e-04,1.09,1.03
5.14240e-04,1.07,1.09
5.14320e-04,1.07,1.03
5.14400e-04,1.07,1.09
5.14480e-04,1.05,1.03
5.14560e-04,1.07,1.09
5.14640e-04,1.09,1.03
5.14720e-04,1.07,1.09
5.14800e-04,1.07,1.03
5.14880e-04,1.07,1.09
5.14960e-04,1.05,1.03
5.15040e-04,1.07,1.09
5.15120e-04,1.07,1.01
5.15200e-04,1.07,1.09
5.15280e-04,1.07,1.03
5.15360e-04,1.07,1.09
5.15440e-04,1.09,1.03
5.15520e-04,1.07,1.09
5.15600e-04,1.07,1.03
5.15680e-04,1.07,1.09
5.15760e-04,1.07,1.03
5.15840e-04,1.07,1.09
5.15920e-04,1.07,1.03
5.16000e-04,1.07,1.09
5.16080e-04,1.07,1.03
5.16160e-04,1.07,1.09
5.16240e-04,1.07,1.03
5.16320e-04,1.09,1.09
5.16400e-04,1.07,1.03
5.16480e-04,1.07,1.09
5.16560e-04,1.05,1.03
5.16640e-04,1.09,1.09
5.16720e-04,1.07,1.03
5.16800e-04,1.07,1.09
5.16880e-04,1.07,1.03
5.16960e-04,1.07,1.09
5.17040e-04,1.07,1.03
5.17120e-04,1.07,1.09
5.17200e-04,1.07,1.01
5.17280e-04,1.07,1.09
5.17360e-04,1.07,1.03
5.17440e-04,1.07,1.09
5.17520e-04,1.05,1.03
5.17600e-04,1.07,1.09
5.17680e-04,1.07,1.01
5.17760e-04,1.09,1.09
5.17840e-04,1.05,1.03
5.17920e-04,1.07,1.09
5.18000e-04,1.07,1.03
5.18080e-04,1.07,1.09
5.18160e-04,1.09,1.03
5.18240e-04,1.07,1.09
5.18320e-04,1.07,1.03
5.18400e-04,1.09,1.09
5.18480e-04,1.07,1.03
5.18560e-04,1.07,1.09
5.18640e-04,1.09,1.03
5.18720e-04,1.07,1.09
5.18800e-04,1.07,1.03
5.18880e-04,1.09,1.09
5.18960e-04,1.09,1.03
5.19040e-04,1.07,1.09
5.19120e-04,1.07,1.03
5.19200e-04,1.07,1.09
5.19280e-04,1.07,1.03
5.19360e-04,1.07,1.09
5.19440e-04,1.07,1.03
5.19520e-04,1.09,1.09
5.19600e-04,1.07,1.03
5.19680e-04,1.07,1.09
5.19760e-04,1.07,1.03
5.19840e-04,1.07,1.09
5.19920e-04,1.09,1.03
5.20000e-04,1.07,1.09
5.20080e-04,1.05,1.01
5.20160e-04,1.05,1.09
5.20240e-04,1.05,1.01
5.20320e-04,1.07,1.11
5.20400e-04,1.07,1.01
5.20480e-04,1.07,1.09
5.20560e-04,1.07,1.03
5.20640e-04,1.07,1.09
5.20720e-04,1.07,1.03
5.20800e-04,1.07,1.09
5.20880e-04,1.09,1.01
5.20960e-04,1.07,1.09
5.21040e-04,1.07,1.03
5.21120e-04,1.07,1.09
5.21200e-04,1.07,1.03
5.21280e-04,1.05,1.09
5.21360e-04,1.07,1.03
5.21440e-04,1.07,1.09
5.21520e-04,1.05,1.03
5.21600e-04,1.07,1.09
5.21680e-04,1.07,1.03
5.21760e-04,1.07,1.09
5.21840e-04,1.07,1.03
5.21920e-04,1.07,1.09
5.22000e-04,1.07,1.03
5.22080e-04,1.07,1.09
5.22160e-04,1.07,1.03
5.22240e-04,1.09,1.09
5.22320e-04,1.07,1.03
5.22400e-04,1.07,1.09
5.22480e-04,1.09,1.03
5.22560e-04,1.07,1.09
5.22640e-04,1.07,1.01
5.22720e-04,1.07,1.09
5.22800e-04,1.07,1.03
5.22880e-04,1.07,1.09
5.22960e-04,1.07,1.03
5.23040e-04,1.05,1.09
5.23120e-04,1.05,1.03
5.23200e-04,1.07,1.09
5.23280e-04,1.07,1.03
5.23360e-04,1.05,1.09
5.23440e-04,1.07,1.03
5.23520e-04,1.07,1.09
5.23600e-04,1.07,1.03
5.23680e-04,1.07,1.09
5.23760e-04,1.07,1.03
5.23840e-04,1.05,1.09
5.23920e-04,1.07,1.01
5.24000e-04,1.09,1.09
5.24080e-04,1.07,1.03
5.24160e-04,1.07,1.09
5.24240e-04,1.05,1.01
5.24320e-04,1.07,1.09
5.24400e-04,1.05,1.03
5.24480e-04,1.07,1.09
5.24560e-04,1.07,1.01
5.24640e-04,1.05,1.09
5.24720e-04,1.07,1.01
5.24800e-04,1.07,1.09
5.24880e-04,1.07,1.03
5.24960e-04,1.05,1.09
5.25040e-04,1.07,1.01
5.25120e-04,1.05,1.09
5.25200e-04,1.07,1.01
5.25280e-04,1.05,1.09
5.25360e-04,1.05,1.03
5.25440e-04,1.07,1.09
5.25520e-04,1.05,1.01
5.25600e-04,1.07,1.09
5.25680e-04,1.05,1.03
5.25760e-04,1.07,1.07
5.25840e-04,1.05,1.01
5.25920e-04,1.05,1.09
5.26000e-04,1.09,1.03
5.26080e-04,1.05,1.09
5.26160e-04,1.07,1.03
5.26240e-04,1.07,1.09
5.26320e-04,1.07,1.03
5.26400e-04,1.05,1.09
5.26480e-04,1.07,1.01
5.26560e-04,1.07,1.09
5.26640e-04,1.07,1.01
5.26720e-04,1.07,1.09
5.26800e-04,0.69,1.03
5.26880e-04,1.01,1.09
5.26960e-04,1.03,0.59
5.27040e-04,1.01,1.07
5.27120e-04,0.99,0.91
5.27200e-04,0.99,1.07
5.27280e-04,0.99,0.95
5.27360e-04,1.01,1.01
5.27440e-04,1.03,0.95
5.27520e-04,1.03,1.03
5.27600e-04,1.05,0.97
5.27680e-04,1.07,1.07
5.27760e-04,1.07,1.01
5.27840e-04,1.09,1.09
5.27920e-04,1.09,1.03
5.28000e-04,1.09,1.09
5.28080e-04,1.07,1.05
5.28160e-04,1.07,1.11
5.28240e-04,1.09,1.03
5.28320e-04,1.07,1.09
5.28400e-04,1.07,1.03
5.28480e-04,1.05,1.09
5.28560e-04,1.05,1.01
5.28640e-04,1.05,1.09
5.28720e-04,1.07,1.01
5.28800e-04,1.05,1.07
5.28880e-04,1.05,1.01
5.28960e-04,1.05,1.07
5.29040e-04,1.07,1.01
5.29120e-04,1.09,1.09
5.29200e-04,1.07,1.01
5.29280e-04,1.07,1.09
5.29360e-04,1.05,1.01
5.29440e-04,1.05,1.09
5.29520e-04,1.05,1.01
5.29600e-04,1.07,1.07
5.29680e-04,1.05,1.01
5.29760e-04,1.03,1.07
5.29840e-04,1.05,1.01
5.29920e-04,1.05,1.07
5.30000e-04,1.05,1.01
5.30080e-04,1.05,1.07
5.30160e-04,1.05,1.01
5.30240e-04,1.05,1.07
5.30320e-04,1.05,1.01
5.30400e-04,1.05,1.07
5.30480e-04,1.05,1.01
5.30560e-04,1.05,1.09
5.30640e-04,1.05,1.01
5.30720e-04,1.05,1.07
5.30800e-04,1.05,1.01
5.30880e-04,1.05,1.07
5.30960e-04,1.07,1.01
5.31040e-04,1.05,1.07
5.31120e-04,1.05,1.01
5.31200e-04,1.05,1.07
5.31280e-04,1.07,1.01
5.31360e-04,1.05,1.07
5.31440e-04,1.03,1.01
5.31520e-04,1.05,1.07
5.31600e-04,1.05,1.01
5.31680e-04,1.07,1.09
5.31760e-04,1.03,1.01
5.31840e-04,1.05,1.07
5.31920e-04,1.05,1.01
5.32000e-04,1.03,1.09
5.32080e-04,1.05,1.01
5.32160e-04,1.05,1.09
5.32240e-04,1.03,1.01
5.32320e-04,1.05,1.09
5.32400e-04,1.07,1.01
5.32480e-04,1.07,1.07
5.32560e-04,1.05,1.01
5.32640e-04,1.05,1.07
5.32720e-04,1.07,1.01
5.32800e-04,1.05,1.07
5.32880e-04,1.05,1.01
5.32960e-04,1.05,1.09
5.33040e-04,1.05,1.01
5.33120e-04,1.05,1.07
5.33200e-04,1.05,1.01
5.33280e-04,1.07,1.09
5.33360e-04,1.05,1.01
5.33440e-04,1.05,1.07
5.33520e-04,1.15,1.01
5.33600e-04,1.11,1.07
5.33680e-04,1.13,1.03
5.33760e-04,1.09,1.55
5.33840e-04,1.13,1.05
5.33920e-04,1.13,1.15
5.34000e-04,1.15,1.07
5.34080e-04,1.11,1.15
5.34160e-04,1.11,1.09
5.34240e-04,1.09,1.15
5.34320e-04,1.09,1.05
5.34400e-04,1.05,1.13
5.34480e-04,1.03,1.03
5.34560e-04,1.05,1.09
5.34640e-04,1.03,0.99
5.34720e-04,1.07,1.07
5.34800e-04,1.05,0.99
5.34880e-04,1.03,1.07
5.34960e-04,1.03,1.01
5.35040e-04,1.07,1.07
5.35120e-04,1.07,1.01
5.35200e-04,1.07,1.09
5.35280e-04,1.07,1.01
5.35360e-04,1.07,1.09
5.35440e-04,1.07,1.01
5.35520e-04,1.07,1.07
5.35600e-04,1.07,1.01
5.35680e-04,1.07,1.09
5.35760e-04,1.07,1.03
5.35840e-04,1.07,1.09
5.35920e-04,1.09,1.01
5.36000e-04,1.07,1.09
5.36080e-04,1.05,1.01
5.36160e-04,1.03,1.11
5.36240e-04,1.07,1.01
5.36320e-04,1.07,1.09
5.36400e-04,1.07,1.01
5.36480e-04,1.07,1.09
5.36560e-04,1.07,1.03
5.36640e-04,1.07,1.09
5.36720e-04,1.07,1.01
5.36800e-04,1.07,1.07
5.36880e-04,1.07,1.03
5.36960e-04,1.05,1.09
5.37040e-04,1.05,1.03
5.37120e-04,1.05,1.09
5.37200e-04,1.07,1.01
5.37280e-04,1.07,1.09
5.37360e-04,1.05,1.03
5.37440e-04,1.05,1.09
5.37520e-04,1.07,1.03
5.37600e-04,1.07,1.09
5.37680e-04,1.07,1.01
5.37760e-04,1.09,1.09
5.37840e-04,1.07,1.03
5.37920e-04,1.09,1.09
5.38000e-04,1.09,1.03
5.38080e-04,1.09,1.09
5.38160e-04,1.07,1.03
5.38240e-04,1.07,1.09
5.38320e-04,1.07,1.03
5.38400e-04,1.07,1.09
5.38480e-04,1.07,1.03
5.38560e-04,1.05,1.09
5.38640e-04,1.07,1.03
5.38720e-04,1.05,1.09
5.38800e-04,1.05,1.03
5.38880e-04,1.07,1.09
5.38960e-04,1.09,1.03
5.39040e-04,1.07,1.09
5.39120e-04,1.07,1.03
5.39200e-04,1.07,1.09
5.39280e-04,1.07,1.01
5.39360e-04,1.05,1.09
5.39440e-04,1.07,1.03
5.39520e-04,1.07,1.09
5.39600e-04,1.09,1.01
5.39680e-04,1.07,1.09
5.39760e-04,1.05,1.01
5.39840e-04,1.07,1.09
5.39920e-04,1.05,1.01
5.40000e-04,1.05,1.09
5.40080e-04,1.07,1.01
5.40160e-04,1.05,1.09
5.40240e-04,1.05,1.03
5.40320e-04,1.07,1.09
5.40400e-04,1.05,1.03
5.40480e-04,1.07,1.09
5.40560e-04,1.07,1.03
5.40640e-04,1.07,1.09
5.40720e-04,1.07,1.03
5.40800e-04,1.07,1.09
5.40880e-04,1.07,1.01
5.40960e-04,1.07,1.09
5.41040e-04,1.07,1.01
5.41120e-04,1.05,1.09
5.41200e-04,1.07,1.01
5.41280e-04,1.07,1.07
5.41360e-04,1.07,1.03
5.41440e-04,1.05,1.09
5.41520e-04,1.07,1.03
5.41600e-04,1.07,1.09
5.41680e-04,1.05,1.03
5.41760e-04,1.07,1.09
5.41840e-04,1.07,1.01
5.41920e-04,1.07,1.09
5.42000e-04,1.07,1.03
5.42080e-04,1.07,1.09
5.42160e-04,1.07,1.01
5.42240e-04,1.07,1.09
5.42320e-04,1.07,1.03
5.42400e-04,1.05,1.09
5.42480e-04,1.07,1.01
5.42560e-04,1.07,1.09
5.42640e-04,1.07,1.01
5.42720e-04,1.07,1.09
5.42800e-04,1.07,1.01
5.42880e-04,1.07,1.07
5.42960e-04,1.05,1.03
5.43040e-04,1.05,1.09
5.43120e-04,1.07,1.01
5.43200e-04,1.07,1.09
5.43280e-04,1.07,1.01
5.43360e-04,1.07,1.09
5.43440e-04,1.07,1.03
5.43520e-04,1.07,1.09
5.43600e-04,1.07,1.03
5.43680e-04,1.05,1.09
5.43760e-04,1.07,1.03
5.43840e-04,1.07,1.09
5.43920e-04,1.07,1.03
5.44000e-04,1.07,1.09
5.44080e-04,1.07,1.03
5.44160e-04,1.07,1.09
5.44240e-04,1.07,1.03
5.44320e-04,1.07,1.09
5.44400e-04,1.07,1.03
5.44480e-04,1.07,1.09
5.44560e-04,1.07,1.03
5.44640e-04,1.07,1.09
5.44720e-04,1.07,1.03
5.44800e-04,1.07,1.09
5.44880e-04,1.07,1.03
5.44960e-04,1.07,1.11
5.45040e-04,1.07,1.01
5.45120e-04,1.07,1.09
5.45200e-04,1.11,1.01
5.45280e-04,1.07,1.09
5.45360e-04,1.09,1.03
5.45440e-04,1.07,1.11
5.45520e-04,1.07,1.03
5.45600e-04,1.09,1.09
5.45680e-04,1.07,1.03
5.45760e-04,1.09,1.09
5.45840e-04,1.07,1.03
5.45920e-04,1.09,1.09
5.46000e-04,1.09,1.03
5.46080e-04,1.07,1.09
5.46160e-04,1.07,1.03
5.46240e-04,1.05,1.09
5.46320e-04,1.07,1.01
5.46400e-04,1.05,1.07
5.46480e-04,1.05,1.01
5.46560e-04,1.07,1.07
5.46640e-04,1.07,1.01
5.46720e-04,1.09,1.07
5.46800e-04,1.07,1.01
5.46880e-04,1.09,1.09
5.46960e-04,1.09,1.03
5.47040e-04,1.09,1.09
5.47120e-04,1.07,1.05
5.47200e-04,1.09,1.13
5.47280e-04,1.07,1.03
5.47360e-04,1.07,1.11
5.47440e-04,1.07,1.03
5.47520e-04,1.09,1.11
5.47600e-04,1.07,1.03
5.47680e-04,1.07,1.09
5.47760e-04,1.09,1.03
5.47840e-04,1.07,1.09
5.47920e-04,1.07,1.03
5.48000e-04,1.09,1.09
5.48080e-04,1.07,1.03
5.48160e-04,1.09,1.09
5.48240e-04,1.09,1.03
5.48320e-04,1.09,1.09
5.48400e-04,1.09,1.03
5.48480e-04,1.07,1.09
5.48560e-04,1.07,1.03
5.48640e-04,1.09,1.09
5.48720e-04,1.07,1.03
5.48800e-04,1.09,1.11
5.48880e-04,1.07,1.03
5.48960e-04,1.07,1.09
5.49040e-04,1.09,1.03
5.49120e-04,1.07,1.09
5.49200e-04,1.09,1.03
5.49280e-04,1.09,1.09
5.49360e-04,1.09,1.03
5.49440e-04,1.09,1.09
5.49520e-04,1.07,1.05
5.49600e-04,1.07,1.11
5.49680e-04,1.07,1.03
5.49760e-04,1.07,1.09
5.49840e-04,1.07,1.03
5.49920e-04,1.07,1.11
5.50000e-04,1.09,1.03
5.50080e-04,1.07,1.11
5.50160e-04,1.07,1.03
5.50240e-04,1.07,1.11
5.50320e-04,1.09,1.03
5.50400e-04,1.09,1.11
5.50480e-04,1.07,1.05
5.50560e-04,1.07,1.09
5.50640e-04,1.09,1.03
5.50720e-04,1.07,1.09
5.50800e-04,1.09,1.03
5.50880e-04,1.09,1.09
5.50960e-04,1.09,1.03
5.51040e-04,1.07,1.09
5.51120e-04,1.09,1.03
5.51200e-04,1.09,1.09
5.51280e-04,1.07,1.03
5.51360e-04,1.07,1.09
5.51440e-04,1.07,1.03
5.51520e-04,1.07,1.11
5.51600e-04,1.09,1.05
5.51680e-04,1.07,1.11
5.51760e-04,1.09,1.03
5.51840e-04,1.09,1.11
5.51920e-04,1.07,1.03
5.52000e-04,1.07,1.09
5.52080e-04,1.07,1.03
5.52160e-04,1.07,1.09
5.52240e-04,1.07,1.03
5.52320e-04,1.09,1.11
5.52400e-04,1.07,1.03
5.52480e-04,1.09,1.09
5.52560e-04,1.09,1.03
5.52640e-04,1.07,1.11
5.52720e-04,1.07,1.03
5.52800e-04,1.09,1.09
5.52880e-04,1.07,1.03
5.52960e-04,1.09,1.09
5.53040e-04,1.09,1.03
5.53120e-04,1.07,1.11
5.53200e-04,1.07,1.03
5.53280e-04,1.07,1.09
5.53360e-04,1.07,1.03
5.53440e-04,1.09,1.09
5.53520e-04,1.07,1.03
5.53600e-04,1.07,1.11
5.53680e-04,1.07,1.03
5.53760e-04,1.09,1.09
5.53840e-04,1.07,1.03
5.53920e-04,1.09,1.09
5.54000e-04,1.09,1.03
5.54080e-04,1.07,1.09
5.54160e-04,1.07,1.03
5.54240e-04,1.07,1.09
5.54320e-04,1.09,1.03
5.54400e-04,1.07,1.09
5.54480e-04,1.09,1.03
5.54560e-04,1.09,1.09
5.54640e-04,1.09,1.03
5.54720e-04,1.07,1.09
5.54800e-04,1.09,1.03
5.54880e-04,1.09,1.09
5.54960e-04,1.07,1.03
5.55040e-04,1.09,1.09
5.55120e-04,1.09,1.03
5.55200e-04,1.07,1.09
5.55280e-04,1.09,1.03
5.55360e-04,1.07,1.09
5.55440e-04,1.07,1.03
5.55520e-04,1.07,1.09
5.55600e-04,1.07,1.03
5.55680e-04,1.07,1.09
5.55760e-04,1.09,1.03
5.55840e-04,1.05,1.09
5.55920e-04,1.07,1.03
5.56000e-04,1.09,1.09
5.56080e-04,1.07,1.03
5.56160e-04,1.07,1.09
5.56240e-04,1.07,1.03
5.56320e-04,1.09,1.09
5.56400e-04,1.07,1.03
5.56480e-04,1.09,1.09
5.56560e-04,1.09,1.03
5.56640e-04,1.07,1.09
5.56720e-04,1.07,1.05
5.56800e-04,1.07,1.09
5.56880e-04,1.09,1.03
5.56960e-04,1.09,1.09
5.57040e-04,1.07,1.03
5.57120e-04,1.07,1.09
5.57200e-04,1.07,1.05
5.57280e-04,1.07,1.11
5.57360e-04,1.09,1.05
5.57440e-04,1.09,1.09
5.57520e-04,1.07,1.03
5.57600e-04,1.09,1.11
5.57680e-04,1.05,1.03
5.57760e-04,1.09,1.11
5.57840e-04,1.07,1.03
5.57920e-04,1.09,1.09
5.58000e-04,1.07,1.01
5.58080e-04,1.09,1.09
5.58160e-04,1.09,1.03
5.58240e-04,1.07,1.09
5.58320e-04,1.09,1.03
5.58400e-04,1.07,1.09
5.58480e-04,1.09,1.03
5.58560e-04,1.09,1.09
5.58640e-04,1.09,1.01
5.58720e-04,1.09,1.11
5.58800e-04,1.07,1.03
5.58880e-04,1.09,1.11
5.58960e-04,1.09,1.03
5.59040e-04,1.09,1.09
5.59120e-04,1.09,1.03
5.59200e-04,1.07,1.11
5.59280e-04,1.09,1.03
5.59360e-04,1.07,1.11
5.59440e-04,1.09,1.03
5.59520e-04,1.07,1.09
5.59600e-04,1.09,1.05
5.59680e-04,1.07,1.11
5.59760e-04,1.07,1.03
5.59840e-04,1.09,1.09
5.59920e-04,1.07,1.03
5.60000e-04,1.09,1.09
5.60080e-04,1.09,1.03
5.60160e-04,1.09,1.09
5.60240e-04,1.07,1.03
5.60320e-04,1.11,1.09
5.60400e-04,1.09,1.03
5.60480e-04,1.09,1.11
5.60560e-04,1.09,1.03
5.60640e-04,1.09,1.11
5.60720e-04,1.09,1.03
5.60800e-04,1.07,1.09
5.60880e-04,1.09,1.03
5.60960e-04,1.07,1.11
5.61040e-04,1.09,1.03
5.61120e-04,1.09,1.09
5.61200e-04,1.09,1.03
5.61280e-04,1.09,1.09
5.61360e-04,1.07,1.03
5.61440e-04,1.07,1.09
5.61520e-04,1.07,1.03
5.61600e-04,1.09,1.09
5.61680e-04,1.07,1.03
5.61760e-04,1.09,1.11
5.61840e-04,1.07,1.05
5.61920e-04,1.07,1.09
5.62000e-04,1.09,1.03
5.62080e-04,1.07,1.11
5.62160e-04,1.07,1.03
5.62240e-04,1.07,1.09
5.62320e-04,1.07,1.03
5.62400e-04,1.07,1.11
5.62480e-04,1.09,1.03
5.62560e-04,1.09,1.11
5.62640e-04,1.09,1.03
5.62720e-04,1.07,1.09
5.62800e-04,1.09,1.03
5.62880e-04,1.07,1.11
5.62960e-04,1.05,1.03
5.63040e-04,1.07,1.09
5.63120e-04,1.07,1.03
5.63200e-04,1.09,1.09
5.63280e-04,1.09,1.03
5.63360e-04,1.07,1.09
5.63440e-04,1.09,1.05
5.63520e-04,1.09,1.09
5.63600e-04,1.07,1.03
5.63680e-04,1.09,1.09
5.63760e-04,1.07,1.03
5.63840e-04,1.07,1.09
5.63920e-04,1.09,1.03
5.64000e-04,1.09,1.09
5.64080e-04,1.07,1.03
5.64160e-04,1.07,1.11
5.64240e-04,1.07,1.03
5.64320e-04,1.09,1.09
5.64400e-04,1.07,1.03
5.64480e-04,1.05,1.09
5.64560e-04,1.07,1.03
5.64640e-04,1.07,1.09
5.64720e-04,1.11,1.03
5.64800e-04,1.09,1.09
5.64880e-04,1.09,1.03
5.64960e-04,1.07,1.11
5.65040e-04,1.09,1.03
5.65120e-04,1.09,1.09
5.65200e-04,1.09,1.03
5.65280e-04,1.07,1.09
5.65360e-04,1.07,1.03
5.65440e-04,1.07,1.13
5.65520e-04,1.07,1.03
5.65600e-04,1.07,1.09
5.65680e-04,1.07,1.03
5.65760e-04,1.09,1.09
5.65840e-04,1.09,1.03
5.65920e-04,1.07,1.09
5.66000e-04,1.07,1.03
5.66080e-04,1.07,1.09
5.66160e-04,1.07,1.03
5.66240e-04,1.07,1.09
5.66320e-04,1.07,1.03
5.66400e-04,1.07,1.09
5.66480e-04,1.09,1.03
5.66560e-04,1.07,1.09
5.66640e-04,1.07,1.03
5.66720e-04,1.07,1.09
5.66800e-04,1.07,1.03
5.66880e-04,1.09,1.09
5.66960e-04,1.07,1.03
5.67040e-04,1.07,1.09
5.67120e-04,1.07,1.03
5.67200e-04,1.07,1.09
5.67280e-04,1.07,1.03
5.67360e-04,1.07,1.09
5.67440e-04,1.09,1.03
5.67520e-04,1.05,1.11
5.67600e-04,1.09,1.03
5.67680e-04,1.07,1.09
5.67760e-04,1.09,1.03
5.67840e-04,1.07,1.09
5.67920e-04,1.09,1.03
5.68000e-04,1.07,1.09
5.68080e-04,1.09,1.03
5.68160e-04,1.09,1.09
5.68240e-04,1.07,1.03
5.68320e-04,1.07,1.09
5.68400e-04,1.07,1.01
5.68480e-04,1.07,1.09
5.68560e-04,1.07,1.03
5.68640e-04,1.07,1.09
5.68720e-04,1.05,1.03
5.68800e-04,1.07,1.09
5.68880e-04,1.07,1.03
5.68960e-04,1.07,1.09
5.69040e-04,1.07,1.03
5.69120e-04,1.07,1.09
5.69200e-04,1.09,1.03
5.69280e-04,1.07,1.09
5.69360e-04,1.07,1.03
5.69440e-04,1.09,1.09
5.69520e-04,1.09,1.03
5.69600e-04,1.07,1.09
5.69680e-04,1.07,1.03
5.69760e-04,1.07,1.09
5.69840e-04,1.07,1.03
5.69920e-04,1.07,1.09
5.70000e-04,1.07,1.03
5.70080e-04,1.07,1.09
5.70160e-04,1.07,1.03
5.70240e-04,1.05,1.09
5.70320e-04,1.07,1.03
5.70400e-04,1.09,1.09
5.70480e-04,1.07,1.01
5.70560e-04,1.07,1.09
5.70640e-04,1.07,1.03
5.70720e-04,1.07,1.09
5.70800e-04,1.07,1.03
5.70880e-04,1.07,1.09
5.70960e-04,1.07,1.01
5.71040e-04,1.09,1.09
5.71120e-04,1.07,1.03
5.71200e-04,1.07,1.09
5.71280e-04,1.05,1.03
5.71360e-04,1.07,1.09
5.71440e-04,1.07,1.03
5.71520e-04,1.07,1.09
5.71600e-04,1.07,1.03
5.71680e-04,1.05,1.09
5.71760e-04,1.07,1.03
5.71840e-04,1.05,1.09
5.71920e-04,1.05,1.03
5.72000e-04,1.07,1.09
5.72080e-04,1.07,1.03
5.72160e-04,1.07,1.09
5.72240e-04,1.07,1.03
5.72320e-04,1.07,1.09
5.72400e-04,1.07,1.01
5.72480e-04,1.07,1.09
5.72560e-04,1.07,1.01
5.72640e-04,1.07,1.09
5.72720e-04,1.07,1.03
5.72800e-04,1.07,1.09
5.72880e-04,1.09,1.03
5.72960e-04,1.09,1.09
5.73040e-04,1.07,1.03
5.73120e-04,1.07,1.09
5.73200e-04,1.07,1.03
5.73280e-04,1.07,1.09
5.73360e-04,1.07,1.03
5.73440e-04,1.07,1.09
5.73520e-04,1.09,1.03
5.73600e-04,1.07,1.09
5.73680e-04,1.07,1.03
5.73760e-04,1.07,1.09
5.73840e-04,1.07,1.03
5.73920e-04,1.09,1.11
5.74000e-04,1.07,1.03
5.74080e-04,1.07,1.09
5.74160e-04,1.07,1.03
5.74240e-04,1.07,1.09
5.74320e-04,1.09,1.03
5.74400e-04,1.07,1.09
5.74480e-04,1.09,1.03
5.74560e-04,1.07,1.09
5.74640e-04,1.09,1.03
5.74720e-04,1.09,1.09
5.74800e-04,1.07,1.03
5.74880e-04,1.07,1.09
5.74960e-04,1.07,1.03
5.75040e-04,1.07,1.09
5.75120e-04,1.07,1.03
5.75200e-04,1.07,1.09
5.75280e-04,1.07,1.03
5.75360e-04,1.07,1.09
5.75440e-04,1.09,1.03
5.75520e-04,1.07,1.09
5.75600e-04,1.09,1.03
5.75680e-04,1.07,1.09
5.75760e-04,1.07,1.03
5.75840e-04,1.07,1.09
5.75920e-04,1.07,1.03
5.76000e-04,1.07,1.09
5.76080e-04,1.07,1.03
5.76160e-04,1.05,1.09
5.76240e-04,1.07,1.03
5.76320e-04,1.07,1.09
5.76400e-04,1.07,1.01
5.76480e-04,1.07,1.09
5.76560e-04,1.07,1.03
5.76640e-04,1.07,1.09
5.76720e-04,1.07,1.03
5.76800e-04,1.07,1.09
5.76880e-04,0.65,1.03
5.76960e-04,1.01,1.09
5.77040e-04,1.03,0.59
5.77120e-04,0.99,1.09
5.77200e-04,0.99,0.91
5.77280e-04,0.99,1.07
5.77360e-04,0.99,0.95
5.77440e-04,1.01,1.01
5.77520e-04,1.03,0.95
5.77600e-04,1.05,1.03
5.77680e-04,1.07,0.99
5.77760e-04,1.09,1.07
5.77840e-04,1.11,1.01
5.77920e-04,1.07,1.09
5.78000e-04,1.09,1.05
5.78080e-04,1.09,1.11
5.78160e-04,1.09,1.05
5.78240e-04,1.07,1.11
5.78320e-04,1.07,1.03
5.78400e-04,1.07,1.09
5.78480e-04,1.05,1.03
5.78560e-04,1.07,1.09
5.78640e-04,1.05,1.01
5.78720e-04,1.07,1.09
5.78800e-04,1.07,1.01
5.78880e-04,1.05,1.09
5.78960e-04,1.05,1.01
5.79040e-04,1.07,1.07
5.79120e-04,1.09,1.03
5.79200e-04,1.05,1.09
5.79280e-04,1.07,1.03
5.79360e-04,1.07,1.09
5.79440e-04,1.05,1.01
5.79520e-04,1.05,1.09
5.79600e-04,1.05,1.01
5.79680e-04,1.03,1.07
5.79760e-04,1.03,1.01
5.79840e-04,1.07,1.09
5.79920e-04,1.03,1.01
5.80000e-04,1.05,1.09
5.80080e-04,1.05,1.01
5.80160e-04,1.07,1.07
5.80240e-04,1.03,1.01
5.80320e-04,1.05,1.07
5.80400e-04,1.05,1.01
5.80480e-04,1.05,1.07
5.80560e-04,1.07,1.01
5.80640e-04,1.05,1.09
5.80720e-04,1.07,1.01
5.80800e-04,1.05,1.09
5.80880e-04,1.05,1.01
5.80960e-04,1.07,1.07
5.81040e-04,1.05,1.01
5.81120e-04,1.07,1.07
5.81200e-04,1.07,1.01
5.81280e-04,1.05,1.07
5.81360e-04,1.03,1.01
5.81440e-04,1.07,1.09
5.81520e-04,1.05,1.01
5.81600e-04,1.07,1.09
5.81680e-04,1.05,1.03
5.81760e-04,1.07,1.07
5.81840e-04,1.07,1.01
5.81920e-04,1.05,1.07
5.82000e-04,1.05,1.01
5.82080e-04,1.05,1.09
5.82160e-04,1.05,1.01
5.82240e-04,1.07,1.07
5.82320e-04,1.07,1.01
5.82400e-04,1.07,1.09
5.82480e-04,1.05,1.01
5.82560e-04,1.07,1.09
5.82640e-04,1.05,1.01
5.82720e-04,1.07,1.09
5.82800e-04,1.07,1.01
5.82880e-04,1.07,1.09
5.82960e-04,1.07,1.01
5.83040e-04,1.05,1.07
5.83120e-04,1.05,1.03
5.83200e-04,1.07,1.09
5.83280e-04,1.07,1.01
5.83360e-04,1.05,1.09
5.83440e-04,1.05,1.01
5.83520e-04,1.07,1.09
5.83600e-04,1.49,1.01
5.83680e-04,1.09,1.09
5.83760e-04,1.13,1.03
5.83840e-04,1.11,1.53
5.83920e-04,1.13,1.05
5.84000e-04,1.13,1.15
5.84080e-04,1.13,1.09
5.84160e-04,1.11,1.15
5.84240e-04,1.11,1.07
5.84320e-04,1.09,1.15
5.84400e-04,1.07,1.05
5.84480e-04,1.07,1.13
5.84560e-04,1.05,1.03
5.84640e-04,1.03,1.09
5.84720e-04,1.05,1.01
5.84800e-04,1.05,1.07
5.84880e-04,1.05,1.01
5.84960e-04,1.05,1.07
5.85040e-04,1.05,1.01
5.85120e-04,1.05,1.07
5.85200e-04,1.07,1.01
5.85280e-04,1.07,1.07
5.85360e-04,1.07,1.03
5.85440e-04,1.07,1.09
5.85520e-04,1.09,1.03
5.85600e-04,1.05,1.09
5.85680e-04,1.05,1.03
5.85760e-04,1.07,1.09
5.85840e-04,1.07,1.03
5.85920e-04,1.07,1.09
5.86000e-04,1.07,1.01
5.86080e-04,1.05,1.09
5.86160e-04,1.05,1.03
5.86240e-04,1.05,1.09
5.86320e-04,1.07,1.01
5.86400e-04,1.05,1.09
5.86480e-04,1.09,1.01
5.86560e-04,1.07,1.07
5.86640e-04,1.07,1.01
5.86720e-04,1.07,1.09
5.86800e-04,1.05,1.03
5.86880e-04,1.09,1.09
5.86960e-04,1.07,1.03
5.87040e-04,1.05,1.09
5.87120e-04,1.07,1.03
5.87200e-04,1.09,1.09
5.87280e-04,1.07,1.01
5.87360e-04,1.07,1.09
5.87440e-04,1.07,1.01
5.87520e-04,1.07,1.11
5.87600e-04,1.07,1.01
5.87680e-04,1.07,1.09
5.87760e-04,1.07,1.03
5.87840e-04,1.07,1.09
5.87920e-04,1.07,1.03
5.88000e-04,1.09,1.09
5.88080e-04,1.09,1.03
5.88160e-04,1.09,1.09
5.88240e-04,1.09,1.03
5.88320e-04,1.09,1.09
5.88400e-04,1.09,1.03
5.88480e-04,1.07,1.09
5.88560e-04,1.07,1.03
5.88640e-04,1.07,1.09
5.88720e-04,1.07,1.03
5.88800e-04,1.09,1.09
5.88880e-04,1.07,1.03
5.88960e-04,1.07,1.09
5.89040e-04,1.07,1.01
5.89120e-04,1.07,1.09
5.89200e-04,1.07,1.03
5.89280e-04,1.05,1.09
5.89360e-04,1.07,1.03
5.89440e-04,1.07,1.09
5.89520e-04,1.09,1.03
5.89600e-04,1.07,1.09
5.89680e-04,1.07,1.03
5.89760e-04,1.09,1.09
5.89840e-04,1.07,1.03
5.89920e-04,1.07,1.09
5.90000e-04,1.07,1.03
5.90080e-04,1.07,1.09
5.90160e-04,1.07,1.03
5.90240e-04,1.07,1.09
5.90320e-04,1.07,1.03
5.90400e-04,1.07,1.09
5.90480e-04,1.07,1.03
5.90560e-04,1.07,1.09
5.90640e-04,1.07,1.03
5.90720e-04,1.07,1.09
5.90800e-04,1.07,1.03
5.90880e-04,1.07,1.09
5.90960e-04,1.07,1.03
5.91040e-04,1.07,1.09
5.91120e-04,1.07,1.03
5.91200e-04,1.09,1.09
5.91280e-04,1.07,1.03
5.91360e-04,1.07,1.09
5.91440e-04,1.07,1.03
5.91520e-04,1.09,1.09
5.91600e-04,1.07,1.01
5.91680e-04,1.07,1.09
5.91760e-04,1.07,1.01
5.91840e-04,1.05,1.09
5.91920e-04,1.07,1.01
5.92000e-04,1.07,1.09
5.92080e-04,1.07,1.01
5.92160e-04,1.07,1.09
5.92240e-04,1.07,1.01
5.92320e-04,1.07,1.09
5.92400e-04,1.07,1.03
5.92480e-04,1.07,1.09
5.92560e-04,1.07,1.03
5.92640e-04,1.07,1.09
5.92720e-04,1.07,1.03
5.92800e-04,1.07,1.09
5.92880e-04,1.09,1.03
5.92960e-04,1.07,1.09
5.93040e-04,1.07,1.03
5.93120e-04,1.05,1.09
5.93200e-04,1.07,1.01
5.93280e-04,1.07,1.09
5.93360e-04,1.07,1.03
5.93440e-04,1.07,1.09
5.93520e-04,1.07,1.03
5.93600e-04,1.09,1.09
5.93680e-04,1.07,1.03
5.93760e-04,1.07,1.09
5.93840e-04,1.07,1.03
5.93920e-04,1.09,1.09
5.94000e-04,1.09,1.03
5.94080e-04,1.09,1.09
5.94160e-04,1.09,1.03
5.94240e-04,1.07,1.09
5.94320e-04,1.07,1.03
5.94400e-04,1.07,1.09
5.94480e-04,1.09,1.03
5.94560e-04,1.07,1.09
5.94640e-04,1.07,1.03
5.94720e-04,1.05,1.09
5.94800e-04,1.07,1.03
5.94880e-04,1.09,1.11
5.94960e-04,1.07,1.01
5.95040e-04,1.09,1.09
5.95120e-04,1.07,1.03
5.95200e-04,1.09,1.09
5.95280e-04,1.09,1.03
5.95360e-04,1.07,1.09
5.95440e-04,1.07,1.03
5.95520e-04,1.09,1.09
5.95600e-04,1.09,1.03
5.95680e-04,1.07,1.09
5.95760e-04,1.07,1.03
5.95840e-04,1.07,1.09
5.95920e-04,1.07,1.03
5.96000e-04,1.07,1.09
5.96080e-04,1.07,1.03
5.96160e-04,1.07,1.09
5.96240e-04,1.07,1.03
5.96320e-04,1.09,1.09
5.96400e-04,1.05,1.03
5.96480e-04,1.09,1.11
5.96560e-04,1.07,1.03
5.96640e-04,1.07,1.09
5.96720e-04,1.11,1.01
5.96800e-04,1.07,1.09
5.96880e-04,1.09,1.03
5.96960e-04,1.07,1.11
5.97040e-04,1.09,1.03
5.97120e-04,1.07,1.09
5.97200e-04,1.09,1.03
5.97280e-04,1.09,1.09
5.97360e-04,1.07,1.03
5.97440e-04,1.09,1.09
5.97520e-04,1.07,1.03
5.97600e-04,1.09,1.09
5.97680e-04,1.09,1.03
5.97760e-04,1.07,1.11
5.97840e-04,1.09,1.03
5.97920e-04,1.07,1.09
5.98000e-04,1.09,1.03
5.98080e-04,1.09,1.09
5.98160e-04,1.07,1.03
5.98240e-04,1.07,1.09
5.98320e-04,1.09,1.03
5.98400e-04,1.07,1.09
5.98480e-04,1.07,1.03
5.98560e-04,1.07,1.09
5.98640e-04,1.07,1.03
5.98720e-04,1.07,1.09
5.98800e-04,1.07,1.03
5.98880e-04,1.09,1.09
5.98960e-04,1.07,1.03
5.99040e-04,1.07,1.09
5.99120e-04,1.09,1.05
5.99200e-04,1.07,1.11
5.99280e-04,1.09,1.03
5.99360e-04,1.07,1.09
5.99440e-04,1.11,1.05
5.99520e-04,1.09,1.11
5.99600e-04,1.07,1.05
5.99680e-04,1.09,1.11
5.99760e-04,1.11,1.03
5.99840e-04,1.07,1.09
5.99920e-04,1.09,1.03
6.00000e-04,1.07,1.11
6.00080e-04,1.07,1.03
6.00160e-04,1.07,1.09
6.00240e-04,1.07,1.03
6.00320e-04,1.09,1.09
6.00400e-04,1.09,1.03
6.00480e-04,1.09,1.09
6.00560e-04,1.09,1.03
6.00640e-04,1.09,1.09
6.00720e-04,1.07,1.03
6.00800e-04,1.07,1.09
6.00880e-04,1.09,1.03
6.00960e-04,1.09,1.11
6.01040e-04,1.09,1.03
6.01120e-04,1.09,1.11
6.01200e-04,1.07,1.03
6.01280e-04,1.09,1.09
6.01360e-04,1.07,1.03
6.01440e-04,1.07,1.09
6.01520e-04,1.09,1.03
6.01600e-04,1.09,1.09
6.01680e-04,1.07,1.03
6.01760e-04,1.09,1.11
6.01840e-04,1.09,1.03
6.01920e-04,1.09,1.09
6.02000e-04,1.07,1.03
6.02080e-04,1.05,1.09
6.02160e-04,1.07,1.03
6.02240e-04,1.07,1.09
6.02320e-04,1.09,1.01
6.02400e-04,1.09,1.11
6.02480e-04,1.07,1.03
6.02560e-04,1.07,1.09
6.02640e-04,1.09,1.03
6.02720e-04,1.07,1.09
6.02800e-04,1.07,1.03
6.02880e-04,1.09,1.09
6.02960e-04,1.07,1.03
6.03040e-04,1.07,1.09
6.03120e-04,1.07,1.03
6.03200e-04,1.09,1.09
6.03280e-04,1.07,1.03
6.03360e-04,1.09,1.11
6.03440e-04,1.07,1.03
6.03520e-04,1.07,1.09
6.03600e-04,1.09,1.03
6.03680e-04,1.09,1.09
6.03760e-04,1.09,1.03
6.03840e-04,1.09,1.09
6.03920e-04,1.07,1.03
6.04000e-04,1.05,1.11
6.04080e-04,1.09,1.03
6.04160e-04,1.07,1.09
6.04240e-04,1.07,1.03
6.04320e-04,1.07,1.09
6.04400e-04,1.07,1.03
6.04480e-04,1.07,1.09
6.04560e-04,1.07,1.03
6.04640e-04,1.07,1.09
6.04720e-04,1.07,1.03
6.04800e-04,1.07,1.09
6.04880e-04,1.07,1.03
6.04960e-04,1.09,1.11
6.05040e-04,1.09,1.03
6.05120e-04,1.07,1.09
6.05200e-04,1.09,1.03
6.05280e-04,1.07,1.09
6.05360e-04,1.09,1.03
6.05440e-04,1.09,1.09
6.05520e-04,1.09,1.03
6.05600e-04,1.09,1.11
6.05680e-04,1.09,1.03
6.05760e-04,1.09,1.11
6.05840e-04,1.09,1.03
6.05920e-04,1.07,1.09
6.06000e-04,1.07,1.03
6.06080e-04,1.09,1.09
6.06160e-04,1.07,1.03
6.06240e-04,1.07,1.09
6.06320e-04,1.07,1.03
6.06400e-04,1.07,1.09
6.06480e-04,1.07,1.03
6.06560e-04,1.07,1.09
6.06640e-04,1.07,1.03
6.06720e-04,1.09,1.09
6.06800e-04,1.07,1.03
6.06880e-04,1.07,1.09
6.06960e-04,1.09,1.03
6.07040e-04,1.07,1.09
6.07120e-04,1.09,1.03
6.07200e-04,1.07,1.09
6.07280e-04,1.07,1.03
6.07360e-04,1.07,1.09
6.07440e-04,1.09,1.03
6.07520e-04,1.09,1.09
6.07600e-04,1.07,1.03
6.07680e-04,1.07,1.11
6.07760e-04,1.09,1.03
6.07840e-04,1.07,1.09
6.07920e-04,1.09,1.03
6.08000e-04,1.09,1.09
6.08080e-04,1.07,1.03
6.08160e-04,1.07,1.09
6.08240e-04,1.07,1.03
6.08320e-04,1.09,1.09
6.08400e-04,1.09,1.03
6.08480e-04,1.09,1.09
6.08560e-04,1.09,1.03
6.08640e-04,1.07,1.09
6.08720e-04,1.07,1.03
6.08800e-04,1.09,1.09
6.08880e-04,1.07,1.03
6.08960e-04,1.09,1.09
6.09040e-04,1.07,1.03
6.09120e-04,1.07,1.09
6.09200e-04,1.09,1.03
6.09280e-04,1.07,1.09
6.09360e-04,1.07,1.03
6.09440e-04,1.09,1.11
6.09520e-04,1.11,1.01
6.09600e-04,1.09,1.09
6.09680e-04,1.09,1.03
6.09760e-04,1.09,1.11
6.09840e-04,1.07,1.03
6.09920e-04,1.09,1.11
6.10000e-04,1.07,1.03
6.10080e-04,1.09,1.11
6.10160e-04,1.09,1.05
6.10240e-04,1.09,1.11
6.10320e-04,1.09,1.03
6.10400e-04,1.09,1.09
6.10480e-04,1.07,1.03
6.10560e-04,1.07,1.09
6.10640e-04,1.07,1.03
6.10720e-04,1.09,1.09
6.10800e-04,1.05,1.05
6.10880e-04,1.07,1.09
6.10960e-04,1.09,1.05
6.11040e-04,1.07,1.09
6.11120e-04,1.09,1.03
6.11200e-04,1.09,1.09
6.11280e-04,1.09,1.03
6.11360e-04,1.09,1.09
6.11440e-04,1.09,1.05
6.11520e-04,1.07,1.09
6.11600e-04,1.09,1.03
6.11680e-04,1.07,1.09
6.11760e-04,1.09,1.03
6.11840e-04,1.07,1.11
6.11920e-04,1.07,1.03
6.12000e-04,1.09,1.09
6.12080e-04,1.07,1.03
6.12160e-04,1.09,1.09
6.12240e-04,1.09,1.05
6.12320e-04,1.09,1.11
6.12400e-04,1.09,1.03
6.12480e-04,1.09,1.09
6.12560e-04,1.09,1.03
6.12640e-04,1.09,1.09
6.12720e-04,1.09,1.03
6.12800e-04,1.07,1.11
6.12880e-04,1.09,1.03
6.12960e-04,1.07,1.09
6.13040e-04,1.09,1.03
6.13120e-04,1.07,1.11
6.13200e-04,1.07,1.03
6.13280e-04,1.09,1.09
6.13360e-04,1.07,1.03
6.13440e-04,1.07,1.09
6.13520e-04,1.07,1.03
6.13600e-04,1.07,1.09
6.13680e-04,1.07,1.03
6.13760e-04,1.07,1.09
6.13840e-04,1.09,1.03
6.13920e-04,1.09,1.09
6.14000e-04,1.09,1.03
6.14080e-04,1.07,1.09
6.14160e-04,1.07,1.03
6.14240e-04,1.07,1.09
6.14320e-04,1.09,1.03
6.14400e-04,1.09,1.09
6.14480e-04,1.07,1.03
6.14560e-04,1.07,1.09
6.14640e-04,1.07,1.03
6.14720e-04,1.07,1.11
6.14800e-04,1.09,1.03
6.14880e-04,1.07,1.09
6.14960e-04,1.07,1.03
6.15040e-04,1.09,1.09
6.15120e-04,1.07,1.03
6.15200e-04,1.07,1.11
6.15280e-04,1.07,1.03
6.15360e-04,1.07,1.09
6.15440e-04,1.07,1.03
6.15520e-04,1.07,1.09
6.15600e-04,1.09,1.03
6.15680e-04,1.09,1.09
6.15760e-04,1.07,1.03
6.15840e-04,1.07,1.09
6.15920e-04,1.07,1.03
6.16000e-04,1.07,1.09
6.16080e-04,1.07,1.03
6.16160e-04,1.07,1.09
6.16240e-04,1.07,1.03
6.16320e-04,1.07,1.11
6.16400e-04,1.07,1.03
6.16480e-04,1.07,1.09
6.16560e-04,1.09,1.03
6.16640e-04,1.07,1.09
6.16720e-04,1.07,1.03
6.16800e-04,1.07,1.09
6.16880e-04,1.07,1.03
6.16960e-04,1.09,1.09
6.17040e-04,1.07,1.03
6.17120e-04,1.07,1.09
6.17200e-04,1.07,1.03
6.17280e-04,1.07,1.09
6.17360e-04,1.09,1.01
6.17440e-04,1.09,1.09
6.17520e-04,1.09,1.01
6.17600e-04,1.07,1.11
6.17680e-04,1.07,1.03
6.17760e-04,1.07,1.09
6.17840e-04,1.05,1.03
6.17920e-04,1.07,1.09
6.18000e-04,1.09,1.03
6.18080e-04,1.07,1.09
6.18160e-04,1.07,1.03
6.18240e-04,1.07,1.09
6.18320e-04,1.07,1.03
6.18400e-04,1.07,1.09
6.18480e-04,1.09,1.03
6.18560e-04,1.07,1.09
6.18640e-04,1.07,1.03
6.18720e-04,1.07,1.09
6.18800e-04,1.07,1.03
6.18880e-04,1.07,1.09
6.18960e-04,1.05,1.03
6.19040e-04,1.07,1.09
6.19120e-04,1.05,1.03
6.19200e-04,1.07,1.09
6.19280e-04,1.07,1.03
6.19360e-04,1.07,1.09
6.19440e-04,1.09,1.03
6.19520e-04,1.07,1.09
6.19600e-04,1.09,1.03
6.19680e-04,1.07,1.09
6.19760e-04,1.09,1.03
6.19840e-04,1.09,1.09
6.19920e-04,1.07,1.03
6.20000e-04,1.07,1.09
6.20080e-04,1.07,1.03
6.20160e-04,1.07,1.09
6.20240e-04,1.07,1.03
6.20320e-04,1.07,1.09
6.20400e-04,1.07,1.03
6.20480e-04,1.09,1.09
6.20560e-04,1.07,1.03
6.20640e-04,1.07,1.09
6.20720e-04,1.07,1.03
6.20800e-04,1.07,1.09
6.20880e-04,1.07,1.03
6.20960e-04,1.09,1.09
6.21040e-04,1.07,1.03
6.21120e-04,1.07,1.09
6.21200e-04,1.09,1.03
6.21280e-04,1.07,1.09
6.21360e-04,1.09,1.03
6.21440e-04,1.09,1.09
6.21520e-04,1.09,1.03
6.21600e-04,1.09,1.09
6.21680e-04,1.07,1.05
6.21760e-04,1.07,1.11
6.21840e-04,1.07,1.05
6.21920e-04,1.07,1.09
6.22000e-04,1.09,1.03
6.22080e-04,1.07,1.09
6.22160e-04,1.09,1.03
6.22240e-04,1.07,1.09
6.22320e-04,1.09,1.03
6.22400e-04,1.07,1.09
6.22480e-04,1.09,1.03
6.22560e-04,1.09,1.09
6.22640e-04,1.09,1.03
6.22720e-04,1.07,1.09
6.22800e-04,1.07,1.03
6.22880e-04,1.09,1.09
6.22960e-04,1.07,1.03
6.23040e-04,1.07,1.09
6.23120e-04,1.07,1.03
6.23200e-04,1.07,1.09
6.23280e-04,1.07,1.03
6.23360e-04,1.05,1.09
6.23440e-04,1.07,1.03
6.23520e-04,1.05,1.09
6.23600e-04,1.07,1.03
6.23680e-04,1.07,1.09
6.23760e-04,1.07,1.03
6.23840e-04,1.07,1.09
6.23920e-04,1.07,1.03
6.24000e-04,1.07,1.09
6.24080e-04,1.05,1.03
6.24160e-04,1.07,1.09
6.24240e-04,1.09,1.03
6.24320e-04,1.05,1.09
6.24400e-04,1.09,1.03
6.24480e-04,1.09,1.09
6.24560e-04,1.09,1.03
6.24640e-04,1.09,1.09
6.24720e-04,1.07,1.03
6.24800e-04,1.07,1.11
6.24880e-04,1.07,1.03
6.24960e-04,1.07,1.09
6.25040e-04,1.07,1.03
6.25120e-04,1.05,1.09
6.25200e-04,1.09,1.01
6.25280e-04,1.07,1.09
6.25360e-04,1.07,1.03
6.25440e-04,1.07,1.09
6.25520e-04,1.07,1.03
6.25600e-04,1.07,1.09
6.25680e-04,1.07,1.03
6.25760e-04,1.07,1.09
6.25840e-04,1.07,1.03
6.25920e-04,1.07,1.09
6.26000e-04,1.07,1.03
6.26080e-04,1.07,1.09
6.26160e-04,1.07,1.03
6.26240e-04,1.07,1.09
6.26320e-04,1.07,1.03
6.26400e-04,1.07,1.09
6.26480e-04,1.07,1.01
6.26560e-04,1.09,1.09
6.26640e-04,1.07,1.01
6.26720e-04,1.05,1.09
6.26800e-04,1.05,1.03
6.26880e-04,1.07,1.09
6.26960e-04,0.87,1.01
6.27040e-04,0.95,1.09
6.27120e-04,1.05,0.59
6.27200e-04,0.97,1.07
6.27280e-04,0.99,0.93
6.27360e-04,0.99,1.05
6.27440e-04,0.99,0.95
6.27520e-04,1.03,1.01
6.27600e-04,1.03,0.95
6.27680e-04,1.05,1.03
6.27760e-04,1.05,0.99
6.27840e-04,1.09,1.05
6.27920e-04,1.07,1.01
6.28000e-04,1.09,1.09
6.28080e-04,1.07,1.03
6.28160e-04,1.07,1.11
6.28240e-04,1.07,1.03
6.28320e-04,1.05,1.09
6.28400e-04,1.09,1.03
6.28480e-04,1.07,1.11
6.28560e-04,1.05,1.01
6.28640e-04,1.05,1.09
6.28720e-04,1.07,1.01
6.28800e-04,1.05,1.07
6.28880e-04,1.05,1.01
6.28960e-04,1.05,1.07
6.29040e-04,1.05,1.01
6.29120e-04,1.07,1.07
6.29200e-04,1.05,1.01
6.29280e-04,1.07,1.07
6.29360e-04,1.05,1.01
6.29440e-04,1.05,1.09
6.29520e-04,1.05,1.01
6.29600e-04,1.05,1.07
6.29680e-04,1.05,1.01
6.29760e-04,1.05,1.07
6.29840e-04,1.05,1.01
6.29920e-04,1.05,1.07
6.30000e-04,1.07,1.01
6.30080e-04,1.05,1.07
6.30160e-04,1.05,1.01
6.30240e-04,1.05,1.07
6.30320e-04,1.05,1.01
6.30400e-04,1.07,1.07
6.30480e-04,1.05,1.01
6.30560e-04,1.05,1.07
6.30640e-04,1.05,0.99
6.30720e-04,1.07,1.07
6.30800e-04,1.03,1.01
6.30880e-04,1.05,1.07
6.30960e-04,1.05,1.01
6.31040e-04,1.07,1.07
6.31120e-04,1.05,1.01
6.31200e-04,1.05,1.09
6.31280e-04,1.07,1.01
6.31360e-04,1.05,1.09
6.31440e-04,1.05,1.01
6.31520e-04,1.05,1.07
6.31600e-04,1.05,1.01
6.31680e-04,1.05,1.07
6.31760e-04,1.05,1.01
6.31840e-04,1.05,1.07
6.31920e-04,1.05,1.01
6.32000e-04,1.03,1.07
6.32080e-04,1.03,1.01
6.32160e-04,1.05,1.09
6.32240e-04,1.07,0.99
6.32320e-04,1.05,1.09
6.32400e-04,1.07,1.01
6.32480e-04,1.05,1.09
6.32560e-04,1.07,1.01
6.32640e-04,1.05,1.09
6.32720e-04,1.05,1.01
6.32800e-04,1.03,1.07
6.32880e-04,1.07,1.01
6.32960e-04,1.05,1.09
6.33040e-04,1.07,1.01
6.33120e-04,1.07,1.07
6.33200e-04,1.05,1.01
6.33280e-04,1.07,1.07
6.33360e-04,1.05,1.01
6.33440e-04,1.05,1.07
6.33520e-04,1.05,1.01
6.33600e-04,1.05,1.07
6.33680e-04,1.53,1.01
6.33760e-04,1.11,1.09
6.33840e-04,1.09,1.01
6.33920e-04,1.13,1.55
6.34000e-04,1.13,1.05
6.34080e-04,1.11,1.15
6.34160e-04,1.13,1.09
6.34240e-04,1.09,1.15
6.34320e-04,1.09,1.07
6.34400e-04,1.07,1.15
6.34480e-04,1.07,1.03
6.34560e-04,1.05,1.13
6.34640e-04,1.05,1.01
6.34720e-04,1.03,1.09
6.34800e-04,1.03,0.99
6.34880e-04,1.05,1.07
6.34960e-04,1.05,0.99
6.35040e-04,1.03,1.05
6.35120e-04,1.05,0.99
6.35200e-04,1.05,1.07
6.35280e-04,1.05,1.01
6.35360e-04,1.05,1.07
6.35440e-04,1.07,1.01
6.35520e-04,1.07,1.07
6.35600e-04,1.07,1.01
6.35680e-04,1.05,1.07
6.35760e-04,1.05,1.01
6.35840e-04,1.05,1.07
6.35920e-04,1.05,1.01
6.36000e-04,1.05,1.09
6.36080e-04,1.05,1.01
6.36160e-04,1.07,1.09
6.36240e-04,1.05,1.01
6.36320e-04,1.05,1.07
6.36400e-04,1.07,1.01
6.36480e-04,1.09,1.09
6.36560e-04,1.07,1.01
6.36640e-04,1.07,1.09
6.36720e-04,1.07,1.01
6.36800e-04,1.07,1.09
6.36880e-04,1.07,1.03
6.36960e-04,1.05,1.09
6.37040e-04,1.07,1.01
6.37120e-04,1.05,1.07
6.37200e-04,1.09,1.03
6.37280e-04,1.05,1.09
6.37360e-04,1.05,1.01
6.37440e-04,1.07,1.09
6.37520e-04,1.07,1.01
6.37600e-04,1.07,1.09
6.37680e-04,1.07,1.03
6.37760e-04,1.07,1.09
6.37840e-04,1.07,1.03
6.37920e-04,1.07,1.09
6.38000e-04,1.07,1.03
6.38080e-04,1.07,1.09
6.38160e-04,1.07,1.03
6.38240e-04,1.07,1.09
6.38320e-04,1.07,1.03
6.38400e-04,1.09,1.09
6.38480e-04,1.09,1.03
6.38560e-04,1.07,1.09
6.38640e-04,1.07,1.03
6.38720e-04,1.09,1.09
6.38800e-04,1.07,1.03
6.38880e-04,1.07,1.09
6.38960e-04,1.07,1.03
6.39040e-04,1.05,1.09
6.39120e-04,1.07,1.03
6.39200e-04,1.07,1.09
6.39280e-04,1.07,1.03
6.39360e-04,1.07,1.09
6.39440e-04,1.05,1.01
6.39520e-04,1.05,1.09
6.39600e-04,1.05,1.01
6.39680e-04,1.05,1.11
6.39760e-04,1.07,1.01
6.39840e-04,1.07,1.09
6.39920e-04,1.07,1.01
6.40000e-04,1.07,1.09
6.40080e-04,1.05,1.03
6.40160e-04,1.07,1.09
6.40240e-04,1.05,1.01
6.40320e-04,1.07,1.07
6.40400e-04,1.07,1.01
6.40480e-04,1.07,1.09
6.40560e-04,1.05,1.03
6.40640e-04,1.07,1.09
6.40720e-04,1.07,1.03
6.40800e-04,1.07,1.09
6.40880e-04,1.07,1.01
6.40960e-04,1.07,1.09
6.41040e-04,1.09,1.03
6.41120e-04,1.05,1.09
6.41200e-04,1.07,1.03
6.41280e-04,1.09,1.09
6.41360e-04,1.05,1.01
6.41440e-04,1.07,1.09
6.41520e-04,1.07,1.03
6.41600e-04,1.07,1.09
6.41680e-04,1.07,1.01
6.41760e-04,1.07,1.09
6.41840e-04,1.05,1.03
6.41920e-04,1.05,1.09
6.42000e-04,1.07,1.01
6.42080e-04,1.07,1.09
6.42160e-04,1.05,1.03
6.42240e-04,1.07,1.09
6.42320e-04,1.07,1.01
6.42400e-04,1.05,1.09
6.42480e-04,1.07,1.03
6.42560e-04,1.07,1.09
6.42640e-04,1.07,1.03
6.42720e-04,1.07,1.09
6.42800e-04,1.07,1.03
6.42880e-04,1.07,1.09
6.42960e-04,1.07,1.03
6.43040e-04,1.07,1.09
6.43120e-04,1.07,1.03
6.43200e-04,1.07,1.09
6.43280e-04,1.07,1.03
6.43360e-04,1.07,1.09
6.43440e-04,1.07,1.01
6.43520e-04,1.05,1.09
6.43600e-04,1.07,1.03
6.43680e-04,1.05,1.09
6.43760e-04,1.09,1.03
6.43840e-04,1.07,1.09
6.43920e-04,1.05,1.03
6.44000e-04,1.09,1.09
6.44080e-04,1.07,1.01
6.44160e-04,1.07,1.09
6.44240e-04,1.05,1.03
6.44320e-04,1.07,1.09
6.44400e-04,1.07,1.03
6.44480e-04,1.07,1.09
6.44560e-04,1.09,1.03
6.44640e-04,1.07,1.09
6.44720e-04,1.07,1.03
6.44800e-04,1.07,1.09
6.44880e-04,1.07,1.03
6.44960e-04,1.07,1.09
6.45040e-04,1.05,1.01
6.45120e-04,1.07,1.09
6.45200e-04,1.07,1.03
6.45280e-04,1.07,1.09
6.45360e-04,1.05,1.01
6.45440e-04,1.07,1.09
6.45520e-04,1.07,1.03
6.45600e-04,1.09,1.09
6.45680e-04,1.07,1.03
6.45760e-04,1.07,1.09
6.45840e-04,1.07,1.01
6.45920e-04,1.07,1.09
6.46000e-04,1.05,1.03
6.46080e-04,1.07,1.09
6.46160e-04,1.07,1.03
6.46240e-04,1.07,1.09
6.46320e-04,1.07,1.03
6.46400e-04,1.07,1.09
6.46480e-04,1.07,1.03
6.46560e-04,1.07,1.09
6.46640e-04,1.07,1.03
6.46720e-04,1.07,1.09
6.46800e-04,1.07,1.03
6.46880e-04,1.07,1.09
6.46960e-04,1.07,1.03
6.47040e-04,1.09,1.09
6.47120e-04,1.09,1.01
6.47200e-04,1.07,1.09
6.47280e-04,1.05,1.01
6.47360e-04,1.05,1.11
6.47440e-04,1.07,1.03
6.47520e-04,1.07,1.09
6.47600e-04,1.05,1.03
6.47680e-04,1.07,1.09
6.47760e-04,1.09,1.01
6.47840e-04,1.07,1.11
6.47920e-04,1.07,1.03
6.48000e-04,1.05,1.09
6.48080e-04,1.07,1.03
6.48160e-04,1.07,1.09
6.48240e-04,1.09,1.03
6.48320e-04,1.09,1.09
6.48400e-04,1.07,1.03
6.48480e-04,1.09,1.09
6.48560e-04,1.07,1.03
6.48640e-04,1.07,1.09
6.48720e-04,1.07,1.03
6.48800e-04,1.07,1.09
6.48880e-04,1.07,1.03
6.48960e-04,1.07,1.11
6.49040e-04,1.07,1.03
6.49120e-04,1.09,1.09
6.49200e-04,1.09,1.03
6.49280e-04,1.07,1.09
6.49360e-04,1.07,1.01
6.49440e-04,1.07,1.11
6.49520e-04,1.07,1.03
6.49600e-04,1.07,1.09
6.49680e-04,1.07,1.03
6.49760e-04,1.09,1.09
6.49840e-04,1.07,1.03
6.49920e-04,1.09,1.09
6.50000e-04,1.07,1.03
6.50080e-04,1.07,1.09
6.50160e-04,1.09,1.03
6.50240e-04,1.07,1.09
6.50320e-04,1.07,1.03
6.50400e-04,1.07,1.09
6.50480e-04,1.07,1.03
6.50560e-04,1.07,1.09
6.50640e-04,1.07,1.03
6.50720e-04,1.09,1.09
6.50800e-04,1.07,1.03
6.50880e-04,1.09,1.09
6.50960e-04,1.07,1.03
6.51040e-04,1.07,1.09
6.51120e-04,1.07,1.03
6.51200e-04,1.09,1.09
6.51280e-04,1.07,1.03
6.51360e-04,1.07,1.09
6.51440e-04,1.09,1.03
6.51520e-04,1.09,1.09
6.51600e-04,1.09,1.03
6.51680e-04,1.07,1.09
6.51760e-04,1.07,1.03
6.51840e-04,1.07,1.09
6.51920e-04,1.07,1.03
6.52000e-04,1.07,1.09
6.52080e-04,1.09,1.03
6.52160e-04,1.07,1.09
6.52240e-04,1.07,1.03
6.52320e-04,1.07,1.09
6.52400e-04,1.07,1.03
6.52480e-04,1.07,1.09
6.52560e-04,1.09,1.03
6.52640e-04,1.09,1.11
6.52720e-04,1.07,1.03
6.52800e-04,1.07,1.09
6.52880e-04,1.09,1.03
6.52960e-04,1.09,1.09
6.53040e-04,1.07,1.03
6.53120e-04,1.07,1.09
6.53200e-04,1.07,1.03
6.53280e-04,1.07,1.09
6.53360e-04,1.07,1.03
6.53440e-04,1.07,1.09
6.53520e-04,1.07,1.03
6.53600e-04,1.07,1.09
6.53680e-04,1.07,1.03
6.53760e-04,1.09,1.09
6.53840e-04,1.07,1.03
6.53920e-04,1.09,1.09
6.54000e-04,1.09,1.03
6.54080e-04,1.07,1.09
6.54160e-04,1.07,1.03
6.54240e-04,1.07,1.09
6.54320e-04,1.07,1.03
6.54400e-04,1.07,1.09
6.54480e-04,1.09,1.03
6.54560e-04,1.07,1.11
6.54640e-04,1.09,1.01
6.54720e-04,1.09,1.11
6.54800e-04,1.07,1.03
6.54880e-04,1.09,1.09
6.54960e-04,1.07,1.03
6.55040e-04,1.07,1.09
6.55120e-04,1.09,1.03
6.55200e-04,1.07,1.09
6.55280e-04,1.07,1.03
6.55360e-04,1.07,1.09
6.55440e-04,1.09,1.03
6.55520e-04,1.09,1.09
6.55600e-04,1.07,1.03
6.55680e-04,1.07,1.09
6.55760e-04,1.07,1.01
6.55840e-04,1.07,1.09
6.55920e-04,1.07,1.03
6.56000e-04,1.07,1.09
6.56080e-04,1.07,1.03
6.56160e-04,1.07,1.09
6.56240e-04,1.07,1.03
6.56320e-04,1.07,1.09
6.56400e-04,1.07,1.03
6.56480e-04,1.05,1.09
6.56560e-04,1.07,1.03
6.56640e-04,1.07,1.09
6.56720e-04,1.07,1.03
6.56800e-04,1.07,1.09
6.56880e-04,1.07,1.03
6.56960e-04,1.07,1.09
6.57040e-04,1.07,1.01
6.57120e-04,1.07,1.09
6.57200e-04,1.09,1.03
6.57280e-04,1.07,1.09
6.57360e-04,1.07,1.03
6.57440e-04,1.07,1.09
6.57520e-04,1.07,1.03
6.57600e-04,1.07,1.09
6.57680e-04,1.07,1.03
6.57760e-04,1.07,1.09
6.57840e-04,1.07,1.03
6.57920e-04,1.07,1.09
6.58000e-04,1.07,1.03
6.58080e-04,1.05,1.09
6.58160e-04,1.07,1.03
6.58240e-04,1.07,1.09
6.58320e-04,1.07,1.03
6.58400e-04,1.07,1.09
6.58480e-04,1.07,1.03
6.58560e-04,1.07,1.09
6.58640e-04,1.07,1.03
6.58720e-04,1.09,1.09
6.58800e-04,1.07,1.03
6.58880e-04,1.09,1.09
6.58960e-04,1.07,1.03
6.59040e-04,1.07,1.09
6.59120e-04,1.07,1.03
6.59200e-04,1.07,1.09
6.59280e-04,1.07,1.03
6.59360e-04,1.07,1.09
6.59440e-04,1.07,1.01
6.59520e-04,1.09,1.09
6.59600e-04,1.07,1.03
6.59680e-04,1.09,1.09
6.59760e-04,1.07,1.03
6.59840e-04,1.07,1.09
6.59920e-04,1.07,1.03
6.60000e-04,1.07,1.09
6.60080e-04,1.07,1.03
6.60160e-04,1.07,1.09
6.60240e-04,1.05,1.01
6.60320e-04,1.09,1.09
6.60400e-04,1.07,1.03
6.60480e-04,1.07,1.09
6.60560e-04,1.07,1.03
6.60640e-04,1.09,1.09
6.60720e-04,1.07,1.03
6.60800e-04,1.07,1.09
6.60880e-04,1.09,1.03
6.60960e-04,1.07,1.09
6.61040e-04,1.07,1.03
6.61120e-04,1.07,1.09
6.61200e-04,1.09,1.03
6.61280e-04,1.09,1.09
6.61360e-04,1.07,1.03
6.61440e-04,1.09,1.09
6.61520e-04,1.09,1.01
6.61600e-04,1.09,1.09
6.61680e-04,1.09,1.03
6.61760e-04,1.09,1.09
6.61840e-04,1.07,1.03
6.61920e-04,1.07,1.09
6.62000e-04,1.09,1.03
6.62080e-04,1.07,1.09
6.62160e-04,1.07,1.03
6.62240e-04,1.07,1.11
6.62320e-04,1.07,1.03
6.62400e-04,1.09,1.11
6.62480e-04,1.07,1.03
6.62560e-04,1.09,1.09
6.62640e-04,1.09,1.03
6.62720e-04,1.09,1.09
6.62800e-04,1.05,1.01
6.62880e-04,1.09,1.09
6.62960e-04,1.07,1.03
6.63040e-04,1.09,1.09
6.63120e-04,1.07,1.03
6.63200e-04,1.07,1.09
6.63280e-04,1.09,1.03
6.63360e-04,1.07,1.09
6.63440e-04,1.09,1.03
6.63520e-04,1.07,1.09
6.63600e-04,1.07,1.03
6.63680e-04,1.07,1.09
6.63760e-04,1.07,1.03
6.63840e-04,1.07,1.09
6.63920e-04,1.07,1.03
6.64000e-04,1.09,1.09
6.64080e-04,1.05,1.03
6.64160e-04,1.07,1.09
6.64240e-04,1.07,1.03
6.64320e-04,1.09,1.09
6.64400e-04,1.07,1.03
6.64480e-04,1.07,1.09
6.64560e-04,1.07,1.03
6.64640e-04,1.07,1.09
6.64720e-04,1.07,1.03
6.64800e-04,1.07,1.09
6.64880e-04,1.07,1.03
6.64960e-04,1.07,1.09
6.65040e-04,1.07,1.03
6.65120e-04,1.07,1.09
6.65200e-04,1.07,1.03
6.65280e-04,1.07,1.09
6.65360e-04,1.07,1.03
6.65440e-04,1.07,1.09
6.65520e-04,1.07,1.01
6.65600e-04,1.07,1.09
6.65680e-04,1.07,1.03
6.65760e-04,1.07,1.09
6.65840e-04,1.07,1.03
6.65920e-04,1.07,1.09
6.66000e-04,1.07,1.01
6.66080e-04,1.07,1.09
6.66160e-04,1.05,1.03
6.66240e-04,1.07,1.09
6.66320e-04,1.07,1.03
6.66400e-04,1.07,1.09
6.66480e-04,1.07,1.03
6.66560e-04,1.07,1.09
6.66640e-04,1.07,1.03
6.66720e-04,1.07,1.09
6.66800e-04,1.07,1.03
6.66880e-04,1.07,1.09
6.66960e-04,1.07,1.03
6.67040e-04,1.09,1.09
6.67120e-04,1.07,1.01
6.67200e-04,1.09,1.09
6.67280e-04,1.05,1.03
6.67360e-04,1.09,1.09
6.67440e-04,1.07,1.03
6.67520e-04,1.07,1.11
6.67600e-04,1.07,1.03
6.67680e-04,1.07,1.09
6.67760e-04,1.07,1.01
6.67840e-04,1.07,1.09
6.67920e-04,1.07,1.03
6.68000e-04,1.09,1.09
6.68080e-04,1.09,1.01
6.68160e-04,1.07,1.09
6.68240e-04,1.07,1.03
6.68320e-04,1.07,1.09
6.68400e-04,1.07,1.03
6.68480e-04,1.07,1.09
6.68560e-04,1.07,1.03
6.68640e-04,1.07,1.09
6.68720e-04,1.07,1.01
6.68800e-04,1.07,1.09
6.68880e-04,1.07,1.03
6.68960e-04,1.07,1.09
6.69040e-04,1.09,1.01
6.69120e-04,1.07,1.09
6.69200e-04,1.07,1.03
6.69280e-04,1.07,1.09
6.69360e-04,1.09,1.03
6.69440e-04,1.09,1.09
6.69520e-04,1.07,1.01
6.69600e-04,1.07,1.09
6.69680e-04,1.05,1.01
6.69760e-04,1.07,1.11
6.69840e-04,1.07,1.03
6.69920e-04,1.05,1.09
6.70000e-04,1.07,1.01
6.70080e-04,1.09,1.09
6.70160e-04,1.09,1.03
6.70240e-04,1.05,1.09
6.70320e-04,1.07,1.03
6.70400e-04,1.07,1.09
6.70480e-04,1.07,1.01
6.70560e-04,1.05,1.09
6.70640e-04,1.07,1.03
6.70720e-04,1.07,1.09
6.70800e-04,1.07,1.01
6.70880e-04,1.07,1.09
6.70960e-04,1.07,1.03
6.71040e-04,1.07,1.09
6.71120e-04,1.07,1.03
6.71200e-04,1.07,1.09
6.71280e-04,1.07,1.03
6.71360e-04,1.07,1.09
6.71440e-04,1.07,1.03
6.71520e-04,1.09,1.09
6.71600e-04,1.07,1.03
6.71680e-04,1.07,1.09
6.71760e-04,1.09,1.03
6.71840e-04,1.07,1.09
6.71920e-04,1.05,1.01
6.72000e-04,1.07,1.11
6.72080e-04,1.05,1.01
6.72160e-04,1.07,1.09
6.72240e-04,1.07,1.03
6.72320e-04,1.07,1.09
6.72400e-04,1.07,1.03
6.72480e-04,1.07,1.09
6.72560e-04,1.07,1.03
6.72640e-04,1.07,1.09
6.72720e-04,1.07,1.03
6.72800e-04,1.07,1.09
6.72880e-04,1.07,1.03
6.72960e-04,1.07,1.09
6.73040e-04,1.09,1.03
6.73120e-04,1.07,1.09
6.73200e-04,1.07,1.03
6.73280e-04,1.07,1.09
6.73360e-04,1.05,1.03
6.73440e-04,1.07,1.09
6.73520e-04,1.07,1.01
6.73600e-04,1.07,1.09
6.73680e-04,1.07,1.01
6.73760e-04,1.07,1.09
6.73840e-04,1.07,1.01
6.73920e-04,1.07,1.09
6.74000e-04,1.09,1.03
6.74080e-04,1.07,1.09
6.74160e-04,1.07,1.03
6.74240e-04,1.07,1.09
6.74320e-04,1.07,1.01
6.74400e-04,1.07,1.09
6.74480e-04,1.07,1.03
6.74560e-04,1.09,1.09
6.74640e-04,1.07,1.03
6.74720e-04,1.07,1.09
6.74800e-04,1.05,1.03
6.74880e-04,1.07,1.09
6.74960e-04,1.07,1.03
6.75040e-04,1.07,1.09
6.75120e-04,1.05,1.03
6.75200e-04,1.07,1.09
6.75280e-04,1.07,1.01
6.75360e-04,1.07,1.07
6.75440e-04,1.07,1.01
6.75520e-04,1.07,1.09
6.75600e-04,1.05,1.01
6.75680e-04,1.05,1.09
6.75760e-04,1.07,1.03
6.75840e-04,1.07,1.07
6.75920e-04,1.07,1.03
6.76000e-04,1.07,1.09
6.76080e-04,1.07,1.01
6.76160e-04,1.07,1.07
6.76240e-04,1.07,1.01
6.76320e-04,1.07,1.09
6.76400e-04,1.07,1.01
6.76480e-04,1.07,1.09
6.76560e-04,1.07,1.03
6.76640e-04,1.07,1.09
6.76720e-04,1.07,1.01
6.76800e-04,1.05,1.09
6.76880e-04,1.05,1.01
6.76960e-04,0.97,1.09
6.77040e-04,0.99,0.97
6.77120e-04,1.01,1.09
6.77200e-04,1.01,0.59
6.77280e-04,0.99,1.03
6.77360e-04,0.99,0.95
6.77440e-04,0.99,1.05
6.77520e-04,1.01,0.93
6.77600e-04,1.01,1.01
6.77680e-04,1.03,0.95
6.77760e-04,1.07,1.03
6.77840e-04,1.07,0.99
6.77920e-04,1.07,1.07
6.78000e-04,1.11,1.03
6.78080e-04,1.05,1.09
6.78160e-04,1.09,1.03
6.78240e-04,1.07,1.11
6.78320e-04,1.07,1.03
6.78400e-04,1.07,1.11
6.78480e-04,1.07,1.03
6.78560e-04,1.05,1.11
6.78640e-04,1.05,1.01
6.78720e-04,1.07,1.09
6.78800e-04,1.07,1.01
6.78880e-04,1.05,1.07
6.78960e-04,1.05,0.99
6.79040e-04,1.05,1.07
6.79120e-04,1.05,1.01
6.79200e-04,1.05,1.09
6.79280e-04,1.07,1.01
6.79360e-04,1.05,1.07
6.79440e-04,1.05,1.01
6.79520e-04,1.07,1.07
6.79600e-04,1.07,1.01
6.79680e-04,1.05,1.07
6.79760e-04,1.05,1.01
6.79840e-04,1.05,1.09
6.79920e-04,1.03,1.01
6.80000e-04,1.05,1.07
6.80080e-04,1.07,1.01
6.80160e-04,1.05,1.07
6.80240e-04,1.05,1.01
6.80320e-04,1.05,1.07
6.80400e-04,1.05,1.01
6.80480e-04,1.05,1.07
6.80560e-04,1.05,1.01
6.80640e-04,1.03,1.07
6.80720e-04,1.05,1.01
6.80800e-04,1.05,1.07
6.80880e-04,1.03,1.01
6.80960e-04,1.05,1.07
6.81040e-04,1.03,1.01
6.81120e-04,1.07,1.07
6.81200e-04,1.03,1.01
6.81280e-04,1.05,1.09
6.81360e-04,1.07,1.01
6.81440e-04,1.05,1.09
6.81520e-04,1.07,1.01
6.81600e-04,1.05,1.07
6.81680e-04,1.07,1.01
6.81760e-04,1.05,1.07
6.81840e-04,1.07,1.01
6.81920e-04,1.05,1.07
6.82000e-04,1.07,1.01
6.82080e-04,1.05,1.07
6.82160e-04,1.05,1.01
6.82240e-04,1.05,1.07
6.82320e-04,1.05,1.01
6.82400e-04,1.05,1.07
6.82480e-04,1.03,1.01
6.82560e-04,1.07,1.07
6.82640e-04,1.07,1.01
6.82720e-04,1.07,1.07
6.82800e-04,1.05,1.01
6.82880e-04,1.05,1.07
6.82960e-04,1.07,1.01
6.83040e-04,1.05,1.07
6.83120e-04,1.05,0.99
6.83200e-04,1.05,1.07
6.83280e-04,1.05,1.01
6.83360e-04,1.05,1.07
6.83440e-04,1.05,1.01
6.83520e-04,1.07,1.09
6.83600e-04,1.05,1.01
6.83680e-04,1.07,1.07
6.83760e-04,1.37,1.01
6.83840e-04,1.11,1.07
6.83920e-04,1.09,1.03
6.84000e-04,1.13,1.53
6.84080e-04,1.11,1.05
6.84160e-04,1.11,1.15
6.84240e-04,1.11,1.07
6.84320e-04,1.11,1.15
6.84400e-04,1.07,1.07
6.84480e-04,1.07,1.15
6.84560e-04,1.07,1.03
6.84640e-04,1.07,1.11
6.84720e-04,1.03,1.01
6.84800e-04,1.03,1.09
6.84880e-04,1.07,0.99
6.84960e-04,1.05,1.07
6.85040e-04,1.03,1.01
6.85120e-04,1.03,1.07
6.85200e-04,1.05,1.01
6.85280e-04,1.07,1.07
6.85360e-04,1.05,1.01
6.85440e-04,1.07,1.07
6.85520e-04,1.05,1.01
6.85600e-04,1.07,1.09
6.85680e-04,1.05,1.03
6.85760e-04,1.07,1.09
6.85840e-04,1.07,1.01
6.85920e-04,1.07,1.09
6.86000e-04,1.05,1.01
6.86080e-04,1.07,1.09
6.86160e-04,1.07,1.01
6.86240e-04,1.07,1.09
6.86320e-04,1.07,1.01
6.86400e-04,1.07,1.09
6.86480e-04,1.07,1.03
6.86560e-04,1.05,1.09
6.86640e-04,1.07,1.01
6.86720e-04,1.05,1.09
6.86800e-04,1.05,1.01
6.86880e-04,1.07,1.09
6.86960e-04,1.07,1.01
6.87040e-04,1.07,1.09
6.87120e-04,1.05,1.01
6.87200e-04,1.07,1.09
6.87280e-04,1.05,1.01
6.87360e-04,1.05,1.09
6.87440e-04,1.07,1.03
6.87520e-04,1.07,1.09
6.87600e-04,1.05,1.01
6.87680e-04,1.07,1.09
6.87760e-04,1.07,1.03
6.87840e-04,1.05,1.09
6.87920e-04,1.07,1.01
6.88000e-04,1.07,1.09
6.88080e-04,1.07,1.03
6.88160e-04,1.07,1.09
6.88240e-04,1.05,1.03
6.88320e-04,1.07,1.09
6.88400e-04,1.05,1.03
6.88480e-04,1.05,1.09
6.88560e-04,1.07,1.01
6.88640e-04,1.07,1.09
6.88720e-04,1.07,1.01
6.88800e-04,1.07,1.09
6.88880e-04,1.07,1.03
6.88960e-04,1.07,1.11
6.89040e-04,1.07,1.03
6.89120e-04,1.05,1.09
6.89200e-04,1.07,1.03
6.89280e-04,1.05,1.09
6.89360e-04,1.07,1.01
6.89440e-04,1.05,1.09
6.89520e-04,1.05,1.03
6.89600e-04,1.07,1.07
6.89680e-04,1.05,1.03
6.89760e-04,1.05,1.09
6.89840e-04,1.05,1.03
6.89920e-04,1.05,1.09
6.90000e-04,1.05,1.01
6.90080e-04,1.05,1.09
6.90160e-04,1.07,1.01
6.90240e-04,1.05,1.09
6.90320e-04,1.07,1.01
6.90400e-04,1.05,1.09
6.90480e-04,1.07,1.03
6.90560e-04,1.05,1.09
6.90640e-04,1.07,1.01
6.90720e-04,1.07,1.09
6.90800e-04,1.05,1.03
6.90880e-04,1.07,1.07
6.90960e-04,1.05,1.03
6.91040e-04,1.07,1.07
6.91120e-04,1.07,1.01
6.91200e-04,1.07,1.07
6.91280e-04,1.05,1.03
6.91360e-04,1.07,1.09
6.91440e-04,1.05,1.03
6.91520e-04,1.07,1.09
6.91600e-04,1.07,1.01
6.91680e-04,1.07,1.09
6.91760e-04,1.09,1.03
6.91840e-04,1.07,1.09
6.91920e-04,1.07,1.03
6.92000e-04,1.05,1.09
6.92080e-04,1.05,1.01
6.92160e-04,1.05,1.09
6.92240e-04,1.07,1.03
6.92320e-04,1.07,1.09
6.92400e-04,1.09,1.03
6.92480e-04,1.07,1.09
6.92560e-04,1.07,1.03
6.92640e-04,1.09,1.09
6.92720e-04,1.07,1.03
6.92800e-04,1.05,1.09
6.92880e-04,1.07,1.03
6.92960e-04,1.07,1.09
6.93040e-04,1.07,1.01
6.93120e-04,1.07,1.09
6.93200e-04,1.07,1.03
6.93280e-04,1.09,1.09
6.93360e-04,1.07,1.01
6.93440e-04,1.09,1.09
6.93520e-04,1.07,1.03
6.93600e-04,1.07,1.09
6.93680e-04,1.07,1.01
6.93760e-04,1.07,1.09
6.93840e-04,1.07,1.01
6.93920e-04,1.07,1.09
6.94000e-04,1.07,1.01
6.94080e-04,1.07,1.11
6.94160e-04,1.07,1.01
6.94240e-04,1.09,1.09
6.94320e-04,1.09,1.03
6.94400e-04,1.09,1.09
6.94480e-04,1.07,1.01
6.94560e-04,1.07,1.09
6.94640e-04,1.07,1.01
6.94720e-04,1.07,1.09
6.94800e-04,1.07,1.01
6.94880e-04,1.09,1.11
6.94960e-04,1.07,1.01
6.95040e-04,1.05,1.09
6.95120e-04,1.05,1.03
6.95200e-04,1.07,1.09
6.95280e-04,1.05,1.03
6.95360e-04,1.07,1.09
6.95440e-04,1.07,1.03
6.95520e-04,1.07,1.09
6.95600e-04,1.07,1.03
6.95680e-04,1.07,1.09
6.95760e-04,1.07,1.03
6.95840e-04,1.07,1.09
6.95920e-04,1.07,1.03
6.96000e-04,1.07,1.09
6.96080e-04,1.07,1.03
6.96160e-04,1.07,1.09
6.96240e-04,1.07,1.03
6.96320e-04,1.07,1.09
6.96400e-04,1.07,1.03
6.96480e-04,1.09,1.09
6.96560e-04,1.07,1.03
6.96640e-04,1.07,1.09
6.96720e-04,1.09,1.03
6.96800e-04,1.07,1.09
6.96880e-04,1.07,1.03
6.96960e-04,1.07,1.09
6.97040e-04,1.07,1.03
6.97120e-04,1.07,1.09
6.97200e-04,1.07,1.03
6.97280e-04,1.07,1.09
6.97360e-04,1.09,1.03
6.97440e-04,1.09,1.09
6.97520e-04,1.07,1.03
6.97600e-04,1.07,1.09
6.97680e-04,1.09,1.03
6.97760e-04,1.09,1.09
6.97840e-04,1.07,1.03
6.97920e-04,1.07,1.09
6.98000e-04,1.09,1.03
6.98080e-04,1.07,1.09
6.98160e-04,1.07,1.03
6.98240e-04,1.07,1.09
6.98320e-04,1.07,1.03
6.98400e-04,1.07,1.09
6.98480e-04,1.09,1.03
6.98560e-04,1.09,1.09
6.98640e-04,1.07,1.03
6.98720e-04,1.09,1.09
6.98800e-04,1.07,1.03
6.98880e-04,1.09,1.11
6.98960e-04,1.07,1.03
6.99040e-04,1.07,1.09
6.99120e-04,1.07,1.03
6.99200e-04,1.09,1.09
6.99280e-04,1.09,1.03
6.99360e-04,1.07,1.09
6.99440e-04,1.07,1.03
6.99520e-04,1.07,1.09
6.99600e-04,1.09,1.03
6.99680e-04,1.07,1.11
6.99760e-04,1.09,1.03
6.99840e-04,1.07,1.11
6.99920e-04,1.07,1.01
7.00000e-04,1.07,1.09
7.00080e-04,1.09,1.03
7.00160e-04,1.09,1.09
7.00240e-04,1.07,1.03
7.00320e-04,1.09,1.09
7.00400e-04,1.07,1.03
7.00480e-04,1.09,1.09
7.00560e-04,1.07,1.03
7.00640e-04,1.07,1.11
7.00720e-04,1.09,1.03
7.00800e-04,1.09,1.09
7.00880e-04,1.09,1.03
7.00960e-04,1.07,1.09
7.01040e-04,1.09,1.03
7.01120e-04,1.07,1.09
7.01200e-04,1.09,1.03
7.01280e-04,1.07,1.09
7.01360e-04,1.07,1.03
7.01440e-04,1.09,1.09
7.01520e-04,1.09,1.03
7.01600e-04,1.09,1.11
7.01680e-04,1.07,1.03
7.01760e-04,1.07,1.11
7.01840e-04,1.07,1.03
7.01920e-04,1.07,1.09
7.02000e-04,1.09,1.03
7.02080e-04,1.09,1.09
7.02160e-04,1.07,1.03
7.02240e-04,1.07,1.09
7.02320e-04,1.07,1.03
7.02400e-04,1.07,1.09
7.02480e-04,1.07,1.03
7.02560e-04,1.07,1.09
7.02640e-04,1.07,1.03
7.02720e-04,1.09,1.09
7.02800e-04,1.07,1.03
7.02880e-04,1.09,1.09
7.02960e-04,1.07,1.03
7.03040e-04,1.09,1.09
7.03120e-04,1.05,1.03
7.03200e-04,1.07,1.09
7.03280e-04,1.07,1.03
7.03360e-04,1.07,1.09
7.03440e-04,1.07,1.03
7.03520e-04,1.07,1.09
7.03600e-04,1.07,1.03
7.03680e-04,1.07,1.09
7.03760e-04,1.09,1.03
7.03840e-04,1.07,1.09
7.03920e-04,1.07,1.03
7.04000e-04,1.07,1.09
7.04080e-04,1.05,1.03
7.04160e-04,1.09,1.09
7.04240e-04,1.07,1.03
7.04320e-04,1.07,1.09
7.04400e-04,1.09,1.03
7.04480e-04,1.07,1.09
7.04560e-04,1.09,1.03
7.04640e-04,1.09,1.09
7.04720e-04,1.07,1.01
7.04800e-04,1.07,1.09
7.04880e-04,1.07,1.03
7.04960e-04,1.07,1.09
7.05040e-04,1.07,1.03
7.05120e-04,1.07,1.09
7.05200e-04,1.07,1.03
7.05280e-04,1.07,1.09
7.05360e-04,1.07,1.03
7.05440e-04,1.09,1.09
7.05520e-04,1.07,1.01
7.05600e-04,1.07,1.09
7.05680e-04,1.07,1.03
7.05760e-04,1.07,1.09
7.05840e-04,1.07,1.03
7.05920e-04,1.09,1.09
7.06000e-04,1.07,1.03
7.06080e-04,1.07,1.11
7.06160e-04,1.07,1.01
7.06240e-04,1.07,1.09
7.06320e-04,1.09,1.03
7.06400e-04,1.07,1.09
7.06480e-04,1.07,1.03
7.06560e-04,1.07,1.09
7.06640e-04,1.07,1.03
7.06720e-04,1.07,1.09
7.06800e-04,1.05,1.03
7.06880e-04,1.09,1.09
7.06960e-04,1.07,1.03
7.07040e-04,1.09,1.09
7.07120e-04,1.07,1.03
7.07200e-04,1.05,1.09
7.07280e-04,1.07,1.03
7.07360e-04,1.07,1.11
7.07440e-04,1.09,1.03
7.07520e-04,1.07,1.11
7.07600e-04,1.09,1.03
7.07680e-04,1.07,1.09
7.07760e-04,1.09,1.03
7.07840e-04,1.07,1.09
7.07920e-04,1.09,1.03
7.08000e-04,1.07,1.09
7.08080e-04,1.05,1.03
7.08160e-04,1.05,1.09
7.08240e-04,1.05,1.01
7.08320e-04,1.05,1.09
7.08400e-04,1.05,1.01
7.08480e-04,1.05,1.07
7.08560e-04,1.07,1.01
7.08640e-04,1.09,1.07
7.08720e-04,1.07,1.01
7.08800e-04,1.07,1.09
7.08880e-04,1.11,1.03
7.08960e-04,1.09,1.09
7.09040e-04,1.09,1.03
7.09120e-04,1.07,1.11
7.09200e-04,1.07,1.03
7.09280e-04,1.09,1.11
7.09360e-04,1.05,1.03
7.09440e-04,1.09,1.09
7.09520e-04,1.07,1.03
7.09600e-04,1.09,1.11
7.09680e-04,1.07,1.03
7.09760e-04,1.07,1.09
7.09840e-04,1.07,1.03
7.09920e-04,1.07,1.09
7.10000e-04,1.09,1.03
7.10080e-04,1.07,1.09
7.10160e-04,1.09,1.03
7.10240e-04,1.07,1.09
7.10320e-04,1.09,1.03
7.10400e-04,1.07,1.11
7.10480e-04,1.09,1.03
7.10560e-04,1.09,1.09
7.10640e-04,1.07,1.03
7.10720e-04,1.09,1.09
7.10800e-04,1.09,1.03
7.10880e-04,1.09,1.09
7.10960e-04,1.09,1.03
7.11040e-04,1.07,1.11
7.11120e-04,1.09,1.03
7.11200e-04,1.09,1.09
7.11280e-04,1.07,1.03
7.11360e-04,1.07,1.09
7.11440e-04,1.09,1.03
7.11520e-04,1.07,1.09
7.11600e-04,1.09,1.03
7.11680e-04,1.09,1.09
7.11760e-04,1.09,1.03
7.11840e-04,1.07,1.09
7.11920e-04,1.09,1.03
7.12000e-04,1.07,1.09
7.12080e-04,1.07,1.03
7.12160e-04,1.07,1.09
7.12240e-04,1.07,1.05
7.12320e-04,1.07,1.09
7.12400e-04,1.07,1.03
7.12480e-04,1.09,1.09
7.12560e-04,1.07,1.03
7.12640e-04,1.07,1.09
7.12720e-04,1.07,1.03
7.12800e-04,1.07,1.09
7.12880e-04,1.07,1.03
7.12960e-04,1.09,1.09
7.13040e-04,1.07,1.03
7.13120e-04,1.07,1.09
7.13200e-04,1.07,1.03
7.13280e-04,1.07,1.09
7.13360e-04,1.09,1.03
7.13440e-04,1.09,1.09
7.13520e-04,1.09,1.03
7.13600e-04,1.07,1.09
7.13680e-04,1.07,1.03
7.13760e-04,1.07,1.09
7.13840e-04,1.07,1.03
7.13920e-04,1.07,1.09
7.14000e-04,1.07,1.03
7.14080e-04,1.09,1.09
7.14160e-04,1.07,1.03
7.14240e-04,1.07,1.09
7.14320e-04,1.09,1.03
7.14400e-04,1.07,1.09
7.14480e-04,1.05,1.03
7.14560e-04,1.05,1.09
7.14640e-04,1.09,1.03
7.14720e-04,1.07,1.11
7.14800e-04,1.07,1.03
7.14880e-04,1.07,1.09
7.14960e-04,1.07,1.03
7.15040e-04,1.09,1.09
7.15120e-04,1.07,1.03
7.15200e-04,1.07,1.11
7.15280e-04,1.05,1.03
7.15360e-04,1.09,1.09
7.15440e-04,1.07,1.03
7.15520e-04,1.07,1.09
7.15600e-04,1.09,1.03
7.15680e-04,1.07,1.11
7.15760e-04,1.07,1.03
7.15840e-04,1.05,1.09
7.15920e-04,1.07,1.03
7.16000e-04,1.07,1.09
7.16080e-04,1.07,1.03
7.16160e-04,1.07,1.09
7.16240e-04,1.07,1.03
7.16320e-04,1.07,1.09
7.16400e-04,1.07,1.03
7.16480e-04,1.07,1.09
7.16560e-04,1.09,1.03
7.16640e-04,1.07,1.09
7.16720e-04,1.07,1.03
7.16800e-04,1.07,1.09
7.16880e-04,1.07,1.03
7.16960e-04,1.05,1.09
7.17040e-04,1.09,1.01
7.17120e-04,1.11,1.09
7.17200e-04,1.09,1.01
7.17280e-04,1.09,1.11
7.17360e-04,1.09,1.01
7.17440e-04,1.09,1.11
7.17520e-04,1.07,1.03
7.17600e-04,1.09,1.09
7.17680e-04,1.09,1.03
7.17760e-04,1.07,1.09
7.17840e-04,1.09,1.03
7.17920e-04,1.07,1.09
7.18000e-04,1.07,1.03
7.18080e-04,1.09,1.09
7.18160e-04,1.07,1.03
7.18240e-04,1.07,1.09
7.18320e-04,1.07,1.03
7.18400e-04,1.07,1.09
7.18480e-04,1.09,1.03
7.18560e-04,1.07,1.09
7.18640e-04,1.09,1.03
7.18720e-04,1.07,1.09
7.18800e-04,1.09,1.01
7.18880e-04,1.07,1.09
7.18960e-04,1.09,1.03
7.19040e-04,1.07,1.09
7.19120e-04,1.09,1.03
7.19200e-04,1.09,1.09
7.19280e-04,1.09,1.03
7.19360e-04,1.07,1.09
7.19440e-04,1.07,1.03
7.19520e-04,1.09,1.09
7.19600e-04,1.07,1.03
7.19680e-04,1.07,1.09
7.19760e-04,1.07,1.03
7.19840e-04,1.07,1.09
7.19920e-04,1.07,1.03
7.20000e-04,1.07,1.09
7.20080e-04,1.09,1.03
7.20160e-04,1.07,1.09
7.20240e-04,1.05,1.03
7.20320e-04,1.09,1.09
7.20400e-04,1.07,1.03
7.20480e-04,1.07,1.09
7.20560e-04,1.09,1.03
7.20640e-04,1.09,1.09
7.20720e-04,1.09,1.03
7.20800e-04,1.07,1.09
7.20880e-04,1.09,1.03
7.20960e-04,1.07,1.09
7.21040e-04,1.07,1.03
7.21120e-04,1.07,1.09
7.21200e-04,1.07,1.03
7.21280e-04,1.07,1.09
7.21360e-04,1.07,1.03
7.21440e-04,1.07,1.09
7.21520e-04,1.09,1.03
7.21600e-04,1.07,1.09
7.21680e-04,1.05,1.03
7.21760e-04,1.07,1.09
7.21840e-04,1.09,1.03
7.21920e-04,1.07,1.09
7.22000e-04,1.07,1.03
7.22080e-04,1.09,1.09
7.22160e-04,1.07,1.03
7.22240e-04,1.07,1.09
7.22320e-04,1.07,1.01
7.22400e-04,1.07,1.09
7.22480e-04,1.07,1.03
7.22560e-04,1.07,1.09
7.22640e-04,1.07,1.03
7.22720e-04,1.07,1.09
7.22800e-04,1.07,1.03
7.22880e-04,1.07,1.09
7.22960e-04,1.07,1.03
7.23040e-04,1.07,1.09
7.23120e-04,1.07,1.03
7.23200e-04,1.09,1.11
7.23280e-04,1.07,1.03
7.23360e-04,1.07,1.09
7.23440e-04,1.07,1.03
7.23520e-04,1.07,1.11
7.23600e-04,1.07,1.03
7.23680e-04,1.07,1.09
7.23760e-04,1.07,1.03
7.23840e-04,1.07,1.09
7.23920e-04,1.07,1.03
7.24000e-04,1.07,1.09
7.24080e-04,1.07,1.03
7.24160e-04,1.07,1.09
7.24240e-04,1.07,1.03
7.24320e-04,1.09,1.09
7.24400e-04,1.07,1.03
7.24480e-04,1.07,1.09
7.24560e-04,1.05,1.03
7.24640e-04,1.07,1.09
7.24720e-04,1.09,1.03
7.24800e-04,1.07,1.09
7.24880e-04,1.05,1.03
7.24960e-04,1.09,1.09
7.25040e-04,1.07,1.03
7.25120e-04,1.07,1.09
7.25200e-04,1.07,1.03
7.25280e-04,1.07,1.09
7.25360e-04,1.07,1.03
7.25440e-04,1.09,1.09
7.25520e-04,1.07,1.03
7.25600e-04,1.07,1.09
7.25680e-04,1.07,1.03
7.25760e-04,1.07,1.09
7.25840e-04,1.07,1.01
7.25920e-04,1.07,1.09
7.26000e-04,1.07,1.03
7.26080e-04,1.07,1.09
7.26160e-04,1.07,1.03
7.26240e-04,1.09,1.09
7.26320e-04,1.07,1.03
7.26400e-04,1.05,1.09
7.26480e-04,1.07,1.03
7.26560e-04,1.07,1.09
7.26640e-04,1.07,1.03
7.26720e-04,1.07,1.11
7.26800e-04,1.07,1.03
7.26880e-04,1.07,1.09
7.26960e-04,1.07,1.03
7.27040e-04,0.73,1.09
7.27120e-04,1.03,0.67
7.27200e-04,1.01,1.09
7.27280e-04,0.99,0.59
7.27360e-04,0.99,1.03
7.27440e-04,0.99,0.95
7.27520e-04,0.99,1.05
7.27600e-04,0.99,0.95
7.27680e-04,1.03,1.01
7.27760e-04,1.03,0.97
7.27840e-04,1.07,1.03
7.27920e-04,1.07,0.99
7.28000e-04,1.09,1.09
7.28080e-04,1.09,1.01
7.28160e-04,1.09,1.11
7.28240e-04,1.07,1.03
7.28320e-04,1.07,1.09
7.28400e-04,1.09,1.05
7.28480e-04,1.07,1.09
7.28560e-04,1.07,1.03
7.28640e-04,1.07,1.09
7.28720e-04,1.05,1.03
7.28800e-04,1.05,1.09
7.28880e-04,1.07,1.03
7.28960e-04,1.07,1.09
7.29040e-04,1.05,1.03
7.29120e-04,1.05,1.09
7.29200e-04,1.07,1.01
7.29280e-04,1.07,1.09
7.29360e-04,1.07,1.01
7.29440e-04,1.07,1.09
7.29520e-04,1.07,1.03
7.29600e-04,1.05,1.09
7.29680e-04,1.07,1.01
7.29760e-04,1.05,1.09
7.29840e-04,1.07,1.01
7.29920e-04,1.05,1.09
7.30000e-04,1.07,1.01
7.30080e-04,1.05,1.07
7.30160e-04,1.07,1.01
7.30240e-04,1.05,1.09
7.30320e-04,1.03,1.01
7.30400e-04,1.07,1.09
7.30480e-04,1.05,1.01
7.30560e-04,1.07,1.07
7.30640e-04,1.07,1.01
7.30720e-04,1.07,1.07
7.30800e-04,1.07,1.01
7.30880e-04,1.05,1.09
7.30960e-04,1.07,1.01
7.31040e-04,1.05,1.07
7.31120e-04,1.07,1.01
7.31200e-04,1.07,1.09
7.31280e-04,1.07,1.01
7.31360e-04,1.07,1.07
7.31440e-04,1.05,1.01
7.31520e-04,1.05,1.09
7.31600e-04,1.05,1.01
7.31680e-04,1.07,1.09
7.31760e-04,1.05,1.03
7.31840e-04,1.07,1.09
7.31920e-04,1.07,1.03
7.32000e-04,1.07,1.09
7.32080e-04,1.07,1.03
7.32160e-04,1.07,1.09
7.32240e-04,1.07,1.03
7.32320e-04,1.07,1.09
7.32400e-04,1.07,1.01
7.32480e-04,1.05,1.09
7.32560e-04,1.07,1.01
7.32640e-04,1.07,1.09
7.32720e-04,1.07,1.01
7.32800e-04,1.07,1.09
7.32880e-04,1.05,1.01
7.32960e-04,1.09,1.07
7.33040e-04,1.05,1.03
7.33120e-04,1.07,1.09
7.33200e-04,1.05,1.01
7.33280e-04,1.05,1.07
7.33360e-04,1.07,1.01
7.33440e-04,1.07,1.09
7.33520e-04,1.05,1.01
7.33600e-04,1.07,1.07
7.33680e-04,1.07,1.01
7.33760e-04,1.07,1.09
7.33840e-04,1.17,1.01
7.33920e-04,1.13,1.07
7.34000e-04,1.07,1.05
7.34080e-04,1.13,1.53
7.34160e-04,1.13,1.05
7.34240e-04,1.13,1.15
7.34320e-04,1.13,1.09
7.34400e-04,1.11,1.15
7.34480e-04,1.09,1.07
7.34560e-04,1.07,1.15
7.34640e-04,1.05,1.05
7.34720e-04,1.05,1.11
7.34800e-04,1.05,1.01
7.34880e-04,1.05,1.09
7.34960e-04,1.03,1.01
7.35040e-04,1.05,1.07
7.35120e-04,1.05,1.01
7.35200e-04,1.07,1.07
7.35280e-04,1.07,1.01
7.35360e-04,1.07,1.07
7.35440e-04,1.07,1.01
7.35520e-04,1.05,1.09
7.35600e-04,1.07,1.03
7.35680e-04,1.05,1.09
7.35760e-04,1.07,1.01
7.35840e-04,1.07,1.09
7.35920e-04,1.07,1.01
7.36000e-04,1.05,1.09
7.36080e-04,1.07,1.03
7.36160e-04,1.03,1.09
7.36240e-04,1.07,1.01
7.36320e-04,1.07,1.07
7.36400e-04,1.05,1.01
7.36480e-04,1.07,1.09
7.36560e-04,1.07,1.01
7.36640e-04,1.09,1.09
7.36720e-04,1.07,1.01
7.36800e-04,1.05,1.09
7.36880e-04,1.09,1.01
7.36960e-04,1.07,1.09
7.37040e-04,1.05,1.03
7.37120e-04,1.07,1.09
7.37200e-04,1.05,1.01
7.37280e-04,1.05,1.09
7.37360e-04,1.05,1.01
7.37440e-04,1.07,1.09
7.37520e-04,1.07,1.01
7.37600e-04,1.07,1.09
7.37680e-04,1.07,1.03
7.37760e-04,1.07,1.09
7.37840e-04,1.07,1.03
7.37920e-04,1.07,1.09
7.38000e-04,1.07,1.03
7.38080e-04,1.05,1.09
7.38160e-04,1.07,1.03
7.38240e-04,1.07,1.09
7.38320e-04,1.07,1.03
7.38400e-04,1.07,1.09
7.38480e-04,1.07,1.03
7.38560e-04,1.07,1.09
7.38640e-04,1.07,1.03
7.38720e-04,1.07,1.09
7.38800e-04,1.07,1.03
7.38880e-04,1.07,1.09
7.38960e-04,1.07,1.03
7.39040e-04,1.07,1.09
7.39120e-04,1.09,1.03
7.39200e-04,1.09,1.09
7.39280e-04,1.07,1.03
7.39360e-04,1.07,1.09
7.39440e-04,1.09,1.03
7.39520e-04,1.07,1.09
7.39600e-04,1.09,1.03
7.39680e-04,1.07,1.09
7.39760e-04,1.07,1.01
7.39840e-04,1.07,1.11
7.39920e-04,1.07,1.01
7.40000e-04,1.07,1.11
7.40080e-04,1.05,1.03
7.40160e-04,1.07,1.09
7.40240e-04,1.05,1.03
7.40320e-04,1.09,1.09
7.40400e-04,1.05,1.03
7.40480e-04,1.07,1.09
7.40560e-04,1.07,1.03
7.40640e-04,1.07,1.09
7.40720e-04,1.07,1.03
7.40800e-04,1.05,1.09
7.40880e-04,1.07,1.03
7.40960e-04,1.07,1.09
7.41040e-04,1.09,1.03
7.41120e-04,1.07,1.09
7.41200e-04,1.07,1.03
7.41280e-04,1.05,1.09
7.41360e-04,1.07,1.03
7.41440e-04,1.09,1.09
7.41520e-04,1.07,1.03
7.41600e-04,1.07,1.09
7.41680e-04,1.07,1.03
7.41760e-04,1.09,1.09
7.41840e-04,1.07,1.03
7.41920e-04,1.07,1.09
7.42000e-04,1.07,1.03
7.42080e-04,1.05,1.09
7.42160e-04,1.07,1.03
7.42240e-04,1.09,1.09
7.42320e-04,1.09,1.03
7.42400e-04,1.07,1.09
7.42480e-04,1.09,1.03
7.42560e-04,1.07,1.09
7.42640e-04,1.07,1.03
7.42720e-04,1.07,1.09
7.42800e-04,1.07,1.03
7.42880e-04,1.07,1.09
7.42960e-04,1.07,1.03
7.43040e-04,1.05,1.09
7.43120e-04,1.05,1.03
7.43200e-04,1.07,1.09
7.43280e-04,1.09,1.03
7.43360e-04,1.09,1.09
7.43440e-04,1.07,1.03
7.43520e-04,1.07,1.09
7.43600e-04,1.07,1.03
7.43680e-04,1.09,1.09
7.43760e-04,1.07,1.03
7.43840e-04,1.07,1.09
7.43920e-04,1.07,1.03
7.44000e-04,1.09,1.09
7.44080e-04,1.07,1.01
7.44160e-04,1.07,1.09
7.44240e-04,1.05,1.03
7.44320e-04,1.07,1.09
7.44400e-04,1.07,1.03
7.44480e-04,1.05,1.09
7.44560e-04,1.07,1.03
7.44640e-04,1.09,1.09
7.44720e-04,1.07,1.01
7.44800e-04,1.07,1.11
7.44880e-04,1.07,1.03
7.44960e-04,1.07,1.11
7.45040e-04,1.09,1.03
7.45120e-04,1.07,1.09
7.45200e-04,1.07,1.03
7.45280e-04,1.07,1.09
7.45360e-04,1.07,1.03
7.45440e-04,1.09,1.11
7.45520e-04,1.05,1.03
7.45600e-04,1.09,1.09
7.45680e-04,1.07,1.03
7.45760e-04,1.07,1.09
7.45840e-04,1.09,1.03
7.45920e-04,1.05,1.09
7.46000e-04,1.07,1.03
7.46080e-04,1.09,1.09
7.46160e-04,1.07,1.03
7.46240e-04,1.07,1.09
7.46320e-04,1.09,1.03
7.46400e-04,1.07,1.09
7.46480e-04,1.07,1.03
7.46560e-04,1.07,1.09
7.46640e-04,1.09,1.03
7.46720e-04,1.09,1.09
7.46800e-04,1.07,1.03
7.46880e-04,1.07,1.09
7.46960e-04,1.07,1.03
7.47040e-04,1.07,1.09
7.47120e-04,1.09,1.03
7.47200e-04,1.07,1.09
7.47280e-04,1.07,1.03
7.47360e-04,1.07,1.09
7.47440e-04,1.09,1.03
7.47520e-04,1.09,1.09
7.47600e-04,1.09,1.03
7.47680e-04,1.09,1.09
7.47760e-04,1.07,1.03
7.47840e-04,1.09,1.09
7.47920e-04,1.07,1.03
7.48000e-04,1.09,1.11
7.48080e-04,1.07,1.03
7.48160e-04,1.09,1.09
7.48240e-04,1.09,1.03
7.48320e-04,1.09,1.09
7.48400e-04,1.09,1.03
7.48480e-04,1.07,1.09
7.48560e-04,1.09,1.05
7.48640e-04,1.09,1.11
7.48720e-04,1.07,1.03
7.48800e-04,1.09,1.11
7.48880e-04,1.09,1.05
7.48960e-04,1.07,1.09
7.49040e-04,1.09,1.03
7.49120e-04,1.09,1.09
7.49200e-04,1.07,1.03
7.49280e-04,1.07,1.11
7.49360e-04,1.07,1.03
7.49440e-04,1.09,1.09
7.49520e-04,1.09,1.03
7.49600e-04,1.09,1.11
7.49680e-04,1.07,1.03
7.49760e-04,1.09,1.09
7.49840e-04,1.09,1.05
7.49920e-04,1.09,1.09
7.50000e-04,1.07,1.03
7.50080e-04,1.07,1.09
7.50160e-04,1.07,1.03
7.50240e-04,1.09,1.09
7.50320e-04,1.07,1.03
7.50400e-04,1.07,1.09
7.50480e-04,1.07,1.03
7.50560e-04,1.09,1.09
7.50640e-04,1.09,1.03
7.50720e-04,1.09,1.09
7.50800e-04,1.07,1.05
7.50880e-04,1.09,1.09
7.50960e-04,1.07,1.03
7.51040e-04,1.07,1.09
7.51120e-04,1.07,1.03
7.51200e-04,1.07,1.11
7.51280e-04,1.09,1.03
7.51360e-04,1.07,1.09
7.51440e-04,1.07,1.03
7.51520e-04,1.07,1.09
7.51600e-04,1.07,1.05
7.51680e-04,1.07,1.09
7.51760e-04,1.07,1.03
7.51840e-04,1.07,1.09
7.51920e-04,1.07,1.05
7.52000e-04,1.07,1.09
7.52080e-04,1.07,1.03
7.52160e-04,1.07,1.11
7.52240e-04,1.09,1.03
7.52320e-04,1.09,1.11
7.52400e-04,1.09,1.03
7.52480e-04,1.09,1.11
7.52560e-04,1.07,1.03
7.52640e-04,1.09,1.11
7.52720e-04,1.07,1.03
7.52800e-04,1.07,1.11
7.52880e-04,1.09,1.03
7.52960e-04,1.07,1.09
7.53040e-04,1.09,1.03
7.53120e-04,1.07,1.09
7.53200e-04,1.09,1.03
7.53280e-04,1.07,1.11
7.53360e-04,1.09,1.03
7.53440e-04,1.07,1.09
7.53520e-04,1.07,1.03
7.53600e-04,1.09,1.09
7.53680e-04,1.07,1.03
7.53760e-04,1.09,1.09
7.53840e-04,1.07,1.03
7.53920e-04,1.07,1.09
7.54000e-04,1.07,1.03
7.54080e-04,1.07,1.09
7.54160e-04,1.09,1.03
7.54240e-04,1.07,1.09
7.54320e-04,1.07,1.03
7.54400e-04,1.07,1.09
7.54480e-04,1.07,1.03
7.54560e-04,1.09,1.09
7.54640e-04,1.07,1.03
7.54720e-04,1.07,1.09
7.54800e-04,1.07,1.03
7.54880e-04,1.07,1.09
7.54960e-04,1.07,1.03
7.55040e-04,1.09,1.09
7.55120e-04,1.07,1.03
7.55200e-04,1.07,1.09
7.55280e-04,1.09,1.03
7.55360e-04,1.09,1.09
7.55440e-04,1.09,1.03
7.55520e-04,1.07,1.09
7.55600e-04,1.07,1.03
7.55680e-04,1.07,1.09
7.55760e-04,1.09,1.03
7.55840e-04,1.09,1.09
7.55920e-04,1.07,1.03
7.56000e-04,1.07,1.11
7.56080e-04,1.09,1.03
7.56160e-04,1.07,1.09
7.56240e-04,1.07,1.03
7.56320e-04,1.07,1.09
7.56400e-04,1.07,1.03
7.56480e-04,1.07,1.09
7.56560e-04,1.07,1.03
7.56640e-04,1.09,1.09
7.56720e-04,1.09,1.03
7.56800e-04,1.09,1.09
7.56880e-04,1.07,1.03
7.56960e-04,1.07,1.11
7.57040e-04,1.07,1.03
7.57120e-04,1.09,1.09
7.57200e-04,1.09,1.03
7.57280e-04,1.07,1.09
7.57360e-04,1.09,1.03
7.57440e-04,1.09,1.09
7.57520e-04,1.07,1.05
7.57600e-04,1.07,1.09
7.57680e-04,1.07,1.03
7.57760e-04,1.07,1.09
7.57840e-04,1.07,1.03
7.57920e-04,1.09,1.09
7.58000e-04,1.09,1.03
7.58080e-04,1.09,1.09
7.58160e-04,1.07,1.05
7.58240e-04,1.07,1.09
7.58320e-04,1.09,1.03
7.58400e-04,1.07,1.09
7.58480e-04,1.09,1.03
7.58560e-04,1.07,1.09
7.58640e-04,1.09,1.03
7.58720e-04,1.07,1.09
7.58800e-04,1.09,1.03
7.58880e-04,1.09,1.09
7.58960e-04,1.07,1.03
7.59040e-04,1.09,1.09
7.59120e-04,1.09,1.03
7.59200e-04,1.09,1.09
7.59280e-04,1.07,1.03
7.59360e-04,1.09,1.09
7.59440e-04,1.09,1.03
7.59520e-04,1.09,1.09
7.59600e-04,1.11,1.05
7.59680e-04,1.11,1.09
7.59760e-04,1.09,1.03
7.59840e-04,1.09,1.11
7.59920e-04,1.07,1.03
7.60000e-04,1.07,1.11
7.60080e-04,1.07,1.03
7.60160e-04,1.07,1.11
7.60240e-04,1.07,1.03
7.60320e-04,1.07,1.11
7.60400e-04,1.09,1.05
7.60480e-04,1.09,1.09
7.60560e-04,1.09,1.03
7.60640e-04,1.09,1.11
7.60720e-04,1.07,1.03
7.60800e-04,1.07,1.11
7.60880e-04,1.09,1.03
7.60960e-04,1.09,1.09
7.61040e-04,1.07,1.05
7.61120e-04,1.09,1.11
7.61200e-04,1.09,1.03
7.61280e-04,1.09,1.11
7.61360e-04,1.07,1.03
7.61440e-04,1.09,1.11
7.61520e-04,1.05,1.05
7.61600e-04,1.07,1.11
7.61680e-04,1.07,1.03
7.61760e-04,1.09,1.09
7.61840e-04,1.09,1.05
7.61920e-04,1.07,1.11
7.62000e-04,1.09,1.05
7.62080e-04,1.07,1.09
7.62160e-04,1.09,1.05
7.62240e-04,1.07,1.11
7.62320e-04,1.07,1.01
7.62400e-04,1.07,1.13
7.62480e-04,1.07,1.03
7.62560e-04,1.09,1.11
7.62640e-04,1.07,1.03
7.62720e-04,1.07,1.09
7.62800e-04,1.07,1.05
7.62880e-04,1.07,1.09
7.62960e-04,1.07,1.05
7.63040e-04,1.07,1.11
7.63120e-04,1.07,1.03
7.63200e-04,1.07,1.11
7.63280e-04,1.09,1.05
7.63360e-04,1.07,1.11
7.63440e-04,1.09,1.05
7.63520e-04,1.09,1.09
7.63600e-04,1.09,1.03
7.63680e-04,1.07,1.11
7.63760e-04,1.07,1.03
7.63840e-04,1.07,1.09
7.63920e-04,1.07,1.03
7.64000e-04,1.09,1.09
7.64080e-04,1.09,1.03
7.64160e-04,1.09,1.09
7.64240e-04,1.07,1.03
7.64320e-04,1.07,1.09
7.64400e-04,1.09,1.03
7.64480e-04,1.07,1.09
7.64560e-04,1.07,1.03
7.64640e-04,1.07,1.09
7.64720e-04,1.09,1.03
7.64800e-04,1.05,1.09
7.64880e-04,1.07,1.03
7.64960e-04,1.07,1.09
7.65040e-04,1.09,1.03
7.65120e-04,1.07,1.09
7.65200e-04,1.07,1.03
7.65280e-04,1.09,1.11
7.65360e-04,1.07,1.03
7.65440e-04,1.09,1.09
7.65520e-04,1.07,1.03
7.65600e-04,1.09,1.09
7.65680e-04,1.09,1.03
7.65760e-04,1.07,1.09
7.65840e-04,1.07,1.03
7.65920e-04,1.07,1.09
7.66000e-04,1.07,1.03
7.66080e-04,1.07,1.09
7.66160e-04,1.07,1.03
7.66240e-04,1.09,1.09
7.66320e-04,1.09,1.03
7.66400e-04,1.07,1.09
7.66480e-04,1.09,1.03
7.66560e-04,1.09,1.09
7.66640e-04,1.09,1.03
7.66720e-04,1.07,1.09
7.66800e-04,1.05,1.03
7.66880e-04,1.09,1.09
7.66960e-04,1.07,1.03
7.67040e-04,1.07,1.09
7.67120e-04,1.09,1.03
7.67200e-04,1.09,1.09
7.67280e-04,1.07,1.03
7.67360e-04,1.07,1.09
7.67440e-04,1.07,1.03
7.67520e-04,1.05,1.11
7.67600e-04,1.07,1.03
7.67680e-04,1.05,1.11
7.67760e-04,1.07,1.03
7.67840e-04,1.07,1.09
7.67920e-04,1.05,1.03
7.68000e-04,1.07,1.09
7.68080e-04,1.07,1.03
7.68160e-04,1.09,1.09
7.68240e-04,1.09,1.03
7.68320e-04,1.07,1.09
7.68400e-04,1.07,1.03
7.68480e-04,1.07,1.09
7.68560e-04,1.07,1.03
7.68640e-04,1.07,1.09
7.68720e-04,1.09,1.03
7.68800e-04,1.07,1.09
7.68880e-04,1.07,1.03
7.68960e-04,1.09,1.09
7.69040e-04,1.05,1.03
7.69120e-04,1.05,1.09
7.69200e-04,1.07,1.03
7.69280e-04,1.05,1.09
7.69360e-04,1.07,1.03
7.69440e-04,1.09,1.09
7.69520e-04,1.07,1.03
7.69600e-04,1.09,1.09
7.69680e-04,1.07,1.03
7.69760e-04,1.07,1.09
7.69840e-04,1.07,1.03
7.69920e-04,1.09,1.09
7.70000e-04,1.07,1.03
7.70080e-04,1.05,1.09
7.70160e-04,1.07,1.03
7.70240e-04,1.07,1.09
7.70320e-04,1.09,1.03
7.70400e-04,1.07,1.09
7.70480e-04,1.05,1.03
7.70560e-04,1.07,1.09
7.70640e-04,1.07,1.03
7.70720e-04,1.09,1.09
7.70800e-04,1.07,1.03
7.70880e-04,1.09,1.09
7.70960e-04,1.09,1.03
7.71040e-04,1.09,1.09
7.71120e-04,1.09,1.05
7.71200e-04,1.07,1.09
7.71280e-04,1.07,1.03
7.71360e-04,1.07,1.09
7.71440e-04,1.07,1.03
7.71520e-04,1.07,1.09
7.71600e-04,1.09,1.03
7.71680e-04,1.05,1.09
7.71760e-04,1.07,1.03
7.71840e-04,1.07,1.09
7.71920e-04,1.07,1.03
7.72000e-04,1.07,1.09
7.72080e-04,1.07,1.03
7.72160e-04,1.07,1.09
7.72240e-04,1.07,1.03
7.72320e-04,1.07,1.09
7.72400e-04,1.07,1.03
7.72480e-04,1.09,1.09
7.72560e-04,1.07,1.03
7.72640e-04,1.07,1.09
7.72720e-04,1.07,1.03
7.72800e-04,1.07,1.09
7.72880e-04,1.07,1.03
7.72960e-04,1.07,1.09
7.73040e-04,1.07,1.03
7.73120e-04,1.09,1.09
7.73200e-04,1.07,1.03
7.73280e-04,1.07,1.09
7.73360e-04,1.07,1.03
7.73440e-04,1.07,1.09
7.73520e-04,1.05,1.03
7.73600e-04,1.05,1.09
7.73680e-04,1.07,1.03
7.73760e-04,1.09,1.09
7.73840e-04,1.07,1.03
7.73920e-04,1.05,1.09
7.74000e-04,1.07,1.03
7.74080e-04,1.07,1.09
7.74160e-04,1.09,1.03
7.74240e-04,1.07,1.09
7.74320e-04,1.09,1.03
7.74400e-04,1.07,1.09
7.74480e-04,1.07,1.03
7.74560e-04,1.07,1.09
7.74640e-04,1.07,1.03
7.74720e-04,1.05,1.09
7.74800e-04,1.07,1.03
7.74880e-04,1.07,1.09
7.74960e-04,1.07,1.01
7.75040e-04,1.07,1.09
7.75120e-04,1.09,1.01
7.75200e-04,1.07,1.09
7.75280e-04,1.07,1.03
7.75360e-04,1.07,1.09
7.75440e-04,1.09,1.03
7.75520e-04,1.05,1.09
7.75600e-04,1.07,1.01
7.75680e-04,1.07,1.09
7.75760e-04,1.07,1.03
7.75840e-04,1.07,1.09
7.75920e-04,1.07,1.01
7.76000e-04,1.07,1.09
7.76080e-04,1.07,1.03
7.76160e-04,1.07,1.09
7.76240e-04,1.07,1.03
7.76320e-04,1.07,1.09
7.76400e-04,1.05,1.03
7.76480e-04,1.07,1.09
7.76560e-04,1.09,1.03
7.76640e-04,1.07,1.09
7.76720e-04,1.07,1.03
7.76800e-04,1.07,1.09
7.76880e-04,1.07,1.03
7.76960e-04,1.07,1.09
7.77040e-04,1.07,1.03
7.77120e-04,0.61,1.09
7.77200e-04,0.99,0.59
7.77280e-04,1.03,1.09
7.77360e-04,0.99,0.59
7.77440e-04,0.95,1.03
7.77520e-04,1.01,0.95
7.77600e-04,0.99,1.07
7.77680e-04,1.01,0.95
7.77760e-04,1.03,1.01
7.77840e-04,1.05,0.97
7.77920e-04,1.07,1.05
7.78000e-04,1.07,1.01
7.78080e-04,1.09,1.09
7.78160e-04,1.09,1.03
7.78240e-04,1.09,1.09
7.78320e-04,1.07,1.05
7.78400e-04,1.11,1.11
7.78480e-04,1.07,1.05
7.78560e-04,1.09,1.11
7.78640e-04,1.07,1.03
7.78720e-04,1.07,1.09
7.78800e-04,1.07,1.01
7.78880e-04,1.05,1.09
7.78960e-04,1.07,1.01
7.79040e-04,1.07,1.07
7.79120e-04,1.07,1.01
7.79200e-04,1.05,1.09
7.79280e-04,1.07,1.01
7.79360e-04,1.05,1.09
7.79440e-04,1.05,1.03
7.79520e-04,1.07,1.09
7.79600e-04,1.07,1.01
7.79680e-04,1.07,1.09
7.79760e-04,1.05,1.01
7.79840e-04,1.07,1.09
7.79920e-04,1.07,1.01
7.80000e-04,1.05,1.07
7.80080e-04,1.07,1.01
7.80160e-04,1.05,1.07
7.80240e-04,1.05,1.01
7.80320e-04,1.05,1.07
7.80400e-04,1.07,1.01
7.80480e-04,1.07,1.07
7.80560e-04,1.07,1.01
7.80640e-04,1.05,1.07
7.80720e-04,1.05,1.01
7.80800e-04,1.05,1.07
7.80880e-04,1.05,1.01
7.80960e-04,1.05,1.07
7.81040e-04,1.05,1.01
7.81120e-04,1.07,1.09
7.81200e-04,1.05,1.01
7.81280e-04,1.05,1.07
7.81360e-04,1.07,1.01
7.81440e-04,1.07,1.07
7.81520e-04,1.07,1.01
7.81600e-04,1.05,1.07
7.81680e-04,1.07,1.03
7.81760e-04,1.07,1.09
7.81840e-04,1.07,1.01
7.81920e-04,1.05,1.07
7.82000e-04,1.07,1.01
7.82080e-04,1.05,1.07
7.82160e-04,1.05,1.01
7.82240e-04,1.07,1.09
7.82320e-04,1.03,1.01
7.82400e-04,1.05,1.07
7.82480e-04,1.05,1.01
7.82560e-04,1.05,1.09
7.82640e-04,1.07,1.01
7.82720e-04,1.07,1.09
7.82800e-04,1.07,1.01
7.82880e-04,1.07,1.07
7.82960e-04,1.07,1.01
7.83040e-04,1.07,1.07
7.83120e-04,1.05,1.01
7.83200e-04,1.05,1.07
7.83280e-04,1.05,1.01
7.83360e-04,1.05,1.09
7.83440e-04,1.05,1.01
7.83520e-04,1.07,1.07
7.83600e-04,1.05,1.03
7.83680e-04,1.05,1.09
7.83760e-04,1.05,1.01
7.83840e-04,1.43,1.07
7.83920e-04,1.09,1.01
7.84000e-04,1.11,1.43
7.84080e-04,1.11,1.05
7.84160e-04,1.13,1.53
7.84240e-04,1.13,1.05
7.84320e-04,1.13,1.15
7.84400e-04,1.11,1.09
7.84480e-04,1.11,1.13
7.84560e-04,1.09,1.05
7.84640e-04,1.07,1.13
7.84720e-04,1.05,1.03
7.84800e-04,1.05,1.11
7.84880e-04,1.07,1.01
7.84960e-04,1.03,1.09
7.85040e-04,1.05,1.01
7.85120e-04,1.05,1.07
7.85200e-04,1.05,1.01
7.85280e-04,1.07,1.07
7.85360e-04,1.07,1.01
7.85440e-04,1.09,1.07
7.85520e-04,1.07,1.01
7.85600e-04,1.07,1.09
7.85680e-04,1.05,1.01
7.85760e-04,1.07,1.09
7.85840e-04,1.07,1.03
7.85920e-04,1.07,1.09
7.86000e-04,1.07,1.01
7.86080e-04,1.07,1.09
7.86160e-04,1.07,1.03
7.86240e-04,1.05,1.09
7.86320e-04,1.07,1.03
7.86400e-04,1.07,1.09
7.86480e-04,1.07,1.03
7.86560e-04,1.07,1.09
7.86640e-04,1.07,1.03
7.86720e-04,1.07,1.09
7.86800e-04,1.05,1.03
7.86880e-04,1.07,1.09
7.86960e-04,1.05,1.03
7.87040e-04,1.05,1.09
7.87120e-04,1.07,1.01
7.87200e-04,1.07,1.09
7.87280e-04,1.07,1.01
7.87360e-04,1.07,1.07
7.87440e-04,1.07,1.03
7.87520e-04,1.05,1.09
7.87600e-04,1.07,1.03
7.87680e-04,1.05,1.09
7.87760e-04,1.07,1.01
7.87840e-04,1.07,1.09
7.87920e-04,1.07,1.03
7.88000e-04,1.07,1.09
7.88080e-04,1.09,1.03
7.88160e-04,1.07,1.09
7.88240e-04,1.09,1.03
7.88320e-04,1.07,1.09
7.88400e-04,1.09,1.03
7.88480e-04,1.07,1.09
7.88560e-04,1.07,1.03
7.88640e-04,1.09,1.09
7.88720e-04,1.09,1.03
7.88800e-04,1.07,1.09
7.88880e-04,1.07,1.03
7.88960e-04,1.09,1.09
7.89040e-04,1.07,1.03
7.89120e-04,1.07,1.09
7.89200e-04,1.07,1.03
7.89280e-04,1.07,1.09
7.89360e-04,1.05,1.01
7.89440e-04,1.07,1.09
7.89520e-04,1.05,1.01
7.89600e-04,1.05,1.09
7.89680e-04,1.05,1.03
7.89760e-04,1.09,1.09
7.89840e-04,1.09,1.01
7.89920e-04,1.07,1.09
7.90000e-04,1.07,1.01
7.90080e-04,1.05,1.11
7.90160e-04,1.07,1.01
7.90240e-04,1.05,1.09
7.90320e-04,1.07,1.03
7.90400e-04,1.09,1.09
7.90480e-04,1.05,1.03
7.90560e-04,1.07,1.09
7.90640e-04,1.07,1.03
7.90720e-04,1.09,1.09
7.90800e-04,1.05,1.03
7.90880e-04,1.05,1.09
7.90960e-04,1.07,1.03
7.91040e-04,1.07,1.09
7.91120e-04,1.05,1.03
7.91200e-04,1.05,1.09
7.91280e-04,1.07,1.03
7.91360e-04,1.07,1.09
7.91440e-04,1.07,1.03
7.91520e-04,1.07,1.09
7.91600e-04,1.07,1.01
7.91680e-04,1.07,1.09
7.91760e-04,1.07,1.01
7.91840e-04,1.07,1.09
7.91920e-04,1.07,1.03
7.92000e-04,1.07,1.09
7.92080e-04,1.07,1.03
7.92160e-04,1.07,1.09
7.92240e-04,1.07,1.03
7.92320e-04,1.09,1.09
7.92400e-04,1.05,1.03
7.92480e-04,1.07,1.09
7.92560e-04,1.07,1.03
7.92640e-04,1.07,1.09
7.92720e-04,1.07,1.03
7.92800e-04,1.07,1.09
7.92880e-04,1.09,1.03
7.92960e-04,1.07,1.09
7.93040e-04,1.09,1.03
7.93120e-04,1.07,1.09
7.93200e-04,1.07,1.03
7.93280e-04,1.07,1.09
7.93360e-04,1.07,1.01
7.93440e-04,1.07,1.09
7.93520e-04,1.07,1.03
7.93600e-04,1.07,1.09
7.93680e-04,1.07,1.03
7.93760e-04,1.09,1.07
7.93840e-04,1.07,1.03
7.93920e-04,1.07,1.09
7.94000e-04,1.07,1.03
7.94080e-04,1.05,1.09
7.94160e-04,1.07,1.03
7.94240e-04,1.05,1.09
7.94320e-04,1.07,1.03
7.94400e-04,1.07,1.09
7.94480e-04,1.07,1.01
7.94560e-04,1.07,1.09
7.94640e-04,1.07,1.01
7.94720e-04,1.07,1.09
7.94800e-04,1.07,1.01
7.94880e-04,1.07,1.09
7.94960e-04,1.05,1.01
7.95040e-04,1.05,1.09
7.95120e-04,1.09,1.01
7.95200e-04,1.09,1.09
7.95280e-04,1.07,1.03
7.95360e-04,1.05,1.09
7.95440e-04,1.07,1.03
7.95520e-04,1.07,1.09
7.95600e-04,1.07,1.03
7.95680e-04,1.05,1.09
7.95760e-04,1.09,1.03
7.95840e-04,1.05,1.09
7.95920e-04,1.07,1.01
7.96000e-04,1.07,1.09
7.96080e-04,1.07,1.03
7.96160e-04,1.07,1.09
7.96240e-04,1.07,1.03
7.96320e-04,1.07,1.09
7.96400e-04,1.07,1.03
7.96480e-04,1.07,1.09
7.96560e-04,1.07,1.03
7.96640e-04,1.07,1.09
7.96720e-04,1.07,1.03
7.96800e-04,1.07,1.09
7.96880e-04,1.07,1.03
7.96960e-04,1.07,1.09
7.97040e-04,1.07,1.03
7.97120e-04,1.07,1.09
7.97200e-04,1.07,1.03
7.97280e-04,1.07,1.09
7.97360e-04,1.07,1.03
7.97440e-04,1.09,1.09
7.97520e-04,1.05,1.03
7.97600e-04,1.07,1.09
7.97680e-04,1.05,1.01
7.97760e-04,1.07,1.11
7.97840e-04,1.07,1.03
7.97920e-04,1.07,1.09
7.98000e-04,1.05,1.01
7.98080e-04,1.07,1.09
7.98160e-04,1.07,1.01
7.98240e-04,1.07,1.09
7.98320e-04,1.07,1.03
7.98400e-04,1.05,1.09
7.98480e-04,1.07,1.03
7.98560e-04,1.07,1.09
7.98640e-04,1.09,1.03
7.98720e-04,1.09,1.09
7.98800e-04,1.07,1.03
7.98880e-04,1.07,1.09
7.98960e-04,1.07,1.03
7.99040e-04,1.07,1.09
7.99120e-04,1.07,1.03
7.99200e-04,1.07,1.09
7.99280e-04,1.07,1.03
7.99360e-04,1.07,1.09
7.99440e-04,1.09,1.03
7.99520e-04,1.07,1.11
7.99600e-04,1.09,1.03
7.99680e-04,1.07,1.09
7.99760e-04,1.07,1.03
7.99840e-04,1.07,1.09
7.99920e-04,1.07,1.03
8.00000e-04,1.07,1.09
8.00080e-04,1.07,1.03
8.00160e-04,1.09,1.09
8.00240e-04,1.09,1.03
8.00320e-04,1.09,1.09
8.00400e-04,1.07,1.03
8.00480e-04,1.07,1.09
8.00560e-04,1.07,1.03
8.00640e-04,1.07,1.09
8.00720e-04,1.07,1.03
8.00800e-04,1.07,1.09
8.00880e-04,1.07,1.03
8.00960e-04,1.09,1.09
8.01040e-04,1.07,1.03
8.01120e-04,1.07,1.09
8.01200e-04,1.07,1.03
8.01280e-04,1.07,1.09
8.01360e-04,1.07,1.03
8.01440e-04,1.07,1.09
8.01520e-04,1.07,1.03
8.01600e-04,1.07,1.09
8.01680e-04,1.09,1.03
8.01760e-04,1.07,1.09
8.01840e-04,1.09,1.03
8.01920e-04,1.09,1.09
8.02000e-04,1.07,1.03
8.02080e-04,1.07,1.09
8.02160e-04,1.09,1.03
8.02240e-04,1.07,1.09
8.02320e-04,1.09,1.01
8.02400e-04,1.07,1.09
8.02480e-04,1.05,1.03
8.02560e-04,1.07,1.11
8.02640e-04,1.07,1.03
8.02720e-04,1.07,1.09
8.02800e-04,1.07,1.03
8.02880e-04,1.07,1.09
8.02960e-04,1.09,1.03
8.03040e-04,1.09,1.11
8.03120e-04,1.07,1.03
8.03200e-04,1.09,1.09
8.03280e-04,1.09,1.03
8.03360e-04,1.07,1.09
8.03440e-04,1.05,1.03
8.03520e-04,1.07,1.09
8.03600e-04,1.09,1.03
8.03680e-04,1.07,1.09
8.03760e-04,1.09,1.03
8.03840e-04,1.07,1.09
8.03920e-04,1.07,1.03
8.04000e-04,1.09,1.09
8.04080e-04,1.07,1.03
8.04160e-04,1.07,1.09
8.04240e-04,1.07,1.03
8.04320e-04,1.07,1.09
8.04400e-04,1.07,1.03
8.04480e-04,1.07,1.09
8.04560e-04,1.07,1.03
8.04640e-04,1.09,1.09
8.04720e-04,1.07,1.03
8.04800e-04,1.07,1.09
8.04880e-04,1.09,1.03
8.04960e-04,1.09,1.09
8.05040e-04,1.07,1.01
8.05120e-04,1.09,1.11
8.05200e-04,1.07,1.03
8.05280e-04,1.07,1.09
8.05360e-04,1.09,1.03
8.05440e-04,1.07,1.09
8.05520e-04,1.07,1.03
8.05600e-04,1.07,1.09
8.05680e-04,1.09,1.03
8.05760e-04,1.07,1.09
8.05840e-04,1.05,1.03
8.05920e-04,1.05,1.11
8.06000e-04,1.07,1.03
8.06080e-04,1.07,1.11
8.06160e-04,1.09,1.03
8.06240e-04,1.07,1.09
8.06320e-04,1.09,1.03
8.06400e-04,1.07,1.09
8.06480e-04,1.07,1.03
8.06560e-04,1.07,1.09
8.06640e-04,1.09,1.03
8.06720e-04,1.07,1.09
8.06800e-04,1.07,1.03
8.06880e-04,1.07,1.09
8.06960e-04,1.07,1.03
8.07040e-04,1.07,1.09
8.07120e-04,1.07,1.03
8.07200e-04,1.07,1.09
8.07280e-04,1.07,1.03
8.07360e-04,1.07,1.09
8.07440e-04,1.07,1.03
8.07520e-04,1.07,1.09
8.07600e-04,1.07,1.03
8.07680e-04,1.09,1.09
8.07760e-04,1.07,1.03
8.07840e-04,1.07,1.09
8.07920e-04,1.07,1.03
8.08000e-04,1.07,1.09
8.08080e-04,1.09,1.03
8.08160e-04,1.07,1.09
8.08240e-04,1.07,1.03
8.08320e-04,1.07,1.09
8.08400e-04,1.07,1.03
8.08480e-04,1.05,1.09
8.08560e-04,1.07,1.03
8.08640e-04,1.05,1.09
8.08720e-04,1.07,1.03
8.08800e-04,1.07,1.09
8.08880e-04,1.09,1.03
8.08960e-04,1.07,1.09
8.09040e-04,1.05,1.03
8.09120e-04,1.07,1.09
8.09200e-04,1.07,1.03
8.09280e-04,1.07,1.09
8.09360e-04,1.07,1.03
8.09440e-04,1.07,1.09
8.09520e-04,1.07,1.03
8.09600e-04,1.07,1.09
8.09680e-04,1.09,1.03
8.09760e-04,1.07,1.09
8.09840e-04,1.07,1.03
8.09920e-04,1.07,1.09
8.10000e-04,1.07,1.03
8.10080e-04,1.07,1.09
8.10160e-04,1.07,1.03
8.10240e-04,1.05,1.09
8.10320e-04,1.07,1.03
8.10400e-04,1.09,1.09
8.10480e-04,1.07,1.03
8.10560e-04,1.09,1.09
8.10640e-04,1.07,1.03
8.10720e-04,1.09,1.09
8.10800e-04,1.07,1.03
8.10880e-04,1.07,1.09
8.10960e-04,1.07,1.03
8.11040e-04,1.07,1.09
8.11120e-04,1.07,1.03
8.11200e-04,1.07,1.09
8.11280e-04,1.07,1.03
8.11360e-04,1.07,1.09
8.11440e-04,1.07,1.03
8.11520e-04,1.07,1.09
8.11600e-04,1.07,1.03
8.11680e-04,1.07,1.09
8.11760e-04,1.07,1.03
8.11840e-04,1.07,1.09
8.11920e-04,1.07,1.03
8.12000e-04,1.09,1.09
8.12080e-04,1.07,1.03
8.12160e-04,1.07,1.09
8.12240e-04,1.09,1.03
8.12320e-04,1.09,1.09
8.12400e-04,1.05,1.03
8.12480e-04,1.07,1.09
8.12560e-04,1.09,1.03
8.12640e-04,1.09,1.09
8.12720e-04,1.07,1.01
8.12800e-04,1.07,1.11
8.12880e-04,1.05,1.03
8.12960e-04,1.07,1.09
8.13040e-04,1.07,1.03
8.13120e-04,1.07,1.09
8.13200e-04,1.07,1.03
8.13280e-04,1.09,1.09
8.13360e-04,1.07,1.03
8.13440e-04,1.07,1.09
8.13520e-04,1.09,1.03
8.13600e-04,1.09,1.09
8.13680e-04,1.07,1.03
8.13760e-04,1.07,1.09
8.13840e-04,1.07,1.03
8.13920e-04,1.07,1.09
8.14000e-04,1.07,1.03
8.14080e-04,1.07,1.09
8.14160e-04,1.07,1.03
8.14240e-04,1.07,1.09
8.14320e-04,1.07,1.03
8.14400e-04,1.07,1.09
8.14480e-04,1.07,1.03
8.14560e-04,1.09,1.09
8.14640e-04,1.07,1.03
8.14720e-04,1.07,1.09
8.14800e-04,1.07,1.03
8.14880e-04,1.07,1.09
8.14960e-04,1.07,1.03
8.15040e-04,1.09,1.09
8.15120e-04,1.07,1.01
8.15200e-04,1.07,1.09
8.15280e-04,1.07,1.03
8.15360e-04,1.07,1.09
8.15440e-04,1.07,1.03
8.15520e-04,1.07,1.09
8.15600e-04,1.07,1.03
8.15680e-04,1.07,1.09
8.15760e-04,1.07,1.03
8.15840e-04,1.07,1.09
8.15920e-04,1.05,1.03
8.16000e-04,1.07,1.09
8.16080e-04,1.07,1.03
8.16160e-04,1.07,1.09
8.16240e-04,1.07,1.03
8.16320e-04,1.09,1.09
8.16400e-04,1.07,1.03
8.16480e-04,1.07,1.09
8.16560e-04,1.07,1.03
8.16640e-04,1.07,1.09
8.16720e-04,1.07,1.03
8.16800e-04,1.07,1.09
8.16880e-04,1.07,1.03
8.16960e-04,1.07,1.09
8.17040e-04,1.07,1.03
8.17120e-04,1.07,1.09
8.17200e-04,1.07,1.03
8.17280e-04,1.07,1.09
8.17360e-04,1.07,1.03
8.17440e-04,1.07,1.09
8.17520e-04,1.07,1.03
8.17600e-04,1.09,1.09
8.17680e-04,1.07,1.03
8.17760e-04,1.09,1.09
8.17840e-04,1.07,1.03
8.17920e-04,1.07,1.11
8.18000e-04,1.07,1.03
8.18080e-04,1.07,1.09
8.18160e-04,1.07,1.03
8.18240e-04,1.07,1.09
8.18320e-04,1.07,1.03
8.18400e-04,1.07,1.09
8.18480e-04,1.05,1.03
8.18560e-04,1.07,1.09
8.18640e-04,1.05,1.03
8.18720e-04,1.05,1.09
8.18800e-04,1.07,1.03
8.18880e-04,1.09,1.09
8.18960e-04,1.09,1.03
8.19040e-04,1.07,1.09
8.19120e-04,1.07,1.03
8.19200e-04,1.07,1.09
8.19280e-04,1.07,1.03
8.19360e-04,1.09,1.09
8.19440e-04,1.07,1.03
8.19520e-04,1.07,1.09
8.19600e-04,1.07,1.03
8.19680e-04,1.09,1.09
8.19760e-04,1.07,1.03
8.19840e-04,1.07,1.09
8.19920e-04,1.05,1.03
8.20000e-04,1.05,1.09
8.20080e-04,1.07,1.03
8.20160e-04,1.09,1.09
8.20240e-04,1.07,1.01
8.20320e-04,1.07,1.09
8.20400e-04,1.07,1.01
8.20480e-04,1.07,1.09
8.20560e-04,1.07,1.03
8.20640e-04,1.07,1.09
8.20720e-04,1.07,1.03
8.20800e-04,1.07,1.09
8.20880e-04,1.09,1.03
8.20960e-04,1.07,1.09
8.21040e-04,1.07,1.03
8.21120e-04,1.07,1.09
8.21200e-04,1.07,1.03
8.21280e-04,1.07,1.09
8.21360e-04,1.07,1.03
8.21440e-04,1.07,1.09
8.21520e-04,1.07,1.03
8.21600e-04,1.07,1.09
8.21680e-04,1.07,1.03
8.21760e-04,1.09,1.09
8.21840e-04,1.07,1.03
8.21920e-04,1.07,1.09
8.22000e-04,1.07,1.03
8.22080e-04,1.07,1.07
8.22160e-04,1.07,1.03
8.22240e-04,1.07,1.09
8.22320e-04,1.07,1.03
8.22400e-04,1.07,1.07
8.22480e-04,1.07,1.03
8.22560e-04,1.07,1.09
8.22640e-04,1.07,1.03
8.22720e-04,1.05,1.09
8.22800e-04,1.05,1.03
8.22880e-04,1.07,1.09
8.22960e-04,1.07,1.03
8.23040e-04,1.07,1.07
8.23120e-04,1.07,1.03
8.23200e-04,1.07,1.09
8.23280e-04,1.07,1.03
8.23360e-04,1.05,1.09
8.23440e-04,1.07,1.03
8.23520e-04,1.09,1.09
8.23600e-04,1.07,1.03
8.23680e-04,1.07,1.09
8.23760e-04,1.07,1.03
8.23840e-04,1.07,1.09
8.23920e-04,1.07,1.03
8.24000e-04,1.07,1.09
8.24080e-04,1.07,1.03
8.24160e-04,1.07,1.09
8.24240e-04,1.05,1.03
8.24320e-04,1.05,1.09
8.24400e-04,1.07,1.03
8.24480e-04,1.07,1.09
8.24560e-04,1.07,1.03
8.24640e-04,1.07,1.09
8.24720e-04,1.07,1.03
8.24800e-04,1.07,1.09
8.24880e-04,1.07,1.03
8.24960e-04,1.07,1.09
8.25040e-04,1.07,1.03
8.25120e-04,1.07,1.09
8.25200e-04,1.07,1.01
8.25280e-04,1.05,1.09
8.25360e-04,1.05,1.03
8.25440e-04,1.05,1.09
8.25520e-04,1.05,1.01
8.25600e-04,1.07,1.09
8.25680e-04,1.07,1.01
8.25760e-04,1.07,1.09
8.25840e-04,1.07,1.01
8.25920e-04,1.05,1.09
8.26000e-04,1.07,1.03
8.26080e-04,1.07,1.09
8.26160e-04,1.07,1.01
8.26240e-04,1.09,1.09
8.26320e-04,1.07,1.01
8.26400e-04,1.07,1.09
8.26480e-04,1.07,1.03
8.26560e-04,1.07,1.09
8.26640e-04,1.07,1.01
8.26720e-04,1.07,1.09
8.26800e-04,1.05,1.01
8.26880e-04,1.07,1.09
8.26960e-04,1.07,1.01
8.27040e-04,1.07,1.09
8.27120e-04,1.07,1.03
8.27200e-04,0.77,1.07
8.27280e-04,0.95,0.57
8.27360e-04,1.03,1.07
8.27440e-04,0.97,0.79
8.27520e-04,0.97,1.05
8.27600e-04,0.99,0.95
8.27680e-04,1.01,1.05
8.27760e-04,1.03,0.93
8.27840e-04,1.03,1.01
8.27920e-04,1.05,0.95
8.28000e-04,1.05,1.05
8.28080e-04,1.07,0.99
8.28160e-04,1.07,1.09
8.28240e-04,1.09,1.03
8.28320e-04,1.07,1.11
8.28400e-04,1.07,1.03
8.28480e-04,1.07,1.11
8.28560e-04,1.05,1.03
8.28640e-04,1.07,1.09
8.28720e-04,1.05,1.03
8.28800e-04,1.05,1.09
8.28880e-04,1.05,1.03
8.28960e-04,1.07,1.09
8.29040e-04,1.05,1.01
8.29120e-04,1.05,1.07
8.29200e-04,1.07,1.01
8.29280e-04,1.07,1.07
8.29360e-04,1.07,1.01
8.29440e-04,1.07,1.09
8.29520e-04,1.05,1.01
8.29600e-04,1.07,1.09
8.29680e-04,1.07,1.01
8.29760e-04,1.05,1.09
8.29840e-04,1.07,1.01
8.29920e-04,1.05,1.07
8.30000e-04,1.05,1.01
8.30080e-04,1.05,1.07
8.30160e-04,1.05,1.01
8.30240e-04,1.07,1.07
8.30320e-04,1.05,1.01
8.30400e-04,1.05,1.07
8.30480e-04,1.05,1.01
8.30560e-04,1.05,1.07
8.30640e-04,1.05,1.01
8.30720e-04,1.05,1.07
8.30800e-04,1.05,1.01
8.30880e-04,1.05,1.07
8.30960e-04,1.07,1.01
8.31040e-04,1.05,1.07
8.31120e-04,1.05,1.01
8.31200e-04,1.05,1.07
8.31280e-04,1.05,1.01
8.31360e-04,1.07,1.07
8.31440e-04,1.05,1.01
8.31520e-04,1.07,1.07
8.31600e-04,1.07,1.01
8.31680e-04,1.05,1.09
8.31760e-04,1.05,1.01
8.31840e-04,1.05,1.07
8.31920e-04,1.03,1.01
8.32000e-04,1.05,1.09
8.32080e-04,1.05,1.01
8.32160e-04,1.05,1.09
8.32240e-04,1.05,1.01
8.32320e-04,1.05,1.07
8.32400e-04,1.05,1.01
8.32480e-04,1.05,1.07
8.32560e-04,1.05,1.01
8.32640e-04,1.07,1.09
8.32720e-04,1.07,1.01
8.32800e-04,1.05,1.09
8.32880e-04,1.03,1.01
8.32960e-04,1.05,1.07
8.33040e-04,1.05,1.01
8.33120e-04,1.05,1.07
8.33200e-04,1.03,1.01
8.33280e-04,1.05,1.07
8.33360e-04,1.05,1.01
8.33440e-04,1.05,1.07
8.33520e-04,1.07,1.01
8.33600e-04,1.05,1.09
8.33680e-04,1.05,1.01
8.33760e-04,1.05,1.07
8.33840e-04,1.05,1.01
8.33920e-04,1.49,1.07
8.34000e-04,1.09,1.01
8.34080e-04,1.11,1.49
8.34160e-04,1.13,1.05
8.34240e-04,1.11,1.53
8.34320e-04,1.13,1.05
8.34400e-04,1.13,1.15
8.34480e-04,1.11,1.07
8.34560e-04,1.07,1.13
8.34640e-04,1.07,1.07
8.34720e-04,1.05,1.13
8.34800e-04,1.05,1.03
8.34880e-04,1.05,1.11
8.34960e-04,1.05,1.01
8.35040e-04,1.05,1.07
8.35120e-04,1.03,1.01
8.35200e-04,1.05,1.05
8.35280e-04,1.05,0.99
8.35360e-04,1.09,1.07
8.35440e-04,1.07,0.99
8.35520e-04,1.05,1.09
8.35600e-04,1.07,1.01
8.35680e-04,1.07,1.07
8.35760e-04,1.07,1.01
8.35840e-04,1.05,1.07
8.35920e-04,1.05,1.01
8.36000e-04,1.07,1.07
8.36080e-04,1.05,1.01
8.36160e-04,1.07,1.09
8.36240e-04,1.05,1.01
8.36320e-04,1.07,1.09
8.36400e-04,1.05,1.01
8.36480e-04,1.05,1.09
8.36560e-04,1.07,1.01
8.36640e-04,1.05,1.07
8.36720e-04,1.07,1.03
8.36800e-04,1.05,1.09
8.36880e-04,1.07,1.01
8.36960e-04,1.07,1.09
8.37040e-04,1.05,1.01
8.37120e-04,1.05,1.09
8.37200e-04,1.05,1.03
8.37280e-04,1.05,1.07
8.37360e-04,1.07,1.01
8.37440e-04,1.05,1.09
8.37520e-04,1.07,1.03
8.37600e-04,1.07,1.09
8.37680e-04,1.07,1.01
8.37760e-04,1.07,1.09
8.37840e-04,1.05,1.01
8.37920e-04,1.05,1.09
8.38000e-04,1.07,1.01
8.38080e-04,1.05,1.09
8.38160e-04,1.07,1.01
8.38240e-04,1.07,1.09
8.38320e-04,1.07,1.03
8.38400e-04,1.07,1.07
8.38480e-04,1.07,1.03
8.38560e-04,1.09,1.09
8.38640e-04,1.09,1.03
8.38720e-04,1.07,1.09
8.38800e-04,1.07,1.03
8.38880e-04,1.07,1.09
8.38960e-04,1.05,1.03
8.39040e-04,1.07,1.09
8.39120e-04,1.07,1.03
8.39200e-04,1.05,1.09
8.39280e-04,1.07,1.03
8.39360e-04,1.05,1.09
8.39440e-04,1.09,1.03
8.39520e-04,1.07,1.09
8.39600e-04,1.07,1.03
8.39680e-04,1.07,1.09
8.39760e-04,1.05,1.03
8.39840e-04,1.07,1.09
8.39920e-04,1.05,1.01
8.40000e-04,1.07,1.07
8.40080e-04,1.07,1.03
8.40160e-04,1.07,1.09
8.40240e-04,1.07,1.03
8.40320e-04,1.07,1.09
8.40400e-04,1.07,1.03
8.40480e-04,1.07,1.09
8.40560e-04,1.05,1.03
8.40640e-04,1.07,1.09
8.40720e-04,1.07,1.03
8.40800e-04,1.05,1.09
8.40880e-04,1.07,1.03
8.40960e-04,1.05,1.09
8.41040e-04,1.07,1.01
8.41120e-04,1.09,1.09
8.41200e-04,1.07,1.01
8.41280e-04,1.09,1.09
8.41360e-04,1.05,1.01
8.41440e-04,1.07,1.09
8.41520e-04,1.05,1.03
8.41600e-04,1.07,1.09
8.41680e-04,1.07,1.03
8.41760e-04,1.07,1.09
8.41840e-04,1.07,1.03
8.41920e-04,1.05,1.09
8.42000e-04,1.07,1.01
8.42080e-04,1.07,1.09
8.42160e-04,1.07,1.01
8.42240e-04,1.07,1.09
8.42320e-04,1.07,1.01
8.42400e-04,1.07,1.09
8.42480e-04,1.07,1.03
8.42560e-04,1.07,1.09
8.42640e-04,1.07,1.03
8.42720e-04,1.09,1.09
8.42800e-04,1.09,1.03
8.42880e-04,1.09,1.09
8.42960e-04,1.07,1.01
8.43040e-04,1.07,1.09
8.43120e-04,1.07,1.01
8.43200e-04,1.05,1.09
8.43280e-04,1.05,1.03
8.43360e-04,1.05,1.09
8.43440e-04,1.07,1.03
8.43520e-04,1.05,1.09
8.43600e-04,1.07,1.03
8.43680e-04,1.07,1.09
8.43760e-04,1.05,1.01
8.43840e-04,1.05,1.09
8.43920e-04,1.07,1.03
8.44000e-04,1.05,1.09
8.44080e-04,1.07,1.01
8.44160e-04,1.07,1.09
8.44240e-04,1.07,1.03
8.44320e-04,1.07,1.09
8.44400e-04,1.05,1.03
8.44480e-04,1.07,1.09
8.44560e-04,1.07,1.01
8.44640e-04,1.07,1.09
8.44720e-04,1.07,1.03
8.44800e-04,1.07,1.09
8.44880e-04,1.07,1.03
8.44960e-04,1.07,1.09
8.45040e-04,1.07,1.03
8.45120e-04,1.07,1.09
8.45200e-04,1.07,1.03
8.45280e-04,1.07,1.09
8.45360e-04,1.07,1.03
8.45440e-04,1.09,1.09
8.45520e-04,1.07,1.01
8.45600e-04,1.07,1.09
8.45680e-04,1.07,1.01
8.45760e-04,1.07,1.09
8.45840e-04,1.05,1.03
8.45920e-04,1.07,1.09
8.46000e-04,1.07,1.03
8.46080e-04,1.07,1.09
8.46160e-04,1.09,1.03
8.46240e-04,1.07,1.09
8.46320e-04,1.07,1.03
8.46400e-04,1.07,1.09
8.46480e-04,1.07,1.03
8.46560e-04,1.07,1.09
8.46640e-04,1.07,1.03
8.46720e-04,1.07,1.09
8.46800e-04,1.07,1.03
8.46880e-04,1.07,1.09
8.46960e-04,1.07,1.03
8.47040e-04,1.07,1.09
8.47120e-04,1.07,1.03
8.47200e-04,1.07,1.09
8.47280e-04,1.09,1.03
8.47360e-04,1.05,1.09
8.47440e-04,1.03,1.03
8.47520e-04,1.07,1.09
8.47600e-04,1.09,1.01
8.47680e-04,1.07,1.09
8.47760e-04,1.07,1.03
8.47840e-04,1.09,1.09
8.47920e-04,1.07,1.03
8.48000e-04,1.07,1.09
8.48080e-04,1.07,1.03
8.48160e-04,1.07,1.09
8.48240e-04,1.07,1.03
8.48320e-04,1.07,1.09
8.48400e-04,1.07,1.03
8.48480e-04,1.05,1.09
8.48560e-04,1.07,1.01
8.48640e-04,1.07,1.09
8.48720e-04,1.07,1.03
8.48800e-04,1.07,1.09
8.48880e-04,1.09,1.03
8.48960e-04,1.05,1.09
8.49040e-04,1.07,1.03
8.49120e-04,1.07,1.09
8.49200e-04,1.07,1.03
8.49280e-04,1.07,1.09
8.49360e-04,1.05,1.03
8.49440e-04,1.07,1.09
8.49520e-04,1.07,1.03
8.49600e-04,1.07,1.09
8.49680e-04,1.07,1.03
8.49760e-04,1.07,1.09
8.49840e-04,1.07,1.03
8.49920e-04,1.09,1.09
8.50000e-04,1.09,1.03
8.50080e-04,1.07,1.09
8.50160e-04,1.07,1.03
8.50240e-04,1.07,1.09
8.50320e-04,1.07,1.03
8.50400e-04,1.07,1.11
8.50480e-04,1.09,1.01
8.50560e-04,1.09,1.09
8.50640e-04,1.07,1.03
8.50720e-04,1.09,1.11
8.50800e-04,1.07,1.03
8.50880e-04,1.07,1.09
8.50960e-04,1.07,1.03
8.51040e-04,1.09,1.09
8.51120e-04,1.09,1.03
8.51200e-04,1.07,1.11
8.51280e-04,1.07,1.03
8.51360e-04,1.07,1.09
8.51440e-04,1.09,1.03
8.51520e-04,1.07,1.09
8.51600e-04,1.07,1.03
8.51680e-04,1.07,1.09
8.51760e-04,1.07,1.03
8.51840e-04,1.07,1.09
8.51920e-04,1.07,1.03
8.52000e-04,1.07,1.09
8.52080e-04,1.07,1.03
8.52160e-04,1.05,1.09
8.52240e-04,1.07,1.03
8.52320e-04,1.07,1.09
8.52400e-04,1.09,1.03
8.52480e-04,1.09,1.09
8.52560e-04,1.09,1.03
8.52640e-04,1.07,1.09
8.52720e-04,1.09,1.03
8.52800e-04,1.07,1.09
8.52880e-04,1.09,1.03
8.52960e-04,1.07,1.09
8.53040e-04,1.09,1.03
8.53120e-04,1.07,1.09
8.53200e-04,1.07,1.03
8.53280e-04,1.09,1.09
8.53360e-04,1.07,1.03
8.53440e-04,1.07,1.09
8.53520e-04,1.07,1.03
8.53600e-04,1.07,1.09
8.53680e-04,1.07,1.03
8.53760e-04,1.07,1.09
8.53840e-04,1.05,1.03
8.53920e-04,1.09,1.09
8.54000e-04,1.09,1.03
8.54080e-04,1.07,1.09
8.54160e-04,1.07,1.03
8.54240e-04,1.07,1.09
8.54320e-04,1.07,1.03
8.54400e-04,1.09,1.09
8.54480e-04,1.07,1.03
8.54560e-04,1.07,1.09
8.54640e-04,1.07,1.03
8.54720e-04,1.07,1.09
8.54800e-04,1.07,1.03
8.54880e-04,1.07,1.09
8.54960e-04,1.07,1.03
8.55040e-04,1.07,1.09
8.55120e-04,1.07,1.03
8.55200e-04,1.09,1.09
8.55280e-04,1.07,1.03
8.55360e-04,1.05,1.09
8.55440e-04,1.09,1.03
8.55520e-04,1.07,1.09
8.55600e-04,1.07,1.03
8.55680e-04,1.07,1.09
8.55760e-04,1.05,1.03
8.55840e-04,1.07,1.09
8.55920e-04,1.07,1.03
8.56000e-04,1.07,1.09
8.56080e-04,1.07,1.03
8.56160e-04,1.07,1.09
8.56240e-04,1.07,1.03
8.56320e-04,1.09,1.09
8.56400e-04,1.07,1.03
8.56480e-04,1.07,1.09
8.56560e-04,1.07,1.03
8.56640e-04,1.07,1.09
8.56720e-04,1.07,1.03
8.56800e-04,1.07,1.09
8.56880e-04,1.09,1.03
8.56960e-04,1.07,1.09
8.57040e-04,1.07,1.03
8.57120e-04,1.09,1.09
8.57200e-04,1.07,1.03
8.57280e-04,1.07,1.09
8.57360e-04,1.09,1.03
8.57440e-04,1.07,1.09
8.57520e-04,1.07,1.03
8.57600e-04,1.07,1.09
8.57680e-04,1.09,1.03
8.57760e-04,1.09,1.09
8.57840e-04,1.07,1.03
8.57920e-04,1.07,1.09
8.58000e-04,1.07,1.03
8.58080e-04,1.05,1.09
8.58160e-04,1.07,1.03
8.58240e-04,1.07,1.11
8.58320e-04,1.07,1.03
8.58400e-04,1.05,1.09
8.58480e-04,1.09,1.03
8.58560e-04,1.07,1.09
8.58640e-04,1.09,1.03
8.58720e-04,1.07,1.09
8.58800e-04,1.07,1.03
8.58880e-04,1.09,1.09
8.58960e-04,1.05,1.03
8.59040e-04,1.07,1.09
8.59120e-04,1.07,1.03
8.59200e-04,1.09,1.09
8.59280e-04,1.07,1.03
8.59360e-04,1.07,1.09
8.59440e-04,1.09,1.03
8.59520e-04,1.07,1.09
8.59600e-04,1.07,1.03
8.59680e-04,1.07,1.09
8.59760e-04,1.07,1.03
8.59840e-04,1.07,1.09
8.59920e-04,1.07,1.03
8.60000e-04,1.07,1.09
8.60080e-04,1.05,1.03
8.60160e-04,1.07,1.09
8.60240e-04,1.05,1.03
8.60320e-04,1.07,1.09
8.60400e-04,1.09,1.03
8.60480e-04,1.07,1.09
8.60560e-04,1.09,1.03
8.60640e-04,1.07,1.09
8.60720e-04,1.07,1.01
8.60800e-04,1.07,1.11
8.60880e-04,1.07,1.03
8.60960e-04,1.07,1.09
8.61040e-04,1.07,1.03
8.61120e-04,1.09,1.09
8.61200e-04,1.09,1.03
8.61280e-04,1.07,1.09
8.61360e-04,1.07,1.03
8.61440e-04,1.07,1.09
8.61520e-04,1.07,1.03
8.61600e-04,1.07,1.09
8.61680e-04,1.07,1.03
8.61760e-04,1.07,1.09
8.61840e-04,1.07,1.03
8.61920e-04,1.07,1.09
8.62000e-04,1.09,1.03
8.62080e-04,1.07,1.09
8.62160e-04,1.07,1.03
8.62240e-04,1.09,1.09
8.62320e-04,1.07,1.03
8.62400e-04,1.07,1.09
8.62480e-04,1.07,1.03
8.62560e-04,1.07,1.09
8.62640e-04,1.09,1.03
8.62720e-04,1.07,1.09
8.62800e-04,1.05,1.03
8.62880e-04,1.07,1.09
8.62960e-04,1.05,1.03
8.63040e-04,1.09,1.09
8.63120e-04,1.09,1.03
8.63200e-04,1.07,1.09
8.63280e-04,1.07,1.03
8.63360e-04,1.05,1.09
8.63440e-04,1.07,1.03
8.63520e-04,1.07,1.09
8.63600e-04,1.09,1.03
8.63680e-04,1.07,1.09
8.63760e-04,1.09,1.03
8.63840e-04,1.07,1.09
8.63920e-04,1.09,1.03
8.64000e-04,1.09,1.09
8.64080e-04,1.07,1.03
8.64160e-04,1.09,1.09
8.64240e-04,1.07,1.03
8.64320e-04,1.09,1.09
8.64400e-04,1.07,1.03
8.64480e-04,1.07,1.11
8.64560e-04,1.09,1.03
8.64640e-04,1.11,1.09
8.64720e-04,1.07,1.03
8.64800e-04,1.07,1.11
8.64880e-04,1.07,1.01
8.64960e-04,1.09,1.11
8.65040e-04,1.07,1.03
8.65120e-04,1.05,1.09
8.65200e-04,1.07,1.03
8.65280e-04,1.07,1.09
8.65360e-04,1.07,1.03
8.65440e-04,1.09,1.09
8.65520e-04,1.09,1.01
8.65600e-04,1.07,1.11
8.65680e-04,1.05,1.01
8.65760e-04,1.07,1.09
8.65840e-04,1.07,1.01
8.65920e-04,1.07,1.09
8.66000e-04,1.07,1.03
8.66080e-04,1.07,1.09
8.66160e-04,1.07,1.03
8.66240e-04,1.07,1.09
8.66320e-04,1.07,1.03
8.66400e-04,1.07,1.09
8.66480e-04,1.07,1.03
8.66560e-04,1.07,1.09
8.66640e-04,1.07,1.03
8.66720e-04,1.07,1.09
8.66800e-04,1.09,1.01
8.66880e-04,1.09,1.11
8.66960e-04,1.07,1.01
8.67040e-04,1.07,1.11
8.67120e-04,1.07,1.03
8.67200e-04,1.09,1.09
8.67280e-04,1.07,1.03
8.67360e-04,1.05,1.09
8.67440e-04,1.09,1.03
8.67520e-04,1.07,1.09
8.67600e-04,1.07,1.03
8.67680e-04,1.07,1.09
8.67760e-04,1.07,1.03
8.67840e-04,1.07,1.09
8.67920e-04,1.07,1.03
8.68000e-04,1.09,1.09
8.68080e-04,1.07,1.03
8.68160e-04,1.07,1.09
8.68240e-04,1.05,1.01
8.68320e-04,1.05,1.09
8.68400e-04,1.07,1.03
8.68480e-04,1.07,1.09
8.68560e-04,1.07,1.03
8.68640e-04,1.07,1.09
8.68720e-04,1.07,1.03
8.68800e-04,1.07,1.11
8.68880e-04,1.07,1.03
8.68960e-04,1.07,1.09
8.69040e-04,1.07,1.03
8.69120e-04,1.07,1.09
8.69200e-04,1.09,1.03
8.69280e-04,1.07,1.09
8.69360e-04,1.07,1.03
8.69440e-04,1.07,1.09
8.69520e-04,1.07,1.03
8.69600e-04,1.05,1.09
8.69680e-04,1.07,1.03
8.69760e-04,1.07,1.09
8.69840e-04,1.05,1.03
8.69920e-04,1.07,1.09
8.70000e-04,1.07,1.03
8.70080e-04,1.07,1.09
8.70160e-04,1.07,1.03
8.70240e-04,1.05,1.09
8.70320e-04,1.05,1.01
8.70400e-04,1.05,1.07
8.70480e-04,1.05,1.01
8.70560e-04,1.07,1.07
8.70640e-04,1.07,1.01
8.70720e-04,1.07,1.07
8.70800e-04,1.07,1.01
8.70880e-04,1.07,1.09
8.70960e-04,1.09,1.03
8.71040e-04,1.07,1.11
8.71120e-04,1.07,1.03
8.71200e-04,1.07,1.09
8.71280e-04,1.07,1.03
8.71360e-04,1.07,1.09
8.71440e-04,1.07,1.03
8.71520e-04,1.07,1.09
8.71600e-04,1.09,1.03
8.71680e-04,1.07,1.09
8.71760e-04,1.09,1.03
8.71840e-04,1.09,1.09
8.71920e-04,1.07,1.03
8.72000e-04,1.07,1.09
8.72080e-04,1.07,1.03
8.72160e-04,1.07,1.09
8.72240e-04,1.09,1.03
8.72320e-04,1.07,1.09
8.72400e-04,1.07,1.03
8.72480e-04,1.07,1.09
8.72560e-04,1.09,1.03
8.72640e-04,1.07,1.09
8.72720e-04,1.07,1.03
8.72800e-04,1.07,1.09
8.72880e-04,1.09,1.03
8.72960e-04,1.07,1.09
8.73040e-04,1.07,1.03
8.73120e-04,1.07,1.09
8.73200e-04,1.05,1.03
8.73280e-04,1.07,1.09
8.73360e-04,1.07,1.03
8.73440e-04,1.07,1.09
8.73520e-04,1.09,1.01
8.73600e-04,1.07,1.09
8.73680e-04,1.07,1.03
8.73760e-04,1.09,1.09
8.73840e-04,1.07,1.03
8.73920e-04,1.05,1.09
8.74000e-04,1.07,1.03
8.74080e-04,1.07,1.09
8.74160e-04,1.07,1.03
8.74240e-04,1.07,1.09
8.74320e-04,1.09,1.03
8.74400e-04,1.09,1.09
8.74480e-04,1.07,1.03
8.74560e-04,1.07,1.09
8.74640e-04,1.07,1.03
8.74720e-04,1.07,1.09
8.74800e-04,1.07,1.03
8.74880e-04,1.07,1.09
8.74960e-04,1.07,1.03
8.75040e-04,1.07,1.09
8.75120e-04,1.07,1.03
8.75200e-04,1.07,1.09
8.75280e-04,1.07,1.03
8.75360e-04,1.07,1.09
8.75440e-04,1.09,1.03
8.75520e-04,1.09,1.09
8.75600e-04,1.09,1.03
8.75680e-04,1.07,1.09
8.75760e-04,1.07,1.03
8.75840e-04,1.07,1.09
8.75920e-04,1.07,1.03
8.76000e-04,1.07,1.09
8.76080e-04,1.07,1.03
8.76160e-04,1.07,1.09
8.76240e-04,1.09,1.03
8.76320e-04,1.09,1.09
8.76400e-04,1.07,1.03
8.76480e-04,1.09,1.09
8.76560e-04,1.07,1.03
8.76640e-04,1.07,1.09
8.76720e-04,1.07,1.03
8.76800e-04,1.07,1.09
8.76880e-04,1.07,1.03
8.76960e-04,1.07,1.09
8.77040e-04,1.07,1.03
8.77120e-04,1.07,1.09
8.77200e-04,1.07,1.03
8.77280e-04,0.93,1.11
8.77360e-04,0.97,0.59
8.77440e-04,1.05,1.09
8.77520e-04,0.99,0.91
8.77600e-04,0.97,1.07
8.77680e-04,0.99,0.95
8.77760e-04,1.01,1.03
8.77840e-04,1.03,0.95
8.77920e-04,1.05,1.03
8.78000e-04,1.07,0.97
8.78080e-04,1.07,1.05
8.78160e-04,1.07,1.01
8.78240e-04,1.09,1.09
8.78320e-04,1.09,1.05
8.78400e-04,1.09,1.11
8.78480e-04,1.07,1.05
8.78560e-04,1.09,1.11
8.78640e-04,1.07,1.03
8.78720e-04,1.07,1.09
8.78800e-04,1.07,1.03
8.78880e-04,1.07,1.09
8.78960e-04,1.07,1.03
8.79040e-04,1.07,1.09
8.79120e-04,1.07,1.01
8.79200e-04,1.07,1.09
8.79280e-04,1.07,1.01
8.79360e-04,1.07,1.09
8.79440e-04,1.05,1.01
8.79520e-04,1.07,1.09
8.79600e-04,1.05,1.01
8.79680e-04,1.07,1.09
8.79760e-04,1.05,1.01
8.79840e-04,1.05,1.09
8.79920e-04,1.07,1.01
8.80000e-04,1.05,1.07
8.80080e-04,1.05,1.01
8.80160e-04,1.05,1.07
8.80240e-04,1.05,1.01
8.80320e-04,1.05,1.09
8.80400e-04,1.09,1.01
8.80480e-04,1.05,1.07
8.80560e-04,1.03,1.01
8.80640e-04,1.03,1.09
8.80720e-04,1.05,1.01
8.80800e-04,1.05,1.09
8.80880e-04,1.07,1.01
8.80960e-04,1.09,1.09
8.81040e-04,1.05,1.01
8.81120e-04,1.07,1.09
8.81200e-04,1.07,1.01
8.81280e-04,1.05,1.09
8.81360e-04,1.05,1.01
8.81440e-04,1.07,1.07
8.81520e-04,1.07,1.01
8.81600e-04,1.05,1.09
8.81680e-04,1.05,1.01
8.81760e-04,1.07,1.09
8.81840e-04,1.07,1.03
8.81920e-04,1.07,1.07
8.82000e-04,1.07,1.03
8.82080e-04,1.07,1.09
8.82160e-04,1.07,1.01
8.82240e-04,1.07,1.07
8.82320e-04,1.05,1.01
8.82400e-04,1.07,1.09
8.82480e-04,1.07,1.03
8.82560e-04,1.05,1.09
8.82640e-04,1.05,1.03
8.82720e-04,1.05,1.09
8.82800e-04,1.05,1.01
8.82880e-04,1.07,1.07
8.82960e-04,1.07,1.03
8.83040e-04,1.05,1.09
8.83120e-04,1.07,1.03
8.83200e-04,1.05,1.09
8.83280e-04,1.05,1.03
8.83360e-04,1.05,1.09
8.83440e-04,1.07,1.03
8.83520e-04,1.07,1.07
8.83600e-04,1.07,1.01
8.83680e-04,1.05,1.09
8.83760e-04,1.07,1.03
8.83840e-04,1.07,1.09
8.83920e-04,1.07,1.01
8.84000e-04,1.43,1.09
8.84080e-04,1.11,1.03
8.84160e-04,1.11,1.53
8.84240e-04,1.15,1.05
8.84320e-04,1.13,1.43
8.84400e-04,1.13,1.05
8.84480e-04,1.11,1.15
8.84560e-04,1.09,1.09
8.84640e-04,1.09,1.15
8.84720e-04,1.09,1.07
8.84800e-04,1.09,1.13
8.84880e-04,1.05,1.03
8.84960e-04,1.05,1.11
8.85040e-04,1.07,1.01
8.85120e-04,1.05,1.07
8.85200e-04,1.05,1.01
8.85280e-04,1.05,1.07
8.85360e-04,1.05,1.01
8.85440e-04,1.07,1.07
8.85520e-04,1.05,1.03
8.85600e-04,1.07,1.09
8.85680e-04,1.07,1.01
8.85760e-04,1.07,1.07
8.85840e-04,1.05,1.03
8.85920e-04,1.07,1.09
8.86000e-04,1.07,1.01
8.86080e-04,1.07,1.11
8.86160e-04,1.07,1.01
8.86240e-04,1.05,1.09
8.86320e-04,1.09,1.03
8.86400e-04,1.07,1.09
8.86480e-04,1.07,1.01
8.86560e-04,1.07,1.09
8.86640e-04,1.07,1.03
8.86720e-04,1.07,1.09
8.86800e-04,1.05,1.03
8.86880e-04,1.07,1.09
8.86960e-04,1.05,1.03
8.87040e-04,1.07,1.09
8.87120e-04,1.07,1.03
8.87200e-04,1.07,1.09
8.87280e-04,1.07,1.03
8.87360e-04,1.07,1.07
8.87440e-04,1.07,1.03
8.87520e-04,1.07,1.09
8.87600e-04,1.07,1.03
8.87680e-04,1.07,1.09
8.87760e-04,1.07,1.03
8.87840e-04,1.07,1.09
8.87920e-04,1.05,1.03
8.88000e-04,1.07,1.09
8.88080e-04,1.09,1.03
8.88160e-04,1.07,1.09
8.88240e-04,1.07,1.03
8.88320e-04,1.09,1.09
8.88400e-04,1.09,1.01
8.88480e-04,1.07,1.09
8.88560e-04,1.07,1.01
8.88640e-04,1.09,1.11
8.88720e-04,1.07,1.03
8.88800e-04,1.07,1.09
8.88880e-04,1.07,1.03
8.88960e-04,1.07,1.09
8.89040e-04,1.07,1.03
8.89120e-04,1.07,1.09
8.89200e-04,1.05,1.03
8.89280e-04,1.09,1.09
8.89360e-04,1.05,1.03
8.89440e-04,1.07,1.09
8.89520e-04,1.07,1.03
8.89600e-04,1.07,1.09
8.89680e-04,1.09,1.03
8.89760e-04,1.09,1.09
8.89840e-04,1.09,1.03
8.89920e-04,1.07,1.09
8.90000e-04,1.07,1.03
8.90080e-04,1.07,1.09
8.90160e-04,1.07,1.03
8.90240e-04,1.07,1.09
8.90320e-04,1.07,1.03
8.90400e-04,1.07,1.09
8.90480e-04,1.09,1.03
8.90560e-04,1.07,1.09
8.90640e-04,1.07,1.03
8.90720e-04,1.07,1.09
8.90800e-04,1.05,1.03
8.90880e-04,1.09,1.09
8.90960e-04,1.07,1.03
8.91040e-04,1.09,1.09
8.91120e-04,1.07,1.03
8.91200e-04,1.07,1.09
8.91280e-04,1.07,1.01
8.91360e-04,1.05,1.09
8.91440e-04,1.09,1.03
8.91520e-04,1.07,1.09
8.91600e-04,1.07,1.03
8.91680e-04,1.07,1.09
8.91760e-04,1.07,1.03
8.91840e-04,1.09,1.09
8.91920e-04,1.05,1.03
8.92000e-04,1.07,1.09
8.92080e-04,1.07,1.03
8.92160e-04,1.07,1.09
8.92240e-04,1.07,1.03
8.92320e-04,1.07,1.09
8.92400e-04,1.07,1.01
8.92480e-04,1.07,1.09
8.92560e-04,1.09,1.03
8.92640e-04,1.07,1.09
8.92720e-04,1.07,1.03
8.92800e-04,1.09,1.09
8.92880e-04,1.07,1.03
8.92960e-04,1.07,1.09
8.93040e-04,1.07,1.03
8.93120e-04,1.07,1.09
8.93200e-04,1.05,1.03
8.93280e-04,1.07,1.09
8.93360e-04,1.07,1.03
8.93440e-04,1.07,1.09
8.93520e-04,1.07,1.03
8.93600e-04,1.07,1.09
8.93680e-04,1.07,1.03
8.93760e-04,1.07,1.09
8.93840e-04,1.09,1.03
8.93920e-04,1.07,1.09
8.94000e-04,1.07,1.01
8.94080e-04,1.07,1.09
8.94160e-04,1.09,1.03
8.94240e-04,1.05,1.09
8.94320e-04,1.07,1.03
8.94400e-04,1.07,1.09
8.94480e-04,1.05,1.03
8.94560e-04,1.07,1.09
8.94640e-04,1.07,1.03
8.94720e-04,1.07,1.09
8.94800e-04,1.07,1.03
8.94880e-04,1.07,1.09
8.94960e-04,1.09,1.03
8.95040e-04,1.07,1.09
8.95120e-04,1.07,1.03
8.95200e-04,1.09,1.09
8.95280e-04,1.09,1.03
8.95360e-04,1.07,1.09
8.95440e-04,1.09,1.03
8.95520e-04,1.07,1.09
8.95600e-04,1.09,1.03
8.95680e-04,1.07,1.09
8.95760e-04,1.09,1.03
8.95840e-04,1.09,1.09
8.95920e-04,1.07,1.01
8.96000e-04,1.07,1.11
8.96080e-04,1.09,1.03
8.96160e-04,1.07,1.09
8.96240e-04,1.05,1.03
8.96320e-04,1.09,1.09
8.96400e-04,1.07,1.01
8.96480e-04,1.09,1.09
8.96560e-04,1.07,1.03
8.96640e-04,1.07,1.09
8.96720e-04,1.09,1.03
8.96800e-04,1.07,1.09
8.96880e-04,1.09,1.03
8.96960e-04,1.07,1.09
8.97040e-04,1.09,1.03
8.97120e-04,1.07,1.09
8.97200e-04,1.09,1.03
8.97280e-04,1.07,1.09
8.97360e-04,1.07,1.03
8.97440e-04,1.09,1.09
8.97520e-04,1.07,1.05
8.97600e-04,1.07,1.09
8.97680e-04,1.07,1.03
8.97760e-04,1.09,1.09
8.97840e-04,1.07,1.03
8.97920e-04,1.09,1.09
8.98000e-04,1.09,1.03
8.98080e-04,1.09,1.09
8.98160e-04,1.09,1.03
8.98240e-04,1.07,1.09
8.98320e-04,1.07,1.03
8.98400e-04,1.09,1.09
8.98480e-04,1.09,1.03
8.98560e-04,1.07,1.09
8.98640e-04,1.09,1.03
8.98720e-04,1.09,1.09
8.98800e-04,1.05,1.03
8.98880e-04,1.09,1.09
8.98960e-04,1.07,1.03
8.99040e-04,1.05,1.11
8.99120e-04,1.07,1.03
8.99200e-04,1.07,1.09
8.99280e-04,1.07,1.03
8.99360e-04,1.07,1.11
8.99440e-04,1.09,1.03
8.99520e-04,1.07,1.09
8.99600e-04,1.09,1.03
8.99680e-04,1.09,1.09
8.99760e-04,1.09,1.03
8.99840e-04,1.11,1.11
8.99920e-04,1.07,1.03
9.00000e-04,1.09,1.11
9.00080e-04,1.07,1.03
9.00160e-04,1.09,1.11
9.00240e-04,1.07,1.05
9.00320e-04,1.07,1.09
9.00400e-04,1.07,1.05
9.00480e-04,1.07,1.09
9.00560e-04,1.09,1.03
9.00640e-04,1.09,1.09
9.00720e-04,1.09,1.03
9.00800e-04,1.09,1.11
9.00880e-04,1.07,1.03
9.00960e-04,1.09,1.09
9.01040e-04,1.07,1.03
9.01120e-04,1.09,1.09
9.01200e-04,1.09,1.03
9.01280e-04,1.07,1.09
9.01360e-04,1.07,1.03
9.01440e-04,1.09,1.09
9.01520e-04,1.07,1.03
9.01600e-04,1.09,1.11
9.01680e-04,1.07,1.03
9.01760e-04,1.07,1.09
9.01840e-04,1.07,1.03
9.01920e-04,1.07,1.09
9.02000e-04,1.09,1.03
9.02080e-04,1.09,1.09
9.02160e-04,1.07,1.03
9.02240e-04,1.07,1.11
9.02320e-04,1.07,1.03
9.02400e-04,1.09,1.09
9.02480e-04,1.09,1.05
9.02560e-04,1.09,1.09
9.02640e-04,1.09,1.03
9.02720e-04,1.07,1.09
9.02800e-04,1.07,1.03
9.02880e-04,1.09,1.11
9.02960e-04,1.07,1.03
9.03040e-04,1.09,1.09
9.03120e-04,1.09,1.05
9.03200e-04,1.09,1.09
9.03280e-04,1.07,1.05
9.03360e-04,1.05,1.09
9.03440e-04,1.05,1.03
9.03520e-04,1.05,1.09
9.03600e-04,1.07,1.03
9.03680e-04,1.09,1.09
9.03760e-04,1.09,1.03
9.03840e-04,1.09,1.11
9.03920e-04,1.07,1.03
9.04000e-04,1.09,1.11
9.04080e-04,1.09,1.03
9.04160e-04,1.07,1.09
9.04240e-04,1.07,1.03
9.04320e-04,1.07,1.09
9.04400e-04,1.09,1.03
9.04480e-04,1.09,1.09
9.04560e-04,1.09,1.03
9.04640e-04,1.07,1.09
9.04720e-04,1.07,1.03
9.04800e-04,1.07,1.09
9.04880e-04,1.07,1.05
9.04960e-04,1.07,1.09
9.05040e-04,1.09,1.05
9.05120e-04,1.09,1.09
9.05200e-04,1.09,1.03
9.05280e-04,1.07,1.11
9.05360e-04,1.07,1.03
9.05440e-04,1.09,1.11
9.05520e-04,1.07,1.03
9.05600e-04,1.09,1.09
9.05680e-04,1.07,1.05
9.05760e-04,1.09,1.09
9.05840e-04,1.05,1.03
9.05920e-04,1.07,1.09
9.06000e-04,1.09,1.03
9.06080e-04,1.07,1.09
9.06160e-04,1.07,1.03
9.06240e-04,1.07,1.09
9.06320e-04,1.07,1.05
9.06400e-04,1.07,1.09
9.06480e-04,1.09,1.01
9.06560e-04,1.09,1.09
9.06640e-04,1.07,1.03
9.06720e-04,1.07,1.09
9.06800e-04,1.07,1.03
9.06880e-04,1.09,1.09
9.06960e-04,1.07,1.03
9.07040e-04,1.09,1.09
9.07120e-04,1.07,1.03
9.07200e-04,1.09,1.09
9.07280e-04,1.07,1.03
9.07360e-04,1.09,1.09
9.07440e-04,1.09,1.03
9.07520e-04,1.07,1.09
9.07600e-04,1.09,1.05
9.07680e-04,1.07,1.09
9.07760e-04,1.07,1.03
9.07840e-04,1.07,1.09
9.07920e-04,1.09,1.03
9.08000e-04,1.07,1.09
9.08080e-04,1.07,1.03
9.08160e-04,1.07,1.09
9.08240e-04,1.09,1.03
9.08320e-04,1.07,1.09
9.08400e-04,1.07,1.03
9.08480e-04,1.07,1.09
9.08560e-04,1.09,1.03
9.08640e-04,1.07,1.09
9.08720e-04,1.09,1.03
9.08800e-04,1.07,1.09
9.08880e-04,1.07,1.05
9.08960e-04,1.09,1.09
9.09040e-04,1.07,1.05
9.09120e-04,1.07,1.09
9.09200e-04,1.09,1.05
9.09280e-04,1.09,1.11
9.09360e-04,1.07,1.03
9.09440e-04,1.07,1.09
9.09520e-04,1.07,1.03
9.09600e-04,1.09,1.11
9.09680e-04,1.09,1.05
9.09760e-04,1.07,1.11
9.09840e-04,1.09,1.03
9.09920e-04,1.09,1.09
9.10000e-04,1.09,1.03
9.10080e-04,1.09,1.11
9.10160e-04,1.09,1.05
9.10240e-04,1.07,1.09
9.10320e-04,1.09,1.03
9.10400e-04,1.09,1.09
9.10480e-04,1.07,1.05
9.10560e-04,1.07,1.11
9.10640e-04,1.07,1.03
9.10720e-04,1.07,1.09
9.10800e-04,1.07,1.03
9.10880e-04,1.07,1.09
9.10960e-04,1.09,1.03
9.11040e-04,1.09,1.09
9.11120e-04,1.09,1.03
9.11200e-04,1.07,1.11
9.11280e-04,1.09,1.03
9.11360e-04,1.07,1.11
9.11440e-04,1.09,1.03
9.11520e-04,1.07,1.09
9.11600e-04,1.09,1.03
9.11680e-04,1.09,1.11
9.11760e-04,1.09,1.03
9.11840e-04,1.09,1.09
9.11920e-04,1.07,1.03
9.12000e-04,1.09,1.11
9.12080e-04,1.09,1.03
9.12160e-04,1.09,1.11
9.12240e-04,1.09,1.03
9.12320e-04,1.07,1.09
9.12400e-04,1.09,1.05
9.12480e-04,1.07,1.11
9.12560e-04,1.07,1.03
9.12640e-04,1.07,1.09
9.12720e-04,1.07,1.03
9.12800e-04,1.09,1.09
9.12880e-04,1.09,1.03
9.12960e-04,1.07,1.09
9.13040e-04,1.09,1.03
9.13120e-04,1.09,1.09
9.13200e-04,1.07,1.03
9.13280e-04,1.09,1.11
9.13360e-04,1.07,1.03
9.13440e-04,1.09,1.09
9.13520e-04,1.09,1.05
9.13600e-04,1.07,1.09
9.13680e-04,1.09,1.03
9.13760e-04,1.09,1.11
9.13840e-04,1.05,1.05
9.13920e-04,1.07,1.09
9.14000e-04,1.09,1.03
9.14080e-04,1.07,1.11
9.14160e-04,1.09,1.03
9.14240e-04,1.09,1.09
9.14320e-04,1.09,1.03
9.14400e-04,1.07,1.09
9.14480e-04,1.09,1.05
9.14560e-04,1.09,1.09
9.14640e-04,1.09,1.03
9.14720e-04,1.09,1.09
9.14800e-04,1.07,1.05
9.14880e-04,1.09,1.09
9.14960e-04,1.09,1.03
9.15040e-04,1.07,1.09
9.15120e-04,1.07,1.03
9.15200e-04,1.07,1.11
9.15280e-04,1.07,1.03
9.15360e-04,1.07,1.09
9.15440e-04,1.09,1.03
9.15520e-04,1.07,1.09
9.15600e-04,1.07,1.03
9.15680e-04,1.07,1.09
9.15760e-04,1.07,1.03
9.15840e-04,1.07,1.09
9.15920e-04,1.07,1.03
9.16000e-04,1.09,1.09
9.16080e-04,1.07,1.03
9.16160e-04,1.07,1.09
9.16240e-04,1.07,1.03
9.16320e-04,1.09,1.09
9.16400e-04,1.07,1.03
9.16480e-04,1.07,1.09
9.16560e-04,1.07,1.03
9.16640e-04,1.07,1.09
9.16720e-04,1.09,1.03
9.16800e-04,1.05,1.09
9.16880e-04,1.09,1.03
9.16960e-04,1.07,1.09
9.17040e-04,1.07,1.03
9.17120e-04,1.05,1.09
9.17200e-04,1.09,1.03
9.17280e-04,1.07,1.09
9.17360e-04,1.07,1.03
9.17440e-04,1.07,1.09
9.17520e-04,1.07,1.03
9.17600e-04,1.07,1.09
9.17680e-04,1.07,1.03
9.17760e-04,1.07,1.09
9.17840e-04,1.07,1.03
9.17920e-04,1.07,1.11
9.18000e-04,1.05,1.03
9.18080e-04,1.07,1.09
9.18160e-04,1.07,1.03
9.18240e-04,1.07,1.09
9.18320e-04,1.07,1.03
9.18400e-04,1.07,1.09
9.18480e-04,1.07,1.03
9.18560e-04,1.07,1.09
9.18640e-04,1.05,1.03
9.18720e-04,1.07,1.09
9.18800e-04,1.07,1.01
9.18880e-04,1.07,1.11
9.18960e-04,1.07,1.03
9.19040e-04,1.05,1.09
9.19120e-04,1.07,1.03
9.19200e-04,1.07,1.09
9.19280e-04,1.09,1.03
9.19360e-04,1.07,1.09
9.19440e-04,1.07,1.03
9.19520e-04,1.05,1.09
9.19600e-04,1.07,1.01
9.19680e-04,1.07,1.09
9.19760e-04,1.07,1.03
9.19840e-04,1.07,1.09
9.19920e-04,1.07,1.03
9.20000e-04,1.05,1.09
9.20080e-04,1.07,1.03
9.20160e-04,1.09,1.09
9.20240e-04,1.07,1.03
9.20320e-04,1.09,1.09
9.20400e-04,1.07,1.03
9.20480e-04,1.07,1.09
9.20560e-04,1.07,1.03
9.20640e-04,1.07,1.09
9.20720e-04,1.09,1.05
9.20800e-04,1.07,1.09
9.20880e-04,1.07,1.03
9.20960e-04,1.07,1.09
9.21040e-04,1.07,1.03
9.21120e-04,1.09,1.09
9.21200e-04,1.07,1.03
9.21280e-04,1.07,1.09
9.21360e-04,1.07,1.03
9.21440e-04,1.07,1.09
9.21520e-04,1.07,1.03
9.21600e-04,1.07,1.09
9.21680e-04,1.07,1.03
9.21760e-04,1.07,1.09
9.21840e-04,1.09,1.03
9.21920e-04,1.07,1.09
9.22000e-04,1.07,1.03
9.22080e-04,1.07,1.09
9.22160e-04,1.07,1.03
9.22240e-04,1.07,1.09
9.22320e-04,1.07,1.03
9.22400e-04,1.07,1.09
9.22480e-04,1.09,1.03
9.22560e-04,1.03,1.09
9.22640e-04,1.07,1.01
9.22720e-04,1.07,1.11
9.22800e-04,1.05,1.01
9.22880e-04,1.07,1.11
9.22960e-04,1.07,1.03
9.23040e-04,1.07,1.09
9.23120e-04,1.07,1.03
9.23200e-04,1.09,1.09
9.23280e-04,1.09,1.03
9.23360e-04,1.07,1.09
9.23440e-04,1.07,1.03
9.23520e-04,1.07,1.09
9.23600e-04,1.07,1.03
9.23680e-04,1.07,1.09
9.23760e-04,1.07,1.03
9.23840e-04,1.07,1.11
9.23920e-04,1.07,1.03
9.24000e-04,1.09,1.09
9.24080e-04,1.07,1.03
9.24160e-04,1.09,1.09
9.24240e-04,1.07,1.03
9.24320e-04,1.07,1.09
9.24400e-04,1.07,1.03
9.24480e-04,1.07,1.09
9.24560e-04,1.07,1.03
9.24640e-04,1.09,1.09
9.24720e-04,1.07,1.03
9.24800e-04,1.07,1.09
9.24880e-04,1.07,1.03
9.24960e-04,1.07,1.09
9.25040e-04,1.07,1.03
9.25120e-04,1.07,1.09
9.25200e-04,1.07,1.03
9.25280e-04,1.07,1.09
9.25360e-04,1.05,1.03
9.25440e-04,1.07,1.09
9.25520e-04,1.07,1.01
9.25600e-04,1.07,1.09
9.25680e-04,1.07,1.03
9.25760e-04,1.07,1.09
9.25840e-04,1.07,1.03
9.25920e-04,1.07,1.09
9.26000e-04,1.09,1.03
9.26080e-04,1.05,1.09
9.26160e-04,1.05,1.01
9.26240e-04,1.07,1.09
9.26320e-04,1.07,1.03
9.26400e-04,1.07,1.11
9.26480e-04,1.07,1.01
9.26560e-04,1.07,1.09
9.26640e-04,1.07,1.03
9.26720e-04,1.07,1.09
9.26800e-04,1.05,1.03
9.26880e-04,1.05,1.09
9.26960e-04,1.05,1.03
9.27040e-04,1.05,1.09
9.27120e-04,1.09,1.03
9.27200e-04,1.07,1.09
9.27280e-04,0.69,1.01
9.27360e-04,1.01,1.09
9.27440e-04,0.99,0.61
9.27520e-04,1.03,1.09
9.27600e-04,0.99,0.91
9.27680e-04,0.99,1.07
9.27760e-04,0.99,0.95
9.27840e-04,1.03,1.03
9.27920e-04,1.01,0.95
9.28000e-04,1.05,1.03
9.28080e-04,1.07,0.99
9.28160e-04,1.07,1.05
9.28240e-04,1.09,1.01
9.28320e-04,1.07,1.09
9.28400e-04,1.09,1.03
9.28480e-04,1.09,1.09
9.28560e-04,1.09,1.03
9.28640e-04,1.09,1.11
9.28720e-04,1.07,1.03
9.28800e-04,1.07,1.11
9.28880e-04,1.07,1.03
9.28960e-04,1.07,1.09
9.29040e-04,1.07,1.01
9.29120e-04,1.05,1.09
9.29200e-04,1.05,1.01
9.29280e-04,1.07,1.09
9.29360e-04,1.05,1.01
9.29440e-04,1.07,1.07
9.29520e-04,1.05,1.03
9.29600e-04,1.05,1.09
9.29680e-04,1.05,1.01
9.29760e-04,1.05,1.07
9.29840e-04,1.07,1.01
9.29920e-04,1.07,1.09
9.30000e-04,1.05,1.01
9.30080e-04,1.05,1.07
9.30160e-04,1.03,1.01
9.30240e-04,1.05,1.07
9.30320e-04,1.05,1.01
9.30400e-04,1.07,1.07
9.30480e-04,1.05,1.01
9.30560e-04,1.05,1.07
9.30640e-04,1.07,1.01
9.30720e-04,1.05,1.07
9.30800e-04,1.07,1.01
9.30880e-04,1.05,1.09
9.30960e-04,1.07,1.01
9.31040e-04,1.05,1.09
9.31120e-04,1.07,1.01
9.31200e-04,1.05,1.07
9.31280e-04,1.07,1.01
9.31360e-04,1.05,1.07
9.31440e-04,1.05,1.03
9.31520e-04,1.05,1.09
9.31600e-04,1.05,1.03
9.31680e-04,1.07,1.07
9.31760e-04,1.05,1.01
9.31840e-04,1.07,1.07
9.31920e-04,1.07,1.01
9.32000e-04,1.07,1.09
9.32080e-04,1.07,1.03
9.32160e-04,1.05,1.09
9.32240e-04,1.05,1.03
9.32320e-04,1.07,1.07
9.32400e-04,1.07,1.01
9.32480e-04,1.07,1.07
9.32560e-04,1.05,1.03
9.32640e-04,1.05,1.09
9.32720e-04,1.07,1.01
9.32800e-04,1.07,1.07
9.32880e-04,1.05,1.03
9.32960e-04,1.07,1.07
9.33040e-04,1.05,1.01
9.33120e-04,1.07,1.09
9.33200e-04,1.05,1.03
9.33280e-04,1.07,1.09
9.33360e-04,1.07,1.03
9.33440e-04,1.05,1.09
9.33520e-04,1.07,1.03
9.33600e-04,1.07,1.09
9.33680e-04,1.07,1.01
9.33760e-04,1.07,1.09
9.33840e-04,1.07,1.01
9.33920e-04,1.07,1.09
9.34000e-04,1.05,1.01
9.34080e-04,1.21,1.09
9.34160e-04,1.15,1.01
9.34240e-04,1.09,1.55
9.34320e-04,1.13,1.05
9.34400e-04,1.13,1.21
9.34480e-04,1.11,1.05
9.34560e-04,1.13,1.15
9.34640e-04,1.11,1.09
9.34720e-04,1.09,1.15
9.34800e-04,1.07,1.05
9.34880e-04,1.09,1.13
9.34960e-04,1.05,1.03
9.35040e-04,1.03,1.11
9.35120e-04,1.07,1.01
9.35200e-04,1.05,1.07
9.35280e-04,1.05,1.01
9.35360e-04,1.05,1.07
9.35440e-04,1.07,1.01
9.35520e-04,1.07,1.07
9.35600e-04,1.07,1.01
9.35680e-04,1.07,1.07
9.35760e-04,1.05,1.03
9.35840e-04,1.07,1.09
9.35920e-04,1.07,1.03
9.36000e-04,1.07,1.09
9.36080e-04,1.07,1.03
9.36160e-04,1.07,1.07
9.36240e-04,1.05,1.03
9.36320e-04,1.07,1.09
9.36400e-04,1.07,1.01
9.36480e-04,1.07,1.09
9.36560e-04,1.07,1.01
9.36640e-04,1.05,1.09
9.36720e-04,1.07,1.03
9.36800e-04,1.07,1.09
9.36880e-04,1.07,1.01
9.36960e-04,1.05,1.09
9.37040e-04,1.07,1.03
9.37120e-04,1.07,1.09
9.37200e-04,1.07,1.03
9.37280e-04,1.07,1.07
9.37360e-04,1.05,1.01
9.37440e-04,1.07,1.09
9.37520e-04,1.07,1.03
9.37600e-04,1.07,1.09
9.37680e-04,1.07,1.03
9.37760e-04,1.07,1.09
9.37840e-04,1.09,1.03
9.37920e-04,1.07,1.09
9.38000e-04,1.09,1.03
9.38080e-04,1.09,1.09
9.38160e-04,1.07,1.03
9.38240e-04,1.07,1.09
9.38320e-04,1.09,1.01
9.38400e-04,1.07,1.11
9.38480e-04,1.07,1.03
9.38560e-04,1.09,1.09
9.38640e-04,1.07,1.01
9.38720e-04,1.07,1.11
9.38800e-04,1.07,1.03
9.38880e-04,1.07,1.09
9.38960e-04,1.07,1.01
9.39040e-04,1.07,1.09
9.39120e-04,1.09,1.03
9.39200e-04,1.07,1.09
9.39280e-04,1.07,1.03
9.39360e-04,1.05,1.09
9.39440e-04,1.09,1.03
9.39520e-04,1.07,1.09
9.39600e-04,1.07,1.03
9.39680e-04,1.07,1.09
9.39760e-04,1.05,1.03
9.39840e-04,1.05,1.09
9.39920e-04,1.07,1.03
9.40000e-04,1.07,1.07
9.40080e-04,1.07,1.03
9.40160e-04,1.07,1.09
9.40240e-04,1.05,1.03
9.40320e-04,1.07,1.09
9.40400e-04,1.07,1.03
9.40480e-04,1.07,1.09
9.40560e-04,1.05,1.03
9.40640e-04,1.07,1.09
9.40720e-04,1.07,1.03
9.40800e-04,1.07,1.09
9.40880e-04,1.07,1.01
9.40960e-04,1.07,1.09
9.41040e-04,1.09,1.03
9.41120e-04,1.07,1.09
9.41200e-04,1.07,1.03
9.41280e-04,1.11,1.09
9.41360e-04,1.07,1.01
9.41440e-04,1.07,1.11
9.41520e-04,1.05,1.01
9.41600e-04,1.09,1.11
9.41680e-04,1.05,1.03
9.41760e-04,1.07,1.09
9.41840e-04,1.07,1.03
9.41920e-04,1.05,1.09
9.42000e-04,1.07,1.03
9.42080e-04,1.07,1.09
9.42160e-04,1.07,1.01
9.42240e-04,1.07,1.09
9.42320e-04,1.09,1.03
9.42400e-04,1.07,1.09
9.42480e-04,1.07,1.03
9.42560e-04,1.09,1.09
9.42640e-04,1.07,1.03
9.42720e-04,1.07,1.09
9.42800e-04,1.07,1.03
9.42880e-04,1.07,1.09
9.42960e-04,1.07,1.03
9.43040e-04,1.07,1.09
9.43120e-04,1.07,1.03
9.43200e-04,1.07,1.09
9.43280e-04,1.07,1.03
9.43360e-04,1.07,1.09
9.43440e-04,1.07,1.03
9.43520e-04,1.07,1.09
9.43600e-04,1.07,1.03
9.43680e-04,1.07,1.09
9.43760e-04,1.09,1.03
9.43840e-04,1.07,1.09
9.43920e-04,1.09,1.03
9.44000e-04,1.07,1.09
9.44080e-04,1.07,1.03
9.44160e-04,1.07,1.09
9.44240e-04,1.07,1.03
9.44320e-04,1.07,1.09
9.44400e-04,1.07,1.03
9.44480e-04,1.07,1.09
9.44560e-04,1.07,1.03
9.44640e-04,1.07,1.09
9.44720e-04,1.07,1.03
9.44800e-04,1.07,1.09
9.44880e-04,1.07,1.03
9.44960e-04,1.07,1.09
9.45040e-04,1.07,1.03
9.45120e-04,1.09,1.09
9.45200e-04,1.07,1.03
9.45280e-04,1.07,1.09
9.45360e-04,1.07,1.03
9.45440e-04,1.07,1.09
9.45520e-04,1.07,1.03
9.45600e-04,1.07,1.09
9.45680e-04,1.07,1.03
9.45760e-04,1.07,1.09
9.45840e-04,1.07,1.03
9.45920e-04,1.07,1.09
9.46000e-04,1.07,1.03
9.46080e-04,1.07,1.09
9.46160e-04,1.07,1.03
9.46240e-04,1.07,1.09
9.46320e-04,1.07,1.03
9.46400e-04,1.07,1.09
9.46480e-04,1.09,1.03
9.46560e-04,1.07,1.09
9.46640e-04,1.07,1.01
9.46720e-04,1.07,1.09
9.46800e-04,1.07,1.03
9.46880e-04,1.09,1.09
9.46960e-04,1.07,1.03
9.47040e-04,1.07,1.11
9.47120e-04,1.09,1.03
9.47200e-04,1.09,1.09
9.47280e-04,1.07,1.03
9.47360e-04,1.07,1.09
9.47440e-04,1.07,1.03
9.47520e-04,1.07,1.09
9.47600e-04,1.07,1.03
9.47680e-04,1.07,1.09
9.47760e-04,1.09,1.03
9.47840e-04,1.07,1.09
9.47920e-04,1.07,1.03
9.48000e-04,1.07,1.09
9.48080e-04,1.07,1.03
9.48160e-04,1.07,1.09
9.48240e-04,1.07,1.03
9.48320e-04,1.09,1.09
9.48400e-04,1.09,1.03
9.48480e-04,1.09,1.09
9.48560e-04,1.09,1.03
9.48640e-04,1.09,1.09
9.48720e-04,1.09,1.03
9.48800e-04,1.05,1.09
9.48880e-04,1.11,1.03
9.48960e-04,1.09,1.11
9.49040e-04,1.11,1.03
9.49120e-04,1.07,1.11
9.49200e-04,1.09,1.01
9.49280e-04,1.07,1.11
9.49360e-04,1.07,1.03
9.49440e-04,1.09,1.09
9.49520e-04,1.07,1.03
9.49600e-04,1.07,1.09
9.49680e-04,1.09,1.03
9.49760e-04,1.09,1.09
9.49840e-04,1.07,1.03
9.49920e-04,1.07,1.09
9.50000e-04,1.09,1.03
9.50080e-04,1.11,1.11
9.50160e-04,1.07,1.05
9.50240e-04,1.07,1.11
9.50320e-04,1.09,1.03
9.50400e-04,1.07,1.09
9.50480e-04,1.07,1.05
9.50560e-04,1.09,1.11
9.50640e-04,1.09,1.05
9.50720e-04,1.09,1.09
9.50800e-04,1.07,1.03
9.50880e-04,1.09,1.11
9.50960e-04,1.07,1.03
9.51040e-04,1.07,1.11
9.51120e-04,1.07,1.03
9.51200e-04,1.07,1.09
9.51280e-04,1.07,1.03
9.51360e-04,1.07,1.09
9.51440e-04,1.07,1.03
9.51520e-04,1.07,1.09
9.51600e-04,1.09,1.03
9.51680e-04,1.07,1.09
9.51760e-04,1.07,1.03
9.51840e-04,1.07,1.09
9.51920e-04,1.09,1.03
9.52000e-04,1.07,1.09
9.52080e-04,1.09,1.03
9.52160e-04,1.07,1.09
9.52240e-04,1.07,1.03
9.52320e-04,1.07,1.09
9.52400e-04,1.05,1.03
9.52480e-04,1.07,1.09
9.52560e-04,1.07,1.03
9.52640e-04,1.07,1.09
9.52720e-04,1.07,1.03
9.52800e-04,1.07,1.09
9.52880e-04,1.07,1.03
9.52960e-04,1.07,1.09
9.53040e-04,1.07,1.03
9.53120e-04,1.07,1.09
9.53200e-04,1.07,1.03
9.53280e-04,1.09,1.09
9.53360e-04,1.07,1.03
9.53440e-04,1.07,1.09
9.53520e-04,1.07,1.03
9.53600e-04,1.07,1.09
9.53680e-04,1.07,1.03
9.53760e-04,1.07,1.09
9.53840e-04,1.07,1.03
9.53920e-04,1.07,1.09
9.54000e-04,1.09,1.03
9.54080e-04,1.07,1.09
9.54160e-04,1.09,1.03
9.54240e-04,1.07,1.09
9.54320e-04,1.11,1.03
9.54400e-04,1.07,1.09
9.54480e-04,1.07,1.01
9.54560e-04,1.07,1.11
9.54640e-04,1.07,1.03
9.54720e-04,1.07,1.09
9.54800e-04,1.07,1.03
9.54880e-04,1.09,1.09
9.54960e-04,1.07,1.03
9.55040e-04,1.07,1.09
9.55120e-04,1.07,1.03
9.55200e-04,1.05,1.09
9.55280e-04,1.07,1.03
9.55360e-04,1.07,1.09
9.55440e-04,1.09,1.03
9.55520e-04,1.09,1.09
9.55600e-04,1.07,1.03
9.55680e-04,1.05,1.09
9.55760e-04,1.07,1.03
9.55840e-04,1.07,1.09
9.55920e-04,1.07,1.03
9.56000e-04,1.07,1.09
9.56080e-04,1.07,1.03
9.56160e-04,1.07,1.09
9.56240e-04,1.07,1.03
9.56320e-04,1.09,1.09
9.56400e-04,1.07,1.03
9.56480e-04,1.07,1.09
9.56560e-04,1.07,1.03
9.56640e-04,1.05,1.09
9.56720e-04,1.07,1.01
9.56800e-04,1.07,1.09
9.56880e-04,1.07,1.03
9.56960e-04,1.05,1.09
9.57040e-04,1.07,1.03
9.57120e-04,1.07,1.09
9.57200e-04,1.09,1.03
9.57280e-04,1.07,1.09
9.57360e-04,1.07,1.03
9.57440e-04,1.09,1.09
9.57520e-04,1.07,1.03
9.57600e-04,1.07,1.09
9.57680e-04,1.07,1.03
9.57760e-04,1.09,1.09
9.57840e-04,1.07,1.03
9.57920e-04,1.07,1.09
9.58000e-04,1.07,1.03
9.58080e-04,1.07,1.09
9.58160e-04,1.07,1.03
9.58240e-04,1.07,1.09
9.58320e-04,1.07,1.03
9.58400e-04,1.07,1.09
9.58480e-04,1.07,1.03
9.58560e-04,1.09,1.11
9.58640e-04,1.07,1.03
9.58720e-04,1.07,1.09
9.58800e-04,1.09,1.03
9.58880e-04,1.07,1.09
9.58960e-04,1.07,1.03
9.59040e-04,1.07,1.09
9.59120e-04,1.07,1.01
9.59200e-04,1.07,1.09
9.59280e-04,1.07,1.03
9.59360e-04,1.05,1.09
9.59440e-04,1.09,1.03
9.59520e-04,1.07,1.09
9.59600e-04,1.07,1.03
9.59680e-04,1.07,1.09
9.59760e-04,1.07,1.03
9.59840e-04,1.07,1.09
9.59920e-04,1.07,1.03
9.60000e-04,1.07,1.09
9.60080e-04,1.09,1.03
9.60160e-04,1.07,1.09
9.60240e-04,1.07,1.01
9.60320e-04,1.07,1.11
9.60400e-04,1.09,1.03
9.60480e-04,1.09,1.09
9.60560e-04,1.05,1.03
9.60640e-04,1.07,1.09
9.60720e-04,1.09,1.03
9.60800e-04,1.07,1.09
9.60880e-04,1.07,1.05
9.60960e-04,1.09,1.11
9.61040e-04,1.09,1.03
9.61120e-04,1.09,1.09
9.61200e-04,1.09,1.03
9.61280e-04,1.09,1.09
9.61360e-04,1.07,1.03
9.61440e-04,1.07,1.11
9.61520e-04,1.07,1.03
9.61600e-04,1.09,1.09
9.61680e-04,1.07,1.03
9.61760e-04,1.05,1.09
9.61840e-04,1.07,1.03
9.61920e-04,1.07,1.09
9.62000e-04,1.09,1.03
9.62080e-04,1.07,1.09
9.62160e-04,1.07,1.03
9.62240e-04,1.09,1.11
9.62320e-04,1.05,1.03
9.62400e-04,1.07,1.09
9.62480e-04,1.07,1.03
9.62560e-04,1.07,1.09
9.62640e-04,1.07,1.03
9.62720e-04,1.07,1.09
9.62800e-04,1.05,1.03
9.62880e-04,1.07,1.09
9.62960e-04,1.09,1.03
9.63040e-04,1.07,1.09
9.63120e-04,1.07,1.03
9.63200e-04,1.07,1.09
9.63280e-04,1.09,1.03
9.63360e-04,1.07,1.09
9.63440e-04,1.09,1.03
9.63520e-04,1.07,1.09
9.63600e-04,1.07,1.03
9.63680e-04,1.07,1.09
9.63760e-04,1.07,1.03
9.63840e-04,1.07,1.09
9.63920e-04,1.09,1.03
9.64000e-04,1.07,1.09
9.64080e-04,1.09,1.03
9.64160e-04,1.09,1.09
9.64240e-04,1.09,1.03
9.64320e-04,1.07,1.09
9.64400e-04,1.07,1.03
9.64480e-04,1.05,1.11
9.64560e-04,1.07,1.03
9.64640e-04,1.07,1.09
9.64720e-04,1.07,1.03
9.64800e-04,1.07,1.09
9.64880e-04,1.07,1.03
9.64960e-04,1.09,1.09
9.65040e-04,1.07,1.03
9.65120e-04,1.07,1.09
9.65200e-04,1.05,1.03
9.65280e-04,1.09,1.09
9.65360e-04,1.05,1.03
9.65440e-04,1.07,1.09
9.65520e-04,1.09,1.03
9.65600e-04,1.07,1.09
9.65680e-04,1.07,1.03
9.65760e-04,1.07,1.09
9.65840e-04,1.07,1.03
9.65920e-04,1.07,1.09
9.66000e-04,1.07,1.03
9.66080e-04,1.07,1.09
9.66160e-04,1.05,1.03
9.66240e-04,1.05,1.09
9.66320e-04,1.09,1.03
9.66400e-04,1.05,1.09
9.66480e-04,1.07,1.03
9.66560e-04,1.07,1.09
9.66640e-04,1.07,1.01
9.66720e-04,1.07,1.09
9.66800e-04,1.05,1.03
9.66880e-04,1.09,1.09
9.66960e-04,1.05,1.03
9.67040e-04,1.07,1.09
9.67120e-04,1.07,1.03
9.67200e-04,1.07,1.09
9.67280e-04,1.07,1.03
9.67360e-04,1.07,1.09
9.67440e-04,1.07,1.03
9.67520e-04,1.07,1.09
9.67600e-04,1.09,1.03
9.67680e-04,1.07,1.09
9.67760e-04,1.07,1.03
9.67840e-04,1.07,1.09
9.67920e-04,1.07,1.03
9.68000e-04,1.09,1.09
9.68080e-04,1.07,1.03
9.68160e-04,1.07,1.09
9.68240e-04,1.07,1.03
9.68320e-04,1.07,1.09
9.68400e-04,1.07,1.01
9.68480e-04,1.05,1.09
9.68560e-04,1.09,1.03
9.68640e-04,1.07,1.09
9.68720e-04,1.07,1.03
9.68800e-04,1.07,1.09
9.68880e-04,1.07,1.03
9.68960e-04,1.07,1.09
9.69040e-04,1.07,1.03
9.69120e-04,1.07,1.09
9.69200e-04,1.05,1.03
9.69280e-04,1.05,1.09
9.69360e-04,1.07,1.03
9.69440e-04,1.09,1.09
9.69520e-04,1.05,1.03
9.69600e-04,1.07,1.09
9.69680e-04,1.07,1.03
9.69760e-04,1.07,1.09
9.69840e-04,1.07,1.03
9.69920e-04,1.07,1.09
9.70000e-04,1.07,1.03
9.70080e-04,1.07,1.09
9.70160e-04,1.09,1.03
9.70240e-04,1.07,1.09
9.70320e-04,1.07,1.03
9.70400e-04,1.07,1.09
9.70480e-04,1.05,1.01
9.70560e-04,1.07,1.09
9.70640e-04,1.07,1.03
9.70720e-04,1.07,1.09
9.70800e-04,1.07,1.03
9.70880e-04,1.07,1.09
9.70960e-04,1.07,1.01
9.71040e-04,1.07,1.09
9.71120e-04,1.07,1.03
9.71200e-04,1.07,1.09
9.71280e-04,1.07,1.03
9.71360e-04,1.07,1.09
9.71440e-04,1.07,1.03
9.71520e-04,1.07,1.07
9.71600e-04,1.07,1.03
9.71680e-04,1.05,1.09
9.71760e-04,1.05,1.03
9.71840e-04,1.07,1.09
9.71920e-04,1.05,1.01
9.72000e-04,1.09,1.09
9.72080e-04,1.07,1.01
9.72160e-04,1.07,1.09
9.72240e-04,1.07,1.03
9.72320e-04,1.07,1.09
9.72400e-04,1.07,1.03
9.72480e-04,1.07,1.09
9.72560e-04,1.07,1.03
9.72640e-04,1.07,1.09
9.72720e-04,1.07,1.01
9.72800e-04,1.07,1.09
9.72880e-04,1.07,1.03
9.72960e-04,1.07,1.09
9.73040e-04,1.07,1.03
9.73120e-04,1.07,1.09
9.73200e-04,1.07,1.03
9.73280e-04,1.07,1.09
9.73360e-04,1.07,1.03
9.73440e-04,1.07,1.09
9.73520e-04,1.07,1.03
9.73600e-04,1.07,1.09
9.73680e-04,1.07,1.03
9.73760e-04,1.07,1.09
9.73840e-04,1.07,1.03
9.73920e-04,1.05,1.09
9.74000e-04,1.07,1.03
9.74080e-04,1.07,1.09
9.74160e-04,1.07,1.03
9.74240e-04,1.07,1.09
9.74320e-04,1.07,1.03
9.74400e-04,1.07,1.09
9.74480e-04,1.07,1.03
9.74560e-04,1.07,1.09
9.74640e-04,1.05,1.03
9.74720e-04,1.09,1.09
9.74800e-04,1.09,1.01
9.74880e-04,1.07,1.09
9.74960e-04,1.07,1.03
9.75040e-04,1.05,1.09
9.75120e-04,1.07,1.03
9.75200e-04,1.07,1.09
9.75280e-04,1.03,1.03
9.75360e-04,1.05,1.09
9.75440e-04,1.07,1.03
9.75520e-04,1.05,1.09
9.75600e-04,1.07,1.01
9.75680e-04,1.07,1.09
9.75760e-04,1.05,1.03
9.75840e-04,1.07,1.09
9.75920e-04,1.07,1.03
9.76000e-04,1.07,1.09
9.76080e-04,1.07,1.01
9.76160e-04,1.07,1.09
9.76240e-04,1.07,1.03
9.76320e-04,1.07,1.09
9.76400e-04,1.07,1.03
9.76480e-04,1.07,1.09
9.76560e-04,1.05,1.03
9.76640e-04,1.09,1.09
9.76720e-04,1.07,1.03
9.76800e-04,1.07,1.09
9.76880e-04,1.07,1.03
9.76960e-04,1.07,1.09
9.77040e-04,1.07,1.03
9.77120e-04,1.05,1.09
9.77200e-04,1.05,1.01
9.77280e-04,1.05,1.09
9.77360e-04,0.65,1.03
9.77440e-04,0.99,1.09
9.77520e-04,1.03,0.59
9.77600e-04,1.01,1.09
9.77680e-04,0.99,0.91
9.77760e-04,0.99,1.05
9.77840e-04,1.01,0.95
9.77920e-04,1.01,1.01
9.78000e-04,1.03,0.95
9.78080e-04,1.05,1.01
9.78160e-04,1.05,0.97
9.78240e-04,1.07,1.05
9.78320e-04,1.07,1.01
9.78400e-04,1.09,1.09
9.78480e-04,1.09,1.03
9.78560e-04,1.09,1.09
9.78640e-04,1.09,1.03
9.78720e-04,1.07,1.11
9.78800e-04,1.07,1.03
9.78880e-04,1.05,1.09
9.78960e-04,1.05,1.03
9.79040e-04,1.07,1.09
9.79120e-04,1.05,1.01
9.79200e-04,1.05,1.07
9.79280e-04,1.07,1.01
9.79360e-04,1.05,1.07
9.79440e-04,1.05,1.01
9.79520e-04,1.05,1.09
9.79600e-04,1.05,1.01
9.79680e-04,1.05,1.09
9.79760e-04,1.05,1.01
9.79840e-04,1.05,1.09
9.79920e-04,1.07,1.01
9.80000e-04,1.05,1.09
9.80080e-04,1.07,1.01
9.80160e-04,1.05,1.07
9.80240e-04,1.05,1.01
9.80320e-04,1.05,1.07
9.80400e-04,1.07,1.01
9.80480e-04,1.05,1.09
9.80560e-04,1.05,1.01
9.80640e-04,1.07,1.07
9.80720e-04,1.05,1.01
9.80800e-04,1.05,1.07
9.80880e-04,1.03,1.01
9.80960e-04,1.05,1.07
9.81040e-04,1.05,0.99
9.81120e-04,1.05,1.07
9.81200e-04,1.05,1.01
9.81280e-04,1.07,1.09
9.81360e-04,1.05,1.01
9.81440e-04,1.03,1.09
9.81520e-04,1.07,1.03
9.81600e-04,1.05,1.09
9.81680e-04,1.07,1.01
9.81760e-04,1.05,1.07
9.81840e-04,1.05,1.01
9.81920e-04,1.07,1.07
9.82000e-04,1.07,1.01
9.82080e-04,1.05,1.07
9.82160e-04,1.07,1.01
9.82240e-04,1.07,1.07
9.82320e-04,1.05,1.01
9.82400e-04,1.05,1.07
9.82480e-04,1.07,1.01
9.82560e-04,1.05,1.07
9.82640e-04,1.07,1.01
9.82720e-04,1.05,1.07
9.82800e-04,1.05,1.01
9.82880e-04,1.05,1.07
9.82960e-04,1.07,1.01
9.83040e-04,1.05,1.07
9.83120e-04,1.05,1.01
9.83200e-04,1.07,1.09
9.83280e-04,1.05,1.01
9.83360e-04,1.05,1.07
9.83440e-04,1.05,1.01
9.83520e-04,1.07,1.09
9.83600e-04,1.05,1.01
9.83680e-04,1.05,1.07
9.83760e-04,1.07,1.01
9.83840e-04,1.07,1.07
9.83920e-04,1.05,1.01
9.84000e-04,1.03,1.07
9.84080e-04,1.21,1.03
9.84160e-04,1.13,1.07
9.84240e-04,1.09,1.03
9.84320e-04,1.09,1.53
9.84400e-04,1.15,1.05
9.84480e-04,1.11,1.17
9.84560e-04,1.13,1.07
9.84640e-04,1.13,1.15
9.84720e-04,1.09,1.09
9.84800e-04,1.07,1.15
9.84880e-04,1.07,1.05
9.84960e-04,1.05,1.13
9.85040e-04,1.05,1.03
9.85120e-04,1.05,1.09
9.85200e-04,1.05,1.01
9.85280e-04,1.05,1.07
9.85360e-04,1.03,1.01
9.85440e-04,1.05,1.07
9.85520e-04,1.05,1.01
9.85600e-04,1.05,1.05
9.85680e-04,1.07,1.01
9.85760e-04,1.05,1.07
9.85840e-04,1.07,1.01
9.85920e-04,1.05,1.07
9.86000e-04,1.07,1.01
9.86080e-04,1.09,1.09
9.86160e-04,1.05,1.01
9.86240e-04,1.05,1.09
9.86320e-04,1.07,1.01
9.86400e-04,1.07,1.09
9.86480e-04,1.07,1.01
9.86560e-04,1.05,1.07
9.86640e-04,1.05,1.01
9.86720e-04,1.07,1.07
9.86800e-04,1.05,1.01
9.86880e-04,1.05,1.07
9.86960e-04,1.05,1.01
9.87040e-04,1.07,1.09
9.87120e-04,1.07,1.01
9.87200e-04,1.07,1.11
9.87280e-04,1.07,1.01
9.87360e-04,1.05,1.09
9.87440e-04,1.05,1.01
9.87520e-04,1.05,1.09
9.87600e-04,1.05,1.01
9.87680e-04,1.07,1.07
9.87760e-04,1.07,1.03
9.87840e-04,1.07,1.09
9.87920e-04,1.07,1.01
9.88000e-04,1.07,1.09
9.88080e-04,1.05,1.03
9.88160e-04,1.07,1.09
9.88240e-04,1.05,1.01
9.88320e-04,1.07,1.07
9.88400e-04,1.07,1.03
9.88480e-04,1.07,1.09
9.88560e-04,1.09,1.03
9.88640e-04,1.07,1.09
9.88720e-04,1.07,1.03
9.88800e-04,1.07,1.09
9.88880e-04,1.07,1.03
9.88960e-04,1.07,1.09
9.89040e-04,1.07,1.03
9.89120e-04,1.07,1.09
9.89200e-04,1.07,1.03
9.89280e-04,1.07,1.09
9.89360e-04,1.07,1.01
9.89440e-04,1.07,1.09
9.89520e-04,1.05,1.03
9.89600e-04,1.07,1.07
9.89680e-04,1.07,1.03
9.89760e-04,1.07,1.09
9.89840e-04,1.07,1.03
9.89920e-04,1.05,1.09
9.90000e-04,1.07,1.01
9.90080e-04,1.07,1.09
9.90160e-04,1.05,1.01
9.90240e-04,1.05,1.07
9.90320e-04,1.05,1.01
9.90400e-04,1.05,1.09
9.90480e-04,1.07,1.01
9.90560e-04,1.07,1.09
9.90640e-04,1.07,1.01
9.90720e-04,1.07,1.09
9.90800e-04,1.07,1.01
9.90880e-04,1.07,1.09
9.90960e-04,1.07,1.03
9.91040e-04,1.07,1.09
9.91120e-04,1.05,1.03
9.91200e-04,1.07,1.09
9.91280e-04,1.07,1.03
9.91360e-04,1.05,1.09
9.91440e-04,1.07,1.03
9.91520e-04,1.07,1.09
9.91600e-04,1.07,1.03
9.91680e-04,1.07,1.09
9.91760e-04,1.07,1.03
9.91840e-04,1.07,1.09
9.91920e-04,1.05,1.03
9.92000e-04,1.07,1.09
9.92080e-04,1.07,1.01
9.92160e-04,1.09,1.09
9.92240e-04,1.07,1.01
9.92320e-04,1.07,1.09
9.92400e-04,1.07,1.01
9.92480e-04,1.07,1.09
9.92560e-04,1.07,1.03
9.92640e-04,1.07,1.09
9.92720e-04,1.07,1.03
9.92800e-04,1.07,1.09
9.92880e-04,1.07,1.03
9.92960e-04,1.07,1.09
9.93040e-04,1.07,1.01
9.93120e-04,1.05,1.09
9.93200e-04,1.07,1.03
9.93280e-04,1.07,1.09
9.93360e-04,1.05,1.01
9.93440e-04,1.07,1.09
9.93520e-04,1.07,1.03
9.93600e-04,1.07,1.09
9.93680e-04,1.07,1.03
9.93760e-04,1.07,1.09
9.93840e-04,1.09,1.01
9.93920e-04,1.07,1.09
9.94000e-04,1.07,1.03
9.94080e-04,1.07,1.09
9.94160e-04,1.09,1.03
9.94240e-04,1.07,1.09
9.94320e-04,1.07,1.03
9.94400e-04,1.07,1.09
9.94480e-04,1.07,1.03
9.94560e-04,1.07,1.09
9.94640e-04,1.05,1.01
9.94720e-04,1.07,1.09
9.94800e-04,1.07,1.03
9.94880e-04,1.07,1.11
9.94960e-04,1.07,1.03
9.95040e-04,1.09,1.09
9.95120e-04,1.09,1.01
9.95200e-04,1.07,1.09
9.95280e-04,1.07,1.03
9.95360e-04,1.05,1.09
9.95440e-04,1.07,1.03
9.95520e-04,1.07,1.09
9.95600e-04,1.09,1.03
9.95680e-04,1.07,1.09
9.95760e-04,1.07,1.03
9.95840e-04,1.07,1.09
9.95920e-04,1.07,1.03
9.96000e-04,1.07,1.09
9.96080e-04,1.07,1.03
9.96160e-04,1.07,1.09
9.96240e-04,1.05,1.03
9.96320e-04,1.07,1.09
9.96400e-04,1.07,1.03
9.96480e-04,1.07,1.09
9.96560e-04,1.09,1.03
9.96640e-04,1.09,1.09
9.96720e-04,1.09,1.03
9.96800e-04,1.07,1.09
9.96880e-04,1.07,1.03
9.96960e-04,1.07,1.09
9.97040e-04,1.07,1.03
9.97120e-04,1.07,1.09
9.97200e-04,1.07,1.03
9.97280e-04,1.07,1.09
9.97360e-04,1.07,1.03
9.97440e-04,1.07,1.09
9.97520e-04,1.07,1.03
9.97600e-04,1.07,1.11
9.97680e-04,1.07,1.03
9.97760e-04,1.09,1.09
9.97840e-04,1.07,1.01
9.97920e-04,1.07,1.09
9.98000e-04,1.07,1.03
9.98080e-04,1.07,1.09
9.98160e-04,1.07,1.03
9.98240e-04,1.07,1.09
9.98320e-04,1.07,1.03
9.98400e-04,1.09,1.09
9.98480e-04,1.07,1.03
9.98560e-04,1.07,1.09
9.98640e-04,1.07,1.03
9.98720e-04,1.07,1.09
9.98800e-04,1.07,1.03
9.98880e-04,1.07,1.09
9.98960e-04,1.09,1.03
9.99040e-04,1.07,1.09
9.99120e-04,1.05,1.03
9.99200e-04,1.07,1.09
9.99280e-04,1.07,1.03
9.99360e-04,1.07,1.09
9.99440e-04,1.09,1.03
9.99520e-04,1.07,1.09
9.99600e-04,1.09,1.03
9.99680e-04,1.09,1.09
9.99760e-04,1.07,1.03
9.99840e-04,1.09,1.09
9.99920e-04,1.07,1.03
1.00000e-03,1.07,1.09
1.00008e-03,1.09,1.03
1.00016e-03,1.07,1.09
1.00024e-03,1.07,1.03
1.00032e-03,1.07,1.09
1.00040e-03,1.09,1.03
1.00048e-03,1.07,1.09
1.00056e-03,1.09,1.03
1.00064e-03,1.07,1.09
1.00072e-03,1.07,1.03
1.00080e-03,1.09,1.09
1.00088e-03,1.07,1.03
1.00096e-03,1.07,1.09
1.00104e-03,1.07,1.03
1.00112e-03,1.07,1.09
1.00120e-03,1.09,1.03
1.00128e-03,1.07,1.09
1.00136e-03,1.07,1.03
1.00144e-03,1.07,1.09
1.00152e-03,1.07,1.03
1.00160e-03,1.07,1.09
1.00168e-03,1.07,1.03
1.00176e-03,1.09,1.09
1.00184e-03,1.11,1.03
1.00192e-03,1.07,1.09
1.00200e-03,1.07,1.01
1.00208e-03,1.07,1.11
1.00216e-03,1.07,1.03
1.00224e-03,1.09,1.09
1.00232e-03,1.07,1.03
1.00240e-03,1.07,1.09
1.00248e-03,1.07,1.03
1.00256e-03,1.07,1.09
1.00264e-03,1.07,1.03
1.00272e-03,1.09,1.09
1.00280e-03,1.07,1.03
1.00288e-03,1.09,1.09
1.00296e-03,1.07,1.03
1.00304e-03,1.09,1.09
1.00312e-03,1.09,1.03
1.00320e-03,1.09,1.09
1.00328e-03,1.07,1.03
1.00336e-03,1.07,1.09
1.00344e-03,1.09,1.03
1.00352e-03,1.07,1.09
1.00360e-03,1.07,1.03
1.00368e-03,1.07,1.09
1.00376e-03,1.07,1.03
1.00384e-03,1.07,1.09
1.00392e-03,1.07,1.03
1.00400e-03,1.07,1.09
1.00408e-03,1.09,1.03
1.00416e-03,1.09,1.09
1.00424e-03,1.07,1.03
1.00432e-03,1.09,1.09
1.00440e-03,1.09,1.03
1.00448e-03,1.07,1.09
1.00456e-03,1.09,1.03
1.00464e-03,1.05,1.09
1.00472e-03,1.07,1.03
1.00480e-03,1.07,1.09
1.00488e-03,1.09,1.03
1.00496e-03,1.05,1.09
1.00504e-03,1.07,1.03
1.00512e-03,1.07,1.09
1.00520e-03,1.07,1.03
1.00528e-03,1.09,1.09
1.00536e-03,1.07,1.03
1.00544e-03,1.09,1.09
1.00552e-03,1.07,1.03
1.00560e-03,1.07,1.09
1.00568e-03,1.07,1.01
1.00576e-03,1.07,1.09
1.00584e-03,1.07,1.03
1.00592e-03,1.07,1.09
1.00600e-03,1.09,1.03
1.00608e-03,1.07,1.09
1.00616e-03,1.05,1.03
1.00624e-03,1.09,1.11
1.00632e-03,1.07,1.03
1.00640e-03,1.05,1.09
1.00648e-03,1.07,1.03
1.00656e-03,1.05,1.09
1.00664e-03,1.07,1.03
1.00672e-03,1.09,1.09
1.00680e-03,1.07,1.03
1.00688e-03,1.09,1.09
1.00696e-03,1.07,1.03
1.00704e-03,1.09,1.09
1.00712e-03,1.09,1.03
1.00720e-03,1.07,1.09
1.00728e-03,1.07,1.03
1.00736e-03,1.07,1.09
1.00744e-03,1.07,1.01
1.00752e-03,1.07,1.09
1.00760e-03,1.07,1.03
1.00768e-03,1.09,1.09
1.00776e-03,1.07,1.03
1.00784e-03,1.09,1.09
1.00792e-03,1.07,1.03
1.00800e-03,1.07,1.09
1.00808e-03,1.07,1.03
1.00816e-03,1.07,1.09
1.00824e-03,1.07,1.03
1.00832e-03,1.07,1.09
1.00840e-03,1.07,1.03
1.00848e-03,1.07,1.09
1.00856e-03,1.09,1.03
1.00864e-03,1.07,1.09
1.00872e-03,1.07,1.03
1.00880e-03,1.07,1.09
1.00888e-03,1.09,1.03
1.00896e-03,1.07,1.09
1.00904e-03,1.09,1.03
1.00912e-03,1.07,1.09
1.00920e-03,1.07,1.05
1.00928e-03,1.07,1.09
1.00936e-03,1.07,1.03
1.00944e-03,1.09,1.09
1.00952e-03,1.07,1.03
1.00960e-03,1.07,1.09
1.00968e-03,1.07,1.03
1.00976e-03,1.07,1.09
1.00984e-03,1.09,1.03
1.00992e-03,1.09,1.09
1.01000e-03,1.07,1.03
1.01008e-03,1.09,1.11
1.01016e-03,1.07,1.03
1.01024e-03,1.07,1.09
1.01032e-03,1.07,1.03
1.01040e-03,1.09,1.09
1.01048e-03,1.07,1.03
1.01056e-03,1.07,1.11
1.01064e-03,1.07,1.03
1.01072e-03,1.07,1.09
1.01080e-03,1.07,1.03
1.01088e-03,1.09,1.09
1.01096e-03,1.09,1.03
1.01104e-03,1.05,1.09
1.01112e-03,1.07,1.03
1.01120e-03,1.07,1.09
1.01128e-03,1.07,1.03
1.01136e-03,1.07,1.09
1.01144e-03,1.09,1.03
1.01152e-03,1.09,1.09
1.01160e-03,1.09,1.03
1.01168e-03,1.09,1.09
1.01176e-03,1.09,1.03
1.01184e-03,1.01,1.09
1.01192e-03,1.07,0.97
1.01200e-03,1.07,1.15
1.01208e-03,1.07,0.99
1.01216e-03,1.07,1.09
1.01224e-03,1.03,1.03
1.01232e-03,1.01,1.09
1.01240e-03,0.99,0.97
1.01248e-03,0.97,1.05
1.01256e-03,0.89,0.93
1.01264e-03,0.71,1.01
1.01272e-03,0.33,0.71
1.01280e-03,0.05,0.97
1.01288e-03,0.05,0.01
1.01296e-03,0.07,0.71
1.01304e-03,0.05,-0.01
1.01312e-03,0.07,0.07
1.01320e-03,0.03,0.01
1.01328e-03,0.03,0.07
1.01336e-03,0.07,0.01
1.01344e-03,0.03,0.07
1.01352e-03,0.05,0.01
1.01360e-03,0.01,0.07
1.01368e-03,0.05,-0.01
1.01376e-03,0.03,0.07
1.01384e-03,0.05,-0.01
1.01392e-03,0.03,0.07
1.01400e-03,0.05,-0.01
1.01408e-03,0.05,0.07
1.01416e-03,0.05,-0.01
1.01424e-03,0.05,0.07
1.01432e-03,0.05,0.01
1.01440e-03,0.05,0.07
1.01448e-03,0.05,-0.01
1.01456e-03,0.05,0.05
1.01464e-03,0.03,-0.01
1.01472e-03,0.03,0.05
1.01480e-03,0.05,-0.01
1.01488e-03,0.03,0.07
1.01496e-03,0.05,-0.03
1.01504e-03,0.03,0.05
1.01512e-03,0.05,-0.01
1.01520e-03,0.03,0.05
1.01528e-03,0.05,-0.01
1.01536e-03,0.03,0.07
1.01544e-03,0.05,-0.01
1.01552e-03,0.03,0.07
1.01560e-03,0.03,-0.01
1.01568e-03,0.05,0.07
1.01576e-03,0.03,-0.01
1.01584e-03,0.05,0.05
1.01592e-03,0.05,-0.01
1.01600e-03,0.07,0.07
1.01608e-03,0.05,-0.01
1.01616e-03,0.05,0.07
1.01624e-03,0.05,-0.01
1.01632e-03,0.03,0.07
1.01640e-03,0.05,-0.01
1.01648e-03,0.03,0.05
1.01656e-03,0.03,-0.01
1.01664e-03,0.03,0.07
1.01672e-03,0.03,-0.01
1.01680e-03,0.03,0.05
1.01688e-03,0.03,-0.01
1.01696e-03,0.05,0.05
1.01704e-03,0.03,-0.01
1.01712e-03,0.05,0.05
1.01720e-03,0.03,-0.01
1.01728e-03,0.05,0.05
1.01736e-03,0.03,-0.01
1.01744e-03,0.03,0.05
1.01752e-03,0.03,-0.03
1.01760e-03,0.05,0.07
1.01768e-03,0.03,-0.03
1.01776e-03,0.01,0.07
1.01784e-03,0.05,-0.03
1.01792e-03,0.03,0.07
1.01800e-03,0.05,-0.01
1.01808e-03,0.03,0.07
1.01816e-03,0.03,-0.03
1.01824e-03,0.05,0.05
1.01832e-03,0.03,-0.03
1.01840e-03,0.05,0.05
1.01848e-03,0.01,-0.01
1.01856e-03,0.03,0.05
1.01864e-03,0.01,-0.03
1.01872e-03,0.03,0.05
1.01880e-03,0.03,-0.01
1.01888e-03,0.03,0.05
1.01896e-03,0.05,-0.01
1.01904e-03,0.03,0.05
1.01912e-03,0.05,-0.01
1.01920e-03,0.03,0.05
1.01928e-03,0.03,-0.01
1.01936e-03,0.03,0.05
1.01944e-03,0.03,-0.01
1.01952e-03,0.03,0.05
1.01960e-03,0.03,-0.01
1.01968e-03,0.03,0.05
1.01976e-03,0.03,-0.01
1.01984e-03,0.01,0.05
1.01992e-03,0.03,-0.01
1.02000e-03,0.03,0.05
1.02008e-03,0.03,-0.01
1.02016e-03,0.03,0.05
1.02024e-03,0.03,-0.01
1.02032e-03,0.03,0.05
1.02040e-03,0.03,-0.01
1.02048e-03,0.03,0.05
1.02056e-03,0.03,-0.01
1.02064e-03,0.01,0.05
1.02072e-03,0.03,-0.01
1.02080e-03,0.03,0.05
1.02088e-03,0.03,-0.03
1.02096e-03,0.03,0.05
1.02104e-03,0.01,-0.03
1.02112e-03,0.03,0.05
1.02120e-03,0.01,-0.01
1.02128e-03,0.03,0.05
1.02136e-03,0.01,-0.03
1.02144e-03,0.03,0.05
1.02152e-03,0.03,-0.01
1.02160e-03,0.03,0.05
1.02168e-03,0.03,-0.01
1.02176e-03,0.03,0.05
1.02184e-03,0.05,-0.01
1.02192e-03,0.03,0.05
1.02200e-03,0.03,-0.01
1.02208e-03,0.03,0.05
1.02216e-03,0.03,-0.01
1.02224e-03,0.03,0.05
1.02232e-03,0.03,-0.01
1.02240e-03,0.03,0.05
1.02248e-03,0.03,-0.01
1.02256e-03,0.05,0.05
1.02264e-03,0.01,-0.01
1.02272e-03,0.03,0.05
1.02280e-03,0.03,-0.01
1.02288e-03,0.03,0.05
1.02296e-03,0.03,-0.01
1.02304e-03,0.03,0.05
1.02312e-03,0.05,-0.01
1.02320e-03,0.03,0.05
1.02328e-03,0.05,-0.01
1.02336e-03,0.03,0.05
1.02344e-03,0.03,-0.01
1.02352e-03,0.03,0.05
1.02360e-03,0.01,-0.01
1.02368e-03,0.05,0.05
1.02376e-03,0.03,-0.01
1.02384e-03,0.03,0.05
1.02392e-03,0.03,-0.01
1.02400e-03,0.05,0.05
1.02408e-03,0.03,-0.01
1.02416e-03,0.03,0.05
1.02424e-03,0.03,-0.01
1.02432e-03,0.03,0.05
1.02440e-03,0.03,-0.01
1.02448e-03,0.03,0.05
1.02456e-03,0.03,-0.01
1.02464e-03,0.05,0.05
1.02472e-03,0.05,-0.01
1.02480e-03,0.03,0.05
1.02488e-03,0.05,-0.03
1.02496e-03,0.03,0.05
1.02504e-03,0.03,-0.01
1.02512e-03,0.03,0.05
1.02520e-03,0.03,-0.03
1.02528e-03,0.05,0.05
1.02536e-03,0.03,-0.03
1.02544e-03,0.03,0.05
1.02552e-03,0.01,-0.03
1.02560e-03,0.03,0.05
1.02568e-03,0.03,-0.01
1.02576e-03,0.01,0.05
1.02584e-03,0.03,-0.01
1.02592e-03,0.03,0.05
1.02600e-03,0.03,-0.03
1.02608e-03,0.03,0.07
1.02616e-03,0.03,-0.01
1.02624e-03,0.03,0.05
1.02632e-03,0.03,-0.01
1.02640e-03,0.03,0.05
1.02648e-03,0.03,-0.01
1.02656e-03,0.03,0.07
1.02664e-03,0.03,-0.03
1.02672e-03,0.03,0.07
1.02680e-03,0.03,-0.01
1.02688e-03,0.03,0.05
1.02696e-03,0.03,-0.01
1.02704e-03,0.03,0.07
1.02712e-03,0.03,-0.01
1.02720e-03,0.03,0.05
1.02728e-03,0.05,-0.03
1.02736e-03,0.03,0.05
1.02744e-03,-0.05,-0.01
1.02752e-03,0.03,0.05
1.02760e-03,0.03,-0.15
1.02768e-03,0.01,0.05
1.02776e-03,0.03,-0.05
1.02784e-03,0.01,0.05
1.02792e-03,0.03,-0.03
1.02800e-03,0.03,0.03
1.02808e-03,0.03,-0.01
1.02816e-03,0.03,0.03
1.02824e-03,0.01,-0.01
1.02832e-03,0.01,0.05
1.02840e-03,0.03,-0.01
1.02848e-03,0.01,0.05
1.02856e-03,0.03,-0.03
1.02864e-03,0.01,0.05
1.02872e-03,0.05,-0.01
1.02880e-03,0.03,0.05
1.02888e-03,0.03,-0.03
1.02896e-03,0.03,0.05
1.02904e-03,0.01,-0.03
1.02912e-03,0.03,0.05
1.02920e-03,0.03,-0.01
1.02928e-03,0.03,0.05
1.02936e-03,0.03,-0.01
1.02944e-03,0.03,0.05
1.02952e-03,0.03,-0.03
1.02960e-03,0.01,0.05
1.02968e-03,0.03,-0.03
1.02976e-03,0.01,0.05
1.02984e-03,0.03,-0.03
1.02992e-03,0.01,0.05
1.03000e-03,0.03,-0.03
1.03008e-03,0.03,0.05
1.03016e-03,0.01,-0.03
1.03024e-03,0.03,0.05
1.03032e-03,0.03,-0.01
1.03040e-03,0.03,0.05
1.03048e-03,0.03,-0.03
1.03056e-03,0.03,0.05
1.03064e-03,0.03,-0.01
1.03072e-03,0.03,0.05
1.03080e-03,0.05,-0.01
1.03088e-03,0.01,0.05
1.03096e-03,0.03,-0.03
1.03104e-03,0.03,0.05
1.03112e-03,0.03,-0.01
1.03120e-03,0.03,0.05
1.03128e-03,0.03,-0.03
1.03136e-03,0.03,0.05
1.03144e-03,0.03,-0.01
1.03152e-03,0.03,0.05
1.03160e-03,0.01,-0.01
1.03168e-03,0.03,0.05
1.03176e-03,0.01,-0.01
1.03184e-03,0.03,0.05
1.03192e-03,0.03,-0.01
1.03200e-03,0.01,0.05
1.03208e-03,0.03,-0.01
1.03216e-03,0.03,0.05
1.03224e-03,0.03,-0.03
1.03232e-03,0.01,0.05
1.03240e-03,0.03,-0.03
1.03248e-03,0.03,0.05
1.03256e-03,0.03,-0.01
1.03264e-03,0.05,0.05
1.03272e-03,0.03,-0.03
1.03280e-03,0.03,0.05
1.03288e-03,0.01,-0.03
1.03296e-03,0.03,0.05
1.03304e-03,0.03,-0.01
1.03312e-03,0.01,0.05
1.03320e-03,0.03,-0.01
1.03328e-03,0.03,0.03
1.03336e-03,0.03,-0.01
1.03344e-03,0.01,0.05
1.03352e-03,0.05,-0.03
1.03360e-03,0.03,0.05
1.03368e-03,0.05,-0.01
1.03376e-03,0.01,0.07
1.03384e-03,0.03,-0.03
1.03392e-03,0.03,0.05
1.03400e-03,0.03,-0.01
1.03408e-03,0.03,0.05
1.03416e-03,0.15,-0.01
1.03424e-03,0.05,0.05
1.03432e-03,0.07,-0.01
1.03440e-03,0.05,0.33
1.03448e-03,0.01,-0.01
1.03456e-03,0.05,0.11
1.03464e-03,0.03,-0.01
1.03472e-03,0.03,0.07
1.03480e-03,0.03,-0.01
1.03488e-03,0.03,0.05
1.03496e-03,0.05,-0.01
1.03504e-03,0.03,0.07
1.03512e-03,0.03,-0.01
1.03520e-03,0.03,0.05
1.03528e-03,0.05,-0.03
1.03536e-03,0.05,0.05
1.03544e-03,0.03,-0.01
1.03552e-03,0.03,0.05
1.03560e-03,0.03,-0.01
1.03568e-03,0.03,0.05
1.03576e-03,0.03,-0.01
1.03584e-03,0.05,0.05
1.03592e-03,0.03,-0.01
1.03600e-03,0.05,0.05
1.03608e-03,0.03,-0.03
1.03616e-03,0.03,0.07
1.03624e-03,0.05,-0.01
1.03632e-03,0.03,0.07
1.03640e-03,0.03,-0.01
1.03648e-03,0.03,0.05
1.03656e-03,0.03,-0.01
1.03664e-03,0.05,0.05
1.03672e-03,0.03,-0.01
1.03680e-03,0.03,0.05
1.03688e-03,0.03,-0.01
1.03696e-03,0.07,0.05
1.03704e-03,0.01,-0.03
1.03712e-03,0.03,0.07
1.03720e-03,0.03,-0.01
1.03728e-03,0.03,0.05
1.03736e-03,0.01,-0.01
1.03744e-03,0.03,0.05
1.03752e-03,0.03,-0.01
1.03760e-03,0.01,0.05
1.03768e-03,0.03,-0.01
1.03776e-03,0.03,0.05
1.03784e-03,0.03,-0.01
1.03792e-03,0.03,0.05
1.03800e-03,0.03,-0.01
1.03808e-03,0.03,0.05
1.03816e-03,0.03,-0.01
1.03824e-03,0.03,0.05
1.03832e-03,0.03,-0.01
1.03840e-03,0.03,0.05
1.03848e-03,0.03,-0.01
1.03856e-03,0.03,0.05
1.03864e-03,0.03,-0.01
1.03872e-03,0.01,0.05
1.03880e-03,0.03,-0.01
1.03888e-03,0.01,0.05
1.03896e-03,0.03,-0.01
1.03904e-03,0.03,0.05
1.03912e-03,0.03,-0.03
1.03920e-03,0.01,0.05
1.03928e-03,0.03,-0.01
1.03936e-03,0.03,0.05
1.03944e-03,0.01,-0.01
1.03952e-03,0.03,0.05
1.03960e-03,0.01,-0.03
1.03968e-03,0.03,0.03
1.03976e-03,0.03,-0.01
1.03984e-03,0.03,0.03
1.03992e-03,0.01,-0.01
1.04000e-03,0.03,0.05
1.04008e-03,0.01,-0.03
1.04016e-03,0.03,0.05
1.04024e-03,0.03,-0.01
1.04032e-03,0.01,0.05
1.04040e-03,0.01,-0.03
1.04048e-03,0.01,0.03
1.04056e-03,0.01,-0.03
1.04064e-03,0.01,0.05
1.04072e-03,0.03,-0.01
1.04080e-03,0.01,0.03
1.04088e-03,0.03,-0.03
1.04096e-03,0.03,0.03
1.04104e-03,0.03,-0.01
1.04112e-03,0.03,0.05
1.04120e-03,0.01,-0.03
1.04128e-03,0.03,0.03
1.04136e-03,0.03,-0.03
1.04144e-03,0.01,0.03
1.04152e-03,0.03,-0.01
1.04160e-03,0.03,0.03
1.04168e-03,0.01,-0.01
1.04176e-03,0.03,0.03
1.04184e-03,0.03,-0.03
1.04192e-03,0.01,0.05
1.04200e-03,0.01,-0.01
1.04208e-03,0.03,0.05
1.04216e-03,0.01,-0.03
1.04224e-03,0.01,0.05
1.04232e-03,0.01,-0.03
1.04240e-03,0.03,0.03
1.04248e-03,0.03,-0.03
1.04256e-03,0.03,0.05
1.04264e-03,0.03,-0.03
1.04272e-03,0.01,0.03
1.04280e-03,0.03,-0.03
1.04288e-03,0.01,0.03
1.04296e-03,0.01,-0.03
1.04304e-03,0.03,0.03
1.04312e-03,0.01,-0.03
1.04320e-03,0.03,0.03
1.04328e-03,0.01,-0.03
1.04336e-03,0.01,0.03
1.04344e-03,0.01,-0.03
1.04352e-03,0.03,0.03
1.04360e-03,-0.01,-0.03
1.04368e-03,0.03,0.05
1.04376e-03,0.01,-0.03
1.04384e-03,0.01,0.05
1.04392e-03,0.01,-0.03
1.04400e-03,0.03,0.03
1.04408e-03,0.01,-0.03
1.04416e-03,0.01,0.03
1.04424e-03,0.01,-0.03
1.04432e-03,0.01,0.03
1.04440e-03,0.01,-0.03
1.04448e-03,0.01,0.05
1.04456e-03,0.03,-0.03
1.04464e-03,0.03,0.03
1.04472e-03,0.01,-0.03
1.04480e-03,0.01,0.05
1.04488e-03,0.01,-0.03
1.04496e-03,0.01,0.05
1.04504e-03,0.01,-0.03
1.04512e-03,0.05,0.05
1.04520e-03,0.03,-0.03
1.04528e-03,0.01,0.05
1.04536e-03,0.01,-0.03
1.04544e-03,0.03,0.03
1.04552e-03,0.03,-0.01
1.04560e-03,0.01,0.05
1.04568e-03,0.03,-0.03
1.04576e-03,0.03,0.03
1.04584e-03,0.03,-0.03
1.04592e-03,0.01,0.05
1.04600e-03,0.01,-0.03
1.04608e-03,-0.03,0.03
1.04616e-03,-0.47,-0.07
1.04624e-03,-0.57,0.05
1.04632e-03,-0.81,-0.59
1.04640e-03,-0.99,-0.05
1.04648e-03,-1.15,-1.01
1.04656e-03,-1.23,-0.59
1.04664e-03,-1.25,-1.25
1.04672e-03,-1.23,-1.01
1.04680e-03,-1.13,-1.29
1.04688e-03,-1.03,-1.21
1.04696e-03,-0.97,-1.23
1.04704e-03,-0.95,-1.03
1.04712e-03,-0.91,-1.07
1.04720e-03,-0.91,-0.95
1.04728e-03,-0.93,-0.97
1.04736e-03,-0.93,-0.91
1.04744e-03,-0.95,-0.97
1.04752e-03,-0.99,-0.91
1.04760e-03,-1.03,-1.01
1.04768e-03,-1.01,-0.93
1.04776e-03,-1.05,-1.05
1.04784e-03,-1.01,-0.99
1.04792e-03,-1.03,-1.07
1.04800e-03,-1.05,-1.01
1.04808e-03,-1.03,-1.09
1.04816e-03,-1.01,-1.01
1.04824e-03,-1.03,-1.07
1.04832e-03,-1.01,-1.01
1.04840e-03,-1.01,-1.05
1.04848e-03,-1.01,-1.01
1.04856e-03,-1.03,-1.05
1.04864e-03,-1.03,-0.99
1.04872e-03,-1.01,-1.05
1.04880e-03,-1.01,-0.99
1.04888e-03,-1.03,-1.05
1.04896e-03,-1.01,-0.99
1.04904e-03,-1.03,-1.05
1.04912e-03,-1.03,-0.99
1.04920e-03,-1.05,-1.05
1.04928e-03,-1.03,-1.01
1.04936e-03,-1.01,-1.07
1.04944e-03,-1.03,-0.97
1.04952e-03,-1.03,-1.05
1.04960e-03,-1.03,-1.01
1.04968e-03,-1.03,-1.07
1.04976e-03,-1.03,-1.01
1.04984e-03,-1.01,-1.05
1.04992e-03,-1.03,-1.01
1.05000e-03,-1.01,-1.05
1.05008e-03,-1.03,-1.01
1.05016e-03,-1.03,-1.05
1.05024e-03,-1.01,-1.01
1.05032e-03,-1.05,-1.05
1.05040e-03,-1.03,-1.01
1.05048e-03,-1.03,-1.05
1.05056e-03,-1.03,-0.99
1.05064e-03,-1.03,-1.07
1.05072e-03,-1.05,-1.01
1.05080e-03,-1.03,-1.05
1.05088e-03,-1.03,-1.01
1.05096e-03,-1.03,-1.05
1.05104e-03,-1.05,-1.01
1.05112e-03,-1.03,-1.05
1.05120e-03,-1.03,-1.01
1.05128e-03,-1.01,-1.05
1.05136e-03,-1.01,-1.01
1.05144e-03,-1.05,-1.05
1.05152e-03,-1.01,-1.01
1.05160e-03,-1.05,-1.07
1.05168e-03,-1.05,-1.01
1.05176e-03,-1.03,-1.05
1.05184e-03,-1.03,-0.99
1.05192e-03,-1.05,-1.07
1.05200e-03,-1.03,-1.01
1.05208e-03,-1.01,-1.07
1.05216e-03,-1.03,-1.01
1.05224e-03,-1.03,-1.05
1.05232e-03,-1.03,-1.01
1.05240e-03,-1.01,-1.07
1.05248e-03,-1.03,-1.01
1.05256e-03,-1.03,-1.07
1.05264e-03,-1.05,-1.01
1.05272e-03,-1.03,-1.07
1.05280e-03,-1.01,-1.01
1.05288e-03,-1.03,-1.05
1.05296e-03,-1.03,-1.01
1.05304e-03,-1.05,-1.05
1.05312e-03,-1.03,-1.01
1.05320e-03,-1.03,-1.07
1.05328e-03,-1.05,-0.99
1.05336e-03,-1.03,-1.05
1.05344e-03,-1.03,-1.01
1.05352e-03,-1.03,-1.07
1.05360e-03,-1.03,-1.01
1.05368e-03,-1.03,-1.05
1.05376e-03,-1.05,-1.01
1.05384e-03,-1.05,-1.05
1.05392e-03,-1.05,-1.01
1.05400e-03,-1.01,-1.07
1.05408e-03,-1.03,-1.01
1.05416e-03,-1.03,-1.05
1.05424e-03,-1.01,-1.01
1.05432e-03,-1.03,-1.05
1.05440e-03,-1.01,-1.01
1.05448e-03,-1.03,-1.07
1.05456e-03,-1.03,-1.01
1.05464e-03,-1.03,-1.05
1.05472e-03,-1.03,-1.01
1.05480e-03,-1.03,-1.05
1.05488e-03,-1.05,-1.01
1.05496e-03,-1.03,-1.05
1.05504e-03,-1.03,-1.01
1.05512e-03,-1.03,-1.07
1.05520e-03,-1.05,-1.01
1.05528e-03,-1.03,-1.05
1.05536e-03,-1.03,-1.01
1.05544e-03,-1.05,-1.05
1.05552e-03,-1.03,-1.01
1.05560e-03,-1.01,-1.05
1.05568e-03,-0.99,-1.01
1.05576e-03,-1.03,-1.07
1.05584e-03,-1.01,-0.99
1.05592e-03,-1.03,-1.07
1.05600e-03,-1.03,-0.99
1.05608e-03,-1.03,-1.05
1.05616e-03,-1.03,-1.01
1.05624e-03,-1.03,-1.05
1.05632e-03,-1.03,-1.01
1.05640e-03,-1.01,-1.07
1.05648e-03,-1.03,-0.99
1.05656e-03,-1.03,-1.05
1.05664e-03,-1.05,-1.01
1.05672e-03,-1.05,-1.07
1.05680e-03,-1.03,-1.01
1.05688e-03,-1.03,-1.07
1.05696e-03,-1.03,-1.01
1.05704e-03,-1.03,-1.07
1.05712e-03,-1.03,-1.01
1.05720e-03,-1.03,-1.07
1.05728e-03,-1.03,-1.01
1.05736e-03,-1.01,-1.07
1.05744e-03,-1.05,-1.01
1.05752e-03,-1.03,-1.05
1.05760e-03,-1.05,-1.01
1.05768e-03,-1.03,-1.07
1.05776e-03,-1.05,-1.01
1.05784e-03,-1.03,-1.07
1.05792e-03,-1.05,-1.01
1.05800e-03,-1.05,-1.07
1.05808e-03,-1.03,-0.99
1.05816e-03,-1.03,-1.05
1.05824e-03,-1.01,-1.01
1.05832e-03,-1.03,-1.07
1.05840e-03,-1.03,-1.01
1.05848e-03,-1.05,-1.07
1.05856e-03,-1.03,-1.01
1.05864e-03,-1.03,-1.07
1.05872e-03,-1.03,-1.01
1.05880e-03,-1.01,-1.07
1.05888e-03,-1.05,-1.01
1.05896e-03,-1.05,-1.05
1.05904e-03,-1.03,-1.01
1.05912e-03,-1.01,-1.07
1.05920e-03,-1.05,-1.01
1.05928e-03,-1.05,-1.07
1.05936e-03,-1.01,-1.01
1.05944e-03,-1.03,-1.07
1.05952e-03,-1.03,-1.01
1.05960e-03,-1.03,-1.07
1.05968e-03,-1.03,-1.01
1.05976e-03,-1.07,-1.07
1.05984e-03,-1.03,-1.01
1.05992e-03,-1.05,-1.07
1.06000e-03,-1.03,-1.01
1.06008e-03,-1.03,-1.07
1.06016e-03,-1.03,-1.01
1.06024e-03,-1.05,-1.05
1.06032e-03,-1.03,-0.99
1.06040e-03,-1.03,-1.07
1.06048e-03,-1.03,-1.01
1.06056e-03,-1.03,-1.07
1.06064e-03,-1.03,-1.01
1.06072e-03,-1.03,-1.07
1.06080e-03,-1.03,-1.01
1.06088e-03,-1.05,-1.05
1.06096e-03,-1.03,-1.01
1.06104e-03,-1.03,-1.07
1.06112e-03,-1.03,-0.99
1.06120e-03,-1.03,-1.07
1.06128e-03,-1.01,-0.99
1.06136e-03,-1.03,-1.05
1.06144e-03,-1.03,-1.01
1.06152e-03,-1.03,-1.05
1.06160e-03,-1.03,-1.01
1.06168e-03,-1.03,-1.05
1.06176e-03,-1.01,-1.01
1.06184e-03,-1.03,-1.05
1.06192e-03,-1.03,-1.01
1.06200e-03,-1.05,-1.07
1.06208e-03,-1.03,-1.01
1.06216e-03,-1.05,-1.07
1.06224e-03,-1.03,-1.01
1.06232e-03,-1.03,-1.07
1.06240e-03,-1.03,-1.01
1.06248e-03,-1.03,-1.05
1.06256e-03,-1.03,-1.01
1.06264e-03,-1.03,-1.05
1.06272e-03,-1.01,-1.01
1.06280e-03,-1.03,-1.07
1.06288e-03,-1.05,-1.01
1.06296e-03,-1.03,-1.07
1.06304e-03,-1.03,-1.01
1.06312e-03,-1.05,-1.07
1.06320e-03,-1.05,-1.01
1.06328e-03,-1.03,-1.09
1.06336e-03,-1.03,-1.01
1.06344e-03,-1.03,-1.07
1.06352e-03,-1.03,-1.01
1.06360e-03,-1.03,-1.07
1.06368e-03,-1.03,-1.01
1.06376e-03,-1.05,-1.05
1.06384e-03,-1.03,-0.99
1.06392e-03,-1.03,-1.07
1.06400e-03,-1.01,-1.01
1.06408e-03,-1.03,-1.07
1.06416e-03,-1.03,-1.01
1.06424e-03,-1.03,-1.07
1.06432e-03,-1.03,-1.01
1.06440e-03,-1.03,-1.07
1.06448e-03,-1.03,-1.01
1.06456e-03,-1.01,-1.07
1.06464e-03,-1.03,-1.01
1.06472e-03,-1.03,-1.05
1.06480e-03,-1.03,-1.01
1.06488e-03,-1.05,-1.07
1.06496e-03,-1.03,-1.01
1.06504e-03,-1.03,-1.07
1.06512e-03,-1.03,-1.01
1.06520e-03,-1.07,-1.05
1.06528e-03,-1.03,-1.01
1.06536e-03,-1.03,-1.07
1.06544e-03,-1.03,-0.99
1.06552e-03,-1.01,-1.07
1.06560e-03,-1.03,-1.01
1.06568e-03,-1.03,-1.07
1.06576e-03,-1.05,-1.01
1.06584e-03,-1.01,-1.05
1.06592e-03,-1.03,-1.01
1.06600e-03,-1.03,-1.07
1.06608e-03,-1.05,-1.01
1.06616e-03,-1.03,-1.05
1.06624e-03,-1.03,-1.01
1.06632e-03,-1.05,-1.07
1.06640e-03,-1.03,-1.01
1.06648e-03,-1.01,-1.07
1.06656e-03,-1.03,-1.01
1.06664e-03,-1.03,-1.07
1.06672e-03,-1.03,-1.01
1.06680e-03,-1.03,-1.05
1.06688e-03,-1.03,-1.01
1.06696e-03,-1.03,-1.05
1.06704e-03,-1.03,-1.01
1.06712e-03,-1.01,-1.05
1.06720e-03,-1.03,-1.01
1.06728e-03,-1.01,-1.07
1.06736e-03,-1.03,-1.01
1.06744e-03,-1.03,-1.05
1.06752e-03,-1.03,-1.01
1.06760e-03,-1.03,-1.07
1.06768e-03,-1.03,-1.01
1.06776e-03,-1.03,-1.05
1.06784e-03,-1.01,-1.01
1.06792e-03,-1.03,-1.05
1.06800e-03,-1.03,-1.01
1.06808e-03,-1.03,-1.07
1.06816e-03,-1.05,-0.99
1.06824e-03,-1.03,-1.07
1.06832e-03,-1.05,-1.01
1.06840e-03,-1.03,-1.05
1.06848e-03,-1.03,-1.01
1.06856e-03,-1.03,-1.07
1.06864e-03,-1.03,-1.01
1.06872e-03,-1.03,-1.05
1.06880e-03,-1.01,-1.01
1.06888e-03,-1.03,-1.05
1.06896e-03,-1.01,-1.01
1.06904e-03,-1.03,-1.07
1.06912e-03,-1.03,-1.01
1.06920e-03,-1.05,-1.05
1.06928e-03,-1.05,-1.01
1.06936e-03,-1.01,-1.07
1.06944e-03,-1.03,-1.01
1.06952e-03,-1.03,-1.07
1.06960e-03,-1.05,-1.01
1.06968e-03,-1.03,-1.05
1.06976e-03,-1.03,-1.01
1.06984e-03,-1.03,-1.07
1.06992e-03,-1.03,-1.01
1.07000e-03,-1.03,-1.07
1.07008e-03,-1.01,-1.01
1.07016e-03,-1.03,-1.05
1.07024e-03,-1.01,-0.99
1.07032e-03,-1.03,-1.07
1.07040e-03,-1.03,-1.01
1.07048e-03,-1.01,-1.05
1.07056e-03,-1.03,-1.01
1.07064e-03,-1.03,-1.05
1.07072e-03,-1.03,-0.99
1.07080e-03,-1.05,-1.05
1.07088e-03,-1.05,-1.01
1.07096e-03,-0.99,-1.07
1.07104e-03,-1.03,-1.01
1.07112e-03,-1.01,-1.07
1.07120e-03,-1.03,-0.99
1.07128e-03,-1.03,-1.07
1.07136e-03,-1.01,-0.99
1.07144e-03,-1.03,-1.05
1.07152e-03,-1.03,-1.01
1.07160e-03,-1.03,-1.05
1.07168e-03,-1.01,-1.01
1.07176e-03,-1.03,-1.05
1.07184e-03,-1.01,-0.99
1.07192e-03,-1.01,-1.05
1.07200e-03,-1.03,-1.01
1.07208e-03,-1.03,-1.05
1.07216e-03,-1.03,-0.99
1.07224e-03,-1.01,-1.05
1.07232e-03,-1.05,-0.99
1.07240e-03,-1.01,-1.05
1.07248e-03,-1.03,-1.01
1.07256e-03,-1.03,-1.07
1.07264e-03,-1.03,-1.01
1.07272e-03,-1.03,-1.05
1.07280e-03,-1.03,-1.01
1.07288e-03,-1.05,-1.05
1.07296e-03,-1.03,-1.01
1.07304e-03,-1.03,-1.07
1.07312e-03,-1.03,-1.01
1.07320e-03,-1.03,-1.05
1.07328e-03,-1.03,-1.01
1.07336e-03,-1.03,-1.07
1.07344e-03,-1.03,-1.01
1.07352e-03,-1.03,-1.05
1.07360e-03,-1.03,-1.01
1.07368e-03,-1.01,-1.05
1.07376e-03,-1.03,-1.01
1.07384e-03,-1.01,-1.05
1.07392e-03,-1.03,-1.01
1.07400e-03,-1.03,-1.05
1.07408e-03,-1.03,-1.01
1.07416e-03,-1.03,-1.05
1.07424e-03,-1.01,-1.01
1.07432e-03,-1.05,-1.05
1.07440e-03,-1.03,-0.99
1.07448e-03,-1.03,-1.05
1.07456e-03,-1.03,-1.01
1.07464e-03,-1.03,-1.05
1.07472e-03,-1.03,-1.01
1.07480e-03,-1.01,-1.05
1.07488e-03,-1.03,-1.01
1.07496e-03,-1.01,-1.05
1.07504e-03,-1.03,-1.01
1.07512e-03,-1.01,-1.05
1.07520e-03,-1.03,-1.01
1.07528e-03,-1.03,-1.05
1.07536e-03,-1.03,-1.01
1.07544e-03,-1.03,-1.05
1.07552e-03,-1.03,-0.99
1.07560e-03,-1.03,-1.05
1.07568e-03,-1.03,-0.99
1.07576e-03,-1.03,-1.05
1.07584e-03,-1.01,-1.01
1.07592e-03,-1.03,-1.05
1.07600e-03,-1.01,-0.99
1.07608e-03,-1.03,-1.05
1.07616e-03,-1.03,-0.99
1.07624e-03,-1.01,-1.07
1.07632e-03,-1.03,-0.99
1.07640e-03,-1.03,-1.07
1.07648e-03,-1.01,-1.01
1.07656e-03,-1.01,-1.07
1.07664e-03,-1.05,-0.99
1.07672e-03,-1.03,-1.05
1.07680e-03,-1.03,-0.99
1.07688e-03,-1.03,-1.05
1.07696e-03,-1.01,-1.01
1.07704e-03,-1.03,-1.05
1.07712e-03,-1.01,-0.99
1.07720e-03,-1.03,-1.05
1.07728e-03,-1.03,-1.01
1.07736e-03,-1.01,-1.05
1.07744e-03,-1.03,-0.99
1.07752e-03,-0.91,-1.05
1.07760e-03,-0.99,-1.01
1.07768e-03,-1.01,-1.11
1.07776e-03,-0.93,-0.75
1.07784e-03,-0.97,-1.01
1.07792e-03,-0.93,-0.93
1.07800e-03,-0.97,-0.99
1.07808e-03,-0.97,-0.93
1.07816e-03,-0.99,-0.99
1.07824e-03,-1.03,-0.93
1.07832e-03,-1.05,-1.03
1.07840e-03,-1.05,-0.97
1.07848e-03,-1.05,-1.07
1.07856e-03,-1.03,-0.99
1.07864e-03,-1.03,-1.07
1.07872e-03,-1.05,-1.01
1.07880e-03,-1.05,-1.09
1.07888e-03,-1.03,-1.01
1.07896e-03,-1.03,-1.07
1.07904e-03,-1.01,-1.01
1.07912e-03,-1.03,-1.05
1.07920e-03,-1.01,-0.99
1.07928e-03,-1.01,-1.05
1.07936e-03,-1.01,-0.99
1.07944e-03,-1.01,-1.05
1.07952e-03,-1.03,-0.99
1.07960e-03,-1.03,-1.05
1.07968e-03,-1.03,-1.01
1.07976e-03,-1.05,-1.05
1.07984e-03,-1.03,-1.01
1.07992e-03,-1.03,-1.05
1.08000e-03,-1.03,-1.01
1.08008e-03,-1.03,-1.05
1.08016e-03,-1.05,-1.01
1.08024e-03,-1.03,-1.05
1.08032e-03,-1.01,-1.01
1.08040e-03,-1.03,-1.05
1.08048e-03,-1.01,-1.01
1.08056e-03,-1.03,-1.05
1.08064e-03,-1.03,-0.99
1.08072e-03,-1.01,-1.05
1.08080e-03,-1.01,-0.99
1.08088e-03,-1.01,-1.05
1.08096e-03,-1.01,-1.01
1.08104e-03,-1.01,-1.05
1.08112e-03,-1.01,-0.99
1.08120e-03,-1.01,-1.05
1.08128e-03,-1.01,-0.99
1.08136e-03,-1.01,-1.05
1.08144e-03,-1.01,-0.99
1.08152e-03,-1.01,-1.05
1.08160e-03,-1.03,-1.01
1.08168e-03,-1.01,-1.05
1.08176e-03,-1.01,-0.99
1.08184e-03,-1.03,-1.05
1.08192e-03,-1.03,-0.99
1.08200e-03,-1.01,-1.05
1.08208e-03,-1.03,-1.01
1.08216e-03,-1.01,-1.05
1.08224e-03,-1.01,-0.99
1.08232e-03,-1.01,-1.05
1.08240e-03,-1.03,-0.99
1.08248e-03,-1.01,-1.05
1.08256e-03,-1.03,-0.99
1.08264e-03,-1.01,-1.05
1.08272e-03,-1.01,-0.99
1.08280e-03,-1.03,-1.05
1.08288e-03,-1.03,-0.97
1.08296e-03,-1.03,-1.05
1.08304e-03,-1.01,-0.99
1.08312e-03,-1.01,-1.05
1.08320e-03,-1.01,-0.99
1.08328e-03,-1.01,-1.05
1.08336e-03,-1.01,-0.99
1.08344e-03,-1.01,-1.05
1.08352e-03,-1.01,-0.99
1.08360e-03,-1.03,-1.05
1.08368e-03,-1.01,-0.99
1.08376e-03,-0.99,-1.05
1.08384e-03,-1.03,-0.99
1.08392e-03,-1.01,-1.05
1.08400e-03,-1.03,-0.99
1.08408e-03,-1.01,-1.05
1.08416e-03,-0.99,-0.99
1.08424e-03,-1.25,-1.03
1.08432e-03,-1.07,-0.99
1.08440e-03,-1.07,-1.35
1.08448e-03,-1.07,-0.93
1.08456e-03,-1.05,-1.09
1.08464e-03,-1.11,-1.03
1.08472e-03,-1.07,-1.11
1.08480e-03,-1.07,-1.03
1.08488e-03,-1.05,-1.11
1.08496e-03,-1.03,-1.05
1.08504e-03,-1.03,-1.09
1.08512e-03,-1.01,-1.01
1.08520e-03,-1.01,-1.07
1.08528e-03,-0.99,-0.99
1.08536e-03,-0.99,-1.03
1.08544e-03,-0.99,-0.97
1.08552e-03,-0.99,-1.03
1.08560e-03,-1.01,-0.97
1.08568e-03,-1.01,-1.05
1.08576e-03,-1.01,-0.97
1.08584e-03,-1.01,-1.05
1.08592e-03,-1.01,-0.99
1.08600e-03,-1.03,-1.05
1.08608e-03,-1.01,-0.99
1.08616e-03,-1.03,-1.05
1.08624e-03,-0.99,-0.99
1.08632e-03,-1.01,-1.05
1.08640e-03,-1.01,-0.99
1.08648e-03,-1.03,-1.05
1.08656e-03,-1.01,-0.99
1.08664e-03,-0.99,-1.05
1.08672e-03,-1.01,-0.99
1.08680e-03,-1.03,-1.05
1.08688e-03,-1.01,-0.99
1.08696e-03,-1.01,-1.05
1.08704e-03,-1.03,-0.99
1.08712e-03,-1.01,-1.05
1.08720e-03,-1.03,-0.99
1.08728e-03,-1.01,-1.05
1.08736e-03,-1.03,-0.99
1.08744e-03,-1.01,-1.05
1.08752e-03,-1.01,-0.99
1.08760e-03,-1.01,-1.05
1.08768e-03,-1.01,-0.99
1.08776e-03,-1.03,-1.03
1.08784e-03,-1.01,-0.99
1.08792e-03,-1.01,-1.05
1.08800e-03,-1.01,-0.99
1.08808e-03,-1.01,-1.03
1.08816e-03,-1.01,-0.99
1.08824e-03,-1.01,-1.05
1.08832e-03,-1.01,-0.99
1.08840e-03,-1.01,-1.05
1.08848e-03,-1.03,-0.99
1.08856e-03,-1.03,-1.05
1.08864e-03,-1.01,-0.99
1.08872e-03,-1.03,-1.05
1.08880e-03,-1.03,-0.99
1.08888e-03,-1.03,-1.05
1.08896e-03,-1.01,-1.01
1.08904e-03,-1.03,-1.05
1.08912e-03,-1.03,-1.01
1.08920e-03,-1.01,-1.05
1.08928e-03,-1.03,-1.01
1.08936e-03,-1.01,-1.05
1.08944e-03,-1.03,-1.01
1.08952e-03,-1.01,-1.05
1.08960e-03,-1.01,-1.01
1.08968e-03,-1.03,-1.05
1.08976e-03,-1.03,-0.99
1.08984e-03,-1.01,-1.05
1.08992e-03,-1.01,-0.99
1.09000e-03,-1.03,-1.05
1.09008e-03,-1.01,-0.99
1.09016e-03,-1.03,-1.05
1.09024e-03,-1.03,-1.01
1.09032e-03,-1.03,-1.05
1.09040e-03,-1.01,-0.99
1.09048e-03,-1.03,-1.07
1.09056e-03,-1.01,-1.01
1.09064e-03,-1.01,-1.05
1.09072e-03,-1.03,-1.01
1.09080e-03,-1.03,-1.05
1.09088e-03,-1.05,-1.01
1.09096e-03,-1.01,-1.05
1.09104e-03,-1.03,-1.01
1.09112e-03,-1.01,-1.05
1.09120e-03,-1.03,-1.01
1.09128e-03,-1.03,-1.05
1.09136e-03,-1.01,-0.99
1.09144e-03,-1.03,-1.07
1.09152e-03,-1.01,-1.01
1.09160e-03,-1.03,-1.05
1.09168e-03,-1.01,-0.99
1.09176e-03,-1.03,-1.05
1.09184e-03,-1.03,-1.01
1.09192e-03,-1.01,-1.05
1.09200e-03,-1.05,-0.99
1.09208e-03,-1.03,-1.07
1.09216e-03,-1.03,-1.01
1.09224e-03,-1.01,-1.05
1.09232e-03,-1.01,-1.01
1.09240e-03,-1.03,-1.05
1.09248e-03,-1.01,-1.01
1.09256e-03,-1.01,-1.07
1.09264e-03,-1.03,-0.99
1.09272e-03,-1.01,-1.05
1.09280e-03,-1.01,-1.01
1.09288e-03,-1.03,-1.07
1.09296e-03,-1.03,-0.99
1.09304e-03,-1.03,-1.05
1.09312e-03,-1.03,-0.99
1.09320e-03,-1.03,-1.07
1.09328e-03,-1.03,-1.01
1.09336e-03,-1.03,-1.05
1.09344e-03,-1.03,-1.01
1.09352e-03,-1.03,-1.07
1.09360e-03,-1.05,-1.01
1.09368e-03,-1.03,-1.07
1.09376e-03,-1.01,-1.01
1.09384e-03,-1.03,-1.07
1.09392e-03,-1.03,-0.99
1.09400e-03,-1.01,-1.07
1.09408e-03,-1.03,-1.01
1.09416e-03,-1.01,-1.07
1.09424e-03,-1.03,-0.99
1.09432e-03,-1.03,-1.05
1.09440e-03,-1.03,-1.01
1.09448e-03,-1.01,-1.05
1.09456e-03,-1.01,-1.01
1.09464e-03,-1.03,-1.05
1.09472e-03,-1.03,-1.01
1.09480e-03,-1.01,-1.05
1.09488e-03,-1.05,-0.99
1.09496e-03,-1.03,-1.07
1.09504e-03,-1.03,-1.01
1.09512e-03,-1.03,-1.07
1.09520e-03,-1.03,-0.99
1.09528e-03,-1.03,-1.05
1.09536e-03,-1.01,-1.01
1.09544e-03,-1.05,-1.05
1.09552e-03,-1.01,-1.01
1.09560e-03,-1.03,-1.07
1.09568e-03,-1.03,-1.01
1.09576e-03,-1.01,-1.05
1.09584e-03,-1.01,-1.01
1.09592e-03,-1.03,-1.05
1.09600e-03,-1.03,-1.01
1.09608e-03,-1.05,-1.05
1.09616e-03,-1.03,-1.01
1.09624e-03,-1.03,-1.07
1.09632e-03,-1.05,-1.01
1.09640e-03,-1.03,-1.05
1.09648e-03,-1.03,-1.01
1.09656e-03,-1.01,-1.05
1.09664e-03,-1.03,-1.01
1.09672e-03,-1.03,-1.05
1.09680e-03,-1.03,-1.01
1.09688e-03,-1.01,-1.05
1.09696e-03,-1.03,-1.01
1.09704e-03,-1.03,-1.05
1.09712e-03,-1.03,-1.01
1.09720e-03,-1.05,-1.05
1.09728e-03,-1.01,-1.01
1.09736e-03,-1.03,-1.05
1.09744e-03,-1.03,-1.01
1.09752e-03,-1.01,-1.05
1.09760e-03,-1.05,-1.01
1.09768e-03,-1.03,-1.05
1.09776e-03,-1.03,-1.01
1.09784e-03,-1.03,-1.05
1.09792e-03,-1.03,-1.01
1.09800e-03,-1.03,-1.05
1.09808e-03,-1.03,-1.01
1.09816e-03,-1.05,-1.05
1.09824e-03,-1.03,-1.01
1.09832e-03,-1.05,-1.07
1.09840e-03,-1.01,-1.01
1.09848e-03,-1.03,-1.05
1.09856e-03,-1.01,-1.01
1.09864e-03,-1.03,-1.05
1.09872e-03,-1.03,-1.01
1.09880e-03,-1.03,-1.05
1.09888e-03,-1.05,-0.99
1.09896e-03,-1.01,-1.05
1.09904e-03,-1.03,-1.01
1.09912e-03,-1.05,-1.05
1.09920e-03,-1.03,-1.01
1.09928e-03,-1.03,-1.05
1.09936e-03,-1.01,-1.01
1.09944e-03,-1.05,-1.05
1.09952e-03,-1.03,-1.01
1.09960e-03,-1.01,-1.05
1.09968e-03,-1.03,-1.01
1.09976e-03,-1.03,-1.05
1.09984e-03,-1.01,-1.01
1.09992e-03,-1.01,-1.05
1.10000e-03,-1.03,-0.99
1.10008e-03,-1.01,-1.05
1.10016e-03,-1.05,-0.99
1.10024e-03,-1.01,-1.07
1.10032e-03,-1.05,-1.01
1.10040e-03,-1.01,-1.07
1.10048e-03,-1.03,-0.99
1.10056e-03,-1.03,-1.07
1.10064e-03,-1.03,-1.01
1.10072e-03,-1.03,-1.07
1.10080e-03,-1.03,-1.01
1.10088e-03,-1.03,-1.05
1.10096e-03,-1.03,-1.01
1.10104e-03,-1.03,-1.05
1.10112e-03,-1.03,-1.01
1.10120e-03,-1.03,-1.05
1.10128e-03,-1.03,-1.01
1.10136e-03,-1.03,-1.07
1.10144e-03,-0.99,-1.01
1.10152e-03,-1.01,-1.07
1.10160e-03,-1.03,-0.99
1.10168e-03,-1.01,-1.07
1.10176e-03,-1.05,-0.99
1.10184e-03,-1.03,-1.07
1.10192e-03,-1.03,-0.99
1.10200e-03,-1.01,-1.07
1.10208e-03,-1.05,-1.01
1.10216e-03,-1.03,-1.05
1.10224e-03,-1.01,-1.01
1.10232e-03,-1.03,-1.05
1.10240e-03,-1.01,-1.01
1.10248e-03,-1.03,-1.05
1.10256e-03,-1.03,-1.01
1.10264e-03,-1.01,-1.07
1.10272e-03,-1.03,-0.99
1.10280e-03,-1.01,-1.07
1.10288e-03,-1.05,-1.01
1.10296e-03,-1.03,-1.05
1.10304e-03,-1.03,-1.01
1.10312e-03,-1.03,-1.07
1.10320e-03,-1.03,-1.01
1.10328e-03,-1.01,-1.05
1.10336e-03,-1.03,-1.01
1.10344e-03,-1.05,-1.05
1.10352e-03,-1.01,-1.01
1.10360e-03,-1.05,-1.07
1.10368e-03,-1.03,-1.01
1.10376e-03,-1.05,-1.05
1.10384e-03,-1.01,-1.01
1.10392e-03,-1.03,-1.05
1.10400e-03,-1.05,-1.01
1.10408e-03,-1.03,-1.07
1.10416e-03,-1.03,-1.01
1.10424e-03,-1.03,-1.05
1.10432e-03,-1.03,-1.01
1.10440e-03,-1.03,-1.07
1.10448e-03,-1.03,-1.01
1.10456e-03,-1.03,-1.05
1.10464e-03,-1.03,-1.01
1.10472e-03,-1.03,-1.07
1.10480e-03,-1.01,-1.01
1.10488e-03,-1.03,-1.05
1.10496e-03,-1.03,-1.01
1.10504e-03,-1.03,-1.05
1.10512e-03,-1.03,-1.01
1.10520e-03,-1.03,-1.07
1.10528e-03,-1.03,-1.01
1.10536e-03,-1.03,-1.07
1.10544e-03,-1.05,-1.01
1.10552e-03,-1.03,-1.07
1.10560e-03,-1.05,-1.01
1.10568e-03,-1.03,-1.05
1.10576e-03,-1.03,-1.01
1.10584e-03,-1.03,-1.07
1.10592e-03,-1.03,-1.01
1.10600e-03,-1.05,-1.05
1.10608e-03,-1.03,-1.01
1.10616e-03,-1.03,-1.05
1.10624e-03,-1.03,-1.01
1.10632e-03,-1.03,-1.05
1.10640e-03,-1.03,-1.01
1.10648e-03,-1.03,-1.05
1.10656e-03,-1.03,-1.01
1.10664e-03,-1.03,-1.05
1.10672e-03,-1.03,-1.01
1.10680e-03,-1.03,-1.07
1.10688e-03,-1.03,-1.01
1.10696e-03,-1.03,-1.05
1.10704e-03,-1.03,-1.01
1.10712e-03,-1.01,-1.05
1.10720e-03,-1.03,-1.01
1.10728e-03,-1.01,-1.05
1.10736e-03,-1.01,-1.01
1.10744e-03,-1.03,-1.05
1.10752e-03,-1.01,-1.01
1.10760e-03,-1.03,-1.05
1.10768e-03,-1.01,-1.01
1.10776e-03,-1.05,-1.07
1.10784e-03,-1.03,-1.01
1.10792e-03,-1.03,-1.05
1.10800e-03,-1.03,-1.01
1.10808e-03,-1.03,-1.05
1.10816e-03,-1.05,-1.01
1.10824e-03,-1.01,-1.07
1.10832e-03,-1.03,-0.99
1.10840e-03,-1.03,-1.07
1.10848e-03,-1.03,-1.01
1.10856e-03,-1.03,-1.07
1.10864e-03,-1.01,-1.01
1.10872e-03,-1.03,-1.07
1.10880e-03,-1.01,-1.01
1.10888e-03,-1.03,-1.07
1.10896e-03,-1.03,-1.01
1.10904e-03,-1.03,-1.05
1.10912e-03,-1.01,-0.99
1.10920e-03,-1.03,-1.07
1.10928e-03,-1.03,-0.99
1.10936e-03,-1.03,-1.07
1.10944e-03,-1.03,-0.99
1.10952e-03,-1.01,-1.07
1.10960e-03,-1.03,-0.99
1.10968e-03,-1.05,-1.05
1.10976e-03,-1.03,-1.01
1.10984e-03,-1.01,-1.05
1.10992e-03,-1.03,-1.01
1.11000e-03,-1.03,-1.07
1.11008e-03,-1.03,-0.99
1.11016e-03,-1.03,-1.07
1.11024e-03,-1.01,-0.99
1.11032e-03,-1.03,-1.05
1.11040e-03,-1.03,-1.01
1.11048e-03,-1.05,-1.05
1.11056e-03,-1.03,-1.01
1.11064e-03,-1.03,-1.05
1.11072e-03,-1.01,-1.01
1.11080e-03,-1.05,-1.07
1.11088e-03,-1.05,-1.01
1.11096e-03,-1.03,-1.07
1.11104e-03,-1.05,-1.01
1.11112e-03,-1.05,-1.07
1.11120e-03,-1.03,-1.01
1.11128e-03,-1.03,-1.05
1.11136e-03,-1.03,-1.01
1.11144e-03,-1.01,-1.05
1.11152e-03,-1.01,-1.01
1.11160e-03,-1.03,-1.05
1.11168e-03,-1.01,-0.99
1.11176e-03,-1.05,-1.05
1.11184e-03,-1.01,-1.01
1.11192e-03,-1.03,-1.05
1.11200e-03,-1.01,-1.01
1.11208e-03,-1.03,-1.07
1.11216e-03,-1.03,-1.01
1.11224e-03,-1.03,-1.05
1.11232e-03,-1.03,-1.01
1.11240e-03,-1.01,-1.07
1.11248e-03,-1.05,-1.01
1.11256e-03,-1.03,-1.05
1.11264e-03,-1.03,-1.01
1.11272e-03,-1.03,-1.07
1.11280e-03,-1.01,-1.01
1.11288e-03,-1.03,-1.07
1.11296e-03,-1.01,-1.01
1.11304e-03,-1.03,-1.05
1.11312e-03,-1.03,-0.99
1.11320e-03,-1.03,-1.05
1.11328e-03,-1.03,-1.01
1.11336e-03,-1.03,-1.05
1.11344e-03,-1.01,-1.01
1.11352e-03,-1.01,-1.05
1.11360e-03,-1.05,-1.01
1.11368e-03,-1.01,-1.05
1.11376e-03,-1.03,-0.99
1.11384e-03,-1.03,-1.05
1.11392e-03,-1.01,-1.01
1.11400e-03,-1.05,-1.05
1.11408e-03,-1.03,-0.99
1.11416e-03,-1.03,-1.05
1.11424e-03,-1.01,-1.01
1.11432e-03,-1.03,-1.05
1.11440e-03,-1.01,-1.01
1.11448e-03,-1.01,-1.05
1.11456e-03,-1.03,-1.01
1.11464e-03,-1.03,-1.05
1.11472e-03,-1.01,-0.99
1.11480e-03,-1.03,-1.05
1.11488e-03,-1.03,-1.01
1.11496e-03,-1.01,-1.05
1.11504e-03,-1.03,-1.01
1.11512e-03,-1.03,-1.05
1.11520e-03,-1.03,-0.99
1.11528e-03,-1.03,-1.05
1.11536e-03,-1.03,-1.01
1.11544e-03,-1.03,-1.05
1.11552e-03,-1.01,-0.99
1.11560e-03,-1.03,-1.05
1.11568e-03,-1.01,-1.01
1.11576e-03,-1.03,-1.05
1.11584e-03,-1.03,-1.01
1.11592e-03,-1.01,-1.05
1.11600e-03,-1.01,-0.99
1.11608e-03,-1.03,-1.05
1.11616e-03,-1.03,-1.01
1.11624e-03,-1.01,-1.05
1.11632e-03,-1.03,-0.99
1.11640e-03,-1.01,-1.05
1.11648e-03,-1.03,-1.01
1.11656e-03,-1.03,-1.05
1.11664e-03,-1.01,-0.99
1.11672e-03,-1.01,-1.05
1.11680e-03,-1.03,-1.01
1.11688e-03,-1.05,-1.07
1.11696e-03,-1.05,-0.99
1.11704e-03,-1.03,-1.07
1.11712e-03,-1.01,-0.99
1.11720e-03,-1.03,-1.05
1.11728e-03,-1.03,-1.01
1.11736e-03,-1.01,-1.05
1.11744e-03,-1.01,-1.01
1.11752e-03,-1.03,-1.07
1.11760e-03,-1.03,-0.99
1.11768e-03,-1.01,-1.05
1.11776e-03,-1.05,-0.97
1.11784e-03,-0.99,-1.07
1.11792e-03,-1.01,-0.99
1.11800e-03,-1.03,-1.05
1.11808e-03,-1.03,-0.99
1.11816e-03,-1.05,-1.05
1.11824e-03,-1.03,-0.99
1.11832e-03,-1.01,-1.05
1.11840e-03,-1.01,-0.99
1.11848e-03,-1.03,-1.05
1.11856e-03,-1.01,-0.99
1.11864e-03,-1.03,-1.05
1.11872e-03,-1.03,-0.99
1.11880e-03,-1.01,-1.05
1.11888e-03,-1.03,-0.99
1.11896e-03,-0.99,-1.05
1.11904e-03,-1.03,-0.99
1.11912e-03,-1.03,-1.05
1.11920e-03,-1.03,-0.99
1.11928e-03,-1.03,-1.05
1.11936e-03,-1.03,-1.01
1.11944e-03,-1.03,-1.05
1.11952e-03,-1.01,-0.99
1.11960e-03,-1.03,-1.05
1.11968e-03,-1.01,-0.99
1.11976e-03,-1.03,-1.05
1.11984e-03,-1.01,-0.99
1.11992e-03,-1.01,-1.05
1.12000e-03,-1.01,-0.99
1.12008e-03,-1.01,-1.05
1.12016e-03,-1.03,-0.99
1.12024e-03,-0.99,-1.05
1.12032e-03,-1.03,-0.99
1.12040e-03,-1.01,-1.05
1.12048e-03,-1.01,-0.99
1.12056e-03,-1.01,-1.05
1.12064e-03,-1.01,-0.99
1.12072e-03,-1.01,-1.05
1.12080e-03,-1.01,-0.99
1.12088e-03,-1.01,-1.05
1.12096e-03,-1.01,-0.99
1.12104e-03,-1.01,-1.05
1.12112e-03,-1.01,-0.99
1.12120e-03,-1.01,-1.05
1.12128e-03,-1.03,-1.01
1.12136e-03,-1.01,-1.05
1.12144e-03,-1.01,-0.99
1.12152e-03,-1.01,-1.05
1.12160e-03,-1.03,-0.99
1.12168e-03,-1.03,-1.05
1.12176e-03,-1.01,-1.01
1.12184e-03,-1.01,-1.05
1.12192e-03,-1.01,-0.99
1.12200e-03,-1.03,-1.05
1.12208e-03,-1.01,-0.99
1.12216e-03,-1.01,-1.05
1.12224e-03,-1.01,-0.99
1.12232e-03,-1.03,-1.03
1.12240e-03,-1.03,-0.99
1.12248e-03,-1.03,-1.05
1.12256e-03,-1.03,-0.99
1.12264e-03,-1.01,-1.05
1.12272e-03,-1.03,-0.99
1.12280e-03,-1.01,-1.05
1.12288e-03,-1.01,-0.99
1.12296e-03,-1.01,-1.05
1.12304e-03,-1.03,-0.99
1.12312e-03,-1.01,-1.05
1.12320e-03,-1.01,-0.99
1.12328e-03,-1.01,-1.05
1.12336e-03,-1.01,-0.99
1.12344e-03,-0.99,-1.05
1.12352e-03,-0.99,-0.99
1.12360e-03,-1.03,-1.05
1.12368e-03,-1.01,-0.99
1.12376e-03,-1.03,-1.05
1.12384e-03,-1.01,-0.99
1.12392e-03,-1.01,-1.05
1.12400e-03,-1.03,-0.99
1.12408e-03,-1.01,-1.05
1.12416e-03,-1.01,-0.99
1.12424e-03,-0.99,-1.05
1.12432e-03,-1.01,-0.99
1.12440e-03,-0.99,-1.07
1.12448e-03,-1.01,-0.99
1.12456e-03,-1.03,-1.07
1.12464e-03,-1.03,-0.99
1.12472e-03,-1.03,-1.05
1.12480e-03,-0.99,-0.99
1.12488e-03,-1.01,-1.05
1.12496e-03,-1.01,-0.99
1.12504e-03,-1.01,-1.05
1.12512e-03,-1.01,-0.99
1.12520e-03,-1.01,-1.05
1.12528e-03,-1.03,-0.99
1.12536e-03,-1.03,-1.05
1.12544e-03,-1.03,-0.99
1.12552e-03,-0.99,-1.03
1.12560e-03,-1.01,-0.99
1.12568e-03,-1.01,-1.05
1.12576e-03,-1.03,-0.99
1.12584e-03,-1.01,-1.05
1.12592e-03,-1.01,-0.99
1.12600e-03,-0.99,-1.05
1.12608e-03,-1.03,-0.99
1.12616e-03,-1.01,-1.05
1.12624e-03,-1.01,-0.99
1.12632e-03,-1.01,-1.05
1.12640e-03,-0.99,-0.99
1.12648e-03,-1.01,-1.05
1.12656e-03,-1.01,-0.99
1.12664e-03,-1.01,-1.05
1.12672e-03,-1.03,-0.99
1.12680e-03,-1.01,-1.05
1.12688e-03,-1.03,-0.99
1.12696e-03,-0.99,-1.05
1.12704e-03,-1.03,-0.99
1.12712e-03,-1.01,-1.05
1.12720e-03,-1.05,-0.99
1.12728e-03,-1.01,-1.05
1.12736e-03,-1.03,-0.99
1.12744e-03,-1.01,-1.05
1.12752e-03,-0.99,-0.99
1.12760e-03,-0.91,-1.09
1.12768e-03,-0.97,-0.99
1.12776e-03,-0.97,-0.99
1.12784e-03,-0.93,-0.75
1.12792e-03,-0.95,-1.01
1.12800e-03,-0.93,-0.93
1.12808e-03,-0.93,-0.99
1.12816e-03,-0.99,-0.93
1.12824e-03,-0.99,-1.01
1.12832e-03,-1.01,-0.93
1.12840e-03,-1.03,-1.03
1.12848e-03,-1.05,-0.97
1.12856e-03,-1.05,-1.07
1.12864e-03,-1.05,-0.99
1.12872e-03,-1.05,-1.07
1.12880e-03,-1.05,-1.03
1.12888e-03,-1.03,-1.07
1.12896e-03,-1.01,-1.03
1.12904e-03,-1.01,-1.05
1.12912e-03,-1.03,-1.01
1.12920e-03,-1.01,-1.05
1.12928e-03,-1.03,-1.01
1.12936e-03,-1.01,-1.05
1.12944e-03,-1.01,-0.99
1.12952e-03,-1.03,-1.03
1.12960e-03,-1.01,-0.99
1.12968e-03,-1.03,-1.05
1.12976e-03,-1.03,-0.99
1.12984e-03,-1.03,-1.05
1.12992e-03,-1.01,-0.99
1.13000e-03,-1.01,-1.05
1.13008e-03,-1.01,-0.99
1.13016e-03,-1.03,-1.03
1.13024e-03,-1.03,-0.99
1.13032e-03,-1.01,-1.05
1.13040e-03,-1.01,-1.01
1.13048e-03,-0.99,-1.03
1.13056e-03,-1.01,-0.99
1.13064e-03,-0.99,-1.03
1.13072e-03,-1.01,-0.99
1.13080e-03,-1.01,-1.03
1.13088e-03,-1.01,-0.99
1.13096e-03,-1.01,-1.03
1.13104e-03,-1.01,-0.99
1.13112e-03,-0.99,-1.05
1.13120e-03,-0.99,-0.99
1.13128e-03,-1.03,-1.03
1.13136e-03,-1.01,-0.99
1.13144e-03,-1.01,-1.03
1.13152e-03,-0.99,-0.99
1.13160e-03,-1.01,-1.03
1.13168e-03,-1.01,-0.99
1.13176e-03,-0.99,-1.05
1.13184e-03,-1.01,-0.99
1.13192e-03,-1.01,-1.03
1.13200e-03,-1.01,-0.99
1.13208e-03,-1.01,-1.05
1.13216e-03,-1.01,-0.99
1.13224e-03,-1.01,-1.05
1.13232e-03,-1.01,-0.97
1.13240e-03,-0.99,-1.03
1.13248e-03,-1.01,-0.99
1.13256e-03,-1.01,-1.05
1.13264e-03,-1.01,-0.99
1.13272e-03,-1.01,-1.03
1.13280e-03,-1.01,-0.99
1.13288e-03,-1.01,-1.03
1.13296e-03,-1.01,-0.99
1.13304e-03,-1.01,-1.03
1.13312e-03,-1.01,-0.99
1.13320e-03,-1.01,-1.03
1.13328e-03,-1.01,-0.99
1.13336e-03,-0.99,-1.03
1.13344e-03,-1.03,-0.99
1.13352e-03,-1.01,-1.03
1.13360e-03,-1.01,-0.99
1.13368e-03,-0.99,-1.03
1.13376e-03,-1.01,-0.99
1.13384e-03,-1.01,-1.05
1.13392e-03,-1.01,-0.99
1.13400e-03,-1.01,-1.05
1.13408e-03,-1.01,-0.99
1.13416e-03,-1.01,-1.03
1.13424e-03,-1.01,-0.99
1.13432e-03,-1.19,-1.03
1.13440e-03,-1.03,-0.99
1.13448e-03,-1.05,-1.35
1.13456e-03,-1.07,-0.91
1.13464e-03,-1.05,-1.09
1.13472e-03,-1.07,-1.01
1.13480e-03,-1.05,-1.11
1.13488e-03,-1.05,-1.05
1.13496e-03,-1.01,-1.09
1.13504e-03,-1.01,-1.05
1.13512e-03,-1.01,-1.07
1.13520e-03,-0.99,-1.01
1.13528e-03,-0.99,-1.03
1.13536e-03,-0.97,-0.97
1.13544e-03,-0.99,-1.03
1.13552e-03,-0.99,-0.95
1.13560e-03,-1.01,-1.03
1.13568e-03,-0.99,-0.97
1.13576e-03,-1.01,-1.01
1.13584e-03,-0.99,-0.97
1.13592e-03,-1.03,-1.05
1.13600e-03,-0.99,-0.99
1.13608e-03,-1.01,-1.03
1.13616e-03,-1.01,-0.99
1.13624e-03,-0.99,-1.03
1.13632e-03,-1.01,-0.99
1.13640e-03,-1.01,-1.03
1.13648e-03,-1.01,-0.99
1.13656e-03,-1.03,-1.03
1.13664e-03,-0.99,-0.99
1.13672e-03,-1.01,-1.03
1.13680e-03,-0.99,-0.99
1.13688e-03,-1.01,-1.05
1.13696e-03,-0.99,-0.97
1.13704e-03,-1.01,-1.03
1.13712e-03,-1.01,-0.97
1.13720e-03,-1.01,-1.03
1.13728e-03,-1.01,-0.99
1.13736e-03,-0.99,-1.03
1.13744e-03,-1.01,-0.99
1.13752e-03,-0.99,-1.03
1.13760e-03,-1.01,-0.99
1.13768e-03,-1.01,-1.03
1.13776e-03,-1.01,-0.99
1.13784e-03,-1.01,-1.03
1.13792e-03,-1.01,-0.97
1.13800e-03,-1.01,-1.03
1.13808e-03,-1.01,-0.97
1.13816e-03,-1.01,-1.03
1.13824e-03,-0.99,-0.97
1.13832e-03,-1.01,-1.03
1.13840e-03,-1.01,-0.99
1.13848e-03,-1.03,-1.03
1.13856e-03,-0.99,-0.99
1.13864e-03,-1.01,-1.05
1.13872e-03,-1.01,-0.99
1.13880e-03,-1.01,-1.05
1.13888e-03,-1.01,-0.99
1.13896e-03,-0.99,-1.03
1.13904e-03,-1.01,-0.99
1.13912e-03,-1.01,-1.03
1.13920e-03,-0.99,-0.99
1.13928e-03,-1.01,-1.05
1.13936e-03,-1.01,-0.99
1.13944e-03,-1.01,-1.03
1.13952e-03,-1.03,-0.99
1.13960e-03,-1.03,-1.03
1.13968e-03,-1.03,-0.99
1.13976e-03,-1.03,-1.05
1.13984e-03,-1.01,-0.97
1.13992e-03,-1.01,-1.05
1.14000e-03,-0.99,-0.97
1.14008e-03,-1.01,-1.05
1.14016e-03,-1.01,-0.97
1.14024e-03,-1.01,-1.05
1.14032e-03,-1.01,-0.99
1.14040e-03,-1.03,-1.03
1.14048e-03,-1.01,-0.99
1.14056e-03,-1.03,-1.05
1.14064e-03,-1.03,-0.99
1.14072e-03,-1.03,-1.05
1.14080e-03,-1.01,-0.99
1.14088e-03,-1.01,-1.05
1.14096e-03,-1.03,-0.99
1.14104e-03,-1.01,-1.05
1.14112e-03,-1.01,-0.99
1.14120e-03,-1.01,-1.05
1.14128e-03,-1.01,-0.99
1.14136e-03,-1.01,-1.05
1.14144e-03,-1.03,-0.99
1.14152e-03,-1.01,-1.05
1.14160e-03,-1.03,-0.99
1.14168e-03,-1.03,-1.05
1.14176e-03,-1.03,-0.99
1.14184e-03,-1.01,-1.05
1.14192e-03,-1.01,-0.99
1.14200e-03,-1.03,-1.05
1.14208e-03,-1.03,-1.01
1.14216e-03,-1.05,-1.07
1.14224e-03,-1.01,-0.99
1.14232e-03,-1.03,-1.07
1.14240e-03,-1.01,-1.01
1.14248e-03,-1.03,-1.05
1.14256e-03,-1.03,-0.99
1.14264e-03,-1.03,-1.05
1.14272e-03,-1.03,-0.99
1.14280e-03,-1.01,-1.05
1.14288e-03,-1.05,-0.99
1.14296e-03,-1.03,-1.05
1.14304e-03,-1.01,-0.99
1.14312e-03,-1.03,-1.05
1.14320e-03,-1.03,-1.01
1.14328e-03,-1.03,-1.05
1.14336e-03,-1.03,-1.01
1.14344e-03,-1.03,-1.05
1.14352e-03,-1.01,-1.01
1.14360e-03,-1.03,-1.07
1.14368e-03,-1.01,-1.01
1.14376e-03,-1.03,-1.05
1.14384e-03,-1.03,-1.01
1.14392e-03,-1.03,-1.07
1.14400e-03,-1.03,-1.01
1.14408e-03,-1.01,-1.05
1.14416e-03,-1.03,-1.01
1.14424e-03,-1.01,-1.07
1.14432e-03,-1.03,-1.01
1.14440e-03,-1.03,-1.05
1.14448e-03,-1.03,-1.01
1.14456e-03,-1.03,-1.05
1.14464e-03,-1.03,-1.01
1.14472e-03,-1.05,-1.05
1.14480e-03,-1.01,-0.99
1.14488e-03,-1.05,-1.07
1.14496e-03,-1.01,-1.01
1.14504e-03,-1.03,-1.07
1.14512e-03,-1.03,-0.99
1.14520e-03,-1.05,-1.05
1.14528e-03,-1.01,-1.01
1.14536e-03,-1.01,-1.05
1.14544e-03,-1.03,-1.01
1.14552e-03,-1.01,-1.05
1.14560e-03,-1.01,-1.01
1.14568e-03,-1.01,-1.05
1.14576e-03,-1.01,-1.01
1.14584e-03,-1.03,-1.07
1.14592e-03,-1.03,-0.99
1.14600e-03,-1.01,-1.05
1.14608e-03,-1.03,-1.01
1.14616e-03,-1.03,-1.05
1.14624e-03,-1.01,-0.99
1.14632e-03,-1.05,-1.05
1.14640e-03,-1.01,-0.99
1.14648e-03,-1.01,-1.05
1.14656e-03,-1.01,-0.99
1.14664e-03,-1.03,-1.05
1.14672e-03,-1.03,-1.01
1.14680e-03,-1.01,-1.05
1.14688e-03,-1.03,-0.99
1.14696e-03,-1.01,-1.05
1.14704e-03,-1.01,-1.01
1.14712e-03,-1.01,-1.05
1.14720e-03,-1.03,-1.01
1.14728e-03,-1.03,-1.05
1.14736e-03,-1.01,-0.99
1.14744e-03,-1.01,-1.07
1.14752e-03,-1.01,-0.99
1.14760e-03,-1.03,-1.07
1.14768e-03,-1.03,-0.99
1.14776e-03,-1.03,-1.05
1.14784e-03,-1.03,-0.99
1.14792e-03,-1.03,-1.05
1.14800e-03,-1.03,-0.99
1.14808e-03,-1.03,-1.05
1.14816e-03,-1.01,-0.99
1.14824e-03,-1.03,-1.05
1.14832e-03,-1.03,-0.99
1.14840e-03,-1.01,-1.05
1.14848e-03,-1.01,-0.99
1.14856e-03,-1.01,-1.05
1.14864e-03,-1.01,-0.99
1.14872e-03,-1.03,-1.05
1.14880e-03,-1.01,-0.99
1.14888e-03,-1.03,-1.05
1.14896e-03,-1.01,-0.99
1.14904e-03,-1.03,-1.05
1.14912e-03,-1.01,-1.01
1.14920e-03,-1.03,-1.05
1.14928e-03,-1.03,-0.99
1.14936e-03,-1.03,-1.05
1.14944e-03,-1.03,-0.99
1.14952e-03,-1.03,-1.07
1.14960e-03,-1.01,-0.99
1.14968e-03,-1.01,-1.05
1.14976e-03,-1.03,-0.99
1.14984e-03,-1.01,-1.05
1.14992e-03,-1.01,-1.01
1.15000e-03,-1.01,-1.05
1.15008e-03,-1.01,-0.99
1.15016e-03,-1.01,-1.05
1.15024e-03,-1.01,-1.01
1.15032e-03,-1.03,-1.05
1.15040e-03,-1.01,-0.99
1.15048e-03,-1.03,-1.05
1.15056e-03,-1.03,-0.99
1.15064e-03,-1.03,-1.05
1.15072e-03,-1.01,-0.99
1.15080e-03,-1.03,-1.05
1.15088e-03,-1.03,-0.99
1.15096e-03,-0.99,-1.05
1.15104e-03,-1.01,-0.99
1.15112e-03,-1.03,-1.05
1.15120e-03,-1.01,-0.99
1.15128e-03,-1.01,-1.05
1.15136e-03,-1.03,-1.01
1.15144e-03,-1.01,-1.05
1.15152e-03,-1.01,-0.99
1.15160e-03,-1.01,-1.05
1.15168e-03,-1.03,-1.01
1.15176e-03,-1.03,-1.05
1.15184e-03,-1.01,-1.01
1.15192e-03,-1.01,-1.05
1.15200e-03,-1.05,-0.99
1.15208e-03,-1.01,-1.05
1.15216e-03,-1.03,-0.99
1.15224e-03,-1.03,-1.05
1.15232e-03,-1.03,-0.99
1.15240e-03,-1.03,-1.05
1.15248e-03,-1.01,-1.01
1.15256e-03,-1.01,-1.05
1.15264e-03,-1.01,-1.01
1.15272e-03,-1.03,-1.05
1.15280e-03,-1.01,-1.01
1.15288e-03,-1.03,-1.05
1.15296e-03,-1.01,-0.99
1.15304e-03,-1.05,-1.05
1.15312e-03,-1.01,-0.99
1.15320e-03,-1.05,-1.05
1.15328e-03,-1.03,-1.01
1.15336e-03,-1.03,-1.05
1.15344e-03,-1.03,-1.01
1.15352e-03,-1.01,-1.05
1.15360e-03,-1.03,-1.01
1.15368e-03,-1.03,-1.05
1.15376e-03,-1.05,-0.99
1.15384e-03,-1.01,-1.05
1.15392e-03,-1.03,-0.99
1.15400e-03,-1.03,-1.05
1.15408e-03,-1.01,-0.99
1.15416e-03,-1.03,-1.05
1.15424e-03,-1.01,-1.01
1.15432e-03,-1.03,-1.05
1.15440e-03,-1.01,-1.01
1.15448e-03,-1.03,-1.05
1.15456e-03,-1.03,-1.01
1.15464e-03,-1.03,-1.05
1.15472e-03,-1.03,-1.01
1.15480e-03,-1.03,-1.05
1.15488e-03,-1.03,-0.99
1.15496e-03,-1.01,-1.05
1.15504e-03,-1.03,-1.01
1.15512e-03,-1.01,-1.07
1.15520e-03,-1.03,-0.99
1.15528e-03,-1.03,-1.05
1.15536e-03,-1.03,-0.99
1.15544e-03,-1.05,-1.05
1.15552e-03,-0.99,-0.99
1.15560e-03,-1.03,-1.05
1.15568e-03,-1.01,-0.99
1.15576e-03,-1.05,-1.05
1.15584e-03,-1.01,-1.01
1.15592e-03,-0.99,-1.07
1.15600e-03,-1.05,-0.99
1.15608e-03,-1.03,-1.05
1.15616e-03,-1.05,-0.99
1.15624e-03,-1.03,-1.07
1.15632e-03,-1.05,-1.01
1.15640e-03,-1.03,-1.05
1.15648e-03,-1.03,-0.99
1.15656e-03,-1.05,-1.07
1.15664e-03,-1.03,-1.01
1.15672e-03,-1.03,-1.05
1.15680e-03,-1.03,-1.01
1.15688e-03,-1.03,-1.05
1.15696e-03,-1.01,-0.99
1.15704e-03,-1.03,-1.07
1.15712e-03,-1.03,-1.01
1.15720e-03,-1.03,-1.05
1.15728e-03,-1.03,-1.01
1.15736e-03,-0.99,-1.05
1.15744e-03,-1.03,-1.01
1.15752e-03,-1.03,-1.07
1.15760e-03,-1.03,-0.99
1.15768e-03,-1.03,-1.05
1.15776e-03,-1.05,-1.01
1.15784e-03,-1.05,-1.07
1.15792e-03,-1.03,-0.99
1.15800e-03,-1.03,-1.07
1.15808e-03,-1.01,-1.01
1.15816e-03,-1.03,-1.05
1.15824e-03,-1.01,-0.99
1.15832e-03,-1.05,-1.05
1.15840e-03,-1.03,-1.01
1.15848e-03,-1.03,-1.05
1.15856e-03,-1.03,-1.01
1.15864e-03,-1.03,-1.05
1.15872e-03,-1.01,-1.01
1.15880e-03,-1.01,-1.05
1.15888e-03,-1.05,-1.01
1.15896e-03,-1.03,-1.05
1.15904e-03,-1.03,-0.99
1.15912e-03,-1.01,-1.05
1.15920e-03,-1.03,-1.01
1.15928e-03,-1.05,-1.07
1.15936e-03,-1.03,-0.99
1.15944e-03,-1.05,-1.05
1.15952e-03,-1.01,-0.99
1.15960e-03,-1.05,-1.05
1.15968e-03,-1.03,-1.01
1.15976e-03,-1.05,-1.05
1.15984e-03,-1.01,-1.01
1.15992e-03,-1.03,-1.05
1.16000e-03,-1.03,-1.01
1.16008e-03,-1.01,-1.05
1.16016e-03,-1.03,-1.01
1.16024e-03,-1.03,-1.05
1.16032e-03,-1.03,-1.01
1.16040e-03,-1.01,-1.05
1.16048e-03,-1.03,-1.01
1.16056e-03,-1.01,-1.05
1.16064e-03,-1.05,-1.01
1.16072e-03,-1.03,-1.05
1.16080e-03,-1.01,-1.01
1.16088e-03,-1.05,-1.05
1.16096e-03,-1.03,-0.99
1.16104e-03,-1.01,-1.05
1.16112e-03,-1.05,-0.99
1.16120e-03,-1.03,-1.05
1.16128e-03,-1.03,-1.01
1.16136e-03,-1.01,-1.05
1.16144e-03,-1.03,-0.99
1.16152e-03,-1.01,-1.05
1.16160e-03,-1.03,-1.01
1.16168e-03,-1.01,-1.05
1.16176e-03,-1.03,-1.01
1.16184e-03,-1.03,-1.05
1.16192e-03,-1.01,-1.01
1.16200e-03,-1.03,-1.05
1.16208e-03,-1.03,-1.01
1.16216e-03,-1.03,-1.07
1.16224e-03,-1.01,-1.01
1.16232e-03,-1.03,-1.05
1.16240e-03,-1.03,-1.01
1.16248e-03,-1.03,-1.05
1.16256e-03,-1.01,-0.99
1.16264e-03,-1.03,-1.05
1.16272e-03,-1.03,-1.01
1.16280e-03,-1.03,-1.07
1.16288e-03,-1.03,-0.99
1.16296e-03,-1.01,-1.05
1.16304e-03,-1.01,-0.99
1.16312e-03,-1.01,-1.07
1.16320e-03,-1.01,-0.99
1.16328e-03,-1.03,-1.05
1.16336e-03,-1.01,-1.01
1.16344e-03,-1.03,-1.05
1.16352e-03,-1.03,-0.99
1.16360e-03,-1.03,-1.05
1.16368e-03,-1.03,-0.99
1.16376e-03,-1.03,-1.05
1.16384e-03,-1.03,-0.99
1.16392e-03,-1.03,-1.05
1.16400e-03,-1.03,-1.01
1.16408e-03,-1.01,-1.05
1.16416e-03,-1.01,-0.99
1.16424e-03,-1.01,-1.07
1.16432e-03,-1.03,-0.99
1.16440e-03,-1.01,-1.05
1.16448e-03,-1.01,-0.99
1.16456e-03,-1.03,-1.05
1.16464e-03,-1.01,-0.99
1.16472e-03,-1.03,-1.05
1.16480e-03,-1.01,-1.01
1.16488e-03,-1.01,-1.05
1.16496e-03,-1.01,-0.99
1.16504e-03,-1.03,-1.05
1.16512e-03,-1.03,-1.01
1.16520e-03,-1.03,-1.05
1.16528e-03,-1.03,-1.01
1.16536e-03,-1.03,-1.05
1.16544e-03,-1.03,-1.01
1.16552e-03,-1.01,-1.05
1.16560e-03,-1.05,-0.99
1.16568e-03,-1.01,-1.05
1.16576e-03,-1.03,-1.01
1.16584e-03,-1.01,-1.05
1.16592e-03,-1.01,-0.99
1.16600e-03,-1.01,-1.05
1.16608e-03,-1.01,-0.99
1.16616e-03,-1.01,-1.05
1.16624e-03,-1.01,-1.01
1.16632e-03,-1.01,-1.05
1.16640e-03,-1.01,-0.99
1.16648e-03,-1.01,-1.05
1.16656e-03,-1.03,-1.01
1.16664e-03,-1.01,-1.05
1.16672e-03,-1.03,-0.99
1.16680e-03,-1.01,-1.05
1.16688e-03,-1.03,-0.99
1.16696e-03,-1.01,-1.05
1.16704e-03,-1.03,-1.01
1.16712e-03,-1.01,-1.05
1.16720e-03,-1.03,-0.99
1.16728e-03,-1.03,-1.05
1.16736e-03,-1.01,-0.99
1.16744e-03,-1.01,-1.05
1.16752e-03,-1.01,-1.01
1.16760e-03,-1.03,-1.05
1.16768e-03,-1.01,-1.01
1.16776e-03,-1.03,-1.05
1.16784e-03,-1.03,-0.99
1.16792e-03,-1.03,-1.05
1.16800e-03,-1.05,-0.99
1.16808e-03,-1.01,-1.05
1.16816e-03,-1.03,-1.01
1.16824e-03,-1.03,-1.05
1.16832e-03,-1.03,-1.01
1.16840e-03,-1.01,-1.05
1.16848e-03,-1.03,-0.99
1.16856e-03,-1.03,-1.05
1.16864e-03,-1.03,-0.99
1.16872e-03,-1.01,-1.05
1.16880e-03,-1.01,-0.99
1.16888e-03,-1.03,-1.05
1.16896e-03,-1.01,-1.01
1.16904e-03,-1.03,-1.05
1.16912e-03,-1.01,-0.99
1.16920e-03,-1.01,-1.05
1.16928e-03,-1.01,-0.99
1.16936e-03,-1.01,-1.05
1.16944e-03,-1.01,-0.99
1.16952e-03,-1.01,-1.05
1.16960e-03,-1.03,-0.99
1.16968e-03,-1.01,-1.05
1.16976e-03,-1.03,-0.99
1.16984e-03,-1.03,-1.05
1.16992e-03,-1.03,-0.99
1.17000e-03,-1.03,-1.05
1.17008e-03,-1.03,-0.99
1.17016e-03,-1.03,-1.05
1.17024e-03,-1.03,-0.99
1.17032e-03,-1.05,-1.05
1.17040e-03,-0.99,-1.01
1.17048e-03,-1.01,-1.05
1.17056e-03,-1.01,-0.99
1.17064e-03,-1.03,-1.05
1.17072e-03,-1.01,-0.99
1.17080e-03,-1.03,-1.05
1.17088e-03,-1.03,-0.99
1.17096e-03,-1.03,-1.05
1.17104e-03,-1.03,-0.99
1.17112e-03,-1.03,-1.05
1.17120e-03,-1.03,-0.99
1.17128e-03,-1.01,-1.07
1.17136e-03,-1.03,-0.99
1.17144e-03,-1.03,-1.05
1.17152e-03,-1.01,-0.99
1.17160e-03,-1.01,-1.05
1.17168e-03,-1.01,-0.99
1.17176e-03,-1.01,-1.05
1.17184e-03,-1.01,-0.99
1.17192e-03,-1.03,-1.05
1.17200e-03,-1.01,-0.99
1.17208e-03,-1.01,-1.05
1.17216e-03,-1.01,-0.99
1.17224e-03,-1.03,-1.07
1.17232e-03,-1.01,-0.99
1.17240e-03,-1.01,-1.05
1.17248e-03,-1.03,-0.99
1.17256e-03,-1.01,-1.05
1.17264e-03,-1.03,-0.99
1.17272e-03,-1.03,-1.05
1.17280e-03,-1.01,-0.99
1.17288e-03,-1.01,-1.05
1.17296e-03,-1.01,-0.99
1.17304e-03,-1.03,-1.05
1.17312e-03,-1.01,-0.99
1.17320e-03,-1.01,-1.05
1.17328e-03,-1.03,-0.99
1.17336e-03,-1.01,-1.05
1.17344e-03,-1.01,-0.99
1.17352e-03,-1.01,-1.05
1.17360e-03,-1.01,-0.99
1.17368e-03,-1.03,-1.05
1.17376e-03,-1.03,-1.01
1.17384e-03,-1.01,-1.05
1.17392e-03,-1.03,-0.99
1.17400e-03,-1.03,-1.05
1.17408e-03,-1.01,-0.99
1.17416e-03,-1.03,-1.05
1.17424e-03,-1.01,-0.99
1.17432e-03,-1.03,-1.05
1.17440e-03,-1.01,-0.99
1.17448e-03,-1.01,-1.05
1.17456e-03,-1.03,-0.99
1.17464e-03,-1.01,-1.05
1.17472e-03,-1.01,-0.99
1.17480e-03,-1.01,-1.05
1.17488e-03,-1.03,-0.99
1.17496e-03,-1.01,-1.05
1.17504e-03,-1.01,-0.99
1.17512e-03,-1.03,-1.05
1.17520e-03,-1.01,-0.99
1.17528e-03,-1.03,-1.05
1.17536e-03,-1.01,-0.99
1.17544e-03,-1.01,-1.05
1.17552e-03,-1.01,-0.99
1.17560e-03,-1.03,-1.05
1.17568e-03,-1.03,-0.99
1.17576e-03,-1.05,-1.05
1.17584e-03,-1.01,-0.99
1.17592e-03,-0.99,-1.05
1.17600e-03,-1.01,-0.99
1.17608e-03,-1.01,-1.05
1.17616e-03,-1.01,-0.99
1.17624e-03,-1.01,-1.05
1.17632e-03,-1.01,-0.99
1.17640e-03,-1.01,-1.05
1.17648e-03,-1.03,-0.99
1.17656e-03,-1.01,-1.05
1.17664e-03,-1.01,-0.99
1.17672e-03,-1.01,-1.05
1.17680e-03,-1.01,-0.99
1.17688e-03,-1.03,-1.05
1.17696e-03,-1.01,-0.99
1.17704e-03,-1.01,-1.05
1.17712e-03,-1.01,-0.99
1.17720e-03,-1.01,-1.05
1.17728e-03,-1.01,-0.99
1.17736e-03,-1.01,-1.05
1.17744e-03,-1.03,-0.99
1.17752e-03,-0.99,-1.05
1.17760e-03,-0.77,-0.99
1.17768e-03,-0.95,-1.09
1.17776e-03,-0.97,-0.77
1.17784e-03,-0.97,-0.99
1.17792e-03,-0.93,-0.73
1.17800e-03,-0.93,-1.01
1.17808e-03,-0.93,-0.91
1.17816e-03,-0.95,-0.99
1.17824e-03,-0.99,-0.91
1.17832e-03,-0.99,-1.01
1.17840e-03,-1.01,-0.93
1.17848e-03,-1.03,-1.03
1.17856e-03,-1.03,-0.95
1.17864e-03,-1.05,-1.05
1.17872e-03,-1.03,-1.01
1.17880e-03,-1.05,-1.07
1.17888e-03,-1.03,-1.01
1.17896e-03,-1.01,-1.07
1.17904e-03,-1.01,-1.01
1.17912e-03,-0.99,-1.07
1.17920e-03,-1.01,-1.01
1.17928e-03,-1.03,-1.05
1.17936e-03,-1.01,-0.99
1.17944e-03,-0.99,-1.05
1.17952e-03,-1.03,-0.99
1.17960e-03,-1.01,-1.05
1.17968e-03,-1.03,-0.99
1.17976e-03,-1.01,-1.03
1.17984e-03,-1.03,-0.99
1.17992e-03,-1.01,-1.03
1.18000e-03,-1.01,-0.99
1.18008e-03,-1.01,-1.05
1.18016e-03,-1.03,-0.99
1.18024e-03,-1.01,-1.03
1.18032e-03,-1.01,-0.99
1.18040e-03,-0.99,-1.05
1.18048e-03,-1.01,-0.99
1.18056e-03,-1.01,-1.03
1.18064e-03,-0.99,-0.99
1.18072e-03,-0.99,-1.03
1.18080e-03,-0.99,-0.99
1.18088e-03,-0.99,-1.03
1.18096e-03,-0.99,-0.99
1.18104e-03,-0.99,-1.03
1.18112e-03,-0.99,-0.97
1.18120e-03,-1.01,-1.03
1.18128e-03,-1.01,-0.99
1.18136e-03,-1.01,-1.05
1.18144e-03,-1.01,-0.99
1.18152e-03,-1.03,-1.03
1.18160e-03,-1.01,-0.99
1.18168e-03,-1.03,-1.03
1.18176e-03,-1.01,-0.99
1.18184e-03,-1.03,-1.03
1.18192e-03,-0.99,-0.99
1.18200e-03,-1.01,-1.03
1.18208e-03,-1.01,-0.99
1.18216e-03,-1.01,-1.03
1.18224e-03,-1.01,-0.99
1.18232e-03,-0.99,-1.03
1.18240e-03,-1.01,-0.99
1.18248e-03,-1.01,-1.03
1.18256e-03,-1.01,-0.99
1.18264e-03,-1.01,-1.03
1.18272e-03,-1.01,-0.99
1.18280e-03,-1.01,-1.03
1.18288e-03,-1.01,-0.99
1.18296e-03,-1.01,-1.03
1.18304e-03,-1.01,-0.99
1.18312e-03,-1.01,-1.03
1.18320e-03,-1.01,-0.99
1.18328e-03,-1.01,-1.03
1.18336e-03,-0.99,-0.99
1.18344e-03,-1.01,-1.03
1.18352e-03,-1.01,-0.99
1.18360e-03,-1.01,-1.03
1.18368e-03,-1.01,-0.99
1.18376e-03,-0.99,-1.03
1.18384e-03,-0.99,-0.99
1.18392e-03,-1.01,-1.03
1.18400e-03,-1.01,-0.99
1.18408e-03,-0.99,-1.03
1.18416e-03,-1.01,-0.99
1.18424e-03,-1.01,-1.03
1.18432e-03,-0.97,-0.99
1.18440e-03,-1.09,-1.03
1.18448e-03,-1.05,-0.97
1.18456e-03,-1.05,-1.35
1.18464e-03,-1.11,-0.93
1.18472e-03,-1.05,-1.11
1.18480e-03,-1.07,-1.01
1.18488e-03,-1.07,-1.11
1.18496e-03,-1.05,-1.05
1.18504e-03,-1.03,-1.09
1.18512e-03,-1.01,-1.03
1.18520e-03,-1.01,-1.07
1.18528e-03,-0.99,-0.99
1.18536e-03,-0.99,-1.03
1.18544e-03,-0.97,-0.99
1.18552e-03,-0.95,-1.01
1.18560e-03,-0.95,-0.97
1.18568e-03,-1.01,-1.03
1.18576e-03,-1.01,-0.95
1.18584e-03,-1.01,-1.03
1.18592e-03,-0.99,-0.97
1.18600e-03,-1.01,-1.03
1.18608e-03,-1.01,-0.97
1.18616e-03,-1.01,-1.03
1.18624e-03,-1.01,-0.99
1.18632e-03,-1.01,-1.05
1.18640e-03,-0.99,-0.99
1.18648e-03,-0.99,-1.03
1.18656e-03,-1.01,-0.97
1.18664e-03,-0.99,-1.03
1.18672e-03,-1.03,-0.99
1.18680e-03,-0.99,-1.03
1.18688e-03,-1.01,-0.97
1.18696e-03,-0.99,-1.03
1.18704e-03,-1.01,-0.97
1.18712e-03,-1.01,-1.03
1.18720e-03,-1.01,-0.97
1.18728e-03,-0.99,-1.03
1.18736e-03,-1.01,-0.97
1.18744e-03,-1.03,-1.03
1.18752e-03,-1.01,-0.99
1.18760e-03,-1.03,-1.05
1.18768e-03,-1.01,-0.99
1.18776e-03,-1.01,-1.05
1.18784e-03,-1.03,-0.99
1.18792e-03,-1.01,-1.05
1.18800e-03,-1.03,-0.99
1.18808e-03,-0.99,-1.05
1.18816e-03,-1.03,-0.99
1.18824e-03,-0.99,-1.05
1.18832e-03,-1.01,-0.99
1.18840e-03,-0.99,-1.05
1.18848e-03,-1.01,-0.99
1.18856e-03,-1.01,-1.03
1.18864e-03,-1.01,-0.99
1.18872e-03,-1.01,-1.03
1.18880e-03,-1.01,-0.99
1.18888e-03,-1.01,-1.05
1.18896e-03,-1.01,-0.99
1.18904e-03,-1.01,-1.03
1.18912e-03,-1.01,-0.99
1.18920e-03,-1.01,-1.05
1.18928e-03,-1.03,-0.99
1.18936e-03,-1.01,-1.03
1.18944e-03,-1.01,-0.99
1.18952e-03,-1.01,-1.03
1.18960e-03,-0.99,-0.99
1.18968e-03,-0.99,-1.05
1.18976e-03,-1.01,-0.99
1.18984e-03,-0.99,-1.05
1.18992e-03,-1.01,-0.99
1.19000e-03,-1.01,-1.03
1.19008e-03,-1.01,-0.99
1.19016e-03,-1.03,-1.05
1.19024e-03,-1.01,-0.99
1.19032e-03,-1.03,-1.03
1.19040e-03,-0.99,-0.99
1.19048e-03,-1.01,-1.03
1.19056e-03,-1.01,-0.99
1.19064e-03,-0.99,-1.05
1.19072e-03,-1.01,-0.99
1.19080e-03,-1.01,-1.05
1.19088e-03,-1.01,-0.99
1.19096e-03,-1.01,-1.05
1.19104e-03,-1.01,-0.99
1.19112e-03,-1.01,-1.05
1.19120e-03,-1.01,-0.99
1.19128e-03,-0.99,-1.05
1.19136e-03,-1.01,-0.99
1.19144e-03,-1.03,-1.05
1.19152e-03,-1.01,-0.99
1.19160e-03,-1.01,-1.05
1.19168e-03,-1.01,-0.99
1.19176e-03,-1.01,-1.03
1.19184e-03,-1.03,-0.99
1.19192e-03,-1.01,-1.05
1.19200e-03,-1.01,-0.99
1.19208e-03,-1.03,-1.05
1.19216e-03,-1.03,-0.99
1.19224e-03,-1.01,-1.07
1.19232e-03,-1.03,-0.99
1.19240e-03,-0.99,-1.05
1.19248e-03,-1.01,-0.99
1.19256e-03,-1.03,-1.05
1.19264e-03,-1.01,-0.99
1.19272e-03,-1.03,-1.05
1.19280e-03,-1.01,-1.01
1.19288e-03,-1.03,-1.05
1.19296e-03,-1.01,-0.99
1.19304e-03,-1.03,-1.05
1.19312e-03,-1.01,-0.99
1.19320e-03,-1.01,-1.05
1.19328e-03,-1.05,-1.01
1.19336e-03,-1.03,-1.05
1.19344e-03,-1.01,-0.99
1.19352e-03,-1.01,-1.07
1.19360e-03,-1.01,-0.97
1.19368e-03,-1.01,-1.05
1.19376e-03,-1.01,-0.99
1.19384e-03,-1.01,-1.05
1.19392e-03,-1.01,-0.99
1.19400e-03,-1.01,-1.05
1.19408e-03,-1.01,-0.99
1.19416e-03,-1.03,-1.05
1.19424e-03,-1.01,-0.99
1.19432e-03,-1.03,-1.05
1.19440e-03,-1.03,-0.99
1.19448e-03,-1.01,-1.07
1.19456e-03,-1.01,-0.97
1.19464e-03,-1.01,-1.05
1.19472e-03,-0.99,-0.99
1.19480e-03,-0.99,-1.03
1.19488e-03,-1.01,-0.97
1.19496e-03,-0.99,-1.03
1.19504e-03,-1.01,-0.97
1.19512e-03,-1.01,-1.05
1.19520e-03,-1.03,-0.99
1.19528e-03,-1.03,-1.07
1.19536e-03,-1.03,-0.99
1.19544e-03,-1.05,-1.07
1.19552e-03,-1.01,-1.01
1.19560e-03,-1.05,-1.07
1.19568e-03,-1.03,-1.01
1.19576e-03,-1.05,-1.07
1.19584e-03,-1.03,-1.01
1.19592e-03,-1.01,-1.05
1.19600e-03,-1.03,-1.01
1.19608e-03,-1.03,-1.05
1.19616e-03,-1.03,-1.01
1.19624e-03,-1.01,-1.05
1.19632e-03,-1.03,-1.01
1.19640e-03,-1.01,-1.05
1.19648e-03,-1.03,-1.01
1.19656e-03,-1.05,-1.05
1.19664e-03,-1.03,-1.01
1.19672e-03,-1.03,-1.05
1.19680e-03,-1.01,-0.99
1.19688e-03,-1.05,-1.05
1.19696e-03,-1.03,-1.01
1.19704e-03,-1.01,-1.05
1.19712e-03,-1.03,-0.99
1.19720e-03,-1.03,-1.05
1.19728e-03,-1.03,-0.99
1.19736e-03,-1.03,-1.05
1.19744e-03,-1.03,-0.99
1.19752e-03,-1.01,-1.05
1.19760e-03,-1.03,-1.01
1.19768e-03,-1.01,-1.05
1.19776e-03,-1.03,-1.01
1.19784e-03,-1.03,-1.05
1.19792e-03,-1.03,-1.01
1.19800e-03,-1.03,-1.05
1.19808e-03,-1.01,-0.99
1.19816e-03,-1.05,-1.05
1.19824e-03,-1.03,-1.01
1.19832e-03,-1.03,-1.05
1.19840e-03,-1.03,-1.01
1.19848e-03,-1.03,-1.05
1.19856e-03,-1.01,-0.99
1.19864e-03,-1.01,-1.07
1.19872e-03,-1.03,-1.01
1.19880e-03,-1.03,-1.05
1.19888e-03,-1.05,-1.01
1.19896e-03,-1.03,-1.07
1.19904e-03,-1.05,-1.01
1.19912e-03,-1.03,-1.07
1.19920e-03,-1.01,-1.01
1.19928e-03,-1.03,-1.05
1.19936e-03,-1.01,-1.01
1.19944e-03,-1.05,-1.05
1.19952e-03,-1.01,-1.01
1.19960e-03,-1.03,-1.05
1.19968e-03,-1.03,-1.01
1.19976e-03,-1.03,-1.05
1.19984e-03,-1.01,-1.01
1.19992e-03,-1.03,-1.05
1.20000e-03,-1.03,-1.01
1.20008e-03,-1.01,-1.05
1.20016e-03,-1.03,-1.01
1.20024e-03,-1.01,-1.05
1.20032e-03,-1.03,-1.01
1.20040e-03,-1.03,-1.05
1.20048e-03,-1.03,-1.01
1.20056e-03,-1.03,-1.05
1.20064e-03,-1.01,-1.01
1.20072e-03,-1.03,-1.05
1.20080e-03,-1.03,-0.99
1.20088e-03,-1.03,-1.05
1.20096e-03,-0.99,-0.99
1.20104e-03,-1.01,-1.07
1.20112e-03,-1.05,-0.99
1.20120e-03,-1.03,-1.07
1.20128e-03,-1.03,-1.01
1.20136e-03,-1.03,-1.07
1.20144e-03,-1.05,-0.99
1.20152e-03,-1.01,-1.05
1.20160e-03,-1.03,-0.99
1.20168e-03,-1.01,-1.05
1.20176e-03,-1.05,-1.01
1.20184e-03,-1.01,-1.07
1.20192e-03,-1.03,-1.01
1.20200e-03,-1.05,-1.07
1.20208e-03,-1.01,-0.99
1.20216e-03,-1.03,-1.07
1.20224e-03,-1.03,-0.99
1.20232e-03,-1.05,-1.05
1.20240e-03,-1.03,-1.01
1.20248e-03,-1.03,-1.07
1.20256e-03,-1.05,-1.01
1.20264e-03,-1.03,-1.07
1.20272e-03,-1.03,-1.01
1.20280e-03,-1.03,-1.07
1.20288e-03,-1.05,-1.01
1.20296e-03,-1.01,-1.07
1.20304e-03,-1.03,-1.01
1.20312e-03,-1.03,-1.07
1.20320e-03,-1.03,-1.01
1.20328e-03,-1.05,-1.07
1.20336e-03,-1.03,-1.01
1.20344e-03,-1.05,-1.07
1.20352e-03,-1.03,-1.01
1.20360e-03,-1.03,-1.05
1.20368e-03,-1.05,-1.01
1.20376e-03,-1.05,-1.07
1.20384e-03,-1.03,-1.01
1.20392e-03,-1.03,-1.05
1.20400e-03,-1.03,-1.01
1.20408e-03,-1.05,-1.07
1.20416e-03,-1.03,-1.01
1.20424e-03,-1.01,-1.07
1.20432e-03,-1.03,-1.01
1.20440e-03,-1.03,-1.07
1.20448e-03,-1.03,-1.01
1.20456e-03,-1.01,-1.07
1.20464e-03,-1.03,-1.01
1.20472e-03,-1.03,-1.05
1.20480e-03,-1.03,-1.01
1.20488e-03,-1.03,-1.07
1.20496e-03,-1.03,-1.01
1.20504e-03,-1.03,-1.07
1.20512e-03,-1.05,-1.01
1.20520e-03,-1.03,-1.05
1.20528e-03,-1.03,-1.01
1.20536e-03,-1.03,-1.05
1.20544e-03,-1.03,-1.01
1.20552e-03,-1.01,-1.07
1.20560e-03,-1.05,-1.01
1.20568e-03,-1.03,-1.07
1.20576e-03,-1.03,-1.01
1.20584e-03,-1.01,-1.07
1.20592e-03,-1.03,-1.01
1.20600e-03,-1.03,-1.05
1.20608e-03,-1.01,-1.01
1.20616e-03,-1.03,-1.05
1.20624e-03,-1.03,-1.01
1.20632e-03,-1.05,-1.05
1.20640e-03,-1.03,-1.01
1.20648e-03,-1.03,-1.05
1.20656e-03,-1.03,-1.01
1.20664e-03,-1.03,-1.05
1.20672e-03,-1.03,-1.01
1.20680e-03,-1.01,-1.05
1.20688e-03,-1.05,-1.01
1.20696e-03,-1.03,-1.05
1.20704e-03,-1.03,-1.01
1.20712e-03,-1.05,-1.05
1.20720e-03,-1.03,-1.01
1.20728e-03,-1.03,-1.05
1.20736e-03,-1.03,-0.99
1.20744e-03,-1.03,-1.05
1.20752e-03,-1.03,-1.01
1.20760e-03,-1.03,-1.05
1.20768e-03,-1.03,-1.01
1.20776e-03,-1.05,-1.05
1.20784e-03,-1.01,-1.01
1.20792e-03,-1.03,-1.07
1.20800e-03,-1.05,-1.01
1.20808e-03,-1.01,-1.07
1.20816e-03,-1.05,-1.01
1.20824e-03,-1.03,-1.07
1.20832e-03,-1.03,-1.01
1.20840e-03,-1.01,-1.05
1.20848e-03,-1.03,-0.99
1.20856e-03,-1.03,-1.07
1.20864e-03,-1.05,-0.99
1.20872e-03,-1.03,-1.07
1.20880e-03,-1.03,-1.01
1.20888e-03,-1.05,-1.07
1.20896e-03,-1.01,-0.99
1.20904e-03,-1.03,-1.05
1.20912e-03,-1.03,-0.99
1.20920e-03,-1.03,-1.07
1.20928e-03,-1.03,-0.99
1.20936e-03,-1.03,-1.05
1.20944e-03,-1.03,-1.01
1.20952e-03,-1.01,-1.05
1.20960e-03,-1.03,-1.01
1.20968e-03,-1.01,-1.05
1.20976e-03,-1.03,-1.01
1.20984e-03,-1.03,-1.05
1.20992e-03,-1.03,-1.01
1.21000e-03,-1.03,-1.05
1.21008e-03,-1.01,-1.01
1.21016e-03,-1.03,-1.05
1.21024e-03,-0.99,-0.99
1.21032e-03,-1.05,-1.05
1.21040e-03,-1.03,-0.99
1.21048e-03,-1.01,-1.05
1.21056e-03,-1.03,-1.01
1.21064e-03,-1.03,-1.05
1.21072e-03,-1.05,-1.01
1.21080e-03,-1.01,-1.05
1.21088e-03,-1.03,-0.99
1.21096e-03,-1.03,-1.05
1.21104e-03,-1.03,-1.01
1.21112e-03,-1.03,-1.05
1.21120e-03,-1.03,-1.01
1.21128e-03,-1.03,-1.05
1.21136e-03,-1.01,-1.01
1.21144e-03,-1.03,-1.05
1.21152e-03,-1.01,-1.01
1.21160e-03,-1.03,-1.05
1.21168e-03,-1.03,-0.99
1.21176e-03,-1.05,-1.05
1.21184e-03,-1.01,-1.01
1.21192e-03,-1.03,-1.05
1.21200e-03,-1.03,-1.01
1.21208e-03,-1.03,-1.05
1.21216e-03,-1.03,-1.01
1.21224e-03,-1.05,-1.05
1.21232e-03,-1.03,-0.99
1.21240e-03,-1.03,-1.05
1.21248e-03,-1.03,-1.01
1.21256e-03,-1.03,-1.07
1.21264e-03,-1.03,-1.01
1.21272e-03,-1.03,-1.05
1.21280e-03,-1.03,-1.01
1.21288e-03,-1.03,-1.05
1.21296e-03,-1.03,-1.01
1.21304e-03,-1.03,-1.05
1.21312e-03,-0.99,-1.01
1.21320e-03,-1.01,-1.07
1.21328e-03,-1.03,-0.99
1.21336e-03,-1.01,-1.07
1.21344e-03,-1.01,-0.99
1.21352e-03,-1.03,-1.05
1.21360e-03,-1.05,-1.01
1.21368e-03,-1.03,-1.05
1.21376e-03,-1.03,-0.99
1.21384e-03,-1.03,-1.05
1.21392e-03,-1.03,-0.99
1.21400e-03,-1.03,-1.05
1.21408e-03,-1.01,-0.99
1.21416e-03,-1.03,-1.05
1.21424e-03,-1.01,-1.01
1.21432e-03,-1.03,-1.05
1.21440e-03,-1.01,-1.01
1.21448e-03,-1.01,-1.05
1.21456e-03,-1.05,-1.01
1.21464e-03,-1.03,-1.07
1.21472e-03,-1.01,-0.99
1.21480e-03,-1.03,-1.07
1.21488e-03,-1.05,-1.01
1.21496e-03,-1.01,-1.05
1.21504e-03,-1.03,-1.01
1.21512e-03,-1.03,-1.07
1.21520e-03,-1.03,-1.01
1.21528e-03,-1.05,-1.07
1.21536e-03,-1.01,-1.01
1.21544e-03,-1.03,-1.05
1.21552e-03,-1.03,-1.01
1.21560e-03,-1.05,-1.07
1.21568e-03,-1.03,-1.01
1.21576e-03,-1.03,-1.05
1.21584e-03,-1.03,-1.01
1.21592e-03,-1.01,-1.05
1.21600e-03,-1.03,-1.01
1.21608e-03,-1.03,-1.05
1.21616e-03,-1.03,-1.01
1.21624e-03,-1.03,-1.05
1.21632e-03,-1.01,-1.01
1.21640e-03,-1.01,-1.07
1.21648e-03,-1.05,-0.99
1.21656e-03,-1.05,-1.07
1.21664e-03,-1.03,-0.99
1.21672e-03,-1.03,-1.07
1.21680e-03,-1.03,-1.01
1.21688e-03,-1.03,-1.05
1.21696e-03,-1.03,-0.99
1.21704e-03,-1.01,-1.05
1.21712e-03,-1.03,-1.01
1.21720e-03,-1.03,-1.05
1.21728e-03,-1.03,-1.01
1.21736e-03,-1.03,-1.05
1.21744e-03,-1.03,-0.99
1.21752e-03,-1.03,-1.05
1.21760e-03,-1.03,-1.01
1.21768e-03,-1.01,-1.07
1.21776e-03,-1.03,-1.01
1.21784e-03,-1.03,-1.05
1.21792e-03,-1.03,-1.01
1.21800e-03,-1.03,-1.05
1.21808e-03,-1.03,-1.01
1.21816e-03,-1.05,-1.05
1.21824e-03,-1.01,-1.01
1.21832e-03,-1.05,-1.05
1.21840e-03,-1.01,-0.99
1.21848e-03,-1.03,-1.05
1.21856e-03,-1.01,-1.01
1.21864e-03,-1.03,-1.05
1.21872e-03,-1.03,-1.01
1.21880e-03,-0.99,-1.05
1.21888e-03,-1.03,-0.99
1.21896e-03,-1.03,-1.05
1.21904e-03,-1.03,-0.99
1.21912e-03,-1.03,-1.05
1.21920e-03,-1.03,-0.99
1.21928e-03,-1.03,-1.05
1.21936e-03,-1.01,-1.01
1.21944e-03,-1.05,-1.05
1.21952e-03,-1.05,-1.01
1.21960e-03,-1.03,-1.05
1.21968e-03,-1.01,-1.01
1.21976e-03,-1.03,-1.05
1.21984e-03,-1.03,-1.01
1.21992e-03,-1.03,-1.05
1.22000e-03,-1.03,-1.01
1.22008e-03,-1.01,-1.07
1.22016e-03,-1.05,-0.99
1.22024e-03,-1.01,-1.05
1.22032e-03,-1.03,-0.99
1.22040e-03,-1.01,-1.05
1.22048e-03,-1.03,-1.01
1.22056e-03,-1.01,-1.05
1.22064e-03,-1.01,-1.01
1.22072e-03,-1.01,-1.05
1.22080e-03,-1.01,-1.01
1.22088e-03,-1.05,-1.05
1.22096e-03,-1.01,-1.01
1.22104e-03,-1.03,-1.05
1.22112e-03,-1.01,-1.01
1.22120e-03,-1.03,-1.05
1.22128e-03,-1.03,-0.99
1.22136e-03,-1.01,-1.05
1.22144e-03,-1.01,-1.01
1.22152e-03,-1.03,-1.05
1.22160e-03,-1.03,-1.01
1.22168e-03,-1.01,-1.05
1.22176e-03,-1.01,-0.99
1.22184e-03,-1.03,-1.05
1.22192e-03,-1.01,-0.99
1.22200e-03,-1.03,-1.05
1.22208e-03,-1.01,-0.99
1.22216e-03,-1.01,-1.05
1.22224e-03,-1.03,-0.99
1.22232e-03,-1.05,-1.05
1.22240e-03,-1.01,-0.99
1.22248e-03,-1.03,-1.05
1.22256e-03,-1.03,-0.99
1.22264e-03,-1.03,-1.05
1.22272e-03,-1.03,-0.99
1.22280e-03,-1.01,-1.05
1.22288e-03,-1.05,-0.99
1.22296e-03,-1.01,-1.05
1.22304e-03,-1.03,-0.99
1.22312e-03,-1.01,-1.05
1.22320e-03,-1.03,-0.99
1.22328e-03,-1.01,-1.05
1.22336e-03,-1.01,-0.99
1.22344e-03,-1.01,-1.05
1.22352e-03,-1.03,-0.99
1.22360e-03,-1.01,-1.05
1.22368e-03,-1.03,-0.99
1.22376e-03,-1.03,-1.05
1.22384e-03,-1.03,-0.99
1.22392e-03,-1.03,-1.05
1.22400e-03,-1.03,-1.01
1.22408e-03,-1.03,-1.05
1.22416e-03,-1.05,-0.99
1.22424e-03,-1.01,-1.05
1.22432e-03,-1.01,-0.99
1.22440e-03,-1.01,-1.05
1.22448e-03,-1.01,-0.99
1.22456e-03,-1.03,-1.05
1.22464e-03,-1.01,-0.99
1.22472e-03,-1.01,-1.05
1.22480e-03,-1.01,-0.99
1.22488e-03,-1.03,-1.05
1.22496e-03,-1.01,-0.99
1.22504e-03,-1.01,-1.05
1.22512e-03,-1.01,-0.99
1.22520e-03,-1.03,-1.05
1.22528e-03,-1.01,-0.99
1.22536e-03,-1.01,-1.07
1.22544e-03,-1.03,-0.99
1.22552e-03,-1.01,-1.07
1.22560e-03,-1.01,-0.99
1.22568e-03,-1.03,-1.05
1.22576e-03,-1.03,-1.01
1.22584e-03,-1.03,-1.05
1.22592e-03,-1.01,-1.01
1.22600e-03,-1.01,-1.05
1.22608e-03,-1.01,-1.01
1.22616e-03,-1.01,-1.05
1.22624e-03,-0.99,-0.99
1.22632e-03,-1.03,-1.05
1.22640e-03,-1.01,-0.99
1.22648e-03,-1.01,-1.05
1.22656e-03,-1.03,-0.99
1.22664e-03,-1.01,-1.05
1.22672e-03,-1.03,-0.99
1.22680e-03,-1.01,-1.05
1.22688e-03,-1.05,-0.99
1.22696e-03,-1.03,-1.07
1.22704e-03,-1.01,-0.99
1.22712e-03,-1.01,-1.05
1.22720e-03,-1.03,-0.99
1.22728e-03,-1.03,-1.05
1.22736e-03,-1.01,-0.99
1.22744e-03,-1.03,-1.05
1.22752e-03,-1.01,-0.99
1.22760e-03,-1.03,-1.05
1.22768e-03,-0.77,-0.99
1.22776e-03,-0.93,-1.11
1.22784e-03,-0.99,-0.77
1.22792e-03,-0.95,-1.01
1.22800e-03,-0.95,-0.75
1.22808e-03,-0.95,-1.01
1.22816e-03,-0.97,-0.93
1.22824e-03,-0.97,-0.99
1.22832e-03,-0.97,-0.93
1.22840e-03,-1.01,-1.01
1.22848e-03,-1.01,-0.95
1.22856e-03,-1.03,-1.03
1.22864e-03,-1.05,-0.97
1.22872e-03,-1.05,-1.07
1.22880e-03,-1.03,-1.01
1.22888e-03,-1.05,-1.07
1.22896e-03,-1.05,-1.03
1.22904e-03,-1.03,-1.07
1.22912e-03,-1.01,-1.01
1.22920e-03,-1.01,-1.05
1.22928e-03,-1.03,-1.01
1.22936e-03,-0.99,-1.05
1.22944e-03,-1.01,-0.99
1.22952e-03,-1.03,-1.05
1.22960e-03,-1.01,-0.99
1.22968e-03,-1.01,-1.05
1.22976e-03,-1.03,-0.99
1.22984e-03,-1.03,-1.05
1.22992e-03,-1.05,-0.99
1.23000e-03,-1.03,-1.05
1.23008e-03,-1.03,-1.01
1.23016e-03,-1.01,-1.05
1.23024e-03,-1.03,-0.99
1.23032e-03,-1.01,-1.05
1.23040e-03,-1.01,-0.99
1.23048e-03,-1.01,-1.05
1.23056e-03,-1.01,-0.99
1.23064e-03,-1.01,-1.05
1.23072e-03,-1.01,-0.99
1.23080e-03,-1.01,-1.05
1.23088e-03,-0.99,-0.99
1.23096e-03,-1.01,-1.03
1.23104e-03,-1.01,-0.99
1.23112e-03,-1.01,-1.03
1.23120e-03,-1.01,-0.99
1.23128e-03,-1.03,-1.03
1.23136e-03,-1.01,-0.99
1.23144e-03,-1.01,-1.03
1.23152e-03,-1.03,-0.99
1.23160e-03,-1.01,-1.03
1.23168e-03,-1.01,-0.99
1.23176e-03,-0.99,-1.05
1.23184e-03,-1.01,-0.99
1.23192e-03,-1.01,-1.05
1.23200e-03,-1.03,-0.99
1.23208e-03,-1.01,-1.05
1.23216e-03,-1.03,-0.99
1.23224e-03,-1.01,-1.05
1.23232e-03,-1.03,-0.99
1.23240e-03,-0.99,-1.05
1.23248e-03,-1.03,-0.99
1.23256e-03,-1.01,-1.05
1.23264e-03,-0.99,-0.99
1.23272e-03,-1.01,-1.05
1.23280e-03,-1.03,-0.97
1.23288e-03,-1.01,-1.05
1.23296e-03,-1.03,-0.99
1.23304e-03,-1.01,-1.05
1.23312e-03,-1.01,-0.99
1.23320e-03,-1.01,-1.03
1.23328e-03,-1.03,-0.99
1.23336e-03,-1.01,-1.03
1.23344e-03,-0.99,-0.99
1.23352e-03,-1.01,-1.03
1.23360e-03,-0.99,-0.99
1.23368e-03,-1.01,-1.03
1.23376e-03,-1.01,-0.99
1.23384e-03,-0.99,-1.03
1.23392e-03,-1.01,-0.99
1.23400e-03,-1.01,-1.05
1.23408e-03,-1.01,-0.99
1.23416e-03,-1.03,-1.03
1.23424e-03,-1.01,-0.99
1.23432e-03,-1.01,-1.05
1.23440e-03,-1.25,-0.99
1.23448e-03,-1.09,-1.27
1.23456e-03,-1.05,-0.91
1.23464e-03,-1.05,-1.35
1.23472e-03,-1.09,-1.03
1.23480e-03,-1.05,-1.11
1.23488e-03,-1.07,-1.03
1.23496e-03,-1.07,-1.11
1.23504e-03,-1.05,-1.05
1.23512e-03,-1.03,-1.11
1.23520e-03,-1.03,-1.03
1.23528e-03,-1.01,-1.07
1.23536e-03,-0.99,-1.01
1.23544e-03,-1.01,-1.05
1.23552e-03,-0.99,-0.99
1.23560e-03,-0.99,-1.03
1.23568e-03,-1.01,-0.97
1.23576e-03,-1.01,-1.03
1.23584e-03,-1.01,-0.97
1.23592e-03,-1.01,-1.05
1.23600e-03,-1.01,-0.97
1.23608e-03,-1.01,-1.05
1.23616e-03,-1.01,-0.97
1.23624e-03,-1.01,-1.05
1.23632e-03,-1.01,-0.99
1.23640e-03,-1.01,-1.05
1.23648e-03,-1.01,-0.99
1.23656e-03,-1.01,-1.03
1.23664e-03,-1.01,-0.99
1.23672e-03,-1.01,-1.05
1.23680e-03,-1.01,-0.99
1.23688e-03,-1.03,-1.03
1.23696e-03,-1.01,-0.99
1.23704e-03,-1.01,-1.05
1.23712e-03,-1.01,-0.99
1.23720e-03,-1.03,-1.03
1.23728e-03,-1.03,-0.99
1.23736e-03,-1.01,-1.05
1.23744e-03,-1.01,-0.99
1.23752e-03,-1.01,-1.05
1.23760e-03,-1.03,-0.99
1.23768e-03,-1.01,-1.03
1.23776e-03,-1.03,-0.99
1.23784e-03,-1.01,-1.05
1.23792e-03,-1.01,-0.99
1.23800e-03,-1.03,-1.05
1.23808e-03,-1.01,-0.99
1.23816e-03,-1.01,-1.05
1.23824e-03,-1.01,-0.99
1.23832e-03,-1.01,-1.03
1.23840e-03,-1.01,-0.99
1.23848e-03,-1.01,-1.05
1.23856e-03,-1.01,-0.99
1.23864e-03,-1.03,-1.05
1.23872e-03,-1.03,-0.99
1.23880e-03,-1.03,-1.05
1.23888e-03,-1.03,-0.99
1.23896e-03,-1.01,-1.05
1.23904e-03,-1.03,-0.99
1.23912e-03,-1.01,-1.05
1.23920e-03,-1.03,-0.99
1.23928e-03,-1.03,-1.05
1.23936e-03,-1.03,-0.99
1.23944e-03,-1.03,-1.05
1.23952e-03,-1.03,-0.99
1.23960e-03,-1.03,-1.05
1.23968e-03,-1.01,-0.99
1.23976e-03,-1.01,-1.07
1.23984e-03,-1.03,-0.99
1.23992e-03,-0.99,-1.05
1.24000e-03,-1.01,-0.99
1.24008e-03,-1.01,-1.05
1.24016e-03,-1.03,-0.99
1.24024e-03,-1.01,-1.05
1.24032e-03,-1.03,-0.99
1.24040e-03,-0.99,-1.05
1.24048e-03,-1.01,-0.99
1.24056e-03,-1.01,-1.03
1.24064e-03,-1.01,-0.99
1.24072e-03,-1.03,-1.05
1.24080e-03,-1.01,-0.99
1.24088e-03,-1.03,-1.05
1.24096e-03,-0.99,-0.99
1.24104e-03,-1.01,-1.05
1.24112e-03,-1.03,-0.99
1.24120e-03,-1.03,-1.05
1.24128e-03,-1.01,-1.01
1.24136e-03,-1.01,-1.05
1.24144e-03,-1.03,-0.99
1.24152e-03,-1.03,-1.05
1.24160e-03,-1.03,-0.99
1.24168e-03,-1.01,-1.05
1.24176e-03,-1.03,-0.99
1.24184e-03,-1.03,-1.05
1.24192e-03,-1.01,-0.99
1.24200e-03,-1.03,-1.05
1.24208e-03,-1.01,-0.99
1.24216e-03,-1.03,-1.05
1.24224e-03,-1.01,-0.99
1.24232e-03,-1.01,-1.05
1.24240e-03,-1.01,-1.01
1.24248e-03,-1.03,-1.05
1.24256e-03,-1.01,-0.99
1.24264e-03,-1.01,-1.05
1.24272e-03,-1.03,-1.01
1.24280e-03,-1.03,-1.05
1.24288e-03,-1.03,-0.99
1.24296e-03,-0.99,-1.05
1.24304e-03,-1.03,-0.99
1.24312e-03,-1.03,-1.05
1.24320e-03,-1.03,-0.99
1.24328e-03,-1.03,-1.05
1.24336e-03,-1.01,-0.99
1.24344e-03,-1.03,-1.05
1.24352e-03,-1.03,-0.99
1.24360e-03,-1.01,-1.05
1.24368e-03,-1.01,-1.01
1.24376e-03,-1.03,-1.05
1.24384e-03,-1.01,-1.01
1.24392e-03,-1.01,-1.07
1.24400e-03,-1.01,-0.99
1.24408e-03,-1.01,-1.05
1.24416e-03,-1.03,-0.99
1.24424e-03,-1.01,-1.05
1.24432e-03,-1.03,-1.01
1.24440e-03,-1.01,-1.05
1.24448e-03,-1.03,-0.99
1.24456e-03,-1.03,-1.05
1.24464e-03,-1.01,-1.01
1.24472e-03,-1.03,-1.05
1.24480e-03,-1.01,-0.99
1.24488e-03,-1.03,-1.07
1.24496e-03,-1.01,-1.01
1.24504e-03,-1.03,-1.05
1.24512e-03,-1.01,-1.01
1.24520e-03,-1.03,-1.05
1.24528e-03,-1.03,-1.01
1.24536e-03,-1.01,-1.05
1.24544e-03,-1.01,-1.01
1.24552e-03,-1.01,-1.05
1.24560e-03,-1.03,-1.01
1.24568e-03,-1.03,-1.05
1.24576e-03,-1.03,-0.99
1.24584e-03,-1.01,-1.05
1.24592e-03,-1.01,-1.01
1.24600e-03,-1.01,-1.05
1.24608e-03,-1.03,-1.01
1.24616e-03,-1.03,-1.05
1.24624e-03,-1.01,-1.01
1.24632e-03,-1.03,-1.05
1.24640e-03,-1.03,-1.01
1.24648e-03,-1.03,-1.05
1.24656e-03,-1.03,-1.01
1.24664e-03,-1.01,-1.07
1.24672e-03,-1.03,-1.01
1.24680e-03,-1.01,-1.05
1.24688e-03,-1.05,-0.99
1.24696e-03,-1.01,-1.05
1.24704e-03,-1.01,-0.99
1.24712e-03,-1.01,-1.09
1.24720e-03,-1.01,-0.99
1.24728e-03,-1.05,-1.07
1.24736e-03,-1.03,-0.99
1.24744e-03,-1.01,-1.07
1.24752e-03,-1.03,-0.99
1.24760e-03,-1.03,-1.05
1.24768e-03,-1.03,-0.99
1.24776e-03,-1.03,-1.05
1.24784e-03,-1.03,-1.01
1.24792e-03,-1.03,-1.05
1.24800e-03,-1.03,-0.99
1.24808e-03,-1.03,-1.07
1.24816e-03,-1.03,-1.01
1.24824e-03,-1.01,-1.05
1.24832e-03,-1.03,-0.99
1.24840e-03,-1.01,-1.07
1.24848e-03,-1.03,-1.01
1.24856e-03,-1.03,-1.05
1.24864e-03,-1.03,-1.01
1.24872e-03,-1.03,-1.05
1.24880e-03,-1.01,-1.01
1.24888e-03,-1.03,-1.05
1.24896e-03,-1.03,-1.01
1.24904e-03,-1.03,-1.05
1.24912e-03,-1.01,-1.01
1.24920e-03,-1.03,-1.05
1.24928e-03,-1.03,-0.99
1.24936e-03,-1.03,-1.05
1.24944e-03,-1.03,-0.99
1.24952e-03,-1.01,-1.05
1.24960e-03,-1.03,-0.99
1.24968e-03,-1.03,-1.05
1.24976e-03,-1.03,-1.01
1.24984e-03,-1.03,-1.07
1.24992e-03,-1.03,-1.01
1.25000e-03,-1.03,-1.05
1.25008e-03,-1.03,-1.01
1.25016e-03,-1.05,-1.07
1.25024e-03,-1.03,-1.01
1.25032e-03,-1.03,-1.05
1.25040e-03,-1.03,-1.01
1.25048e-03,-1.05,-1.05
1.25056e-03,-1.05,-1.01
1.25064e-03,-1.01,-1.05
1.25072e-03,-1.03,-1.01
1.25080e-03,-1.03,-1.05
1.25088e-03,-1.05,-0.99
1.25096e-03,-1.01,-1.05
1.25104e-03,-1.03,-1.01
1.25112e-03,-1.03,-1.07
1.25120e-03,-1.03,-1.01
1.25128e-03,-1.01,-1.05
1.25136e-03,-1.03,-1.01
1.25144e-03,-1.01,-1.05
1.25152e-03,-1.03,-1.01
1.25160e-03,-1.05,-1.05
1.25168e-03,-1.01,-1.01
1.25176e-03,-1.05,-1.05
1.25184e-03,-1.01,-1.01
1.25192e-03,-1.03,-1.05
1.25200e-03,-1.05,-0.99
1.25208e-03,-1.05,-1.05
1.25216e-03,-1.05,-0.99
1.25224e-03,-1.01,-1.07
1.25232e-03,-1.03,-1.01
1.25240e-03,-1.03,-1.05
1.25248e-03,-1.03,-1.01
1.25256e-03,-1.03,-1.05
1.25264e-03,-1.03,-1.01
1.25272e-03,-1.03,-1.05
1.25280e-03,-1.01,-0.99
1.25288e-03,-1.03,-1.05
1.25296e-03,-1.01,-1.01
1.25304e-03,-1.03,-1.07
1.25312e-03,-1.03,-0.99
1.25320e-03,-1.03,-1.05
1.25328e-03,-1.03,-1.01
1.25336e-03,-1.01,-1.07
1.25344e-03,-1.03,-0.99
1.25352e-03,-1.01,-1.05
1.25360e-03,-1.03,-1.01
1.25368e-03,-1.03,-1.05
1.25376e-03,-1.03,-1.01
1.25384e-03,-1.03,-1.07
1.25392e-03,-1.05,-1.01
1.25400e-03,-1.05,-1.07
1.25408e-03,-1.01,-1.01
1.25416e-03,-1.05,-1.07
1.25424e-03,-1.03,-1.01
1.25432e-03,-1.03,-1.05
1.25440e-03,-1.03,-1.01
1.25448e-03,-1.03,-1.05
1.25456e-03,-1.05,-1.01
1.25464e-03,-1.03,-1.07
1.25472e-03,-1.05,-1.01
1.25480e-03,-1.03,-1.07
1.25488e-03,-1.05,-0.99
1.25496e-03,-1.03,-1.07
1.25504e-03,-1.03,-0.99
1.25512e-03,-1.01,-1.07
1.25520e-03,-1.05,-1.01
1.25528e-03,-1.03,-1.05
1.25536e-03,-1.03,-1.01
1.25544e-03,-1.05,-1.05
1.25552e-03,-1.03,-1.01
1.25560e-03,-1.03,-1.07
1.25568e-03,-1.03,-1.01
1.25576e-03,-1.03,-1.07
1.25584e-03,-1.03,-1.01
1.25592e-03,-1.03,-1.07
1.25600e-03,-1.05,-1.01
1.25608e-03,-1.03,-1.05
1.25616e-03,-1.05,-1.01
1.25624e-03,-1.03,-1.07
1.25632e-03,-1.05,-0.99
1.25640e-03,-1.01,-1.05
1.25648e-03,-1.03,-1.01
1.25656e-03,-1.03,-1.05
1.25664e-03,-1.01,-1.01
1.25672e-03,-1.03,-1.07
1.25680e-03,-1.03,-0.99
1.25688e-03,-1.03,-1.05
1.25696e-03,-1.03,-1.01
1.25704e-03,-1.03,-1.05
1.25712e-03,-1.03,-1.01
1.25720e-03,-1.03,-1.05
1.25728e-03,-1.03,-1.01
1.25736e-03,-1.03,-1.05
1.25744e-03,-1.03,-1.01
1.25752e-03,-1.01,-1.05
1.25760e-03,-1.05,-1.01
1.25768e-03,-1.01,-1.05
1.25776e-03,-1.05,-1.01
1.25784e-03,-1.03,-1.05
1.25792e-03,-1.03,-1.01
1.25800e-03,-1.03,-1.07
1.25808e-03,-1.05,-1.01
1.25816e-03,-1.05,-1.07
1.25824e-03,-1.01,-1.01
1.25832e-03,-1.03,-1.07
1.25840e-03,-1.03,-1.01
1.25848e-03,-1.05,-1.07
1.25856e-03,-1.03,-0.99
1.25864e-03,-1.03,-1.05
1.25872e-03,-1.03,-1.01
1.25880e-03,-1.03,-1.05
1.25888e-03,-1.03,-1.01
1.25896e-03,-1.01,-1.07
1.25904e-03,-1.05,-1.01
1.25912e-03,-1.01,-1.05
1.25920e-03,-1.03,-1.01
1.25928e-03,-1.03,-1.05
1.25936e-03,-1.01,-1.01
1.25944e-03,-1.03,-1.07
1.25952e-03,-1.01,-1.01
1.25960e-03,-1.03,-1.07
1.25968e-03,-1.03,-1.01
1.25976e-03,-1.03,-1.05
1.25984e-03,-1.03,-1.01
1.25992e-03,-1.01,-1.05
1.26000e-03,-1.03,-1.01
1.26008e-03,-1.03,-1.05
1.26016e-03,-1.03,-1.01
1.26024e-03,-1.03,-1.05
1.26032e-03,-1.03,-1.01
1.26040e-03,-1.03,-1.05
1.26048e-03,-1.03,-1.01
1.26056e-03,-1.01,-1.05
1.26064e-03,-1.01,-0.99
1.26072e-03,-1.03,-1.05
1.26080e-03,-1.01,-1.01
1.26088e-03,-1.05,-1.07
1.26096e-03,-1.01,-1.01
1.26104e-03,-1.03,-1.05
1.26112e-03,-1.03,-1.01
1.26120e-03,-1.03,-1.05
1.26128e-03,-1.03,-1.01
1.26136e-03,-1.03,-1.05
1.26144e-03,-1.03,-1.01
1.26152e-03,-1.01,-1.05
1.26160e-03,-1.05,-1.01
1.26168e-03,-1.01,-1.05
1.26176e-03,-1.03,-1.01
1.26184e-03,-1.03,-1.05
1.26192e-03,-1.03,-1.01
1.26200e-03,-1.03,-1.05
1.26208e-03,-1.01,-1.01
1.26216e-03,-1.05,-1.05
1.26224e-03,-1.01,-1.01
1.26232e-03,-1.03,-1.05
1.26240e-03,-1.01,-0.99
1.26248e-03,-1.05,-1.07
1.26256e-03,-1.03,-0.99
1.26264e-03,-1.03,-1.07
1.26272e-03,-1.05,-0.99
1.26280e-03,-1.01,-1.07
1.26288e-03,-1.03,-0.99
1.26296e-03,-1.01,-1.05
1.26304e-03,-1.03,-0.99
1.26312e-03,-0.99,-1.05
1.26320e-03,-1.03,-1.01
1.26328e-03,-1.03,-1.05
1.26336e-03,-1.03,-0.99
1.26344e-03,-1.05,-1.07
1.26352e-03,-1.01,-0.99
1.26360e-03,-1.01,-1.05
1.26368e-03,-1.01,-1.01
1.26376e-03,-1.03,-1.05
1.26384e-03,-1.03,-0.99
1.26392e-03,-1.01,-1.05
1.26400e-03,-1.05,-1.01
1.26408e-03,-1.01,-1.07
1.26416e-03,-1.03,-1.01
1.26424e-03,-0.99,-1.05
1.26432e-03,-1.05,-0.99
1.26440e-03,-1.01,-1.05
1.26448e-03,-1.03,-0.99
1.26456e-03,-1.03,-1.05
1.26464e-03,-1.03,-1.01
1.26472e-03,-1.05,-1.05
1.26480e-03,-1.01,-1.01
1.26488e-03,-1.03,-1.05
1.26496e-03,-1.03,-1.01
1.26504e-03,-1.05,-1.05
1.26512e-03,-1.03,-1.01
1.26520e-03,-1.01,-1.07
1.26528e-03,-1.01,-1.01
1.26536e-03,-1.01,-1.05
1.26544e-03,-1.05,-1.01
1.26552e-03,-1.01,-1.05
1.26560e-03,-1.05,-1.01
1.26568e-03,-1.01,-1.05
1.26576e-03,-1.03,-1.01
1.26584e-03,-1.01,-1.05
1.26592e-03,-1.01,-1.01
1.26600e-03,-1.03,-1.05
1.26608e-03,-0.99,-1.01
1.26616e-03,-1.03,-1.05
1.26624e-03,-1.01,-0.99
1.26632e-03,-1.03,-1.05
1.26640e-03,-1.01,-1.01
1.26648e-03,-1.03,-1.05
1.26656e-03,-1.03,-0.99
1.26664e-03,-1.03,-1.05
1.26672e-03,-1.03,-1.01
1.26680e-03,-0.99,-1.05
1.26688e-03,-1.03,-1.01
1.26696e-03,-1.01,-1.05
1.26704e-03,-1.03,-0.99
1.26712e-03,-1.03,-1.05
1.26720e-03,-1.03,-0.99
1.26728e-03,-1.03,-1.05
1.26736e-03,-1.01,-1.01
1.26744e-03,-1.01,-1.05
1.26752e-03,-1.03,-1.01
1.26760e-03,-1.01,-1.05
1.26768e-03,-1.03,-1.01
1.26776e-03,-1.03,-1.05
1.26784e-03,-1.05,-0.99
1.26792e-03,-1.03,-1.05
1.26800e-03,-1.03,-1.01
1.26808e-03,-1.03,-1.05
1.26816e-03,-1.05,-1.01
1.26824e-03,-1.03,-1.05
1.26832e-03,-1.03,-1.01
1.26840e-03,-1.03,-1.05
1.26848e-03,-1.03,-0.99
1.26856e-03,-1.03,-1.05
1.26864e-03,-1.01,-0.99
1.26872e-03,-1.01,-1.05
1.26880e-03,-1.01,-1.01
1.26888e-03,-1.03,-1.05
1.26896e-03,-1.03,-0.99
1.26904e-03,-1.01,-1.05
1.26912e-03,-1.01,-1.01
1.26920e-03,-1.01,-1.05
1.26928e-03,-1.03,-1.01
1.26936e-03,-1.01,-1.05
1.26944e-03,-1.03,-0.99
1.26952e-03,-1.01,-1.05
1.26960e-03,-1.03,-1.01
1.26968e-03,-1.01,-1.05
1.26976e-03,-1.03,-1.01
1.26984e-03,-1.03,-1.05
1.26992e-03,-1.03,-1.01
1.27000e-03,-1.03,-1.05
1.27008e-03,-1.01,-0.99
1.27016e-03,-1.01,-1.05
1.27024e-03,-0.99,-1.01
1.27032e-03,-1.01,-1.05
1.27040e-03,-1.01,-0.97
1.27048e-03,-1.03,-1.05
1.27056e-03,-1.03,-1.01
1.27064e-03,-1.03,-1.05
1.27072e-03,-1.03,-0.99
1.27080e-03,-1.03,-1.05
1.27088e-03,-1.05,-0.99
1.27096e-03,-1.03,-1.05
1.27104e-03,-1.01,-0.99
1.27112e-03,-1.01,-1.05
1.27120e-03,-1.03,-1.01
1.27128e-03,-1.03,-1.07
1.27136e-03,-1.05,-0.99
1.27144e-03,-1.03,-1.05
1.27152e-03,-1.01,-0.99
1.27160e-03,-1.03,-1.05
1.27168e-03,-1.01,-1.01
1.27176e-03,-1.03,-1.05
1.27184e-03,-1.01,-1.01
1.27192e-03,-1.03,-1.05
1.27200e-03,-1.03,-1.01
1.27208e-03,-1.01,-1.05
1.27216e-03,-1.03,-0.99
1.27224e-03,-1.03,-1.05
1.27232e-03,-1.03,-1.01
1.27240e-03,-1.03,-1.05
1.27248e-03,-1.03,-0.99
1.27256e-03,-1.03,-1.05
1.27264e-03,-1.01,-0.99
1.27272e-03,-1.01,-1.05
1.27280e-03,-1.03,-0.99
1.27288e-03,-1.03,-1.05
1.27296e-03,-1.03,-0.99
1.27304e-03,-1.03,-1.05
1.27312e-03,-1.03,-0.99
1.27320e-03,-1.03,-1.05
1.27328e-03,-1.01,-1.01
1.27336e-03,-1.01,-1.05
1.27344e-03,-1.03,-1.01
1.27352e-03,-1.01,-1.05
1.27360e-03,-1.01,-0.99
1.27368e-03,-1.01,-1.05
1.27376e-03,-1.03,-0.99
1.27384e-03,-1.01,-1.05
1.27392e-03,-1.01,-0.97
1.27400e-03,-1.03,-1.05
1.27408e-03,-1.01,-0.99
1.27416e-03,-1.05,-1.05
1.27424e-03,-0.99,-0.99
1.27432e-03,-1.01,-1.07
1.27440e-03,-1.03,-0.99
1.27448e-03,-1.01,-1.05
1.27456e-03,-1.01,-0.99
1.27464e-03,-1.01,-1.05
1.27472e-03,-1.01,-0.99
1.27480e-03,-1.03,-1.05
1.27488e-03,-1.03,-0.99
1.27496e-03,-1.01,-1.05
1.27504e-03,-1.03,-0.99
1.27512e-03,-1.01,-1.05
1.27520e-03,-1.03,-0.99
1.27528e-03,-1.03,-1.05
1.27536e-03,-1.01,-0.99
1.27544e-03,-1.01,-1.05
1.27552e-03,-0.99,-0.99
1.27560e-03,-1.03,-1.05
1.27568e-03,-1.01,-0.99
1.27576e-03,-1.01,-1.03
1.27584e-03,-1.01,-0.99
1.27592e-03,-1.01,-1.05
1.27600e-03,-1.01,-0.99
1.27608e-03,-1.01,-1.03
1.27616e-03,-1.01,-0.99
1.27624e-03,-1.01,-1.05
1.27632e-03,-1.01,-0.99
1.27640e-03,-1.01,-1.05
1.27648e-03,-0.99,-0.99
1.27656e-03,-1.03,-1.05
1.27664e-03,-1.01,-0.99
1.27672e-03,-1.03,-1.03
1.27680e-03,-0.99,-0.99
1.27688e-03,-1.01,-1.05
1.27696e-03,-1.01,-0.99
1.27704e-03,-1.01,-1.05
1.27712e-03,-1.01,-0.99
1.27720e-03,-1.01,-1.03
1.27728e-03,-1.01,-0.99
1.27736e-03,-1.01,-1.03
1.27744e-03,-1.01,-0.99
1.27752e-03,-1.01,-1.05
1.27760e-03,-1.01,-0.99
1.27768e-03,-1.01,-1.03
1.27776e-03,-0.85,-0.99
1.27784e-03,-0.95,-1.09
1.27792e-03,-0.99,-0.75
1.27800e-03,-0.91,-0.99
1.27808e-03,-0.95,-0.87
1.27816e-03,-0.95,-1.01
1.27824e-03,-0.95,-0.91
1.27832e-03,-0.95,-0.99
1.27840e-03,-0.97,-0.93
1.27848e-03,-1.01,-1.01
1.27856e-03,-1.03,-0.95
1.27864e-03,-1.03,-1.03
1.27872e-03,-1.03,-0.97
1.27880e-03,-1.05,-1.05
1.27888e-03,-1.03,-1.01
1.27896e-03,-1.03,-1.07
1.27904e-03,-1.01,-1.01
1.27912e-03,-1.03,-1.05
1.27920e-03,-1.03,-1.01
1.27928e-03,-1.01,-1.05
1.27936e-03,-1.01,-1.01
1.27944e-03,-0.99,-1.05
1.27952e-03,-1.01,-0.99
1.27960e-03,-1.01,-1.03
1.27968e-03,-1.01,-0.97
1.27976e-03,-0.99,-1.03
1.27984e-03,-1.01,-0.99
1.27992e-03,-1.01,-1.03
1.28000e-03,-1.01,-0.99
1.28008e-03,-1.01,-1.05
1.28016e-03,-1.03,-0.99
1.28024e-03,-0.99,-1.03
1.28032e-03,-0.99,-0.99
1.28040e-03,-1.01,-1.03
1.28048e-03,-1.01,-0.99
1.28056e-03,-0.99,-1.03
1.28064e-03,-0.99,-0.99
1.28072e-03,-1.01,-1.03
1.28080e-03,-0.99,-0.99
1.28088e-03,-0.99,-1.03
1.28096e-03,-0.99,-0.99
1.28104e-03,-0.99,-1.03
1.28112e-03,-1.01,-0.99
1.28120e-03,-0.99,-1.03
1.28128e-03,-1.01,-0.97
1.28136e-03,-1.01,-1.03
1.28144e-03,-1.01,-0.99
1.28152e-03,-1.01,-1.03
1.28160e-03,-0.99,-0.97
1.28168e-03,-0.99,-1.03
1.28176e-03,-1.01,-0.99
1.28184e-03,-1.01,-1.03
1.28192e-03,-0.99,-0.99
1.28200e-03,-0.99,-1.05
1.28208e-03,-1.01,-0.97
1.28216e-03,-0.99,-1.03
1.28224e-03,-0.99,-0.99
1.28232e-03,-0.99,-1.05
1.28240e-03,-1.01,-0.97
1.28248e-03,-1.01,-1.05
1.28256e-03,-1.01,-0.99
1.28264e-03,-1.03,-1.03
1.28272e-03,-1.01,-0.99
1.28280e-03,-1.01,-1.03
1.28288e-03,-0.99,-0.99
1.28296e-03,-1.03,-1.03
1.28304e-03,-1.01,-0.99
1.28312e-03,-1.01,-1.03
1.28320e-03,-1.01,-0.99
1.28328e-03,-1.03,-1.03
1.28336e-03,-1.01,-0.99
1.28344e-03,-1.03,-1.03
1.28352e-03,-1.03,-0.99
1.28360e-03,-1.03,-1.03
1.28368e-03,-1.01,-0.99
1.28376e-03,-1.01,-1.05
1.28384e-03,-0.99,-0.99
1.28392e-03,-1.01,-1.03
1.28400e-03,-1.01,-0.99
1.28408e-03,-1.01,-1.03
1.28416e-03,-1.01,-0.99
1.28424e-03,-1.01,-1.05
1.28432e-03,-1.01,-0.99
1.28440e-03,-1.01,-1.03
1.28448e-03,-1.29,-0.97
1.28456e-03,-1.05,-1.35
1.28464e-03,-1.07,-0.93
1.28472e-03,-1.05,-1.33
1.28480e-03,-1.07,-1.03
1.28488e-03,-1.07,-1.11
1.28496e-03,-1.05,-1.01
1.28504e-03,-1.07,-1.09
1.28512e-03,-1.03,-1.03
1.28520e-03,-1.01,-1.09
1.28528e-03,-1.01,-1.01
1.28536e-03,-0.99,-1.05
1.28544e-03,-1.01,-0.99
1.28552e-03,-0.99,-1.05
1.28560e-03,-1.03,-0.97
1.28568e-03,-1.01,-1.03
1.28576e-03,-1.03,-0.95
1.28584e-03,-0.99,-1.03
1.28592e-03,-1.01,-0.95
1.28600e-03,-1.03,-1.05
1.28608e-03,-1.01,-0.97
1.28616e-03,-0.99,-1.03
1.28624e-03,-0.99,-0.97
1.28632e-03,-1.01,-1.03
1.28640e-03,-0.99,-0.99
1.28648e-03,-0.99,-1.03
1.28656e-03,-1.01,-0.99
1.28664e-03,-0.99,-1.03
1.28672e-03,-0.99,-0.99
1.28680e-03,-0.99,-1.03
1.28688e-03,-1.03,-0.99
1.28696e-03,-0.99,-1.03
1.28704e-03,-1.01,-0.99
1.28712e-03,-1.01,-1.03
1.28720e-03,-0.99,-0.99
1.28728e-03,-1.01,-1.05
1.28736e-03,-1.03,-0.99
1.28744e-03,-1.01,-1.05
1.28752e-03,-0.99,-0.99
1.28760e-03,-1.01,-1.05
1.28768e-03,-0.99,-0.99
1.28776e-03,-1.03,-1.03
1.28784e-03,-1.01,-0.97
1.28792e-03,-1.01,-1.03
1.28800e-03,-1.01,-0.99
1.28808e-03,-0.99,-1.05
1.28816e-03,-1.01,-0.99
1.28824e-03,-1.01,-1.05
1.28832e-03,-1.01,-0.99
1.28840e-03,-1.01,-1.05
1.28848e-03,-1.01,-0.99
1.28856e-03,-1.01,-1.03
1.28864e-03,-1.01,-0.99
1.28872e-03,-1.03,-1.03
1.28880e-03,-1.01,-0.99
1.28888e-03,-1.03,-1.05
1.28896e-03,-1.01,-0.99
1.28904e-03,-1.03,-1.05
1.28912e-03,-1.01,-0.99
1.28920e-03,-1.01,-1.05
1.28928e-03,-1.03,-0.99
1.28936e-03,-0.99,-1.05
1.28944e-03,-1.01,-0.99
1.28952e-03,-1.01,-1.05
1.28960e-03,-1.03,-0.99
1.28968e-03,-1.01,-1.05
1.28976e-03,-1.01,-0.99
1.28984e-03,-1.01,-1.05
1.28992e-03,-1.03,-0.99
1.29000e-03,-0.99,-1.05
1.29008e-03,-1.01,-0.99
1.29016e-03,-1.03,-1.05
1.29024e-03,-1.03,-0.99
1.29032e-03,-1.03,-1.05
1.29040e-03,-0.99,-0.99
1.29048e-03,-1.01,-1.05
1.29056e-03,-0.99,-0.97
1.29064e-03,-0.99,-1.05
1.29072e-03,-1.01,-0.99
1.29080e-03,-1.01,-1.03
1.29088e-03,-1.01,-0.99
1.29096e-03,-1.01,-1.05
1.29104e-03,-1.03,-0.99
1.29112e-03,-1.03,-1.03
1.29120e-03,-1.01,-0.99
1.29128e-03,-1.01,-1.05
1.29136e-03,-1.01,-0.97
1.29144e-03,-1.03,-1.05
1.29152e-03,-1.03,-0.99
1.29160e-03,-1.01,-1.03
1.29168e-03,-1.03,-0.99
1.29176e-03,-1.03,-1.05
1.29184e-03,-1.03,-0.99
1.29192e-03,-0.99,-1.05
1.29200e-03,-1.01,-0.99
1.29208e-03,-1.01,-1.03
1.29216e-03,-1.01,-0.99
1.29224e-03,-1.01,-1.05
1.29232e-03,-1.03,-0.99
1.29240e-03,-1.03,-1.05
1.29248e-03,-1.01,-0.99
1.29256e-03,-1.01,-1.05
1.29264e-03,-1.01,-0.99
1.29272e-03,-1.01,-1.05
1.29280e-03,-1.01,-0.99
1.29288e-03,-1.01,-1.05
1.29296e-03,-1.03,-1.01
1.29304e-03,-1.01,-1.05
1.29312e-03,-1.03,-0.99
1.29320e-03,-1.01,-1.05
1.29328e-03,-1.01,-0.99
1.29336e-03,-1.01,-1.05
1.29344e-03,-1.03,-0.99
1.29352e-03,-1.01,-1.05
1.29360e-03,-1.03,-0.99
1.29368e-03,-1.03,-1.05
1.29376e-03,-1.01,-0.99
1.29384e-03,-1.03,-1.05
1.29392e-03,-1.01,-0.99
1.29400e-03,-1.01,-1.05
1.29408e-03,-1.01,-0.99
1.29416e-03,-1.03,-1.05
1.29424e-03,-0.99,-0.99
1.29432e-03,-1.01,-1.05
1.29440e-03,-1.01,-0.99
1.29448e-03,-1.01,-1.05
1.29456e-03,-1.03,-0.99
1.29464e-03,-1.01,-1.05
1.29472e-03,-1.03,-0.99
1.29480e-03,-1.01,-1.05
1.29488e-03,-1.01,-0.99
1.29496e-03,-1.01,-1.05
1.29504e-03,-1.01,-0.99
1.29512e-03,-1.03,-1.05
1.29520e-03,-1.01,-0.99
1.29528e-03,-1.01,-1.05
1.29536e-03,-1.01,-1.01
1.29544e-03,-1.03,-1.05
1.29552e-03,-1.01,-0.99
1.29560e-03,-1.03,-1.05
1.29568e-03,-1.01,-1.01
1.29576e-03,-1.03,-1.05
1.29584e-03,-1.03,-1.01
1.29592e-03,-1.03,-1.05
1.29600e-03,-1.03,-0.99
1.29608e-03,-1.01,-1.05
1.29616e-03,-1.03,-0.99
1.29624e-03,-1.03,-1.05
1.29632e-03,-1.03,-0.99
1.29640e-03,-1.01,-1.05
1.29648e-03,-1.03,-1.01
1.29656e-03,-1.03,-1.05
1.29664e-03,-1.01,-1.01
1.29672e-03,-1.03,-1.05
1.29680e-03,-1.01,-0.99
1.29688e-03,-1.03,-1.05
1.29696e-03,-1.01,-0.99
1.29704e-03,-1.01,-1.05
1.29712e-03,-1.01,-1.01
1.29720e-03,-1.01,-1.05
1.29728e-03,-1.03,-0.99
1.29736e-03,-1.01,-1.05
1.29744e-03,-1.05,-0.99
1.29752e-03,-1.03,-1.05
1.29760e-03,-1.03,-1.01
1.29768e-03,-1.01,-1.05
1.29776e-03,-1.03,-0.99
1.29784e-03,-1.01,-1.05
1.29792e-03,-1.01,-0.99
1.29800e-03,-1.03,-1.03
1.29808e-03,-1.01,-0.99
1.29816e-03,-1.03,-1.05
1.29824e-03,-1.01,-0.99
1.29832e-03,-1.03,-1.05
1.29840e-03,-1.03,-0.99
1.29848e-03,-1.01,-1.05
1.29856e-03,-1.03,-0.99
1.29864e-03,-1.03,-1.07
1.29872e-03,-1.03,-1.01
1.29880e-03,-1.03,-1.05
1.29888e-03,-1.03,-0.99
1.29896e-03,-1.01,-1.05
1.29904e-03,-1.03,-1.01
1.29912e-03,-1.03,-1.05
1.29920e-03,-1.01,-0.99
1.29928e-03,-1.03,-1.05
1.29936e-03,-1.01,-0.99
1.29944e-03,-1.03,-1.05
1.29952e-03,-1.01,-0.99
1.29960e-03,-1.03,-1.05
1.29968e-03,-1.01,-0.99
1.29976e-03,-1.01,-1.05
1.29984e-03,-1.05,-0.99
1.29992e-03,-1.01,-1.05
1.30000e-03,-1.03,-0.99
1.30008e-03,-1.01,-1.05
1.30016e-03,-1.01,-0.99
1.30024e-03,-1.01,-1.05
1.30032e-03,-1.05,-1.01
1.30040e-03,-1.03,-1.05
1.30048e-03,-1.01,-0.99
1.30056e-03,-1.03,-1.05
1.30064e-03,-1.01,-0.99
1.30072e-03,-1.05,-1.05
1.30080e-03,-1.01,-1.01
1.30088e-03,-1.03,-1.05
1.30096e-03,-1.01,-0.99
1.30104e-03,-0.99,-1.05
1.30112e-03,-1.01,-0.99
1.30120e-03,-1.01,-1.07
1.30128e-03,-1.03,-0.99
1.30136e-03,-1.01,-1.05
1.30144e-03,-1.03,-0.99
1.30152e-03,-1.01,-1.05
1.30160e-03,-1.03,-1.01
1.30168e-03,-1.01,-1.05
1.30176e-03,-1.03,-0.99
1.30184e-03,-1.03,-1.07
1.30192e-03,-1.01,-1.01
1.30200e-03,-1.03,-1.05
1.30208e-03,-1.01,-0.99
1.30216e-03,-1.03,-1.05
1.30224e-03,-1.01,-0.99
1.30232e-03,-1.01,-1.05
1.30240e-03,-1.03,-0.99
1.30248e-03,-1.03,-1.05
1.30256e-03,-1.03,-1.01
1.30264e-03,-1.03,-1.05
1.30272e-03,-1.03,-0.99
1.30280e-03,-1.01,-1.05
1.30288e-03,-1.01,-0.99
1.30296e-03,-0.99,-1.05
1.30304e-03,-1.03,-0.99
1.30312e-03,-1.01,-1.05
1.30320e-03,-1.03,-0.97
1.30328e-03,-1.03,-1.05
1.30336e-03,-1.01,-0.99
1.30344e-03,-1.05,-1.05
1.30352e-03,-1.01,-0.99
1.30360e-03,-1.03,-1.05
1.30368e-03,-1.05,-0.99
1.30376e-03,-1.03,-1.05
1.30384e-03,-1.01,-0.99
1.30392e-03,-1.03,-1.05
1.30400e-03,-1.01,-1.01
1.30408e-03,-1.01,-1.05
1.30416e-03,-1.01,-0.99
1.30424e-03,-1.01,-1.05
1.30432e-03,-1.03,-1.01
1.30440e-03,-1.03,-1.05
1.30448e-03,-1.03,-0.99
1.30456e-03,-1.01,-1.05
1.30464e-03,-1.01,-1.01
1.30472e-03,-1.03,-1.05
1.30480e-03,-1.03,-0.99
1.30488e-03,-1.05,-1.05
1.30496e-03,-1.03,-1.01
1.30504e-03,-1.03,-1.05
1.30512e-03,-1.03,-1.01
1.30520e-03,-1.03,-1.05
1.30528e-03,-1.03,-1.01
1.30536e-03,-1.01,-1.05
1.30544e-03,-1.03,-1.01
1.30552e-03,-1.01,-1.05
1.30560e-03,-1.03,-1.01
1.30568e-03,-1.03,-1.05
1.30576e-03,-1.03,-1.01
1.30584e-03,-1.03,-1.05
1.30592e-03,-1.01,-1.01
1.30600e-03,-1.03,-1.05
1.30608e-03,-1.01,-0.99
1.30616e-03,-1.03,-1.07
1.30624e-03,-1.03,-0.99
1.30632e-03,-1.03,-1.05
1.30640e-03,-1.03,-1.01
1.30648e-03,-1.03,-1.07
1.30656e-03,-1.01,-0.99
1.30664e-03,-1.01,-1.05
1.30672e-03,-1.03,-0.99
1.30680e-03,-1.03,-1.05
1.30688e-03,-1.01,-1.01
1.30696e-03,-1.03,-1.05
1.30704e-03,-1.03,-1.01
1.30712e-03,-1.01,-1.05
1.30720e-03,-1.03,-1.01
1.30728e-03,-1.03,-1.05
1.30736e-03,-1.01,-1.01
1.30744e-03,-1.03,-1.05
1.30752e-03,-1.01,-1.01
1.30760e-03,-1.01,-1.07
1.30768e-03,-1.01,-0.99
1.30776e-03,-1.03,-1.05
1.30784e-03,-1.03,-0.99
1.30792e-03,-1.03,-1.05
1.30800e-03,-1.03,-0.99
1.30808e-03,-1.01,-1.05
1.30816e-03,-1.05,-0.99
1.30824e-03,-1.01,-1.05
1.30832e-03,-1.03,-0.99
1.30840e-03,-1.01,-1.05
1.30848e-03,-1.03,-1.01
1.30856e-03,-1.05,-1.05
1.30864e-03,-1.03,-1.01
1.30872e-03,-1.03,-1.07
1.30880e-03,-0.99,-0.99
1.30888e-03,-1.01,-1.05
1.30896e-03,-1.01,-0.99
1.30904e-03,-1.03,-1.05
1.30912e-03,-1.03,-0.99
1.30920e-03,-1.03,-1.05
1.30928e-03,-1.03,-0.99
1.30936e-03,-1.01,-1.05
1.30944e-03,-1.03,-0.99
1.30952e-03,-0.99,-1.05
1.30960e-03,-1.01,-0.99
1.30968e-03,-1.03,-1.07
1.30976e-03,-1.01,-0.99
1.30984e-03,-1.03,-1.05
1.30992e-03,-1.01,-0.99
1.31000e-03,-1.01,-1.05
1.31008e-03,-1.01,-0.99
1.31016e-03,-1.03,-1.05
1.31024e-03,-1.01,-0.99
1.31032e-03,-1.03,-1.05
1.31040e-03,-1.01,-0.99
1.31048e-03,-1.01,-1.05
1.31056e-03,-1.03,-0.99
1.31064e-03,-1.01,-1.05
1.31072e-03,-1.03,-0.99
1.31080e-03,-1.01,-1.05
1.31088e-03,-1.03,-1.01
1.31096e-03,-1.01,-1.05
1.31104e-03,-1.03,-1.01
1.31112e-03,-1.01,-1.05
1.31120e-03,-1.03,-0.99
1.31128e-03,-1.01,-1.05
1.31136e-03,-1.01,-0.99
1.31144e-03,-1.01,-1.05
1.31152e-03,-1.01,-0.99
1.31160e-03,-1.01,-1.05
1.31168e-03,-1.03,-0.99
1.31176e-03,-1.01,-1.05
1.31184e-03,-1.03,-0.99
1.31192e-03,-1.01,-1.05
1.31200e-03,-1.03,-1.01
1.31208e-03,-1.03,-1.05
1.31216e-03,-1.01,-0.99
1.31224e-03,-1.03,-1.05
1.31232e-03,-1.03,-0.99
1.31240e-03,-1.01,-1.05
1.31248e-03,-1.03,-0.99
1.31256e-03,-1.03,-1.05
1.31264e-03,-1.03,-0.99
1.31272e-03,-1.03,-1.05
1.31280e-03,-1.01,-1.01
1.31288e-03,-1.03,-1.05
1.31296e-03,-1.01,-0.99
1.31304e-03,-1.05,-1.05
1.31312e-03,-1.01,-0.99
1.31320e-03,-1.03,-1.05
1.31328e-03,-1.03,-0.99
1.31336e-03,-1.01,-1.05
1.31344e-03,-1.03,-0.99
1.31352e-03,-1.01,-1.05
1.31360e-03,-1.03,-0.99
1.31368e-03,-1.03,-1.05
1.31376e-03,-1.01,-1.01
1.31384e-03,-1.03,-1.05
1.31392e-03,-1.03,-0.99
1.31400e-03,-1.03,-1.05
1.31408e-03,-1.01,-1.01
1.31416e-03,-1.05,-1.05
1.31424e-03,-1.01,-0.99
1.31432e-03,-1.03,-1.05
1.31440e-03,-1.01,-0.99
1.31448e-03,-1.01,-1.05
1.31456e-03,-1.01,-0.99
1.31464e-03,-1.01,-1.05
1.31472e-03,-1.03,-0.99
1.31480e-03,-1.03,-1.05
1.31488e-03,-1.01,-0.99
1.31496e-03,-1.01,-1.05
1.31504e-03,-1.01,-1.01
1.31512e-03,-1.01,-1.05
1.31520e-03,-1.03,-1.01
1.31528e-03,-1.01,-1.05
1.31536e-03,-1.03,-1.01
1.31544e-03,-1.03,-1.05
1.31552e-03,-1.03,-0.99
1.31560e-03,-1.01,-1.05
1.31568e-03,-1.03,-0.99
1.31576e-03,-1.03,-1.05
1.31584e-03,-1.01,-0.99
1.31592e-03,-1.03,-1.05
1.31600e-03,-1.03,-0.99
1.31608e-03,-1.01,-1.05
1.31616e-03,-1.03,-0.99
1.31624e-03,-1.03,-1.05
1.31632e-03,-1.03,-1.01
1.31640e-03,-1.03,-1.05
1.31648e-03,-1.03,-0.99
1.31656e-03,-1.03,-1.07
1.31664e-03,-1.03,-0.99
1.31672e-03,-1.03,-1.07
1.31680e-03,-1.03,-0.99
1.31688e-03,-1.03,-1.05
1.31696e-03,-1.03,-0.99
1.31704e-03,-1.01,-1.05
1.31712e-03,-1.03,-0.99
1.31720e-03,-1.01,-1.05
1.31728e-03,-1.01,-1.01
1.31736e-03,-1.01,-1.05
1.31744e-03,-1.03,-0.99
1.31752e-03,-1.01,-1.05
1.31760e-03,-1.01,-0.99
1.31768e-03,-1.01,-1.05
1.31776e-03,-1.03,-0.99
1.31784e-03,-1.01,-1.05
1.31792e-03,-1.03,-0.99
1.31800e-03,-1.03,-1.05
1.31808e-03,-1.01,-0.99
1.31816e-03,-1.03,-1.05
1.31824e-03,-1.03,-0.99
1.31832e-03,-1.05,-1.05
1.31840e-03,-1.01,-0.99
1.31848e-03,-1.01,-1.05
1.31856e-03,-1.03,-0.99
1.31864e-03,-1.01,-1.05
1.31872e-03,-1.01,-1.01
1.31880e-03,-1.01,-1.05
1.31888e-03,-1.03,-1.01
1.31896e-03,-1.01,-1.05
1.31904e-03,-1.03,-0.99
1.31912e-03,-1.03,-1.05
1.31920e-03,-1.01,-0.99
1.31928e-03,-1.03,-1.05
1.31936e-03,-1.01,-0.99
1.31944e-03,-1.03,-1.05
1.31952e-03,-1.01,-0.99
1.31960e-03,-1.03,-1.05
1.31968e-03,-1.01,-0.99
1.31976e-03,-1.03,-1.05
1.31984e-03,-1.03,-0.99
1.31992e-03,-1.03,-1.05
1.32000e-03,-1.03,-0.99
1.32008e-03,-1.01,-1.05
1.32016e-03,-1.03,-0.99
1.32024e-03,-1.01,-1.05
1.32032e-03,-1.05,-0.99
1.32040e-03,-1.01,-1.05
1.32048e-03,-1.01,-0.99
1.32056e-03,-1.01,-1.05
1.32064e-03,-1.01,-1.01
1.32072e-03,-1.03,-1.05
1.32080e-03,-1.01,-0.99
1.32088e-03,-1.01,-1.05
1.32096e-03,-1.01,-0.99
1.32104e-03,-1.01,-1.05
1.32112e-03,-1.01,-0.99
1.32120e-03,-1.03,-1.05
1.32128e-03,-1.01,-0.99
1.32136e-03,-1.01,-1.05
1.32144e-03,-1.03,-0.99
1.32152e-03,-1.01,-1.05
1.32160e-03,-1.01,-0.99
1.32168e-03,-0.99,-1.05
1.32176e-03,-1.03,-0.99
1.32184e-03,-1.01,-1.05
1.32192e-03,-0.99,-0.99
1.32200e-03,-1.03,-1.05
1.32208e-03,-0.99,-0.99
1.32216e-03,-1.03,-1.05
1.32224e-03,-1.01,-0.99
1.32232e-03,-1.01,-1.05
1.32240e-03,-1.01,-0.99
1.32248e-03,-1.03,-1.05
1.32256e-03,-1.03,-0.99
1.32264e-03,-1.01,-1.05
1.32272e-03,-1.01,-0.99
1.32280e-03,-1.01,-1.05
1.32288e-03,-1.05,-0.99
1.32296e-03,-1.01,-1.05
1.32304e-03,-1.01,-0.99
1.32312e-03,-0.99,-1.05
1.32320e-03,-1.01,-0.99
1.32328e-03,-1.03,-1.03
1.32336e-03,-1.01,-0.99
1.32344e-03,-1.03,-1.05
1.32352e-03,-1.01,-0.99
1.32360e-03,-1.03,-1.05
1.32368e-03,-1.01,-0.99
1.32376e-03,-1.01,-1.05
1.32384e-03,-1.01,-0.99
1.32392e-03,-1.01,-1.05
1.32400e-03,-1.01,-0.99
1.32408e-03,-1.01,-1.05
1.32416e-03,-1.03,-0.99
1.32424e-03,-1.03,-1.07
1.32432e-03,-0.99,-0.97
1.32440e-03,-1.01,-1.05
1.32448e-03,-1.01,-0.97
1.32456e-03,-1.03,-1.05
1.32464e-03,-1.01,-0.99
1.32472e-03,-0.99,-1.05
1.32480e-03,-0.99,-0.99
1.32488e-03,-1.01,-1.05
1.32496e-03,-1.01,-0.99
1.32504e-03,-1.01,-1.05
1.32512e-03,-1.01,-0.99
1.32520e-03,-1.01,-1.03
1.32528e-03,-1.01,-0.99
1.32536e-03,-1.01,-1.05
1.32544e-03,-1.03,-0.99
1.32552e-03,-0.99,-1.05
1.32560e-03,-1.03,-0.99
1.32568e-03,-1.01,-1.05
1.32576e-03,-1.03,-0.99
1.32584e-03,-1.01,-1.05
1.32592e-03,-1.01,-0.99
1.32600e-03,-1.01,-1.05
1.32608e-03,-1.01,-0.97
1.32616e-03,-1.01,-1.05
1.32624e-03,-1.01,-0.99
1.32632e-03,-1.01,-1.05
1.32640e-03,-1.01,-0.99
1.32648e-03,-1.01,-1.05
1.32656e-03,-1.01,-0.99
1.32664e-03,-0.99,-1.05
1.32672e-03,-1.01,-0.99
1.32680e-03,-0.99,-1.05
1.32688e-03,-1.03,-0.99
1.32696e-03,-1.01,-1.03
1.32704e-03,-1.01,-0.99
1.32712e-03,-1.01,-1.05
1.32720e-03,-1.01,-0.99
1.32728e-03,-1.01,-1.03
1.32736e-03,-1.01,-0.99
1.32744e-03,-1.01,-1.05
1.32752e-03,-1.01,-0.99
1.32760e-03,-1.01,-1.05
1.32768e-03,-1.01,-0.99
1.32776e-03,-1.07,-1.03
1.32784e-03,-0.93,-0.99
1.32792e-03,-0.95,-1.09
1.32800e-03,-0.99,-0.73
1.32808e-03,-0.93,-1.01
1.32816e-03,-0.95,-0.91
1.32824e-03,-0.95,-1.01
1.32832e-03,-0.95,-0.91
1.32840e-03,-0.97,-0.99
1.32848e-03,-0.97,-0.91
1.32856e-03,-1.01,-1.01
1.32864e-03,-1.01,-0.93
1.32872e-03,-1.03,-1.03
1.32880e-03,-1.03,-0.97
1.32888e-03,-1.03,-1.07
1.32896e-03,-1.01,-0.99
1.32904e-03,-1.03,-1.07
1.32912e-03,-1.01,-1.01
1.32920e-03,-0.99,-1.05
1.32928e-03,-1.03,-1.01
1.32936e-03,-1.01,-1.05
1.32944e-03,-1.01,-0.99
1.32952e-03,-1.03,-1.03
1.32960e-03,-0.99,-0.99
1.32968e-03,-1.03,-1.03
1.32976e-03,-0.99,-0.99
1.32984e-03,-1.03,-1.03
1.32992e-03,-1.01,-0.99
1.33000e-03,-1.01,-1.03
1.33008e-03,-1.03,-0.99
1.33016e-03,-0.99,-1.03
1.33024e-03,-0.99,-0.99
1.33032e-03,-1.01,-1.05
1.33040e-03,-1.01,-0.99
1.33048e-03,-1.01,-1.03
1.33056e-03,-1.01,-0.99
1.33064e-03,-0.99,-1.05
1.33072e-03,-1.01,-0.99
1.33080e-03,-1.01,-1.03
1.33088e-03,-0.99,-0.99
1.33096e-03,-0.99,-1.03
1.33104e-03,-0.99,-0.99
1.33112e-03,-1.01,-1.03
1.33120e-03,-1.01,-0.97
1.33128e-03,-1.03,-1.03
1.33136e-03,-0.99,-0.99
1.33144e-03,-1.01,-1.03
1.33152e-03,-1.01,-0.99
1.33160e-03,-1.01,-1.03
1.33168e-03,-1.01,-0.99
1.33176e-03,-1.01,-1.03
1.33184e-03,-1.03,-0.99
1.33192e-03,-1.01,-1.05
1.33200e-03,-1.01,-0.97
1.33208e-03,-0.99,-1.03
1.33216e-03,-0.99,-0.97
1.33224e-03,-1.03,-1.03
1.33232e-03,-0.99,-0.99
1.33240e-03,-1.01,-1.03
1.33248e-03,-1.01,-0.99
1.33256e-03,-1.01,-1.05
1.33264e-03,-1.01,-0.99
1.33272e-03,-1.03,-1.05
1.33280e-03,-1.01,-0.99
1.33288e-03,-0.99,-1.03
1.33296e-03,-1.01,-0.99
1.33304e-03,-1.01,-1.03
1.33312e-03,-1.01,-0.99
1.33320e-03,-0.99,-1.05
1.33328e-03,-0.99,-0.99
1.33336e-03,-1.01,-1.05
1.33344e-03,-1.01,-0.99
1.33352e-03,-1.01,-1.03
1.33360e-03,-1.01,-0.99
1.33368e-03,-1.01,-1.03
1.33376e-03,-1.01,-0.99
1.33384e-03,-0.99,-1.03
1.33392e-03,-0.99,-0.99
1.33400e-03,-0.99,-1.03
1.33408e-03,-1.01,-0.99
1.33416e-03,-1.01,-1.03
1.33424e-03,-0.99,-0.99
1.33432e-03,-1.01,-1.03
1.33440e-03,-1.01,-0.99
1.33448e-03,-0.99,-1.03
1.33456e-03,-1.29,-0.99
1.33464e-03,-1.05,-1.35
1.33472e-03,-1.05,-0.91
1.33480e-03,-1.07,-1.29
1.33488e-03,-1.05,-1.03
1.33496e-03,-1.09,-1.11
1.33504e-03,-1.05,-1.03
1.33512e-03,-1.07,-1.11
1.33520e-03,-1.03,-1.03
1.33528e-03,-1.01,-1.09
1.33536e-03,-1.01,-1.01
1.33544e-03,-1.01,-1.05
1.33552e-03,-0.99,-0.99
1.33560e-03,-1.01,-1.05
1.33568e-03,-0.99,-0.97
1.33576e-03,-0.99,-1.03
1.33584e-03,-0.99,-0.95
1.33592e-03,-1.01,-1.03
1.33600e-03,-1.01,-0.97
1.33608e-03,-0.99,-1.03
1.33616e-03,-0.99,-0.97
1.33624e-03,-1.01,-1.03
1.33632e-03,-1.01,-0.99
1.33640e-03,-0.99,-1.03
1.33648e-03,-0.99,-0.99
1.33656e-03,-1.01,-1.03
1.33664e-03,-0.99,-0.99
1.33672e-03,-1.01,-1.03
1.33680e-03,-0.99,-0.99
1.33688e-03,-0.99,-1.03
1.33696e-03,-1.01,-0.97
1.33704e-03,-1.01,-1.03
1.33712e-03,-1.01,-0.99
1.33720e-03,-1.01,-1.03
1.33728e-03,-1.01,-0.97
1.33736e-03,-0.99,-1.03
1.33744e-03,-1.01,-0.99
1.33752e-03,-0.99,-1.03
1.33760e-03,-0.99,-0.99
1.33768e-03,-0.99,-1.03
1.33776e-03,-1.01,-0.99
1.33784e-03,-0.99,-1.05
1.33792e-03,-1.01,-0.97
1.33800e-03,-1.03,-1.03
1.33808e-03,-0.99,-0.97
1.33816e-03,-1.01,-1.03
1.33824e-03,-1.01,-0.97
1.33832e-03,-1.01,-1.03
1.33840e-03,-1.01,-0.99
1.33848e-03,-0.99,-1.03
1.33856e-03,-1.01,-0.99
1.33864e-03,-1.01,-1.03
1.33872e-03,-0.99,-0.99
1.33880e-03,-0.99,-1.03
1.33888e-03,-1.01,-0.99
1.33896e-03,-1.01,-1.05
1.33904e-03,-1.01,-0.99
1.33912e-03,-1.01,-1.05
1.33920e-03,-1.01,-0.99
1.33928e-03,-1.01,-1.03
1.33936e-03,-0.99,-0.99
1.33944e-03,-0.99,-1.05
1.33952e-03,-1.01,-0.99
1.33960e-03,-1.01,-1.07
1.33968e-03,-1.01,-0.99
1.33976e-03,-1.01,-1.05
1.33984e-03,-1.03,-0.97
1.33992e-03,-1.01,-1.05
1.34000e-03,-1.01,-0.99
1.34008e-03,-1.01,-1.05
1.34016e-03,-1.03,-0.99
1.34024e-03,-1.01,-1.05
1.34032e-03,-1.01,-0.99
1.34040e-03,-0.99,-1.05
1.34048e-03,-0.99,-0.99
1.34056e-03,-1.01,-1.03
1.34064e-03,-1.01,-0.99
1.34072e-03,-0.99,-1.05
1.34080e-03,-0.99,-0.97
1.34088e-03,-1.01,-1.05
1.34096e-03,-0.97,-0.97
1.34104e-03,-1.01,-1.05
1.34112e-03,-1.01,-0.97
1.34120e-03,-1.01,-1.03
1.34128e-03,-1.01,-0.99
1.34136e-03,-1.01,-1.05
1.34144e-03,-1.01,-0.99
1.34152e-03,-1.01,-1.05
1.34160e-03,-1.03,-0.99
1.34168e-03,-1.01,-1.03
1.34176e-03,-1.03,-0.99
1.34184e-03,-1.01,-1.05
1.34192e-03,-1.01,-0.99
1.34200e-03,-1.01,-1.05
1.34208e-03,-0.99,-0.99
1.34216e-03,-1.01,-1.05
1.34224e-03,-1.01,-0.99
1.34232e-03,-1.01,-1.05
1.34240e-03,-0.99,-0.99
1.34248e-03,-1.01,-1.03
1.34256e-03,-1.01,-0.99
1.34264e-03,-1.03,-1.05
1.34272e-03,-1.03,-0.99
1.34280e-03,-1.01,-1.05
1.34288e-03,-1.01,-0.99
1.34296e-03,-1.01,-1.05
1.34304e-03,-1.03,-0.99
1.34312e-03,-1.03,-1.05
1.34320e-03,-1.01,-0.99
1.34328e-03,-1.03,-1.05
1.34336e-03,-1.01,-0.99
1.34344e-03,-1.01,-1.03
1.34352e-03,-1.01,-0.99
1.34360e-03,-1.01,-1.05
1.34368e-03,-1.01,-0.99
1.34376e-03,-1.01,-1.05
1.34384e-03,-0.99,-0.99
1.34392e-03,-1.01,-1.05
1.34400e-03,-1.01,-0.99
1.34408e-03,-1.01,-1.05
1.34416e-03,-1.01,-0.99
1.34424e-03,-0.99,-1.05
1.34432e-03,-1.03,-0.99
1.34440e-03,-1.03,-1.05
1.34448e-03,-1.01,-0.99
1.34456e-03,-1.01,-1.05
1.34464e-03,-1.05,-0.99
1.34472e-03,-1.01,-1.05
1.34480e-03,-1.03,-0.99
1.34488e-03,-1.03,-1.05
1.34496e-03,-1.01,-0.99
1.34504e-03,-1.03,-1.05
1.34512e-03,-1.01,-0.99
1.34520e-03,-1.01,-1.05
1.34528e-03,-1.01,-0.99
1.34536e-03,-1.01,-1.05
1.34544e-03,-1.03,-0.99
1.34552e-03,-1.01,-1.05
1.34560e-03,-1.03,-0.99
1.34568e-03,-1.01,-1.05
1.34576e-03,-1.01,-0.99
1.34584e-03,-1.01,-1.05
1.34592e-03,-1.01,-0.99
1.34600e-03,-1.01,-1.05
1.34608e-03,-1.01,-0.99
1.34616e-03,-1.03,-1.05
1.34624e-03,-1.01,-0.99
1.34632e-03,-1.03,-1.05
1.34640e-03,-1.01,-0.99
1.34648e-03,-1.01,-1.05
1.34656e-03,-1.01,-0.99
1.34664e-03,-1.03,-1.05
1.34672e-03,-1.03,-0.99
1.34680e-03,-1.01,-1.05
1.34688e-03,-1.05,-1.01
1.34696e-03,-0.99,-1.05
1.34704e-03,-1.03,-0.99
1.34712e-03,-1.01,-1.05
1.34720e-03,-1.03,-0.99
1.34728e-03,-1.03,-1.05
1.34736e-03,-1.03,-1.01
1.34744e-03,-1.03,-1.05
1.34752e-03,-1.01,-0.99
1.34760e-03,-1.01,-1.07
1.34768e-03,-1.03,-0.99
1.34776e-03,-1.03,-1.05
1.34784e-03,-1.03,-0.99
1.34792e-03,-1.01,-1.05
1.34800e-03,-1.01,-0.99
1.34808e-03,-1.01,-1.07
1.34816e-03,-1.05,-0.99
1.34824e-03,-1.01,-1.07
1.34832e-03,-1.03,-0.99
1.34840e-03,-1.03,-1.05
1.34848e-03,-1.01,-0.99
1.34856e-03,-1.01,-1.05
1.34864e-03,-1.01,-0.99
1.34872e-03,-1.03,-1.05
1.34880e-03,-1.01,-0.99
1.34888e-03,-1.05,-1.05
1.34896e-03,-1.03,-0.99
1.34904e-03,-1.03,-1.05
1.34912e-03,-1.03,-0.99
1.34920e-03,-1.03,-1.05
1.34928e-03,-1.01,-1.01
1.34936e-03,-0.99,-1.05
1.34944e-03,-1.03,-1.01
1.34952e-03,-1.01,-1.05
1.34960e-03,-1.01,-0.99
1.34968e-03,-1.03,-1.05
1.34976e-03,-1.01,-0.99
1.34984e-03,-1.03,-1.05
1.34992e-03,-1.01,-1.01
1.35000e-03,-1.03,-1.05
1.35008e-03,-1.03,-0.99
1.35016e-03,-1.03,-1.05
1.35024e-03,-1.01,-1.01
1.35032e-03,-1.03,-1.05
1.35040e-03,-1.01,-0.99
1.35048e-03,-1.03,-1.05
1.35056e-03,-1.01,-1.01
1.35064e-03,-1.03,-1.05
1.35072e-03,-1.03,-0.99
1.35080e-03,-1.01,-1.05
1.35088e-03,-1.03,-1.01
1.35096e-03,-1.03,-1.05
1.35104e-03,-1.03,-1.01
1.35112e-03,-1.03,-1.05
1.35120e-03,-1.01,-0.99
1.35128e-03,-1.01,-1.05
1.35136e-03,-0.99,-0.99
1.35144e-03,-1.03,-1.05
1.35152e-03,-1.01,-0.99
1.35160e-03,-1.03,-1.05
1.35168e-03,-1.01,-0.99
1.35176e-03,-1.03,-1.05
1.35184e-03,-1.01,-0.99
1.35192e-03,-1.01,-1.05
1.35200e-03,-1.03,-1.01
1.35208e-03,-1.01,-1.05
1.35216e-03,-1.01,-0.99
1.35224e-03,-1.01,-1.05
1.35232e-03,-1.03,-0.99
1.35240e-03,-1.03,-1.05
1.35248e-03,-1.03,-0.99
1.35256e-03,-1.03,-1.05
1.35264e-03,-1.01,-0.99
1.35272e-03,-1.01,-1.05
1.35280e-03,-1.01,-0.99
1.35288e-03,-1.03,-1.05
1.35296e-03,-1.01,-0.99
1.35304e-03,-1.03,-1.07
1.35312e-03,-1.01,-1.01
1.35320e-03,-1.01,-1.05
1.35328e-03,-1.03,-1.01
1.35336e-03,-1.01,-1.05
1.35344e-03,-1.03,-1.01
1.35352e-03,-1.01,-1.05
1.35360e-03,-1.03,-0.99
1.35368e-03,-1.03,-1.07
1.35376e-03,-1.03,-0.99
1.35384e-03,-1.03,-1.05
1.35392e-03,-1.01,-1.01
1.35400e-03,-1.03,-1.05
1.35408e-03,-1.01,-0.99
1.35416e-03,-1.03,-1.05
1.35424e-03,-1.01,-0.99
1.35432e-03,-1.03,-1.05
1.35440e-03,-1.03,-0.99
1.35448e-03,-1.03,-1.05
1.35456e-03,-1.03,-1.01
1.35464e-03,-1.01,-1.07
1.35472e-03,-1.03,-1.01
1.35480e-03,-1.01,-1.05
1.35488e-03,-1.01,-0.99
1.35496e-03,-1.03,-1.07
1.35504e-03,-1.03,-0.99
1.35512e-03,-1.03,-1.07
1.35520e-03,-1.01,-0.99
1.35528e-03,-1.03,-1.05
1.35536e-03,-1.03,-0.99
1.35544e-03,-1.03,-1.05
1.35552e-03,-1.01,-0.99
1.35560e-03,-1.03,-1.05
1.35568e-03,-1.03,-1.01
1.35576e-03,-1.01,-1.05
1.35584e-03,-1.03,-0.99
1.35592e-03,-1.01,-1.07
1.35600e-03,-1.03,-1.01
1.35608e-03,-1.01,-1.05
1.35616e-03,-1.03,-0.99
1.35624e-03,-1.03,-1.05
1.35632e-03,-1.03,-1.01
1.35640e-03,-1.01,-1.05
1.35648e-03,-1.03,-1.01
1.35656e-03,-1.01,-1.05
1.35664e-03,-1.01,-0.99
1.35672e-03,-1.01,-1.03
1.35680e-03,-0.99,-0.99
1.35688e-03,-1.01,-1.03
1.35696e-03,-1.01,-0.99
1.35704e-03,-1.03,-1.03
1.35712e-03,-1.03,-0.99
1.35720e-03,-1.03,-1.07
1.35728e-03,-1.03,-0.99
1.35736e-03,-1.05,-1.07
1.35744e-03,-1.03,-1.01
1.35752e-03,-1.03,-1.07
1.35760e-03,-1.03,-1.01
1.35768e-03,-1.03,-1.07
1.35776e-03,-1.05,-1.01
1.35784e-03,-1.03,-1.05
1.35792e-03,-1.03,-1.01
1.35800e-03,-1.03,-1.05
1.35808e-03,-1.01,-1.01
1.35816e-03,-1.03,-1.07
1.35824e-03,-1.03,-1.01
1.35832e-03,-1.03,-1.05
1.35840e-03,-1.01,-1.01
1.35848e-03,-1.01,-1.05
1.35856e-03,-1.03,-1.01
1.35864e-03,-1.01,-1.05
1.35872e-03,-1.03,-1.01
1.35880e-03,-1.01,-1.07
1.35888e-03,-1.03,-1.01
1.35896e-03,-1.01,-1.05
1.35904e-03,-1.03,-1.01
1.35912e-03,-1.03,-1.05
1.35920e-03,-1.03,-1.01
1.35928e-03,-1.03,-1.05
1.35936e-03,-1.01,-1.01
1.35944e-03,-1.05,-1.05
1.35952e-03,-1.01,-1.01
1.35960e-03,-1.03,-1.05
1.35968e-03,-1.03,-1.01
1.35976e-03,-1.03,-1.07
1.35984e-03,-1.05,-1.01
1.35992e-03,-1.03,-1.05
1.36000e-03,-1.03,-0.99
1.36008e-03,-1.03,-1.05
1.36016e-03,-1.03,-1.01
1.36024e-03,-1.03,-1.05
1.36032e-03,-1.03,-1.01
1.36040e-03,-1.03,-1.05
1.36048e-03,-1.03,-1.01
1.36056e-03,-1.03,-1.05
1.36064e-03,-1.03,-1.01
1.36072e-03,-1.03,-1.05
1.36080e-03,-1.03,-1.01
1.36088e-03,-1.03,-1.05
1.36096e-03,-1.03,-1.01
1.36104e-03,-1.01,-1.05
1.36112e-03,-1.03,-1.01
1.36120e-03,-1.03,-1.05
1.36128e-03,-1.01,-1.01
1.36136e-03,-1.03,-1.05
1.36144e-03,-1.03,-0.99
1.36152e-03,-1.01,-1.05
1.36160e-03,-1.03,-1.01
1.36168e-03,-1.01,-1.07
1.36176e-03,-1.05,-1.01
1.36184e-03,-1.03,-1.05
1.36192e-03,-1.03,-1.01
1.36200e-03,-1.03,-1.05
1.36208e-03,-1.01,-1.01
1.36216e-03,-1.03,-1.05
1.36224e-03,-1.03,-0.99
1.36232e-03,-1.03,-1.05
1.36240e-03,-1.03,-0.99
1.36248e-03,-1.01,-1.05
1.36256e-03,-1.05,-1.01
1.36264e-03,-1.03,-1.07
1.36272e-03,-1.05,-1.01
1.36280e-03,-1.01,-1.05
1.36288e-03,-1.03,-0.99
1.36296e-03,-0.99,-1.07
1.36304e-03,-1.03,-0.99
1.36312e-03,-1.03,-1.07
1.36320e-03,-1.01,-0.99
1.36328e-03,-1.05,-1.07
1.36336e-03,-1.01,-1.01
1.36344e-03,-1.05,-1.05
1.36352e-03,-1.01,-1.01
1.36360e-03,-1.05,-1.07
1.36368e-03,-1.03,-0.99
1.36376e-03,-1.03,-1.07
1.36384e-03,-1.03,-1.01
1.36392e-03,-1.03,-1.05
1.36400e-03,-1.03,-1.01
1.36408e-03,-1.01,-1.05
1.36416e-03,-1.03,-1.01
1.36424e-03,-1.03,-1.05
1.36432e-03,-1.03,-1.01
1.36440e-03,-0.99,-1.07
1.36448e-03,-1.01,-1.01
1.36456e-03,-1.03,-1.05
1.36464e-03,-1.01,-0.99
1.36472e-03,-1.03,-1.05
1.36480e-03,-1.03,-1.01
1.36488e-03,-1.03,-1.05
1.36496e-03,-1.01,-1.01
1.36504e-03,-1.03,-1.07
1.36512e-03,-1.03,-1.01
1.36520e-03,-1.03,-1.05
1.36528e-03,-1.03,-0.99
1.36536e-03,-1.05,-1.05
1.36544e-03,-1.05,-1.01
1.36552e-03,-1.03,-1.05
1.36560e-03,-1.05,-1.01
1.36568e-03,-1.01,-1.05
1.36576e-03,-1.03,-0.99
1.36584e-03,-1.03,-1.05
1.36592e-03,-1.03,-0.99
1.36600e-03,-1.03,-1.05
1.36608e-03,-1.03,-1.01
1.36616e-03,-1.03,-1.05
1.36624e-03,-1.03,-1.01
1.36632e-03,-1.05,-1.05
1.36640e-03,-1.03,-1.01
1.36648e-03,-1.01,-1.07
1.36656e-03,-1.03,-1.01
1.36664e-03,-1.01,-1.07
1.36672e-03,-1.03,-0.99
1.36680e-03,-1.03,-1.05
1.36688e-03,-1.03,-1.01
1.36696e-03,-1.03,-1.05
1.36704e-03,-1.03,-0.99
1.36712e-03,-1.05,-1.05
1.36720e-03,-1.03,-1.01
1.36728e-03,-1.05,-1.07
1.36736e-03,-1.01,-0.99
1.36744e-03,-1.03,-1.05
1.36752e-03,-1.03,-1.01
1.36760e-03,-1.03,-1.05
1.36768e-03,-1.03,-0.99
1.36776e-03,-1.05,-1.05
1.36784e-03,-1.03,-1.01
1.36792e-03,-1.03,-1.05
1.36800e-03,-1.05,-0.99
1.36808e-03,-1.03,-1.05
1.36816e-03,-1.03,-1.01
1.36824e-03,-1.03,-1.05
1.36832e-03,-1.03,-1.01
1.36840e-03,-1.01,-1.05
1.36848e-03,-1.03,-1.01
1.36856e-03,-1.03,-1.05
1.36864e-03,-1.01,-1.01
1.36872e-03,-1.01,-1.05
1.36880e-03,-1.03,-1.01
1.36888e-03,-1.03,-1.05
1.36896e-03,-1.01,-1.01
1.36904e-03,-1.01,-1.05
1.36912e-03,-1.03,-1.01
1.36920e-03,-1.03,-1.05
1.36928e-03,-1.01,-1.01
1.36936e-03,-1.01,-1.05
1.36944e-03,-1.03,-1.01
1.36952e-03,-1.01,-1.07
1.36960e-03,-1.01,-0.99
1.36968e-03,-1.03,-1.05
1.36976e-03,-1.01,-1.01
1.36984e-03,-1.03,-1.05
1.36992e-03,-1.03,-1.01
1.37000e-03,-1.03,-1.05
1.37008e-03,-1.01,-1.01
1.37016e-03,-1.03,-1.05
1.37024e-03,-1.01,-1.01
1.37032e-03,-1.05,-1.05
1.37040e-03,-1.05,-1.01
1.37048e-03,-1.03,-1.07
1.37056e-03,-1.05,-0.99
1.37064e-03,-1.01,-1.07
1.37072e-03,-1.05,-0.99
1.37080e-03,-1.01,-1.07
1.37088e-03,-1.03,-1.01
1.37096e-03,-1.03,-1.05
1.37104e-03,-1.01,-0.99
1.37112e-03,-1.03,-1.05
1.37120e-03,-1.01,-1.01
1.37128e-03,-1.01,-1.05
1.37136e-03,-1.01,-1.01
1.37144e-03,-1.03,-1.05
1.37152e-03,-1.01,-0.99
1.37160e-03,-1.01,-1.05
1.37168e-03,-1.03,-1.01
1.37176e-03,-1.03,-1.05
1.37184e-03,-1.03,-0.99
1.37192e-03,-1.01,-1.05
1.37200e-03,-1.03,-0.99
1.37208e-03,-1.01,-1.05
1.37216e-03,-1.03,-0.99
1.37224e-03,-1.01,-1.05
1.37232e-03,-1.03,-0.99
1.37240e-03,-1.03,-1.05
1.37248e-03,-1.03,-1.01
1.37256e-03,-1.01,-1.05
1.37264e-03,-1.03,-1.01
1.37272e-03,-1.01,-1.05
1.37280e-03,-1.01,-1.01
1.37288e-03,-1.03,-1.05
1.37296e-03,-1.01,-0.99
1.37304e-03,-1.01,-1.05
1.37312e-03,-1.01,-0.99
1.37320e-03,-1.01,-1.05
1.37328e-03,-1.01,-0.99
1.37336e-03,-1.03,-1.05
1.37344e-03,-1.03,-0.99
1.37352e-03,-1.03,-1.05
1.37360e-03,-1.01,-0.99
1.37368e-03,-1.03,-1.05
1.37376e-03,-1.03,-1.01
1.37384e-03,-1.01,-1.07
1.37392e-03,-1.01,-0.99
1.37400e-03,-1.03,-1.05
1.37408e-03,-0.99,-0.99
1.37416e-03,-1.03,-1.05
1.37424e-03,-1.03,-0.99
1.37432e-03,-1.01,-1.05
1.37440e-03,-1.03,-0.99
1.37448e-03,-1.01,-1.05
1.37456e-03,-1.03,-0.99
1.37464e-03,-0.99,-1.05
1.37472e-03,-1.03,-0.99
1.37480e-03,-1.01,-1.05
1.37488e-03,-1.03,-0.99
1.37496e-03,-1.03,-1.05
1.37504e-03,-1.03,-0.99
1.37512e-03,-1.01,-1.05
1.37520e-03,-1.03,-0.99
1.37528e-03,-1.01,-1.05
1.37536e-03,-0.99,-1.01
1.37544e-03,-1.03,-1.05
1.37552e-03,-1.01,-0.99
1.37560e-03,-1.03,-1.05
1.37568e-03,-1.03,-1.01
1.37576e-03,-1.01,-1.05
1.37584e-03,-1.03,-0.99
1.37592e-03,-1.01,-1.05
1.37600e-03,-1.03,-0.99
1.37608e-03,-0.99,-1.05
1.37616e-03,-1.03,-0.99
1.37624e-03,-1.03,-1.07
1.37632e-03,-1.03,-0.99
1.37640e-03,-1.01,-1.05
1.37648e-03,-1.01,-0.99
1.37656e-03,-1.01,-1.05
1.37664e-03,-1.03,-0.99
1.37672e-03,-1.01,-1.05
1.37680e-03,-1.03,-0.99
1.37688e-03,-1.03,-1.05
1.37696e-03,-1.01,-0.99
1.37704e-03,-1.01,-1.05
1.37712e-03,-1.01,-0.99
1.37720e-03,-1.01,-1.05
1.37728e-03,-1.01,-0.99
1.37736e-03,-1.01,-1.05
1.37744e-03,-1.01,-0.99
1.37752e-03,-1.01,-1.05
1.37760e-03,-1.01,-0.99
1.37768e-03,-1.01,-1.05
1.37776e-03,-1.03,-0.99
1.37784e-03,-0.79,-1.05
1.37792e-03,-0.93,-0.99
1.37800e-03,-0.99,-1.09
1.37808e-03,-0.99,-0.75
1.37816e-03,-0.93,-1.01
1.37824e-03,-0.93,-0.93
1.37832e-03,-0.93,-1.01
1.37840e-03,-0.95,-0.91
1.37848e-03,-0.99,-1.01
1.37856e-03,-0.99,-0.93
1.37864e-03,-1.01,-1.01
1.37872e-03,-1.03,-0.93
1.37880e-03,-1.03,-1.05
1.37888e-03,-1.03,-0.99
1.37896e-03,-1.03,-1.07
1.37904e-03,-1.03,-1.01
1.37912e-03,-1.03,-1.07
1.37920e-03,-1.03,-1.03
1.37928e-03,-1.03,-1.07
1.37936e-03,-1.03,-1.01
1.37944e-03,-1.01,-1.05
1.37952e-03,-1.03,-0.99
1.37960e-03,-1.01,-1.05
1.37968e-03,-1.03,-0.99
1.37976e-03,-1.01,-1.05
1.37984e-03,-1.01,-0.99
1.37992e-03,-1.01,-1.03
1.38000e-03,-1.01,-0.99
1.38008e-03,-1.01,-1.03
1.38016e-03,-1.01,-0.99
1.38024e-03,-1.03,-1.05
1.38032e-03,-1.01,-0.99
1.38040e-03,-1.01,-1.05
1.38048e-03,-1.01,-0.99
1.38056e-03,-1.01,-1.05
1.38064e-03,-1.03,-0.99
1.38072e-03,-1.01,-1.05
1.38080e-03,-1.01,-0.99
1.38088e-03,-1.01,-1.03
1.38096e-03,-1.01,-0.99
1.38104e-03,-1.03,-1.03
1.38112e-03,-1.01,-0.99
1.38120e-03,-1.01,-1.03
1.38128e-03,-1.03,-0.99
1.38136e-03,-1.03,-1.03
1.38144e-03,-1.01,-0.99
1.38152e-03,-1.03,-1.05
1.38160e-03,-1.01,-0.99
1.38168e-03,-1.01,-1.05
1.38176e-03,-1.01,-0.99
1.38184e-03,-1.01,-1.05
1.38192e-03,-1.01,-0.99
1.38200e-03,-1.01,-1.05
1.38208e-03,-1.01,-0.99
1.38216e-03,-1.01,-1.05
1.38224e-03,-1.01,-0.99
1.38232e-03,-1.01,-1.05
1.38240e-03,-1.01,-0.99
1.38248e-03,-1.01,-1.05
1.38256e-03,-1.01,-0.99
1.38264e-03,-1.03,-1.05
1.38272e-03,-1.01,-1.01
1.38280e-03,-1.01,-1.05
1.38288e-03,-0.99,-0.99
1.38296e-03,-1.01,-1.05
1.38304e-03,-1.01,-0.99
1.38312e-03,-1.01,-1.05
1.38320e-03,-1.03,-0.99
1.38328e-03,-1.01,-1.05
1.38336e-03,-1.01,-0.99
1.38344e-03,-1.01,-1.05
1.38352e-03,-1.01,-0.99
1.38360e-03,-1.01,-1.05
1.38368e-03,-1.01,-0.99
1.38376e-03,-1.01,-1.05
1.38384e-03,-1.01,-0.99
1.38392e-03,-1.01,-1.05
1.38400e-03,-1.01,-0.99
1.38408e-03,-0.99,-1.05
1.38416e-03,-1.01,-0.99
1.38424e-03,-1.01,-1.03
1.38432e-03,-1.01,-0.99
1.38440e-03,-0.99,-1.03
1.38448e-03,-1.01,-0.99
1.38456e-03,-1.01,-1.03
1.38464e-03,-1.09,-0.99
1.38472e-03,-1.05,-1.35
1.38480e-03,-1.03,-0.93
1.38488e-03,-1.09,-1.09
1.38496e-03,-1.05,-1.03
1.38504e-03,-1.09,-1.13
1.38512e-03,-1.07,-1.03
1.38520e-03,-1.05,-1.11
1.38528e-03,-1.05,-1.03
1.38536e-03,-1.03,-1.09
1.38544e-03,-1.03,-1.03
1.38552e-03,-1.01,-1.07
1.38560e-03,-1.01,-0.99
1.38568e-03,-1.01,-1.03
1.38576e-03,-0.99,-0.97
1.38584e-03,-0.99,-1.03
1.38592e-03,-0.99,-0.95
1.38600e-03,-1.01,-1.05
1.38608e-03,-0.99,-0.95
1.38616e-03,-0.99,-1.05
1.38624e-03,-1.01,-0.97
1.38632e-03,-1.03,-1.05
1.38640e-03,-1.03,-0.99
1.38648e-03,-0.99,-1.05
1.38656e-03,-1.01,-0.99
1.38664e-03,-0.99,-1.05
1.38672e-03,-1.03,-0.99
1.38680e-03,-0.99,-1.03
1.38688e-03,-1.03,-0.99
1.38696e-03,-0.99,-1.05
1.38704e-03,-1.03,-0.99
1.38712e-03,-1.01,-1.05
1.38720e-03,-1.01,-0.99
1.38728e-03,-1.03,-1.05
1.38736e-03,-1.01,-0.99
1.38744e-03,-1.01,-1.05
1.38752e-03,-1.01,-0.99
1.38760e-03,-0.99,-1.05
1.38768e-03,-1.01,-0.99
1.38776e-03,-1.01,-1.03
1.38784e-03,-1.01,-0.99
1.38792e-03,-1.01,-1.03
1.38800e-03,-1.03,-0.99
1.38808e-03,-1.01,-1.05
1.38816e-03,-1.03,-0.99
1.38824e-03,-1.01,-1.05
1.38832e-03,-1.03,-0.99
1.38840e-03,-1.03,-1.05
1.38848e-03,-1.01,-0.99
1.38856e-03,-1.01,-1.05
1.38864e-03,-0.99,-0.99
1.38872e-03,-1.01,-1.05
1.38880e-03,-1.01,-0.99
1.38888e-03,-1.03,-1.05
1.38896e-03,-0.99,-0.99
1.38904e-03,-1.01,-1.05
1.38912e-03,-1.01,-0.99
1.38920e-03,-1.01,-1.05
1.38928e-03,-1.01,-0.99
1.38936e-03,-1.03,-1.05
1.38944e-03,-1.03,-1.01
1.38952e-03,-1.01,-1.05
1.38960e-03,-1.01,-1.01
1.38968e-03,-1.01,-1.05
1.38976e-03,-1.01,-1.01
1.38984e-03,-1.03,-1.05
1.38992e-03,-1.03,-0.99
1.39000e-03,-1.03,-1.05
1.39008e-03,-1.03,-0.99
1.39016e-03,-1.05,-1.05
1.39024e-03,-1.03,-0.99
1.39032e-03,-1.01,-1.07
1.39040e-03,-0.99,-0.99
1.39048e-03,-1.01,-1.05
1.39056e-03,-1.03,-0.99
1.39064e-03,-1.01,-1.05
1.39072e-03,-1.01,-0.99
1.39080e-03,-0.99,-1.05
1.39088e-03,-1.03,-0.99
1.39096e-03,-1.03,-1.05
1.39104e-03,-1.01,-0.99
1.39112e-03,-1.03,-1.05
1.39120e-03,-1.01,-0.99
1.39128e-03,-1.03,-1.05
1.39136e-03,-1.03,-0.99
1.39144e-03,-1.05,-1.05
1.39152e-03,-1.01,-0.99
1.39160e-03,-1.03,-1.05
1.39168e-03,-1.03,-0.99
1.39176e-03,-1.01,-1.05
1.39184e-03,-1.03,-0.99
1.39192e-03,-1.01,-1.05
1.39200e-03,-1.01,-0.99
1.39208e-03,-0.99,-1.05
1.39216e-03,-1.01,-0.99
1.39224e-03,-1.01,-1.05
1.39232e-03,-1.01,-0.99
1.39240e-03,-1.01,-1.05
1.39248e-03,-1.01,-1.01
1.39256e-03,-1.03,-1.05
1.39264e-03,-1.01,-0.99
1.39272e-03,-1.03,-1.05
1.39280e-03,-1.01,-0.99
1.39288e-03,-1.01,-1.05
1.39296e-03,-1.01,-0.99
1.39304e-03,-1.01,-1.05
1.39312e-03,-1.01,-0.99
1.39320e-03,-1.01,-1.05
1.39328e-03,-1.01,-1.01
1.39336e-03,-1.01,-1.05
1.39344e-03,-1.03,-1.01
1.39352e-03,-1.01,-1.05
1.39360e-03,-1.01,-0.99
1.39368e-03,-1.03,-1.05
1.39376e-03,-1.03,-0.99
1.39384e-03,-1.03,-1.07
1.39392e-03,-1.03,-0.99
1.39400e-03,-1.03,-1.05
1.39408e-03,-1.01,-0.99
1.39416e-03,-1.03,-1.07
1.39424e-03,-1.01,-0.99
1.39432e-03,-1.03,-1.05
1.39440e-03,-1.01,-1.01
1.39448e-03,-1.03,-1.05
1.39456e-03,-1.05,-0.99
1.39464e-03,-1.01,-1.05
1.39472e-03,-1.03,-1.01
1.39480e-03,-1.01,-1.05
1.39488e-03,-1.03,-0.99
1.39496e-03,-1.01,-1.05
1.39504e-03,-1.03,-1.01
1.39512e-03,-1.03,-1.05
1.39520e-03,-1.03,-0.99
1.39528e-03,-1.03,-1.05
1.39536e-03,-1.01,-0.99
1.39544e-03,-1.03,-1.05
1.39552e-03,-1.01,-0.99
1.39560e-03,-1.03,-1.05
1.39568e-03,-1.03,-0.99
1.39576e-03,-1.03,-1.05
1.39584e-03,-1.03,-1.01
1.39592e-03,-1.01,-1.05
1.39600e-03,-1.03,-0.99
1.39608e-03,-1.03,-1.05
1.39616e-03,-1.03,-1.01
1.39624e-03,-1.01,-1.05
1.39632e-03,-1.03,-1.01
1.39640e-03,-1.01,-1.05
1.39648e-03,-1.01,-1.01
1.39656e-03,-1.03,-1.05
1.39664e-03,-1.01,-1.01
1.39672e-03,-1.05,-1.05
1.39680e-03,-1.01,-0.99
1.39688e-03,-1.03,-1.07
1.39696e-03,-1.01,-1.01
1.39704e-03,-1.03,-1.07
1.39712e-03,-1.03,-1.01
1.39720e-03,-1.03,-1.05
1.39728e-03,-1.03,-1.01
1.39736e-03,-1.03,-1.07
1.39744e-03,-1.03,-1.01
1.39752e-03,-1.01,-1.07
1.39760e-03,-1.05,-1.01
1.39768e-03,-1.01,-1.05
1.39776e-03,-1.03,-1.01
1.39784e-03,-1.03,-1.05
1.39792e-03,-1.01,-1.01
1.39800e-03,-1.03,-1.05
1.39808e-03,-1.01,-1.01
1.39816e-03,-1.01,-1.05
1.39824e-03,-1.03,-0.99
1.39832e-03,-1.03,-1.07
1.39840e-03,-1.03,-0.99
1.39848e-03,-1.03,-1.05
1.39856e-03,-1.01,-1.01
1.39864e-03,-1.01,-1.05
1.39872e-03,-1.05,-1.01
1.39880e-03,-1.03,-1.05
1.39888e-03,-1.05,-1.01
1.39896e-03,-1.01,-1.05
1.39904e-03,-1.03,-0.99
1.39912e-03,-1.03,-1.05
1.39920e-03,-1.03,-0.99
1.39928e-03,-1.03,-1.05
1.39936e-03,-1.03,-1.01
1.39944e-03,-1.03,-1.05
1.39952e-03,-1.03,-0.99
1.39960e-03,-1.03,-1.05
1.39968e-03,-1.03,-1.01
1.39976e-03,-1.03,-1.05
1.39984e-03,-1.03,-0.99
1.39992e-03,-1.03,-1.05
1.40000e-03,-1.03,-1.01
1.40008e-03,-1.01,-1.05
1.40016e-03,-1.03,-1.01
1.40024e-03,-1.01,-1.05
1.40032e-03,-1.03,-1.01
1.40040e-03,-1.03,-1.05
1.40048e-03,-1.03,-1.01
1.40056e-03,-1.03,-1.05
1.40064e-03,-1.01,-1.01
1.40072e-03,-1.03,-1.05
1.40080e-03,-1.03,-1.01
1.40088e-03,-1.03,-1.05
1.40096e-03,-1.03,-1.01
1.40104e-03,-1.03,-1.05
1.40112e-03,-1.03,-1.01
1.40120e-03,-1.03,-1.05
1.40128e-03,-1.07,-1.01
1.40136e-03,-1.03,-1.07
1.40144e-03,-1.03,-0.99
1.40152e-03,-1.01,-1.07
1.40160e-03,-1.05,-1.01
1.40168e-03,-1.03,-1.07
1.40176e-03,-1.03,-1.01
1.40184e-03,-1.03,-1.05
1.40192e-03,-1.01,-0.99
1.40200e-03,-1.03,-1.07
1.40208e-03,-1.01,-0.99
1.40216e-03,-1.01,-1.07
1.40224e-03,-1.03,-0.99
1.40232e-03,-1.03,-1.05
1.40240e-03,-1.03,-1.01
1.40248e-03,-1.01,-1.05
1.40256e-03,-1.03,-1.01
1.40264e-03,-1.03,-1.07
1.40272e-03,-1.03,-1.01
1.40280e-03,-1.01,-1.05
1.40288e-03,-1.03,-1.01
1.40296e-03,-1.01,-1.05
1.40304e-03,-1.03,-1.01
1.40312e-03,-1.03,-1.05
1.40320e-03,-1.03,-1.01
1.40328e-03,-1.05,-1.05
1.40336e-03,-1.03,-1.01
1.40344e-03,-1.05,-1.05
1.40352e-03,-1.03,-0.99
1.40360e-03,-1.05,-1.05
1.40368e-03,-1.03,-1.01
1.40376e-03,-1.03,-1.05
1.40384e-03,-1.03,-1.01
1.40392e-03,-1.03,-1.05
1.40400e-03,-1.01,-1.01
1.40408e-03,-1.03,-1.05
1.40416e-03,-1.05,-1.01
1.40424e-03,-1.03,-1.05
1.40432e-03,-1.03,-1.01
1.40440e-03,-1.03,-1.05
1.40448e-03,-1.05,-1.01
1.40456e-03,-1.05,-1.07
1.40464e-03,-1.03,-1.01
1.40472e-03,-1.05,-1.05
1.40480e-03,-1.01,-1.01
1.40488e-03,-1.05,-1.05
1.40496e-03,-1.01,-1.01
1.40504e-03,-1.03,-1.05
1.40512e-03,-1.01,-1.01
1.40520e-03,-1.03,-1.05
1.40528e-03,-1.03,-1.01
1.40536e-03,-1.03,-1.07
1.40544e-03,-1.05,-1.01
1.40552e-03,-1.01,-1.07
1.40560e-03,-1.03,-1.01
1.40568e-03,-1.03,-1.07
1.40576e-03,-1.03,-0.99
1.40584e-03,-1.03,-1.05
1.40592e-03,-1.01,-0.99
1.40600e-03,-1.03,-1.05
1.40608e-03,-1.03,-1.01
1.40616e-03,-1.05,-1.05
1.40624e-03,-1.03,-1.01
1.40632e-03,-1.03,-1.05
1.40640e-03,-1.01,-1.01
1.40648e-03,-1.01,-1.05
1.40656e-03,-1.05,-1.01
1.40664e-03,-1.03,-1.05
1.40672e-03,-1.03,-0.99
1.40680e-03,-1.01,-1.07
1.40688e-03,-1.03,-0.99
1.40696e-03,-1.01,-1.07
1.40704e-03,-1.03,-1.01
1.40712e-03,-1.05,-1.07
1.40720e-03,-1.03,-1.01
1.40728e-03,-1.03,-1.07
1.40736e-03,-1.03,-1.01
1.40744e-03,-1.05,-1.07
1.40752e-03,-1.03,-1.01
1.40760e-03,-1.03,-1.07
1.40768e-03,-1.03,-1.01
1.40776e-03,-1.05,-1.05
1.40784e-03,-1.03,-1.01
1.40792e-03,-1.03,-1.05
1.40800e-03,-1.05,-1.01
1.40808e-03,-1.01,-1.05
1.40816e-03,-1.01,-1.01
1.40824e-03,-1.01,-1.05
1.40832e-03,-1.03,-1.01
1.40840e-03,-1.03,-1.05
1.40848e-03,-1.03,-0.99
1.40856e-03,-1.03,-1.05
1.40864e-03,-1.01,-1.01
1.40872e-03,-1.03,-1.07
1.40880e-03,-1.03,-1.01
1.40888e-03,-1.03,-1.05
1.40896e-03,-1.03,-1.01
1.40904e-03,-1.01,-1.05
1.40912e-03,-0.99,-1.01
1.40920e-03,-1.01,-1.07
1.40928e-03,-1.03,-0.99
1.40936e-03,-1.01,-1.07
1.40944e-03,-1.05,-0.99
1.40952e-03,-1.01,-1.07
1.40960e-03,-1.03,-0.99
1.40968e-03,-1.03,-1.07
1.40976e-03,-1.01,-0.99
1.40984e-03,-1.01,-1.07
1.40992e-03,-1.01,-0.99
1.41000e-03,-1.03,-1.05
1.41008e-03,-1.03,-0.99
1.41016e-03,-1.03,-1.05
1.41024e-03,-1.03,-0.99
1.41032e-03,-1.03,-1.05
1.41040e-03,-1.01,-1.01
1.41048e-03,-1.03,-1.05
1.41056e-03,-1.01,-1.01
1.41064e-03,-1.01,-1.07
1.41072e-03,-1.03,-1.01
1.41080e-03,-1.01,-1.05
1.41088e-03,-1.01,-0.99
1.41096e-03,-1.01,-1.05
1.41104e-03,-1.01,-1.01
1.41112e-03,-1.03,-1.05
1.41120e-03,-1.03,-0.99
1.41128e-03,-1.03,-1.05
1.41136e-03,-1.01,-0.99
1.41144e-03,-1.01,-1.05
1.41152e-03,-1.01,-1.01
1.41160e-03,-1.03,-1.05
1.41168e-03,-1.03,-0.99
1.41176e-03,-1.05,-1.05
1.41184e-03,-1.01,-1.01
1.41192e-03,-1.01,-1.05
1.41200e-03,-1.03,-0.99
1.41208e-03,-1.01,-1.05
1.41216e-03,-1.01,-0.99
1.41224e-03,-1.03,-1.05
1.41232e-03,-1.03,-1.01
1.41240e-03,-1.03,-1.05
1.41248e-03,-1.01,-0.99
1.41256e-03,-1.03,-1.05
1.41264e-03,-1.03,-1.01
1.41272e-03,-1.03,-1.05
1.41280e-03,-1.01,-1.01
1.41288e-03,-1.03,-1.05
1.41296e-03,-1.03,-1.01
1.41304e-03,-1.03,-1.05
1.41312e-03,-1.05,-0.99
1.41320e-03,-1.03,-1.05
1.41328e-03,-1.05,-1.01
1.41336e-03,-1.03,-1.05
1.41344e-03,-1.03,-1.01
1.41352e-03,-1.01,-1.05
1.41360e-03,-1.03,-1.01
1.41368e-03,-1.03,-1.05
1.41376e-03,-1.01,-1.01
1.41384e-03,-1.03,-1.05
1.41392e-03,-1.03,-0.99
1.41400e-03,-1.03,-1.05
1.41408e-03,-1.01,-1.01
1.41416e-03,-1.03,-1.05
1.41424e-03,-1.01,-1.01
1.41432e-03,-1.03,-1.05
1.41440e-03,-1.01,-0.99
1.41448e-03,-1.03,-1.05
1.41456e-03,-1.03,-1.01
1.41464e-03,-1.03,-1.05
1.41472e-03,-1.03,-1.01
1.41480e-03,-1.03,-1.05
1.41488e-03,-1.03,-1.01
1.41496e-03,-1.01,-1.05
1.41504e-03,-1.03,-1.01
1.41512e-03,-1.03,-1.05
1.41520e-03,-1.01,-1.01
1.41528e-03,-1.01,-1.05
1.41536e-03,-1.01,-0.99
1.41544e-03,-1.05,-1.05
1.41552e-03,-1.01,-0.99
1.41560e-03,-1.03,-1.05
1.41568e-03,-1.01,-1.01
1.41576e-03,-1.03,-1.05
1.41584e-03,-1.03,-1.01
1.41592e-03,-1.01,-1.05
1.41600e-03,-1.03,-1.01
1.41608e-03,-1.03,-1.05
1.41616e-03,-1.03,-1.01
1.41624e-03,-1.03,-1.05
1.41632e-03,-1.05,-1.01
1.41640e-03,-1.03,-1.05
1.41648e-03,-1.03,-0.99
1.41656e-03,-1.03,-1.05
1.41664e-03,-1.01,-0.99
1.41672e-03,-1.03,-1.05
1.41680e-03,-1.01,-0.99
1.41688e-03,-1.05,-1.07
1.41696e-03,-1.03,-0.99
1.41704e-03,-1.05,-1.07
1.41712e-03,-1.03,-0.99
1.41720e-03,-1.03,-1.07
1.41728e-03,-1.03,-0.99
1.41736e-03,-1.01,-1.05
1.41744e-03,-1.03,-0.99
1.41752e-03,-1.01,-1.05
1.41760e-03,-1.05,-1.01
1.41768e-03,-1.03,-1.05
1.41776e-03,-1.03,-0.99
1.41784e-03,-1.01,-1.05
1.41792e-03,-1.01,-0.99
1.41800e-03,-1.03,-1.05
1.41808e-03,-1.03,-0.99
1.41816e-03,-1.01,-1.05
1.41824e-03,-1.01,-0.99
1.41832e-03,-1.01,-1.05
1.41840e-03,-1.01,-0.99
1.41848e-03,-1.01,-1.05
1.41856e-03,-1.03,-1.01
1.41864e-03,-1.01,-1.05
1.41872e-03,-1.03,-1.01
1.41880e-03,-1.03,-1.05
1.41888e-03,-1.03,-0.99
1.41896e-03,-1.03,-1.05
1.41904e-03,-1.03,-1.01
1.41912e-03,-1.01,-1.05
1.41920e-03,-1.01,-1.01
1.41928e-03,-1.03,-1.05
1.41936e-03,-1.03,-1.01
1.41944e-03,-1.03,-1.05
1.41952e-03,-1.01,-1.01
1.41960e-03,-1.03,-1.05
1.41968e-03,-1.03,-1.01
1.41976e-03,-1.01,-1.05
1.41984e-03,-1.01,-1.01
1.41992e-03,-1.01,-1.05
1.42000e-03,-1.01,-1.01
1.42008e-03,-1.01,-1.05
1.42016e-03,-1.01,-0.99
1.42024e-03,-1.03,-1.05
1.42032e-03,-1.03,-0.99
1.42040e-03,-1.01,-1.05
1.42048e-03,-1.03,-0.99
1.42056e-03,-1.03,-1.05
1.42064e-03,-0.99,-0.99
1.42072e-03,-1.03,-1.05
1.42080e-03,-1.03,-0.99
1.42088e-03,-1.03,-1.07
1.42096e-03,-1.01,-1.01
1.42104e-03,-1.01,-1.05
1.42112e-03,-1.03,-0.99
1.42120e-03,-1.03,-1.07
1.42128e-03,-1.01,-0.99
1.42136e-03,-1.01,-1.05
1.42144e-03,-1.03,-0.99
1.42152e-03,-1.03,-1.05
1.42160e-03,-1.03,-0.99
1.42168e-03,-1.01,-1.05
1.42176e-03,-1.01,-1.01
1.42184e-03,-1.03,-1.05
1.42192e-03,-1.01,-0.99
1.42200e-03,-1.03,-1.05
1.42208e-03,-1.01,-0.99
1.42216e-03,-1.03,-1.05
1.42224e-03,-1.01,-0.99
1.42232e-03,-1.03,-1.05
1.42240e-03,-1.01,-0.99
1.42248e-03,-1.03,-1.05
1.42256e-03,-1.01,-1.01
1.42264e-03,-1.01,-1.05
1.42272e-03,-1.03,-1.01
1.42280e-03,-1.01,-1.05
1.42288e-03,-1.01,-1.01
1.42296e-03,-1.01,-1.05
1.42304e-03,-1.03,-0.99
1.42312e-03,-1.03,-1.05
1.42320e-03,-1.01,-1.01
1.42328e-03,-1.03,-1.07
1.42336e-03,-1.01,-0.99
1.42344e-03,-1.03,-1.05
1.42352e-03,-1.03,-1.01
1.42360e-03,-1.01,-1.05
1.42368e-03,-1.01,-1.01
1.42376e-03,-1.03,-1.05
1.42384e-03,-1.01,-0.99
1.42392e-03,-1.01,-1.05
1.42400e-03,-1.03,-0.99
1.42408e-03,-1.01,-1.05
1.42416e-03,-1.01,-0.99
1.42424e-03,-1.01,-1.05
1.42432e-03,-1.03,-1.01
1.42440e-03,-1.03,-1.05
1.42448e-03,-1.03,-0.99
1.42456e-03,-1.03,-1.05
1.42464e-03,-0.97,-0.99
1.42472e-03,-1.01,-1.07
1.42480e-03,-1.03,-0.97
1.42488e-03,-1.03,-1.09
1.42496e-03,-1.03,-0.99
1.42504e-03,-1.01,-1.05
1.42512e-03,-1.03,-0.97
1.42520e-03,-1.01,-1.05
1.42528e-03,-1.01,-0.99
1.42536e-03,-1.01,-1.05
1.42544e-03,-1.03,-0.99
1.42552e-03,-0.99,-1.07
1.42560e-03,-1.03,-0.99
1.42568e-03,-1.03,-1.05
1.42576e-03,-1.01,-0.99
1.42584e-03,-1.03,-1.05
1.42592e-03,-1.01,-0.99
1.42600e-03,-1.01,-1.05
1.42608e-03,-1.03,-0.99
1.42616e-03,-1.03,-1.05
1.42624e-03,-1.01,-0.99
1.42632e-03,-1.01,-1.05
1.42640e-03,-1.01,-0.99
1.42648e-03,-1.01,-1.05
1.42656e-03,-1.03,-1.01
1.42664e-03,-1.03,-1.05
1.42672e-03,-1.03,-0.99
1.42680e-03,-1.01,-1.05
1.42688e-03,-1.03,-1.01
1.42696e-03,-1.01,-1.05
1.42704e-03,-1.01,-0.99
1.42712e-03,-1.03,-1.05
1.42720e-03,-1.03,-0.99
1.42728e-03,-1.01,-1.05
1.42736e-03,-1.03,-0.99
1.42744e-03,-1.01,-1.05
1.42752e-03,-1.01,-0.99
1.42760e-03,-1.01,-1.05
1.42768e-03,-1.03,-0.99
1.42776e-03,-1.03,-1.05
1.42784e-03,-1.01,-0.99
1.42792e-03,-0.81,-1.05
1.42800e-03,-0.95,-0.99
1.42808e-03,-0.97,-1.11
1.42816e-03,-0.97,-0.73
1.42824e-03,-0.95,-1.01
1.42832e-03,-0.95,-0.93
1.42840e-03,-0.95,-0.99
1.42848e-03,-0.95,-0.93
1.42856e-03,-0.95,-0.99
1.42864e-03,-0.99,-0.93
1.42872e-03,-1.01,-1.01
1.42880e-03,-1.03,-0.95
1.42888e-03,-1.03,-1.05
1.42896e-03,-1.05,-0.99
1.42904e-03,-1.03,-1.07
1.42912e-03,-1.03,-1.01
1.42920e-03,-1.03,-1.07
1.42928e-03,-1.03,-1.03
1.42936e-03,-1.01,-1.05
1.42944e-03,-1.01,-1.01
1.42952e-03,-1.01,-1.05
1.42960e-03,-0.99,-0.99
1.42968e-03,-0.99,-1.05
1.42976e-03,-1.01,-0.99
1.42984e-03,-1.03,-1.03
1.42992e-03,-1.01,-0.99
1.43000e-03,-1.01,-1.03
1.43008e-03,-1.01,-0.99
1.43016e-03,-1.03,-1.05
1.43024e-03,-1.01,-0.99
1.43032e-03,-1.01,-1.05
1.43040e-03,-1.03,-0.99
1.43048e-03,-1.01,-1.05
1.43056e-03,-1.01,-0.99
1.43064e-03,-1.01,-1.05
1.43072e-03,-1.01,-0.99
1.43080e-03,-1.01,-1.03
1.43088e-03,-0.99,-0.99
1.43096e-03,-0.99,-1.03
1.43104e-03,-0.99,-0.99
1.43112e-03,-1.01,-1.03
1.43120e-03,-1.01,-0.99
1.43128e-03,-0.99,-1.03
1.43136e-03,-1.01,-0.99
1.43144e-03,-0.99,-1.03
1.43152e-03,-1.01,-0.99
1.43160e-03,-0.99,-1.03
1.43168e-03,-1.01,-0.99
1.43176e-03,-1.01,-1.03
1.43184e-03,-1.01,-0.99
1.43192e-03,-1.01,-1.03
1.43200e-03,-1.01,-0.99
1.43208e-03,-1.01,-1.05
1.43216e-03,-1.01,-0.99
1.43224e-03,-1.01,-1.03
1.43232e-03,-0.99,-0.99
1.43240e-03,-1.01,-1.05
1.43248e-03,-1.01,-0.97
1.43256e-03,-1.03,-1.05
1.43264e-03,-1.01,-0.99
1.43272e-03,-1.01,-1.05
1.43280e-03,-1.03,-0.99
1.43288e-03,-1.01,-1.03
1.43296e-03,-1.01,-0.99
1.43304e-03,-0.99,-1.05
1.43312e-03,-1.01,-0.99
1.43320e-03,-1.01,-1.03
1.43328e-03,-1.01,-0.99
1.43336e-03,-1.03,-1.03
1.43344e-03,-1.01,-0.99
1.43352e-03,-1.03,-1.05
1.43360e-03,-1.01,-0.99
1.43368e-03,-1.01,-1.05
1.43376e-03,-1.01,-0.99
1.43384e-03,-1.01,-1.03
1.43392e-03,-0.99,-0.97
1.43400e-03,-1.01,-1.03
1.43408e-03,-1.01,-0.99
1.43416e-03,-1.01,-1.03
1.43424e-03,-1.01,-0.99
1.43432e-03,-1.01,-1.03
1.43440e-03,-1.01,-0.99
1.43448e-03,-1.01,-1.05
1.43456e-03,-1.01,-0.99
1.43464e-03,-1.09,-1.03
1.43472e-03,-1.09,-0.99
1.43480e-03,-1.03,-1.35
1.43488e-03,-1.05,-0.93
1.43496e-03,-1.09,-1.09
1.43504e-03,-1.09,-1.03
1.43512e-03,-1.09,-1.11
1.43520e-03,-1.07,-1.05
1.43528e-03,-1.05,-1.11
1.43536e-03,-1.03,-1.05
1.43544e-03,-1.03,-1.09
1.43552e-03,-0.99,-1.03
1.43560e-03,-0.99,-1.05
1.43568e-03,-1.01,-0.99
1.43576e-03,-0.97,-1.03
1.43584e-03,-0.99,-0.97
1.43592e-03,-0.97,-1.01
1.43600e-03,-0.99,-0.97
1.43608e-03,-0.99,-1.03
1.43616e-03,-0.99,-0.97
1.43624e-03,-1.01,-1.03
1.43632e-03,-1.03,-0.95
1.43640e-03,-1.01,-1.03
1.43648e-03,-1.01,-0.97
1.43656e-03,-1.03,-1.05
1.43664e-03,-1.01,-0.99
1.43672e-03,-1.03,-1.03
1.43680e-03,-1.01,-0.99
1.43688e-03,-0.99,-1.05
1.43696e-03,-1.01,-0.99
1.43704e-03,-1.01,-1.05
1.43712e-03,-1.01,-0.99
1.43720e-03,-1.01,-1.03
1.43728e-03,-1.01,-0.97
1.43736e-03,-1.01,-1.05
1.43744e-03,-1.01,-0.97
1.43752e-03,-0.99,-1.05
1.43760e-03,-1.01,-0.99
1.43768e-03,-1.01,-1.03
1.43776e-03,-1.01,-0.99
1.43784e-03,-1.01,-1.03
1.43792e-03,-1.01,-0.99
1.43800e-03,-1.01,-1.03
1.43808e-03,-1.01,-0.99
1.43816e-03,-1.01,-1.03
1.43824e-03,-1.01,-0.99
1.43832e-03,-1.01,-1.03
1.43840e-03,-0.99,-0.99
1.43848e-03,-1.01,-1.05
1.43856e-03,-1.01,-0.99
1.43864e-03,-1.01,-1.05
1.43872e-03,-0.99,-0.99
1.43880e-03,-1.01,-1.03
1.43888e-03,-1.03,-0.99
1.43896e-03,-1.01,-1.05
1.43904e-03,-1.01,-0.99
1.43912e-03,-1.01,-1.05
1.43920e-03,-1.03,-0.99
1.43928e-03,-1.03,-1.05
1.43936e-03,-1.01,-0.99
1.43944e-03,-1.03,-1.05
1.43952e-03,-1.03,-0.99
1.43960e-03,-1.01,-1.05
1.43968e-03,-1.01,-0.99
1.43976e-03,-1.03,-1.05
1.43984e-03,-1.03,-0.99
1.43992e-03,-1.01,-1.05
1.44000e-03,-1.03,-0.99
1.44008e-03,-1.01,-1.05
1.44016e-03,-1.01,-0.99
1.44024e-03,-0.99,-1.05
1.44032e-03,-1.01,-0.97
1.44040e-03,-0.99,-1.05
1.44048e-03,-1.01,-0.97
1.44056e-03,-1.03,-1.05
1.44064e-03,-1.01,-0.99
1.44072e-03,-1.03,-1.05
1.44080e-03,-1.01,-0.99
1.44088e-03,-1.03,-1.05
1.44096e-03,-0.99,-0.99
1.44104e-03,-1.01,-1.05
1.44112e-03,-1.01,-0.99
1.44120e-03,-1.01,-1.05
1.44128e-03,-1.01,-0.99
1.44136e-03,-1.01,-1.05
1.44144e-03,-1.03,-0.99
1.44152e-03,-1.01,-1.03
1.44160e-03,-1.01,-0.99
1.44168e-03,-1.01,-1.05
1.44176e-03,-1.01,-0.99
1.44184e-03,-1.01,-1.05
1.44192e-03,-0.99,-0.99
1.44200e-03,-1.03,-1.05
1.44208e-03,-1.03,-0.99
1.44216e-03,-1.01,-1.05
1.44224e-03,-1.01,-0.99
1.44232e-03,-1.03,-1.05
1.44240e-03,-1.01,-0.99
1.44248e-03,-1.01,-1.05
1.44256e-03,-1.01,-0.99
1.44264e-03,-1.01,-1.05
1.44272e-03,-1.03,-0.99
1.44280e-03,-1.01,-1.05
1.44288e-03,-1.01,-0.99
1.44296e-03,-1.01,-1.05
1.44304e-03,-0.99,-0.99
1.44312e-03,-1.03,-1.05
1.44320e-03,-1.01,-0.99
1.44328e-03,-1.03,-1.05
1.44336e-03,-1.03,-0.99
1.44344e-03,-1.01,-1.03
1.44352e-03,-1.01,-0.99
1.44360e-03,-1.01,-1.05
1.44368e-03,-1.03,-0.99
1.44376e-03,-1.03,-1.05
1.44384e-03,-0.99,-0.99
1.44392e-03,-1.03,-1.05
1.44400e-03,-1.03,-0.99
1.44408e-03,-1.01,-1.05
1.44416e-03,-1.03,-0.99
1.44424e-03,-1.01,-1.05
1.44432e-03,-1.03,-0.99
1.44440e-03,-1.03,-1.05
1.44448e-03,-1.01,-0.99
1.44456e-03,-1.03,-1.05
1.44464e-03,-1.01,-0.99
1.44472e-03,-1.03,-1.05
1.44480e-03,-1.01,-0.99
1.44488e-03,-1.03,-1.05
1.44496e-03,-1.01,-0.99
1.44504e-03,-1.01,-1.05
1.44512e-03,-1.03,-0.99
1.44520e-03,-1.01,-1.05
1.44528e-03,-1.01,-1.01
1.44536e-03,-1.01,-1.05
1.44544e-03,-1.03,-0.99
1.44552e-03,-0.99,-1.05
1.44560e-03,-1.01,-0.99
1.44568e-03,-1.03,-1.05
1.44576e-03,-1.01,-0.99
1.44584e-03,-1.01,-1.05
1.44592e-03,-1.01,-0.99
1.44600e-03,-1.03,-1.05
1.44608e-03,-1.01,-0.99
1.44616e-03,-1.03,-1.05
1.44624e-03,-1.03,-0.99
1.44632e-03,-1.03,-1.05
1.44640e-03,-1.03,-0.99
1.44648e-03,-1.01,-1.05
1.44656e-03,-1.01,-0.99
1.44664e-03,-1.03,-1.05
1.44672e-03,-1.03,-0.99
1.44680e-03,-1.03,-1.05
1.44688e-03,-1.03,-0.99
1.44696e-03,-1.01,-1.05
1.44704e-03,-1.01,-0.99
1.44712e-03,-1.01,-1.05
1.44720e-03,-1.01,-0.99
1.44728e-03,-1.01,-1.05
1.44736e-03,-1.01,-1.01
1.44744e-03,-1.01,-1.05
1.44752e-03,-1.01,-0.99
1.44760e-03,-1.01,-1.05
1.44768e-03,-1.01,-0.99
1.44776e-03,-1.01,-1.05
1.44784e-03,-1.03,-0.99
1.44792e-03,-1.03,-1.05
1.44800e-03,-1.03,-0.99
1.44808e-03,-1.03,-1.05
1.44816e-03,-1.03,-0.99
1.44824e-03,-1.01,-1.05
1.44832e-03,-1.03,-0.99
1.44840e-03,-1.03,-1.05
1.44848e-03,-1.01,-0.99
1.44856e-03,-1.03,-1.05
1.44864e-03,-1.01,-1.01
1.44872e-03,-1.01,-1.05
1.44880e-03,-1.01,-0.99
1.44888e-03,-1.03,-1.05
1.44896e-03,-1.01,-0.99
1.44904e-03,-1.01,-1.05
1.44912e-03,-1.03,-0.99
1.44920e-03,-1.03,-1.05
1.44928e-03,-1.01,-0.99
1.44936e-03,-1.03,-1.05
1.44944e-03,-1.03,-1.01
1.44952e-03,-1.03,-1.05
1.44960e-03,-1.01,-0.99
1.44968e-03,-1.01,-1.05
1.44976e-03,-1.01,-0.99
1.44984e-03,-1.03,-1.05
1.44992e-03,-1.03,-0.99
1.45000e-03,-1.03,-1.05
1.45008e-03,-1.03,-0.99
1.45016e-03,-1.01,-1.05
1.45024e-03,-1.01,-0.99
1.45032e-03,-1.01,-1.05
1.45040e-03,-1.01,-0.99
1.45048e-03,-1.01,-1.05
1.45056e-03,-1.03,-0.99
1.45064e-03,-1.01,-1.05
1.45072e-03,-1.01,-0.99
1.45080e-03,-1.03,-1.05
1.45088e-03,-1.03,-0.99
1.45096e-03,-1.01,-1.05
1.45104e-03,-1.03,-1.01
1.45112e-03,-1.03,-1.05
1.45120e-03,-1.01,-0.99
1.45128e-03,-1.01,-1.05
1.45136e-03,-1.01,-0.99
1.45144e-03,-1.03,-1.05
1.45152e-03,-1.03,-0.99
1.45160e-03,-1.01,-1.05
1.45168e-03,-1.03,-0.99
1.45176e-03,-1.03,-1.05
1.45184e-03,-1.03,-0.99
1.45192e-03,-1.03,-1.05
1.45200e-03,-1.03,-0.99
1.45208e-03,-1.01,-1.05
1.45216e-03,-1.03,-0.99
1.45224e-03,-1.01,-1.05
1.45232e-03,-1.03,-1.01
1.45240e-03,-1.03,-1.05
1.45248e-03,-1.03,-0.99
1.45256e-03,-1.03,-1.05
1.45264e-03,-1.01,-1.01
1.45272e-03,-1.03,-1.05
1.45280e-03,-1.01,-0.99
1.45288e-03,-1.03,-1.05
1.45296e-03,-1.01,-0.99
1.45304e-03,-1.01,-1.05
1.45312e-03,-1.03,-1.01
1.45320e-03,-1.01,-1.05
1.45328e-03,-1.03,-0.99
1.45336e-03,-1.01,-1.05
1.45344e-03,-1.01,-1.01
1.45352e-03,-1.01,-1.05
1.45360e-03,-1.03,-0.99
1.45368e-03,-1.03,-1.05
1.45376e-03,-1.03,-1.01
1.45384e-03,-1.03,-1.05
1.45392e-03,-0.99,-1.01
1.45400e-03,-1.05,-1.05
1.45408e-03,-1.01,-0.99
1.45416e-03,-1.03,-1.05
1.45424e-03,-1.01,-0.99
1.45432e-03,-1.03,-1.05
1.45440e-03,-1.03,-0.99
1.45448e-03,-1.01,-1.05
1.45456e-03,-1.03,-1.01
1.45464e-03,-1.01,-1.05
1.45472e-03,-1.05,-0.99
1.45480e-03,-1.01,-1.05
1.45488e-03,-1.03,-0.99
1.45496e-03,-1.03,-1.05
1.45504e-03,-1.03,-0.99
1.45512e-03,-1.01,-1.05
1.45520e-03,-1.03,-0.99
1.45528e-03,-1.03,-1.05
1.45536e-03,-1.01,-0.99
1.45544e-03,-1.03,-1.05
1.45552e-03,-1.03,-1.01
1.45560e-03,-1.01,-1.05
1.45568e-03,-1.03,-0.99
1.45576e-03,-1.01,-1.05
1.45584e-03,-1.03,-0.99
1.45592e-03,-1.05,-1.07
1.45600e-03,-1.05,-0.99
1.45608e-03,-1.03,-1.05
1.45616e-03,-1.01,-0.99
1.45624e-03,-1.03,-1.05
1.45632e-03,-1.03,-0.99
1.45640e-03,-1.01,-1.05
1.45648e-03,-1.01,-0.99
1.45656e-03,-1.03,-1.05
1.45664e-03,-1.01,-0.99
1.45672e-03,-1.03,-1.05
1.45680e-03,-1.03,-0.99
1.45688e-03,-1.05,-1.05
1.45696e-03,-1.01,-0.99
1.45704e-03,-1.01,-1.05
1.45712e-03,-1.03,-1.01
1.45720e-03,-1.03,-1.05
1.45728e-03,-1.03,-0.99
1.45736e-03,-1.01,-1.05
1.45744e-03,-1.03,-0.99
1.45752e-03,-1.01,-1.05
1.45760e-03,-1.01,-1.01
1.45768e-03,-1.03,-1.05
1.45776e-03,-1.03,-0.99
1.45784e-03,-1.05,-1.05
1.45792e-03,-1.01,-1.01
1.45800e-03,-1.03,-1.05
1.45808e-03,-1.01,-1.01
1.45816e-03,-1.05,-1.05
1.45824e-03,-1.01,-1.01
1.45832e-03,-1.03,-1.05
1.45840e-03,-1.03,-1.01
1.45848e-03,-1.03,-1.07
1.45856e-03,-1.05,-1.01
1.45864e-03,-1.01,-1.05
1.45872e-03,-1.03,-1.01
1.45880e-03,-1.03,-1.05
1.45888e-03,-1.03,-1.01
1.45896e-03,-1.01,-1.05
1.45904e-03,-1.03,-0.99
1.45912e-03,-1.01,-1.07
1.45920e-03,-1.03,-0.99
1.45928e-03,-1.03,-1.05
1.45936e-03,-1.03,-0.99
1.45944e-03,-1.03,-1.07
1.45952e-03,-1.03,-0.99
1.45960e-03,-1.03,-1.05
1.45968e-03,-1.03,-0.99
1.45976e-03,-1.03,-1.05
1.45984e-03,-1.01,-0.99
1.45992e-03,-1.03,-1.05
1.46000e-03,-1.03,-0.99
1.46008e-03,-1.03,-1.05
1.46016e-03,-1.03,-1.01
1.46024e-03,-1.01,-1.05
1.46032e-03,-1.03,-1.01
1.46040e-03,-1.03,-1.05
1.46048e-03,-1.01,-0.99
1.46056e-03,-1.03,-1.05
1.46064e-03,-1.01,-1.01
1.46072e-03,-1.03,-1.05
1.46080e-03,-1.01,-0.99
1.46088e-03,-1.03,-1.05
1.46096e-03,-1.01,-1.01
1.46104e-03,-1.01,-1.05
1.46112e-03,-1.03,-0.99
1.46120e-03,-1.01,-1.05
1.46128e-03,-1.03,-0.99
1.46136e-03,-1.01,-1.05
1.46144e-03,-1.03,-0.99
1.46152e-03,-1.01,-1.05
1.46160e-03,-1.03,-1.01
1.46168e-03,-1.01,-1.05
1.46176e-03,-1.01,-0.99
1.46184e-03,-1.03,-1.05
1.46192e-03,-0.99,-0.99
1.46200e-03,-1.03,-1.05
1.46208e-03,-1.01,-0.99
1.46216e-03,-1.03,-1.05
1.46224e-03,-1.01,-0.99
1.46232e-03,-1.03,-1.05
1.46240e-03,-1.01,-1.01
1.46248e-03,-1.01,-1.05
1.46256e-03,-1.03,-1.01
1.46264e-03,-1.03,-1.05
1.46272e-03,-1.03,-0.99
1.46280e-03,-1.01,-1.05
1.46288e-03,-1.03,-0.99
1.46296e-03,-1.01,-1.05
1.46304e-03,-1.03,-0.99
1.46312e-03,-0.99,-1.05
1.46320e-03,-0.99,-0.99
1.46328e-03,-1.03,-1.09
1.46336e-03,-1.01,-0.99
1.46344e-03,-1.01,-1.05
1.46352e-03,-1.01,-0.99
1.46360e-03,-0.99,-1.07
1.46368e-03,-1.01,-0.99
1.46376e-03,-1.01,-1.05
1.46384e-03,-1.01,-0.99
1.46392e-03,-1.03,-1.05
1.46400e-03,-1.01,-0.99
1.46408e-03,-1.01,-1.05
1.46416e-03,-1.03,-0.99
1.46424e-03,-1.01,-1.05
1.46432e-03,-1.03,-0.99
1.46440e-03,-0.99,-1.07
1.46448e-03,-1.01,-0.99
1.46456e-03,-1.01,-1.05
1.46464e-03,-1.01,-0.99
1.46472e-03,-1.03,-1.05
1.46480e-03,-1.01,-0.99
1.46488e-03,-1.01,-1.05
1.46496e-03,-1.01,-0.99
1.46504e-03,-1.01,-1.05
1.46512e-03,-1.01,-0.99
1.46520e-03,-0.99,-1.05
1.46528e-03,-1.03,-0.99
1.46536e-03,-1.01,-1.05
1.46544e-03,-1.03,-0.99
1.46552e-03,-1.03,-1.05
1.46560e-03,-1.03,-0.99
1.46568e-03,-1.03,-1.05
1.46576e-03,-1.03,-0.99
1.46584e-03,-1.01,-1.05
1.46592e-03,-1.01,-0.99
1.46600e-03,-1.01,-1.07
1.46608e-03,-0.99,-0.99
1.46616e-03,-1.03,-1.05
1.46624e-03,-1.01,-0.99
1.46632e-03,-1.03,-1.05
1.46640e-03,-1.03,-0.99
1.46648e-03,-1.03,-1.05
1.46656e-03,-1.03,-0.99
1.46664e-03,-0.99,-1.05
1.46672e-03,-1.03,-0.99
1.46680e-03,-1.03,-1.05
1.46688e-03,-1.03,-0.99
1.46696e-03,-1.01,-1.05
1.46704e-03,-1.01,-0.99
1.46712e-03,-1.03,-1.05
1.46720e-03,-1.01,-0.99
1.46728e-03,-1.01,-1.05
1.46736e-03,-1.01,-0.99
1.46744e-03,-1.03,-1.05
1.46752e-03,-1.01,-0.99
1.46760e-03,-1.03,-1.07
1.46768e-03,-1.01,-0.99
1.46776e-03,-1.01,-1.05
1.46784e-03,-1.01,-0.99
1.46792e-03,-1.01,-1.05
1.46800e-03,-1.01,-0.99
1.46808e-03,-1.01,-1.05
1.46816e-03,-1.03,-0.99
1.46824e-03,-1.03,-1.05
1.46832e-03,-1.03,-0.99
1.46840e-03,-1.01,-1.05
1.46848e-03,-1.01,-0.99
1.46856e-03,-1.03,-1.05
1.46864e-03,-1.01,-1.01
1.46872e-03,-1.03,-1.05
1.46880e-03,-1.03,-0.99
1.46888e-03,-1.03,-1.05
1.46896e-03,-1.01,-0.99
1.46904e-03,-1.01,-1.05
1.46912e-03,-1.01,-0.99
1.46920e-03,-1.01,-1.05
1.46928e-03,-1.03,-0.99
1.46936e-03,-1.01,-1.05
1.46944e-03,-1.03,-0.99
1.46952e-03,-1.01,-1.05
1.46960e-03,-1.01,-0.99
1.46968e-03,-1.03,-1.05
1.46976e-03,-1.01,-0.99
1.46984e-03,-1.03,-1.05
1.46992e-03,-1.01,-0.99
1.47000e-03,-1.03,-1.05
1.47008e-03,-1.01,-0.99
1.47016e-03,-1.03,-1.05
1.47024e-03,-1.01,-0.99
1.47032e-03,-1.01,-1.05
1.47040e-03,-1.01,-1.01
1.47048e-03,-1.01,-1.05
1.47056e-03,-1.01,-0.99
1.47064e-03,-1.01,-1.05
1.47072e-03,-1.01,-0.99
1.47080e-03,-0.99,-1.05
1.47088e-03,-1.01,-0.99
1.47096e-03,-1.01,-1.05
1.47104e-03,-1.01,-0.99
1.47112e-03,-1.03,-1.05
1.47120e-03,-1.01,-0.99
1.47128e-03,-1.03,-1.07
1.47136e-03,-1.03,-0.99
1.47144e-03,-1.01,-1.07
1.47152e-03,-0.99,-0.99
1.47160e-03,-1.03,-1.05
1.47168e-03,-1.01,-0.99
1.47176e-03,-1.01,-1.05
1.47184e-03,-1.03,-0.99
1.47192e-03,-1.01,-1.05
1.47200e-03,-1.03,-0.99
1.47208e-03,-0.99,-1.05
1.47216e-03,-1.03,-0.99
1.47224e-03,-1.01,-1.05
1.47232e-03,-1.01,-0.99
1.47240e-03,-1.01,-1.05
1.47248e-03,-1.03,-0.99
1.47256e-03,-1.01,-1.05
1.47264e-03,-1.01,-0.99
1.47272e-03,-1.03,-1.05
1.47280e-03,-1.01,-0.99
1.47288e-03,-1.01,-1.05
1.47296e-03,-0.99,-0.99
1.47304e-03,-1.01,-1.05
1.47312e-03,-1.01,-0.99
1.47320e-03,-1.01,-1.05
1.47328e-03,-1.03,-0.99
1.47336e-03,-1.01,-1.05
1.47344e-03,-1.01,-0.99
1.47352e-03,-1.01,-1.05
1.47360e-03,-1.01,-0.99
1.47368e-03,-1.01,-1.05
1.47376e-03,-0.99,-0.99
1.47384e-03,-1.01,-1.05
1.47392e-03,-1.01,-0.99
1.47400e-03,-1.01,-1.05
1.47408e-03,-1.01,-0.99
1.47416e-03,-1.03,-1.05
1.47424e-03,-1.03,-0.99
1.47432e-03,-1.03,-1.05
1.47440e-03,-1.01,-0.99
1.47448e-03,-1.01,-1.05
1.47456e-03,-1.03,-0.97
1.47464e-03,-1.01,-1.05
1.47472e-03,-1.01,-0.99
1.47480e-03,-0.99,-1.05
1.47488e-03,-1.01,-0.99
1.47496e-03,-1.03,-1.05
1.47504e-03,-1.01,-0.97
1.47512e-03,-1.01,-1.05
1.47520e-03,-1.01,-0.99
1.47528e-03,-1.01,-1.05
1.47536e-03,-0.99,-0.99
1.47544e-03,-1.03,-1.05
1.47552e-03,-1.01,-0.99
1.47560e-03,-1.01,-1.05
1.47568e-03,-1.01,-0.99
1.47576e-03,-1.01,-1.03
1.47584e-03,-1.03,-0.99
1.47592e-03,-1.01,-1.05
1.47600e-03,-1.03,-0.99
1.47608e-03,-1.01,-1.05
1.47616e-03,-1.01,-0.99
1.47624e-03,-1.01,-1.03
1.47632e-03,-1.01,-0.99
1.47640e-03,-1.01,-1.03
1.47648e-03,-1.01,-0.99
1.47656e-03,-1.01,-1.05
1.47664e-03,-0.99,-0.99
1.47672e-03,-1.03,-1.05
1.47680e-03,-1.01,-0.99
1.47688e-03,-1.03,-1.05
1.47696e-03,-1.01,-0.99
1.47704e-03,-1.03,-1.03
1.47712e-03,-1.01,-0.99
1.47720e-03,-1.01,-1.05
1.47728e-03,-1.01,-0.97
1.47736e-03,-1.01,-1.05
1.47744e-03,-1.03,-0.99
1.47752e-03,-1.01,-1.05
1.47760e-03,-1.01,-0.99
1.47768e-03,-1.01,-1.03
1.47776e-03,-1.01,-0.99
1.47784e-03,-1.01,-1.05
1.47792e-03,-0.99,-0.99
1.47800e-03,-0.81,-1.03
1.47808e-03,-0.95,-0.99
1.47816e-03,-0.97,-1.09
1.47824e-03,-0.95,-0.75
1.47832e-03,-0.95,-1.01
1.47840e-03,-0.93,-0.93
1.47848e-03,-0.95,-0.97
1.47856e-03,-0.95,-0.91
1.47864e-03,-0.99,-0.97
1.47872e-03,-1.01,-0.93
1.47880e-03,-1.01,-1.01
1.47888e-03,-1.01,-0.95
1.47896e-03,-1.01,-1.05
1.47904e-03,-1.05,-0.99
1.47912e-03,-1.05,-1.07
1.47920e-03,-1.03,-1.01
1.47928e-03,-1.03,-1.07
1.47936e-03,-1.01,-1.01
1.47944e-03,-1.01,-1.05
1.47952e-03,-1.01,-1.01
1.47960e-03,-1.01,-1.05
1.47968e-03,-1.01,-0.99
1.47976e-03,-1.01,-1.03
1.47984e-03,-0.99,-0.99
1.47992e-03,-1.01,-1.03
1.48000e-03,-1.01,-0.99
1.48008e-03,-1.03,-1.03
1.48016e-03,-1.01,-0.99
1.48024e-03,-0.99,-1.03
1.48032e-03,-1.01,-0.99
1.48040e-03,-1.01,-1.03
1.48048e-03,-1.01,-0.99
1.48056e-03,-1.01,-1.03
1.48064e-03,-1.01,-0.99
1.48072e-03,-1.03,-1.03
1.48080e-03,-0.99,-0.99
1.48088e-03,-0.99,-1.03
1.48096e-03,-1.01,-0.99
1.48104e-03,-1.01,-1.03
1.48112e-03,-0.99,-0.99
1.48120e-03,-1.01,-1.03
1.48128e-03,-1.01,-0.99
1.48136e-03,-1.01,-1.03
1.48144e-03,-0.99,-0.97
1.48152e-03,-0.99,-1.03
1.48160e-03,-0.99,-0.99
1.48168e-03,-1.01,-1.03
1.48176e-03,-1.01,-0.99
1.48184e-03,-1.01,-1.03
1.48192e-03,-0.99,-0.99
1.48200e-03,-0.99,-1.03
1.48208e-03,-1.01,-0.97
1.48216e-03,-0.99,-1.03
1.48224e-03,-0.99,-0.99
1.48232e-03,-1.01,-1.05
1.48240e-03,-1.01,-0.97
1.48248e-03,-0.99,-1.03
1.48256e-03,-1.01,-0.99
1.48264e-03,-1.01,-1.03
1.48272e-03,-1.01,-0.99
1.48280e-03,-1.01,-1.03
1.48288e-03,-1.01,-0.99
1.48296e-03,-1.01,-1.03
1.48304e-03,-1.01,-0.99
1.48312e-03,-1.01,-1.03
1.48320e-03,-0.99,-0.99
1.48328e-03,-1.01,-1.03
1.48336e-03,-1.01,-0.99
1.48344e-03,-0.99,-1.03
1.48352e-03,-0.99,-0.97
1.48360e-03,-1.01,-1.03
1.48368e-03,-0.99,-0.99
1.48376e-03,-0.99,-1.03
1.48384e-03,-0.99,-0.99
1.48392e-03,-1.01,-1.03
1.48400e-03,-1.01,-0.99
1.48408e-03,-0.99,-1.03
1.48416e-03,-1.01,-0.99
1.48424e-03,-1.03,-1.03
1.48432e-03,-0.99,-0.99
1.48440e-03,-1.03,-1.03
1.48448e-03,-1.01,-0.97
1.48456e-03,-1.01,-1.03
1.48464e-03,-1.01,-0.99
1.48472e-03,-1.31,-1.03
1.48480e-03,-1.03,-0.99
1.48488e-03,-1.03,-1.37
1.48496e-03,-1.05,-0.93
1.48504e-03,-1.07,-1.07
1.48512e-03,-1.07,-1.01
1.48520e-03,-1.05,-1.09
1.48528e-03,-1.05,-1.03
1.48536e-03,-1.03,-1.09
1.48544e-03,-1.03,-1.05
1.48552e-03,-0.99,-1.07
1.48560e-03,-1.01,-1.01
1.48568e-03,-0.99,-1.05
1.48576e-03,-0.99,-0.99
1.48584e-03,-0.99,-1.01
1.48592e-03,-0.97,-0.97
1.48600e-03,-1.01,-1.01
1.48608e-03,-0.99,-0.97
1.48616e-03,-0.99,-1.03
1.48624e-03,-1.01,-0.97
1.48632e-03,-1.03,-1.03
1.48640e-03,-1.01,-0.97
1.48648e-03,-0.99,-1.03
1.48656e-03,-1.01,-0.97
1.48664e-03,-0.99,-1.03
1.48672e-03,-1.01,-0.97
1.48680e-03,-0.99,-1.03
1.48688e-03,-1.01,-0.99
1.48696e-03,-1.01,-1.03
1.48704e-03,-1.01,-0.97
1.48712e-03,-1.03,-1.05
1.48720e-03,-0.99,-0.97
1.48728e-03,-1.03,-1.03
1.48736e-03,-1.01,-0.97
1.48744e-03,-1.01,-1.03
1.48752e-03,-0.99,-0.97
1.48760e-03,-0.99,-1.05
1.48768e-03,-1.01,-0.99
1.48776e-03,-1.01,-1.05
1.48784e-03,-1.01,-0.99
1.48792e-03,-1.01,-1.05
1.48800e-03,-1.03,-0.99
1.48808e-03,-0.99,-1.05
1.48816e-03,-1.01,-0.99
1.48824e-03,-0.99,-1.03
1.48832e-03,-1.01,-0.99
1.48840e-03,-1.01,-1.03
1.48848e-03,-1.01,-0.99
1.48856e-03,-1.03,-1.05
1.48864e-03,-0.99,-0.99
1.48872e-03,-1.01,-1.05
1.48880e-03,-1.01,-0.99
1.48888e-03,-1.01,-1.05
1.48896e-03,-1.01,-0.99
1.48904e-03,-1.03,-1.05
1.48912e-03,-1.01,-0.99
1.48920e-03,-0.99,-1.05
1.48928e-03,-1.01,-0.99
1.48936e-03,-1.01,-1.05
1.48944e-03,-1.01,-0.99
1.48952e-03,-1.01,-1.05
1.48960e-03,-1.01,-0.99
1.48968e-03,-1.01,-1.03
1.48976e-03,-1.03,-0.99
1.48984e-03,-1.01,-1.05
1.48992e-03,-1.01,-1.01
1.49000e-03,-1.01,-1.05
1.49008e-03,-1.01,-0.99
1.49016e-03,-1.03,-1.05
1.49024e-03,-1.01,-0.99
1.49032e-03,-1.03,-1.05
1.49040e-03,-0.99,-0.99
1.49048e-03,-1.01,-1.05
1.49056e-03,-1.01,-0.99
1.49064e-03,-1.01,-1.05
1.49072e-03,-0.99,-0.99
1.49080e-03,-1.01,-1.05
1.49088e-03,-1.03,-0.99
1.49096e-03,-1.01,-1.05
1.49104e-03,-1.01,-0.99
1.49112e-03,-1.01,-1.05
1.49120e-03,-1.01,-0.99
1.49128e-03,-1.01,-1.05
1.49136e-03,-1.03,-0.99
1.49144e-03,-1.01,-1.05
1.49152e-03,-1.01,-0.99
1.49160e-03,-1.03,-1.03
1.49168e-03,-1.01,-0.99
1.49176e-03,-1.01,-1.05
1.49184e-03,-1.01,-0.99
1.49192e-03,-0.99,-1.05
1.49200e-03,-1.01,-0.99
1.49208e-03,-1.01,-1.05
1.49216e-03,-1.01,-0.99
1.49224e-03,-1.03,-1.05
1.49232e-03,-1.01,-0.99
1.49240e-03,-1.01,-1.05
1.49248e-03,-1.03,-0.99
1.49256e-03,-1.03,-1.03
1.49264e-03,-1.01,-0.99
1.49272e-03,-1.03,-1.05
1.49280e-03,-1.01,-0.99
1.49288e-03,-1.03,-1.05
1.49296e-03,-1.01,-0.99
1.49304e-03,-1.01,-1.03
1.49312e-03,-1.01,-0.99
1.49320e-03,-1.01,-1.05
1.49328e-03,-1.03,-0.99
1.49336e-03,-1.01,-1.05
1.49344e-03,-1.03,-0.99
1.49352e-03,-1.01,-1.05
1.49360e-03,-1.01,-0.99
1.49368e-03,-1.01,-1.05
1.49376e-03,-1.03,-0.99
1.49384e-03,-0.99,-1.03
1.49392e-03,-1.01,-0.99
1.49400e-03,-1.01,-1.03
1.49408e-03,-1.03,-0.99
1.49416e-03,-1.03,-1.05
1.49424e-03,-1.01,-0.99
1.49432e-03,-1.01,-1.05
1.49440e-03,-1.01,-0.99
1.49448e-03,-1.01,-1.03
1.49456e-03,-1.01,-0.99
1.49464e-03,-0.99,-1.05
1.49472e-03,-1.01,-0.97
1.49480e-03,-1.01,-1.07
1.49488e-03,-1.01,-0.99
1.49496e-03,-0.99,-1.05
1.49504e-03,-1.01,-0.99
1.49512e-03,-1.01,-1.05
1.49520e-03,-1.03,-0.99
1.49528e-03,-1.03,-1.05
1.49536e-03,-1.01,-0.99
1.49544e-03,-1.01,-1.05
1.49552e-03,-1.03,-0.99
1.49560e-03,-1.03,-1.05
1.49568e-03,-1.03,-0.99
1.49576e-03,-1.01,-1.05
1.49584e-03,-1.03,-0.99
1.49592e-03,-1.01,-1.05
1.49600e-03,-1.01,-0.99
1.49608e-03,-0.99,-1.05
1.49616e-03,-1.03,-0.99
1.49624e-03,-1.01,-1.05
1.49632e-03,-1.01,-0.99
1.49640e-03,-1.03,-1.05
1.49648e-03,-1.01,-0.99
1.49656e-03,-1.03,-1.05
1.49664e-03,-0.99,-0.99
1.49672e-03,-1.01,-1.05
1.49680e-03,-1.03,-0.99
1.49688e-03,-1.03,-1.05
1.49696e-03,-1.03,-0.99
1.49704e-03,-1.03,-1.05
1.49712e-03,-1.03,-0.99
1.49720e-03,-1.01,-1.05
1.49728e-03,-1.03,-0.99
1.49736e-03,-1.01,-1.05
1.49744e-03,-1.01,-1.01
1.49752e-03,-1.01,-1.05
1.49760e-03,-1.01,-0.99
1.49768e-03,-1.03,-1.05
1.49776e-03,-1.01,-0.99
1.49784e-03,-1.03,-1.05
1.49792e-03,-1.01,-1.01
1.49800e-03,-1.01,-1.05
1.49808e-03,-1.01,-1.01
1.49816e-03,-1.01,-1.05
1.49824e-03,-1.01,-0.99
1.49832e-03,-1.01,-1.05
1.49840e-03,-1.01,-0.99
1.49848e-03,-1.01,-1.05
1.49856e-03,-1.01,-0.99
1.49864e-03,-1.03,-1.05
1.49872e-03,-1.03,-0.99
1.49880e-03,-1.01,-1.05
1.49888e-03,-1.01,-0.99
1.49896e-03,-1.03,-1.05
1.49904e-03,-1.01,-0.99
1.49912e-03,-1.03,-1.05
1.49920e-03,-0.99,-0.99
1.49928e-03,-1.01,-1.05
1.49936e-03,-1.01,-0.99
1.49944e-03,-1.03,-1.05
1.49952e-03,-1.01,-0.99
1.49960e-03,-1.03,-1.05
1.49968e-03,-1.01,-0.99
1.49976e-03,-1.01,-1.05
1.49984e-03,-1.03,-0.99
1.49992e-03,-1.03,-1.05
1.50000e-03,-1.03,-0.99
1.50008e-03,-1.03,-1.05
1.50016e-03,-1.03,-0.99
1.50024e-03,-1.01,-1.05
1.50032e-03,-1.03,-0.99
1.50040e-03,-1.01,-1.07
1.50048e-03,-1.01,-0.99
1.50056e-03,-1.03,-1.05
1.50064e-03,-1.01,-0.99
1.50072e-03,-1.01,-1.05
1.50080e-03,-1.01,-0.99
1.50088e-03,-1.03,-1.05
1.50096e-03,-1.01,-0.99
1.50104e-03,-1.03,-1.05
1.50112e-03,-1.01,-0.99
1.50120e-03,-1.01,-1.05
1.50128e-03,-1.03,-0.99
1.50136e-03,-1.03,-1.05
1.50144e-03,-1.03,-0.99
1.50152e-03,-1.03,-1.05
1.50160e-03,-1.05,-0.99
1.50168e-03,-1.03,-1.05
1.50176e-03,-1.01,-0.99
1.50184e-03,-1.05,-1.07
1.50192e-03,-1.01,-0.99
1.50200e-03,-1.05,-1.05
1.50208e-03,-1.01,-0.99
1.50216e-03,-1.01,-1.05
1.50224e-03,-1.01,-0.99
1.50232e-03,-1.03,-1.05
1.50240e-03,-1.01,-0.99
1.50248e-03,-0.99,-1.05
1.50256e-03,-1.03,-0.99
1.50264e-03,-1.01,-1.07
1.50272e-03,-1.03,-0.99
1.50280e-03,-1.01,-1.07
1.50288e-03,-1.05,-0.99
1.50296e-03,-1.03,-1.05
1.50304e-03,-1.03,-1.01
1.50312e-03,-1.03,-1.05
1.50320e-03,-1.01,-1.01
1.50328e-03,-1.03,-1.05
1.50336e-03,-1.01,-0.99
1.50344e-03,-1.03,-1.05
1.50352e-03,-1.01,-0.99
1.50360e-03,-1.03,-1.05
1.50368e-03,-1.03,-0.99
1.50376e-03,-1.03,-1.05
1.50384e-03,-1.03,-1.01
1.50392e-03,-1.03,-1.05
1.50400e-03,-1.05,-0.99
1.50408e-03,-1.01,-1.05
1.50416e-03,-1.03,-0.99
1.50424e-03,-1.03,-1.05
1.50432e-03,-1.03,-1.01
1.50440e-03,-1.03,-1.05
1.50448e-03,-1.01,-1.01
1.50456e-03,-1.03,-1.05
1.50464e-03,-1.03,-0.99
1.50472e-03,-1.03,-1.05
1.50480e-03,-1.03,-0.99
1.50488e-03,-1.03,-1.05
1.50496e-03,-1.03,-0.99
1.50504e-03,-1.03,-1.05
1.50512e-03,-1.03,-1.01
1.50520e-03,-1.03,-1.07
1.50528e-03,-1.03,-1.01
1.50536e-03,-1.01,-1.05
1.50544e-03,-1.03,-0.99
1.50552e-03,-1.03,-1.05
1.50560e-03,-1.03,-0.99
1.50568e-03,-1.03,-1.05
1.50576e-03,-1.01,-0.99
1.50584e-03,-1.03,-1.05
1.50592e-03,-1.01,-1.01
1.50600e-03,-1.03,-1.05
1.50608e-03,-1.03,-0.99
1.50616e-03,-1.03,-1.05
1.50624e-03,-1.03,-0.99
1.50632e-03,-1.01,-1.05
1.50640e-03,-1.03,-0.99
1.50648e-03,-1.01,-1.05
1.50656e-03,-1.01,-1.01
1.50664e-03,-0.99,-1.05
1.50672e-03,-1.05,-0.99
1.50680e-03,-1.01,-1.05
1.50688e-03,-1.03,-0.99
1.50696e-03,-1.03,-1.05
1.50704e-03,-1.03,-0.99
1.50712e-03,-1.01,-1.05
1.50720e-03,-1.01,-1.01
1.50728e-03,-1.03,-1.05
1.50736e-03,-1.01,-0.99
1.50744e-03,-1.03,-1.05
1.50752e-03,-1.01,-0.99
1.50760e-03,-1.03,-1.07
1.50768e-03,-1.03,-0.99
1.50776e-03,-1.05,-1.05
1.50784e-03,-1.03,-0.99
1.50792e-03,-1.01,-1.05
1.50800e-03,-1.03,-1.01
1.50808e-03,-1.01,-1.05
1.50816e-03,-1.03,-0.99
1.50824e-03,-1.01,-1.05
1.50832e-03,-1.03,-1.01
1.50840e-03,-1.03,-1.05
1.50848e-03,-1.03,-0.99
1.50856e-03,-1.03,-1.05
1.50864e-03,-1.01,-1.01
1.50872e-03,-1.03,-1.05
1.50880e-03,-1.01,-1.01
1.50888e-03,-1.03,-1.05
1.50896e-03,-1.01,-0.99
1.50904e-03,-1.01,-1.05
1.50912e-03,-1.03,-1.01
1.50920e-03,-1.03,-1.05
1.50928e-03,-1.03,-0.99
1.50936e-03,-1.01,-1.05
1.50944e-03,-1.01,-1.01
1.50952e-03,-1.01,-1.05
1.50960e-03,-1.03,-1.01
1.50968e-03,-1.03,-1.05
1.50976e-03,-1.01,-1.01
1.50984e-03,-1.01,-1.05
1.50992e-03,-1.01,-0.99
1.51000e-03,-1.03,-1.05
1.51008e-03,-1.01,-0.99
1.51016e-03,-1.01,-1.05
1.51024e-03,-1.03,-0.99
1.51032e-03,-1.01,-1.07
1.51040e-03,-1.03,-0.99
1.51048e-03,-1.03,-1.05
1.51056e-03,-1.03,-0.99
1.51064e-03,-1.05,-1.05
1.51072e-03,-1.03,-0.99
1.51080e-03,-1.01,-1.05
1.51088e-03,-1.01,-0.99
1.51096e-03,-1.01,-1.05
1.51104e-03,-1.03,-0.99
1.51112e-03,-1.01,-1.05
1.51120e-03,-1.01,-0.99
1.51128e-03,-1.03,-1.05
1.51136e-03,-1.01,-0.99
1.51144e-03,-1.03,-1.05
1.51152e-03,-1.01,-0.99
1.51160e-03,-1.01,-1.05
1.51168e-03,-1.01,-0.99
1.51176e-03,-1.03,-1.05
1.51184e-03,-1.03,-0.99
1.51192e-03,-1.01,-1.05
1.51200e-03,-1.03,-0.99
1.51208e-03,-1.03,-1.05
1.51216e-03,-1.01,-0.99
1.51224e-03,-1.03,-1.05
1.51232e-03,-1.03,-0.99
1.51240e-03,-1.03,-1.05
1.51248e-03,-1.03,-0.99
1.51256e-03,-1.03,-1.07
1.51264e-03,-1.01,-1.01
1.51272e-03,-1.01,-1.05
1.51280e-03,-1.01,-1.01
1.51288e-03,-1.01,-1.05
1.51296e-03,-1.01,-0.99
1.51304e-03,-1.03,-1.05
1.51312e-03,-1.05,-0.99
1.51320e-03,-1.01,-1.05
1.51328e-03,-1.03,-0.99
1.51336e-03,-1.03,-1.05
1.51344e-03,-1.03,-1.01
1.51352e-03,-1.03,-1.05
1.51360e-03,-1.01,-0.99
1.51368e-03,-1.03,-1.05
1.51376e-03,-1.03,-1.01
1.51384e-03,-1.03,-1.05
1.51392e-03,-1.01,-0.99
1.51400e-03,-1.03,-1.05
1.51408e-03,-1.01,-0.99
1.51416e-03,-1.03,-1.05
1.51424e-03,-1.01,-1.01
1.51432e-03,-1.03,-1.05
1.51440e-03,-1.03,-0.99
1.51448e-03,-1.03,-1.05
1.51456e-03,-1.03,-0.99
1.51464e-03,-0.99,-1.05
1.51472e-03,-1.03,-0.99
1.51480e-03,-1.03,-1.05
1.51488e-03,-1.03,-0.99
1.51496e-03,-1.05,-1.05
1.51504e-03,-1.01,-0.99
1.51512e-03,-1.01,-1.05
1.51520e-03,-1.03,-0.99
1.51528e-03,-1.03,-1.05
1.51536e-03,-1.01,-0.99
1.51544e-03,-1.03,-1.05
1.51552e-03,-1.01,-0.99
1.51560e-03,-1.03,-1.05
1.51568e-03,-1.03,-0.99
1.51576e-03,-0.99,-1.05
1.51584e-03,-1.03,-0.99
1.51592e-03,-1.01,-1.05
1.51600e-03,-1.03,-0.99
1.51608e-03,-1.01,-1.05
1.51616e-03,-1.03,-0.99
1.51624e-03,-1.03,-1.05
1.51632e-03,-1.03,-0.99
1.51640e-03,-1.03,-1.05
1.51648e-03,-1.03,-0.99
1.51656e-03,-1.03,-1.05
1.51664e-03,-1.03,-0.99
1.51672e-03,-1.03,-1.05
1.51680e-03,-1.01,-0.99
1.51688e-03,-1.03,-1.05
1.51696e-03,-1.01,-0.99
1.51704e-03,-1.03,-1.05
1.51712e-03,-1.01,-0.99
1.51720e-03,-1.01,-1.05
1.51728e-03,-1.03,-1.01
1.51736e-03,-1.03,-1.05
1.51744e-03,-1.03,-1.01
1.51752e-03,-1.01,-1.05
1.51760e-03,-1.03,-1.01
1.51768e-03,-1.03,-1.05
1.51776e-03,-1.03,-0.99
1.51784e-03,-1.01,-1.05
1.51792e-03,-1.01,-0.99
1.51800e-03,-1.01,-1.05
1.51808e-03,-1.01,-0.99
1.51816e-03,-1.01,-1.07
1.51824e-03,-1.01,-0.99
1.51832e-03,-1.03,-1.05
1.51840e-03,-1.03,-0.99
1.51848e-03,-0.99,-1.05
1.51856e-03,-1.01,-0.99
1.51864e-03,-1.01,-1.05
1.51872e-03,-0.99,-0.99
1.51880e-03,-0.99,-1.03
1.51888e-03,-1.03,-0.97
1.51896e-03,-1.01,-1.05
1.51904e-03,-1.01,-0.97
1.51912e-03,-1.01,-1.03
1.51920e-03,-1.01,-0.99
1.51928e-03,-1.05,-1.05
1.51936e-03,-1.01,-0.99
1.51944e-03,-1.03,-1.05
1.51952e-03,-1.03,-0.99
1.51960e-03,-1.03,-1.07
1.51968e-03,-1.03,-1.01
1.51976e-03,-1.01,-1.05
1.51984e-03,-1.03,-1.01
1.51992e-03,-1.01,-1.05
1.52000e-03,-1.03,-1.01
1.52008e-03,-1.01,-1.05
1.52016e-03,-1.01,-1.01
1.52024e-03,-1.01,-1.05
1.52032e-03,-1.03,-1.01
1.52040e-03,-1.01,-1.05
1.52048e-03,-1.01,-0.99
1.52056e-03,-1.01,-1.05
1.52064e-03,-1.01,-1.01
1.52072e-03,-1.01,-1.05
1.52080e-03,-1.01,-1.01
1.52088e-03,-1.03,-1.05
1.52096e-03,-1.03,-0.99
1.52104e-03,-1.01,-1.05
1.52112e-03,-1.03,-1.01
1.52120e-03,-1.01,-1.05
1.52128e-03,-1.03,-1.01
1.52136e-03,-1.01,-1.05
1.52144e-03,-1.03,-0.99
1.52152e-03,-1.01,-1.05
1.52160e-03,-1.03,-1.01
1.52168e-03,-1.01,-1.05
1.52176e-03,-1.03,-0.99
1.52184e-03,-1.03,-1.07
1.52192e-03,-1.01,-0.99
1.52200e-03,-1.01,-1.05
1.52208e-03,-1.03,-0.99
1.52216e-03,-1.03,-1.07
1.52224e-03,-0.99,-0.99
1.52232e-03,-1.03,-1.05
1.52240e-03,-1.01,-0.99
1.52248e-03,-1.01,-1.05
1.52256e-03,-1.01,-0.99
1.52264e-03,-1.01,-1.07
1.52272e-03,-1.03,-0.99
1.52280e-03,-1.03,-1.05
1.52288e-03,-1.01,-0.99
1.52296e-03,-1.03,-1.05
1.52304e-03,-1.01,-0.99
1.52312e-03,-1.03,-1.05
1.52320e-03,-1.01,-0.99
1.52328e-03,-1.03,-1.05
1.52336e-03,-1.01,-0.99
1.52344e-03,-1.03,-1.05
1.52352e-03,-1.01,-1.01
1.52360e-03,-1.01,-1.05
1.52368e-03,-1.03,-1.01
1.52376e-03,-1.03,-1.05
1.52384e-03,-1.01,-0.99
1.52392e-03,-1.03,-1.05
1.52400e-03,-1.01,-0.99
1.52408e-03,-0.99,-1.05
1.52416e-03,-1.03,-0.99
1.52424e-03,-1.01,-1.05
1.52432e-03,-1.01,-0.99
1.52440e-03,-1.01,-1.05
1.52448e-03,-1.01,-0.99
1.52456e-03,-1.03,-1.05
1.52464e-03,-1.01,-1.01
1.52472e-03,-1.03,-1.05
1.52480e-03,-1.01,-1.01
1.52488e-03,-1.03,-1.05
1.52496e-03,-1.01,-0.99
1.52504e-03,-1.01,-1.05
1.52512e-03,-1.03,-0.99
1.52520e-03,-1.01,-1.05
1.52528e-03,-1.03,-0.99
1.52536e-03,-1.01,-1.05
1.52544e-03,-1.03,-0.99
1.52552e-03,-1.01,-1.05
1.52560e-03,-1.03,-0.99
1.52568e-03,-1.01,-1.05
1.52576e-03,-0.99,-0.99
1.52584e-03,-1.03,-1.05
1.52592e-03,-0.99,-0.99
1.52600e-03,-1.03,-1.05
1.52608e-03,-1.03,-0.99
1.52616e-03,-1.03,-1.05
1.52624e-03,-1.03,-0.97
1.52632e-03,-1.01,-1.05
1.52640e-03,-1.01,-0.99
1.52648e-03,-1.01,-1.05
1.52656e-03,-1.03,-0.99
1.52664e-03,-1.03,-1.05
1.52672e-03,-1.03,-1.01
1.52680e-03,-1.01,-1.05
1.52688e-03,-1.01,-0.99
1.52696e-03,-1.01,-1.05
1.52704e-03,-1.01,-0.99
1.52712e-03,-1.03,-1.05
1.52720e-03,-1.01,-0.99
1.52728e-03,-1.03,-1.07
1.52736e-03,-1.01,-1.01
1.52744e-03,-1.01,-1.05
1.52752e-03,-1.01,-0.99
1.52760e-03,-1.01,-1.05
1.52768e-03,-1.03,-0.99
1.52776e-03,-1.01,-1.05
1.52784e-03,-1.01,-0.99
1.52792e-03,-1.03,-1.05
1.52800e-03,-1.03,-0.99
1.52808e-03,-0.93,-1.05
1.52816e-03,-0.95,-0.99
1.52824e-03,-0.99,-1.11
1.52832e-03,-0.93,-0.75
1.52840e-03,-0.95,-1.01
1.52848e-03,-0.93,-0.91
1.52856e-03,-0.95,-0.97
1.52864e-03,-0.99,-0.91
1.52872e-03,-0.99,-0.99
1.52880e-03,-1.01,-0.93
1.52888e-03,-1.01,-1.03
1.52896e-03,-1.03,-0.97
1.52904e-03,-1.03,-1.05
1.52912e-03,-1.03,-0.99
1.52920e-03,-1.03,-1.07
1.52928e-03,-1.03,-1.03
1.52936e-03,-1.03,-1.07
1.52944e-03,-1.01,-1.01
1.52952e-03,-1.03,-1.05
1.52960e-03,-1.01,-1.01
1.52968e-03,-1.01,-1.05
1.52976e-03,-1.01,-1.01
1.52984e-03,-1.01,-1.05
1.52992e-03,-1.01,-0.99
1.53000e-03,-0.99,-1.03
1.53008e-03,-1.03,-0.99
1.53016e-03,-1.03,-1.05
1.53024e-03,-1.01,-0.99
1.53032e-03,-1.01,-1.05
1.53040e-03,-1.01,-0.99
1.53048e-03,-1.01,-1.05
1.53056e-03,-1.01,-0.99
1.53064e-03,-1.01,-1.05
1.53072e-03,-1.03,-0.99
1.53080e-03,-1.01,-1.05
1.53088e-03,-1.01,-0.99
1.53096e-03,-1.01,-1.05
1.53104e-03,-0.99,-0.99
1.53112e-03,-1.01,-1.05
1.53120e-03,-1.01,-0.99
1.53128e-03,-1.01,-1.03
1.53136e-03,-1.01,-0.99
1.53144e-03,-0.99,-1.05
1.53152e-03,-1.01,-0.99
1.53160e-03,-1.01,-1.05
1.53168e-03,-1.01,-0.99
1.53176e-03,-1.01,-1.03
1.53184e-03,-1.01,-0.99
1.53192e-03,-1.01,-1.05
1.53200e-03,-1.01,-0.99
1.53208e-03,-1.01,-1.05
1.53216e-03,-1.03,-0.99
1.53224e-03,-1.03,-1.05
1.53232e-03,-1.01,-0.99
1.53240e-03,-1.01,-1.05
1.53248e-03,-1.01,-0.99
1.53256e-03,-1.03,-1.03
1.53264e-03,-1.01,-0.99
1.53272e-03,-0.99,-1.03
1.53280e-03,-1.03,-0.99
1.53288e-03,-1.03,-1.05
1.53296e-03,-1.01,-0.99
1.53304e-03,-1.01,-1.05
1.53312e-03,-1.01,-0.99
1.53320e-03,-1.01,-1.05
1.53328e-03,-1.03,-0.99
1.53336e-03,-1.01,-1.05
1.53344e-03,-1.01,-0.99
1.53352e-03,-0.99,-1.03
1.53360e-03,-0.99,-0.99
1.53368e-03,-1.01,-1.05
1.53376e-03,-1.01,-0.99
1.53384e-03,-1.03,-1.05
1.53392e-03,-1.01,-0.97
1.53400e-03,-1.01,-1.05
1.53408e-03,-1.03,-0.99
1.53416e-03,-1.01,-1.03
1.53424e-03,-1.01,-0.99
1.53432e-03,-1.01,-1.05
1.53440e-03,-1.01,-0.97
1.53448e-03,-1.01,-1.05
1.53456e-03,-1.03,-0.99
1.53464e-03,-1.01,-1.03
1.53472e-03,-1.01,-0.99
1.53480e-03,-1.31,-1.03
1.53488e-03,-1.05,-0.99
1.53496e-03,-1.05,-1.35
1.53504e-03,-1.07,-0.93
1.53512e-03,-1.07,-1.09
1.53520e-03,-1.11,-1.03
1.53528e-03,-1.05,-1.11
1.53536e-03,-1.05,-1.05
1.53544e-03,-1.03,-1.11
1.53552e-03,-1.03,-1.03
1.53560e-03,-1.01,-1.07
1.53568e-03,-1.01,-1.01
1.53576e-03,-0.99,-1.05
1.53584e-03,-0.99,-0.99
1.53592e-03,-0.99,-1.03
1.53600e-03,-1.01,-0.97
1.53608e-03,-0.99,-1.03
1.53616e-03,-0.99,-0.95
1.53624e-03,-1.01,-1.03
1.53632e-03,-1.01,-0.97
1.53640e-03,-1.01,-1.03
1.53648e-03,-1.03,-0.97
1.53656e-03,-1.01,-1.03
1.53664e-03,-1.01,-0.99
1.53672e-03,-1.01,-1.05
1.53680e-03,-0.99,-0.99
1.53688e-03,-1.01,-1.03
1.53696e-03,-0.99,-0.97
1.53704e-03,-1.01,-1.03
1.53712e-03,-1.01,-0.97
1.53720e-03,-0.99,-1.03
1.53728e-03,-0.99,-0.99
1.53736e-03,-1.01,-1.03
1.53744e-03,-1.01,-0.99
1.53752e-03,-0.99,-1.03
1.53760e-03,-1.01,-0.97
1.53768e-03,-1.01,-1.03
1.53776e-03,-0.99,-0.99
1.53784e-03,-1.03,-1.05
1.53792e-03,-1.01,-0.99
1.53800e-03,-1.03,-1.03
1.53808e-03,-0.99,-0.99
1.53816e-03,-1.01,-1.05
1.53824e-03,-0.99,-0.99
1.53832e-03,-1.01,-1.03
1.53840e-03,-0.99,-0.99
1.53848e-03,-1.01,-1.05
1.53856e-03,-1.01,-0.99
1.53864e-03,-1.01,-1.05
1.53872e-03,-1.01,-0.99
1.53880e-03,-1.01,-1.05
1.53888e-03,-1.03,-0.99
1.53896e-03,-0.99,-1.03
1.53904e-03,-1.01,-0.99
1.53912e-03,-1.01,-1.05
1.53920e-03,-1.01,-0.97
1.53928e-03,-1.03,-1.05
1.53936e-03,-1.03,-0.99
1.53944e-03,-1.03,-1.05
1.53952e-03,-1.01,-0.99
1.53960e-03,-1.03,-1.05
1.53968e-03,-1.01,-0.99
1.53976e-03,-0.99,-1.05
1.53984e-03,-1.01,-1.01
1.53992e-03,-1.01,-1.05
1.54000e-03,-1.01,-0.99
1.54008e-03,-1.01,-1.05
1.54016e-03,-1.01,-0.99
1.54024e-03,-1.01,-1.05
1.54032e-03,-1.03,-0.99
1.54040e-03,-1.01,-1.05
1.54048e-03,-1.01,-0.99
1.54056e-03,-1.01,-1.05
1.54064e-03,-1.01,-0.99
1.54072e-03,-1.03,-1.05
1.54080e-03,-1.01,-0.99
1.54088e-03,-1.03,-1.05
1.54096e-03,-1.01,-0.99
1.54104e-03,-0.99,-1.05
1.54112e-03,-1.01,-0.99
1.54120e-03,-1.01,-1.05
1.54128e-03,-1.03,-0.99
1.54136e-03,-1.03,-1.05
1.54144e-03,-1.05,-0.99
1.54152e-03,-1.01,-1.07
1.54160e-03,-1.03,-0.99
1.54168e-03,-1.01,-1.05
1.54176e-03,-1.03,-0.99
1.54184e-03,-1.01,-1.05
1.54192e-03,-0.99,-0.99
1.54200e-03,-1.03,-1.05
1.54208e-03,-0.99,-0.99
1.54216e-03,-1.03,-1.05
1.54224e-03,-1.01,-0.99
1.54232e-03,-1.03,-1.05
1.54240e-03,-1.01,-0.99
1.54248e-03,-1.01,-1.05
1.54256e-03,-1.01,-0.99
1.54264e-03,-1.01,-1.05
1.54272e-03,-1.03,-0.99
1.54280e-03,-1.01,-1.05
1.54288e-03,-1.01,-1.01
1.54296e-03,-1.03,-1.05
1.54304e-03,-1.01,-0.99
1.54312e-03,-1.01,-1.05
1.54320e-03,-1.01,-0.99
1.54328e-03,-1.05,-1.05
1.54336e-03,-1.01,-0.99
1.54344e-03,-1.03,-1.07
1.54352e-03,-1.01,-0.99
1.54360e-03,-1.01,-1.05
1.54368e-03,-1.01,-0.99
1.54376e-03,-1.01,-1.05
1.54384e-03,-1.01,-0.99
1.54392e-03,-0.99,-1.05
1.54400e-03,-1.01,-0.99
1.54408e-03,-1.01,-1.05
1.54416e-03,-1.01,-0.99
1.54424e-03,-1.01,-1.05
1.54432e-03,-1.01,-0.99
1.54440e-03,-1.01,-1.05
1.54448e-03,-1.01,-0.99
1.54456e-03,-1.03,-1.05
1.54464e-03,-1.01,-0.99
1.54472e-03,-1.03,-1.05
1.54480e-03,-1.01,-0.99
1.54488e-03,-1.01,-1.05
1.54496e-03,-1.01,-0.99
1.54504e-03,-1.03,-1.05
1.54512e-03,-1.03,-0.99
1.54520e-03,-1.03,-1.05
1.54528e-03,-1.01,-1.01
1.54536e-03,-1.01,-1.05
1.54544e-03,-1.03,-0.99
1.54552e-03,-1.01,-1.05
1.54560e-03,-1.01,-0.99
1.54568e-03,-1.03,-1.05
1.54576e-03,-1.01,-0.99
1.54584e-03,-1.01,-1.05
1.54592e-03,-1.01,-0.99
1.54600e-03,-1.03,-1.05
1.54608e-03,-1.01,-1.01
1.54616e-03,-1.03,-1.05
1.54624e-03,-1.01,-0.99
1.54632e-03,-1.03,-1.05
1.54640e-03,-1.03,-0.99
1.54648e-03,-1.03,-1.05
1.54656e-03,-1.03,-0.99
1.54664e-03,-0.99,-1.05
1.54672e-03,-1.03,-0.99
1.54680e-03,-1.01,-1.05
1.54688e-03,-1.03,-0.99
1.54696e-03,-1.03,-1.05
1.54704e-03,-1.01,-0.99
1.54712e-03,-1.03,-1.05
1.54720e-03,-0.99,-0.99
1.54728e-03,-1.03,-1.05
1.54736e-03,-1.01,-0.99
1.54744e-03,-1.05,-1.05
1.54752e-03,-1.01,-0.99
1.54760e-03,-1.03,-1.07
1.54768e-03,-1.01,-1.01
1.54776e-03,-1.03,-1.05
1.54784e-03,-1.03,-0.99
1.54792e-03,-1.03,-1.05
1.54800e-03,-1.03,-0.99
1.54808e-03,-1.01,-1.05
1.54816e-03,-1.05,-1.01
1.54824e-03,-1.01,-1.05
1.54832e-03,-1.01,-1.01
1.54840e-03,-1.01,-1.05
1.54848e-03,-1.03,-0.99
1.54856e-03,-1.03,-1.05
1.54864e-03,-1.03,-0.99
1.54872e-03,-1.03,-1.05
1.54880e-03,-1.03,-0.99
1.54888e-03,-1.03,-1.07
1.54896e-03,-1.03,-0.99
1.54904e-03,-1.01,-1.05
1.54912e-03,-1.03,-0.99
1.54920e-03,-1.03,-1.05
1.54928e-03,-1.05,-1.01
1.54936e-03,-1.03,-1.07
1.54944e-03,-1.03,-0.99
1.54952e-03,-1.01,-1.05
1.54960e-03,-1.01,-0.99
1.54968e-03,-1.03,-1.07
1.54976e-03,-1.03,-0.99
1.54984e-03,-1.01,-1.05
1.54992e-03,-1.03,-1.01
1.55000e-03,-1.05,-1.05
1.55008e-03,-1.01,-0.99
1.55016e-03,-1.03,-1.07
1.55024e-03,-1.01,-0.99
1.55032e-03,-1.03,-1.05
1.55040e-03,-1.03,-1.01
1.55048e-03,-1.01,-1.07
1.55056e-03,-1.03,-1.01
1.55064e-03,-1.01,-1.05
1.55072e-03,-1.05,-0.99
1.55080e-03,-1.03,-1.05
1.55088e-03,-1.05,-1.01
1.55096e-03,-1.01,-1.05
1.55104e-03,-1.03,-1.01
1.55112e-03,-1.03,-1.07
1.55120e-03,-1.01,-0.99
1.55128e-03,-1.03,-1.05
1.55136e-03,-1.03,-0.99
1.55144e-03,-1.03,-1.07
1.55152e-03,-1.01,-1.01
1.55160e-03,-1.03,-1.05
1.55168e-03,-1.03,-0.99
1.55176e-03,-1.03,-1.07
1.55184e-03,-1.05,-1.01
1.55192e-03,-1.03,-1.05
1.55200e-03,-1.05,-1.01
1.55208e-03,-1.03,-1.05
1.55216e-03,-1.03,-1.01
1.55224e-03,-1.03,-1.05
1.55232e-03,-1.03,-1.01
1.55240e-03,-1.03,-1.05
1.55248e-03,-1.01,-0.99
1.55256e-03,-1.01,-1.07
1.55264e-03,-1.01,-1.01
1.55272e-03,-1.03,-1.05
1.55280e-03,-1.01,-1.01
1.55288e-03,-1.05,-1.07
1.55296e-03,-1.03,-1.01
1.55304e-03,-1.03,-1.05
1.55312e-03,-1.01,-0.99
1.55320e-03,-1.03,-1.07
1.55328e-03,-1.05,-0.99
1.55336e-03,-1.03,-1.05
1.55344e-03,-1.03,-1.01
1.55352e-03,-1.03,-1.07
1.55360e-03,-1.03,-1.01
1.55368e-03,-1.03,-1.07
1.55376e-03,-1.03,-1.01
1.55384e-03,-1.03,-1.05
1.55392e-03,-1.03,-1.01
1.55400e-03,-1.03,-1.05
1.55408e-03,-1.03,-0.99
1.55416e-03,-1.03,-1.05
1.55424e-03,-1.03,-1.01
1.55432e-03,-1.03,-1.05
1.55440e-03,-1.01,-1.01
1.55448e-03,-0.99,-1.07
1.55456e-03,-1.05,-0.99
1.55464e-03,-1.05,-1.07
1.55472e-03,-1.03,-0.99
1.55480e-03,-1.03,-1.05
1.55488e-03,-1.03,-1.01
1.55496e-03,-1.03,-1.05
1.55504e-03,-1.05,-0.99
1.55512e-03,-1.03,-1.05
1.55520e-03,-1.01,-0.99
1.55528e-03,-1.05,-1.05
1.55536e-03,-1.03,-0.99
1.55544e-03,-1.03,-1.07
1.55552e-03,-1.03,-1.01
1.55560e-03,-1.03,-1.05
1.55568e-03,-1.03,-0.99
1.55576e-03,-1.03,-1.05
1.55584e-03,-1.03,-0.99
1.55592e-03,-1.03,-1.05
1.55600e-03,-1.03,-1.01
1.55608e-03,-1.01,-1.05
1.55616e-03,-1.03,-0.99
1.55624e-03,-1.03,-1.05
1.55632e-03,-1.05,-1.01
1.55640e-03,-1.03,-1.05
1.55648e-03,-1.01,-1.01
1.55656e-03,-1.03,-1.05
1.55664e-03,-1.01,-1.01
1.55672e-03,-1.05,-1.05
1.55680e-03,-1.03,-0.99
1.55688e-03,-1.03,-1.05
1.55696e-03,-1.01,-1.01
1.55704e-03,-1.01,-1.07
1.55712e-03,-1.01,-0.99
1.55720e-03,-1.01,-1.07
1.55728e-03,-1.03,-0.99
1.55736e-03,-1.03,-1.07
1.55744e-03,-1.03,-1.01
1.55752e-03,-1.03,-1.07
1.55760e-03,-1.05,-1.01
1.55768e-03,-1.05,-1.05
1.55776e-03,-1.03,-0.99
1.55784e-03,-1.03,-1.07
1.55792e-03,-1.03,-1.01
1.55800e-03,-1.05,-1.05
1.55808e-03,-1.03,-1.01
1.55816e-03,-1.05,-1.05
1.55824e-03,-1.03,-1.01
1.55832e-03,-1.03,-1.07
1.55840e-03,-1.03,-1.01
1.55848e-03,-1.01,-1.07
1.55856e-03,-1.03,-1.01
1.55864e-03,-1.01,-1.05
1.55872e-03,-1.03,-1.01
1.55880e-03,-1.03,-1.05
1.55888e-03,-1.03,-0.99
1.55896e-03,-1.03,-1.05
1.55904e-03,-1.03,-1.01
1.55912e-03,-1.03,-1.05
1.55920e-03,-1.01,-1.01
1.55928e-03,-1.03,-1.05
1.55936e-03,-1.03,-1.01
1.55944e-03,-1.03,-1.05
1.55952e-03,-1.01,-0.99
1.55960e-03,-1.01,-1.05
1.55968e-03,-1.01,-0.99
1.55976e-03,-1.03,-1.05
1.55984e-03,-1.03,-0.99
1.55992e-03,-1.01,-1.07
1.56000e-03,-1.05,-1.01
1.56008e-03,-1.03,-1.05
1.56016e-03,-1.03,-0.99
1.56024e-03,-1.01,-1.05
1.56032e-03,-1.03,-1.01
1.56040e-03,-1.03,-1.07
1.56048e-03,-1.03,-0.99
1.56056e-03,-1.05,-1.07
1.56064e-03,-0.99,-1.01
1.56072e-03,-1.03,-1.07
1.56080e-03,-1.03,-0.99
1.56088e-03,-1.03,-1.05
1.56096e-03,-1.01,-0.99
1.56104e-03,-1.01,-1.05
1.56112e-03,-1.03,-1.01
1.56120e-03,-1.01,-1.05
1.56128e-03,-1.03,-0.99
1.56136e-03,-1.03,-1.05
1.56144e-03,-1.03,-1.01
1.56152e-03,-1.01,-1.05
1.56160e-03,-1.03,-0.99
1.56168e-03,-1.03,-1.05
1.56176e-03,-1.01,-1.01
1.56184e-03,-1.01,-1.05
1.56192e-03,-1.01,-1.01
1.56200e-03,-1.03,-1.05
1.56208e-03,-1.01,-1.01
1.56216e-03,-1.03,-1.05
1.56224e-03,-1.03,-1.01
1.56232e-03,-1.01,-1.05
1.56240e-03,-1.01,-1.01
1.56248e-03,-0.99,-1.05
1.56256e-03,-1.03,-0.99
1.56264e-03,-1.03,-1.05
1.56272e-03,-1.03,-0.99
1.56280e-03,-1.01,-1.05
1.56288e-03,-1.03,-0.99
1.56296e-03,-1.01,-1.05
1.56304e-03,-1.03,-0.99
1.56312e-03,-1.01,-1.05
1.56320e-03,-1.01,-0.99
1.56328e-03,-1.03,-1.07
1.56336e-03,-1.01,-0.99
1.56344e-03,-1.03,-1.05
1.56352e-03,-1.01,-1.01
1.56360e-03,-1.03,-1.05
1.56368e-03,-1.03,-1.01
1.56376e-03,-1.03,-1.07
1.56384e-03,-1.03,-1.01
1.56392e-03,-1.03,-1.05
1.56400e-03,-1.03,-0.99
1.56408e-03,-1.03,-1.05
1.56416e-03,-1.03,-0.99
1.56424e-03,-1.03,-1.07
1.56432e-03,-1.03,-0.99
1.56440e-03,-1.01,-1.07
1.56448e-03,-1.01,-1.01
1.56456e-03,-1.03,-1.07
1.56464e-03,-1.03,-0.99
1.56472e-03,-1.03,-1.05
1.56480e-03,-1.01,-1.01
1.56488e-03,-1.03,-1.05
1.56496e-03,-1.01,-1.01
1.56504e-03,-1.03,-1.07
1.56512e-03,-1.03,-0.99
1.56520e-03,-1.03,-1.05
1.56528e-03,-1.05,-0.99
1.56536e-03,-1.03,-1.07
1.56544e-03,-1.05,-0.99
1.56552e-03,-1.01,-1.05
1.56560e-03,-1.05,-1.01
1.56568e-03,-1.01,-1.05
1.56576e-03,-1.01,-0.99
1.56584e-03,-1.03,-1.05
1.56592e-03,-1.03,-0.99
1.56600e-03,-1.03,-1.05
1.56608e-03,-1.01,-1.01
1.56616e-03,-1.03,-1.05
1.56624e-03,-1.03,-0.99
1.56632e-03,-1.03,-1.05
1.56640e-03,-1.03,-1.01
1.56648e-03,-1.01,-1.05
1.56656e-03,-1.03,-1.01
1.56664e-03,-1.01,-1.05
1.56672e-03,-1.03,-1.01
1.56680e-03,-1.03,-1.05
1.56688e-03,-1.03,-1.01
1.56696e-03,-1.03,-1.07
1.56704e-03,-1.01,-1.01
1.56712e-03,-1.03,-1.05
1.56720e-03,-1.03,-0.99
1.56728e-03,-1.03,-1.05
1.56736e-03,-1.01,-1.01
1.56744e-03,-1.03,-1.05
1.56752e-03,-1.03,-0.99
1.56760e-03,-1.03,-1.05
1.56768e-03,-1.03,-1.01
1.56776e-03,-1.03,-1.07
1.56784e-03,-1.03,-0.99
1.56792e-03,-1.03,-1.05
1.56800e-03,-1.05,-1.01
1.56808e-03,-1.03,-1.05
1.56816e-03,-1.03,-1.01
1.56824e-03,-1.01,-1.05
1.56832e-03,-1.01,-1.01
1.56840e-03,-1.05,-1.05
1.56848e-03,-1.01,-0.99
1.56856e-03,-1.03,-1.05
1.56864e-03,-1.03,-1.01
1.56872e-03,-1.03,-1.05
1.56880e-03,-1.03,-1.01
1.56888e-03,-1.03,-1.05
1.56896e-03,-1.03,-1.01
1.56904e-03,-1.03,-1.05
1.56912e-03,-1.01,-1.01
1.56920e-03,-1.03,-1.05
1.56928e-03,-1.03,-0.99
1.56936e-03,-1.03,-1.05
1.56944e-03,-1.03,-1.01
1.56952e-03,-1.03,-1.05
1.56960e-03,-1.03,-1.01
1.56968e-03,-1.05,-1.05
1.56976e-03,-1.01,-1.01
1.56984e-03,-1.03,-1.05
1.56992e-03,-1.01,-0.99
1.57000e-03,-1.03,-1.05
1.57008e-03,-1.03,-1.01
1.57016e-03,-1.01,-1.05
1.57024e-03,-1.01,-1.01
1.57032e-03,-1.03,-1.05
1.57040e-03,-1.01,-0.99
1.57048e-03,-1.03,-1.05
1.57056e-03,-1.01,-0.99
1.57064e-03,-1.03,-1.07
1.57072e-03,-1.01,-0.99
1.57080e-03,-1.01,-1.05
1.57088e-03,-1.03,-0.99
1.57096e-03,-1.03,-1.05
1.57104e-03,-1.01,-0.99
1.57112e-03,-1.03,-1.05
1.57120e-03,-1.01,-1.01
1.57128e-03,-1.01,-1.07
1.57136e-03,-0.99,-0.99
1.57144e-03,-0.99,-1.05
1.57152e-03,-1.01,-0.99
1.57160e-03,-1.03,-1.05
1.57168e-03,-1.01,-0.99
1.57176e-03,-1.01,-1.05
1.57184e-03,-1.01,-0.99
1.57192e-03,-0.99,-1.05
1.57200e-03,-1.03,-0.99
1.57208e-03,-1.01,-1.05
1.57216e-03,-1.03,-0.99
1.57224e-03,-1.03,-1.05
1.57232e-03,-1.03,-1.01
1.57240e-03,-1.03,-1.05
1.57248e-03,-1.03,-1.01
1.57256e-03,-1.03,-1.05
1.57264e-03,-1.03,-0.99
1.57272e-03,-1.03,-1.05
1.57280e-03,-1.01,-0.99
1.57288e-03,-1.01,-1.07
1.57296e-03,-1.01,-0.99
1.57304e-03,-1.01,-1.05
1.57312e-03,-1.01,-0.99
1.57320e-03,-1.01,-1.05
1.57328e-03,-1.03,-0.99
1.57336e-03,-1.01,-1.05
1.57344e-03,-1.01,-1.01
1.57352e-03,-1.01,-1.05
1.57360e-03,-1.03,-0.99
1.57368e-03,-1.01,-1.05
1.57376e-03,-1.03,-0.99
1.57384e-03,-0.99,-1.05
1.57392e-03,-1.01,-1.01
1.57400e-03,-1.03,-1.05
1.57408e-03,-1.03,-0.99
1.57416e-03,-1.03,-1.05
1.57424e-03,-1.01,-0.99
1.57432e-03,-1.01,-1.05
1.57440e-03,-1.03,-0.99
1.57448e-03,-1.01,-1.05
1.57456e-03,-1.03,-0.99
1.57464e-03,-0.99,-1.05
1.57472e-03,-1.03,-0.99
1.57480e-03,-1.01,-1.05
1.57488e-03,-1.03,-0.99
1.57496e-03,-1.03,-1.05
1.57504e-03,-1.01,-0.99
1.57512e-03,-1.03,-1.05
1.57520e-03,-1.01,-0.99
1.57528e-03,-1.03,-1.05
1.57536e-03,-1.01,-0.99
1.57544e-03,-1.03,-1.05
1.57552e-03,-1.01,-0.99
1.57560e-03,-1.03,-1.05
1.57568e-03,-1.01,-0.99
1.57576e-03,-1.01,-1.05
1.57584e-03,-1.01,-0.99
1.57592e-03,-1.01,-1.05
1.57600e-03,-1.03,-0.99
1.57608e-03,-1.01,-1.05
1.57616e-03,-1.01,-0.99
1.57624e-03,-1.03,-1.05
1.57632e-03,-1.03,-0.99
1.57640e-03,-1.01,-1.05
1.57648e-03,-1.03,-0.99
1.57656e-03,-1.01,-1.05
1.57664e-03,-1.01,-0.99
1.57672e-03,-1.03,-1.05
1.57680e-03,-1.01,-0.99
1.57688e-03,-1.03,-1.05
1.57696e-03,-1.01,-0.99
1.57704e-03,-1.01,-1.05
1.57712e-03,-1.03,-0.99
1.57720e-03,-0.99,-1.05
1.57728e-03,-1.01,-0.99
1.57736e-03,-1.01,-1.05
1.57744e-03,-1.03,-0.99
1.57752e-03,-1.01,-1.05
1.57760e-03,-1.01,-0.99
1.57768e-03,-1.01,-1.05
1.57776e-03,-1.01,-1.01
1.57784e-03,-1.01,-1.05
1.57792e-03,-1.01,-0.99
1.57800e-03,-1.03,-1.05
1.57808e-03,-0.87,-0.99
1.57816e-03,-0.93,-1.11
1.57824e-03,-0.97,-0.87
1.57832e-03,-0.99,-0.99
1.57840e-03,-0.93,-0.75
1.57848e-03,-0.95,-1.01
1.57856e-03,-0.95,-0.91
1.57864e-03,-0.95,-0.97
1.57872e-03,-0.97,-0.91
1.57880e-03,-0.99,-1.01
1.57888e-03,-1.01,-0.93
1.57896e-03,-1.03,-1.03
1.57904e-03,-1.05,-0.97
1.57912e-03,-1.03,-1.05
1.57920e-03,-1.05,-0.99
1.57928e-03,-1.03,-1.09
1.57936e-03,-1.03,-1.01
1.57944e-03,-1.01,-1.07
1.57952e-03,-1.03,-1.01
1.57960e-03,-1.03,-1.07
1.57968e-03,-1.01,-1.01
1.57976e-03,-0.99,-1.05
1.57984e-03,-1.03,-0.99
1.57992e-03,-1.01,-1.05
1.58000e-03,-1.01,-0.99
1.58008e-03,-1.03,-1.03
1.58016e-03,-1.01,-0.99
1.58024e-03,-1.03,-1.03
1.58032e-03,-1.01,-0.99
1.58040e-03,-1.01,-1.05
1.58048e-03,-1.01,-1.01
1.58056e-03,-1.01,-1.05
1.58064e-03,-0.99,-0.99
1.58072e-03,-1.01,-1.05
1.58080e-03,-0.99,-0.99
1.58088e-03,-1.01,-1.05
1.58096e-03,-0.99,-0.99
1.58104e-03,-1.01,-1.05
1.58112e-03,-1.01,-0.99
1.58120e-03,-1.01,-1.03
1.58128e-03,-1.01,-0.99
1.58136e-03,-1.01,-1.03
1.58144e-03,-1.01,-0.99
1.58152e-03,-1.01,-1.03
1.58160e-03,-0.99,-0.99
1.58168e-03,-0.99,-1.03
1.58176e-03,-1.01,-0.99
1.58184e-03,-1.01,-1.03
1.58192e-03,-1.01,-0.99
1.58200e-03,-1.01,-1.03
1.58208e-03,-1.03,-0.99
1.58216e-03,-1.01,-1.03
1.58224e-03,-1.01,-0.99
1.58232e-03,-1.01,-1.03
1.58240e-03,-1.01,-0.99
1.58248e-03,-1.01,-1.03
1.58256e-03,-1.01,-0.99
1.58264e-03,-1.03,-1.03
1.58272e-03,-1.03,-0.99
1.58280e-03,-1.01,-1.03
1.58288e-03,-1.01,-0.99
1.58296e-03,-1.01,-1.05
1.58304e-03,-1.01,-0.99
1.58312e-03,-1.03,-1.05
1.58320e-03,-1.01,-0.99
1.58328e-03,-1.01,-1.03
1.58336e-03,-1.01,-0.99
1.58344e-03,-1.01,-1.05
1.58352e-03,-1.03,-0.99
1.58360e-03,-1.01,-1.05
1.58368e-03,-1.03,-0.99
1.58376e-03,-1.01,-1.05
1.58384e-03,-1.01,-0.99
1.58392e-03,-1.01,-1.03
1.58400e-03,-1.03,-0.99
1.58408e-03,-1.01,-1.03
1.58416e-03,-1.01,-0.99
1.58424e-03,-1.01,-1.03
1.58432e-03,-1.03,-0.99
1.58440e-03,-1.01,-1.03
1.58448e-03,-1.01,-0.97
1.58456e-03,-1.01,-1.03
1.58464e-03,-0.99,-0.99
1.58472e-03,-1.01,-1.03
1.58480e-03,-0.99,-0.99
1.58488e-03,-1.15,-1.03
1.58496e-03,-1.03,-0.99
1.58504e-03,-1.05,-1.35
1.58512e-03,-1.09,-0.93
1.58520e-03,-1.07,-1.11
1.58528e-03,-1.09,-1.01
1.58536e-03,-1.05,-1.11
1.58544e-03,-1.07,-1.05
1.58552e-03,-1.03,-1.11
1.58560e-03,-1.03,-1.03
1.58568e-03,-1.03,-1.09
1.58576e-03,-0.99,-1.01
1.58584e-03,-1.01,-1.05
1.58592e-03,-0.97,-0.99
1.58600e-03,-0.99,-1.01
1.58608e-03,-0.97,-0.97
1.58616e-03,-0.99,-1.01
1.58624e-03,-1.01,-0.97
1.58632e-03,-0.97,-1.03
1.58640e-03,-1.01,-0.97
1.58648e-03,-0.99,-1.03
1.58656e-03,-1.03,-0.97
1.58664e-03,-1.01,-1.05
1.58672e-03,-1.03,-0.99
1.58680e-03,-0.99,-1.05
1.58688e-03,-1.01,-0.97
1.58696e-03,-0.99,-1.05
1.58704e-03,-0.99,-0.99
1.58712e-03,-1.01,-1.05
1.58720e-03,-0.99,-0.99
1.58728e-03,-0.99,-1.05
1.58736e-03,-0.99,-0.97
1.58744e-03,-1.01,-1.03
1.58752e-03,-1.01,-0.99
1.58760e-03,-1.01,-1.03
1.58768e-03,-1.01,-0.99
1.58776e-03,-0.97,-1.05
1.58784e-03,-1.01,-0.97
1.58792e-03,-1.03,-1.05
1.58800e-03,-1.01,-0.97
1.58808e-03,-0.99,-1.03
1.58816e-03,-1.01,-0.99
1.58824e-03,-1.01,-1.05
1.58832e-03,-1.05,-0.99
1.58840e-03,-1.01,-1.05
1.58848e-03,-1.01,-0.97
1.58856e-03,-0.99,-1.05
1.58864e-03,-0.99,-0.97
1.58872e-03,-1.03,-1.05
1.58880e-03,-0.99,-0.99
1.58888e-03,-1.01,-1.05
1.58896e-03,-0.99,-0.99
1.58904e-03,-1.01,-1.05
1.58912e-03,-1.01,-0.99
1.58920e-03,-1.03,-1.05
1.58928e-03,-1.03,-0.99
1.58936e-03,-1.01,-1.05
1.58944e-03,-1.03,-0.99
1.58952e-03,-1.01,-1.05
1.58960e-03,-1.01,-0.99
1.58968e-03,-1.03,-1.05
1.58976e-03,-1.03,-1.01
1.58984e-03,-1.01,-1.05
1.58992e-03,-1.03,-0.99
1.59000e-03,-1.03,-1.05
1.59008e-03,-1.01,-0.99
1.59016e-03,-1.03,-1.05
1.59024e-03,-1.03,-0.99
1.59032e-03,-1.01,-1.05
1.59040e-03,-1.01,-0.99
1.59048e-03,-0.99,-1.05
1.59056e-03,-1.03,-0.99
1.59064e-03,-1.01,-1.05
1.59072e-03,-1.05,-0.99
1.59080e-03,-1.01,-1.05
1.59088e-03,-1.01,-0.99
1.59096e-03,-1.03,-1.05
1.59104e-03,-1.03,-0.99
1.59112e-03,-1.03,-1.05
1.59120e-03,-1.01,-0.99
1.59128e-03,-1.03,-1.05
1.59136e-03,-1.03,-0.99
1.59144e-03,-1.03,-1.05
1.59152e-03,-1.01,-0.99
1.59160e-03,-1.03,-1.05
1.59168e-03,-1.03,-1.01
1.59176e-03,-1.01,-1.05
1.59184e-03,-1.03,-0.99
1.59192e-03,-1.01,-1.05
1.59200e-03,-1.03,-0.99
1.59208e-03,-1.01,-1.05
1.59216e-03,-1.01,-0.99
1.59224e-03,-1.03,-1.05
1.59232e-03,-1.03,-0.99
1.59240e-03,-1.03,-1.05
1.59248e-03,-1.01,-1.01
1.59256e-03,-1.03,-1.05
1.59264e-03,-1.03,-0.99
1.59272e-03,-1.03,-1.05
1.59280e-03,-1.01,-0.99
1.59288e-03,-1.03,-1.05
1.59296e-03,-1.01,-1.01
1.59304e-03,-1.01,-1.05
1.59312e-03,-1.03,-0.99
1.59320e-03,-1.01,-1.05
1.59328e-03,-1.03,-1.01
1.59336e-03,-1.01,-1.05
1.59344e-03,-1.03,-0.99
1.59352e-03,-1.01,-1.05
1.59360e-03,-1.01,-0.99
1.59368e-03,-1.03,-1.05
1.59376e-03,-1.01,-0.99
1.59384e-03,-1.03,-1.05
1.59392e-03,-1.03,-1.01
1.59400e-03,-1.03,-1.05
1.59408e-03,-1.01,-0.99
1.59416e-03,-1.03,-1.05
1.59424e-03,-1.03,-1.01
1.59432e-03,-1.03,-1.05
1.59440e-03,-1.03,-0.99
1.59448e-03,-1.01,-1.05
1.59456e-03,-1.03,-0.99
1.59464e-03,-1.03,-1.05
1.59472e-03,-1.03,-0.99
1.59480e-03,-1.03,-1.05
1.59488e-03,-0.99,-0.99
1.59496e-03,-1.01,-1.05
1.59504e-03,-1.01,-0.99
1.59512e-03,-1.03,-1.05
1.59520e-03,-1.01,-0.99
1.59528e-03,-1.03,-1.07
1.59536e-03,-1.03,-0.99
1.59544e-03,-1.03,-1.05
1.59552e-03,-1.03,-0.99
1.59560e-03,-1.01,-1.05
1.59568e-03,-1.03,-0.99
1.59576e-03,-1.01,-1.05
1.59584e-03,-1.01,-0.99
1.59592e-03,-1.03,-1.05
1.59600e-03,-1.03,-1.01
1.59608e-03,-1.01,-1.05
1.59616e-03,-1.03,-0.99
1.59624e-03,-1.01,-1.05
1.59632e-03,-1.01,-0.97
1.59640e-03,-1.01,-1.07
1.59648e-03,-1.01,-0.99
1.59656e-03,-1.03,-1.05
1.59664e-03,-1.01,-0.99
1.59672e-03,-1.01,-1.05
1.59680e-03,-1.01,-0.97
1.59688e-03,-1.03,-1.05
1.59696e-03,-1.03,-0.99
1.59704e-03,-1.01,-1.07
1.59712e-03,-1.03,-0.99
1.59720e-03,-1.01,-1.07
1.59728e-03,-1.03,-0.99
1.59736e-03,-1.01,-1.07
1.59744e-03,-1.03,-0.99
1.59752e-03,-0.99,-1.05
1.59760e-03,-1.01,-0.99
1.59768e-03,-1.01,-1.05
1.59776e-03,-1.01,-0.99
1.59784e-03,-1.03,-1.05
1.59792e-03,-1.01,-0.99
1.59800e-03,-1.03,-1.05
1.59808e-03,-1.01,-0.99
1.59816e-03,-1.03,-1.05
1.59824e-03,-1.05,-0.99
1.59832e-03,-1.03,-1.05
1.59840e-03,-1.03,-0.99
1.59848e-03,-1.01,-1.05
1.59856e-03,-1.03,-0.99
1.59864e-03,-0.99,-1.05
1.59872e-03,-1.03,-0.99
1.59880e-03,-1.03,-1.05
1.59888e-03,-1.05,-0.99
1.59896e-03,-1.01,-1.05
1.59904e-03,-1.01,-1.01
1.59912e-03,-1.03,-1.05
1.59920e-03,-1.01,-0.99
1.59928e-03,-1.03,-1.05
1.59936e-03,-1.01,-1.01
1.59944e-03,-1.03,-1.05
1.59952e-03,-1.01,-1.01
1.59960e-03,-1.03,-1.05
1.59968e-03,-1.03,-0.99
1.59976e-03,-1.01,-1.05
1.59984e-03,-1.01,-0.99
1.59992e-03,-1.03,-1.05
1.60000e-03,-1.03,-0.99
1.60008e-03,-1.01,-1.05
1.60016e-03,-1.03,-0.99
1.60024e-03,-1.01,-1.05
1.60032e-03,-1.03,-1.01
1.60040e-03,-1.01,-1.05
1.60048e-03,-1.01,-0.99
1.60056e-03,-1.01,-1.05
1.60064e-03,-1.01,-0.99
1.60072e-03,-1.03,-1.05
1.60080e-03,-1.01,-1.01
1.60088e-03,-1.01,-1.05
1.60096e-03,-1.03,-0.99
1.60104e-03,-1.01,-1.05
1.60112e-03,-1.03,-0.99
1.60120e-03,-1.01,-1.05
1.60128e-03,-1.03,-0.99
1.60136e-03,-1.03,-1.05
1.60144e-03,-1.03,-0.99
1.60152e-03,-0.99,-1.05
1.60160e-03,-1.01,-0.99
1.60168e-03,-1.05,-1.05
1.60176e-03,-1.01,-0.99
1.60184e-03,-1.03,-1.05
1.60192e-03,-1.01,-0.99
1.60200e-03,-1.03,-1.03
1.60208e-03,-1.03,-0.99
1.60216e-03,-1.03,-1.05
1.60224e-03,-0.99,-0.99
1.60232e-03,-1.03,-1.05
1.60240e-03,-1.01,-0.99
1.60248e-03,-1.01,-1.07
1.60256e-03,-0.99,-0.99
1.60264e-03,-1.03,-1.05
1.60272e-03,-1.01,-0.99
1.60280e-03,-1.03,-1.05
1.60288e-03,-1.03,-1.01
1.60296e-03,-1.01,-1.05
1.60304e-03,-1.01,-0.99
1.60312e-03,-1.01,-1.05
1.60320e-03,-1.03,-0.97
1.60328e-03,-1.01,-1.05
1.60336e-03,-1.01,-0.99
1.60344e-03,-1.01,-1.05
1.60352e-03,-1.03,-0.99
1.60360e-03,-1.03,-1.05
1.60368e-03,-1.03,-0.99
1.60376e-03,-1.01,-1.05
1.60384e-03,-1.05,-0.99
1.60392e-03,-1.01,-1.05
1.60400e-03,-1.05,-0.99
1.60408e-03,-1.03,-1.05
1.60416e-03,-1.03,-0.99
1.60424e-03,-1.01,-1.05
1.60432e-03,-1.01,-0.99
1.60440e-03,-1.03,-1.07
1.60448e-03,-1.01,-0.99
1.60456e-03,-1.03,-1.05
1.60464e-03,-1.01,-0.99
1.60472e-03,-1.03,-1.05
1.60480e-03,-0.99,-0.99
1.60488e-03,-1.03,-1.05
1.60496e-03,-1.01,-0.99
1.60504e-03,-1.03,-1.05
1.60512e-03,-1.01,-1.01
1.60520e-03,-1.01,-1.05
1.60528e-03,-1.03,-0.99
1.60536e-03,-1.01,-1.05
1.60544e-03,-1.03,-0.99
1.60552e-03,-1.01,-1.05
1.60560e-03,-1.03,-1.01
1.60568e-03,-1.03,-1.05
1.60576e-03,-1.01,-0.99
1.60584e-03,-1.01,-1.05
1.60592e-03,-1.03,-0.99
1.60600e-03,-1.03,-1.05
1.60608e-03,-1.01,-1.01
1.60616e-03,-1.01,-1.05
1.60624e-03,-1.03,-1.01
1.60632e-03,-1.03,-1.05
1.60640e-03,-1.03,-0.99
1.60648e-03,-1.03,-1.05
1.60656e-03,-1.03,-0.99
1.60664e-03,-1.03,-1.05
1.60672e-03,-1.03,-0.99
1.60680e-03,-1.01,-1.05
1.60688e-03,-1.03,-1.01
1.60696e-03,-1.03,-1.05
1.60704e-03,-1.01,-0.99
1.60712e-03,-1.01,-1.05
1.60720e-03,-1.01,-0.99
1.60728e-03,-1.03,-1.05
1.60736e-03,-1.03,-0.99
1.60744e-03,-1.03,-1.05
1.60752e-03,-1.01,-0.99
1.60760e-03,-1.03,-1.05
1.60768e-03,-0.99,-0.99
1.60776e-03,-1.03,-1.07
1.60784e-03,-1.03,-0.99
1.60792e-03,-1.03,-1.05
1.60800e-03,-1.03,-0.97
1.60808e-03,-1.01,-1.07
1.60816e-03,-1.03,-0.99
1.60824e-03,-1.01,-1.05
1.60832e-03,-1.03,-1.01
1.60840e-03,-1.03,-1.05
1.60848e-03,-1.01,-1.01
1.60856e-03,-1.03,-1.05
1.60864e-03,-1.03,-1.01
1.60872e-03,-1.03,-1.05
1.60880e-03,-1.01,-1.01
1.60888e-03,-1.03,-1.05
1.60896e-03,-1.01,-1.01
1.60904e-03,-1.01,-1.05
1.60912e-03,-1.01,-0.99
1.60920e-03,-0.99,-1.05
1.60928e-03,-1.03,-1.01
1.60936e-03,-1.03,-1.05
1.60944e-03,-1.03,-0.99
1.60952e-03,-1.01,-1.07
1.60960e-03,-1.01,-1.01
1.60968e-03,-1.03,-1.05
1.60976e-03,-1.01,-1.01
1.60984e-03,-1.03,-1.05
1.60992e-03,-1.03,-1.01
1.61000e-03,-1.01,-1.05
1.61008e-03,-1.01,-1.01
1.61016e-03,-1.03,-1.05
1.61024e-03,-1.03,-0.99
1.61032e-03,-1.03,-1.05
1.61040e-03,-1.01,-0.99
1.61048e-03,-1.03,-1.05
1.61056e-03,-1.03,-0.99
1.61064e-03,-1.03,-1.05
1.61072e-03,-1.01,-0.99
1.61080e-03,-1.01,-1.05
1.61088e-03,-1.03,-1.01
1.61096e-03,-1.01,-1.05
1.61104e-03,-1.01,-1.01
1.61112e-03,-1.03,-1.05
1.61120e-03,-1.03,-0.99
1.61128e-03,-1.03,-1.05
1.61136e-03,-1.01,-1.01
1.61144e-03,-1.03,-1.07
1.61152e-03,-1.01,-1.01
1.61160e-03,-1.03,-1.05
1.61168e-03,-1.03,-0.99
1.61176e-03,-1.03,-1.05
1.61184e-03,-1.03,-0.99
1.61192e-03,-0.99,-1.05
1.61200e-03,-1.01,-0.99
1.61208e-03,-1.01,-1.05
1.61216e-03,-1.03,-0.99
1.61224e-03,-1.03,-1.05
1.61232e-03,-1.01,-0.99
1.61240e-03,-1.03,-1.05
1.61248e-03,-1.03,-0.99
1.61256e-03,-1.03,-1.05
1.61264e-03,-1.01,-0.99
1.61272e-03,-1.01,-1.05
1.61280e-03,-1.03,-0.99
1.61288e-03,-1.03,-1.05
1.61296e-03,-1.03,-0.99
1.61304e-03,-1.01,-1.05
1.61312e-03,-1.03,-0.99
1.61320e-03,-1.01,-1.05
1.61328e-03,-1.03,-0.99
1.61336e-03,-1.01,-1.05
1.61344e-03,-1.03,-0.99
1.61352e-03,-1.01,-1.05
1.61360e-03,-1.01,-0.99
1.61368e-03,-1.01,-1.05
1.61376e-03,-1.01,-1.01
1.61384e-03,-1.03,-1.05
1.61392e-03,-1.01,-0.99
1.61400e-03,-1.03,-1.05
1.61408e-03,-1.03,-0.99
1.61416e-03,-1.03,-1.05
1.61424e-03,-1.01,-0.99
1.61432e-03,-1.03,-1.05
1.61440e-03,-1.01,-0.99
1.61448e-03,-1.03,-1.05
1.61456e-03,-1.03,-0.99
1.61464e-03,-1.01,-1.07
1.61472e-03,-1.03,-1.01
1.61480e-03,-1.01,-1.05
1.61488e-03,-1.01,-1.01
1.61496e-03,-1.03,-1.05
1.61504e-03,-1.01,-1.01
1.61512e-03,-1.03,-1.05
1.61520e-03,-1.01,-1.01
1.61528e-03,-1.01,-1.05
1.61536e-03,-1.01,-1.01
1.61544e-03,-1.03,-1.05
1.61552e-03,-1.01,-0.99
1.61560e-03,-1.03,-1.05
1.61568e-03,-1.03,-0.99
1.61576e-03,-1.03,-1.05
1.61584e-03,-1.03,-0.99
1.61592e-03,-1.01,-1.05
1.61600e-03,-1.05,-0.99
1.61608e-03,-1.01,-1.05
1.61616e-03,-1.03,-1.01
1.61624e-03,-1.01,-1.05
1.61632e-03,-1.03,-0.99
1.61640e-03,-1.01,-1.05
1.61648e-03,-1.01,-0.99
1.61656e-03,-1.03,-1.05
1.61664e-03,-1.01,-0.99
1.61672e-03,-1.01,-1.05
1.61680e-03,-1.01,-0.99
1.61688e-03,-1.03,-1.05
1.61696e-03,-1.03,-0.99
1.61704e-03,-1.01,-1.05
1.61712e-03,-1.05,-0.99
1.61720e-03,-1.01,-1.05
1.61728e-03,-1.03,-0.99
1.61736e-03,-1.01,-1.05
1.61744e-03,-1.01,-1.01
1.61752e-03,-1.01,-1.05
1.61760e-03,-1.03,-0.99
1.61768e-03,-1.01,-1.05
1.61776e-03,-1.01,-1.01
1.61784e-03,-1.03,-1.05
1.61792e-03,-1.01,-0.99
1.61800e-03,-1.03,-1.05
1.61808e-03,-1.01,-0.99
1.61816e-03,-1.01,-1.05
1.61824e-03,-1.01,-0.99
1.61832e-03,-1.01,-1.07
1.61840e-03,-1.05,-0.99
1.61848e-03,-1.01,-1.05
1.61856e-03,-1.05,-0.99
1.61864e-03,-1.01,-1.05
1.61872e-03,-1.01,-0.99
1.61880e-03,-1.01,-1.05
1.61888e-03,-1.05,-1.01
1.61896e-03,-1.01,-1.05
1.61904e-03,-1.03,-1.01
1.61912e-03,-1.03,-1.05
1.61920e-03,-0.99,-0.99
1.61928e-03,-1.03,-1.05
1.61936e-03,-1.01,-0.99
1.61944e-03,-1.03,-1.05
1.61952e-03,-1.01,-0.99
1.61960e-03,-1.01,-1.07
1.61968e-03,-1.01,-0.99
1.61976e-03,-1.01,-1.05
1.61984e-03,-1.01,-0.99
1.61992e-03,-1.01,-1.05
1.62000e-03,-1.03,-0.99
1.62008e-03,-1.01,-1.05
1.62016e-03,-1.03,-0.99
1.62024e-03,-1.01,-1.05
1.62032e-03,-1.01,-0.99
1.62040e-03,-1.03,-1.05
1.62048e-03,-0.99,-0.99
1.62056e-03,-1.03,-1.05
1.62064e-03,-1.01,-0.99
1.62072e-03,-1.01,-1.05
1.62080e-03,-1.01,-0.99
1.62088e-03,-1.01,-1.05
1.62096e-03,-1.03,-0.99
1.62104e-03,-1.01,-1.05
1.62112e-03,-1.03,-0.99
1.62120e-03,-1.01,-1.05
1.62128e-03,-1.03,-0.99
1.62136e-03,-1.01,-1.05
1.62144e-03,-1.03,-1.01
1.62152e-03,-1.03,-1.05
1.62160e-03,-1.01,-0.99
1.62168e-03,-1.01,-1.05
1.62176e-03,-1.01,-0.99
1.62184e-03,-1.01,-1.05
1.62192e-03,-1.01,-0.99
1.62200e-03,-1.01,-1.05
1.62208e-03,-1.01,-0.99
1.62216e-03,-1.01,-1.03
1.62224e-03,-1.01,-0.99
1.62232e-03,-1.03,-1.05
1.62240e-03,-1.01,-0.99
1.62248e-03,-1.03,-1.05
1.62256e-03,-1.01,-0.99
1.62264e-03,-1.01,-1.05
1.62272e-03,-1.03,-0.99
1.62280e-03,-1.01,-1.03
1.62288e-03,-1.03,-0.99
1.62296e-03,-1.01,-1.05
1.62304e-03,-0.99,-0.99
1.62312e-03,-1.03,-1.05
1.62320e-03,-0.99,-0.99
1.62328e-03,-1.03,-1.05
1.62336e-03,-1.01,-0.99
1.62344e-03,-1.01,-1.05
1.62352e-03,-1.01,-0.99
1.62360e-03,-1.01,-1.05
1.62368e-03,-1.03,-0.99
1.62376e-03,-1.01,-1.05
1.62384e-03,-1.01,-0.99
1.62392e-03,-0.99,-1.03
1.62400e-03,-1.03,-0.99
1.62408e-03,-0.99,-1.05
1.62416e-03,-1.03,-0.99
1.62424e-03,-1.01,-1.05
1.62432e-03,-1.03,-0.99
1.62440e-03,-1.03,-1.05
1.62448e-03,-1.01,-0.99
1.62456e-03,-1.03,-1.05
1.62464e-03,-0.99,-0.99
1.62472e-03,-1.01,-1.05
1.62480e-03,-1.01,-0.99
1.62488e-03,-1.01,-1.05
1.62496e-03,-1.03,-0.99
1.62504e-03,-1.01,-1.05
1.62512e-03,-1.01,-0.99
1.62520e-03,-1.01,-1.05
1.62528e-03,-1.03,-0.99
1.62536e-03,-1.01,-1.05
1.62544e-03,-1.03,-0.99
1.62552e-03,-1.01,-1.03
1.62560e-03,-1.03,-0.99
1.62568e-03,-1.01,-1.03
1.62576e-03,-1.01,-0.99
1.62584e-03,-1.01,-1.05
1.62592e-03,-1.01,-0.99
1.62600e-03,-1.01,-1.05
1.62608e-03,-1.01,-0.99
1.62616e-03,-0.99,-1.05
1.62624e-03,-1.03,-0.99
1.62632e-03,-1.01,-1.05
1.62640e-03,-1.01,-0.99
1.62648e-03,-1.01,-1.05
1.62656e-03,-1.03,-0.99
1.62664e-03,-0.99,-1.05
1.62672e-03,-1.03,-0.99
1.62680e-03,-1.01,-1.05
1.62688e-03,-1.03,-0.99
1.62696e-03,-1.01,-1.05
1.62704e-03,-1.01,-0.99
1.62712e-03,-1.01,-1.03
1.62720e-03,-1.01,-0.99
1.62728e-03,-1.01,-1.05
1.62736e-03,-1.03,-0.99
1.62744e-03,-1.01,-1.05
1.62752e-03,-1.03,-0.99
1.62760e-03,-0.99,-1.05
1.62768e-03,-1.03,-0.99
1.62776e-03,-1.01,-1.05
1.62784e-03,-1.03,-0.97
1.62792e-03,-1.01,-1.07
1.62800e-03,-1.03,-0.97
1.62808e-03,-1.01,-1.05
1.62816e-03,-0.75,-0.99
1.62824e-03,-0.95,-1.09
1.62832e-03,-0.97,-0.75
1.62840e-03,-0.97,-0.99
1.62848e-03,-0.93,-0.75
1.62856e-03,-0.93,-1.01
1.62864e-03,-0.95,-0.91
1.62872e-03,-0.93,-0.97
1.62880e-03,-0.99,-0.91
1.62888e-03,-1.01,-1.01
1.62896e-03,-1.03,-0.93
1.62904e-03,-1.05,-1.05
1.62912e-03,-1.05,-0.97
1.62920e-03,-1.03,-1.05
1.62928e-03,-1.05,-1.01
1.62936e-03,-1.01,-1.07
1.62944e-03,-1.03,-1.01
1.62952e-03,-1.03,-1.07
1.62960e-03,-1.01,-1.01
1.62968e-03,-1.01,-1.05
1.62976e-03,-1.01,-1.01
1.62984e-03,-1.01,-1.05
1.62992e-03,-1.01,-0.99
1.63000e-03,-1.01,-1.03
1.63008e-03,-1.01,-0.99
1.63016e-03,-1.01,-1.03
1.63024e-03,-1.01,-0.99
1.63032e-03,-1.01,-1.05
1.63040e-03,-0.99,-0.97
1.63048e-03,-1.01,-1.05
1.63056e-03,-1.01,-0.99
1.63064e-03,-1.01,-1.05
1.63072e-03,-1.01,-0.99
1.63080e-03,-1.01,-1.05
1.63088e-03,-1.01,-0.99
1.63096e-03,-1.01,-1.03
1.63104e-03,-1.01,-0.99
1.63112e-03,-1.01,-1.03
1.63120e-03,-1.01,-0.99
1.63128e-03,-0.97,-1.03
1.63136e-03,-1.01,-0.99
1.63144e-03,-0.99,-1.03
1.63152e-03,-1.01,-0.97
1.63160e-03,-1.01,-1.03
1.63168e-03,-1.01,-0.99
1.63176e-03,-1.01,-1.03
1.63184e-03,-1.01,-0.99
1.63192e-03,-0.99,-1.05
1.63200e-03,-1.01,-0.97
1.63208e-03,-1.01,-1.03
1.63216e-03,-1.01,-0.99
1.63224e-03,-1.01,-1.03
1.63232e-03,-1.03,-0.99
1.63240e-03,-1.01,-1.05
1.63248e-03,-1.01,-0.99
1.63256e-03,-1.01,-1.03
1.63264e-03,-1.01,-0.99
1.63272e-03,-1.01,-1.03
1.63280e-03,-1.01,-0.99
1.63288e-03,-1.01,-1.03
1.63296e-03,-1.01,-0.99
1.63304e-03,-1.01,-1.03
1.63312e-03,-1.01,-0.99
1.63320e-03,-1.01,-1.03
1.63328e-03,-1.03,-0.99
1.63336e-03,-1.01,-1.03
1.63344e-03,-1.01,-0.99
1.63352e-03,-1.01,-1.03
1.63360e-03,-1.01,-0.99
1.63368e-03,-0.99,-1.03
1.63376e-03,-0.99,-0.99
1.63384e-03,-1.01,-1.03
1.63392e-03,-1.01,-0.99
1.63400e-03,-0.99,-1.03
1.63408e-03,-0.99,-0.99
1.63416e-03,-0.99,-1.03
1.63424e-03,-1.01,-0.99
1.63432e-03,-0.99,-1.03
1.63440e-03,-0.99,-0.99
1.63448e-03,-1.01,-1.05
1.63456e-03,-0.99,-0.97
1.63464e-03,-1.01,-1.03
1.63472e-03,-1.01,-0.99
1.63480e-03,-1.01,-1.05
1.63488e-03,-0.93,-0.99
1.63496e-03,-1.07,-1.05
1.63504e-03,-1.05,-0.93
1.63512e-03,-1.03,-1.33
1.63520e-03,-1.09,-0.93
1.63528e-03,-1.05,-1.09
1.63536e-03,-1.07,-1.01
1.63544e-03,-1.09,-1.11
1.63552e-03,-1.05,-1.03
1.63560e-03,-1.03,-1.09
1.63568e-03,-1.01,-1.03
1.63576e-03,-0.97,-1.07
1.63584e-03,-0.99,-0.99
1.63592e-03,-0.99,-1.05
1.63600e-03,-0.97,-0.97
1.63608e-03,-0.99,-1.01
1.63616e-03,-0.99,-0.97
1.63624e-03,-1.01,-1.01
1.63632e-03,-0.99,-0.97
1.63640e-03,-1.01,-1.03
1.63648e-03,-0.99,-0.95
1.63656e-03,-1.01,-1.03
1.63664e-03,-0.99,-0.97
1.63672e-03,-1.01,-1.03
1.63680e-03,-1.01,-0.99
1.63688e-03,-1.01,-1.05
1.63696e-03,-0.99,-0.99
1.63704e-03,-0.99,-1.03
1.63712e-03,-1.03,-0.97
1.63720e-03,-1.01,-1.03
1.63728e-03,-1.01,-0.97
1.63736e-03,-1.01,-1.03
1.63744e-03,-1.01,-0.99
1.63752e-03,-1.01,-1.03
1.63760e-03,-1.01,-0.97
1.63768e-03,-0.99,-1.03
1.63776e-03,-1.01,-0.97
1.63784e-03,-1.01,-1.05
1.63792e-03,-1.01,-0.99
1.63800e-03,-1.03,-1.05
1.63808e-03,-1.01,-0.99
1.63816e-03,-1.03,-1.03
1.63824e-03,-1.01,-0.99
1.63832e-03,-1.01,-1.03
1.63840e-03,-1.03,-0.97
1.63848e-03,-1.01,-1.05
1.63856e-03,-1.01,-0.99
1.63864e-03,-1.01,-1.05
1.63872e-03,-1.01,-0.99
1.63880e-03,-1.01,-1.03
1.63888e-03,-1.03,-0.99
1.63896e-03,-1.03,-1.03
1.63904e-03,-1.01,-0.99
1.63912e-03,-1.03,-1.05
1.63920e-03,-0.99,-0.99
1.63928e-03,-1.01,-1.05
1.63936e-03,-1.01,-0.99
1.63944e-03,-1.03,-1.05
1.63952e-03,-1.01,-1.01
1.63960e-03,-1.01,-1.05
1.63968e-03,-1.01,-0.99
1.63976e-03,-1.01,-1.05
1.63984e-03,-1.01,-0.99
1.63992e-03,-0.99,-1.05
1.64000e-03,-1.03,-0.99
1.64008e-03,-1.01,-1.05
1.64016e-03,-1.03,-0.99
1.64024e-03,-1.01,-1.05
1.64032e-03,-1.01,-0.99
1.64040e-03,-1.03,-1.05
1.64048e-03,-1.01,-0.99
1.64056e-03,-1.03,-1.03
1.64064e-03,-1.01,-0.99
1.64072e-03,-1.01,-1.03
1.64080e-03,-1.01,-0.99
1.64088e-03,-1.01,-1.05
1.64096e-03,-1.01,-0.99
1.64104e-03,-0.99,-1.03
1.64112e-03,-1.01,-0.99
1.64120e-03,-0.99,-1.05
1.64128e-03,-1.01,-0.99
1.64136e-03,-1.01,-1.03
1.64144e-03,-1.01,-0.99
1.64152e-03,-1.01,-1.05
1.64160e-03,-1.01,-0.99
1.64168e-03,-1.01,-1.05
1.64176e-03,-1.01,-0.99
1.64184e-03,-1.03,-1.05
1.64192e-03,-0.99,-0.99
1.64200e-03,-1.01,-1.05
1.64208e-03,-1.01,-0.99
1.64216e-03,-1.01,-1.05
1.64224e-03,-1.01,-0.99
1.64232e-03,-0.99,-1.05
1.64240e-03,-1.01,-0.99
1.64248e-03,-0.99,-1.05
1.64256e-03,-1.03,-0.99
1.64264e-03,-1.01,-1.05
1.64272e-03,-1.03,-0.99
1.64280e-03,-1.03,-1.05
1.64288e-03,-1.03,-0.99
1.64296e-03,-1.03,-1.05
1.64304e-03,-1.01,-0.99
1.64312e-03,-1.03,-1.05
1.64320e-03,-0.99,-0.99
1.64328e-03,-1.01,-1.05
1.64336e-03,-1.01,-0.99
1.64344e-03,-1.01,-1.05
1.64352e-03,-1.01,-0.99
1.64360e-03,-1.01,-1.05
1.64368e-03,-1.03,-0.99
1.64376e-03,-1.03,-1.05
1.64384e-03,-1.03,-0.99
1.64392e-03,-1.01,-1.05
1.64400e-03,-1.01,-0.99
1.64408e-03,-1.03,-1.05
1.64416e-03,-1.01,-0.99
1.64424e-03,-1.01,-1.05
1.64432e-03,-1.01,-0.99
1.64440e-03,-1.03,-1.05
1.64448e-03,-1.01,-0.99
1.64456e-03,-1.03,-1.05
1.64464e-03,-1.01,-0.99
1.64472e-03,-1.03,-1.05
1.64480e-03,-1.01,-0.99
1.64488e-03,-1.01,-1.05
1.64496e-03,-1.01,-0.99
1.64504e-03,-1.01,-1.05
1.64512e-03,-1.01,-0.99
1.64520e-03,-1.01,-1.05
1.64528e-03,-1.03,-1.01
1.64536e-03,-1.01,-1.05
1.64544e-03,-1.03,-0.99
1.64552e-03,-1.03,-1.05
1.64560e-03,-1.01,-0.99
1.64568e-03,-1.03,-1.05
1.64576e-03,-1.01,-0.99
1.64584e-03,-1.03,-1.05
1.64592e-03,-1.01,-0.99
1.64600e-03,-1.03,-1.05
1.64608e-03,-1.03,-0.99
1.64616e-03,-1.03,-1.05
1.64624e-03,-1.01,-0.99
1.64632e-03,-1.01,-1.05
1.64640e-03,-1.01,-0.99
1.64648e-03,-1.01,-1.05
1.64656e-03,-1.01,-0.99
1.64664e-03,-0.99,-1.05
1.64672e-03,-1.01,-0.99
1.64680e-03,-1.03,-1.03
1.64688e-03,-1.03,-0.99
1.64696e-03,-1.03,-1.05
1.64704e-03,-1.01,-0.99
1.64712e-03,-1.03,-1.05
1.64720e-03,-1.01,-0.99
1.64728e-03,-1.01,-1.05
1.64736e-03,-1.03,-0.99
1.64744e-03,-1.03,-1.05
1.64752e-03,-1.03,-0.99
1.64760e-03,-1.01,-1.05
1.64768e-03,-1.01,-0.99
1.64776e-03,-1.01,-1.05
1.64784e-03,-1.01,-0.99
1.64792e-03,-0.99,-1.07
1.64800e-03,-1.03,-0.99
1.64808e-03,-0.99,-1.05
1.64816e-03,-1.01,-0.99
1.64824e-03,-1.01,-1.05
1.64832e-03,-1.01,-0.99
1.64840e-03,-1.03,-1.05
1.64848e-03,-1.03,-0.99
1.64856e-03,-1.01,-1.05
1.64864e-03,-1.03,-0.99
1.64872e-03,-1.03,-1.05
1.64880e-03,-1.03,-0.99
1.64888e-03,-1.01,-1.05
1.64896e-03,-1.01,-0.99
1.64904e-03,-1.01,-1.05
1.64912e-03,-1.01,-1.01
1.64920e-03,-1.01,-1.05
1.64928e-03,-1.05,-0.99
1.64936e-03,-1.01,-1.05
1.64944e-03,-1.01,-0.99
1.64952e-03,-1.01,-1.05
1.64960e-03,-1.01,-0.99
1.64968e-03,-1.03,-1.05
1.64976e-03,-1.01,-0.99
1.64984e-03,-1.03,-1.05
1.64992e-03,-1.01,-0.99
1.65000e-03,-1.03,-1.05
1.65008e-03,-0.99,-0.99
1.65016e-03,-1.03,-1.05
1.65024e-03,-1.01,-0.99
1.65032e-03,-1.05,-1.07
1.65040e-03,-1.03,-0.99
1.65048e-03,-1.01,-1.05
1.65056e-03,-1.03,-0.99
1.65064e-03,-1.01,-1.05
1.65072e-03,-1.03,-0.99
1.65080e-03,-1.01,-1.05
1.65088e-03,-1.03,-0.99
1.65096e-03,-1.01,-1.05
1.65104e-03,-0.99,-1.01
1.65112e-03,-1.03,-1.05
1.65120e-03,-0.99,-0.99
1.65128e-03,-1.01,-1.07
1.65136e-03,-1.01,-0.99
1.65144e-03,-1.03,-1.07
1.65152e-03,-1.01,-0.97
1.65160e-03,-1.03,-1.05
1.65168e-03,-1.05,-0.99
1.65176e-03,-1.03,-1.05
1.65184e-03,-1.03,-0.99
1.65192e-03,-1.03,-1.05
1.65200e-03,-1.03,-0.99
1.65208e-03,-1.01,-1.05
1.65216e-03,-1.01,-1.01
1.65224e-03,-1.03,-1.05
1.65232e-03,-1.01,-1.01
1.65240e-03,-1.01,-1.05
1.65248e-03,-1.01,-1.01
1.65256e-03,-1.03,-1.05
1.65264e-03,-1.01,-1.01
1.65272e-03,-0.99,-1.05
1.65280e-03,-1.01,-1.01
1.65288e-03,-1.05,-1.07
1.65296e-03,-1.03,-0.99
1.65304e-03,-1.03,-1.07
1.65312e-03,-1.03,-0.99
1.65320e-03,-1.03,-1.07
1.65328e-03,-1.03,-0.99
1.65336e-03,-1.03,-1.07
1.65344e-03,-1.03,-1.01
1.65352e-03,-1.01,-1.05
1.65360e-03,-0.99,-0.99
1.65368e-03,-1.05,-1.05
1.65376e-03,-1.03,-0.99
1.65384e-03,-1.03,-1.05
1.65392e-03,-1.01,-0.99
1.65400e-03,-1.03,-1.05
1.65408e-03,-1.03,-0.99
1.65416e-03,-1.01,-1.05
1.65424e-03,-1.03,-0.99
1.65432e-03,-1.03,-1.05
1.65440e-03,-1.03,-0.99
1.65448e-03,-1.01,-1.05
1.65456e-03,-1.03,-1.01
1.65464e-03,-1.03,-1.05
1.65472e-03,-1.03,-1.01
1.65480e-03,-1.01,-1.05
1.65488e-03,-1.03,-1.01
1.65496e-03,-1.01,-1.05
1.65504e-03,-1.03,-1.01
1.65512e-03,-1.01,-1.05
1.65520e-03,-1.01,-0.99
1.65528e-03,-1.03,-1.05
1.65536e-03,-1.01,-1.01
1.65544e-03,-1.01,-1.05
1.65552e-03,-1.01,-1.01
1.65560e-03,-1.01,-1.07
1.65568e-03,-1.03,-1.01
1.65576e-03,-1.01,-1.05
1.65584e-03,-1.03,-0.99
1.65592e-03,-1.03,-1.05
1.65600e-03,-1.03,-0.99
1.65608e-03,-1.01,-1.07
1.65616e-03,-1.01,-1.01
1.65624e-03,-1.03,-1.05
1.65632e-03,-1.03,-0.99
1.65640e-03,-1.01,-1.05
1.65648e-03,-1.03,-1.01
1.65656e-03,-1.03,-1.05
1.65664e-03,-1.01,-0.99
1.65672e-03,-1.01,-1.05
1.65680e-03,-1.01,-1.01
1.65688e-03,-1.03,-1.05
1.65696e-03,-1.03,-0.99
1.65704e-03,-1.01,-1.05
1.65712e-03,-1.03,-0.99
1.65720e-03,-1.01,-1.05
1.65728e-03,-1.01,-1.01
1.65736e-03,-1.01,-1.07
1.65744e-03,-1.03,-1.01
1.65752e-03,-1.03,-1.05
1.65760e-03,-1.03,-1.01
1.65768e-03,-1.03,-1.05
1.65776e-03,-1.01,-0.99
1.65784e-03,-1.03,-1.05
1.65792e-03,-1.01,-0.99
1.65800e-03,-1.03,-1.05
1.65808e-03,-1.01,-0.99
1.65816e-03,-1.01,-1.05
1.65824e-03,-1.01,-1.01
1.65832e-03,-1.03,-1.05
1.65840e-03,-1.03,-1.01
1.65848e-03,-1.03,-1.05
1.65856e-03,-1.01,-0.99
1.65864e-03,-1.03,-1.05
1.65872e-03,-1.03,-1.01
1.65880e-03,-1.01,-1.05
1.65888e-03,-1.03,-0.99
1.65896e-03,-1.03,-1.05
1.65904e-03,-1.03,-0.99
1.65912e-03,-1.05,-1.05
1.65920e-03,-1.01,-0.99
1.65928e-03,-1.03,-1.07
1.65936e-03,-1.01,-0.99
1.65944e-03,-1.03,-1.07
1.65952e-03,-1.03,-0.99
1.65960e-03,-1.01,-1.05
1.65968e-03,-1.03,-0.99
1.65976e-03,-1.01,-1.05
1.65984e-03,-1.03,-0.99
1.65992e-03,-1.01,-1.07
1.66000e-03,-1.03,-0.99
1.66008e-03,-1.01,-1.05
1.66016e-03,-1.01,-0.99
1.66024e-03,-1.03,-1.05
1.66032e-03,-1.03,-0.99
1.66040e-03,-1.03,-1.05
1.66048e-03,-1.01,-0.99
1.66056e-03,-1.03,-1.07
1.66064e-03,-1.01,-0.99
1.66072e-03,-1.03,-1.05
1.66080e-03,-1.03,-0.99
1.66088e-03,-1.01,-1.05
1.66096e-03,-1.01,-0.99
1.66104e-03,-1.01,-1.05
1.66112e-03,-1.01,-0.99
1.66120e-03,-1.01,-1.05
1.66128e-03,-1.03,-0.99
1.66136e-03,-1.01,-1.05
1.66144e-03,-1.01,-1.01
1.66152e-03,-0.99,-1.05
1.66160e-03,-1.03,-0.99
1.66168e-03,-1.03,-1.05
1.66176e-03,-1.01,-0.99
1.66184e-03,-1.03,-1.05
1.66192e-03,-1.01,-0.99
1.66200e-03,-1.03,-1.05
1.66208e-03,-1.01,-0.99
1.66216e-03,-1.01,-1.05
1.66224e-03,-1.01,-0.99
1.66232e-03,-1.01,-1.05
1.66240e-03,-1.01,-0.99
1.66248e-03,-1.01,-1.05
1.66256e-03,-1.03,-0.99
1.66264e-03,-1.01,-1.05
1.66272e-03,-1.01,-0.99
1.66280e-03,-1.01,-1.05
1.66288e-03,-1.01,-0.99
1.66296e-03,-1.01,-1.05
1.66304e-03,-1.03,-0.99
1.66312e-03,-1.01,-1.05
1.66320e-03,-1.01,-0.99
1.66328e-03,-1.03,-1.05
1.66336e-03,-1.03,-0.99
1.66344e-03,-1.01,-1.05
1.66352e-03,-1.01,-0.99
1.66360e-03,-1.01,-1.05
1.66368e-03,-1.01,-0.99
1.66376e-03,-0.99,-1.05
1.66384e-03,-1.03,-0.99
1.66392e-03,-1.03,-1.05
1.66400e-03,-1.01,-0.99
1.66408e-03,-0.99,-1.05
1.66416e-03,-1.03,-1.01
1.66424e-03,-1.03,-1.05
1.66432e-03,-1.01,-0.99
1.66440e-03,-1.03,-1.05
1.66448e-03,-1.01,-0.99
1.66456e-03,-1.03,-1.05
1.66464e-03,-1.01,-0.99
1.66472e-03,-1.03,-1.05
1.66480e-03,-1.01,-0.99
1.66488e-03,-1.01,-1.05
1.66496e-03,-1.01,-0.99
1.66504e-03,-1.03,-1.05
1.66512e-03,-1.03,-0.99
1.66520e-03,-1.01,-1.05
1.66528e-03,-1.03,-0.99
1.66536e-03,-1.01,-1.05
1.66544e-03,-1.05,-0.99
1.66552e-03,-1.01,-1.05
1.66560e-03,-1.03,-0.99
1.66568e-03,-1.03,-1.05
1.66576e-03,-1.01,-0.99
1.66584e-03,-1.03,-1.05
1.66592e-03,-1.03,-0.99
1.66600e-03,-1.03,-1.05
1.66608e-03,-1.03,-1.01
1.66616e-03,-1.01,-1.05
1.66624e-03,-1.03,-1.01
1.66632e-03,-1.03,-1.05
1.66640e-03,-1.03,-0.99
1.66648e-03,-1.03,-1.05
1.66656e-03,-1.03,-0.99
1.66664e-03,-1.01,-1.05
1.66672e-03,-1.03,-0.99
1.66680e-03,-0.99,-1.05
1.66688e-03,-1.03,-0.99
1.66696e-03,-1.01,-1.05
1.66704e-03,-1.01,-0.99
1.66712e-03,-1.01,-1.07
1.66720e-03,-1.01,-0.97
1.66728e-03,-1.03,-1.05
1.66736e-03,-1.03,-0.99
1.66744e-03,-1.03,-1.05
1.66752e-03,-1.01,-0.99
1.66760e-03,-1.03,-1.05
1.66768e-03,-1.03,-0.99
1.66776e-03,-1.01,-1.05
1.66784e-03,-1.01,-0.99
1.66792e-03,-1.01,-1.05
1.66800e-03,-1.03,-0.99
1.66808e-03,-1.01,-1.05
1.66816e-03,-1.01,-0.99
1.66824e-03,-1.01,-1.07
1.66832e-03,-1.03,-0.99
1.66840e-03,-1.01,-1.05
1.66848e-03,-1.01,-0.99
1.66856e-03,-1.01,-1.05
1.66864e-03,-1.01,-0.99
1.66872e-03,-1.01,-1.05
1.66880e-03,-1.01,-0.99
1.66888e-03,-1.01,-1.05
1.66896e-03,-1.01,-1.01
1.66904e-03,-1.01,-1.05
1.66912e-03,-1.03,-0.99
1.66920e-03,-1.01,-1.05
1.66928e-03,-1.01,-0.99
1.66936e-03,-1.01,-1.05
1.66944e-03,-1.03,-0.99
1.66952e-03,-1.01,-1.05
1.66960e-03,-1.01,-0.99
1.66968e-03,-1.03,-1.05
1.66976e-03,-0.99,-1.01
1.66984e-03,-1.03,-1.05
1.66992e-03,-1.03,-0.99
1.67000e-03,-1.01,-1.05
1.67008e-03,-1.01,-0.99
1.67016e-03,-1.03,-1.05
1.67024e-03,-1.01,-0.99
1.67032e-03,-1.01,-1.05
1.67040e-03,-1.03,-0.99
1.67048e-03,-1.01,-1.05
1.67056e-03,-1.03,-0.99
1.67064e-03,-1.03,-1.05
1.67072e-03,-1.01,-1.01
1.67080e-03,-1.03,-1.05
1.67088e-03,-1.01,-1.01
1.67096e-03,-1.03,-1.05
1.67104e-03,-0.99,-1.01
1.67112e-03,-1.03,-1.05
1.67120e-03,-1.01,-0.99
1.67128e-03,-1.03,-1.05
1.67136e-03,-1.01,-0.99
1.67144e-03,-1.03,-1.05
1.67152e-03,-1.01,-0.99
1.67160e-03,-1.01,-1.05
1.67168e-03,-1.03,-0.99
1.67176e-03,-1.01,-1.05
1.67184e-03,-1.03,-0.99
1.67192e-03,-1.03,-1.05
1.67200e-03,-1.03,-1.01
1.67208e-03,-1.03,-1.05
1.67216e-03,-1.03,-0.99
1.67224e-03,-1.03,-1.05
1.67232e-03,-1.01,-0.99
1.67240e-03,-1.01,-1.05
1.67248e-03,-1.01,-0.99
1.67256e-03,-1.03,-1.05
1.67264e-03,-1.01,-0.99
1.67272e-03,-1.01,-1.05
1.67280e-03,-1.03,-0.99
1.67288e-03,-1.01,-1.05
1.67296e-03,-1.01,-0.99
1.67304e-03,-1.01,-1.05
1.67312e-03,-1.01,-0.99
1.67320e-03,-1.01,-1.05
1.67328e-03,-1.03,-0.99
1.67336e-03,-1.01,-1.03
1.67344e-03,-1.01,-0.99
1.67352e-03,-1.03,-1.05
1.67360e-03,-1.01,-0.99
1.67368e-03,-1.01,-1.05
1.67376e-03,-1.01,-0.99
1.67384e-03,-1.01,-1.05
1.67392e-03,-1.01,-0.99
1.67400e-03,-1.03,-1.05
1.67408e-03,-0.99,-0.99
1.67416e-03,-1.01,-1.05
1.67424e-03,-1.01,-0.99
1.67432e-03,-1.01,-1.05
1.67440e-03,-1.01,-0.99
1.67448e-03,-1.01,-1.05
1.67456e-03,-1.01,-0.99
1.67464e-03,-0.99,-1.05
1.67472e-03,-1.01,-0.99
1.67480e-03,-1.01,-1.05
1.67488e-03,-1.03,-0.99
1.67496e-03,-1.03,-1.05
1.67504e-03,-1.01,-0.99
1.67512e-03,-0.99,-1.05
1.67520e-03,-1.01,-0.99
1.67528e-03,-1.03,-1.05
1.67536e-03,-0.99,-0.99
1.67544e-03,-1.01,-1.05
1.67552e-03,-0.99,-0.99
1.67560e-03,-1.01,-1.03
1.67568e-03,-0.99,-0.99
1.67576e-03,-1.01,-1.05
1.67584e-03,-1.01,-0.99
1.67592e-03,-0.99,-1.03
1.67600e-03,-1.01,-0.99
1.67608e-03,-1.01,-1.05
1.67616e-03,-1.01,-0.99
1.67624e-03,-1.03,-1.05
1.67632e-03,-1.03,-0.97
1.67640e-03,-1.03,-1.05
1.67648e-03,-1.01,-0.99
1.67656e-03,-1.01,-1.05
1.67664e-03,-0.99,-0.99
1.67672e-03,-1.01,-1.05
1.67680e-03,-1.01,-0.99
1.67688e-03,-1.01,-1.05
1.67696e-03,-0.99,-0.99
1.67704e-03,-0.99,-1.05
1.67712e-03,-1.03,-0.99
1.67720e-03,-1.01,-1.05
1.67728e-03,-1.01,-0.97
1.67736e-03,-1.01,-1.05
1.67744e-03,-1.03,-0.97
1.67752e-03,-1.01,-1.05
1.67760e-03,-1.01,-0.99
1.67768e-03,-1.03,-1.05
1.67776e-03,-1.01,-0.99
1.67784e-03,-1.01,-1.05
1.67792e-03,-1.01,-0.99
1.67800e-03,-1.01,-1.03
1.67808e-03,-0.99,-0.99
1.67816e-03,-1.01,-1.05
1.67824e-03,-0.75,-0.99
1.67832e-03,-0.93,-1.09
1.67840e-03,-0.97,-0.75
1.67848e-03,-0.95,-1.01
1.67856e-03,-0.93,-0.75
1.67864e-03,-0.93,-1.01
1.67872e-03,-0.95,-0.91
1.67880e-03,-0.97,-0.97
1.67888e-03,-0.97,-0.93
1.67896e-03,-0.99,-0.99
1.67904e-03,-1.01,-0.93
1.67912e-03,-1.03,-1.03
1.67920e-03,-1.05,-0.97
1.67928e-03,-1.03,-1.07
1.67936e-03,-1.03,-0.99
1.67944e-03,-1.03,-1.07
1.67952e-03,-1.03,-1.01
1.67960e-03,-1.01,-1.05
1.67968e-03,-1.01,-1.01
1.67976e-03,-1.01,-1.05
1.67984e-03,-0.99,-0.99
1.67992e-03,-1.01,-1.05
1.68000e-03,-0.99,-0.99
1.68008e-03,-1.01,-1.05
1.68016e-03,-0.99,-0.99
1.68024e-03,-1.01,-1.03
1.68032e-03,-1.03,-0.99
1.68040e-03,-1.01,-1.05
1.68048e-03,-1.03,-0.99
1.68056e-03,-1.01,-1.05
1.68064e-03,-1.01,-0.99
1.68072e-03,-0.99,-1.03
1.68080e-03,-0.99,-0.99
1.68088e-03,-0.97,-1.03
1.68096e-03,-0.99,-0.97
1.68104e-03,-0.99,-1.01
1.68112e-03,-0.99,-0.95
1.68120e-03,-0.99,-1.01
1.68128e-03,-1.01,-0.95
1.68136e-03,-1.01,-1.03
1.68144e-03,-1.01,-0.97
1.68152e-03,-1.01,-1.03
1.68160e-03,-1.03,-0.99
1.68168e-03,-1.01,-1.05
1.68176e-03,-1.01,-0.99
1.68184e-03,-1.03,-1.05
1.68192e-03,-1.01,-0.99
1.68200e-03,-1.01,-1.05
1.68208e-03,-1.01,-0.97
1.68216e-03,-1.01,-1.05
1.68224e-03,-1.01,-0.99
1.68232e-03,-1.01,-1.05
1.68240e-03,-1.01,-0.99
1.68248e-03,-1.01,-1.03
1.68256e-03,-0.99,-0.99
1.68264e-03,-0.99,-1.03
1.68272e-03,-0.99,-0.99
1.68280e-03,-1.01,-1.05
1.68288e-03,-1.01,-0.97
1.68296e-03,-1.01,-1.05
1.68304e-03,-0.99,-0.99
1.68312e-03,-1.01,-1.05
1.68320e-03,-1.01,-0.99
1.68328e-03,-1.01,-1.03
1.68336e-03,-1.01,-0.99
1.68344e-03,-0.99,-1.05
1.68352e-03,-1.03,-0.97
1.68360e-03,-1.01,-1.03
1.68368e-03,-1.01,-0.99
1.68376e-03,-1.01,-1.03
1.68384e-03,-0.99,-0.99
1.68392e-03,-1.01,-1.03
1.68400e-03,-1.01,-0.99
1.68408e-03,-1.01,-1.03
1.68416e-03,-1.03,-0.99
1.68424e-03,-1.01,-1.03
1.68432e-03,-1.01,-0.99
1.68440e-03,-1.01,-1.05
1.68448e-03,-0.99,-0.99
1.68456e-03,-1.01,-1.03
1.68464e-03,-1.03,-0.99
1.68472e-03,-1.01,-1.03
1.68480e-03,-1.01,-0.99
1.68488e-03,-0.99,-1.05
1.68496e-03,-1.27,-0.99
1.68504e-03,-1.07,-1.29
1.68512e-03,-1.03,-0.93
1.68520e-03,-1.05,-1.35
1.68528e-03,-1.11,-1.03
1.68536e-03,-1.07,-1.11
1.68544e-03,-1.05,-1.01
1.68552e-03,-1.05,-1.11
1.68560e-03,-1.03,-1.05
1.68568e-03,-1.03,-1.09
1.68576e-03,-1.01,-1.03
1.68584e-03,-1.01,-1.07
1.68592e-03,-0.99,-1.01
1.68600e-03,-1.01,-1.03
1.68608e-03,-0.97,-0.97
1.68616e-03,-0.97,-1.03
1.68624e-03,-1.01,-0.97
1.68632e-03,-0.99,-1.03
1.68640e-03,-0.99,-0.95
1.68648e-03,-0.99,-1.03
1.68656e-03,-1.03,-0.97
1.68664e-03,-0.99,-1.03
1.68672e-03,-1.01,-0.99
1.68680e-03,-0.99,-1.03
1.68688e-03,-1.01,-0.99
1.68696e-03,-1.01,-1.03
1.68704e-03,-1.01,-0.99
1.68712e-03,-1.01,-1.05
1.68720e-03,-0.99,-0.99
1.68728e-03,-1.01,-1.05
1.68736e-03,-0.99,-0.99
1.68744e-03,-1.01,-1.03
1.68752e-03,-1.01,-0.99
1.68760e-03,-1.01,-1.03
1.68768e-03,-1.01,-0.97
1.68776e-03,-0.99,-1.03
1.68784e-03,-1.01,-0.99
1.68792e-03,-1.01,-1.05
1.68800e-03,-1.03,-0.97
1.68808e-03,-1.01,-1.03
1.68816e-03,-1.01,-0.99
1.68824e-03,-1.01,-1.05
1.68832e-03,-1.01,-0.99
1.68840e-03,-1.01,-1.03
1.68848e-03,-0.99,-0.99
1.68856e-03,-1.01,-1.05
1.68864e-03,-0.99,-0.97
1.68872e-03,-1.01,-1.05
1.68880e-03,-1.03,-0.99
1.68888e-03,-1.01,-1.05
1.68896e-03,-1.01,-0.99
1.68904e-03,-1.01,-1.05
1.68912e-03,-1.01,-0.99
1.68920e-03,-1.01,-1.05
1.68928e-03,-1.01,-0.99
1.68936e-03,-1.01,-1.05
1.68944e-03,-1.03,-0.99
1.68952e-03,-1.01,-1.05
1.68960e-03,-0.99,-0.99
1.68968e-03,-1.01,-1.05
1.68976e-03,-1.03,-0.99
1.68984e-03,-1.01,-1.05
1.68992e-03,-1.01,-1.01
1.69000e-03,-1.03,-1.05
1.69008e-03,-1.03,-0.99
1.69016e-03,-1.01,-1.05
1.69024e-03,-1.03,-0.99
1.69032e-03,-1.01,-1.05
1.69040e-03,-1.03,-0.99
1.69048e-03,-1.01,-1.05
1.69056e-03,-1.05,-0.99
1.69064e-03,-1.03,-1.05
1.69072e-03,-1.03,-0.99
1.69080e-03,-1.01,-1.05
1.69088e-03,-1.01,-0.99
1.69096e-03,-1.01,-1.05
1.69104e-03,-1.01,-0.99
1.69112e-03,-1.01,-1.05
1.69120e-03,-1.03,-0.99
1.69128e-03,-1.03,-1.05
1.69136e-03,-1.01,-0.99
1.69144e-03,-1.01,-1.05
1.69152e-03,-1.01,-0.99
1.69160e-03,-1.01,-1.05
1.69168e-03,-1.01,-0.99
1.69176e-03,-1.03,-1.05
1.69184e-03,-1.01,-1.01
1.69192e-03,-1.01,-1.05
1.69200e-03,-1.03,-0.99
1.69208e-03,-1.01,-1.05
1.69216e-03,-1.03,-0.99
1.69224e-03,-1.03,-1.05
1.69232e-03,-1.03,-1.01
1.69240e-03,-1.03,-1.05
1.69248e-03,-1.01,-0.99
1.69256e-03,-1.01,-1.05
1.69264e-03,-1.01,-0.99
1.69272e-03,-1.03,-1.05
1.69280e-03,-1.01,-1.01
1.69288e-03,-1.03,-1.05
1.69296e-03,-1.01,-0.99
1.69304e-03,-1.01,-1.05
1.69312e-03,-1.03,-0.99
1.69320e-03,-1.01,-1.05
1.69328e-03,-1.05,-1.01
1.69336e-03,-1.03,-1.05
1.69344e-03,-1.03,-1.01
1.69352e-03,-1.03,-1.05
1.69360e-03,-1.01,-0.99
1.69368e-03,-1.03,-1.05
1.69376e-03,-1.01,-0.99
1.69384e-03,-1.03,-1.05
1.69392e-03,-1.03,-1.01
1.69400e-03,-1.03,-1.05
1.69408e-03,-1.01,-0.99
1.69416e-03,-1.01,-1.05
1.69424e-03,-1.03,-0.99
1.69432e-03,-1.01,-1.05
1.69440e-03,-1.03,-0.99
1.69448e-03,-1.01,-1.05
1.69456e-03,-1.03,-0.99
1.69464e-03,-1.01,-1.05
1.69472e-03,-1.05,-0.99
1.69480e-03,-1.03,-1.05
1.69488e-03,-1.03,-1.01
1.69496e-03,-1.03,-1.05
1.69504e-03,-1.01,-1.01
1.69512e-03,-1.01,-1.07
1.69520e-03,-1.03,-1.01
1.69528e-03,-1.01,-1.05
1.69536e-03,-1.03,-1.01
1.69544e-03,-1.03,-1.05
1.69552e-03,-1.03,-0.99
1.69560e-03,-1.01,-1.05
1.69568e-03,-1.03,-1.01
1.69576e-03,-1.01,-1.05
1.69584e-03,-1.03,-0.99
1.69592e-03,-1.01,-1.05
1.69600e-03,-1.03,-0.99
1.69608e-03,-1.03,-1.05
1.69616e-03,-1.03,-0.99
1.69624e-03,-1.03,-1.05
1.69632e-03,-1.01,-0.99
1.69640e-03,-1.01,-1.05
1.69648e-03,-1.01,-0.99
1.69656e-03,-1.03,-1.05
1.69664e-03,-0.99,-0.99
1.69672e-03,-1.01,-1.05
1.69680e-03,-1.01,-0.99
1.69688e-03,-1.01,-1.05
1.69696e-03,-1.01,-1.01
1.69704e-03,-1.01,-1.05
1.69712e-03,-1.01,-0.99
1.69720e-03,-1.01,-1.05
1.69728e-03,-1.03,-0.99
1.69736e-03,-1.01,-1.05
1.69744e-03,-1.03,-0.97
1.69752e-03,-1.01,-1.05
1.69760e-03,-1.01,-0.99
1.69768e-03,-1.03,-1.05
1.69776e-03,-1.01,-0.99
1.69784e-03,-1.01,-1.05
1.69792e-03,-1.01,-0.99
1.69800e-03,-1.03,-1.05
1.69808e-03,-1.03,-0.99
1.69816e-03,-1.03,-1.05
1.69824e-03,-1.03,-0.99
1.69832e-03,-1.01,-1.05
1.69840e-03,-1.03,-0.99
1.69848e-03,-1.05,-1.05
1.69856e-03,-1.05,-0.99
1.69864e-03,-1.01,-1.07
1.69872e-03,-1.03,-0.99
1.69880e-03,-1.01,-1.05
1.69888e-03,-1.03,-0.97
1.69896e-03,-1.01,-1.05
1.69904e-03,-1.01,-0.99
1.69912e-03,-1.03,-1.05
1.69920e-03,-1.01,-1.01
1.69928e-03,-1.03,-1.05
1.69936e-03,-1.01,-0.99
1.69944e-03,-1.03,-1.05
1.69952e-03,-1.01,-0.99
1.69960e-03,-1.03,-1.07
1.69968e-03,-1.01,-0.99
1.69976e-03,-1.01,-1.07
1.69984e-03,-1.03,-0.99
1.69992e-03,-1.01,-1.05
1.70000e-03,-1.01,-0.99
1.70008e-03,-1.03,-1.05
1.70016e-03,-1.01,-1.01
1.70024e-03,-1.03,-1.05
1.70032e-03,-1.03,-1.01
1.70040e-03,-1.03,-1.05
1.70048e-03,-1.01,-1.01
1.70056e-03,-1.05,-1.05
1.70064e-03,-1.01,-1.01
1.70072e-03,-1.01,-1.07
1.70080e-03,-1.03,-0.99
1.70088e-03,-1.03,-1.07
1.70096e-03,-1.01,-0.99
1.70104e-03,-1.03,-1.05
1.70112e-03,-1.03,-1.01
1.70120e-03,-0.99,-1.05
1.70128e-03,-1.01,-1.01
1.70136e-03,-1.01,-1.07
1.70144e-03,-1.05,-0.99
1.70152e-03,-1.03,-1.07
1.70160e-03,-1.01,-0.99
1.70168e-03,-1.03,-1.07
1.70176e-03,-1.03,-0.99
1.70184e-03,-1.03,-1.05
1.70192e-03,-1.01,-1.01
1.70200e-03,-1.03,-1.05
1.70208e-03,-1.03,-0.99
1.70216e-03,-1.03,-1.05
1.70224e-03,-1.03,-1.01
1.70232e-03,-1.03,-1.05
1.70240e-03,-1.03,-1.01
1.70248e-03,-1.03,-1.07
1.70256e-03,-1.03,-1.01
1.70264e-03,-1.01,-1.07
1.70272e-03,-1.01,-1.01
1.70280e-03,-1.03,-1.05
1.70288e-03,-1.03,-0.99
1.70296e-03,-1.03,-1.05
1.70304e-03,-1.03,-0.99
1.70312e-03,-1.03,-1.07
1.70320e-03,-1.03,-0.99
1.70328e-03,-1.03,-1.05
1.70336e-03,-1.01,-1.01
1.70344e-03,-1.03,-1.07
1.70352e-03,-1.03,-1.01
1.70360e-03,-1.03,-1.05
1.70368e-03,-1.05,-1.01
1.70376e-03,-1.03,-1.05
1.70384e-03,-1.03,-1.01
1.70392e-03,-1.03,-1.05
1.70400e-03,-1.05,-1.01
1.70408e-03,-1.03,-1.07
1.70416e-03,-1.03,-1.01
1.70424e-03,-1.03,-1.05
1.70432e-03,-1.03,-1.01
1.70440e-03,-1.03,-1.07
1.70448e-03,-1.01,-1.01
1.70456e-03,-1.03,-1.07
1.70464e-03,-1.03,-0.99
1.70472e-03,-1.03,-1.05
1.70480e-03,-1.03,-1.01
1.70488e-03,-1.05,-1.05
1.70496e-03,-1.03,-1.01
1.70504e-03,-1.01,-1.05
1.70512e-03,-1.03,-1.01
1.70520e-03,-1.03,-1.07
1.70528e-03,-1.03,-1.01
1.70536e-03,-1.05,-1.07
1.70544e-03,-1.03,-1.01
1.70552e-03,-1.03,-1.07
1.70560e-03,-1.01,-1.01
1.70568e-03,-1.03,-1.05
1.70576e-03,-1.03,-1.01
1.70584e-03,-1.03,-1.05
1.70592e-03,-1.03,-1.01
1.70600e-03,-1.05,-1.07
1.70608e-03,-1.03,-1.01
1.70616e-03,-1.03,-1.05
1.70624e-03,-1.05,-1.01
1.70632e-03,-1.01,-1.07
1.70640e-03,-1.01,-1.01
1.70648e-03,-1.01,-1.07
1.70656e-03,-1.05,-0.97
1.70664e-03,-1.03,-1.07
1.70672e-03,-1.05,-1.01
1.70680e-03,-1.03,-1.07
1.70688e-03,-1.03,-1.01
1.70696e-03,-1.03,-1.07
1.70704e-03,-1.03,-1.01
1.70712e-03,-1.05,-1.05
1.70720e-03,-1.03,-1.01
1.70728e-03,-1.05,-1.05
1.70736e-03,-1.03,-1.01
1.70744e-03,-1.03,-1.07
1.70752e-03,-1.03,-1.01
1.70760e-03,-1.03,-1.07
1.70768e-03,-1.03,-1.01
1.70776e-03,-1.03,-1.07
1.70784e-03,-1.03,-1.01
1.70792e-03,-1.01,-1.05
1.70800e-03,-1.05,-1.01
1.70808e-03,-1.01,-1.07
1.70816e-03,-1.03,-1.01
1.70824e-03,-1.01,-1.05
1.70832e-03,-1.01,-1.01
1.70840e-03,-1.03,-1.05
1.70848e-03,-1.01,-1.01
1.70856e-03,-1.03,-1.07
1.70864e-03,-1.03,-1.01
1.70872e-03,-1.03,-1.07
1.70880e-03,-1.03,-1.01
1.70888e-03,-1.03,-1.07
1.70896e-03,-1.03,-0.99
1.70904e-03,-1.03,-1.07
1.70912e-03,-1.03,-0.99
1.70920e-03,-1.01,-1.07
1.70928e-03,-1.03,-1.01
1.70936e-03,-1.01,-1.07
1.70944e-03,-1.05,-1.01
1.70952e-03,-1.03,-1.05
1.70960e-03,-1.03,-1.01
1.70968e-03,-1.03,-1.05
1.70976e-03,-1.03,-1.01
1.70984e-03,-1.03,-1.05
1.70992e-03,-1.01,-1.01
1.71000e-03,-1.05,-1.05
1.71008e-03,-1.01,-1.01
1.71016e-03,-1.03,-1.05
1.71024e-03,-1.03,-1.01
1.71032e-03,-1.03,-1.07
1.71040e-03,-1.03,-0.99
1.71048e-03,-1.03,-1.05
1.71056e-03,-1.03,-1.01
1.71064e-03,-1.03,-1.07
1.71072e-03,-1.05,-1.01
1.71080e-03,-1.03,-1.07
1.71088e-03,-1.03,-1.01
1.71096e-03,-1.03,-1.05
1.71104e-03,-1.01,-1.01
1.71112e-03,-1.03,-1.05
1.71120e-03,-1.01,-1.01
1.71128e-03,-1.03,-1.05
1.71136e-03,-1.03,-0.99
1.71144e-03,-1.03,-1.05
1.71152e-03,-1.03,-1.01
1.71160e-03,-1.03,-1.07
1.71168e-03,-1.03,-1.01
1.71176e-03,-1.03,-1.05
1.71184e-03,-1.03,-1.01
1.71192e-03,-1.03,-1.05
1.71200e-03,-1.05,-1.01
1.71208e-03,-1.05,-1.05
1.71216e-03,-1.03,-1.01
1.71224e-03,-1.03,-1.05
1.71232e-03,-1.03,-1.01
1.71240e-03,-1.03,-1.05
1.71248e-03,-1.01,-1.01
1.71256e-03,-1.01,-1.05
1.71264e-03,-1.01,-1.01
1.71272e-03,-1.01,-1.05
1.71280e-03,-1.03,-0.99
1.71288e-03,-1.01,-1.05
1.71296e-03,-1.03,-0.99
1.71304e-03,-1.03,-1.05
1.71312e-03,-1.03,-0.99
1.71320e-03,-1.01,-1.07
1.71328e-03,-1.03,-1.01
1.71336e-03,-1.01,-1.05
1.71344e-03,-1.03,-0.99
1.71352e-03,-1.03,-1.05
1.71360e-03,-1.01,-1.01
1.71368e-03,-1.01,-1.05
1.71376e-03,-1.01,-1.01
1.71384e-03,-1.01,-1.05
1.71392e-03,-1.01,-0.99
1.71400e-03,-1.03,-1.05
1.71408e-03,-1.01,-0.99
1.71416e-03,-1.03,-1.05
1.71424e-03,-1.01,-0.99
1.71432e-03,-1.01,-1.07
1.71440e-03,-1.01,-0.99
1.71448e-03,-1.01,-1.07
1.71456e-03,-1.03,-0.99
1.71464e-03,-1.01,-1.07
1.71472e-03,-1.01,-0.99
1.71480e-03,-1.03,-1.05
1.71488e-03,-1.03,-0.99
1.71496e-03,-1.03,-1.05
1.71504e-03,-1.01,-1.01
1.71512e-03,-1.03,-1.05
1.71520e-03,-1.01,-1.01
1.71528e-03,-1.05,-1.05
1.71536e-03,-1.01,-0.99
1.71544e-03,-1.03,-1.05
1.71552e-03,-1.01,-1.01
1.71560e-03,-1.01,-1.05
1.71568e-03,-1.01,-0.99
1.71576e-03,-1.03,-1.05
1.71584e-03,-1.03,-1.01
1.71592e-03,-1.03,-1.05
1.71600e-03,-1.03,-0.99
1.71608e-03,-1.01,-1.05
1.71616e-03,-1.03,-0.99
1.71624e-03,-1.03,-1.05
1.71632e-03,-1.03,-0.99
1.71640e-03,-1.01,-1.05
1.71648e-03,-1.05,-0.99
1.71656e-03,-1.03,-1.05
1.71664e-03,-1.03,-1.01
1.71672e-03,-1.03,-1.07
1.71680e-03,-1.01,-0.99
1.71688e-03,-1.03,-1.05
1.71696e-03,-0.99,-0.99
1.71704e-03,-1.03,-1.05
1.71712e-03,-1.03,-0.99
1.71720e-03,-1.01,-1.05
1.71728e-03,-1.03,-0.99
1.71736e-03,-1.01,-1.05
1.71744e-03,-1.03,-1.01
1.71752e-03,-1.03,-1.05
1.71760e-03,-1.03,-1.01
1.71768e-03,-1.03,-1.05
1.71776e-03,-1.03,-1.01
1.71784e-03,-1.03,-1.05
1.71792e-03,-1.01,-1.01
1.71800e-03,-1.05,-1.07
1.71808e-03,-1.03,-1.01
1.71816e-03,-1.03,-1.07
1.71824e-03,-1.03,-1.01
1.71832e-03,-1.03,-1.07
1.71840e-03,-1.03,-0.99
1.71848e-03,-1.01,-1.05
1.71856e-03,-1.03,-1.01
1.71864e-03,-1.01,-1.05
1.71872e-03,-1.03,-1.01
1.71880e-03,-1.01,-1.05
1.71888e-03,-1.03,-0.99
1.71896e-03,-1.03,-1.07
1.71904e-03,-1.01,-1.01
1.71912e-03,-1.03,-1.05
1.71920e-03,-1.03,-0.99
1.71928e-03,-1.03,-1.05
1.71936e-03,-1.03,-0.99
1.71944e-03,-1.05,-1.05
1.71952e-03,-1.01,-0.99
1.71960e-03,-1.01,-1.05
1.71968e-03,-1.03,-0.99
1.71976e-03,-1.01,-1.05
1.71984e-03,-1.03,-0.99
1.71992e-03,-1.01,-1.05
1.72000e-03,-1.03,-1.01
1.72008e-03,-1.01,-1.07
1.72016e-03,-1.01,-1.01
1.72024e-03,-1.03,-1.05
1.72032e-03,-1.03,-1.01
1.72040e-03,-1.03,-1.07
1.72048e-03,-1.03,-1.01
1.72056e-03,-1.03,-1.05
1.72064e-03,-1.03,-1.01
1.72072e-03,-1.05,-1.05
1.72080e-03,-1.01,-0.99
1.72088e-03,-1.03,-1.05
1.72096e-03,-1.03,-0.99
1.72104e-03,-1.01,-1.05
1.72112e-03,-1.03,-1.01
1.72120e-03,-1.01,-1.05
1.72128e-03,-1.01,-0.99
1.72136e-03,-1.03,-1.05
1.72144e-03,-1.03,-0.99
1.72152e-03,-1.03,-1.05
1.72160e-03,-1.03,-1.01
1.72168e-03,-1.03,-1.05
1.72176e-03,-1.01,-0.99
1.72184e-03,-1.03,-1.05
1.72192e-03,-1.03,-0.99
1.72200e-03,-1.05,-1.05
1.72208e-03,-1.03,-0.99
1.72216e-03,-1.03,-1.05
1.72224e-03,-1.05,-0.99
1.72232e-03,-1.03,-1.05
1.72240e-03,-1.01,-0.97
1.72248e-03,-1.01,-1.05
1.72256e-03,-1.01,-0.99
1.72264e-03,-1.01,-1.07
1.72272e-03,-0.99,-0.99
1.72280e-03,-1.03,-1.05
1.72288e-03,-1.01,-0.99
1.72296e-03,-1.01,-1.05
1.72304e-03,-0.99,-0.99
1.72312e-03,-1.03,-1.05
1.72320e-03,-0.99,-0.99
1.72328e-03,-1.03,-1.05
1.72336e-03,-1.03,-0.99
1.72344e-03,-1.03,-1.05
1.72352e-03,-1.03,-1.01
1.72360e-03,-1.01,-1.05
1.72368e-03,-1.03,-0.99
1.72376e-03,-1.01,-1.07
1.72384e-03,-1.01,-0.99
1.72392e-03,-1.01,-1.05
1.72400e-03,-1.03,-1.01
1.72408e-03,-1.01,-1.05
1.72416e-03,-1.03,-0.99
1.72424e-03,-1.03,-1.05
1.72432e-03,-1.03,-1.01
1.72440e-03,-1.03,-1.05
1.72448e-03,-1.01,-0.99
1.72456e-03,-1.03,-1.05
1.72464e-03,-1.01,-1.01
1.72472e-03,-1.01,-1.05
1.72480e-03,-1.01,-0.99
1.72488e-03,-1.03,-1.05
1.72496e-03,-1.01,-0.99
1.72504e-03,-1.01,-1.05
1.72512e-03,-1.03,-0.99
1.72520e-03,-1.03,-1.05
1.72528e-03,-1.01,-0.99
1.72536e-03,-1.01,-1.05
1.72544e-03,-1.03,-0.99
1.72552e-03,-1.01,-1.05
1.72560e-03,-1.01,-0.99
1.72568e-03,-1.03,-1.05
1.72576e-03,-1.01,-0.99
1.72584e-03,-1.03,-1.05
1.72592e-03,-0.99,-0.99
1.72600e-03,-1.03,-1.07
1.72608e-03,-1.03,-0.97
1.72616e-03,-1.03,-1.05
1.72624e-03,-1.03,-0.99
1.72632e-03,-1.01,-1.05
1.72640e-03,-1.03,-0.99
1.72648e-03,-1.01,-1.05
1.72656e-03,-1.03,-0.99
1.72664e-03,-0.99,-1.05
1.72672e-03,-1.01,-0.99
1.72680e-03,-1.01,-1.05
1.72688e-03,-1.01,-0.99
1.72696e-03,-1.01,-1.05
1.72704e-03,-0.99,-0.99
1.72712e-03,-1.03,-1.05
1.72720e-03,-1.01,-0.99
1.72728e-03,-1.03,-1.05
1.72736e-03,-1.01,-0.99
1.72744e-03,-1.01,-1.05
1.72752e-03,-1.01,-0.99
1.72760e-03,-1.01,-1.05
1.72768e-03,-1.03,-0.99
1.72776e-03,-1.01,-1.05
1.72784e-03,-1.01,-0.99
1.72792e-03,-1.01,-1.03
1.72800e-03,-1.01,-0.99
1.72808e-03,-1.01,-1.05
1.72816e-03,-1.01,-0.97
1.72824e-03,-1.03,-1.05
1.72832e-03,-0.89,-0.99
1.72840e-03,-0.95,-1.09
1.72848e-03,-0.99,-0.73
1.72856e-03,-0.93,-1.01
1.72864e-03,-0.95,-0.91
1.72872e-03,-0.93,-1.01
1.72880e-03,-0.97,-0.91
1.72888e-03,-0.97,-0.99
1.72896e-03,-0.99,-0.93
1.72904e-03,-1.01,-1.01
1.72912e-03,-1.01,-0.95
1.72920e-03,-1.05,-1.03
1.72928e-03,-1.05,-0.97
1.72936e-03,-1.05,-1.07
1.72944e-03,-1.03,-1.01
1.72952e-03,-1.05,-1.07
1.72960e-03,-1.03,-1.01
1.72968e-03,-1.05,-1.07
1.72976e-03,-0.99,-1.03
1.72984e-03,-1.05,-1.05
1.72992e-03,-1.01,-0.99
1.73000e-03,-1.01,-1.05
1.73008e-03,-1.03,-0.99
1.73016e-03,-1.01,-1.05
1.73024e-03,-0.99,-0.97
1.73032e-03,-0.99,-1.05
1.73040e-03,-1.01,-0.99
1.73048e-03,-1.03,-1.05
1.73056e-03,-1.01,-0.99
1.73064e-03,-1.03,-1.05
1.73072e-03,-1.01,-0.99
1.73080e-03,-1.03,-1.05
1.73088e-03,-1.03,-0.99
1.73096e-03,-1.01,-1.05
1.73104e-03,-0.99,-0.99
1.73112e-03,-1.01,-1.05
1.73120e-03,-1.03,-0.99
1.73128e-03,-0.99,-1.03
1.73136e-03,-1.01,-0.99
1.73144e-03,-1.01,-1.03
1.73152e-03,-1.01,-0.99
1.73160e-03,-0.99,-1.03
1.73168e-03,-1.01,-0.99
1.73176e-03,-1.01,-1.03
1.73184e-03,-1.01,-0.99
1.73192e-03,-0.99,-1.03
1.73200e-03,-1.01,-0.99
1.73208e-03,-0.99,-1.03
1.73216e-03,-1.01,-0.99
1.73224e-03,-1.01,-1.05
1.73232e-03,-1.03,-0.99
1.73240e-03,-1.03,-1.03
1.73248e-03,-1.03,-0.99
1.73256e-03,-1.03,-1.03
1.73264e-03,-1.01,-0.99
1.73272e-03,-0.99,-1.03
1.73280e-03,-1.01,-0.99
1.73288e-03,-1.01,-1.03
1.73296e-03,-1.01,-0.99
1.73304e-03,-0.99,-1.03
1.73312e-03,-1.01,-0.99
1.73320e-03,-1.01,-1.03
1.73328e-03,-1.01,-0.99
1.73336e-03,-1.01,-1.05
1.73344e-03,-0.99,-0.99
1.73352e-03,-1.03,-1.03
1.73360e-03,-0.99,-0.99
1.73368e-03,-1.01,-1.05
1.73376e-03,-1.01,-0.99
1.73384e-03,-1.01,-1.03
1.73392e-03,-1.01,-0.99
1.73400e-03,-1.01,-1.05
1.73408e-03,-1.01,-0.99
1.73416e-03,-1.01,-1.03
1.73424e-03,-1.01,-0.99
1.73432e-03,-1.01,-1.05
1.73440e-03,-1.01,-0.99
1.73448e-03,-1.01,-1.05
1.73456e-03,-1.01,-0.99
1.73464e-03,-1.01,-1.03
1.73472e-03,-1.01,-0.99
1.73480e-03,-1.03,-1.05
1.73488e-03,-1.01,-0.99
1.73496e-03,-1.01,-1.05
1.73504e-03,-1.27,-0.99
1.73512e-03,-1.07,-1.35
1.73520e-03,-1.05,-0.93
1.73528e-03,-1.07,-1.33
1.73536e-03,-1.05,-1.03
1.73544e-03,-1.07,-1.11
1.73552e-03,-1.05,-1.03
1.73560e-03,-1.05,-1.11
1.73568e-03,-1.05,-1.05
1.73576e-03,-1.01,-1.09
1.73584e-03,-1.01,-1.05
1.73592e-03,-0.99,-1.07
1.73600e-03,-0.99,-0.99
1.73608e-03,-0.99,-1.05
1.73616e-03,-0.99,-0.99
1.73624e-03,-1.01,-1.03
1.73632e-03,-0.99,-0.97
1.73640e-03,-1.01,-1.03
1.73648e-03,-1.01,-0.97
1.73656e-03,-1.01,-1.03
1.73664e-03,-1.01,-0.99
1.73672e-03,-1.01,-1.05
1.73680e-03,-1.01,-0.97
1.73688e-03,-1.01,-1.03
1.73696e-03,-1.01,-0.97
1.73704e-03,-1.01,-1.05
1.73712e-03,-1.03,-0.99
1.73720e-03,-1.01,-1.05
1.73728e-03,-1.03,-0.99
1.73736e-03,-0.99,-1.03
1.73744e-03,-1.01,-0.97
1.73752e-03,-1.01,-1.05
1.73760e-03,-0.99,-0.99
1.73768e-03,-1.01,-1.03
1.73776e-03,-0.99,-0.97
1.73784e-03,-1.01,-1.05
1.73792e-03,-0.99,-0.97
1.73800e-03,-1.03,-1.03
1.73808e-03,-1.03,-0.97
1.73816e-03,-1.03,-1.05
1.73824e-03,-1.01,-0.97
1.73832e-03,-1.01,-1.05
1.73840e-03,-1.01,-0.97
1.73848e-03,-1.01,-1.05
1.73856e-03,-1.03,-0.99
1.73864e-03,-0.99,-1.05
1.73872e-03,-1.01,-0.99
1.73880e-03,-1.01,-1.03
1.73888e-03,-1.01,-0.99
1.73896e-03,-1.01,-1.03
1.73904e-03,-1.01,-0.99
1.73912e-03,-1.03,-1.05
1.73920e-03,-1.03,-0.97
1.73928e-03,-1.01,-1.05
1.73936e-03,-1.01,-0.99
1.73944e-03,-1.01,-1.05
1.73952e-03,-1.01,-0.99
1.73960e-03,-1.01,-1.05
1.73968e-03,-1.01,-0.99
1.73976e-03,-1.03,-1.05
1.73984e-03,-1.03,-0.99
1.73992e-03,-1.03,-1.05
1.74000e-03,-1.01,-1.01
1.74008e-03,-1.01,-1.05
1.74016e-03,-1.03,-0.99
1.74024e-03,-1.01,-1.05
1.74032e-03,-1.01,-0.99
1.74040e-03,-1.01,-1.05
1.74048e-03,-1.01,-1.01
1.74056e-03,-1.01,-1.05
1.74064e-03,-1.01,-0.99
1.74072e-03,-1.03,-1.07
1.74080e-03,-1.01,-0.99
1.74088e-03,-1.03,-1.05
1.74096e-03,-1.01,-0.99
1.74104e-03,-1.01,-1.05
1.74112e-03,-1.03,-0.99
1.74120e-03,-1.01,-1.05
1.74128e-03,-1.01,-0.99
1.74136e-03,-1.01,-1.05
1.74144e-03,-1.03,-0.99
1.74152e-03,-1.01,-1.05
1.74160e-03,-1.01,-0.99
1.74168e-03,-1.03,-1.05
1.74176e-03,-1.03,-0.97
1.74184e-03,-1.01,-1.05
1.74192e-03,-0.99,-0.99
1.74200e-03,-1.03,-1.05
1.74208e-03,-1.01,-0.99
1.74216e-03,-1.03,-1.05
1.74224e-03,-1.01,-0.99
1.74232e-03,-1.03,-1.05
1.74240e-03,-1.03,-0.99
1.74248e-03,-1.01,-1.07
1.74256e-03,-1.01,-0.99
1.74264e-03,-1.01,-1.05
1.74272e-03,-1.01,-0.99
1.74280e-03,-0.99,-1.05
1.74288e-03,-1.01,-0.99
1.74296e-03,-1.01,-1.05
1.74304e-03,-1.01,-0.99
1.74312e-03,-1.05,-1.05
1.74320e-03,-1.03,-0.99
1.74328e-03,-1.03,-1.05
1.74336e-03,-1.01,-1.01
1.74344e-03,-1.03,-1.05
1.74352e-03,-1.03,-0.99
1.74360e-03,-1.01,-1.05
1.74368e-03,-1.03,-1.01
1.74376e-03,-1.01,-1.07
1.74384e-03,-1.03,-0.99
1.74392e-03,-1.01,-1.05
1.74400e-03,-1.03,-0.99
1.74408e-03,-1.03,-1.05
1.74416e-03,-1.03,-0.99
1.74424e-03,-1.03,-1.05
1.74432e-03,-1.03,-1.01
1.74440e-03,-1.03,-1.07
1.74448e-03,-1.01,-0.99
1.74456e-03,-1.03,-1.05
1.74464e-03,-1.01,-0.99
1.74472e-03,-1.03,-1.05
1.74480e-03,-1.01,-0.99
1.74488e-03,-1.03,-1.05
1.74496e-03,-1.03,-0.99
1.74504e-03,-1.01,-1.07
1.74512e-03,-1.03,-0.99
1.74520e-03,-1.01,-1.05
1.74528e-03,-1.03,-1.01
1.74536e-03,-1.01,-1.05
1.74544e-03,-1.03,-0.99
1.74552e-03,-1.03,-1.07
1.74560e-03,-1.03,-1.01
1.74568e-03,-1.01,-1.05
1.74576e-03,-1.03,-0.99
1.74584e-03,-1.03,-1.07
1.74592e-03,-1.03,-0.99
1.74600e-03,-1.03,-1.07
1.74608e-03,-1.01,-0.99
1.74616e-03,-1.01,-1.07
1.74624e-03,-1.01,-0.97
1.74632e-03,-1.05,-1.07
1.74640e-03,-1.01,-1.01
1.74648e-03,-1.01,-1.07
1.74656e-03,-1.03,-0.99
1.74664e-03,-1.01,-1.05
1.74672e-03,-1.03,-0.99
1.74680e-03,-1.01,-1.05
1.74688e-03,-1.03,-0.99
1.74696e-03,-1.01,-1.05
1.74704e-03,-1.01,-0.99
1.74712e-03,-1.01,-1.05
1.74720e-03,-1.03,-0.99
1.74728e-03,-1.03,-1.05
1.74736e-03,-1.01,-0.99
1.74744e-03,-1.03,-1.05
1.74752e-03,-1.01,-0.99
1.74760e-03,-1.01,-1.05
1.74768e-03,-1.03,-0.99
1.74776e-03,-1.01,-1.05
1.74784e-03,-1.03,-0.99
1.74792e-03,-1.01,-1.05
1.74800e-03,-1.03,-0.99
1.74808e-03,-1.03,-1.05
1.74816e-03,-1.01,-0.99
1.74824e-03,-1.03,-1.05
1.74832e-03,-1.01,-0.99
1.74840e-03,-1.01,-1.05
1.74848e-03,-1.01,-0.99
1.74856e-03,-1.03,-1.05
1.74864e-03,-1.01,-0.99
1.74872e-03,-1.01,-1.05
1.74880e-03,-1.01,-1.01
1.74888e-03,-1.03,-1.05
1.74896e-03,-1.03,-0.99
1.74904e-03,-1.01,-1.05
1.74912e-03,-1.03,-0.99
1.74920e-03,-1.01,-1.05
1.74928e-03,-1.03,-0.99
1.74936e-03,-1.01,-1.05
1.74944e-03,-1.03,-1.01
1.74952e-03,-1.03,-1.07
1.74960e-03,-1.03,-0.99
1.74968e-03,-1.03,-1.05
1.74976e-03,-1.03,-1.01
1.74984e-03,-1.03,-1.05
1.74992e-03,-1.03,-0.99
1.75000e-03,-1.03,-1.05
1.75008e-03,-1.01,-1.01
1.75016e-03,-1.03,-1.05
1.75024e-03,-1.01,-1.01
1.75032e-03,-1.03,-1.05
1.75040e-03,-1.03,-1.01
1.75048e-03,-1.03,-1.05
1.75056e-03,-1.03,-0.99
1.75064e-03,-1.03,-1.05
1.75072e-03,-1.05,-1.01
1.75080e-03,-1.03,-1.07
1.75088e-03,-1.01,-1.01
1.75096e-03,-1.03,-1.05
1.75104e-03,-1.01,-1.01
1.75112e-03,-1.03,-1.05
1.75120e-03,-1.01,-1.01
1.75128e-03,-1.03,-1.05
1.75136e-03,-1.01,-1.01
1.75144e-03,-1.03,-1.05
1.75152e-03,-1.01,-0.99
1.75160e-03,-0.99,-1.05
1.75168e-03,-1.05,-0.99
1.75176e-03,-1.05,-1.05
1.75184e-03,-1.03,-0.99
1.75192e-03,-1.03,-1.07
1.75200e-03,-1.05,-1.01
1.75208e-03,-1.01,-1.05
1.75216e-03,-1.03,-1.01
1.75224e-03,-1.03,-1.07
1.75232e-03,-1.01,-0.99
1.75240e-03,-1.03,-1.07
1.75248e-03,-1.03,-0.99
1.75256e-03,-1.03,-1.07
1.75264e-03,-1.03,-0.99
1.75272e-03,-1.03,-1.05
1.75280e-03,-1.03,-1.01
1.75288e-03,-1.03,-1.07
1.75296e-03,-1.01,-0.99
1.75304e-03,-1.01,-1.07
1.75312e-03,-1.01,-1.01
1.75320e-03,-1.01,-1.07
1.75328e-03,-1.03,-1.01
1.75336e-03,-1.03,-1.07
1.75344e-03,-1.03,-1.01
1.75352e-03,-1.03,-1.05
1.75360e-03,-1.03,-1.01
1.75368e-03,-1.03,-1.07
1.75376e-03,-1.01,-1.01
1.75384e-03,-1.03,-1.05
1.75392e-03,-1.05,-1.01
1.75400e-03,-1.03,-1.07
1.75408e-03,-1.03,-0.99
1.75416e-03,-1.01,-1.07
1.75424e-03,-1.01,-0.99
1.75432e-03,-1.03,-1.07
1.75440e-03,-1.01,-0.99
1.75448e-03,-1.01,-1.05
1.75456e-03,-1.03,-0.99
1.75464e-03,-1.03,-1.07
1.75472e-03,-1.03,-1.01
1.75480e-03,-1.05,-1.07
1.75488e-03,-1.03,-1.01
1.75496e-03,-1.03,-1.07
1.75504e-03,-1.01,-1.01
1.75512e-03,-1.03,-1.05
1.75520e-03,-1.01,-1.01
1.75528e-03,-1.03,-1.05
1.75536e-03,-1.03,-1.01
1.75544e-03,-1.03,-1.05
1.75552e-03,-1.01,-1.01
1.75560e-03,-1.01,-1.05
1.75568e-03,-1.03,-1.01
1.75576e-03,-1.01,-1.05
1.75584e-03,-1.05,-1.01
1.75592e-03,-1.03,-1.05
1.75600e-03,-1.03,-1.01
1.75608e-03,-1.03,-1.05
1.75616e-03,-1.03,-1.01
1.75624e-03,-1.03,-1.05
1.75632e-03,-1.05,-1.01
1.75640e-03,-1.05,-1.05
1.75648e-03,-1.03,-1.01
1.75656e-03,-1.03,-1.05
1.75664e-03,-1.01,-1.01
1.75672e-03,-1.03,-1.05
1.75680e-03,-1.01,-1.01
1.75688e-03,-1.03,-1.07
1.75696e-03,-1.03,-1.01
1.75704e-03,-1.03,-1.05
1.75712e-03,-1.03,-1.01
1.75720e-03,-1.01,-1.05
1.75728e-03,-1.03,-1.01
1.75736e-03,-1.03,-1.05
1.75744e-03,-1.01,-1.01
1.75752e-03,-1.03,-1.05
1.75760e-03,-1.03,-0.99
1.75768e-03,-1.03,-1.05
1.75776e-03,-1.03,-1.01
1.75784e-03,-1.03,-1.05
1.75792e-03,-1.03,-1.01
1.75800e-03,-1.05,-1.07
1.75808e-03,-1.03,-1.01
1.75816e-03,-1.01,-1.07
1.75824e-03,-1.03,-1.01
1.75832e-03,-1.01,-1.05
1.75840e-03,-1.01,-1.01
1.75848e-03,-1.03,-1.07
1.75856e-03,-1.01,-1.01
1.75864e-03,-1.01,-1.07
1.75872e-03,-1.03,-0.99
1.75880e-03,-1.01,-1.05
1.75888e-03,-1.03,-1.01
1.75896e-03,-1.03,-1.05
1.75904e-03,-1.03,-0.99
1.75912e-03,-1.03,-1.05
1.75920e-03,-1.03,-1.01
1.75928e-03,-1.03,-1.07
1.75936e-03,-1.01,-1.01
1.75944e-03,-1.03,-1.05
1.75952e-03,-1.03,-1.01
1.75960e-03,-1.03,-1.05
1.75968e-03,-1.01,-1.01
1.75976e-03,-1.01,-1.07
1.75984e-03,-1.01,-0.99
1.75992e-03,-1.01,-1.05
1.76000e-03,-1.03,-1.01
1.76008e-03,-1.01,-1.05
1.76016e-03,-1.03,-1.01
1.76024e-03,-1.03,-1.07
1.76032e-03,-1.03,-1.01
1.76040e-03,-1.03,-1.05
1.76048e-03,-1.03,-1.01
1.76056e-03,-1.05,-1.05
1.76064e-03,-1.01,-0.99
1.76072e-03,-1.03,-1.05
1.76080e-03,-1.03,-1.01
1.76088e-03,-1.03,-1.05
1.76096e-03,-1.03,-1.01
1.76104e-03,-1.01,-1.07
1.76112e-03,-1.03,-1.01
1.76120e-03,-1.01,-1.07
1.76128e-03,-1.01,-1.01
1.76136e-03,-1.03,-1.05
1.76144e-03,-1.03,-0.99
1.76152e-03,-1.03,-1.05
1.76160e-03,-1.01,-1.01
1.76168e-03,-1.03,-1.05
1.76176e-03,-1.01,-1.01
1.76184e-03,-1.03,-1.05
1.76192e-03,-0.99,-0.99
1.76200e-03,-1.03,-1.05
1.76208e-03,-1.03,-0.99
1.76216e-03,-1.03,-1.05
1.76224e-03,-1.01,-0.99
1.76232e-03,-1.01,-1.05
1.76240e-03,-1.03,-0.99
1.76248e-03,-1.03,-1.07
1.76256e-03,-1.05,-0.99
1.76264e-03,-1.01,-1.05
1.76272e-03,-1.03,-0.99
1.76280e-03,-1.01,-1.05
1.76288e-03,-1.01,-1.01
1.76296e-03,-1.01,-1.05
1.76304e-03,-1.03,-0.99
1.76312e-03,-1.03,-1.05
1.76320e-03,-1.01,-0.99
1.76328e-03,-1.03,-1.05
1.76336e-03,-1.03,-0.99
1.76344e-03,-1.03,-1.05
1.76352e-03,-1.03,-1.01
1.76360e-03,-1.03,-1.05
1.76368e-03,-1.03,-1.01
1.76376e-03,-1.03,-1.05
1.76384e-03,-1.03,-1.01
1.76392e-03,-1.03,-1.05
1.76400e-03,-1.03,-0.99
1.76408e-03,-1.01,-1.05
1.76416e-03,-1.03,-0.99
1.76424e-03,-1.01,-1.05
1.76432e-03,-1.01,-1.01
1.76440e-03,-1.03,-1.05
1.76448e-03,-1.01,-0.99
1.76456e-03,-1.01,-1.05
1.76464e-03,-1.01,-1.01
1.76472e-03,-1.03,-1.05
1.76480e-03,-1.01,-0.99
1.76488e-03,-1.03,-1.05
1.76496e-03,-1.03,-0.99
1.76504e-03,-1.01,-1.05
1.76512e-03,-1.03,-0.99
1.76520e-03,-1.03,-1.05
1.76528e-03,-1.01,-1.01
1.76536e-03,-1.01,-1.05
1.76544e-03,-1.03,-0.99
1.76552e-03,-1.01,-1.05
1.76560e-03,-1.01,-0.99
1.76568e-03,-1.01,-1.05
1.76576e-03,-1.01,-0.99
1.76584e-03,-1.03,-1.05
1.76592e-03,-1.01,-1.01
1.76600e-03,-1.03,-1.05
1.76608e-03,-1.01,-0.99
1.76616e-03,-1.03,-1.05
1.76624e-03,-1.01,-1.01
1.76632e-03,-1.03,-1.05
1.76640e-03,-1.01,-0.99
1.76648e-03,-1.03,-1.05
1.76656e-03,-1.03,-0.99
1.76664e-03,-1.01,-1.07
1.76672e-03,-1.03,-0.99
1.76680e-03,-1.03,-1.05
1.76688e-03,-1.01,-0.99
1.76696e-03,-1.03,-1.05
1.76704e-03,-1.01,-0.99
1.76712e-03,-1.01,-1.05
1.76720e-03,-1.01,-0.99
1.76728e-03,-1.03,-1.05
1.76736e-03,-1.01,-0.99
1.76744e-03,-1.03,-1.05
1.76752e-03,-1.01,-0.99
1.76760e-03,-1.03,-1.05
1.76768e-03,-1.03,-0.99
1.76776e-03,-1.01,-1.05
1.76784e-03,-1.03,-0.99
1.76792e-03,-0.99,-1.05
1.76800e-03,-1.03,-0.99
1.76808e-03,-1.03,-1.05
1.76816e-03,-1.03,-0.99
1.76824e-03,-1.03,-1.07
1.76832e-03,-1.01,-0.99
1.76840e-03,-1.01,-1.05
1.76848e-03,-1.01,-1.01
1.76856e-03,-1.01,-1.05
1.76864e-03,-1.01,-1.01
1.76872e-03,-1.03,-1.05
1.76880e-03,-1.01,-0.99
1.76888e-03,-1.03,-1.05
1.76896e-03,-1.01,-0.99
1.76904e-03,-1.01,-1.05
1.76912e-03,-1.03,-1.01
1.76920e-03,-1.03,-1.05
1.76928e-03,-1.01,-1.01
1.76936e-03,-1.01,-1.05
1.76944e-03,-1.03,-0.99
1.76952e-03,-1.03,-1.05
1.76960e-03,-1.01,-0.99
1.76968e-03,-1.03,-1.05
1.76976e-03,-1.03,-0.99
1.76984e-03,-1.03,-1.05
1.76992e-03,-1.01,-0.99
1.77000e-03,-1.01,-1.05
1.77008e-03,-1.01,-0.99
1.77016e-03,-0.99,-1.05
1.77024e-03,-1.03,-0.99
1.77032e-03,-1.03,-1.05
1.77040e-03,-1.01,-0.99
1.77048e-03,-1.01,-1.05
1.77056e-03,-1.03,-0.99
1.77064e-03,-1.01,-1.05
1.77072e-03,-1.03,-0.99
1.77080e-03,-1.03,-1.05
1.77088e-03,-1.03,-1.01
1.77096e-03,-1.03,-1.05
1.77104e-03,-1.01,-0.99
1.77112e-03,-1.01,-1.05
1.77120e-03,-1.01,-0.99
1.77128e-03,-1.03,-1.05
1.77136e-03,-1.03,-0.99
1.77144e-03,-1.01,-1.05
1.77152e-03,-1.01,-0.99
1.77160e-03,-0.99,-1.05
1.77168e-03,-1.01,-0.99
1.77176e-03,-1.01,-1.05
1.77184e-03,-1.01,-0.99
1.77192e-03,-1.01,-1.05
1.77200e-03,-1.03,-0.99
1.77208e-03,-1.03,-1.05
1.77216e-03,-1.01,-1.01
1.77224e-03,-1.03,-1.05
1.77232e-03,-1.01,-0.99
1.77240e-03,-1.03,-1.05
1.77248e-03,-1.01,-0.99
1.77256e-03,-1.01,-1.05
1.77264e-03,-0.99,-0.99
1.77272e-03,-1.01,-1.05
1.77280e-03,-1.01,-0.99
1.77288e-03,-1.01,-1.05
1.77296e-03,-1.01,-0.99
1.77304e-03,-1.01,-1.05
1.77312e-03,-1.01,-0.99
1.77320e-03,-1.01,-1.05
1.77328e-03,-1.03,-0.99
1.77336e-03,-1.01,-1.05
1.77344e-03,-1.01,-0.99
1.77352e-03,-1.01,-1.05
1.77360e-03,-1.01,-0.99
1.77368e-03,-1.01,-1.05
1.77376e-03,-1.01,-0.99
1.77384e-03,-1.01,-1.05
1.77392e-03,-1.01,-0.99
1.77400e-03,-1.03,-1.03
1.77408e-03,-1.01,-0.99
1.77416e-03,-1.01,-1.05
1.77424e-03,-1.01,-0.99
1.77432e-03,-1.01,-1.05
1.77440e-03,-1.01,-0.99
1.77448e-03,-1.01,-1.05
1.77456e-03,-1.03,-0.99
1.77464e-03,-1.01,-1.05
1.77472e-03,-1.01,-0.99
1.77480e-03,-1.01,-1.05
1.77488e-03,-1.01,-0.99
1.77496e-03,-1.01,-1.03
1.77504e-03,-0.99,-0.99
1.77512e-03,-1.01,-1.05
1.77520e-03,-0.99,-0.99
1.77528e-03,-1.01,-1.05
1.77536e-03,-1.01,-0.99
1.77544e-03,-1.01,-1.03
1.77552e-03,-1.01,-0.99
1.77560e-03,-1.01,-1.03
1.77568e-03,-1.01,-0.97
1.77576e-03,-0.99,-1.03
1.77584e-03,-1.01,-0.99
1.77592e-03,-1.01,-1.05
1.77600e-03,-1.01,-0.99
1.77608e-03,-1.01,-1.05
1.77616e-03,-1.01,-0.99
1.77624e-03,-1.01,-1.03
1.77632e-03,-1.01,-0.99
1.77640e-03,-1.01,-1.05
1.77648e-03,-1.01,-0.99
1.77656e-03,-1.03,-1.05
1.77664e-03,-1.01,-0.99
1.77672e-03,-1.01,-1.05
1.77680e-03,-1.01,-0.99
1.77688e-03,-1.03,-1.03
1.77696e-03,-0.99,-0.99
1.77704e-03,-1.01,-1.05
1.77712e-03,-1.03,-0.99
1.77720e-03,-1.01,-1.05
1.77728e-03,-1.01,-0.99
1.77736e-03,-1.01,-1.05
1.77744e-03,-1.01,-0.99
1.77752e-03,-1.01,-1.05
1.77760e-03,-1.01,-0.99
1.77768e-03,-1.01,-1.05
1.77776e-03,-1.03,-0.99
1.77784e-03,-1.03,-1.05
1.77792e-03,-1.03,-0.97
1.77800e-03,-1.01,-1.05
1.77808e-03,-1.01,-0.99
1.77816e-03,-1.01,-1.05
1.77824e-03,-1.01,-0.99
1.77832e-03,-1.09,-1.05
1.77840e-03,-0.91,-0.99
1.77848e-03,-0.97,-1.09
1.77856e-03,-0.95,-0.75
1.77864e-03,-0.93,-1.01
1.77872e-03,-0.95,-0.91
1.77880e-03,-0.93,-0.99
1.77888e-03,-0.95,-0.93
1.77896e-03,-0.97,-0.99
1.77904e-03,-0.99,-0.91
1.77912e-03,-1.01,-1.01
1.77920e-03,-1.03,-0.95
1.77928e-03,-1.05,-1.03
1.77936e-03,-1.03,-0.97
1.77944e-03,-1.03,-1.05
1.77952e-03,-1.03,-1.01
1.77960e-03,-1.01,-1.07
1.77968e-03,-1.01,-1.01
1.77976e-03,-1.01,-1.05
1.77984e-03,-1.01,-1.01
1.77992e-03,-0.99,-1.05
1.78000e-03,-0.99,-0.99
1.78008e-03,-1.01,-1.05
1.78016e-03,-1.01,-0.99
1.78024e-03,-0.99,-1.03
1.78032e-03,-1.01,-0.99
1.78040e-03,-1.01,-1.03
1.78048e-03,-1.01,-0.99
1.78056e-03,-1.01,-1.03
1.78064e-03,-1.01,-0.99
1.78072e-03,-1.01,-1.03
1.78080e-03,-1.01,-0.99
1.78088e-03,-1.01,-1.03
1.78096e-03,-1.03,-0.99
1.78104e-03,-0.99,-1.05
1.78112e-03,-1.01,-0.99
1.78120e-03,-0.99,-1.05
1.78128e-03,-1.01,-0.99
1.78136e-03,-1.01,-1.03
1.78144e-03,-1.01,-0.99
1.78152e-03,-1.01,-1.03
1.78160e-03,-0.99,-0.97
1.78168e-03,-1.01,-1.03
1.78176e-03,-1.01,-0.97
1.78184e-03,-1.01,-1.03
1.78192e-03,-0.99,-0.99
1.78200e-03,-1.01,-1.03
1.78208e-03,-1.01,-0.99
1.78216e-03,-1.01,-1.03
1.78224e-03,-1.01,-0.99
1.78232e-03,-1.01,-1.03
1.78240e-03,-1.01,-0.99
1.78248e-03,-1.01,-1.03
1.78256e-03,-1.01,-0.99
1.78264e-03,-1.01,-1.03
1.78272e-03,-0.99,-0.97
1.78280e-03,-1.01,-1.03
1.78288e-03,-1.01,-0.99
1.78296e-03,-0.99,-1.03
1.78304e-03,-0.99,-0.99
1.78312e-03,-1.01,-1.03
1.78320e-03,-1.01,-0.99
1.78328e-03,-1.01,-1.03
1.78336e-03,-0.99,-0.99
1.78344e-03,-0.99,-1.03
1.78352e-03,-1.01,-0.97
1.78360e-03,-0.99,-1.03
1.78368e-03,-1.01,-0.99
1.78376e-03,-1.01,-1.03
1.78384e-03,-1.01,-0.99
1.78392e-03,-0.99,-1.03
1.78400e-03,-0.99,-0.99
1.78408e-03,-0.99,-1.03
1.78416e-03,-0.99,-0.99
1.78424e-03,-1.01,-1.03
1.78432e-03,-0.99,-0.99
1.78440e-03,-1.01,-1.05
1.78448e-03,-0.99,-0.97
1.78456e-03,-0.99,-1.05
1.78464e-03,-0.99,-0.97
1.78472e-03,-1.01,-1.05
1.78480e-03,-0.99,-0.97
1.78488e-03,-1.01,-1.03
1.78496e-03,-1.01,-0.99
1.78504e-03,-1.01,-1.03
1.78512e-03,-1.23,-0.99
1.78520e-03,-1.07,-1.35
1.78528e-03,-1.03,-0.93
1.78536e-03,-1.07,-1.23
1.78544e-03,-1.03,-1.03
1.78552e-03,-1.09,-1.11
1.78560e-03,-1.03,-1.01
1.78568e-03,-1.05,-1.09
1.78576e-03,-1.03,-1.03
1.78584e-03,-1.03,-1.11
1.78592e-03,-1.01,-1.01
1.78600e-03,-0.99,-1.05
1.78608e-03,-0.97,-0.99
1.78616e-03,-0.99,-1.03
1.78624e-03,-0.97,-0.97
1.78632e-03,-0.99,-1.03
1.78640e-03,-1.01,-0.97
1.78648e-03,-0.99,-1.01
1.78656e-03,-1.01,-0.97
1.78664e-03,-1.01,-1.03
1.78672e-03,-0.99,-0.97
1.78680e-03,-1.01,-1.03
1.78688e-03,-1.01,-0.97
1.78696e-03,-0.99,-1.03
1.78704e-03,-0.99,-0.99
1.78712e-03,-1.01,-1.03
1.78720e-03,-0.99,-0.99
1.78728e-03,-0.99,-1.03
1.78736e-03,-0.99,-0.97
1.78744e-03,-0.99,-1.03
1.78752e-03,-0.99,-0.99
1.78760e-03,-1.01,-1.03
1.78768e-03,-0.99,-0.97
1.78776e-03,-0.99,-1.03
1.78784e-03,-1.01,-0.99
1.78792e-03,-0.99,-1.03
1.78800e-03,-1.01,-0.97
1.78808e-03,-1.01,-1.03
1.78816e-03,-0.99,-0.97
1.78824e-03,-1.01,-1.03
1.78832e-03,-1.01,-0.99
1.78840e-03,-1.01,-1.03
1.78848e-03,-0.99,-0.99
1.78856e-03,-1.03,-1.03
1.78864e-03,-0.99,-0.99
1.78872e-03,-1.01,-1.03
1.78880e-03,-1.01,-0.99
1.78888e-03,-0.99,-1.03
1.78896e-03,-1.03,-0.99
1.78904e-03,-1.01,-1.03
1.78912e-03,-1.01,-0.99
1.78920e-03,-1.01,-1.05
1.78928e-03,-1.01,-0.97
1.78936e-03,-1.01,-1.05
1.78944e-03,-1.03,-0.99
1.78952e-03,-1.01,-1.05
1.78960e-03,-1.01,-0.99
1.78968e-03,-1.03,-1.05
1.78976e-03,-0.99,-0.99
1.78984e-03,-1.01,-1.05
1.78992e-03,-1.03,-0.99
1.79000e-03,-1.01,-1.05
1.79008e-03,-1.01,-0.99
1.79016e-03,-1.01,-1.05
1.79024e-03,-1.01,-0.99
1.79032e-03,-1.03,-1.05
1.79040e-03,-1.01,-0.99
1.79048e-03,-0.99,-1.05
1.79056e-03,-1.01,-0.99
1.79064e-03,-0.99,-1.03
1.79072e-03,-1.01,-0.99
1.79080e-03,-1.03,-1.05
1.79088e-03,-1.01,-0.99
1.79096e-03,-1.01,-1.05
1.79104e-03,-1.01,-0.99
1.79112e-03,-1.03,-1.05
1.79120e-03,-1.01,-0.99
1.79128e-03,-1.01,-1.05
1.79136e-03,-1.01,-0.99
1.79144e-03,-1.03,-1.05
1.79152e-03,-1.01,-0.99
1.79160e-03,-1.01,-1.05
1.79168e-03,-1.01,-0.99
1.79176e-03,-0.99,-1.05
1.79184e-03,-1.01,-0.99
1.79192e-03,-1.01,-1.05
1.79200e-03,-1.01,-0.99
1.79208e-03,-1.01,-1.05
1.79216e-03,-1.01,-0.99
1.79224e-03,-1.03,-1.05
1.79232e-03,-1.01,-0.99
1.79240e-03,-1.01,-1.03
1.79248e-03,-1.01,-0.99
1.79256e-03,-1.03,-1.05
1.79264e-03,-0.99,-0.99
1.79272e-03,-1.01,-1.05
1.79280e-03,-1.01,-0.99
1.79288e-03,-1.01,-1.05
1.79296e-03,-1.01,-0.99
1.79304e-03,-1.01,-1.05
1.79312e-03,-1.01,-0.99
1.79320e-03,-1.01,-1.05
1.79328e-03,-1.01,-0.99
1.79336e-03,-1.01,-1.05
1.79344e-03,-1.03,-0.99
1.79352e-03,-1.01,-1.05
1.79360e-03,-0.99,-0.99
1.79368e-03,-1.01,-1.07
1.79376e-03,-1.01,-0.99
1.79384e-03,-1.03,-1.05
1.79392e-03,-1.01,-0.99
1.79400e-03,-1.01,-1.05
1.79408e-03,-1.01,-0.97
1.79416e-03,-0.99,-1.05
1.79424e-03,-1.01,-0.99
1.79432e-03,-0.99,-1.05
1.79440e-03,-0.99,-0.99
1.79448e-03,-1.01,-1.05
1.79456e-03,-1.01,-0.99
1.79464e-03,-1.01,-1.05
1.79472e-03,-1.01,-0.99
1.79480e-03,-1.01,-1.05
1.79488e-03,-1.01,-0.99
1.79496e-03,-1.01,-1.05
1.79504e-03,-0.99,-0.99
1.79512e-03,-1.03,-1.05
1.79520e-03,-0.99,-0.97
1.79528e-03,-1.03,-1.05
1.79536e-03,-1.01,-0.99
1.79544e-03,-1.01,-1.05
1.79552e-03,-1.01,-0.99
1.79560e-03,-1.01,-1.05
1.79568e-03,-1.03,-0.99
1.79576e-03,-1.01,-1.05
1.79584e-03,-1.03,-0.99
1.79592e-03,-0.99,-1.05
1.79600e-03,-1.01,-0.99
1.79608e-03,-1.03,-1.05
1.79616e-03,-1.03,-0.99
1.79624e-03,-1.03,-1.05
1.79632e-03,-1.01,-0.99
1.79640e-03,-1.03,-1.05
1.79648e-03,-1.01,-0.99
1.79656e-03,-1.03,-1.05
1.79664e-03,-1.01,-0.99
1.79672e-03,-1.03,-1.05
1.79680e-03,-1.03,-1.01
1.79688e-03,-1.01,-1.05
1.79696e-03,-0.99,-0.99
1.79704e-03,-1.01,-1.05
1.79712e-03,-1.03,-0.99
1.79720e-03,-1.01,-1.05
1.79728e-03,-1.03,-1.01
1.79736e-03,-1.03,-1.05
1.79744e-03,-1.03,-0.99
1.79752e-03,-1.03,-1.05
1.79760e-03,-1.01,-0.99
1.79768e-03,-1.03,-1.05
1.79776e-03,-1.01,-0.99
1.79784e-03,-1.03,-1.05
1.79792e-03,-1.03,-0.99
1.79800e-03,-1.03,-1.05
1.79808e-03,-1.03,-0.99
1.79816e-03,-1.01,-1.05
1.79824e-03,-1.01,-0.99
1.79832e-03,-1.01,-1.05
1.79840e-03,-1.01,-0.99
1.79848e-03,-1.01,-1.05
1.79856e-03,-1.03,-0.99
1.79864e-03,-1.01,-1.05
1.79872e-03,-1.03,-0.99
1.79880e-03,-1.03,-1.05
1.79888e-03,-1.01,-0.99
1.79896e-03,-1.03,-1.05
1.79904e-03,-1.03,-0.99
1.79912e-03,-1.01,-1.05
1.79920e-03,-1.01,-0.99
1.79928e-03,-1.01,-1.05
1.79936e-03,-1.03,-0.99
1.79944e-03,-1.03,-1.05
1.79952e-03,-1.01,-0.99
1.79960e-03,-1.01,-1.05
1.79968e-03,-1.03,-0.99
1.79976e-03,-0.99,-1.05
1.79984e-03,-1.03,-0.99
1.79992e-03,-1.01,-1.05
1.80000e-03,-1.03,-0.99
1.80008e-03,-1.01,-1.05
1.80016e-03,-1.01,-0.99
1.80024e-03,-1.03,-1.05
1.80032e-03,-1.01,-0.99
1.80040e-03,-1.03,-1.05
1.80048e-03,-1.01,-0.99
1.80056e-03,-1.01,-1.05
1.80064e-03,-1.01,-0.99
1.80072e-03,-1.03,-1.07
1.80080e-03,-1.01,-0.99
1.80088e-03,-1.03,-1.05
1.80096e-03,-1.01,-0.97
1.80104e-03,-1.01,-1.05
1.80112e-03,-1.01,-0.99
1.80120e-03,-1.03,-1.05
1.80128e-03,-1.01,-1.01
1.80136e-03,-1.01,-1.05
1.80144e-03,-1.03,-0.99
1.80152e-03,-1.01,-1.05
1.80160e-03,-0.99,-0.97
1.80168e-03,-1.01,-1.07
1.80176e-03,-1.01,-0.99
1.80184e-03,-1.03,-1.05
1.80192e-03,-1.01,-0.99
1.80200e-03,-1.03,-1.05
1.80208e-03,-1.01,-0.99
1.80216e-03,-1.01,-1.05
1.80224e-03,-1.03,-0.99
1.80232e-03,-1.01,-1.05
1.80240e-03,-1.03,-1.01
1.80248e-03,-1.03,-1.05
1.80256e-03,-1.03,-0.99
1.80264e-03,-1.01,-1.05
1.80272e-03,-1.01,-1.01
1.80280e-03,-1.01,-1.07
1.80288e-03,-1.03,-0.99
1.80296e-03,-1.01,-1.05
1.80304e-03,-1.01,-0.99
1.80312e-03,-1.03,-1.05
1.80320e-03,-1.03,-1.01
1.80328e-03,-1.01,-1.05
1.80336e-03,-1.01,-1.01
1.80344e-03,-1.03,-1.05
1.80352e-03,-1.01,-0.99
1.80360e-03,-1.01,-1.07
1.80368e-03,-1.03,-1.01
1.80376e-03,-1.01,-1.05
1.80384e-03,-1.03,-1.01
1.80392e-03,-1.01,-1.05
1.80400e-03,-1.05,-1.01
1.80408e-03,-1.03,-1.05
1.80416e-03,-1.01,-1.01
1.80424e-03,-1.03,-1.05
1.80432e-03,-1.01,-1.01
1.80440e-03,-1.03,-1.05
1.80448e-03,-1.03,-1.01
1.80456e-03,-1.03,-1.05
1.80464e-03,-1.01,-0.99
1.80472e-03,-1.01,-1.05
1.80480e-03,-1.01,-1.01
1.80488e-03,-1.01,-1.05
1.80496e-03,-1.03,-0.99
1.80504e-03,-1.01,-1.05
1.80512e-03,-1.03,-0.99
1.80520e-03,-1.03,-1.05
1.80528e-03,-1.01,-1.01
1.80536e-03,-1.01,-1.05
1.80544e-03,-1.03,-0.99
1.80552e-03,-1.01,-1.05
1.80560e-03,-1.01,-1.01
1.80568e-03,-1.01,-1.05
1.80576e-03,-1.01,-1.01
1.80584e-03,-1.01,-1.05
1.80592e-03,-1.03,-1.01
1.80600e-03,-1.07,-1.05
1.80608e-03,-1.01,-1.01
1.80616e-03,-1.03,-1.07
1.80624e-03,-1.03,-0.97
1.80632e-03,-1.03,-1.05
1.80640e-03,-1.03,-0.99
1.80648e-03,-1.03,-1.05
1.80656e-03,-1.03,-1.01
1.80664e-03,-1.01,-1.05
1.80672e-03,-1.03,-1.01
1.80680e-03,-1.03,-1.05
1.80688e-03,-1.01,-1.01
1.80696e-03,-1.01,-1.05
1.80704e-03,-1.01,-1.01
1.80712e-03,-1.05,-1.05
1.80720e-03,-1.01,-1.01
1.80728e-03,-1.03,-1.05
1.80736e-03,-1.03,-1.01
1.80744e-03,-1.03,-1.05
1.80752e-03,-1.03,-1.01
1.80760e-03,-1.01,-1.07
1.80768e-03,-1.05,-0.99
1.80776e-03,-1.05,-1.05
1.80784e-03,-1.03,-1.01
1.80792e-03,-1.03,-1.05
1.80800e-03,-1.01,-0.99
1.80808e-03,-1.03,-1.05
1.80816e-03,-1.03,-1.01
1.80824e-03,-1.01,-1.05
1.80832e-03,-1.03,-1.01
1.80840e-03,-1.03,-1.05
1.80848e-03,-1.03,-1.01
1.80856e-03,-1.03,-1.05
1.80864e-03,-1.01,-1.01
1.80872e-03,-1.01,-1.05
1.80880e-03,-1.03,-1.01
1.80888e-03,-1.03,-1.05
1.80896e-03,-1.03,-0.99
1.80904e-03,-1.03,-1.05
1.80912e-03,-1.01,-0.99
1.80920e-03,-1.03,-1.05
1.80928e-03,-1.01,-0.99
1.80936e-03,-1.03,-1.05
1.80944e-03,-1.03,-0.99
1.80952e-03,-1.03,-1.05
1.80960e-03,-1.01,-0.99
1.80968e-03,-1.01,-1.07
1.80976e-03,-1.03,-0.99
1.80984e-03,-1.01,-1.05
1.80992e-03,-1.01,-0.99
1.81000e-03,-1.03,-1.05
1.81008e-03,-1.01,-0.99
1.81016e-03,-1.01,-1.05
1.81024e-03,-1.03,-0.99
1.81032e-03,-1.01,-1.05
1.81040e-03,-1.01,-0.99
1.81048e-03,-1.03,-1.05
1.81056e-03,-1.03,-0.99
1.81064e-03,-1.03,-1.05
1.81072e-03,-1.01,-1.01
1.81080e-03,-1.01,-1.05
1.81088e-03,-1.01,-0.99
1.81096e-03,-1.03,-1.05
1.81104e-03,-1.01,-0.99
1.81112e-03,-1.05,-1.05
1.81120e-03,-1.01,-0.99
1.81128e-03,-1.03,-1.05
1.81136e-03,-1.01,-1.01
1.81144e-03,-1.01,-1.05
1.81152e-03,-1.01,-0.99
1.81160e-03,-1.01,-1.05
1.81168e-03,-1.03,-0.99
1.81176e-03,-0.99,-1.05
1.81184e-03,-1.01,-0.99
1.81192e-03,-1.03,-1.05
1.81200e-03,-1.03,-0.99
1.81208e-03,-1.01,-1.05
1.81216e-03,-0.99,-1.01
1.81224e-03,-1.03,-1.05
1.81232e-03,-1.01,-0.99
1.81240e-03,-1.03,-1.05
1.81248e-03,-0.99,-0.99
1.81256e-03,-1.03,-1.05
1.81264e-03,-1.01,-0.99
1.81272e-03,-1.03,-1.05
1.81280e-03,-1.03,-0.99
1.81288e-03,-1.01,-1.05
1.81296e-03,-1.03,-0.99
1.81304e-03,-1.01,-1.05
1.81312e-03,-1.03,-0.99
1.81320e-03,-1.01,-1.05
1.81328e-03,-1.03,-0.99
1.81336e-03,-1.01,-1.05
1.81344e-03,-1.03,-0.99
1.81352e-03,-1.03,-1.05
1.81360e-03,-1.01,-0.99
1.81368e-03,-1.03,-1.05
1.81376e-03,-1.01,-1.01
1.81384e-03,-1.05,-1.05
1.81392e-03,-1.01,-0.99
1.81400e-03,-1.03,-1.05
1.81408e-03,-1.03,-1.01
1.81416e-03,-1.01,-1.05
1.81424e-03,-1.01,-0.99
1.81432e-03,-1.01,-1.05
1.81440e-03,-1.03,-0.99
1.81448e-03,-1.01,-1.05
1.81456e-03,-1.03,-1.01
1.81464e-03,-1.03,-1.05
1.81472e-03,-1.03,-0.99
1.81480e-03,-1.01,-1.05
1.81488e-03,-1.03,-1.01
1.81496e-03,-1.03,-1.05
1.81504e-03,-0.99,-0.99
1.81512e-03,-1.03,-1.05
1.81520e-03,-1.03,-0.99
1.81528e-03,-1.03,-1.05
1.81536e-03,-1.01,-1.01
1.81544e-03,-1.03,-1.05
1.81552e-03,-0.99,-0.99
1.81560e-03,-1.01,-1.05
1.81568e-03,-1.03,-0.99
1.81576e-03,-1.01,-1.05
1.81584e-03,-1.03,-0.99
1.81592e-03,-1.01,-1.05
1.81600e-03,-1.03,-1.01
1.81608e-03,-1.01,-1.05
1.81616e-03,-1.01,-0.99
1.81624e-03,-1.01,-1.05
1.81632e-03,-1.01,-0.99
1.81640e-03,-1.03,-1.05
1.81648e-03,-1.01,-1.01
1.81656e-03,-1.01,-1.05
1.81664e-03,-1.03,-1.01
1.81672e-03,-1.01,-1.05
1.81680e-03,-1.03,-0.99
1.81688e-03,-1.03,-1.05
1.81696e-03,-1.01,-0.99
1.81704e-03,-1.03,-1.05
1.81712e-03,-1.03,-0.99
1.81720e-03,-1.03,-1.05
1.81728e-03,-1.03,-1.01
1.81736e-03,-1.05,-1.05
1.81744e-03,-1.03,-0.99
1.81752e-03,-1.03,-1.07
1.81760e-03,-1.01,-0.99
1.81768e-03,-1.03,-1.05
1.81776e-03,-1.01,-0.99
1.81784e-03,-1.03,-1.05
1.81792e-03,-1.03,-0.99
1.81800e-03,-1.03,-1.05
1.81808e-03,-1.03,-0.99
1.81816e-03,-1.01,-1.05
1.81824e-03,-1.01,-0.99
1.81832e-03,-1.01,-1.05
1.81840e-03,-1.03,-0.99
1.81848e-03,-1.01,-1.05
1.81856e-03,-1.03,-0.99
1.81864e-03,-1.01,-1.05
1.81872e-03,-1.03,-0.99
1.81880e-03,-1.01,-1.05
1.81888e-03,-1.01,-0.99
1.81896e-03,-1.03,-1.05
1.81904e-03,-1.01,-0.99
1.81912e-03,-1.03,-1.05
1.81920e-03,-1.01,-0.99
1.81928e-03,-1.03,-1.05
1.81936e-03,-1.03,-0.99
1.81944e-03,-1.01,-1.03
1.81952e-03,-1.03,-0.99
1.81960e-03,-1.01,-1.05
1.81968e-03,-1.03,-0.99
1.81976e-03,-0.99,-1.05
1.81984e-03,-1.03,-0.99
1.81992e-03,-1.01,-1.05
1.82000e-03,-1.03,-0.99
1.82008e-03,-1.01,-1.05
1.82016e-03,-1.01,-0.99
1.82024e-03,-1.03,-1.05
1.82032e-03,-1.01,-0.99
1.82040e-03,-1.01,-1.05
1.82048e-03,-1.01,-0.99
1.82056e-03,-1.01,-1.05
1.82064e-03,-1.01,-0.99
1.82072e-03,-1.03,-1.05
1.82080e-03,-1.03,-0.99
1.82088e-03,-1.03,-1.05
1.82096e-03,-1.01,-0.99
1.82104e-03,-1.01,-1.05
1.82112e-03,-1.05,-0.99
1.82120e-03,-1.01,-1.05
1.82128e-03,-1.01,-0.99
1.82136e-03,-1.01,-1.05
1.82144e-03,-1.01,-0.99
1.82152e-03,-1.03,-1.05
1.82160e-03,-1.01,-0.99
1.82168e-03,-1.03,-1.05
1.82176e-03,-1.01,-1.01
1.82184e-03,-1.01,-1.05
1.82192e-03,-1.01,-0.99
1.82200e-03,-1.01,-1.05
1.82208e-03,-0.99,-0.99
1.82216e-03,-1.01,-1.05
1.82224e-03,-1.01,-0.99
1.82232e-03,-1.01,-1.05
1.82240e-03,-1.03,-0.99
1.82248e-03,-1.01,-1.05
1.82256e-03,-1.05,-0.99
1.82264e-03,-0.99,-1.05
1.82272e-03,-0.99,-0.99
1.82280e-03,-1.01,-1.05
1.82288e-03,-1.01,-0.99
1.82296e-03,-1.01,-1.05
1.82304e-03,-1.03,-0.99
1.82312e-03,-1.03,-1.05
1.82320e-03,-1.01,-0.99
1.82328e-03,-1.03,-1.05
1.82336e-03,-1.01,-0.99
1.82344e-03,-1.01,-1.05
1.82352e-03,-1.01,-0.99
1.82360e-03,-0.99,-1.03
1.82368e-03,-1.03,-0.99
1.82376e-03,-1.01,-1.05
1.82384e-03,-1.03,-0.99
1.82392e-03,-1.01,-1.05
1.82400e-03,-1.03,-0.99
1.82408e-03,-1.01,-1.05
1.82416e-03,-1.03,-0.99
1.82424e-03,-1.01,-1.05
1.82432e-03,-1.01,-0.99
1.82440e-03,-1.03,-1.05
1.82448e-03,-1.01,-0.99
1.82456e-03,-1.03,-1.05
1.82464e-03,-1.01,-0.99
1.82472e-03,-1.01,-1.05
1.82480e-03,-1.01,-0.99
1.82488e-03,-1.03,-1.05
1.82496e-03,-1.01,-0.99
1.82504e-03,-0.99,-1.05
1.82512e-03,-1.03,-0.99
1.82520e-03,-1.01,-1.05
1.82528e-03,-1.03,-0.99
1.82536e-03,-0.99,-1.03
1.82544e-03,-1.01,-0.99
1.82552e-03,-0.99,-1.05
1.82560e-03,-1.01,-0.97
1.82568e-03,-1.01,-1.05
1.82576e-03,-1.01,-0.97
1.82584e-03,-1.01,-1.05
1.82592e-03,-1.01,-0.99
1.82600e-03,-1.03,-1.03
1.82608e-03,-1.01,-0.99
1.82616e-03,-1.01,-1.05
1.82624e-03,-1.01,-0.99
1.82632e-03,-1.01,-1.05
1.82640e-03,-1.03,-0.99
1.82648e-03,-0.99,-1.05
1.82656e-03,-1.01,-0.99
1.82664e-03,-1.01,-1.03
1.82672e-03,-1.01,-0.99
1.82680e-03,-1.01,-1.05
1.82688e-03,-1.01,-0.99
1.82696e-03,-1.01,-1.05
1.82704e-03,-1.01,-0.99
1.82712e-03,-1.01,-1.05
1.82720e-03,-1.01,-0.99
1.82728e-03,-1.01,-1.05
1.82736e-03,-1.01,-0.99
1.82744e-03,-1.03,-1.05
1.82752e-03,-1.01,-0.99
1.82760e-03,-1.01,-1.05
1.82768e-03,-1.03,-0.99
1.82776e-03,-0.99,-1.05
1.82784e-03,-1.01,-0.99
1.82792e-03,-1.01,-1.05
1.82800e-03,-1.03,-0.99
1.82808e-03,-1.01,-1.05
1.82816e-03,-0.99,-0.99
1.82824e-03,-1.01,-1.05
1.82832e-03,-1.01,-0.99
1.82840e-03,-0.79,-1.05
1.82848e-03,-0.95,-0.99
1.82856e-03,-0.97,-1.09
1.82864e-03,-0.97,-0.73
1.82872e-03,-0.93,-1.01
1.82880e-03,-0.95,-0.93
1.82888e-03,-0.95,-0.99
1.82896e-03,-0.97,-0.91
1.82904e-03,-0.97,-0.99
1.82912e-03,-0.99,-0.91
1.82920e-03,-1.01,-1.01
1.82928e-03,-1.01,-0.93
1.82936e-03,-1.05,-1.05
1.82944e-03,-1.03,-0.97
1.82952e-03,-1.05,-1.05
1.82960e-03,-1.05,-1.01
1.82968e-03,-1.03,-1.07
1.82976e-03,-1.03,-1.01
1.82984e-03,-1.03,-1.05
1.82992e-03,-1.01,-1.01
1.83000e-03,-1.01,-1.05
1.83008e-03,-1.01,-0.99
1.83016e-03,-1.01,-1.03
1.83024e-03,-1.01,-0.99
1.83032e-03,-1.01,-1.03
1.83040e-03,-1.01,-0.99
1.83048e-03,-1.01,-1.05
1.83056e-03,-1.01,-0.99
1.83064e-03,-1.03,-1.05
1.83072e-03,-1.01,-0.99
1.83080e-03,-1.01,-1.05
1.83088e-03,-1.01,-0.99
1.83096e-03,-1.01,-1.03
1.83104e-03,-1.01,-0.99
1.83112e-03,-0.99,-1.03
1.83120e-03,-1.01,-0.99
1.83128e-03,-1.01,-1.03
1.83136e-03,-1.01,-0.97
1.83144e-03,-0.99,-1.03
1.83152e-03,-0.99,-0.99
1.83160e-03,-1.01,-1.03
1.83168e-03,-0.99,-0.99
1.83176e-03,-1.01,-1.03
1.83184e-03,-1.01,-0.99
1.83192e-03,-0.99,-1.03
1.83200e-03,-0.99,-0.99
1.83208e-03,-1.03,-1.03
1.83216e-03,-1.01,-0.99
1.83224e-03,-1.01,-1.03
1.83232e-03,-1.01,-0.99
1.83240e-03,-1.03,-1.03
1.83248e-03,-0.99,-0.99
1.83256e-03,-0.99,-1.03
1.83264e-03,-1.01,-0.99
1.83272e-03,-1.01,-1.03
1.83280e-03,-1.01,-0.99
1.83288e-03,-1.01,-1.03
1.83296e-03,-1.01,-0.99
1.83304e-03,-0.99,-1.03
1.83312e-03,-0.99,-0.99
1.83320e-03,-1.03,-1.05
1.83328e-03,-1.01,-0.99
1.83336e-03,-0.99,-1.03
1.83344e-03,-0.97,-0.97
1.83352e-03,-0.99,-1.05
1.83360e-03,-1.01,-0.95
1.83368e-03,-1.01,-1.05
1.83376e-03,-0.99,-0.97
1.83384e-03,-0.99,-1.03
1.83392e-03,-0.99,-0.97
1.83400e-03,-0.99,-1.03
1.83408e-03,-0.99,-0.99
1.83416e-03,-0.99,-1.03
1.83424e-03,-0.99,-0.99
1.83432e-03,-0.99,-1.03
1.83440e-03,-1.01,-0.99
1.83448e-03,-1.01,-1.03
1.83456e-03,-0.99,-0.99
1.83464e-03,-1.01,-1.03
1.83472e-03,-1.01,-0.99
1.83480e-03,-1.01,-1.03
1.83488e-03,-1.01,-0.99
1.83496e-03,-1.01,-1.03
1.83504e-03,-1.01,-0.99
1.83512e-03,-0.99,-1.03
1.83520e-03,-1.09,-0.99
1.83528e-03,-1.05,-1.35
1.83536e-03,-1.01,-0.93
1.83544e-03,-1.09,-1.09
1.83552e-03,-1.05,-0.99
1.83560e-03,-1.07,-1.11
1.83568e-03,-1.07,-1.01
1.83576e-03,-1.03,-1.11
1.83584e-03,-1.03,-1.03
1.83592e-03,-1.01,-1.09
1.83600e-03,-1.01,-1.01
1.83608e-03,-0.99,-1.05
1.83616e-03,-0.97,-0.99
1.83624e-03,-0.99,-1.01
1.83632e-03,-0.99,-0.97
1.83640e-03,-1.01,-1.03
1.83648e-03,-0.99,-0.95
1.83656e-03,-1.01,-1.03
1.83664e-03,-1.01,-0.97
1.83672e-03,-0.99,-1.03
1.83680e-03,-0.99,-0.97
1.83688e-03,-1.01,-1.03
1.83696e-03,-1.01,-0.97
1.83704e-03,-0.99,-1.03
1.83712e-03,-1.01,-0.99
1.83720e-03,-0.99,-1.03
1.83728e-03,-1.01,-0.99
1.83736e-03,-1.01,-1.03
1.83744e-03,-1.01,-0.97
1.83752e-03,-1.01,-1.03
1.83760e-03,-1.01,-0.99
1.83768e-03,-1.01,-1.03
1.83776e-03,-0.99,-0.97
1.83784e-03,-1.01,-1.03
1.83792e-03,-0.99,-0.97
1.83800e-03,-1.01,-1.05
1.83808e-03,-0.99,-0.97
1.83816e-03,-0.99,-1.03
1.83824e-03,-1.01,-0.97
1.83832e-03,-0.99,-1.03
1.83840e-03,-1.01,-0.99
1.83848e-03,-1.01,-1.03
1.83856e-03,-1.01,-0.99
1.83864e-03,-0.97,-1.03
1.83872e-03,-1.01,-0.99
1.83880e-03,-1.03,-1.03
1.83888e-03,-1.01,-0.97
1.83896e-03,-1.01,-1.03
1.83904e-03,-1.01,-0.97
1.83912e-03,-1.03,-1.03
1.83920e-03,-1.01,-0.99
1.83928e-03,-1.01,-1.03
1.83936e-03,-1.01,-0.99
1.83944e-03,-1.01,-1.03
1.83952e-03,-1.01,-0.99
1.83960e-03,-1.01,-1.05
1.83968e-03,-1.03,-0.99
1.83976e-03,-1.01,-1.05
1.83984e-03,-1.03,-0.99
1.83992e-03,-0.99,-1.05
1.84000e-03,-1.01,-0.99
1.84008e-03,-1.01,-1.05
1.84016e-03,-1.01,-0.99
1.84024e-03,-1.01,-1.05
1.84032e-03,-1.01,-0.99
1.84040e-03,-1.01,-1.05
1.84048e-03,-1.01,-0.99
1.84056e-03,-1.03,-1.05
1.84064e-03,-1.01,-0.99
1.84072e-03,-1.01,-1.05
1.84080e-03,-1.01,-0.99
1.84088e-03,-1.03,-1.05
1.84096e-03,-1.01,-0.99
1.84104e-03,-1.03,-1.05
1.84112e-03,-1.03,-0.97
1.84120e-03,-1.01,-1.05
1.84128e-03,-1.03,-0.99
1.84136e-03,-1.03,-1.05
1.84144e-03,-1.01,-0.99
1.84152e-03,-1.01,-1.07
1.84160e-03,-1.01,-0.99
1.84168e-03,-1.01,-1.05
1.84176e-03,-1.03,-0.99
1.84184e-03,-1.01,-1.07
1.84192e-03,-1.01,-0.99
1.84200e-03,-1.01,-1.05
1.84208e-03,-1.03,-0.99
1.84216e-03,-1.03,-1.05
1.84224e-03,-1.03,-0.99
1.84232e-03,-1.03,-1.05
1.84240e-03,-1.03,-0.99
1.84248e-03,-1.01,-1.05
1.84256e-03,-1.01,-1.01
1.84264e-03,-0.99,-1.05
1.84272e-03,-1.01,-0.99
1.84280e-03,-0.99,-1.03
1.84288e-03,-0.99,-0.99
1.84296e-03,-0.99,-1.03
1.84304e-03,-0.99,-0.99
1.84312e-03,-1.03,-1.03
1.84320e-03,-1.01,-0.97
1.84328e-03,-1.03,-1.05
1.84336e-03,-1.03,-0.99
1.84344e-03,-1.03,-1.05
1.84352e-03,-1.01,-0.99
1.84360e-03,-1.03,-1.05
1.84368e-03,-1.03,-1.01
1.84376e-03,-1.03,-1.07
1.84384e-03,-1.03,-1.01
1.84392e-03,-1.01,-1.05
1.84400e-03,-1.05,-1.01
1.84408e-03,-1.01,-1.05
1.84416e-03,-1.01,-1.01
1.84424e-03,-1.03,-1.05
1.84432e-03,-1.03,-0.99
1.84440e-03,-1.01,-1.05
1.84448e-03,-1.01,-0.99
1.84456e-03,-1.03,-1.05
1.84464e-03,-1.01,-1.01
1.84472e-03,-1.01,-1.05
1.84480e-03,-1.03,-1.01
1.84488e-03,-1.01,-1.05
1.84496e-03,-1.03,-1.01
1.84504e-03,-1.01,-1.07
1.84512e-03,-1.03,-1.01
1.84520e-03,-1.01,-1.05
1.84528e-03,-1.03,-1.01
1.84536e-03,-1.01,-1.05
1.84544e-03,-1.05,-1.01
1.84552e-03,-1.03,-1.05
1.84560e-03,-1.01,-1.01
1.84568e-03,-1.03,-1.05
1.84576e-03,-0.99,-0.99
1.84584e-03,-1.03,-1.05
1.84592e-03,-1.03,-0.99
1.84600e-03,-1.03,-1.05
1.84608e-03,-1.03,-1.01
1.84616e-03,-1.03,-1.05
1.84624e-03,-1.05,-0.99
1.84632e-03,-1.03,-1.05
1.84640e-03,-1.03,-1.01
1.84648e-03,-1.01,-1.05
1.84656e-03,-1.03,-1.01
1.84664e-03,-1.03,-1.05
1.84672e-03,-1.03,-1.01
1.84680e-03,-1.01,-1.05
1.84688e-03,-1.01,-0.99
1.84696e-03,-1.03,-1.05
1.84704e-03,-1.03,-0.99
1.84712e-03,-1.03,-1.05
1.84720e-03,-1.01,-1.01
1.84728e-03,-1.03,-1.05
1.84736e-03,-1.03,-1.01
1.84744e-03,-1.03,-1.05
1.84752e-03,-1.03,-1.01
1.84760e-03,-1.01,-1.05
1.84768e-03,-1.03,-1.01
1.84776e-03,-1.03,-1.05
1.84784e-03,-1.03,-0.99
1.84792e-03,-1.01,-1.05
1.84800e-03,-1.03,-1.01
1.84808e-03,-1.01,-1.05
1.84816e-03,-1.01,-0.99
1.84824e-03,-1.01,-1.05
1.84832e-03,-1.03,-0.99
1.84840e-03,-1.03,-1.05
1.84848e-03,-1.01,-0.99
1.84856e-03,-1.03,-1.05
1.84864e-03,-1.03,-1.01
1.84872e-03,-1.03,-1.05
1.84880e-03,-1.01,-0.99
1.84888e-03,-1.03,-1.05
1.84896e-03,-1.01,-0.99
1.84904e-03,-1.03,-1.05
1.84912e-03,-1.03,-0.99
1.84920e-03,-1.01,-1.05
1.84928e-03,-1.03,-0.99
1.84936e-03,-1.05,-1.05
1.84944e-03,-1.03,-0.99
1.84952e-03,-1.01,-1.05
1.84960e-03,-0.99,-0.97
1.84968e-03,-1.01,-1.05
1.84976e-03,-1.03,-0.99
1.84984e-03,-1.01,-1.07
1.84992e-03,-1.01,-0.99
1.85000e-03,-1.03,-1.05
1.85008e-03,-1.03,-0.99
1.85016e-03,-1.01,-1.05
1.85024e-03,-1.03,-1.01
1.85032e-03,-1.01,-1.05
1.85040e-03,-1.03,-1.01
1.85048e-03,-1.03,-1.05
1.85056e-03,-1.03,-1.01
1.85064e-03,-1.03,-1.05
1.85072e-03,-1.01,-0.99
1.85080e-03,-1.03,-1.05
1.85088e-03,-1.03,-1.01
1.85096e-03,-1.03,-1.07
1.85104e-03,-1.01,-1.01
1.85112e-03,-1.03,-1.05
1.85120e-03,-1.01,-0.99
1.85128e-03,-1.03,-1.05
1.85136e-03,-1.01,-1.01
1.85144e-03,-1.03,-1.05
1.85152e-03,-1.03,-1.01
1.85160e-03,-1.03,-1.05
1.85168e-03,-1.03,-1.01
1.85176e-03,-1.01,-1.05
1.85184e-03,-1.03,-1.01
1.85192e-03,-1.01,-1.05
1.85200e-03,-1.05,-1.01
1.85208e-03,-1.03,-1.05
1.85216e-03,-1.01,-1.01
1.85224e-03,-1.03,-1.05
1.85232e-03,-1.01,-1.01
1.85240e-03,-1.01,-1.07
1.85248e-03,-1.03,-1.01
1.85256e-03,-1.03,-1.05
1.85264e-03,-1.03,-1.01
1.85272e-03,-1.03,-1.07
1.85280e-03,-1.03,-0.99
1.85288e-03,-1.01,-1.05
1.85296e-03,-1.03,-1.01
1.85304e-03,-1.01,-1.05
1.85312e-03,-1.03,-1.01
1.85320e-03,-1.01,-1.07
1.85328e-03,-1.03,-1.01
1.85336e-03,-1.03,-1.07
1.85344e-03,-1.05,-1.01
1.85352e-03,-1.03,-1.07
1.85360e-03,-1.01,-1.01
1.85368e-03,-1.03,-1.05
1.85376e-03,-1.03,-1.01
1.85384e-03,-1.03,-1.05
1.85392e-03,-1.01,-1.01
1.85400e-03,-1.03,-1.07
1.85408e-03,-1.03,-1.01
1.85416e-03,-1.01,-1.05
1.85424e-03,-1.05,-1.01
1.85432e-03,-1.03,-1.07
1.85440e-03,-1.03,-1.01
1.85448e-03,-1.03,-1.07
1.85456e-03,-1.03,-1.01
1.85464e-03,-1.05,-1.07
1.85472e-03,-1.03,-1.01
1.85480e-03,-1.03,-1.05
1.85488e-03,-1.01,-1.01
1.85496e-03,-1.03,-1.05
1.85504e-03,-1.03,-1.01
1.85512e-03,-1.03,-1.07
1.85520e-03,-1.01,-1.01
1.85528e-03,-1.03,-1.07
1.85536e-03,-1.03,-1.01
1.85544e-03,-1.03,-1.07
1.85552e-03,-1.01,-1.01
1.85560e-03,-1.03,-1.05
1.85568e-03,-1.05,-1.01
1.85576e-03,-1.01,-1.05
1.85584e-03,-1.01,-1.01
1.85592e-03,-1.03,-1.07
1.85600e-03,-1.03,-0.99
1.85608e-03,-1.03,-1.07
1.85616e-03,-1.03,-1.01
1.85624e-03,-1.03,-1.07
1.85632e-03,-1.03,-1.01
1.85640e-03,-1.03,-1.07
1.85648e-03,-1.01,-1.01
1.85656e-03,-1.03,-1.07
1.85664e-03,-1.03,-0.99
1.85672e-03,-1.03,-1.07
1.85680e-03,-1.01,-1.01
1.85688e-03,-1.03,-1.07
1.85696e-03,-1.01,-0.99
1.85704e-03,-1.03,-1.07
1.85712e-03,-1.01,-1.01
1.85720e-03,-1.01,-1.05
1.85728e-03,-1.03,-0.99
1.85736e-03,-1.03,-1.05
1.85744e-03,-1.05,-1.01
1.85752e-03,-1.03,-1.07
1.85760e-03,-1.05,-0.99
1.85768e-03,-1.03,-1.07
1.85776e-03,-1.01,-0.99
1.85784e-03,-1.03,-1.07
1.85792e-03,-1.01,-0.99
1.85800e-03,-1.03,-1.05
1.85808e-03,-1.01,-1.01
1.85816e-03,-1.03,-1.05
1.85824e-03,-1.03,-0.99
1.85832e-03,-1.03,-1.05
1.85840e-03,-1.03,-1.01
1.85848e-03,-1.03,-1.05
1.85856e-03,-1.05,-0.99
1.85864e-03,-1.01,-1.05
1.85872e-03,-1.01,-1.01
1.85880e-03,-1.03,-1.05
1.85888e-03,-1.03,-0.99
1.85896e-03,-1.03,-1.05
1.85904e-03,-1.03,-1.01
1.85912e-03,-1.03,-1.05
1.85920e-03,-1.03,-1.01
1.85928e-03,-1.03,-1.05
1.85936e-03,-1.03,-0.99
1.85944e-03,-1.03,-1.07
1.85952e-03,-1.03,-0.99
1.85960e-03,-1.01,-1.05
1.85968e-03,-1.03,-1.01
1.85976e-03,-1.03,-1.07
1.85984e-03,-1.05,-0.99
1.85992e-03,-1.03,-1.05
1.86000e-03,-1.03,-1.01
1.86008e-03,-1.03,-1.07
1.86016e-03,-1.03,-1.01
1.86024e-03,-1.05,-1.07
1.86032e-03,-1.01,-1.01
1.86040e-03,-1.05,-1.07
1.86048e-03,-1.03,-1.01
1.86056e-03,-1.03,-1.05
1.86064e-03,-1.01,-0.99
1.86072e-03,-1.03,-1.05
1.86080e-03,-1.03,-1.01
1.86088e-03,-1.03,-1.05
1.86096e-03,-1.03,-1.01
1.86104e-03,-1.03,-1.05
1.86112e-03,-1.03,-1.01
1.86120e-03,-1.01,-1.05
1.86128e-03,-1.05,-0.99
1.86136e-03,-1.03,-1.07
1.86144e-03,-1.03,-1.01
1.86152e-03,-1.03,-1.05
1.86160e-03,-1.01,-1.01
1.86168e-03,-1.03,-1.05
1.86176e-03,-1.01,-0.99
1.86184e-03,-1.03,-1.05
1.86192e-03,-1.01,-1.01
1.86200e-03,-1.03,-1.05
1.86208e-03,-1.03,-1.01
1.86216e-03,-1.03,-1.05
1.86224e-03,-1.03,-1.01
1.86232e-03,-1.03,-1.05
1.86240e-03,-1.01,-1.01
1.86248e-03,-1.01,-1.05
1.86256e-03,-1.01,-1.01
1.86264e-03,-1.03,-1.05
1.86272e-03,-1.01,-1.01
1.86280e-03,-1.03,-1.05
1.86288e-03,-1.03,-0.99
1.86296e-03,-1.01,-1.05
1.86304e-03,-1.01,-1.01
1.86312e-03,-1.03,-1.05
1.86320e-03,-1.01,-1.01
1.86328e-03,-1.03,-1.05
1.86336e-03,-1.03,-0.99
1.86344e-03,-1.03,-1.05
1.86352e-03,-1.03,-1.01
1.86360e-03,-1.03,-1.07
1.86368e-03,-1.03,-1.01
1.86376e-03,-1.03,-1.05
1.86384e-03,-1.01,-0.99
1.86392e-03,-1.01,-1.07
1.86400e-03,-1.03,-1.01
1.86408e-03,-1.03,-1.05
1.86416e-03,-1.03,-1.01
1.86424e-03,-1.01,-1.05
1.86432e-03,-1.01,-0.99
1.86440e-03,-1.03,-1.05
1.86448e-03,-1.03,-1.01
1.86456e-03,-1.03,-1.07
1.86464e-03,-1.01,-1.01
1.86472e-03,-1.03,-1.05
1.86480e-03,-0.99,-1.01
1.86488e-03,-1.05,-1.09
1.86496e-03,-1.03,-0.99
1.86504e-03,-1.03,-1.05
1.86512e-03,-1.03,-1.01
1.86520e-03,-1.03,-1.07
1.86528e-03,-1.03,-0.99
1.86536e-03,-1.03,-1.07
1.86544e-03,-1.05,-1.01
1.86552e-03,-1.05,-1.07
1.86560e-03,-1.03,-0.99
1.86568e-03,-1.03,-1.09
1.86576e-03,-1.01,-0.99
1.86584e-03,-1.03,-1.07
1.86592e-03,-1.03,-0.99
1.86600e-03,-1.03,-1.05
1.86608e-03,-1.03,-0.99
1.86616e-03,-1.05,-1.05
1.86624e-03,-1.05,-0.99
1.86632e-03,-1.03,-1.05
1.86640e-03,-1.01,-1.01
1.86648e-03,-1.03,-1.07
1.86656e-03,-1.03,-0.99
1.86664e-03,-1.03,-1.05
1.86672e-03,-1.03,-1.01
1.86680e-03,-1.03,-1.05
1.86688e-03,-1.03,-1.01
1.86696e-03,-1.01,-1.05
1.86704e-03,-1.03,-1.01
1.86712e-03,-1.03,-1.05
1.86720e-03,-1.03,-1.01
1.86728e-03,-1.03,-1.07
1.86736e-03,-1.03,-1.01
1.86744e-03,-1.03,-1.05
1.86752e-03,-1.03,-1.01
1.86760e-03,-1.03,-1.05
1.86768e-03,-1.03,-0.99
1.86776e-03,-1.03,-1.05
1.86784e-03,-1.03,-1.01
1.86792e-03,-1.03,-1.07
1.86800e-03,-1.03,-1.01
1.86808e-03,-1.03,-1.05
1.86816e-03,-1.03,-1.01
1.86824e-03,-1.01,-1.07
1.86832e-03,-1.03,-1.01
1.86840e-03,-1.01,-1.07
1.86848e-03,-1.03,-1.01
1.86856e-03,-1.03,-1.07
1.86864e-03,-1.01,-0.99
1.86872e-03,-1.03,-1.05
1.86880e-03,-1.03,-1.01
1.86888e-03,-1.03,-1.05
1.86896e-03,-1.03,-1.01
1.86904e-03,-1.03,-1.05
1.86912e-03,-1.05,-1.01
1.86920e-03,-1.01,-1.05
1.86928e-03,-1.03,-0.99
1.86936e-03,-1.05,-1.05
1.86944e-03,-1.01,-1.01
1.86952e-03,-1.03,-1.05
1.86960e-03,-1.01,-1.01
1.86968e-03,-1.03,-1.05
1.86976e-03,-1.01,-1.01
1.86984e-03,-1.03,-1.05
1.86992e-03,-1.01,-0.99
1.87000e-03,-1.03,-1.05
1.87008e-03,-1.03,-0.99
1.87016e-03,-1.03,-1.05
1.87024e-03,-1.03,-1.01
1.87032e-03,-1.01,-1.05
1.87040e-03,-1.05,-1.01
1.87048e-03,-1.01,-1.05
1.87056e-03,-1.03,-1.01
1.87064e-03,-1.01,-1.05
1.87072e-03,-1.03,-1.01
1.87080e-03,-1.01,-1.05
1.87088e-03,-1.03,-1.01
1.87096e-03,-1.03,-1.05
1.87104e-03,-1.03,-0.99
1.87112e-03,-1.03,-1.05
1.87120e-03,-0.99,-1.01
1.87128e-03,-1.03,-1.05
1.87136e-03,-1.01,-0.99
1.87144e-03,-1.03,-1.05
1.87152e-03,-1.03,-1.01
1.87160e-03,-1.01,-1.05
1.87168e-03,-1.03,-1.01
1.87176e-03,-1.01,-1.07
1.87184e-03,-1.03,-1.01
1.87192e-03,-1.03,-1.05
1.87200e-03,-1.05,-1.01
1.87208e-03,-1.03,-1.05
1.87216e-03,-1.03,-1.01
1.87224e-03,-1.03,-1.05
1.87232e-03,-1.01,-1.01
1.87240e-03,-1.01,-1.05
1.87248e-03,-1.01,-0.99
1.87256e-03,-1.05,-1.05
1.87264e-03,-1.03,-1.01
1.87272e-03,-1.03,-1.05
1.87280e-03,-1.03,-0.99
1.87288e-03,-1.03,-1.05
1.87296e-03,-1.03,-0.99
1.87304e-03,-1.01,-1.05
1.87312e-03,-1.03,-1.01
1.87320e-03,-1.01,-1.05
1.87328e-03,-1.03,-0.99
1.87336e-03,-1.05,-1.05
1.87344e-03,-1.05,-0.99
1.87352e-03,-1.03,-1.07
1.87360e-03,-1.03,-0.97
1.87368e-03,-1.03,-1.05
1.87376e-03,-1.03,-0.99
1.87384e-03,-1.03,-1.05
1.87392e-03,-1.01,-0.99
1.87400e-03,-1.03,-1.05
1.87408e-03,-1.03,-0.99
1.87416e-03,-1.01,-1.05
1.87424e-03,-1.03,-0.99
1.87432e-03,-1.01,-1.05
1.87440e-03,-1.01,-0.99
1.87448e-03,-1.01,-1.05
1.87456e-03,-1.03,-0.99
1.87464e-03,-1.03,-1.05
1.87472e-03,-1.03,-0.99
1.87480e-03,-1.01,-1.05
1.87488e-03,-1.01,-1.01
1.87496e-03,-1.03,-1.05
1.87504e-03,-1.01,-0.99
1.87512e-03,-1.03,-1.05
1.87520e-03,-1.01,-0.99
1.87528e-03,-1.03,-1.05
1.87536e-03,-1.01,-0.99
1.87544e-03,-1.03,-1.05
1.87552e-03,-1.01,-0.99
1.87560e-03,-1.01,-1.05
1.87568e-03,-1.01,-0.99
1.87576e-03,-1.01,-1.05
1.87584e-03,-1.03,-0.99
1.87592e-03,-1.01,-1.05
1.87600e-03,-1.03,-0.99
1.87608e-03,-1.01,-1.05
1.87616e-03,-1.01,-0.99
1.87624e-03,-1.01,-1.05
1.87632e-03,-1.01,-0.99
1.87640e-03,-1.01,-1.05
1.87648e-03,-1.01,-0.99
1.87656e-03,-1.01,-1.05
1.87664e-03,-1.01,-0.99
1.87672e-03,-1.01,-1.05
1.87680e-03,-1.01,-0.99
1.87688e-03,-1.01,-1.05
1.87696e-03,-1.01,-0.99
1.87704e-03,-1.01,-1.05
1.87712e-03,-1.01,-0.99
1.87720e-03,-1.01,-1.05
1.87728e-03,-1.01,-0.97
1.87736e-03,-1.01,-1.05
1.87744e-03,-1.03,-0.99
1.87752e-03,-1.03,-1.05
1.87760e-03,-1.01,-0.99
1.87768e-03,-1.03,-1.05
1.87776e-03,-1.01,-0.99
1.87784e-03,-1.03,-1.05
1.87792e-03,-1.01,-0.99
1.87800e-03,-1.03,-1.05
1.87808e-03,-1.01,-0.99
1.87816e-03,-1.03,-1.05
1.87824e-03,-1.01,-0.99
1.87832e-03,-0.99,-1.05
1.87840e-03,-1.01,-0.99
1.87848e-03,-0.83,-1.05
1.87856e-03,-0.91,-0.99
1.87864e-03,-0.97,-1.11
1.87872e-03,-0.95,-0.75
1.87880e-03,-0.95,-1.01
1.87888e-03,-0.95,-0.93
1.87896e-03,-0.97,-0.97
1.87904e-03,-0.97,-0.91
1.87912e-03,-0.99,-0.99
1.87920e-03,-1.01,-0.91
1.87928e-03,-1.01,-1.01
1.87936e-03,-1.05,-0.95
1.87944e-03,-1.03,-1.05
1.87952e-03,-1.05,-0.99
1.87960e-03,-1.05,-1.07
1.87968e-03,-1.03,-1.01
1.87976e-03,-1.03,-1.07
1.87984e-03,-1.03,-1.01
1.87992e-03,-1.01,-1.07
1.88000e-03,-1.01,-1.01
1.88008e-03,-1.01,-1.05
1.88016e-03,-1.01,-1.01
1.88024e-03,-1.03,-1.05
1.88032e-03,-1.01,-0.99
1.88040e-03,-1.03,-1.03
1.88048e-03,-1.01,-0.99
1.88056e-03,-1.01,-1.05
1.88064e-03,-1.01,-0.97
1.88072e-03,-1.01,-1.05
1.88080e-03,-1.03,-0.99
1.88088e-03,-1.01,-1.05
1.88096e-03,-1.01,-0.99
1.88104e-03,-1.01,-1.05
1.88112e-03,-1.01,-0.99
1.88120e-03,-1.03,-1.05
1.88128e-03,-0.99,-0.99
1.88136e-03,-1.01,-1.05
1.88144e-03,-1.01,-0.99
1.88152e-03,-1.01,-1.03
1.88160e-03,-0.99,-0.97
1.88168e-03,-0.99,-1.05
1.88176e-03,-1.01,-0.99
1.88184e-03,-1.01,-1.03
1.88192e-03,-1.01,-0.97
1.88200e-03,-0.99,-1.05
1.88208e-03,-1.01,-0.97
1.88216e-03,-1.01,-1.03
1.88224e-03,-1.01,-0.99
1.88232e-03,-1.01,-1.03
1.88240e-03,-0.99,-0.99
1.88248e-03,-1.01,-1.03
1.88256e-03,-0.99,-0.99
1.88264e-03,-1.01,-1.03
1.88272e-03,-1.03,-0.99
1.88280e-03,-1.01,-1.03
1.88288e-03,-1.01,-0.99
1.88296e-03,-1.01,-1.03
1.88304e-03,-1.01,-0.99
1.88312e-03,-1.01,-1.05
1.88320e-03,-1.01,-0.99
1.88328e-03,-1.01,-1.05
1.88336e-03,-1.01,-0.99
1.88344e-03,-0.99,-1.03
1.88352e-03,-1.01,-0.99
1.88360e-03,-1.01,-1.03
1.88368e-03,-1.01,-0.99
1.88376e-03,-1.01,-1.03
1.88384e-03,-1.01,-0.99
1.88392e-03,-1.01,-1.05
1.88400e-03,-1.01,-0.99
1.88408e-03,-0.99,-1.03
1.88416e-03,-1.01,-0.97
1.88424e-03,-1.01,-1.03
1.88432e-03,-0.99,-0.99
1.88440e-03,-1.01,-1.03
1.88448e-03,-1.01,-0.99
1.88456e-03,-0.99,-1.03
1.88464e-03,-1.01,-0.99
1.88472e-03,-0.99,-1.05
1.88480e-03,-1.01,-0.99
1.88488e-03,-1.01,-1.05
1.88496e-03,-1.01,-0.99
1.88504e-03,-0.99,-1.03
1.88512e-03,-1.01,-0.99
1.88520e-03,-1.25,-1.03
1.88528e-03,-1.07,-0.99
1.88536e-03,-1.03,-1.35
1.88544e-03,-1.05,-0.93
1.88552e-03,-1.09,-1.09
1.88560e-03,-1.05,-1.03
1.88568e-03,-1.07,-1.11
1.88576e-03,-1.05,-1.03
1.88584e-03,-1.05,-1.11
1.88592e-03,-1.01,-1.03
1.88600e-03,-1.03,-1.09
1.88608e-03,-1.01,-1.01
1.88616e-03,-1.01,-1.05
1.88624e-03,-1.01,-0.99
1.88632e-03,-0.97,-1.03
1.88640e-03,-0.99,-0.97
1.88648e-03,-0.99,-1.03
1.88656e-03,-1.01,-0.97
1.88664e-03,-0.99,-1.03
1.88672e-03,-0.99,-0.97
1.88680e-03,-0.99,-1.03
1.88688e-03,-0.99,-0.97
1.88696e-03,-1.01,-1.03
1.88704e-03,-1.01,-0.99
1.88712e-03,-1.01,-1.03
1.88720e-03,-1.01,-0.99
1.88728e-03,-1.01,-1.03
1.88736e-03,-1.01,-0.97
1.88744e-03,-1.01,-1.05
1.88752e-03,-1.01,-0.99
1.88760e-03,-1.01,-1.03
1.88768e-03,-1.01,-0.99
1.88776e-03,-0.99,-1.03
1.88784e-03,-1.03,-0.99
1.88792e-03,-0.99,-1.05
1.88800e-03,-1.03,-0.99
1.88808e-03,-1.03,-1.05
1.88816e-03,-1.01,-0.99
1.88824e-03,-1.03,-1.03
1.88832e-03,-1.01,-0.99
1.88840e-03,-1.03,-1.05
1.88848e-03,-1.01,-0.99
1.88856e-03,-1.03,-1.05
1.88864e-03,-1.01,-0.99
1.88872e-03,-1.01,-1.05
1.88880e-03,-1.01,-0.99
1.88888e-03,-1.03,-1.05
1.88896e-03,-1.01,-0.99
1.88904e-03,-1.01,-1.05
1.88912e-03,-1.01,-0.99
1.88920e-03,-1.03,-1.05
1.88928e-03,-1.01,-0.97
1.88936e-03,-1.03,-1.05
1.88944e-03,-1.01,-0.99
1.88952e-03,-1.03,-1.07
1.88960e-03,-1.01,-0.99
1.88968e-03,-1.03,-1.07
1.88976e-03,-1.03,-0.99
1.88984e-03,-1.03,-1.05
1.88992e-03,-1.03,-0.99
1.89000e-03,-1.03,-1.07
1.89008e-03,-1.03,-0.99
1.89016e-03,-1.01,-1.05
1.89024e-03,-1.03,-1.01
1.89032e-03,-1.03,-1.07
1.89040e-03,-1.01,-1.01
1.89048e-03,-1.03,-1.05
1.89056e-03,-1.03,-0.99
1.89064e-03,-1.01,-1.05
1.89072e-03,-1.03,-1.01
1.89080e-03,-1.01,-1.05
1.89088e-03,-1.03,-0.99
1.89096e-03,-1.03,-1.05
1.89104e-03,-1.03,-0.99
1.89112e-03,-1.03,-1.05
1.89120e-03,-0.99,-1.01
1.89128e-03,-1.01,-1.05
1.89136e-03,-1.03,-0.99
1.89144e-03,-1.03,-1.05
1.89152e-03,-1.01,-0.99
1.89160e-03,-1.03,-1.05
1.89168e-03,-1.03,-0.99
1.89176e-03,-0.99,-1.05
1.89184e-03,-1.03,-0.99
1.89192e-03,-1.03,-1.05
1.89200e-03,-1.05,-0.99
1.89208e-03,-1.03,-1.05
1.89216e-03,-1.01,-0.99
1.89224e-03,-1.03,-1.05
1.89232e-03,-1.01,-0.99
1.89240e-03,-1.01,-1.05
1.89248e-03,-1.01,-0.99
1.89256e-03,-1.03,-1.05
1.89264e-03,-1.01,-0.99
1.89272e-03,-1.03,-1.05
1.89280e-03,-1.03,-0.99
1.89288e-03,-1.01,-1.05
1.89296e-03,-1.01,-0.99
1.89304e-03,-0.99,-1.05
1.89312e-03,-1.03,-0.99
1.89320e-03,-1.01,-1.05
1.89328e-03,-1.01,-0.99
1.89336e-03,-1.01,-1.05
1.89344e-03,-1.03,-1.01
1.89352e-03,-1.01,-1.05
1.89360e-03,-1.01,-1.01
1.89368e-03,-1.03,-1.05
1.89376e-03,-1.01,-1.01
1.89384e-03,-1.03,-1.05
1.89392e-03,-1.01,-1.01
1.89400e-03,-1.03,-1.05
1.89408e-03,-1.01,-0.99
1.89416e-03,-1.03,-1.05
1.89424e-03,-1.01,-0.99
1.89432e-03,-1.01,-1.05
1.89440e-03,-1.03,-0.99
1.89448e-03,-1.01,-1.05
1.89456e-03,-1.03,-1.01
1.89464e-03,-1.03,-1.05
1.89472e-03,-1.01,-0.99
1.89480e-03,-1.03,-1.05
1.89488e-03,-1.03,-0.99
1.89496e-03,-1.01,-1.07
1.89504e-03,-1.03,-1.01
1.89512e-03,-1.03,-1.05
1.89520e-03,-1.03,-0.99
1.89528e-03,-1.03,-1.05
1.89536e-03,-1.01,-1.01
1.89544e-03,-1.03,-1.05
1.89552e-03,-1.01,-0.99
1.89560e-03,-1.01,-1.05
1.89568e-03,-1.03,-0.99
1.89576e-03,-1.01,-1.05
1.89584e-03,-1.03,-1.01
1.89592e-03,-1.01,-1.07
1.89600e-03,-1.01,-1.01
1.89608e-03,-1.03,-1.07
1.89616e-03,-1.03,-0.99
1.89624e-03,-1.03,-1.07
1.89632e-03,-1.01,-0.99
1.89640e-03,-1.01,-1.05
1.89648e-03,-1.03,-1.01
1.89656e-03,-1.05,-1.05
1.89664e-03,-1.01,-0.99
1.89672e-03,-1.01,-1.05
1.89680e-03,-1.01,-0.99
1.89688e-03,-1.01,-1.05
1.89696e-03,-1.01,-1.01
1.89704e-03,-1.01,-1.05
1.89712e-03,-1.03,-0.99
1.89720e-03,-1.01,-1.05
1.89728e-03,-1.03,-0.99
1.89736e-03,-1.03,-1.05
1.89744e-03,-1.01,-0.99
1.89752e-03,-1.01,-1.07
1.89760e-03,-0.99,-0.99
1.89768e-03,-1.03,-1.07
1.89776e-03,-1.01,-0.99
1.89784e-03,-1.03,-1.05
1.89792e-03,-1.01,-0.99
1.89800e-03,-1.01,-1.05
1.89808e-03,-1.03,-0.99
1.89816e-03,-1.01,-1.07
1.89824e-03,-1.03,-0.99
1.89832e-03,-1.01,-1.05
1.89840e-03,-1.01,-0.99
1.89848e-03,-1.01,-1.07
1.89856e-03,-1.03,-1.01
1.89864e-03,-1.03,-1.07
1.89872e-03,-1.01,-0.99
1.89880e-03,-1.03,-1.05
1.89888e-03,-1.01,-0.99
1.89896e-03,-1.03,-1.05
1.89904e-03,-1.01,-0.99
1.89912e-03,-1.03,-1.05
1.89920e-03,-1.01,-0.99
1.89928e-03,-1.01,-1.05
1.89936e-03,-1.01,-1.01
1.89944e-03,-1.01,-1.05
1.89952e-03,-1.01,-0.99
1.89960e-03,-1.01,-1.05
1.89968e-03,-1.01,-0.99
1.89976e-03,-1.01,-1.05
1.89984e-03,-1.01,-0.99
1.89992e-03,-0.99,-1.05
1.90000e-03,-1.03,-0.99
1.90008e-03,-1.01,-1.05
1.90016e-03,-1.03,-0.99
1.90024e-03,-1.03,-1.05
1.90032e-03,-1.01,-0.99
1.90040e-03,-1.03,-1.05
1.90048e-03,-1.01,-0.99
1.90056e-03,-1.03,-1.05
1.90064e-03,-1.03,-0.99
1.90072e-03,-1.01,-1.05
1.90080e-03,-1.01,-0.99
1.90088e-03,-0.99,-1.05
1.90096e-03,-1.01,-0.99
1.90104e-03,-1.01,-1.05
1.90112e-03,-1.01,-0.99
1.90120e-03,-1.01,-1.05
1.90128e-03,-1.03,-0.99
1.90136e-03,-1.01,-1.05
1.90144e-03,-1.03,-1.01
1.90152e-03,-1.03,-1.05
1.90160e-03,-1.01,-0.99
1.90168e-03,-1.03,-1.05
1.90176e-03,-1.03,-0.99
1.90184e-03,-1.03,-1.05
1.90192e-03,-1.01,-0.99
1.90200e-03,-1.03,-1.05
1.90208e-03,-1.01,-1.01
1.90216e-03,-1.01,-1.05
1.90224e-03,-1.03,-0.99
1.90232e-03,-1.01,-1.05
1.90240e-03,-1.03,-1.01
1.90248e-03,-1.01,-1.05
1.90256e-03,-1.03,-0.99
1.90264e-03,-1.01,-1.07
1.90272e-03,-1.01,-1.01
1.90280e-03,-1.03,-1.05
1.90288e-03,-1.03,-1.01
1.90296e-03,-1.05,-1.05
1.90304e-03,-1.01,-1.01
1.90312e-03,-1.03,-1.05
1.90320e-03,-1.03,-1.01
1.90328e-03,-1.03,-1.05
1.90336e-03,-1.01,-1.01
1.90344e-03,-1.03,-1.05
1.90352e-03,-1.03,-1.01
1.90360e-03,-1.01,-1.05
1.90368e-03,-1.03,-0.99
1.90376e-03,-1.01,-1.05
1.90384e-03,-1.03,-1.01
1.90392e-03,-1.03,-1.05
1.90400e-03,-1.01,-0.99
1.90408e-03,-1.01,-1.05
1.90416e-03,-1.03,-1.01
1.90424e-03,-1.03,-1.07
1.90432e-03,-1.01,-0.99
1.90440e-03,-1.03,-1.05
1.90448e-03,-1.03,-0.99
1.90456e-03,-1.05,-1.05
1.90464e-03,-1.03,-1.01
1.90472e-03,-1.03,-1.05
1.90480e-03,-1.03,-1.01
1.90488e-03,-1.05,-1.07
1.90496e-03,-1.03,-0.99
1.90504e-03,-1.01,-1.05
1.90512e-03,-1.05,-1.01
1.90520e-03,-1.01,-1.05
1.90528e-03,-1.03,-1.01
1.90536e-03,-1.03,-1.05
1.90544e-03,-1.05,-1.01
1.90552e-03,-1.03,-1.07
1.90560e-03,-1.01,-1.01
1.90568e-03,-1.03,-1.07
1.90576e-03,-1.01,-0.99
1.90584e-03,-1.03,-1.07
1.90592e-03,-1.03,-0.99
1.90600e-03,-1.03,-1.05
1.90608e-03,-1.03,-1.01
1.90616e-03,-1.03,-1.07
1.90624e-03,-1.05,-1.01
1.90632e-03,-1.01,-1.05
1.90640e-03,-1.05,-1.01
1.90648e-03,-1.01,-1.05
1.90656e-03,-1.01,-1.01
1.90664e-03,-1.03,-1.05
1.90672e-03,-1.03,-1.01
1.90680e-03,-1.03,-1.05
1.90688e-03,-1.01,-1.01
1.90696e-03,-1.05,-1.05
1.90704e-03,-1.03,-1.01
1.90712e-03,-1.03,-1.07
1.90720e-03,-1.03,-1.01
1.90728e-03,-1.03,-1.05
1.90736e-03,-1.03,-1.01
1.90744e-03,-1.05,-1.05
1.90752e-03,-1.01,-0.99
1.90760e-03,-1.03,-1.07
1.90768e-03,-1.03,-1.01
1.90776e-03,-1.03,-1.07
1.90784e-03,-1.03,-1.01
1.90792e-03,-1.03,-1.07
1.90800e-03,-1.05,-1.01
1.90808e-03,-1.03,-1.07
1.90816e-03,-1.03,-1.01
1.90824e-03,-1.03,-1.05
1.90832e-03,-1.01,-1.01
1.90840e-03,-1.03,-1.05
1.90848e-03,-1.03,-1.01
1.90856e-03,-1.03,-1.05
1.90864e-03,-1.03,-1.01
1.90872e-03,-1.03,-1.05
1.90880e-03,-1.05,-1.01
1.90888e-03,-1.03,-1.07
1.90896e-03,-1.03,-1.01
1.90904e-03,-1.03,-1.07
1.90912e-03,-1.05,-1.01
1.90920e-03,-1.03,-1.05
1.90928e-03,-1.03,-1.01
1.90936e-03,-1.03,-1.07
1.90944e-03,-1.03,-0.99
1.90952e-03,-1.05,-1.07
1.90960e-03,-1.01,-1.01
1.90968e-03,-1.03,-1.07
1.90976e-03,-1.01,-1.01
1.90984e-03,-1.03,-1.05
1.90992e-03,-1.03,-1.01
1.91000e-03,-1.03,-1.05
1.91008e-03,-1.05,-1.01
1.91016e-03,-1.01,-1.05
1.91024e-03,-1.03,-0.99
1.91032e-03,-1.03,-1.05
1.91040e-03,-1.03,-1.01
1.91048e-03,-1.01,-1.05
1.91056e-03,-1.03,-1.01
1.91064e-03,-1.01,-1.05
1.91072e-03,-1.03,-1.01
1.91080e-03,-1.03,-1.07
1.91088e-03,-1.01,-1.01
1.91096e-03,-1.01,-1.05
1.91104e-03,-1.03,-1.01
1.91112e-03,-1.03,-1.05
1.91120e-03,-1.03,-1.01
1.91128e-03,-1.01,-1.07
1.91136e-03,-1.03,-1.01
1.91144e-03,-1.03,-1.05
1.91152e-03,-1.03,-1.01
1.91160e-03,-1.03,-1.07
1.91168e-03,-1.03,-0.99
1.91176e-03,-1.01,-1.05
1.91184e-03,-1.03,-1.01
1.91192e-03,-1.03,-1.07
1.91200e-03,-1.03,-1.01
1.91208e-03,-1.03,-1.05
1.91216e-03,-1.03,-1.01
1.91224e-03,-1.03,-1.05
1.91232e-03,-1.01,-1.01
1.91240e-03,-1.03,-1.05
1.91248e-03,-1.03,-0.99
1.91256e-03,-1.05,-1.05
1.91264e-03,-1.01,-1.01
1.91272e-03,-1.03,-1.07
1.91280e-03,-1.03,-0.99
1.91288e-03,-1.05,-1.07
1.91296e-03,-1.03,-1.01
1.91304e-03,-1.03,-1.05
1.91312e-03,-1.03,-1.01
1.91320e-03,-1.03,-1.07
1.91328e-03,-1.03,-1.01
1.91336e-03,-1.05,-1.07
1.91344e-03,-1.05,-1.01
1.91352e-03,-1.01,-1.05
1.91360e-03,-1.01,-0.99
1.91368e-03,-1.03,-1.07
1.91376e-03,-1.01,-0.99
1.91384e-03,-1.03,-1.07
1.91392e-03,-1.01,-0.99
1.91400e-03,-1.03,-1.07
1.91408e-03,-1.03,-0.99
1.91416e-03,-1.05,-1.05
1.91424e-03,-1.05,-1.01
1.91432e-03,-1.01,-1.07
1.91440e-03,-1.05,-0.99
1.91448e-03,-1.03,-1.05
1.91456e-03,-1.05,-1.01
1.91464e-03,-1.03,-1.07
1.91472e-03,-1.03,-1.01
1.91480e-03,-1.03,-1.07
1.91488e-03,-1.03,-1.01
1.91496e-03,-1.03,-1.05
1.91504e-03,-1.01,-1.01
1.91512e-03,-1.05,-1.05
1.91520e-03,-1.01,-0.99
1.91528e-03,-1.03,-1.05
1.91536e-03,-1.03,-1.01
1.91544e-03,-1.03,-1.07
1.91552e-03,-1.01,-1.01
1.91560e-03,-1.01,-1.07
1.91568e-03,-1.05,-1.01
1.91576e-03,-1.01,-1.07
1.91584e-03,-1.03,-0.99
1.91592e-03,-1.03,-1.05
1.91600e-03,-1.05,-1.01
1.91608e-03,-1.03,-1.05
1.91616e-03,-1.03,-1.01
1.91624e-03,-1.03,-1.07
1.91632e-03,-1.01,-1.01
1.91640e-03,-1.03,-1.05
1.91648e-03,-1.01,-1.01
1.91656e-03,-1.03,-1.05
1.91664e-03,-1.01,-0.99
1.91672e-03,-1.03,-1.05
1.91680e-03,-1.03,-1.01
1.91688e-03,-1.01,-1.05
1.91696e-03,-1.01,-1.01
1.91704e-03,-1.01,-1.05
1.91712e-03,-1.03,-1.01
1.91720e-03,-1.03,-1.05
1.91728e-03,-1.03,-0.99
1.91736e-03,-1.03,-1.05
1.91744e-03,-1.03,-0.99
1.91752e-03,-1.03,-1.05
1.91760e-03,-1.03,-1.01
1.91768e-03,-1.05,-1.05
1.91776e-03,-1.01,-1.01
1.91784e-03,-1.03,-1.05
1.91792e-03,-1.03,-1.01
1.91800e-03,-1.03,-1.05
1.91808e-03,-1.03,-1.01
1.91816e-03,-1.01,-1.05
1.91824e-03,-1.03,-0.99
1.91832e-03,-1.03,-1.05
1.91840e-03,-1.05,-1.01
1.91848e-03,-1.01,-1.05
1.91856e-03,-1.03,-0.99
1.91864e-03,-1.03,-1.05
1.91872e-03,-1.03,-1.01
1.91880e-03,-1.03,-1.05
1.91888e-03,-1.01,-1.01
1.91896e-03,-1.03,-1.05
1.91904e-03,-1.03,-0.99
1.91912e-03,-1.03,-1.05
1.91920e-03,-1.01,-0.99
1.91928e-03,-1.03,-1.05
1.91936e-03,-1.03,-1.01
1.91944e-03,-1.01,-1.05
1.91952e-03,-1.03,-1.01
1.91960e-03,-1.01,-1.07
1.91968e-03,-1.03,-1.01
1.91976e-03,-1.03,-1.05
1.91984e-03,-1.03,-1.01
1.91992e-03,-1.01,-1.05
1.92000e-03,-1.03,-0.99
1.92008e-03,-1.03,-1.05
1.92016e-03,-1.03,-1.01
1.92024e-03,-1.03,-1.05
1.92032e-03,-1.03,-0.99
1.92040e-03,-1.03,-1.05
1.92048e-03,-1.01,-1.01
1.92056e-03,-1.03,-1.05
1.92064e-03,-1.03,-1.01
1.92072e-03,-1.03,-1.05
1.92080e-03,-1.01,-1.01
1.92088e-03,-1.03,-1.05
1.92096e-03,-1.01,-1.01
1.92104e-03,-1.03,-1.05
1.92112e-03,-1.03,-1.01
1.92120e-03,-1.05,-1.07
1.92128e-03,-1.03,-0.99
1.92136e-03,-1.01,-1.07
1.92144e-03,-1.03,-0.99
1.92152e-03,-1.05,-1.05
1.92160e-03,-1.01,-0.99
1.92168e-03,-1.01,-1.07
1.92176e-03,-1.01,-0.99
1.92184e-03,-1.03,-1.07
1.92192e-03,-1.03,-0.99
1.92200e-03,-1.01,-1.05
1.92208e-03,-1.03,-0.99
1.92216e-03,-1.03,-1.05
1.92224e-03,-1.03,-0.99
1.92232e-03,-1.03,-1.05
1.92240e-03,-1.03,-0.99
1.92248e-03,-1.01,-1.05
1.92256e-03,-1.03,-0.99
1.92264e-03,-1.01,-1.05
1.92272e-03,-1.01,-0.99
1.92280e-03,-1.03,-1.07
1.92288e-03,-1.03,-0.99
1.92296e-03,-1.03,-1.05
1.92304e-03,-1.03,-0.99
1.92312e-03,-1.03,-1.05
1.92320e-03,-1.03,-1.01
1.92328e-03,-1.01,-1.05
1.92336e-03,-1.03,-1.01
1.92344e-03,-1.01,-1.05
1.92352e-03,-1.01,-0.99
1.92360e-03,-1.01,-1.05
1.92368e-03,-1.03,-0.99
1.92376e-03,-0.99,-1.05
1.92384e-03,-1.01,-0.99
1.92392e-03,-0.99,-1.05
1.92400e-03,-1.03,-0.99
1.92408e-03,-1.03,-1.05
1.92416e-03,-1.01,-0.99
1.92424e-03,-1.03,-1.05
1.92432e-03,-1.01,-0.99
1.92440e-03,-1.03,-1.05
1.92448e-03,-1.01,-0.99
1.92456e-03,-1.01,-1.05
1.92464e-03,-1.03,-0.99
1.92472e-03,-1.01,-1.05
1.92480e-03,-1.01,-0.99
1.92488e-03,-1.01,-1.05
1.92496e-03,-1.01,-0.99
1.92504e-03,-0.99,-1.05
1.92512e-03,-1.01,-0.99
1.92520e-03,-0.99,-1.03
1.92528e-03,-0.99,-0.99
1.92536e-03,-0.99,-1.03
1.92544e-03,-1.01,-0.99
1.92552e-03,-1.01,-1.05
1.92560e-03,-1.01,-0.99
1.92568e-03,-1.03,-1.03
1.92576e-03,-1.01,-0.99
1.92584e-03,-1.01,-1.05
1.92592e-03,-0.99,-0.99
1.92600e-03,-1.01,-1.03
1.92608e-03,-1.01,-0.97
1.92616e-03,-0.99,-1.03
1.92624e-03,-1.01,-0.99
1.92632e-03,-0.99,-1.03
1.92640e-03,-1.03,-0.99
1.92648e-03,-0.99,-1.03
1.92656e-03,-1.01,-0.99
1.92664e-03,-1.01,-1.03
1.92672e-03,-1.01,-0.99
1.92680e-03,-1.01,-1.03
1.92688e-03,-0.99,-0.99
1.92696e-03,-1.03,-1.03
1.92704e-03,-1.01,-0.99
1.92712e-03,-1.03,-1.07
1.92720e-03,-0.99,-0.97
1.92728e-03,-1.03,-1.05
1.92736e-03,-0.99,-0.99
1.92744e-03,-1.01,-1.05
1.92752e-03,-1.01,-0.99
1.92760e-03,-0.99,-1.05
1.92768e-03,-1.01,-0.99
1.92776e-03,-0.99,-1.03
1.92784e-03,-1.01,-0.99
1.92792e-03,-0.99,-1.03
1.92800e-03,-1.01,-0.99
1.92808e-03,-1.01,-1.05
1.92816e-03,-1.03,-0.99
1.92824e-03,-1.01,-1.05
1.92832e-03,-1.01,-0.99
1.92840e-03,-1.01,-1.05
1.92848e-03,-1.01,-0.99
1.92856e-03,-0.81,-1.03
1.92864e-03,-0.95,-0.99
1.92872e-03,-0.97,-1.09
1.92880e-03,-0.95,-0.75
1.92888e-03,-0.97,-1.01
1.92896e-03,-0.93,-0.93
1.92904e-03,-0.97,-0.97
1.92912e-03,-0.95,-0.91
1.92920e-03,-0.99,-0.97
1.92928e-03,-1.03,-0.93
1.92936e-03,-1.01,-1.03
1.92944e-03,-1.03,-0.95
1.92952e-03,-1.05,-1.05
1.92960e-03,-1.03,-0.99
1.92968e-03,-1.01,-1.09
1.92976e-03,-1.03,-0.99
1.92984e-03,-1.05,-1.07
1.92992e-03,-1.03,-1.01
1.93000e-03,-1.01,-1.07
1.93008e-03,-1.01,-1.01
1.93016e-03,-1.01,-1.05
1.93024e-03,-1.01,-0.99
1.93032e-03,-1.03,-1.03
1.93040e-03,-1.01,-0.99
1.93048e-03,-0.99,-1.03
1.93056e-03,-1.01,-0.97
1.93064e-03,-1.01,-1.03
1.93072e-03,-0.99,-0.99
1.93080e-03,-1.01,-1.03
1.93088e-03,-1.01,-0.99
1.93096e-03,-1.01,-1.05
1.93104e-03,-0.99,-0.99
1.93112e-03,-0.99,-1.05
1.93120e-03,-1.01,-0.99
1.93128e-03,-1.01,-1.03
1.93136e-03,-1.01,-0.99
1.93144e-03,-0.99,-1.03
1.93152e-03,-1.01,-0.99
1.93160e-03,-1.01,-1.03
1.93168e-03,-1.01,-0.97
1.93176e-03,-0.99,-1.03
1.93184e-03,-1.01,-0.97
1.93192e-03,-1.01,-1.03
1.93200e-03,-0.99,-0.99
1.93208e-03,-1.01,-1.03
1.93216e-03,-1.01,-0.97
1.93224e-03,-1.01,-1.03
1.93232e-03,-0.99,-0.99
1.93240e-03,-0.99,-1.03
1.93248e-03,-0.99,-0.97
1.93256e-03,-0.99,-1.03
1.93264e-03,-1.01,-0.99
1.93272e-03,-0.99,-1.03
1.93280e-03,-1.01,-0.99
1.93288e-03,-0.99,-1.03
1.93296e-03,-1.01,-0.99
1.93304e-03,-1.01,-1.03
1.93312e-03,-1.01,-0.99
1.93320e-03,-1.01,-1.03
1.93328e-03,-1.01,-0.99
1.93336e-03,-1.01,-1.03
1.93344e-03,-1.01,-0.97
1.93352e-03,-1.01,-1.03
1.93360e-03,-1.01,-0.99
1.93368e-03,-0.99,-1.03
1.93376e-03,-1.01,-0.99
1.93384e-03,-0.99,-1.03
1.93392e-03,-1.01,-0.99
1.93400e-03,-1.01,-1.03
1.93408e-03,-1.01,-0.99
1.93416e-03,-0.99,-1.03
1.93424e-03,-1.01,-0.99
1.93432e-03,-1.01,-1.03
1.93440e-03,-0.99,-0.99
1.93448e-03,-1.01,-1.03
1.93456e-03,-0.99,-0.99
1.93464e-03,-1.01,-1.03
1.93472e-03,-1.01,-0.99
1.93480e-03,-1.01,-1.03
1.93488e-03,-1.01,-0.99
1.93496e-03,-0.99,-1.03
1.93504e-03,-1.01,-0.99
1.93512e-03,-1.01,-1.03
1.93520e-03,-0.99,-0.99
1.93528e-03,-1.31,-1.03
1.93536e-03,-1.03,-0.99
1.93544e-03,-1.03,-1.35
1.93552e-03,-1.05,-0.91
1.93560e-03,-1.07,-1.07
1.93568e-03,-1.07,-1.01
1.93576e-03,-1.03,-1.11
1.93584e-03,-1.07,-1.03
1.93592e-03,-1.03,-1.09
1.93600e-03,-1.03,-1.03
1.93608e-03,-1.03,-1.07
1.93616e-03,-0.99,-1.01
1.93624e-03,-0.99,-1.05
1.93632e-03,-0.97,-0.97
1.93640e-03,-0.99,-1.03
1.93648e-03,-0.99,-0.97
1.93656e-03,-0.99,-1.01
1.93664e-03,-0.99,-0.97
1.93672e-03,-0.99,-1.01
1.93680e-03,-1.01,-0.95
1.93688e-03,-0.99,-1.03
1.93696e-03,-0.99,-0.97
1.93704e-03,-0.99,-1.03
1.93712e-03,-1.01,-0.97
1.93720e-03,-0.97,-1.05
1.93728e-03,-1.03,-0.99
1.93736e-03,-0.99,-1.03
1.93744e-03,-1.01,-0.97
1.93752e-03,-1.01,-1.03
1.93760e-03,-0.99,-0.97
1.93768e-03,-0.99,-1.05
1.93776e-03,-0.99,-0.97
1.93784e-03,-1.01,-1.05
1.93792e-03,-1.01,-0.97
1.93800e-03,-1.01,-1.03
1.93808e-03,-1.03,-0.99
1.93816e-03,-1.01,-1.03
1.93824e-03,-0.99,-0.99
1.93832e-03,-1.01,-1.05
1.93840e-03,-1.01,-0.97
1.93848e-03,-0.99,-1.05
1.93856e-03,-1.01,-0.99
1.93864e-03,-1.03,-1.03
1.93872e-03,-1.03,-0.99
1.93880e-03,-1.03,-1.03
1.93888e-03,-0.99,-0.99
1.93896e-03,-1.03,-1.03
1.93904e-03,-1.01,-0.99
1.93912e-03,-1.03,-1.03
1.93920e-03,-1.01,-0.99
1.93928e-03,-1.01,-1.03
1.93936e-03,-0.99,-0.97
1.93944e-03,-1.01,-1.05
1.93952e-03,-1.01,-0.99
1.93960e-03,-0.99,-1.05
1.93968e-03,-1.01,-0.99
1.93976e-03,-0.99,-1.05
1.93984e-03,-1.01,-0.99
1.93992e-03,-1.01,-1.05
1.94000e-03,-1.03,-0.99
1.94008e-03,-1.01,-1.05
1.94016e-03,-1.01,-0.99
1.94024e-03,-1.01,-1.05
1.94032e-03,-0.99,-0.99
1.94040e-03,-1.03,-1.05
1.94048e-03,-1.01,-0.99
1.94056e-03,-1.01,-1.05
1.94064e-03,-1.01,-0.99
1.94072e-03,-0.99,-1.05
1.94080e-03,-1.01,-0.99
1.94088e-03,-1.01,-1.05
1.94096e-03,-1.03,-0.99
1.94104e-03,-1.01,-1.03
1.94112e-03,-1.01,-0.99
1.94120e-03,-1.01,-1.03
1.94128e-03,-1.03,-0.99
1.94136e-03,-1.01,-1.05
1.94144e-03,-1.01,-0.99
1.94152e-03,-1.01,-1.03
1.94160e-03,-1.01,-0.99
1.94168e-03,-1.01,-1.03
1.94176e-03,-1.01,-0.99
1.94184e-03,-1.01,-1.03
1.94192e-03,-1.01,-0.99
1.94200e-03,-1.05,-1.05
1.94208e-03,-1.01,-0.99
1.94216e-03,-1.01,-1.05
1.94224e-03,-1.03,-0.99
1.94232e-03,-1.01,-1.05
1.94240e-03,-1.03,-0.99
1.94248e-03,-1.01,-1.05
1.94256e-03,-1.01,-0.99
1.94264e-03,-1.01,-1.05
1.94272e-03,-0.99,-0.99
1.94280e-03,-1.01,-1.05
1.94288e-03,-1.03,-0.99
1.94296e-03,-1.03,-1.05
1.94304e-03,-1.01,-0.99
1.94312e-03,-1.05,-1.05
1.94320e-03,-1.01,-0.99
1.94328e-03,-1.03,-1.07
1.94336e-03,-0.99,-0.99
1.94344e-03,-1.03,-1.05
1.94352e-03,-1.03,-0.99
1.94360e-03,-0.99,-1.05
1.94368e-03,-1.03,-0.99
1.94376e-03,-0.99,-1.05
1.94384e-03,-1.03,-0.99
1.94392e-03,-1.01,-1.05
1.94400e-03,-1.01,-0.99
1.94408e-03,-1.01,-1.05
1.94416e-03,-1.01,-0.99
1.94424e-03,-1.01,-1.05
1.94432e-03,-1.01,-0.99
1.94440e-03,-1.03,-1.05
1.94448e-03,-1.01,-0.99
1.94456e-03,-1.03,-1.05
1.94464e-03,-1.01,-0.99
1.94472e-03,-1.01,-1.05
1.94480e-03,-1.03,-0.99
1.94488e-03,-1.01,-1.03
1.94496e-03,-1.01,-0.99
1.94504e-03,-1.01,-1.05
1.94512e-03,-1.03,-0.99
1.94520e-03,-1.01,-1.05
1.94528e-03,-0.99,-0.99
1.94536e-03,-1.01,-1.05
1.94544e-03,-1.01,-0.99
1.94552e-03,-0.99,-1.05
1.94560e-03,-0.99,-0.99
1.94568e-03,-1.01,-1.05
1.94576e-03,-1.01,-0.99
1.94584e-03,-1.05,-1.05
1.94592e-03,-1.03,-0.99
1.94600e-03,-1.03,-1.05
1.94608e-03,-1.03,-0.99
1.94616e-03,-1.01,-1.05
1.94624e-03,-1.03,-1.01
1.94632e-03,-1.01,-1.05
1.94640e-03,-1.01,-0.99
1.94648e-03,-1.01,-1.05
1.94656e-03,-1.03,-0.99
1.94664e-03,-1.01,-1.05
1.94672e-03,-1.01,-0.99
1.94680e-03,-1.01,-1.05
1.94688e-03,-1.01,-0.99
1.94696e-03,-1.01,-1.05
1.94704e-03,-1.01,-0.99
1.94712e-03,-1.03,-1.05
1.94720e-03,-1.01,-0.99
1.94728e-03,-1.03,-1.05
1.94736e-03,-0.99,-0.99
1.94744e-03,-1.01,-1.05
1.94752e-03,-1.01,-0.99
1.94760e-03,-1.01,-1.05
1.94768e-03,-1.01,-0.99
1.94776e-03,-1.01,-1.05
1.94784e-03,-0.99,-0.99
1.94792e-03,-1.01,-1.05
1.94800e-03,-1.03,-0.99
1.94808e-03,-0.99,-1.05
1.94816e-03,-1.03,-1.01
1.94824e-03,-1.03,-1.05
1.94832e-03,-1.01,-0.99
1.94840e-03,-1.01,-1.05
1.94848e-03,-1.01,-0.99
1.94856e-03,-1.03,-1.05
1.94864e-03,-1.01,-1.01
1.94872e-03,-1.01,-1.05
1.94880e-03,-1.01,-0.99
1.94888e-03,-1.01,-1.05
1.94896e-03,-1.01,-0.99
1.94904e-03,-1.01,-1.05
1.94912e-03,-1.03,-0.99
1.94920e-03,-1.01,-1.05
1.94928e-03,-1.01,-0.99
1.94936e-03,-1.01,-1.05
1.94944e-03,-1.03,-0.99
1.94952e-03,-1.01,-1.03
1.94960e-03,-1.01,-0.99
1.94968e-03,-1.01,-1.05
1.94976e-03,-1.01,-1.01
1.94984e-03,-1.03,-1.05
1.94992e-03,-1.03,-0.99
1.95000e-03,-1.01,-1.05
1.95008e-03,-1.03,-0.99
1.95016e-03,-1.01,-1.05
1.95024e-03,-1.03,-0.99
1.95032e-03,-1.01,-1.05
1.95040e-03,-1.01,-0.99
1.95048e-03,-1.01,-1.05
1.95056e-03,-1.03,-0.99
1.95064e-03,-1.01,-1.05
1.95072e-03,-1.01,-0.99
1.95080e-03,-1.01,-1.05
1.95088e-03,-1.01,-0.99
1.95096e-03,-1.01,-1.05
1.95104e-03,-1.01,-0.99
1.95112e-03,-1.03,-1.05
1.95120e-03,-1.01,-0.99
1.95128e-03,-1.01,-1.05
1.95136e-03,-1.01,-0.99
1.95144e-03,-1.03,-1.05
1.95152e-03,-1.03,-0.99
1.95160e-03,-1.01,-1.05
1.95168e-03,-1.03,-0.99
1.95176e-03,-1.01,-1.05
1.95184e-03,-1.03,-0.99
1.95192e-03,-1.01,-1.05
1.95200e-03,-1.01,-0.99
1.95208e-03,-1.03,-1.05
1.95216e-03,-1.01,-0.99
1.95224e-03,-1.01,-1.07
1.95232e-03,-1.01,-0.99
1.95240e-03,-1.03,-1.05
1.95248e-03,-1.01,-0.99
1.95256e-03,-1.01,-1.05
1.95264e-03,-1.01,-0.99
1.95272e-03,-1.01,-1.05
1.95280e-03,-1.01,-0.99
1.95288e-03,-1.01,-1.05
1.95296e-03,-1.03,-0.99
1.95304e-03,-1.01,-1.05
1.95312e-03,-1.03,-0.99
1.95320e-03,-1.03,-1.05
1.95328e-03,-1.03,-0.99
1.95336e-03,-1.03,-1.05
1.95344e-03,-1.03,-0.99
1.95352e-03,-1.03,-1.05
1.95360e-03,-1.01,-1.01
1.95368e-03,-1.03,-1.05
1.95376e-03,-1.01,-0.99
1.95384e-03,-1.01,-1.05
1.95392e-03,-1.01,-0.99
1.95400e-03,-1.01,-1.07
1.95408e-03,-1.03,-0.99
1.95416e-03,-1.01,-1.07
1.95424e-03,-1.01,-0.99
1.95432e-03,-1.05,-1.05
1.95440e-03,-1.03,-0.99
1.95448e-03,-1.01,-1.05
1.95456e-03,-1.03,-1.01
1.95464e-03,-1.01,-1.05
1.95472e-03,-1.03,-0.99
1.95480e-03,-1.01,-1.05
1.95488e-03,-0.99,-0.99
1.95496e-03,-1.01,-1.05
1.95504e-03,-1.01,-0.99
1.95512e-03,-1.01,-1.05
1.95520e-03,-0.99,-0.99
1.95528e-03,-1.01,-1.05
1.95536e-03,-1.03,-0.99
1.95544e-03,-1.03,-1.05
1.95552e-03,-1.03,-0.99
1.95560e-03,-1.01,-1.05
1.95568e-03,-1.03,-1.01
1.95576e-03,-0.99,-1.05
1.95584e-03,-1.03,-1.01
1.95592e-03,-1.01,-1.05
1.95600e-03,-1.05,-0.99
1.95608e-03,-1.05,-1.05
1.95616e-03,-1.01,-0.99
1.95624e-03,-1.03,-1.05
1.95632e-03,-1.01,-1.01
1.95640e-03,-1.03,-1.05
1.95648e-03,-1.01,-0.99
1.95656e-03,-1.03,-1.05
1.95664e-03,-1.05,-1.01
1.95672e-03,-1.03,-1.05
1.95680e-03,-1.03,-1.01
1.95688e-03,-1.01,-1.05
1.95696e-03,-1.01,-0.99
1.95704e-03,-1.01,-1.05
1.95712e-03,-1.03,-0.99
1.95720e-03,-1.01,-1.07
1.95728e-03,-1.03,-0.99
1.95736e-03,-1.03,-1.05
1.95744e-03,-1.01,-1.01
1.95752e-03,-1.03,-1.05
1.95760e-03,-1.01,-0.99
1.95768e-03,-1.03,-1.05
1.95776e-03,-1.01,-0.99
1.95784e-03,-1.03,-1.05
1.95792e-03,-1.01,-1.01
1.95800e-03,-1.03,-1.05
1.95808e-03,-0.99,-1.01
1.95816e-03,-1.01,-1.05
1.95824e-03,-1.01,-0.99
1.95832e-03,-1.01,-1.07
1.95840e-03,-1.03,-0.99
1.95848e-03,-1.03,-1.05
1.95856e-03,-1.03,-0.99
1.95864e-03,-1.03,-1.05
1.95872e-03,-1.01,-0.99
1.95880e-03,-1.03,-1.05
1.95888e-03,-1.03,-0.99
1.95896e-03,-1.03,-1.05
1.95904e-03,-1.03,-1.01
1.95912e-03,-1.03,-1.05
1.95920e-03,-1.01,-1.01
1.95928e-03,-1.03,-1.05
1.95936e-03,-1.01,-0.99
1.95944e-03,-1.03,-1.05
1.95952e-03,-1.03,-0.99
1.95960e-03,-1.03,-1.05
1.95968e-03,-1.01,-1.01
1.95976e-03,-0.99,-1.05
1.95984e-03,-1.05,-0.99
1.95992e-03,-1.03,-1.07
1.96000e-03,-1.03,-0.99
1.96008e-03,-1.03,-1.05
1.96016e-03,-1.01,-0.99
1.96024e-03,-1.01,-1.05
1.96032e-03,-1.01,-0.99
1.96040e-03,-1.03,-1.05
1.96048e-03,-1.03,-1.01
1.96056e-03,-1.03,-1.05
1.96064e-03,-1.03,-1.01
1.96072e-03,-1.01,-1.05
1.96080e-03,-1.03,-0.99
1.96088e-03,-1.01,-1.05
1.96096e-03,-1.03,-1.01
1.96104e-03,-1.01,-1.05
1.96112e-03,-1.03,-1.01
1.96120e-03,-1.01,-1.05
1.96128e-03,-1.03,-0.99
1.96136e-03,-1.03,-1.05
1.96144e-03,-1.03,-1.01
1.96152e-03,-1.03,-1.05
1.96160e-03,-1.03,-0.99
1.96168e-03,-1.03,-1.05
1.96176e-03,-0.99,-0.99
1.96184e-03,-0.99,-1.05
1.96192e-03,-1.01,-0.99
1.96200e-03,-1.03,-1.05
1.96208e-03,-1.01,-0.99
1.96216e-03,-1.03,-1.05
1.96224e-03,-1.01,-0.99
1.96232e-03,-1.01,-1.05
1.96240e-03,-1.03,-0.99
1.96248e-03,-1.01,-1.05
1.96256e-03,-1.03,-1.01
1.96264e-03,-1.03,-1.05
1.96272e-03,-1.03,-0.99
1.96280e-03,-1.03,-1.05
1.96288e-03,-1.01,-0.99
1.96296e-03,-1.03,-1.07
1.96304e-03,-1.01,-0.99
1.96312e-03,-1.03,-1.05
1.96320e-03,-1.01,-0.99
1.96328e-03,-1.03,-1.05
1.96336e-03,-1.01,-1.01
1.96344e-03,-1.01,-1.05
1.96352e-03,-1.01,-0.99
1.96360e-03,-1.01,-1.05
1.96368e-03,-1.03,-0.99
1.96376e-03,-1.01,-1.05
1.96384e-03,-1.03,-0.99
1.96392e-03,-1.03,-1.05
1.96400e-03,-0.99,-0.99
1.96408e-03,-1.03,-1.05
1.96416e-03,-1.01,-0.99
1.96424e-03,-1.03,-1.07
1.96432e-03,-1.01,-0.99
1.96440e-03,-1.03,-1.05
1.96448e-03,-1.01,-0.99
1.96456e-03,-1.03,-1.05
1.96464e-03,-1.03,-0.99
1.96472e-03,-1.03,-1.05
1.96480e-03,-1.03,-1.01
1.96488e-03,-1.01,-1.05
1.96496e-03,-1.05,-0.99
1.96504e-03,-1.01,-1.05
1.96512e-03,-1.03,-0.99
1.96520e-03,-1.01,-1.05
1.96528e-03,-1.03,-0.99
1.96536e-03,-1.01,-1.05
1.96544e-03,-1.01,-1.01
1.96552e-03,-1.01,-1.05
1.96560e-03,-1.03,-0.99
1.96568e-03,-1.03,-1.05
1.96576e-03,-1.01,-0.97
1.96584e-03,-1.03,-1.05
1.96592e-03,-1.03,-0.99
1.96600e-03,-1.03,-1.05
1.96608e-03,-1.03,-0.99
1.96616e-03,-1.01,-1.05
1.96624e-03,-1.03,-0.99
1.96632e-03,-1.01,-1.05
1.96640e-03,-1.03,-1.01
1.96648e-03,-1.01,-1.05
1.96656e-03,-1.05,-1.01
1.96664e-03,-1.01,-1.05
1.96672e-03,-1.03,-1.01
1.96680e-03,-1.03,-1.05
1.96688e-03,-1.03,-0.99
1.96696e-03,-1.05,-1.05
1.96704e-03,-1.01,-0.99
1.96712e-03,-1.03,-1.05
1.96720e-03,-1.03,-1.01
1.96728e-03,-1.01,-1.05
1.96736e-03,-1.01,-0.99
1.96744e-03,-1.03,-1.05
1.96752e-03,-1.01,-0.99
1.96760e-03,-1.01,-1.05
1.96768e-03,-1.03,-0.99
1.96776e-03,-0.99,-1.05
1.96784e-03,-1.01,-0.99
1.96792e-03,-1.03,-1.05
1.96800e-03,-1.01,-0.99
1.96808e-03,-1.01,-1.05
1.96816e-03,-1.01,-1.01
1.96824e-03,-1.03,-1.05
1.96832e-03,-1.01,-0.99
1.96840e-03,-1.03,-1.05
1.96848e-03,-1.01,-0.99
1.96856e-03,-1.03,-1.05
1.96864e-03,-1.01,-0.99
1.96872e-03,-1.03,-1.05
1.96880e-03,-1.01,-0.99
1.96888e-03,-1.01,-1.05
1.96896e-03,-1.01,-0.99
1.96904e-03,-0.99,-1.05
1.96912e-03,-1.01,-0.99
1.96920e-03,-1.01,-1.05
1.96928e-03,-1.01,-0.99
1.96936e-03,-0.99,-1.05
1.96944e-03,-1.03,-0.99
1.96952e-03,-1.03,-1.05
1.96960e-03,-1.01,-0.99
1.96968e-03,-1.03,-1.05
1.96976e-03,-1.01,-0.99
1.96984e-03,-1.03,-1.05
1.96992e-03,-1.01,-0.99
1.97000e-03,-1.01,-1.05
1.97008e-03,-1.01,-0.99
1.97016e-03,-1.01,-1.05
1.97024e-03,-1.03,-0.99
1.97032e-03,-1.01,-1.05
1.97040e-03,-1.03,-0.99
1.97048e-03,-1.01,-1.05
1.97056e-03,-1.03,-0.99
1.97064e-03,-1.01,-1.07
1.97072e-03,-1.01,-0.99
1.97080e-03,-1.03,-1.05
1.97088e-03,-1.01,-0.99
1.97096e-03,-1.01,-1.05
1.97104e-03,-1.01,-0.99
1.97112e-03,-1.03,-1.05
1.97120e-03,-1.01,-0.99
1.97128e-03,-1.01,-1.05
1.97136e-03,-1.01,-0.99
1.97144e-03,-1.03,-1.05
1.97152e-03,-1.03,-0.99
1.97160e-03,-1.01,-1.05
1.97168e-03,-1.03,-0.99
1.97176e-03,-0.99,-1.05
1.97184e-03,-1.03,-0.99
1.97192e-03,-1.01,-1.05
1.97200e-03,-1.03,-0.99
1.97208e-03,-1.03,-1.05
1.97216e-03,-1.01,-0.99
1.97224e-03,-1.03,-1.05
1.97232e-03,-0.99,-0.99
1.97240e-03,-1.03,-1.05
1.97248e-03,-1.01,-0.99
1.97256e-03,-1.03,-1.05
1.97264e-03,-1.01,-0.99
1.97272e-03,-1.03,-1.05
1.97280e-03,-1.01,-0.99
1.97288e-03,-1.01,-1.05
1.97296e-03,-1.03,-0.99
1.97304e-03,-1.01,-1.05
1.97312e-03,-1.01,-0.99
1.97320e-03,-1.01,-1.05
1.97328e-03,-1.01,-0.99
1.97336e-03,-1.01,-1.05
1.97344e-03,-1.03,-0.99
1.97352e-03,-1.01,-1.05
1.97360e-03,-1.01,-0.99
1.97368e-03,-1.03,-1.05
1.97376e-03,-1.01,-0.99
1.97384e-03,-1.03,-1.05
1.97392e-03,-1.01,-0.99
1.97400e-03,-1.01,-1.03
1.97408e-03,-1.03,-0.99
1.97416e-03,-1.01,-1.05
1.97424e-03,-1.03,-0.99
1.97432e-03,-1.01,-1.05
1.97440e-03,-1.03,-0.99
1.97448e-03,-1.01,-1.05
1.97456e-03,-1.01,-0.99
1.97464e-03,-1.01,-1.05
1.97472e-03,-1.03,-0.99
1.97480e-03,-0.99,-1.05
1.97488e-03,-1.01,-0.99
1.97496e-03,-1.03,-1.05
1.97504e-03,-0.99,-0.99
1.97512e-03,-1.01,-1.05
1.97520e-03,-1.01,-0.99
1.97528e-03,-1.01,-1.05
1.97536e-03,-1.03,-0.99
1.97544e-03,-1.01,-1.05
1.97552e-03,-1.03,-0.99
1.97560e-03,-1.03,-1.05
1.97568e-03,-1.01,-0.99
1.97576e-03,-1.01,-1.05
1.97584e-03,-1.01,-0.99
1.97592e-03,-1.01,-1.03
1.97600e-03,-1.03,-0.99
1.97608e-03,-1.03,-1.05
1.97616e-03,-1.01,-0.99
1.97624e-03,-1.01,-1.03
1.97632e-03,-1.01,-0.99
1.97640e-03,-1.03,-1.05
1.97648e-03,-1.01,-0.99
1.97656e-03,-1.03,-1.03
1.97664e-03,-1.01,-0.99
1.97672e-03,-1.03,-1.05
1.97680e-03,-1.03,-0.99
1.97688e-03,-1.01,-1.05
1.97696e-03,-1.01,-0.99
1.97704e-03,-1.01,-1.05
1.97712e-03,-1.03,-0.99
1.97720e-03,-1.01,-1.05
1.97728e-03,-1.03,-0.99
1.97736e-03,-1.01,-1.03
1.97744e-03,-1.01,-0.99
1.97752e-03,-0.99,-1.05
1.97760e-03,-1.01,-0.99
1.97768e-03,-1.01,-1.03
1.97776e-03,-1.01,-0.99
1.97784e-03,-1.01,-1.05
1.97792e-03,-1.01,-0.99
1.97800e-03,-0.99,-1.05
1.97808e-03,-1.03,-0.99
1.97816e-03,-1.01,-1.05
1.97824e-03,-1.03,-0.97
1.97832e-03,-1.01,-1.05
1.97840e-03,-1.03,-0.97
1.97848e-03,-1.01,-1.05
1.97856e-03,-1.03,-0.99
1.97864e-03,-0.95,-1.05
1.97872e-03,-0.95,-0.99
1.97880e-03,-0.97,-1.09
1.97888e-03,-0.93,-0.73
1.97896e-03,-0.95,-1.01
1.97904e-03,-0.93,-0.93
1.97912e-03,-0.97,-0.99
1.97920e-03,-0.95,-0.91
1.97928e-03,-0.99,-0.99
1.97936e-03,-1.01,-0.93
1.97944e-03,-1.01,-1.03
1.97952e-03,-1.05,-0.95
1.97960e-03,-1.05,-1.05
1.97968e-03,-1.03,-0.99
1.97976e-03,-1.05,-1.05
1.97984e-03,-1.03,-1.01
1.97992e-03,-1.03,-1.07
1.98000e-03,-1.01,-1.01
1.98008e-03,-1.03,-1.05
1.98016e-03,-0.99,-1.01
1.98024e-03,-1.01,-1.05
1.98032e-03,-1.01,-0.99
1.98040e-03,-1.01,-1.03
1.98048e-03,-0.99,-0.97
1.98056e-03,-0.99,-1.03
1.98064e-03,-1.01,-0.99
1.98072e-03,-0.99,-1.03
1.98080e-03,-1.01,-0.99
1.98088e-03,-1.01,-1.03
1.98096e-03,-0.99,-0.99
1.98104e-03,-1.01,-1.03
1.98112e-03,-1.01,-0.99
1.98120e-03,-1.03,-1.03
1.98128e-03,-0.99,-0.99
1.98136e-03,-0.99,-1.03
1.98144e-03,-1.01,-0.99
1.98152e-03,-1.01,-1.03
1.98160e-03,-1.01,-0.99
1.98168e-03,-0.99,-1.03
1.98176e-03,-1.01,-0.97
1.98184e-03,-0.99,-1.03
1.98192e-03,-0.99,-0.99
1.98200e-03,-0.99,-1.03
1.98208e-03,-1.01,-0.97
1.98216e-03,-1.01,-1.03
1.98224e-03,-1.01,-0.99
1.98232e-03,-1.01,-1.03
1.98240e-03,-1.03,-0.97
1.98248e-03,-0.99,-1.03
1.98256e-03,-0.99,-0.99
1.98264e-03,-1.01,-1.03
1.98272e-03,-1.01,-0.99
1.98280e-03,-0.99,-1.05
1.98288e-03,-1.01,-0.99
1.98296e-03,-1.01,-1.03
1.98304e-03,-0.99,-0.99
1.98312e-03,-1.01,-1.03
1.98320e-03,-1.01,-0.99
1.98328e-03,-0.99,-1.03
1.98336e-03,-1.01,-0.99
1.98344e-03,-0.99,-1.03
1.98352e-03,-1.01,-0.99
1.98360e-03,-0.99,-1.03
1.98368e-03,-1.01,-0.99
1.98376e-03,-1.01,-1.03
1.98384e-03,-0.99,-0.99
1.98392e-03,-1.01,-1.03
1.98400e-03,-0.99,-0.97
1.98408e-03,-0.99,-1.03
1.98416e-03,-1.01,-0.99
1.98424e-03,-1.01,-1.03
1.98432e-03,-1.01,-0.99
1.98440e-03,-1.01,-1.03
1.98448e-03,-1.01,-0.99
1.98456e-03,-0.99,-1.03
1.98464e-03,-1.01,-0.99
1.98472e-03,-0.99,-1.03
1.98480e-03,-1.01,-0.99
1.98488e-03,-0.97,-1.03
1.98496e-03,-1.03,-0.97
1.98504e-03,-0.99,-1.03
1.98512e-03,-1.01,-0.97
1.98520e-03,-1.01,-1.03
1.98528e-03,-0.99,-0.99
1.98536e-03,-1.31,-1.03
1.98544e-03,-1.05,-0.99
1.98552e-03,-1.05,-1.35
1.98560e-03,-1.05,-0.91
1.98568e-03,-1.05,-1.07
1.98576e-03,-1.07,-1.01
1.98584e-03,-1.07,-1.11
1.98592e-03,-1.05,-1.03
1.98600e-03,-1.03,-1.09
1.98608e-03,-1.03,-1.05
1.98616e-03,-1.01,-1.07
1.98624e-03,-1.03,-1.01
1.98632e-03,-0.99,-1.05
1.98640e-03,-0.99,-0.97
1.98648e-03,-0.99,-1.03
1.98656e-03,-0.99,-0.95
1.98664e-03,-1.01,-1.01
1.98672e-03,-0.99,-0.97
1.98680e-03,-1.01,-1.03
1.98688e-03,-0.99,-0.97
1.98696e-03,-1.01,-1.03
1.98704e-03,-0.99,-0.97
1.98712e-03,-1.03,-1.03
1.98720e-03,-0.99,-0.97
1.98728e-03,-1.01,-1.05
1.98736e-03,-0.99,-0.99
1.98744e-03,-1.01,-1.03
1.98752e-03,-1.01,-0.97
1.98760e-03,-0.99,-1.03
1.98768e-03,-1.01,-0.97
1.98776e-03,-0.99,-1.05
1.98784e-03,-0.99,-0.97
1.98792e-03,-0.99,-1.03
1.98800e-03,-1.01,-0.99
1.98808e-03,-1.01,-1.03
1.98816e-03,-0.99,-0.97
1.98824e-03,-1.01,-1.03
1.98832e-03,-0.99,-0.99
1.98840e-03,-1.01,-1.03
1.98848e-03,-0.99,-0.97
1.98856e-03,-1.01,-1.03
1.98864e-03,-1.01,-0.99
1.98872e-03,-0.99,-1.03
1.98880e-03,-1.01,-0.99
1.98888e-03,-0.99,-1.03
1.98896e-03,-1.01,-0.99
1.98904e-03,-0.99,-1.03
1.98912e-03,-1.01,-0.97
1.98920e-03,-0.99,-1.03
1.98928e-03,-1.01,-0.97
1.98936e-03,-0.99,-1.03
1.98944e-03,-1.01,-0.99
1.98952e-03,-1.01,-1.03
1.98960e-03,-0.99,-0.99
1.98968e-03,-1.03,-1.05
1.98976e-03,-1.01,-0.99
1.98984e-03,-1.03,-1.05
1.98992e-03,-1.01,-0.99
1.99000e-03,-1.01,-1.05
1.99008e-03,-1.03,-0.99
1.99016e-03,-1.01,-1.05
1.99024e-03,-1.03,-0.99
1.99032e-03,-1.01,-1.05
1.99040e-03,-1.03,-0.99
1.99048e-03,-1.01,-1.05
1.99056e-03,-1.01,-0.99
1.99064e-03,-1.01,-1.05
1.99072e-03,-1.03,-0.97
1.99080e-03,-1.03,-1.05
1.99088e-03,-1.03,-0.97
1.99096e-03,-1.03,-1.05
1.99104e-03,-1.01,-0.99
1.99112e-03,-1.03,-1.05
1.99120e-03,-1.01,-0.99
1.99128e-03,-1.01,-1.03
1.99136e-03,-1.01,-0.99
1.99144e-03,-1.01,-1.05
1.99152e-03,-1.01,-0.99
1.99160e-03,-1.01,-1.05
1.99168e-03,-1.03,-0.99
1.99176e-03,-1.01,-1.05
1.99184e-03,-1.01,-0.99
1.99192e-03,-0.99,-1.03
1.99200e-03,-1.01,-0.99
1.99208e-03,-0.99,-1.03
1.99216e-03,-1.01,-0.99
1.99224e-03,-1.03,-1.05
1.99232e-03,-0.99,-0.99
1.99240e-03,-1.03,-1.05
1.99248e-03,-1.01,-0.99
1.99256e-03,-1.01,-1.05
1.99264e-03,-1.01,-0.99
1.99272e-03,-1.01,-1.05
1.99280e-03,-1.01,-0.95
1.99288e-03,-1.01,-1.05
1.99296e-03,-1.03,-0.99
1.99304e-03,-1.01,-1.03
1.99312e-03,-1.03,-0.99
1.99320e-03,-1.01,-1.03
1.99328e-03,-1.01,-0.99
1.99336e-03,-1.01,-1.05
1.99344e-03,-1.01,-0.99
1.99352e-03,-1.01,-1.05
1.99360e-03,-0.99,-0.99
1.99368e-03,-1.01,-1.03
1.99376e-03,-0.99,-0.99
1.99384e-03,-1.03,-1.05
1.99392e-03,-1.01,-0.99
1.99400e-03,-1.03,-1.05
1.99408e-03,-1.03,-0.99
1.99416e-03,-1.03,-1.05
1.99424e-03,-1.03,-0.99
1.99432e-03,-1.01,-1.07
1.99440e-03,-1.01,-0.97
1.99448e-03,-1.01,-1.05
1.99456e-03,-1.03,-0.99
1.99464e-03,-1.01,-1.05
1.99472e-03,-1.01,-0.99
1.99480e-03,-1.01,-1.05
1.99488e-03,-1.03,-0.99
1.99496e-03,-1.03,-1.07
1.99504e-03,-1.01,-0.99
1.99512e-03,-1.01,-1.05
1.99520e-03,-1.01,-0.99
1.99528e-03,-1.03,-1.05
1.99536e-03,-1.03,-0.99
1.99544e-03,-1.03,-1.05
1.99552e-03,-1.03,-0.99
1.99560e-03,-1.01,-1.05
1.99568e-03,-1.03,-0.99
1.99576e-03,-1.01,-1.05
1.99584e-03,-1.01,-0.99
1.99592e-03,-0.99,-1.05
1.99600e-03,-1.01,-0.99
1.99608e-03,-1.01,-1.05
1.99616e-03,-1.01,-0.99
1.99624e-03,-1.01,-1.05
1.99632e-03,-0.99,-0.99
1.99640e-03,-1.03,-1.03
1.99648e-03,-1.03,-0.99
1.99656e-03,-1.03,-1.05
1.99664e-03,-1.01,-0.99
1.99672e-03,-1.01,-1.05
1.99680e-03,-1.01,-0.99
1.99688e-03,-1.03,-1.05
1.99696e-03,-1.01,-0.99
1.99704e-03,-1.01,-1.05
1.99712e-03,-1.03,-0.99
1.99720e-03,-1.01,-1.05
1.99728e-03,-1.01,-0.99
1.99736e-03,-1.01,-1.05
1.99744e-03,-1.01,-0.99
1.99752e-03,-1.01,-1.05
1.99760e-03,-0.99,-0.99
1.99768e-03,-1.03,-1.05
1.99776e-03,-1.01,-0.99
1.99784e-03,-1.01,-1.05
1.99792e-03,-1.01,-0.99
1.99800e-03,-1.01,-1.05
1.99808e-03,-1.01,-0.99
1.99816e-03,-1.01,-1.05
1.99824e-03,-1.03,-0.99
1.99832e-03,-1.01,-1.05
1.99840e-03,-1.05,-0.99
1.99848e-03,-1.01,-1.05
1.99856e-03,-1.05,-0.99
1.99864e-03,-1.01,-1.05
1.99872e-03,-1.01,-0.99
1.99880e-03,-1.03,-1.05
1.99888e-03,-1.01,-0.99
1.99896e-03,-1.03,-1.05
1.99904e-03,-0.99,-0.99
1.99912e-03,-1.01,-1.05
1.99920e-03,-1.01,-0.99
1.99928e-03,-1.03,-1.05
1.99936e-03,-1.01,-0.99
1.99944e-03,-1.01,-1.05
1.99952e-03,-1.01,-0.99
1.99960e-03,-1.01,-1.05
1.99968e-03,-1.03,-0.99
1.99976e-03,-1.01,-1.05
1.99984e-03,-1.01,-0.99
1.99992e-03,-1.03,-1.05
2.00000e-03,-1.03,-0.99
2.00008e-03,-1.01,-1.05
2.00016e-03,-1.01,-0.99
2.00024e-03,-1.01,-1.05
2.00032e-03,-0.99,-0.99
2.00040e-03,-1.01,-1.05
2.00048e-03,-0.99,-0.99
2.00056e-03,-1.01,-1.05
2.00064e-03,-0.99,-0.99
2.00072e-03,-1.03,-1.05
2.00080e-03,-1.03,-0.99
2.00088e-03,-1.01,-1.05
2.00096e-03,-1.01,-0.99
2.00104e-03,-1.01,-1.05
2.00112e-03,-1.05,-0.99
2.00120e-03,-0.99,-1.05
2.00128e-03,-1.01,-0.99
2.00136e-03,-1.01,-1.03
2.00144e-03,-1.01,-0.99
2.00152e-03,-1.03,-1.05
2.00160e-03,-1.01,-0.99
2.00168e-03,-1.01,-1.05
2.00176e-03,-1.01,-0.99
2.00184e-03,-1.01,-1.05
2.00192e-03,-1.03,-0.99
2.00200e-03,-1.01,-1.05
2.00208e-03,-1.01,-0.99
2.00216e-03,-1.01,-1.05
2.00224e-03,-1.03,-0.99
2.00232e-03,-1.01,-1.05
2.00240e-03,-1.03,-0.99
2.00248e-03,-1.01,-1.05
2.00256e-03,-1.03,-0.99
2.00264e-03,-1.03,-1.05
2.00272e-03,-1.01,-0.99
2.00280e-03,-1.01,-1.05
2.00288e-03,-1.03,-0.99
2.00296e-03,-1.03,-1.05
2.00304e-03,-1.01,-0.99
2.00312e-03,-1.01,-1.05
2.00320e-03,-1.03,-0.99
2.00328e-03,-1.01,-1.05
2.00336e-03,-1.01,-0.99
2.00344e-03,-1.01,-1.05
2.00352e-03,-1.01,-0.99
2.00360e-03,-1.01,-1.05
2.00368e-03,-1.03,-1.01
2.00376e-03,-1.01,-1.05
2.00384e-03,-1.03,-0.99
2.00392e-03,-1.01,-1.05
2.00400e-03,-1.01,-0.99
2.00408e-03,-1.03,-1.05
2.00416e-03,-1.01,-1.01
2.00424e-03,-1.03,-1.05
2.00432e-03,-1.01,-0.99
2.00440e-03,-1.03,-1.05
2.00448e-03,-1.01,-1.01
2.00456e-03,-1.03,-1.05
2.00464e-03,-0.99,-0.99
2.00472e-03,-0.99,-1.05
2.00480e-03,-1.01,-0.99
2.00488e-03,-0.99,-1.03
2.00496e-03,-1.01,-0.97
2.00504e-03,-1.01,-1.03
2.00512e-03,-1.01,-0.97
2.00520e-03,-1.03,-1.03
2.00528e-03,-1.03,-0.99
2.00536e-03,-1.03,-1.05
2.00544e-03,-1.03,-1.01
2.00552e-03,-1.03,-1.07
2.00560e-03,-1.03,-1.01
2.00568e-03,-1.03,-1.07
2.00576e-03,-1.01,-1.01
2.00584e-03,-1.05,-1.05
2.00592e-03,-1.03,-1.01
2.00600e-03,-1.03,-1.05
2.00608e-03,-1.03,-1.01
2.00616e-03,-1.03,-1.05
2.00624e-03,-1.03,-1.01
2.00632e-03,-1.01,-1.05
2.00640e-03,-1.03,-0.99
2.00648e-03,-1.03,-1.05
2.00656e-03,-1.03,-1.01
2.00664e-03,-1.01,-1.05
2.00672e-03,-1.03,-1.01
2.00680e-03,-1.03,-1.05
2.00688e-03,-1.03,-1.01
2.00696e-03,-1.05,-1.07
2.00704e-03,-1.03,-1.01
2.00712e-03,-1.05,-1.05
2.00720e-03,-1.03,-1.01
2.00728e-03,-1.05,-1.07
2.00736e-03,-1.03,-1.01
2.00744e-03,-1.01,-1.05
2.00752e-03,-1.03,-0.99
2.00760e-03,-1.01,-1.07
2.00768e-03,-1.03,-1.01
2.00776e-03,-1.03,-1.07
2.00784e-03,-1.03,-1.01
2.00792e-03,-1.03,-1.05
2.00800e-03,-1.05,-1.01
2.00808e-03,-1.05,-1.05
2.00816e-03,-1.03,-1.01
2.00824e-03,-1.03,-1.07
2.00832e-03,-1.01,-1.01
2.00840e-03,-1.05,-1.05
2.00848e-03,-1.03,-1.01
2.00856e-03,-1.05,-1.07
2.00864e-03,-1.01,-1.01
2.00872e-03,-1.03,-1.05
2.00880e-03,-1.03,-1.01
2.00888e-03,-1.03,-1.07
2.00896e-03,-1.03,-1.01
2.00904e-03,-1.03,-1.07
2.00912e-03,-1.05,-0.99
2.00920e-03,-1.03,-1.05
2.00928e-03,-1.03,-1.01
2.00936e-03,-1.03,-1.05
2.00944e-03,-1.05,-1.01
2.00952e-03,-1.05,-1.07
2.00960e-03,-1.05,-1.01
2.00968e-03,-1.05,-1.05
2.00976e-03,-1.01,-1.01
2.00984e-03,-1.03,-1.05
2.00992e-03,-1.03,-0.99
2.01000e-03,-1.03,-1.05
2.01008e-03,-1.03,-1.01
2.01016e-03,-1.01,-1.07
2.01024e-03,-1.01,-1.01
2.01032e-03,-1.03,-1.05
2.01040e-03,-1.03,-1.01
2.01048e-03,-1.03,-1.07
2.01056e-03,-1.03,-0.99
2.01064e-03,-1.01,-1.07
2.01072e-03,-1.01,-0.99
2.01080e-03,-1.03,-1.07
2.01088e-03,-1.03,-0.99
2.01096e-03,-1.05,-1.05
2.01104e-03,-1.01,-1.01
2.01112e-03,-1.03,-1.05
2.01120e-03,-1.03,-0.99
2.01128e-03,-1.03,-1.05
2.01136e-03,-1.03,-0.99
2.01144e-03,-1.01,-1.05
2.01152e-03,-1.03,-1.01
2.01160e-03,-1.01,-1.05
2.01168e-03,-1.03,-1.01
2.01176e-03,-1.01,-1.05
2.01184e-03,-1.03,-0.99
2.01192e-03,-1.01,-1.05
2.01200e-03,-1.03,-1.01
2.01208e-03,-1.03,-1.05
2.01216e-03,-1.01,-1.01
2.01224e-03,-1.03,-1.05
2.01232e-03,-1.03,-1.01
2.01240e-03,-1.03,-1.07
2.01248e-03,-1.01,-1.01
2.01256e-03,-1.03,-1.05
2.01264e-03,-1.03,-1.01
2.01272e-03,-1.03,-1.05
2.01280e-03,-1.03,-1.01
2.01288e-03,-1.01,-1.05
2.01296e-03,-1.03,-0.99
2.01304e-03,-1.03,-1.05
2.01312e-03,-1.03,-0.99
2.01320e-03,-1.03,-1.05
2.01328e-03,-1.03,-0.99
2.01336e-03,-1.01,-1.05
2.01344e-03,-1.01,-1.01
2.01352e-03,-1.03,-1.05
2.01360e-03,-1.01,-1.01
2.01368e-03,-1.03,-1.05
2.01376e-03,-1.03,-0.99
2.01384e-03,-1.03,-1.07
2.01392e-03,-1.03,-1.01
2.01400e-03,-1.03,-1.05
2.01408e-03,-1.03,-1.01
2.01416e-03,-1.01,-1.05
2.01424e-03,-1.03,-0.99
2.01432e-03,-1.03,-1.05
2.01440e-03,-1.03,-0.99
2.01448e-03,-1.01,-1.05
2.01456e-03,-1.03,-0.99
2.01464e-03,-1.01,-1.05
2.01472e-03,-1.03,-0.99
2.01480e-03,-1.03,-1.05
2.01488e-03,-1.01,-1.01
2.01496e-03,-1.05,-1.05
2.01504e-03,-1.01,-1.01
2.01512e-03,-1.03,-1.05
2.01520e-03,-1.03,-1.01
2.01528e-03,-1.03,-1.05
2.01536e-03,-1.03,-1.01
2.01544e-03,-1.01,-1.05
2.01552e-03,-1.05,-1.01
2.01560e-03,-1.03,-1.05
2.01568e-03,-1.03,-1.01
2.01576e-03,-1.03,-1.05
2.01584e-03,-1.03,-1.01
2.01592e-03,-1.03,-1.05
2.01600e-03,-1.01,-1.01
2.01608e-03,-1.03,-1.05
2.01616e-03,-1.03,-0.99
2.01624e-03,-1.03,-1.07
2.01632e-03,-1.03,-0.99
2.01640e-03,-1.03,-1.05
2.01648e-03,-1.05,-1.01
2.01656e-03,-1.01,-1.05
2.01664e-03,-1.05,-1.01
2.01672e-03,-1.01,-1.05
2.01680e-03,-1.05,-0.99
2.01688e-03,-1.01,-1.07
2.01696e-03,-1.03,-1.01
2.01704e-03,-1.01,-1.07
2.01712e-03,-1.03,-1.01
2.01720e-03,-1.01,-1.05
2.01728e-03,-1.03,-1.01
2.01736e-03,-1.03,-1.05
2.01744e-03,-1.01,-1.01
2.01752e-03,-1.03,-1.05
2.01760e-03,-1.01,-0.99
2.01768e-03,-1.05,-1.07
2.01776e-03,-1.03,-1.01
2.01784e-03,-1.03,-1.05
2.01792e-03,-1.01,-0.99
2.01800e-03,-1.03,-1.05
2.01808e-03,-1.03,-1.01
2.01816e-03,-1.03,-1.05
2.01824e-03,-1.05,-1.01
2.01832e-03,-1.01,-1.05
2.01840e-03,-1.03,-1.01
2.01848e-03,-1.01,-1.05
2.01856e-03,-1.05,-1.01
2.01864e-03,-1.05,-1.05
2.01872e-03,-1.03,-1.01
2.01880e-03,-1.03,-1.05
2.01888e-03,-1.03,-0.99
2.01896e-03,-1.01,-1.05
2.01904e-03,-1.03,-0.99
2.01912e-03,-1.03,-1.05
2.01920e-03,-1.03,-1.01
2.01928e-03,-1.03,-1.07
2.01936e-03,-1.01,-1.01
2.01944e-03,-1.03,-1.07
2.01952e-03,-1.03,-1.01
2.01960e-03,-1.03,-1.05
2.01968e-03,-1.03,-0.99
2.01976e-03,-1.01,-1.05
2.01984e-03,-1.03,-1.01
2.01992e-03,-1.03,-1.05
2.02000e-03,-1.05,-1.01
2.02008e-03,-1.03,-1.05
2.02016e-03,-1.01,-1.01
2.02024e-03,-1.03,-1.05
2.02032e-03,-1.01,-1.01
2.02040e-03,-1.03,-1.05
2.02048e-03,-1.01,-1.01
2.02056e-03,-1.01,-1.05
2.02064e-03,-1.03,-1.01
2.02072e-03,-1.03,-1.05
2.02080e-03,-1.03,-1.01
2.02088e-03,-1.03,-1.05
2.02096e-03,-1.03,-1.01
2.02104e-03,-1.03,-1.05
2.02112e-03,-1.03,-0.99
2.02120e-03,-1.03,-1.05
2.02128e-03,-1.03,-1.01
2.02136e-03,-1.03,-1.05
2.02144e-03,-1.01,-0.99
2.02152e-03,-1.01,-1.05
2.02160e-03,-1.01,-1.01
2.02168e-03,-1.03,-1.05
2.02176e-03,-1.03,-0.99
2.02184e-03,-1.03,-1.05
2.02192e-03,-1.01,-1.01
2.02200e-03,-1.03,-1.05
2.02208e-03,-1.01,-1.01
2.02216e-03,-1.01,-1.05
2.02224e-03,-1.05,-0.99
2.02232e-03,-1.01,-1.05
2.02240e-03,-1.03,-1.01
2.02248e-03,-1.01,-1.05
2.02256e-03,-1.03,-1.01
2.02264e-03,-1.03,-1.05
2.02272e-03,-1.03,-0.99
2.02280e-03,-1.03,-1.05
2.02288e-03,-1.01,-1.01
2.02296e-03,-1.01,-1.05
2.02304e-03,-1.01,-0.99
2.02312e-03,-1.03,-1.05
2.02320e-03,-1.01,-1.01
2.02328e-03,-1.03,-1.05
2.02336e-03,-1.03,-0.99
2.02344e-03,-1.01,-1.05
2.02352e-03,-1.03,-1.01
2.02360e-03,-1.01,-1.05
2.02368e-03,-1.03,-1.01
2.02376e-03,-1.01,-1.05
2.02384e-03,-1.03,-0.99
2.02392e-03,-1.03,-1.05
2.02400e-03,-1.01,-0.99
2.02408e-03,-1.01,-1.05
2.02416e-03,-1.01,-0.99
2.02424e-03,-1.03,-1.05
2.02432e-03,-0.99,-0.99
2.02440e-03,-1.01,-1.05
2.02448e-03,-0.99,-0.99
2.02456e-03,-1.01,-1.05
2.02464e-03,-1.01,-0.99
2.02472e-03,-1.01,-1.05
2.02480e-03,-1.03,-0.99
2.02488e-03,-1.01,-1.05
2.02496e-03,-1.01,-1.01
2.02504e-03,-1.01,-1.05
2.02512e-03,-1.01,-0.99
2.02520e-03,-1.01,-1.05
2.02528e-03,-1.03,-0.99
2.02536e-03,-1.01,-1.05
2.02544e-03,-1.01,-0.99
2.02552e-03,-1.01,-1.05
2.02560e-03,-1.01,-0.99
2.02568e-03,-1.01,-1.05
2.02576e-03,-1.01,-0.99
2.02584e-03,-1.03,-1.05
2.02592e-03,-1.03,-0.99
2.02600e-03,-1.03,-1.05
2.02608e-03,-1.01,-0.99
2.02616e-03,-1.01,-1.05
2.02624e-03,-1.01,-0.99
2.02632e-03,-1.01,-1.03
2.02640e-03,-1.03,-0.99
2.02648e-03,-1.03,-1.05
2.02656e-03,-1.05,-1.01
2.02664e-03,-1.05,-1.05
2.02672e-03,-1.01,-0.99
2.02680e-03,-1.01,-1.05
2.02688e-03,-1.01,-0.99
2.02696e-03,-1.05,-1.05
2.02704e-03,-1.01,-0.99
2.02712e-03,-1.01,-1.07
2.02720e-03,-0.99,-0.97
2.02728e-03,-1.01,-1.05
2.02736e-03,-1.01,-0.97
2.02744e-03,-1.03,-1.05
2.02752e-03,-1.01,-0.99
2.02760e-03,-1.01,-1.05
2.02768e-03,-1.03,-0.99
2.02776e-03,-1.01,-1.05
2.02784e-03,-1.01,-0.99
2.02792e-03,-1.01,-1.05
2.02800e-03,-0.99,-0.99
2.02808e-03,-1.01,-1.03
2.02816e-03,-1.01,-0.99
2.02824e-03,-1.03,-1.03
2.02832e-03,-1.01,-0.99
2.02840e-03,-1.03,-1.05
2.02848e-03,-1.01,-0.99
2.02856e-03,-1.03,-1.05
2.02864e-03,-0.81,-0.99
2.02872e-03,-0.93,-1.11
2.02880e-03,-0.99,-0.81
2.02888e-03,-0.97,-0.99
2.02896e-03,-0.93,-0.75
2.02904e-03,-0.95,-1.01
2.02912e-03,-0.93,-0.91
2.02920e-03,-0.95,-0.97
2.02928e-03,-0.97,-0.93
2.02936e-03,-1.01,-0.99
2.02944e-03,-1.03,-0.93
2.02952e-03,-1.03,-1.03
2.02960e-03,-1.03,-0.97
2.02968e-03,-1.05,-1.07
2.02976e-03,-1.05,-0.99
2.02984e-03,-1.03,-1.07
2.02992e-03,-1.05,-1.03
2.03000e-03,-1.03,-1.07
2.03008e-03,-1.03,-1.01
2.03016e-03,-1.03,-1.05
2.03024e-03,-1.01,-1.01
2.03032e-03,-1.03,-1.05
2.03040e-03,-0.99,-1.01
2.03048e-03,-1.01,-1.03
2.03056e-03,-0.99,-0.99
2.03064e-03,-1.01,-1.03
2.03072e-03,-1.01,-0.99
2.03080e-03,-1.01,-1.05
2.03088e-03,-1.03,-0.99
2.03096e-03,-1.03,-1.05
2.03104e-03,-1.03,-0.99
2.03112e-03,-1.03,-1.05
2.03120e-03,-1.01,-0.99
2.03128e-03,-1.01,-1.05
2.03136e-03,-1.01,-0.99
2.03144e-03,-1.01,-1.03
2.03152e-03,-1.01,-0.99
2.03160e-03,-1.01,-1.03
2.03168e-03,-1.01,-0.99
2.03176e-03,-1.01,-1.03
2.03184e-03,-1.01,-0.99
2.03192e-03,-1.01,-1.03
2.03200e-03,-1.01,-0.99
2.03208e-03,-1.01,-1.05
2.03216e-03,-1.01,-0.99
2.03224e-03,-1.01,-1.03
2.03232e-03,-1.03,-0.99
2.03240e-03,-1.01,-1.05
2.03248e-03,-1.01,-0.99
2.03256e-03,-0.99,-1.05
2.03264e-03,-1.01,-0.99
2.03272e-03,-1.03,-1.03
2.03280e-03,-1.01,-0.99
2.03288e-03,-1.01,-1.05
2.03296e-03,-1.01,-0.99
2.03304e-03,-1.03,-1.05
2.03312e-03,-1.01,-0.99
2.03320e-03,-1.01,-1.05
2.03328e-03,-1.01,-0.99
2.03336e-03,-1.01,-1.03
2.03344e-03,-1.01,-0.99
2.03352e-03,-1.03,-1.05
2.03360e-03,-1.03,-0.99
2.03368e-03,-1.01,-1.05
2.03376e-03,-1.01,-0.99
2.03384e-03,-1.01,-1.03
2.03392e-03,-1.01,-0.99
2.03400e-03,-1.01,-1.05
2.03408e-03,-1.01,-0.99
2.03416e-03,-1.01,-1.03
2.03424e-03,-1.01,-0.99
2.03432e-03,-1.03,-1.03
2.03440e-03,-1.01,-0.99
2.03448e-03,-0.99,-1.05
2.03456e-03,-1.01,-0.99
2.03464e-03,-1.01,-1.03
2.03472e-03,-1.01,-0.99
2.03480e-03,-1.01,-1.05
2.03488e-03,-1.01,-0.99
2.03496e-03,-0.99,-1.05
2.03504e-03,-0.99,-0.97
2.03512e-03,-1.01,-1.05
2.03520e-03,-1.01,-0.99
2.03528e-03,-1.01,-1.05
2.03536e-03,-1.01,-0.99
2.03544e-03,-1.13,-1.05
2.03552e-03,-1.03,-0.99
2.03560e-03,-1.05,-1.35
2.03568e-03,-1.07,-0.91
2.03576e-03,-1.05,-1.09
2.03584e-03,-1.07,-1.03
2.03592e-03,-1.05,-1.13
2.03600e-03,-1.05,-1.05
2.03608e-03,-1.05,-1.09
2.03616e-03,-0.99,-1.03
2.03624e-03,-1.01,-1.07
2.03632e-03,-0.99,-0.99
2.03640e-03,-0.99,-1.03
2.03648e-03,-0.99,-0.99
2.03656e-03,-1.01,-1.03
2.03664e-03,-0.97,-0.97
2.03672e-03,-0.99,-1.03
2.03680e-03,-1.01,-0.97
2.03688e-03,-0.99,-1.03
2.03696e-03,-0.99,-0.95
2.03704e-03,-0.99,-1.03
2.03712e-03,-1.01,-0.97
2.03720e-03,-1.01,-1.05
2.03728e-03,-1.03,-0.97
2.03736e-03,-1.01,-1.05
2.03744e-03,-1.01,-0.99
2.03752e-03,-1.01,-1.05
2.03760e-03,-0.99,-0.99
2.03768e-03,-1.03,-1.03
2.03776e-03,-1.01,-0.97
2.03784e-03,-1.01,-1.03
2.03792e-03,-1.01,-0.97
2.03800e-03,-1.01,-1.05
2.03808e-03,-1.01,-0.97
2.03816e-03,-1.01,-1.03
2.03824e-03,-1.03,-0.99
2.03832e-03,-1.01,-1.03
2.03840e-03,-0.99,-0.99
2.03848e-03,-0.99,-1.05
2.03856e-03,-1.01,-0.99
2.03864e-03,-1.01,-1.03
2.03872e-03,-1.01,-0.97
2.03880e-03,-1.01,-1.05
2.03888e-03,-0.99,-0.99
2.03896e-03,-1.01,-1.05
2.03904e-03,-1.01,-0.99
2.03912e-03,-1.01,-1.03
2.03920e-03,-1.01,-0.99
2.03928e-03,-1.03,-1.05
2.03936e-03,-1.01,-0.97
2.03944e-03,-1.01,-1.05
2.03952e-03,-1.03,-0.99
2.03960e-03,-1.01,-1.03
2.03968e-03,-1.03,-0.99
2.03976e-03,-1.01,-1.05
2.03984e-03,-1.01,-0.99
2.03992e-03,-1.03,-1.05
2.04000e-03,-1.01,-0.99
2.04008e-03,-1.03,-1.05
2.04016e-03,-1.01,-0.99
2.04024e-03,-1.01,-1.05
2.04032e-03,-0.99,-0.99
2.04040e-03,-1.01,-1.05
2.04048e-03,-1.03,-0.99
2.04056e-03,-1.01,-1.05
2.04064e-03,-0.99,-0.99
2.04072e-03,-1.01,-1.05
2.04080e-03,-1.01,-0.99
2.04088e-03,-1.01,-1.03
2.04096e-03,-1.03,-0.99
2.04104e-03,-1.01,-1.05
2.04112e-03,-1.05,-0.99
2.04120e-03,-1.01,-1.05
2.04128e-03,-1.01,-0.99
2.04136e-03,-1.01,-1.05
2.04144e-03,-0.99,-0.99
2.04152e-03,-1.01,-1.05
2.04160e-03,-0.99,-0.99
2.04168e-03,-1.03,-1.05
2.04176e-03,-1.01,-0.99
2.04184e-03,-1.01,-1.05
2.04192e-03,-1.01,-0.99
2.04200e-03,-1.03,-1.05
2.04208e-03,-1.01,-0.99
2.04216e-03,-1.01,-1.05
2.04224e-03,-1.03,-0.99
2.04232e-03,-1.03,-1.05
2.04240e-03,-1.01,-0.99
2.04248e-03,-1.01,-1.05
2.04256e-03,-1.03,-0.99
2.04264e-03,-1.03,-1.05
2.04272e-03,-0.99,-0.99
2.04280e-03,-1.01,-1.05
2.04288e-03,-1.01,-0.99
2.04296e-03,-1.05,-1.05
2.04304e-03,-1.03,-0.97
2.04312e-03,-1.01,-1.05
2.04320e-03,-0.99,-0.97
2.04328e-03,-1.01,-1.05
2.04336e-03,-1.01,-0.99
2.04344e-03,-1.03,-1.05
2.04352e-03,-1.01,-0.99
2.04360e-03,-1.01,-1.05
2.04368e-03,-1.03,-0.99
2.04376e-03,-1.01,-1.05
2.04384e-03,-1.01,-0.99
2.04392e-03,-1.03,-1.05
2.04400e-03,-1.01,-0.99
2.04408e-03,-1.01,-1.05
2.04416e-03,-1.03,-1.01
2.04424e-03,-1.01,-1.05
2.04432e-03,-1.01,-0.99
2.04440e-03,-1.01,-1.05
2.04448e-03,-1.01,-0.99
2.04456e-03,-1.03,-1.05
2.04464e-03,-1.01,-1.01
2.04472e-03,-0.99,-1.05
2.04480e-03,-1.03,-0.99
2.04488e-03,-1.01,-1.05
2.04496e-03,-1.03,-0.99
2.04504e-03,-1.01,-1.07
2.04512e-03,-1.03,-0.99
2.04520e-03,-1.01,-1.05
2.04528e-03,-1.03,-1.01
2.04536e-03,-1.03,-1.05
2.04544e-03,-1.01,-0.99
2.04552e-03,-1.03,-1.05
2.04560e-03,-1.03,-1.01
2.04568e-03,-1.03,-1.05
2.04576e-03,-1.01,-1.01
2.04584e-03,-1.03,-1.05
2.04592e-03,-1.01,-1.01
2.04600e-03,-1.03,-1.05
2.04608e-03,-1.03,-0.99
2.04616e-03,-1.01,-1.05
2.04624e-03,-1.01,-0.99
2.04632e-03,-1.01,-1.05
2.04640e-03,-1.03,-0.99
2.04648e-03,-1.03,-1.05
2.04656e-03,-1.03,-0.99
2.04664e-03,-1.01,-1.05
2.04672e-03,-1.03,-0.99
2.04680e-03,-1.03,-1.05
2.04688e-03,-1.03,-0.99
2.04696e-03,-1.03,-1.05
2.04704e-03,-1.01,-0.99
2.04712e-03,-1.03,-1.05
2.04720e-03,-1.01,-0.99
2.04728e-03,-1.03,-1.05
2.04736e-03,-1.01,-1.01
2.04744e-03,-1.01,-1.05
2.04752e-03,-1.03,-1.01
2.04760e-03,-1.01,-1.07
2.04768e-03,-1.03,-0.99
2.04776e-03,-1.03,-1.05
2.04784e-03,-1.01,-0.99
2.04792e-03,-1.03,-1.05
2.04800e-03,-1.01,-1.01
2.04808e-03,-1.03,-1.05
2.04816e-03,-1.01,-0.99
2.04824e-03,-1.03,-1.05
2.04832e-03,-1.01,-0.99
2.04840e-03,-1.03,-1.05
2.04848e-03,-1.01,-0.99
2.04856e-03,-1.03,-1.05
2.04864e-03,-1.01,-0.99
2.04872e-03,-1.01,-1.05
2.04880e-03,-1.01,-0.99
2.04888e-03,-0.99,-1.05
2.04896e-03,-1.03,-0.99
2.04904e-03,-1.01,-1.05
2.04912e-03,-1.03,-0.99
2.04920e-03,-1.01,-1.05
2.04928e-03,-1.01,-0.99
2.04936e-03,-1.01,-1.05
2.04944e-03,-1.03,-0.99
2.04952e-03,-1.03,-1.05
2.04960e-03,-1.03,-0.99
2.04968e-03,-1.03,-1.05
2.04976e-03,-1.03,-0.99
2.04984e-03,-1.03,-1.05
2.04992e-03,-1.03,-1.01
2.05000e-03,-1.03,-1.05
2.05008e-03,-1.01,-0.99
2.05016e-03,-1.01,-1.05
2.05024e-03,-1.01,-0.99
2.05032e-03,-1.01,-1.05
2.05040e-03,-1.03,-0.99
2.05048e-03,-1.01,-1.05
2.05056e-03,-1.01,-0.99
2.05064e-03,-1.01,-1.05
2.05072e-03,-1.03,-0.99
2.05080e-03,-1.03,-1.07
2.05088e-03,-1.01,-1.01
2.05096e-03,-1.03,-1.05
2.05104e-03,-1.01,-0.99
2.05112e-03,-1.03,-1.05
2.05120e-03,-1.03,-0.99
2.05128e-03,-1.01,-1.05
2.05136e-03,-1.03,-0.99
2.05144e-03,-1.03,-1.07
2.05152e-03,-1.03,-0.99
2.05160e-03,-1.01,-1.05
2.05168e-03,-1.03,-0.99
2.05176e-03,-1.01,-1.05
2.05184e-03,-1.01,-0.99
2.05192e-03,-1.03,-1.05
2.05200e-03,-1.03,-0.99
2.05208e-03,-1.03,-1.05
2.05216e-03,-1.01,-0.99
2.05224e-03,-1.05,-1.05
2.05232e-03,-1.01,-0.99
2.05240e-03,-1.03,-1.07
2.05248e-03,-1.01,-0.99
2.05256e-03,-1.01,-1.05
2.05264e-03,-1.03,-0.99
2.05272e-03,-1.01,-1.05
2.05280e-03,-1.03,-0.99
2.05288e-03,-1.03,-1.05
2.05296e-03,-1.03,-1.01
2.05304e-03,-1.01,-1.05
2.05312e-03,-1.03,-0.99
2.05320e-03,-1.01,-1.05
2.05328e-03,-1.03,-0.99
2.05336e-03,-1.03,-1.05
2.05344e-03,-1.03,-1.01
2.05352e-03,-1.03,-1.05
2.05360e-03,-1.03,-1.01
2.05368e-03,-1.03,-1.05
2.05376e-03,-1.01,-1.01
2.05384e-03,-1.03,-1.05
2.05392e-03,-1.03,-1.01
2.05400e-03,-1.03,-1.05
2.05408e-03,-1.03,-1.01
2.05416e-03,-1.03,-1.05
2.05424e-03,-1.03,-1.01
2.05432e-03,-1.01,-1.05
2.05440e-03,-1.03,-1.01
2.05448e-03,-1.03,-1.07
2.05456e-03,-1.03,-0.99
2.05464e-03,-1.01,-1.05
2.05472e-03,-1.01,-1.01
2.05480e-03,-1.01,-1.05
2.05488e-03,-1.01,-1.01
2.05496e-03,-1.03,-1.05
2.05504e-03,-1.03,-1.01
2.05512e-03,-1.05,-1.07
2.05520e-03,-1.03,-1.01
2.05528e-03,-1.03,-1.05
2.05536e-03,-1.03,-1.01
2.05544e-03,-1.03,-1.05
2.05552e-03,-1.03,-1.01
2.05560e-03,-1.03,-1.05
2.05568e-03,-1.03,-1.01
2.05576e-03,-1.03,-1.05
2.05584e-03,-1.03,-1.01
2.05592e-03,-1.03,-1.07
2.05600e-03,-1.03,-1.01
2.05608e-03,-1.03,-1.05
2.05616e-03,-1.03,-1.01
2.05624e-03,-1.03,-1.05
2.05632e-03,-1.03,-1.01
2.05640e-03,-1.05,-1.05
2.05648e-03,-1.03,-1.01
2.05656e-03,-1.03,-1.07
2.05664e-03,-1.03,-0.99
2.05672e-03,-1.03,-1.05
2.05680e-03,-1.05,-1.01
2.05688e-03,-1.03,-1.07
2.05696e-03,-1.03,-1.01
2.05704e-03,-1.03,-1.07
2.05712e-03,-1.03,-1.01
2.05720e-03,-1.01,-1.05
2.05728e-03,-1.03,-1.01
2.05736e-03,-1.03,-1.07
2.05744e-03,-1.03,-1.01
2.05752e-03,-1.01,-1.05
2.05760e-03,-1.03,-1.01
2.05768e-03,-1.05,-1.07
2.05776e-03,-1.01,-1.01
2.05784e-03,-1.03,-1.05
2.05792e-03,-1.03,-0.99
2.05800e-03,-1.03,-1.07
2.05808e-03,-1.03,-1.01
2.05816e-03,-1.05,-1.05
2.05824e-03,-1.05,-1.01
2.05832e-03,-1.03,-1.07
2.05840e-03,-1.01,-1.01
2.05848e-03,-1.03,-1.07
2.05856e-03,-1.05,-0.99
2.05864e-03,-1.01,-1.07
2.05872e-03,-1.01,-0.99
2.05880e-03,-0.97,-1.05
2.05888e-03,-0.93,-0.99
2.05896e-03,-0.95,-1.03
2.05904e-03,-0.93,-0.93
2.05912e-03,-0.87,-0.97
2.05920e-03,-0.59,-0.91
2.05928e-03,-0.17,-0.95
2.05936e-03,0.01,-0.59
2.05944e-03,-0.03,-0.59
2.05952e-03,-0.01,0.03
2.05960e-03,0.01,-0.05
2.05968e-03,-0.01,0.03
2.05976e-03,0.03,-0.05
2.05984e-03,-0.01,0.03
2.05992e-03,0.01,-0.05
2.06000e-03,0.01,0.03
2.06008e-03,0.01,-0.05
2.06016e-03,0.01,0.03
2.06024e-03,0.01,-0.03
2.06032e-03,0.03,0.03
2.06040e-03,0.01,-0.03
2.06048e-03,0.01,0.03
2.06056e-03,0.01,-0.03
2.06064e-03,0.01,0.03
2.06072e-03,0.01,-0.03
2.06080e-03,0.01,0.03
2.06088e-03,0.01,-0.05
2.06096e-03,0.01,0.03
2.06104e-03,0.03,-0.03
2.06112e-03,-0.01,0.03
2.06120e-03,0.03,-0.03
2.06128e-03,-0.01,0.03
2.06136e-03,0.01,-0.03
2.06144e-03,0.03,0.03
2.06152e-03,0.01,-0.05
2.06160e-03,0.05,0.03
2.06168e-03,0.01,-0.05
2.06176e-03,0.01,0.05
2.06184e-03,0.01,-0.05
2.06192e-03,0.03,0.05
2.06200e-03,0.01,-0.03
2.06208e-03,0.01,0.03
2.06216e-03,0.03,-0.03
2.06224e-03,0.01,0.05
2.06232e-03,0.01,-0.03
2.06240e-03,0.01,0.03
2.06248e-03,0.03,-0.03
2.06256e-03,0.01,0.03
2.06264e-03,0.01,-0.03
2.06272e-03,0.03,0.03
2.06280e-03,0.03,-0.03
2.06288e-03,0.03,0.05
2.06296e-03,0.03,-0.03
2.06304e-03,0.03,0.05
2.06312e-03,0.01,-0.03
2.06320e-03,0.03,0.03
2.06328e-03,0.01,-0.03
2.06336e-03,0.01,0.03
2.06344e-03,0.03,-0.03
2.06352e-03,0.01,0.03
2.06360e-03,0.03,-0.03
2.06368e-03,0.01,0.03
2.06376e-03,0.01,-0.03
2.06384e-03,0.01,0.03
2.06392e-03,0.03,-0.03
2.06400e-03,0.03,0.05
2.06408e-03,0.01,-0.03
2.06416e-03,0.03,0.03
2.06424e-03,0.01,-0.01
2.06432e-03,0.01,0.05
2.06440e-03,0.03,-0.03
2.06448e-03,0.01,0.05
2.06456e-03,0.01,-0.03
2.06464e-03,0.03,0.03
2.06472e-03,0.03,-0.03
2.06480e-03,0.01,0.05
2.06488e-03,0.01,-0.03
2.06496e-03,-0.01,0.05
2.06504e-03,0.03,-0.03
2.06512e-03,0.01,0.05
2.06520e-03,0.01,-0.03
2.06528e-03,0.01,0.05
2.06536e-03,0.01,-0.03
2.06544e-03,0.03,0.03
2.06552e-03,0.03,-0.03
2.06560e-03,0.01,0.05
2.06568e-03,0.03,-0.03
2.06576e-03,0.03,0.03
2.06584e-03,0.01,-0.03
2.06592e-03,0.03,0.05
2.06600e-03,0.03,-0.03
2.06608e-03,0.03,0.05
2.06616e-03,0.01,-0.03
2.06624e-03,0.01,0.03
2.06632e-03,0.03,-0.03
2.06640e-03,0.03,0.03
2.06648e-03,0.01,-0.03
2.06656e-03,0.01,0.05
2.06664e-03,0.03,-0.03
2.06672e-03,0.01,0.03
2.06680e-03,0.03,-0.03
2.06688e-03,0.05,0.05
2.06696e-03,0.01,-0.01
2.06704e-03,0.03,0.05
2.06712e-03,0.01,-0.03
2.06720e-03,0.03,0.05
2.06728e-03,0.03,-0.03
2.06736e-03,0.01,0.05
2.06744e-03,0.03,-0.03
2.06752e-03,0.03,0.05
2.06760e-03,0.03,-0.03
2.06768e-03,-0.01,0.05
2.06776e-03,0.01,-0.05
2.06784e-03,0.03,0.05
2.06792e-03,0.03,-0.05
2.06800e-03,0.01,0.05
2.06808e-03,0.03,-0.03
2.06816e-03,0.03,0.05
2.06824e-03,0.01,-0.01
2.06832e-03,0.03,0.05
2.06840e-03,0.01,-0.03
2.06848e-03,0.03,0.03
2.06856e-03,0.01,-0.03
2.06864e-03,0.01,0.05
2.06872e-03,0.03,-0.03
2.06880e-03,0.03,0.05
2.06888e-03,0.03,-0.01
2.06896e-03,0.01,0.05
2.06904e-03,0.05,-0.03
2.06912e-03,0.01,0.03
2.06920e-03,0.03,-0.03
2.06928e-03,0.01,0.05
2.06936e-03,0.03,-0.03
2.06944e-03,0.03,0.05
2.06952e-03,0.03,-0.03
2.06960e-03,0.03,0.05
2.06968e-03,0.01,-0.03
2.06976e-03,0.03,0.05
2.06984e-03,0.03,-0.03
2.06992e-03,0.03,0.03
2.07000e-03,0.03,-0.03
2.07008e-03,0.01,0.05
2.07016e-03,0.03,-0.03
2.07024e-03,0.03,0.05
2.07032e-03,0.03,-0.03
2.07040e-03,0.01,0.03
2.07048e-03,0.03,-0.01
2.07056e-03,0.03,0.05
2.07064e-03,0.01,-0.03
2.07072e-03,0.01,0.03
2.07080e-03,0.01,-0.03
2.07088e-03,0.03,0.03
2.07096e-03,-0.01,-0.03
2.07104e-03,0.03,0.03
2.07112e-03,-0.01,-0.03
2.07120e-03,0.03,0.05
2.07128e-03,0.03,-0.03
2.07136e-03,0.01,0.05
2.07144e-03,0.03,-0.03
2.07152e-03,0.01,0.05
2.07160e-03,0.03,-0.03
2.07168e-03,0.01,0.05
2.07176e-03,0.03,-0.03
2.07184e-03,0.01,0.05
2.07192e-03,0.03,-0.03
2.07200e-03,0.01,0.05
2.07208e-03,0.03,-0.03
2.07216e-03,0.03,0.03
2.07224e-03,0.01,-0.03
2.07232e-03,0.03,0.03
2.07240e-03,0.03,-0.03
2.07248e-03,0.03,0.05
2.07256e-03,0.01,-0.03
2.07264e-03,0.03,0.03
2.07272e-03,0.03,-0.03
2.07280e-03,0.03,0.05
2.07288e-03,0.05,-0.01
2.07296e-03,0.03,0.05
2.07304e-03,0.03,-0.01
2.07312e-03,0.01,0.05
2.07320e-03,0.05,-0.01
2.07328e-03,0.01,0.05
2.07336e-03,0.03,-0.03
2.07344e-03,0.01,0.05
2.07352e-03,0.01,-0.01
2.07360e-03,0.01,0.05
2.07368e-03,0.01,-0.01
2.07376e-03,0.03,0.03
2.07384e-03,0.01,-0.03
2.07392e-03,0.01,0.03
2.07400e-03,0.01,-0.03
2.07408e-03,0.01,0.05
2.07416e-03,0.03,-0.03
2.07424e-03,0.01,0.05
2.07432e-03,0.03,-0.01
2.07440e-03,-0.01,0.05
2.07448e-03,0.03,-0.03
2.07456e-03,0.03,0.03
2.07464e-03,0.03,-0.03
2.07472e-03,0.01,0.03
2.07480e-03,0.01,-0.03
2.07488e-03,0.03,0.05
2.07496e-03,0.01,-0.03
2.07504e-03,0.03,0.05
2.07512e-03,0.01,-0.03
2.07520e-03,0.01,0.05
2.07528e-03,0.01,-0.03
2.07536e-03,0.03,0.05
2.07544e-03,0.03,-0.03
2.07552e-03,0.01,0.05
2.07560e-03,0.03,-0.03
2.07568e-03,0.03,0.05
2.07576e-03,0.05,-0.03
2.07584e-03,0.01,0.07
2.07592e-03,0.03,-0.03
2.07600e-03,0.03,0.05
2.07608e-03,0.03,-0.03
2.07616e-03,0.03,0.05
2.07624e-03,0.01,-0.03
2.07632e-03,0.03,0.05
2.07640e-03,0.03,-0.03
2.07648e-03,0.03,0.03
2.07656e-03,0.01,-0.03
2.07664e-03,0.03,0.05
2.07672e-03,0.03,-0.03
2.07680e-03,0.03,0.05
2.07688e-03,0.03,-0.01
2.07696e-03,0.03,0.03
2.07704e-03,0.03,-0.03
2.07712e-03,0.03,0.05
2.07720e-03,0.01,-0.01
2.07728e-03,0.03,0.05
2.07736e-03,0.01,-0.03
2.07744e-03,0.03,0.05
2.07752e-03,0.01,-0.03
2.07760e-03,0.03,0.03
2.07768e-03,0.01,-0.01
2.07776e-03,0.03,0.05
2.07784e-03,0.03,-0.01
2.07792e-03,0.03,0.05
2.07800e-03,0.01,-0.01
2.07808e-03,0.03,0.05
2.07816e-03,0.03,-0.01
2.07824e-03,0.03,0.03
2.07832e-03,0.03,-0.03
2.07840e-03,0.03,0.05
2.07848e-03,0.03,-0.01
2.07856e-03,0.01,0.05
2.07864e-03,0.03,-0.03
2.07872e-03,-0.05,0.05
2.07880e-03,0.03,-0.07
2.07888e-03,0.03,0.05
2.07896e-03,0.03,-0.11
2.07904e-03,0.03,0.07
2.07912e-03,0.03,-0.01
2.07920e-03,0.03,0.05
2.07928e-03,0.03,-0.01
2.07936e-03,0.03,0.05
2.07944e-03,0.03,-0.03
2.07952e-03,0.03,0.05
2.07960e-03,0.03,-0.01
2.07968e-03,0.03,0.05
2.07976e-03,0.03,-0.01
2.07984e-03,0.03,0.05
2.07992e-03,0.03,-0.01
2.08000e-03,0.03,0.05
2.08008e-03,0.03,-0.01
2.08016e-03,0.03,0.05
2.08024e-03,0.03,-0.01
2.08032e-03,0.05,0.05
2.08040e-03,0.01,-0.03
2.08048e-03,0.03,0.05
2.08056e-03,0.01,-0.01
2.08064e-03,0.03,0.05
2.08072e-03,0.01,-0.01
2.08080e-03,0.03,0.05
2.08088e-03,0.03,-0.01
2.08096e-03,0.03,0.05
2.08104e-03,0.03,-0.03
2.08112e-03,0.03,0.05
2.08120e-03,0.03,-0.01
2.08128e-03,0.01,0.05
2.08136e-03,0.01,-0.03
2.08144e-03,0.03,0.03
2.08152e-03,0.03,-0.01
2.08160e-03,0.01,0.05
2.08168e-03,0.03,-0.03
2.08176e-03,0.03,0.05
2.08184e-03,0.01,-0.01
2.08192e-03,0.03,0.05
2.08200e-03,0.03,-0.01
2.08208e-03,0.03,0.05
2.08216e-03,0.03,-0.01
2.08224e-03,0.03,0.05
2.08232e-03,0.03,-0.01
2.08240e-03,0.01,0.05
2.08248e-03,0.03,-0.01
2.08256e-03,0.03,0.05
2.08264e-03,0.03,-0.03
2.08272e-03,0.03,0.05
2.08280e-03,0.01,-0.01
2.08288e-03,0.03,0.05
2.08296e-03,0.03,-0.01
2.08304e-03,0.03,0.05
2.08312e-03,0.03,-0.03
2.08320e-03,0.03,0.05
2.08328e-03,0.03,-0.01
2.08336e-03,0.03,0.05
2.08344e-03,0.03,-0.01
2.08352e-03,0.03,0.05
2.08360e-03,0.01,-0.01
2.08368e-03,0.03,0.05
2.08376e-03,0.01,-0.03
2.08384e-03,0.01,0.05
2.08392e-03,0.01,-0.01
2.08400e-03,0.03,0.05
2.08408e-03,0.01,-0.03
2.08416e-03,0.01,0.05
2.08424e-03,0.01,-0.03
2.08432e-03,0.03,0.07
2.08440e-03,0.03,-0.01
2.08448e-03,0.03,0.05
2.08456e-03,0.03,-0.03
2.08464e-03,0.01,0.07
2.08472e-03,0.03,-0.03
2.08480e-03,0.01,0.05
2.08488e-03,0.03,-0.03
2.08496e-03,0.01,0.05
2.08504e-03,0.03,-0.03
2.08512e-03,0.03,0.05
2.08520e-03,0.03,-0.03
2.08528e-03,0.03,0.05
2.08536e-03,0.03,-0.01
2.08544e-03,0.09,0.05
2.08552e-03,-0.03,-0.01
2.08560e-03,-0.01,0.11
2.08568e-03,0.03,-0.17
2.08576e-03,0.01,0.11
2.08584e-03,0.03,-0.03
2.08592e-03,0.01,0.05
2.08600e-03,0.01,-0.03
2.08608e-03,0.01,0.03
2.08616e-03,0.03,-0.03
2.08624e-03,0.01,0.05
2.08632e-03,0.03,-0.01
2.08640e-03,0.03,0.05
2.08648e-03,0.03,-0.03
2.08656e-03,-0.01,0.05
2.08664e-03,0.03,-0.03
2.08672e-03,0.03,0.05
2.08680e-03,0.03,-0.01
2.08688e-03,0.03,0.03
2.08696e-03,0.01,-0.01
2.08704e-03,0.05,0.05
2.08712e-03,0.03,-0.01
2.08720e-03,0.03,0.05
2.08728e-03,0.03,-0.01
2.08736e-03,0.03,0.05
2.08744e-03,0.03,-0.03
2.08752e-03,0.03,0.05
2.08760e-03,0.05,-0.01
2.08768e-03,0.01,0.05
2.08776e-03,0.03,-0.03
2.08784e-03,0.03,0.05
2.08792e-03,0.03,-0.01
2.08800e-03,0.03,0.05
2.08808e-03,0.03,-0.01
2.08816e-03,0.03,0.05
2.08824e-03,0.01,-0.01
2.08832e-03,0.03,0.05
2.08840e-03,0.03,-0.01
2.08848e-03,0.05,0.05
2.08856e-03,0.03,-0.01
2.08864e-03,0.03,0.05
2.08872e-03,0.03,-0.01
2.08880e-03,0.03,0.05
2.08888e-03,0.03,-0.01
2.08896e-03,0.03,0.05
2.08904e-03,0.05,-0.01
2.08912e-03,0.03,0.05
2.08920e-03,0.03,-0.01
2.08928e-03,0.01,0.05
2.08936e-03,0.03,-0.01
2.08944e-03,0.05,0.05
2.08952e-03,0.03,-0.01
2.08960e-03,0.03,0.05
2.08968e-03,0.01,-0.01
2.08976e-03,0.03,0.05
2.08984e-03,0.01,-0.01
2.08992e-03,0.03,0.05
2.09000e-03,0.03,-0.01
2.09008e-03,0.03,0.05
2.09016e-03,0.03,-0.01
2.09024e-03,0.01,0.05
2.09032e-03,0.03,-0.01
2.09040e-03,0.03,0.05
2.09048e-03,0.05,-0.03
2.09056e-03,0.03,0.05
2.09064e-03,0.03,-0.01
2.09072e-03,0.03,0.05
2.09080e-03,0.03,-0.01
2.09088e-03,0.05,0.05
2.09096e-03,-0.01,-0.03
2.09104e-03,0.03,0.05
2.09112e-03,0.03,-0.03
2.09120e-03,0.03,0.05
2.09128e-03,0.03,-0.03
2.09136e-03,0.03,0.05
2.09144e-03,0.03,-0.01
2.09152e-03,0.01,0.05
2.09160e-03,0.03,-0.01
2.09168e-03,0.03,0.05
2.09176e-03,0.03,-0.03
2.09184e-03,0.01,0.05
2.09192e-03,0.03,-0.01
2.09200e-03,0.01,0.05
2.09208e-03,0.03,-0.03
2.09216e-03,0.05,0.05
2.09224e-03,0.03,-0.03
2.09232e-03,0.05,0.05
2.09240e-03,0.03,-0.03
2.09248e-03,0.03,0.07
2.09256e-03,0.03,-0.03
2.09264e-03,0.01,0.05
2.09272e-03,0.01,-0.01
2.09280e-03,0.05,0.05
2.09288e-03,0.03,-0.03
2.09296e-03,0.01,0.07
2.09304e-03,0.03,-0.03
2.09312e-03,0.01,0.05
2.09320e-03,0.03,-0.01
2.09328e-03,0.01,0.05
2.09336e-03,0.03,-0.03
2.09344e-03,0.03,0.05
2.09352e-03,0.03,-0.01
2.09360e-03,0.01,0.05
2.09368e-03,0.01,-0.01
2.09376e-03,0.03,0.05
2.09384e-03,0.01,-0.01
2.09392e-03,0.03,0.05
2.09400e-03,0.03,-0.01
2.09408e-03,0.03,0.05
2.09416e-03,0.01,-0.01
2.09424e-03,0.03,0.05
2.09432e-03,0.03,-0.01
2.09440e-03,0.03,0.05
2.09448e-03,0.05,-0.03
2.09456e-03,0.01,0.05
2.09464e-03,0.03,-0.01
2.09472e-03,0.03,0.05
2.09480e-03,0.05,-0.01
2.09488e-03,0.03,0.05
2.09496e-03,0.03,-0.01
2.09504e-03,0.03,0.05
2.09512e-03,0.03,-0.01
2.09520e-03,0.03,0.05
2.09528e-03,0.03,-0.01
2.09536e-03,0.03,0.05
2.09544e-03,0.03,-0.01
2.09552e-03,0.03,0.05
2.09560e-03,0.03,-0.03
2.09568e-03,0.01,0.07
2.09576e-03,0.05,-0.01
2.09584e-03,0.03,0.05
2.09592e-03,0.05,-0.01
2.09600e-03,0.03,0.05
2.09608e-03,0.03,-0.01
2.09616e-03,0.03,0.05
2.09624e-03,0.03,-0.01
2.09632e-03,0.03,0.05
2.09640e-03,0.03,-0.03
2.09648e-03,0.01,0.05
2.09656e-03,0.01,-0.01
2.09664e-03,0.03,0.05
2.09672e-03,0.03,-0.03
2.09680e-03,0.03,0.05
2.09688e-03,0.03,-0.03
2.09696e-03,0.03,0.07
2.09704e-03,0.03,-0.03
2.09712e-03,0.03,0.05
2.09720e-03,0.03,-0.01
2.09728e-03,0.03,0.05
2.09736e-03,0.05,-0.01
2.09744e-03,0.03,0.05
2.09752e-03,0.03,-0.01
2.09760e-03,0.05,0.05
2.09768e-03,0.03,-0.01
2.09776e-03,0.03,0.05
2.09784e-03,0.05,-0.01
2.09792e-03,0.01,0.05
2.09800e-03,0.03,-0.03
2.09808e-03,0.03,0.07
2.09816e-03,0.03,-0.03
2.09824e-03,0.03,0.07
2.09832e-03,0.03,-0.01
2.09840e-03,0.03,0.05
2.09848e-03,0.03,-0.01
2.09856e-03,0.03,0.05
2.09864e-03,0.03,-0.01
2.09872e-03,0.03,0.05
2.09880e-03,0.03,-0.01
2.09888e-03,0.03,0.05
2.09896e-03,0.03,-0.01
2.09904e-03,0.03,0.05
2.09912e-03,0.01,-0.01
2.09920e-03,0.03,0.05
2.09928e-03,0.03,-0.01
2.09936e-03,0.03,0.05
2.09944e-03,0.05,-0.01
2.09952e-03,0.03,0.05
2.09960e-03,0.03,-0.01
2.09968e-03,0.03,0.05
2.09976e-03,0.03,-0.01
2.09984e-03,0.03,0.05
2.09992e-03,0.05,-0.01
2.10000e-03,0.05,0.05
2.10008e-03,0.03,-0.01
2.10016e-03,0.05,0.05
2.10024e-03,0.03,-0.01
2.10032e-03,0.05,0.05
2.10040e-03,0.03,-0.01
2.10048e-03,0.03,0.05
2.10056e-03,0.01,-0.03
2.10064e-03,0.03,0.05
2.10072e-03,0.05,-0.01
2.10080e-03,0.01,0.05
2.10088e-03,0.05,-0.03
2.10096e-03,0.03,0.07
2.10104e-03,0.03,-0.03
2.10112e-03,0.01,0.05
2.10120e-03,0.03,-0.03
2.10128e-03,0.03,0.07
2.10136e-03,0.03,-0.03
2.10144e-03,0.05,0.07
2.10152e-03,0.01,-0.01
2.10160e-03,0.05,0.05
2.10168e-03,0.03,-0.01
2.10176e-03,0.03,0.07
2.10184e-03,0.03,-0.03
2.10192e-03,0.03,0.05
2.10200e-03,0.03,-0.01
2.10208e-03,0.03,0.05
2.10216e-03,0.03,-0.01
2.10224e-03,0.01,0.05
2.10232e-03,0.03,-0.03
2.10240e-03,0.01,0.05
2.10248e-03,0.05,-0.01
2.10256e-03,0.03,0.05
2.10264e-03,0.03,-0.01
2.10272e-03,0.03,0.05
2.10280e-03,0.03,-0.01
2.10288e-03,0.03,0.05
2.10296e-03,0.03,-0.01
2.10304e-03,0.03,0.05
2.10312e-03,0.03,-0.01
2.10320e-03,0.03,0.05
2.10328e-03,0.03,-0.01
2.10336e-03,0.03,0.05
2.10344e-03,0.03,-0.01
2.10352e-03,0.03,0.05
2.10360e-03,0.05,-0.01
2.10368e-03,0.01,0.05
2.10376e-03,0.05,-0.01
2.10384e-03,0.03,0.05
2.10392e-03,0.03,-0.01
2.10400e-03,0.03,0.05
2.10408e-03,0.03,-0.01
2.10416e-03,0.03,0.05
2.10424e-03,0.03,-0.01
2.10432e-03,0.05,0.05
2.10440e-03,0.03,-0.03
2.10448e-03,0.05,0.05
2.10456e-03,0.05,-0.01
2.10464e-03,0.03,0.07
2.10472e-03,0.03,-0.01
2.10480e-03,0.03,0.05
2.10488e-03,0.03,-0.01
2.10496e-03,0.03,0.05
2.10504e-03,0.03,-0.01
2.10512e-03,0.01,0.05
2.10520e-03,0.03,-0.01
2.10528e-03,0.03,0.05
2.10536e-03,0.03,-0.01
2.10544e-03,0.03,0.05
2.10552e-03,0.03,-0.01
2.10560e-03,0.05,0.05
2.10568e-03,0.01,-0.01
2.10576e-03,0.03,0.05
2.10584e-03,0.01,-0.01
2.10592e-03,0.03,0.05
2.10600e-03,0.01,-0.03
2.10608e-03,0.03,0.05
2.10616e-03,0.03,-0.03
2.10624e-03,0.01,0.05
2.10632e-03,0.07,-0.01
2.10640e-03,0.03,0.05
2.10648e-03,0.03,-0.03
2.10656e-03,0.03,0.07
2.10664e-03,0.01,-0.03
2.10672e-03,0.03,0.05
2.10680e-03,0.03,-0.03
2.10688e-03,0.05,0.07
2.10696e-03,0.01,-0.01
2.10704e-03,0.03,0.05
2.10712e-03,0.03,-0.01
2.10720e-03,0.03,0.05
2.10728e-03,0.03,-0.01
2.10736e-03,0.01,0.05
2.10744e-03,0.03,-0.01
2.10752e-03,0.03,0.05
2.10760e-03,0.03,-0.01
2.10768e-03,0.01,0.05
2.10776e-03,0.03,-0.01
2.10784e-03,0.03,0.05
2.10792e-03,0.03,-0.01
2.10800e-03,0.03,0.07
2.10808e-03,0.03,-0.01
2.10816e-03,0.03,0.05
2.10824e-03,0.03,-0.01
2.10832e-03,0.03,0.05
2.10840e-03,0.03,-0.03
2.10848e-03,0.07,0.05
2.10856e-03,0.03,-0.03
2.10864e-03,0.03,0.07
2.10872e-03,0.01,-0.03
2.10880e-03,0.05,0.07
2.10888e-03,0.05,-0.01
2.10896e-03,0.01,0.07
2.10904e-03,0.05,-0.03
2.10912e-03,0.01,0.05
2.10920e-03,0.03,-0.03
2.10928e-03,0.01,0.07
2.10936e-03,0.03,-0.01
2.10944e-03,0.03,0.05
2.10952e-03,0.03,-0.01
2.10960e-03,0.03,0.05
2.10968e-03,0.03,-0.01
2.10976e-03,0.05,0.07
2.10984e-03,0.03,-0.01
2.10992e-03,0.03,0.05
2.11000e-03,0.03,-0.01
2.11008e-03,0.05,0.05
2.11016e-03,0.05,-0.01
2.11024e-03,0.03,0.05
2.11032e-03,0.03,-0.01
2.11040e-03,0.03,0.05
2.11048e-03,0.05,-0.03
2.11056e-03,0.03,0.07
2.11064e-03,0.03,-0.01
2.11072e-03,0.03,0.05
2.11080e-03,0.03,-0.03
2.11088e-03,0.03,0.05
2.11096e-03,0.03,-0.01
2.11104e-03,0.03,0.05
2.11112e-03,0.03,-0.01
2.11120e-03,0.03,0.05
2.11128e-03,0.01,-0.01
2.11136e-03,0.01,0.05
2.11144e-03,0.03,-0.03
2.11152e-03,0.03,0.05
2.11160e-03,0.03,-0.01
2.11168e-03,0.01,0.05
2.11176e-03,0.03,-0.03
2.11184e-03,0.01,0.05
2.11192e-03,0.03,-0.01
2.11200e-03,0.03,0.05
2.11208e-03,0.03,-0.01
2.11216e-03,0.03,0.05
2.11224e-03,0.01,-0.01
2.11232e-03,0.03,0.05
2.11240e-03,-0.01,-0.03
2.11248e-03,0.05,0.07
2.11256e-03,0.03,-0.03
2.11264e-03,0.03,0.05
2.11272e-03,0.05,-0.01
2.11280e-03,0.03,0.05
2.11288e-03,0.03,-0.01
2.11296e-03,0.01,0.05
2.11304e-03,0.03,-0.01
2.11312e-03,0.03,0.05
2.11320e-03,0.03,-0.01
2.11328e-03,0.01,0.05
2.11336e-03,0.03,-0.01
2.11344e-03,0.03,0.05
2.11352e-03,0.03,-0.01
2.11360e-03,0.01,0.05
2.11368e-03,0.01,-0.01
2.11376e-03,0.05,0.05
2.11384e-03,0.03,-0.03
2.11392e-03,0.03,0.05
2.11400e-03,0.03,-0.01
2.11408e-03,0.03,0.05
2.11416e-03,0.05,-0.01
2.11424e-03,0.01,0.07
2.11432e-03,0.05,-0.01
2.11440e-03,0.03,0.05
2.11448e-03,0.03,-0.01
2.11456e-03,0.03,0.05
2.11464e-03,0.05,-0.01
2.11472e-03,0.03,0.05
2.11480e-03,0.03,-0.01
2.11488e-03,0.03,0.05
2.11496e-03,0.01,-0.03
2.11504e-03,0.03,0.05
2.11512e-03,0.03,-0.03
2.11520e-03,0.03,0.05
2.11528e-03,0.03,-0.01
2.11536e-03,0.01,0.05
2.11544e-03,0.05,-0.03
2.11552e-03,0.01,0.05
2.11560e-03,0.01,-0.01
2.11568e-03,0.03,0.05
2.11576e-03,0.03,-0.01
2.11584e-03,0.03,0.05
2.11592e-03,0.03,-0.01
2.11600e-03,0.05,0.05
2.11608e-03,0.03,-0.01
2.11616e-03,0.03,0.05
2.11624e-03,0.03,-0.01
2.11632e-03,0.05,0.05
2.11640e-03,0.01,-0.01
2.11648e-03,0.03,0.05
2.11656e-03,0.01,-0.01
2.11664e-03,0.03,0.05
2.11672e-03,0.03,-0.01
2.11680e-03,0.03,0.05
2.11688e-03,0.03,-0.01
2.11696e-03,0.01,0.05
2.11704e-03,0.03,-0.03
2.11712e-03,0.01,0.05
2.11720e-03,0.03,-0.03
2.11728e-03,0.03,0.07
2.11736e-03,0.03,-0.01
2.11744e-03,0.03,0.07
2.11752e-03,0.01,-0.01
2.11760e-03,0.05,0.05
2.11768e-03,0.01,-0.01
2.11776e-03,0.03,0.05
2.11784e-03,0.01,-0.01
2.11792e-03,0.05,0.05
2.11800e-03,0.03,-0.01
2.11808e-03,0.03,0.05
2.11816e-03,0.05,-0.01
2.11824e-03,0.03,0.05
2.11832e-03,0.03,-0.01
2.11840e-03,0.03,0.05
2.11848e-03,0.03,-0.01
2.11856e-03,0.01,0.05
2.11864e-03,0.03,-0.01
2.11872e-03,0.03,0.05
2.11880e-03,0.01,-0.01
2.11888e-03,0.03,0.05
2.11896e-03,0.03,-0.01
2.11904e-03,0.03,0.05
2.11912e-03,0.03,-0.01
2.11920e-03,0.03,0.05
2.11928e-03,0.05,-0.01
2.11936e-03,0.01,0.05
2.11944e-03,0.03,-0.01
2.11952e-03,0.03,0.05
2.11960e-03,0.03,-0.03
2.11968e-03,0.01,0.05
2.11976e-03,0.05,-0.03
2.11984e-03,0.01,0.05
2.11992e-03,0.03,-0.01
2.12000e-03,0.03,0.05
2.12008e-03,0.05,-0.03
2.12016e-03,0.03,0.05
2.12024e-03,0.01,-0.03
2.12032e-03,0.03,0.05
2.12040e-03,0.01,-0.01
2.12048e-03,0.03,0.05
2.12056e-03,0.01,-0.01
2.12064e-03,0.01,0.05
2.12072e-03,0.03,-0.01
2.12080e-03,0.01,0.05
2.12088e-03,0.03,-0.01
2.12096e-03,0.01,0.05
2.12104e-03,0.03,-0.01
2.12112e-03,0.01,0.05
2.12120e-03,0.05,-0.03
2.12128e-03,0.03,0.05
2.12136e-03,0.03,-0.01
2.12144e-03,0.03,0.05
2.12152e-03,0.03,-0.03
2.12160e-03,0.05,0.05
2.12168e-03,0.01,-0.01
2.12176e-03,0.05,0.05
2.12184e-03,0.01,-0.03
2.12192e-03,0.03,0.07
2.12200e-03,0.03,-0.01
2.12208e-03,0.03,0.05
2.12216e-03,0.03,-0.01
2.12224e-03,0.01,0.05
2.12232e-03,0.05,-0.01
2.12240e-03,0.03,0.05
2.12248e-03,0.03,-0.01
2.12256e-03,0.01,0.05
2.12264e-03,0.03,-0.01
2.12272e-03,0.05,0.05
2.12280e-03,0.03,-0.03
2.12288e-03,0.03,0.05
2.12296e-03,0.01,-0.01
2.12304e-03,0.05,0.07
2.12312e-03,0.01,-0.01
2.12320e-03,0.05,0.05
2.12328e-03,0.03,-0.03
2.12336e-03,0.03,0.05
2.12344e-03,0.03,-0.01
2.12352e-03,0.01,0.05
2.12360e-03,0.03,-0.03
2.12368e-03,0.01,0.05
2.12376e-03,0.03,-0.01
2.12384e-03,0.01,0.05
2.12392e-03,0.03,-0.01
2.12400e-03,0.03,0.07
2.12408e-03,0.01,-0.03
2.12416e-03,0.03,0.05
2.12424e-03,0.03,-0.01
2.12432e-03,0.01,0.05
2.12440e-03,0.01,-0.01
2.12448e-03,0.03,0.05
2.12456e-03,0.01,-0.01
2.12464e-03,0.03,0.05
2.12472e-03,0.03,-0.03
2.12480e-03,0.01,0.07
2.12488e-03,0.03,-0.01
2.12496e-03,0.03,0.05
2.12504e-03,0.07,-0.03
2.12512e-03,0.01,0.07
2.12520e-03,0.03,-0.03
2.12528e-03,0.01,0.07
2.12536e-03,0.03,-0.03
2.12544e-03,0.03,0.07
2.12552e-03,0.03,-0.01
2.12560e-03,0.03,0.05
2.12568e-03,0.03,-0.01
2.12576e-03,0.05,0.05
2.12584e-03,0.01,-0.03
2.12592e-03,0.03,0.05
2.12600e-03,0.03,-0.01
2.12608e-03,0.03,0.07
2.12616e-03,0.05,-0.01
2.12624e-03,0.03,0.05
2.12632e-03,0.05,-0.03
2.12640e-03,0.01,0.05
2.12648e-03,0.03,-0.01
2.12656e-03,0.03,0.05
2.12664e-03,0.03,-0.01
2.12672e-03,0.03,0.05
2.12680e-03,0.03,-0.01
2.12688e-03,0.03,0.05
2.12696e-03,0.03,-0.01
2.12704e-03,0.03,0.05
2.12712e-03,0.03,-0.03
2.12720e-03,0.05,0.07
2.12728e-03,0.03,-0.01
2.12736e-03,0.03,0.05
2.12744e-03,0.03,-0.01
2.12752e-03,0.03,0.07
2.12760e-03,0.03,-0.01
2.12768e-03,0.01,0.05
2.12776e-03,0.03,-0.01
2.12784e-03,0.03,0.05
2.12792e-03,0.03,-0.03
2.12800e-03,0.05,0.05
2.12808e-03,0.01,-0.01
2.12816e-03,0.03,0.05
2.12824e-03,0.01,-0.01
2.12832e-03,0.03,0.05
2.12840e-03,0.03,-0.03
2.12848e-03,0.03,0.05
2.12856e-03,0.05,-0.03
2.12864e-03,0.03,0.05
2.12872e-03,0.03,-0.01
2.12880e-03,0.01,0.05
2.12888e-03,0.03,-0.09
2.12896e-03,0.03,0.05
2.12904e-03,0.03,-0.03
2.12912e-03,0.01,0.07
2.12920e-03,0.03,-0.03
2.12928e-03,0.03,0.05
2.12936e-03,0.01,-0.01
2.12944e-03,0.03,0.05
2.12952e-03,0.03,-0.01
2.12960e-03,0.03,0.05
2.12968e-03,0.03,-0.01
2.12976e-03,0.05,0.05
2.12984e-03,0.03,-0.01
2.12992e-03,0.03,0.05
2.13000e-03,0.03,-0.03
2.13008e-03,0.01,0.05
2.13016e-03,0.05,-0.03
2.13024e-03,0.01,0.05
2.13032e-03,0.03,-0.01
2.13040e-03,0.03,0.05
2.13048e-03,0.01,-0.03
2.13056e-03,0.05,0.05
2.13064e-03,0.01,-0.01
2.13072e-03,0.01,0.05
2.13080e-03,0.01,-0.03
2.13088e-03,0.03,0.05
2.13096e-03,0.01,-0.01
2.13104e-03,0.05,0.05
2.13112e-03,0.03,-0.01
2.13120e-03,0.03,0.05
2.13128e-03,0.03,-0.03
2.13136e-03,0.01,0.05
2.13144e-03,0.03,-0.01
2.13152e-03,0.03,0.05
2.13160e-03,0.05,-0.01
2.13168e-03,0.01,0.05
2.13176e-03,0.01,-0.01
2.13184e-03,0.03,0.05
2.13192e-03,0.01,-0.01
2.13200e-03,0.03,0.05
2.13208e-03,0.03,-0.01
2.13216e-03,0.03,0.05
2.13224e-03,0.01,-0.01
2.13232e-03,0.03,0.05
2.13240e-03,0.03,-0.03
2.13248e-03,0.03,0.05
2.13256e-03,0.03,-0.01
2.13264e-03,0.03,0.05
2.13272e-03,0.03,-0.01
2.13280e-03,0.03,0.05
2.13288e-03,0.03,-0.01
2.13296e-03,0.03,0.03
2.13304e-03,0.03,-0.03
2.13312e-03,0.03,0.05
2.13320e-03,0.03,-0.01
2.13328e-03,0.05,0.03
2.13336e-03,0.05,-0.03
2.13344e-03,0.01,0.05
2.13352e-03,0.01,-0.03
2.13360e-03,0.03,0.07
2.13368e-03,0.03,-0.01
2.13376e-03,0.03,0.05
2.13384e-03,0.01,-0.03
2.13392e-03,0.03,0.05
2.13400e-03,0.03,-0.01
2.13408e-03,0.03,0.05
2.13416e-03,0.03,-0.03
2.13424e-03,0.03,0.05
2.13432e-03,0.01,-0.03
2.13440e-03,0.01,0.05
2.13448e-03,0.03,-0.03
2.13456e-03,0.03,0.07
2.13464e-03,0.03,-0.03
2.13472e-03,0.03,0.05
2.13480e-03,0.03,-0.01
2.13488e-03,0.03,0.05
2.13496e-03,-0.01,-0.01
2.13504e-03,0.05,0.05
2.13512e-03,0.01,-0.03
2.13520e-03,0.03,0.05
2.13528e-03,0.03,-0.03
2.13536e-03,0.03,0.05
2.13544e-03,0.03,-0.03
2.13552e-03,0.07,0.05
2.13560e-03,0.01,-0.01
2.13568e-03,0.03,0.11
2.13576e-03,0.05,-0.05
2.13584e-03,0.03,0.13
2.13592e-03,0.05,-0.03
2.13600e-03,0.05,0.05
2.13608e-03,0.01,-0.01
2.13616e-03,0.03,0.05
2.13624e-03,0.01,-0.03
2.13632e-03,0.03,0.05
2.13640e-03,0.01,-0.03
2.13648e-03,0.03,0.05
2.13656e-03,0.03,-0.01
2.13664e-03,0.03,0.07
2.13672e-03,0.03,-0.01
2.13680e-03,0.03,0.05
2.13688e-03,0.05,-0.01
2.13696e-03,0.03,0.05
2.13704e-03,0.03,-0.01
2.13712e-03,0.03,0.05
2.13720e-03,0.05,-0.01
2.13728e-03,0.03,0.05
2.13736e-03,0.05,-0.01
2.13744e-03,0.03,0.05
2.13752e-03,0.03,-0.03
2.13760e-03,0.05,0.05
2.13768e-03,0.01,-0.01
2.13776e-03,0.05,0.05
2.13784e-03,0.03,-0.01
2.13792e-03,0.03,0.05
2.13800e-03,0.03,-0.03
2.13808e-03,0.03,0.05
2.13816e-03,0.03,-0.01
2.13824e-03,0.03,0.05
2.13832e-03,0.03,-0.03
2.13840e-03,0.01,0.05
2.13848e-03,0.05,-0.03
2.13856e-03,0.03,0.07
2.13864e-03,0.03,-0.03
2.13872e-03,0.03,0.05
2.13880e-03,0.03,-0.03
2.13888e-03,0.05,0.07
2.13896e-03,0.03,-0.01
2.13904e-03,0.03,0.05
2.13912e-03,0.03,-0.01
2.13920e-03,0.03,0.05
2.13928e-03,0.05,-0.03
2.13936e-03,0.03,0.05
2.13944e-03,0.03,-0.01
2.13952e-03,0.01,0.05
2.13960e-03,0.03,-0.01
2.13968e-03,0.03,0.07
2.13976e-03,0.03,-0.01
2.13984e-03,0.01,0.05
2.13992e-03,0.03,-0.01
2.14000e-03,0.03,0.05
2.14008e-03,0.03,-0.01
2.14016e-03,0.03,0.05
2.14024e-03,0.01,-0.03
2.14032e-03,0.03,0.05
2.14040e-03,0.01,-0.01
2.14048e-03,0.03,0.05
2.14056e-03,0.03,-0.01
2.14064e-03,0.03,0.05
2.14072e-03,0.03,-0.01
2.14080e-03,0.01,0.05
2.14088e-03,0.03,-0.01
2.14096e-03,0.01,0.05
2.14104e-03,0.03,-0.01
2.14112e-03,0.01,0.05
2.14120e-03,0.03,-0.01
2.14128e-03,0.01,0.05
2.14136e-03,0.05,-0.01
2.14144e-03,0.05,0.05
2.14152e-03,0.03,-0.03
2.14160e-03,0.03,0.07
2.14168e-03,-0.01,-0.03
2.14176e-03,0.03,0.07
2.14184e-03,0.03,-0.03
2.14192e-03,0.03,0.07
2.14200e-03,0.03,-0.03
2.14208e-03,0.03,0.05
2.14216e-03,0.03,-0.03
2.14224e-03,0.01,0.07
2.14232e-03,0.03,-0.01
2.14240e-03,0.03,0.05
2.14248e-03,0.03,-0.01
2.14256e-03,0.03,0.05
2.14264e-03,0.03,-0.01
2.14272e-03,0.05,0.05
2.14280e-03,0.01,-0.01
2.14288e-03,0.05,0.07
2.14296e-03,0.01,-0.01
2.14304e-03,0.03,0.07
2.14312e-03,0.01,-0.01
2.14320e-03,0.03,0.05
2.14328e-03,0.05,-0.03
2.14336e-03,0.03,0.05
2.14344e-03,0.03,-0.01
2.14352e-03,0.03,0.05
2.14360e-03,0.03,-0.03
2.14368e-03,0.01,0.05
2.14376e-03,0.05,-0.01
2.14384e-03,0.01,0.05
2.14392e-03,0.03,-0.01
2.14400e-03,0.01,0.05
2.14408e-03,0.03,-0.01
2.14416e-03,0.03,0.05
2.14424e-03,0.03,-0.03
2.14432e-03,0.03,0.05
2.14440e-03,0.01,-0.01
2.14448e-03,0.05,0.05
2.14456e-03,0.01,-0.01
2.14464e-03,0.03,0.05
2.14472e-03,0.03,-0.03
2.14480e-03,0.03,0.05
2.14488e-03,0.03,-0.01
2.14496e-03,0.01,0.05
2.14504e-03,0.05,-0.01
2.14512e-03,0.03,0.05
2.14520e-03,0.05,-0.01
2.14528e-03,0.03,0.05
2.14536e-03,0.01,-0.03
2.14544e-03,0.03,0.05
2.14552e-03,0.01,-0.01
2.14560e-03,0.03,0.05
2.14568e-03,0.01,-0.01
2.14576e-03,0.05,0.05
2.14584e-03,0.03,-0.01
2.14592e-03,0.03,0.05
2.14600e-03,0.03,-0.01
2.14608e-03,0.03,0.05
2.14616e-03,0.05,-0.01
2.14624e-03,0.03,0.05
2.14632e-03,0.05,-0.01
2.14640e-03,-0.01,0.05
2.14648e-03,0.03,-0.03
2.14656e-03,0.01,0.05
2.14664e-03,0.03,-0.03
2.14672e-03,0.03,0.05
2.14680e-03,0.01,-0.01
2.14688e-03,0.03,0.05
2.14696e-03,0.03,-0.03
2.14704e-03,0.03,0.05
2.14712e-03,0.01,-0.01
2.14720e-03,0.03,0.07
2.14728e-03,0.03,-0.01
2.14736e-03,0.03,0.05
2.14744e-03,0.03,-0.01
2.14752e-03,0.03,0.05
2.14760e-03,0.05,-0.01
2.14768e-03,0.01,0.05
2.14776e-03,0.03,-0.01
2.14784e-03,0.03,0.05
2.14792e-03,0.03,-0.01
2.14800e-03,0.05,0.05
2.14808e-03,0.01,-0.03
2.14816e-03,0.05,0.05
2.14824e-03,0.01,-0.01
2.14832e-03,0.03,0.05
2.14840e-03,0.03,-0.01
2.14848e-03,0.03,0.05
2.14856e-03,0.03,-0.01
2.14864e-03,0.05,0.05
2.14872e-03,0.03,-0.01
2.14880e-03,0.01,0.05
2.14888e-03,0.03,-0.01
2.14896e-03,0.03,0.07
2.14904e-03,0.05,-0.03
2.14912e-03,0.03,0.05
2.14920e-03,0.03,-0.01
2.14928e-03,0.03,0.05
2.14936e-03,0.03,-0.03
2.14944e-03,0.05,0.05
2.14952e-03,0.03,-0.01
2.14960e-03,0.03,0.05
2.14968e-03,0.01,-0.01
2.14976e-03,0.03,0.05
2.14984e-03,0.01,-0.03
2.14992e-03,0.03,0.05
2.15000e-03,0.05,-0.03
2.15008e-03,0.05,0.05
2.15016e-03,0.05,-0.03
2.15024e-03,0.01,0.07
2.15032e-03,0.05,-0.03
2.15040e-03,0.01,0.05
2.15048e-03,0.05,-0.01
2.15056e-03,0.05,0.05
2.15064e-03,0.03,-0.01
2.15072e-03,0.05,0.05
2.15080e-03,0.03,-0.01
2.15088e-03,0.03,0.05
2.15096e-03,0.01,-0.01
2.15104e-03,0.03,0.05
2.15112e-03,0.01,-0.03
2.15120e-03,0.05,0.05
2.15128e-03,0.03,-0.03
2.15136e-03,0.03,0.05
2.15144e-03,0.03,-0.01
2.15152e-03,0.03,0.05
2.15160e-03,0.03,-0.01
2.15168e-03,0.03,0.05
2.15176e-03,0.03,-0.01
2.15184e-03,0.03,0.05
2.15192e-03,0.03,-0.03
2.15200e-03,0.03,0.05
2.15208e-03,0.01,-0.03
2.15216e-03,0.03,0.07
2.15224e-03,0.01,-0.03
2.15232e-03,0.03,0.05
2.15240e-03,0.03,-0.03
2.15248e-03,0.05,0.07
2.15256e-03,0.03,-0.01
2.15264e-03,0.03,0.05
2.15272e-03,0.05,-0.03
2.15280e-03,0.03,0.05
2.15288e-03,0.03,-0.01
2.15296e-03,0.01,0.05
2.15304e-03,0.05,-0.03
2.15312e-03,0.03,0.05
2.15320e-03,0.03,-0.01
2.15328e-03,0.03,0.05
2.15336e-03,0.03,-0.03
2.15344e-03,0.03,0.05
2.15352e-03,0.03,-0.01
2.15360e-03,0.05,0.05
2.15368e-03,0.03,-0.03
2.15376e-03,0.05,0.05
2.15384e-03,0.01,-0.01
2.15392e-03,0.03,0.05
2.15400e-03,0.03,-0.01
2.15408e-03,0.01,0.05
2.15416e-03,0.03,-0.03
2.15424e-03,0.01,0.05
2.15432e-03,0.03,-0.01
2.15440e-03,-0.01,0.05
2.15448e-03,0.03,-0.03
2.15456e-03,0.03,0.05
2.15464e-03,0.05,-0.03
2.15472e-03,0.05,0.07
2.15480e-03,0.01,-0.01
2.15488e-03,0.01,0.05
2.15496e-03,0.03,-0.01
2.15504e-03,0.03,0.05
2.15512e-03,0.03,-0.03
2.15520e-03,0.03,0.07
2.15528e-03,0.03,-0.01
2.15536e-03,0.03,0.05
2.15544e-03,0.03,-0.01
2.15552e-03,0.03,0.05
2.15560e-03,0.03,-0.01
2.15568e-03,0.03,0.05
2.15576e-03,0.03,-0.03
2.15584e-03,0.01,0.05
2.15592e-03,0.03,-0.01
2.15600e-03,0.03,0.05
2.15608e-03,0.03,-0.01
2.15616e-03,0.03,0.05
2.15624e-03,0.01,-0.01
2.15632e-03,0.03,0.05
2.15640e-03,0.01,-0.01
2.15648e-03,0.01,0.05
2.15656e-03,0.03,-0.01
2.15664e-03,0.03,0.05
2.15672e-03,0.03,-0.01
2.15680e-03,0.03,0.05
2.15688e-03,0.03,-0.01
2.15696e-03,0.01,0.05
2.15704e-03,0.03,-0.01
2.15712e-03,0.03,0.05
2.15720e-03,0.03,-0.01
2.15728e-03,0.05,0.05
2.15736e-03,0.03,-0.03
2.15744e-03,0.03,0.05
2.15752e-03,0.01,-0.01
2.15760e-03,0.05,0.07
2.15768e-03,0.01,-0.03
2.15776e-03,0.03,0.07
2.15784e-03,0.01,-0.01
2.15792e-03,0.01,0.05
2.15800e-03,0.05,-0.03
2.15808e-03,0.05,0.07
2.15816e-03,0.05,-0.03
2.15824e-03,0.01,0.05
2.15832e-03,0.03,-0.03
2.15840e-03,0.03,0.05
2.15848e-03,0.03,-0.03
2.15856e-03,0.03,0.05
2.15864e-03,0.03,-0.01
2.15872e-03,0.05,0.05
2.15880e-03,0.03,-0.01
2.15888e-03,0.03,0.05
2.15896e-03,0.01,-0.01
2.15904e-03,0.03,0.05
2.15912e-03,0.03,-0.01
2.15920e-03,0.01,0.05
2.15928e-03,0.03,-0.01
2.15936e-03,0.03,0.05
2.15944e-03,0.03,-0.01
2.15952e-03,0.03,0.05
2.15960e-03,0.03,-0.01
2.15968e-03,0.01,0.05
2.15976e-03,0.03,-0.01
2.15984e-03,0.03,0.07
2.15992e-03,0.03,-0.01
2.16000e-03,0.05,0.05
2.16008e-03,0.01,-0.01
2.16016e-03,0.03,0.05
2.16024e-03,0.03,-0.01
2.16032e-03,0.05,0.05
2.16040e-03,0.01,-0.03
2.16048e-03,0.03,0.05
2.16056e-03,0.01,-0.03
2.16064e-03,0.01,0.05
2.16072e-03,0.03,-0.03
2.16080e-03,0.01,0.05
2.16088e-03,0.05,-0.03
2.16096e-03,0.01,0.05
2.16104e-03,0.03,-0.01
2.16112e-03,0.01,0.05
2.16120e-03,0.03,-0.03
2.16128e-03,0.03,0.05
2.16136e-03,0.03,-0.01
2.16144e-03,0.03,0.05
2.16152e-03,0.03,-0.01
2.16160e-03,0.03,0.05
2.16168e-03,0.03,-0.01
2.16176e-03,0.03,0.05
2.16184e-03,0.01,-0.03
2.16192e-03,0.03,0.07
2.16200e-03,0.03,-0.03
2.16208e-03,0.01,0.05
2.16216e-03,0.05,-0.03
2.16224e-03,0.03,0.05
2.16232e-03,0.03,-0.03
2.16240e-03,0.03,0.05
2.16248e-03,0.03,-0.03
2.16256e-03,0.05,0.05
2.16264e-03,0.03,-0.01
2.16272e-03,0.05,0.05
2.16280e-03,0.03,-0.01
2.16288e-03,0.05,0.05
2.16296e-03,0.01,-0.01
2.16304e-03,0.03,0.05
2.16312e-03,0.03,-0.03
2.16320e-03,0.03,0.05
2.16328e-03,0.03,-0.03
2.16336e-03,0.01,0.05
2.16344e-03,0.03,-0.03
2.16352e-03,0.03,0.05
2.16360e-03,0.03,-0.01
2.16368e-03,0.03,0.05
2.16376e-03,0.01,-0.03
2.16384e-03,0.01,0.05
2.16392e-03,0.03,-0.03
2.16400e-03,0.03,0.05
2.16408e-03,0.01,-0.01
2.16416e-03,0.03,0.05
2.16424e-03,0.01,-0.01
2.16432e-03,0.03,0.05
2.16440e-03,0.01,-0.01
2.16448e-03,0.05,0.05
2.16456e-03,0.01,-0.01
2.16464e-03,0.03,0.05
2.16472e-03,0.03,-0.03
2.16480e-03,0.01,0.05
2.16488e-03,0.03,-0.01
2.16496e-03,0.03,0.05
2.16504e-03,0.03,-0.01
2.16512e-03,0.01,0.05
2.16520e-03,0.01,-0.01
2.16528e-03,0.03,0.05
2.16536e-03,0.01,-0.01
2.16544e-03,0.03,0.05
2.16552e-03,0.03,-0.01
2.16560e-03,0.03,0.05
2.16568e-03,0.03,-0.01
2.16576e-03,0.03,0.05
2.16584e-03,0.03,-0.03
2.16592e-03,0.03,0.05
2.16600e-03,0.03,-0.01
2.16608e-03,0.03,0.05
2.16616e-03,0.05,-0.03
2.16624e-03,0.01,0.05
2.16632e-03,0.03,-0.03
2.16640e-03,0.01,0.05
2.16648e-03,0.03,-0.03
2.16656e-03,0.05,0.07
2.16664e-03,0.05,-0.03
2.16672e-03,0.05,0.05
2.16680e-03,0.01,-0.03
2.16688e-03,0.03,0.05
2.16696e-03,0.01,-0.03
2.16704e-03,0.03,0.05
2.16712e-03,0.01,-0.03
2.16720e-03,0.03,0.05
2.16728e-03,0.03,-0.01
2.16736e-03,0.03,0.07
2.16744e-03,0.03,-0.03
2.16752e-03,0.03,0.05
2.16760e-03,0.05,-0.03
2.16768e-03,0.01,0.07
2.16776e-03,0.03,-0.01
2.16784e-03,0.03,0.05
2.16792e-03,0.01,-0.01
2.16800e-03,0.03,0.05
2.16808e-03,0.03,-0.01
2.16816e-03,0.03,0.05
2.16824e-03,0.01,-0.01
2.16832e-03,0.03,0.05
2.16840e-03,0.01,-0.03
2.16848e-03,0.03,0.05
2.16856e-03,0.03,-0.01
2.16864e-03,0.01,0.05
2.16872e-03,0.03,-0.01
2.16880e-03,0.03,0.05
2.16888e-03,0.03,-0.01
2.16896e-03,0.01,0.05
2.16904e-03,0.03,-0.03
2.16912e-03,0.01,0.05
2.16920e-03,0.03,-0.01
2.16928e-03,0.01,0.05
2.16936e-03,0.01,-0.03
2.16944e-03,0.05,0.05
2.16952e-03,0.01,-0.03
2.16960e-03,0.05,0.05
2.16968e-03,0.01,-0.01
2.16976e-03,0.03,0.05
2.16984e-03,0.01,-0.01
2.16992e-03,0.05,0.07
2.17000e-03,0.03,-0.01
2.17008e-03,0.01,0.05
2.17016e-03,0.05,-0.03
2.17024e-03,0.03,0.07
2.17032e-03,0.03,-0.01
2.17040e-03,0.01,0.05
2.17048e-03,0.03,-0.03
2.17056e-03,0.01,0.07
2.17064e-03,0.01,-0.01
2.17072e-03,0.03,0.05
2.17080e-03,0.03,-0.03
2.17088e-03,0.03,0.05
2.17096e-03,0.03,-0.01
2.17104e-03,0.03,0.05
2.17112e-03,0.01,-0.01
2.17120e-03,0.03,0.05
2.17128e-03,0.03,-0.03
2.17136e-03,0.01,0.05
2.17144e-03,0.05,-0.01
2.17152e-03,0.03,0.05
2.17160e-03,0.03,-0.01
2.17168e-03,0.01,0.05
2.17176e-03,0.03,-0.03
2.17184e-03,0.03,0.05
2.17192e-03,0.01,-0.03
2.17200e-03,0.03,0.05
2.17208e-03,0.03,-0.01
2.17216e-03,0.03,0.05
2.17224e-03,0.03,-0.01
2.17232e-03,0.03,0.05
2.17240e-03,0.01,-0.03
2.17248e-03,0.03,0.07
2.17256e-03,0.01,-0.03
2.17264e-03,0.03,0.05
2.17272e-03,0.03,-0.01
2.17280e-03,0.03,0.07
2.17288e-03,0.03,-0.03
2.17296e-03,0.01,0.05
2.17304e-03,0.03,-0.01
2.17312e-03,0.03,0.05
2.17320e-03,0.01,-0.01
2.17328e-03,0.03,0.05
2.17336e-03,0.03,-0.01
2.17344e-03,0.05,0.05
2.17352e-03,0.03,-0.01
2.17360e-03,0.03,0.05
2.17368e-03,0.01,-0.01
2.17376e-03,0.03,0.05
2.17384e-03,0.03,-0.01
2.17392e-03,0.01,0.05
2.17400e-03,0.05,-0.01
2.17408e-03,0.01,0.05
2.17416e-03,0.05,-0.03
2.17424e-03,0.01,0.05
2.17432e-03,0.03,-0.01
2.17440e-03,0.01,0.05
2.17448e-03,0.03,-0.01
2.17456e-03,0.03,0.05
2.17464e-03,0.03,-0.01
2.17472e-03,0.03,0.07
2.17480e-03,0.03,-0.03
2.17488e-03,0.03,0.07
2.17496e-03,0.03,-0.03
2.17504e-03,0.03,0.05
2.17512e-03,0.01,-0.01
2.17520e-03,0.01,0.05
2.17528e-03,0.03,-0.03
2.17536e-03,0.03,0.05
2.17544e-03,0.03,-0.01
2.17552e-03,0.03,0.05
2.17560e-03,0.03,-0.01
2.17568e-03,0.03,0.05
2.17576e-03,0.03,-0.01
2.17584e-03,0.03,0.05
2.17592e-03,0.03,-0.01
2.17600e-03,0.03,0.05
2.17608e-03,0.03,-0.03
2.17616e-03,0.03,0.05
2.17624e-03,0.03,-0.03
2.17632e-03,0.03,0.05
2.17640e-03,0.03,-0.03
2.17648e-03,0.03,0.07
2.17656e-03,0.03,-0.01
2.17664e-03,0.03,0.05
2.17672e-03,0.03,-0.01
2.17680e-03,0.03,0.05
2.17688e-03,0.03,-0.01
2.17696e-03,0.03,0.05
2.17704e-03,0.03,-0.01
2.17712e-03,0.03,0.05
2.17720e-03,0.05,-0.01
2.17728e-03,0.03,0.05
2.17736e-03,0.03,-0.01
2.17744e-03,0.03,0.05
2.17752e-03,0.01,-0.03
2.17760e-03,0.05,0.05
2.17768e-03,0.01,-0.03
2.17776e-03,0.05,0.05
2.17784e-03,0.03,-0.01
2.17792e-03,0.03,0.05
2.17800e-03,0.03,-0.01
2.17808e-03,0.03,0.05
2.17816e-03,0.03,-0.03
2.17824e-03,0.01,0.05
2.17832e-03,0.03,-0.01
2.17840e-03,0.01,0.05
2.17848e-03,0.05,-0.01
2.17856e-03,0.03,0.05
2.17864e-03,0.03,-0.01
2.17872e-03,0.03,0.05
2.17880e-03,0.03,-0.01
2.17888e-03,0.01,0.05
2.17896e-03,0.01,-0.07
2.17904e-03,0.05,0.05
2.17912e-03,0.03,-0.03
2.17920e-03,0.01,0.05
2.17928e-03,0.03,-0.01
2.17936e-03,0.03,0.05
2.17944e-03,0.01,-0.01
2.17952e-03,0.03,0.07
2.17960e-03,0.05,-0.03
2.17968e-03,0.03,0.05
2.17976e-03,0.03,-0.01
2.17984e-03,0.01,0.07
2.17992e-03,0.03,-0.01
2.18000e-03,0.05,0.05
2.18008e-03,0.03,-0.01
2.18016e-03,0.03,0.05
2.18024e-03,0.03,-0.01
2.18032e-03,0.05,0.05
2.18040e-03,0.01,-0.01
2.18048e-03,0.03,0.05
2.18056e-03,0.03,-0.01
2.18064e-03,0.03,0.05
2.18072e-03,0.03,-0.01
2.18080e-03,0.03,0.05
2.18088e-03,0.03,-0.01
2.18096e-03,0.01,0.05
2.18104e-03,0.03,-0.01
2.18112e-03,0.03,0.05
2.18120e-03,0.03,-0.01
2.18128e-03,0.01,0.05
2.18136e-03,0.03,-0.01
2.18144e-03,0.03,0.05
2.18152e-03,0.03,-0.01
2.18160e-03,0.05,0.05
2.18168e-03,0.03,-0.01
2.18176e-03,0.03,0.05
2.18184e-03,0.03,-0.01
2.18192e-03,0.03,0.05
2.18200e-03,0.05,-0.01
2.18208e-03,0.01,0.05
2.18216e-03,0.03,-0.03
2.18224e-03,0.03,0.05
2.18232e-03,0.01,-0.01
2.18240e-03,0.01,0.05
2.18248e-03,0.03,-0.01
2.18256e-03,0.03,0.05
2.18264e-03,0.03,-0.03
2.18272e-03,0.03,0.05
2.18280e-03,0.01,-0.01
2.18288e-03,0.03,0.05
2.18296e-03,0.03,-0.01
2.18304e-03,0.03,0.05
2.18312e-03,0.03,-0.03
2.18320e-03,0.03,0.05
2.18328e-03,0.01,-0.01
2.18336e-03,0.03,0.07
2.18344e-03,0.03,-0.03
2.18352e-03,0.01,0.07
2.18360e-03,0.03,-0.01
2.18368e-03,0.01,0.05
2.18376e-03,0.03,-0.01
2.18384e-03,0.03,0.05
2.18392e-03,0.03,-0.03
2.18400e-03,0.03,0.05
2.18408e-03,0.01,-0.01
2.18416e-03,0.03,0.05
2.18424e-03,0.03,-0.01
2.18432e-03,0.05,0.05
2.18440e-03,0.03,-0.01
2.18448e-03,0.03,0.05
2.18456e-03,0.03,-0.01
2.18464e-03,0.03,0.05
2.18472e-03,0.03,-0.01
2.18480e-03,0.03,0.05
2.18488e-03,0.03,-0.01
2.18496e-03,0.01,0.05
2.18504e-03,0.01,-0.03
2.18512e-03,0.01,0.05
2.18520e-03,-0.01,-0.01
2.18528e-03,0.03,0.05
2.18536e-03,0.03,-0.03
2.18544e-03,0.05,0.05
2.18552e-03,0.03,-0.01
2.18560e-03,0.07,0.05
2.18568e-03,0.03,-0.01
2.18576e-03,0.01,0.11
2.18584e-03,0.03,-0.05
2.18592e-03,0.03,0.07
2.18600e-03,0.03,-0.01
2.18608e-03,0.05,0.05
2.18616e-03,0.03,-0.03
2.18624e-03,0.03,0.05
2.18632e-03,0.05,-0.01
2.18640e-03,0.05,0.07
2.18648e-03,0.03,-0.03
2.18656e-03,0.03,0.05
2.18664e-03,0.03,-0.01
2.18672e-03,0.05,0.05
2.18680e-03,0.03,-0.01
2.18688e-03,0.03,0.05
2.18696e-03,0.03,-0.01
2.18704e-03,0.03,0.05
2.18712e-03,0.03,-0.01
2.18720e-03,0.03,0.05
2.18728e-03,0.01,-0.03
2.18736e-03,0.03,0.05
2.18744e-03,0.03,-0.03
2.18752e-03,0.01,0.05
2.18760e-03,0.05,-0.03
2.18768e-03,0.01,0.05
2.18776e-03,0.03,-0.01
2.18784e-03,0.03,0.05
2.18792e-03,0.03,-0.01
2.18800e-03,0.03,0.07
2.18808e-03,0.01,-0.01
2.18816e-03,0.03,0.05
2.18824e-03,0.03,-0.01
2.18832e-03,0.03,0.05
2.18840e-03,0.01,-0.01
2.18848e-03,0.03,0.05
2.18856e-03,0.03,-0.01
2.18864e-03,0.03,0.05
2.18872e-03,0.03,-0.03
2.18880e-03,0.03,0.05
2.18888e-03,0.03,-0.01
2.18896e-03,0.03,0.05
2.18904e-03,0.05,-0.03
2.18912e-03,0.01,0.05
2.18920e-03,0.03,-0.01
2.18928e-03,0.03,0.05
2.18936e-03,0.03,-0.01
2.18944e-03,0.03,0.05
2.18952e-03,0.03,-0.01
2.18960e-03,0.03,0.05
2.18968e-03,0.03,-0.01
2.18976e-03,0.03,0.07
2.18984e-03,0.03,-0.03
2.18992e-03,0.03,0.07
2.19000e-03,0.03,-0.03
2.19008e-03,0.03,0.05
2.19016e-03,0.03,-0.03
2.19024e-03,0.01,0.05
2.19032e-03,0.05,-0.01
2.19040e-03,0.01,0.05
2.19048e-03,0.03,-0.01
2.19056e-03,0.03,0.05
2.19064e-03,0.03,-0.03
2.19072e-03,0.03,0.05
2.19080e-03,0.01,-0.01
2.19088e-03,0.03,0.05
2.19096e-03,0.03,-0.03
2.19104e-03,0.03,0.05
2.19112e-03,-0.01,-0.03
2.19120e-03,0.01,0.05
2.19128e-03,0.01,-0.03
2.19136e-03,0.05,0.07
2.19144e-03,0.07,-0.03
2.19152e-03,0.01,0.07
2.19160e-03,0.03,-0.01
2.19168e-03,0.01,0.07
2.19176e-03,0.05,-0.01
2.19184e-03,0.03,0.05
2.19192e-03,0.03,-0.03
2.19200e-03,0.03,0.05
2.19208e-03,-0.01,-0.03
2.19216e-03,0.03,0.05
2.19224e-03,0.01,-0.03
2.19232e-03,0.03,0.05
2.19240e-03,0.01,-0.01
2.19248e-03,0.03,0.05
2.19256e-03,0.03,-0.01
2.19264e-03,0.01,0.05
2.19272e-03,0.03,-0.03
2.19280e-03,0.01,0.05
2.19288e-03,0.05,-0.01
2.19296e-03,0.03,0.05
2.19304e-03,0.05,-0.03
2.19312e-03,0.03,0.05
2.19320e-03,0.03,-0.03
2.19328e-03,0.03,0.05
2.19336e-03,0.01,-0.01
2.19344e-03,0.05,0.05
2.19352e-03,0.03,-0.03
2.19360e-03,0.03,0.05
2.19368e-03,0.03,-0.01
2.19376e-03,0.03,0.05
2.19384e-03,0.01,-0.01
2.19392e-03,0.03,0.05
2.19400e-03,0.03,-0.03
2.19408e-03,0.01,0.05
2.19416e-03,0.03,-0.03
2.19424e-03,0.01,0.05
2.19432e-03,0.03,-0.01
2.19440e-03,0.03,0.05
2.19448e-03,0.03,-0.03
2.19456e-03,0.03,0.05
2.19464e-03,0.03,-0.03
2.19472e-03,0.03,0.05
2.19480e-03,0.01,-0.03
2.19488e-03,0.03,0.05
2.19496e-03,0.03,-0.03
2.19504e-03,0.03,0.05
2.19512e-03,0.03,-0.01
2.19520e-03,0.03,0.05
2.19528e-03,0.03,-0.03
2.19536e-03,0.01,0.05
2.19544e-03,0.05,-0.01
2.19552e-03,0.01,0.05
2.19560e-03,0.03,-0.01
2.19568e-03,0.03,0.05
2.19576e-03,0.03,-0.01
2.19584e-03,0.03,0.05
2.19592e-03,0.05,-0.01
2.19600e-03,0.05,0.05
2.19608e-03,0.03,-0.01
2.19616e-03,0.03,0.05
2.19624e-03,0.03,-0.01
2.19632e-03,0.03,0.05
2.19640e-03,0.01,-0.01
2.19648e-03,0.05,0.05
2.19656e-03,0.03,-0.03
2.19664e-03,0.03,0.05
2.19672e-03,0.05,-0.01
2.19680e-03,0.01,0.05
2.19688e-03,0.05,-0.01
2.19696e-03,0.03,0.05
2.19704e-03,0.05,-0.01
2.19712e-03,0.01,0.05
2.19720e-03,0.03,-0.03
2.19728e-03,0.03,0.05
2.19736e-03,0.03,-0.01
2.19744e-03,0.03,0.05
2.19752e-03,0.03,-0.01
2.19760e-03,0.05,0.05
2.19768e-03,0.01,-0.03
2.19776e-03,0.05,0.05
2.19784e-03,0.03,-0.03
2.19792e-03,0.03,0.05
2.19800e-03,0.03,-0.03
2.19808e-03,0.01,0.05
2.19816e-03,0.03,-0.03
2.19824e-03,0.01,0.05
2.19832e-03,0.03,-0.03
2.19840e-03,0.01,0.05
2.19848e-03,0.03,-0.01
2.19856e-03,0.03,0.05
2.19864e-03,0.03,-0.01
2.19872e-03,0.03,0.05
2.19880e-03,0.03,-0.03
2.19888e-03,0.05,0.05
2.19896e-03,0.01,-0.03
2.19904e-03,0.03,0.05
2.19912e-03,0.03,-0.01
2.19920e-03,0.03,0.05
2.19928e-03,0.03,-0.01
2.19936e-03,0.01,0.07
2.19944e-03,0.03,-0.01
2.19952e-03,0.01,0.05
2.19960e-03,0.03,-0.01
2.19968e-03,0.03,0.05
2.19976e-03,0.03,-0.03
2.19984e-03,0.03,0.07
2.19992e-03,0.01,-0.03
2.20000e-03,0.03,0.05
2.20008e-03,0.03,-0.03
2.20016e-03,0.05,0.07
2.20024e-03,0.03,-0.03
2.20032e-03,0.03,0.05
2.20040e-03,0.03,-0.01
2.20048e-03,0.03,0.05
2.20056e-03,0.03,-0.01
2.20064e-03,0.03,0.05
2.20072e-03,0.03,-0.03
2.20080e-03,0.03,0.07
2.20088e-03,0.01,-0.01
2.20096e-03,0.03,0.07
2.20104e-03,0.03,-0.03
2.20112e-03,0.01,0.05
2.20120e-03,0.03,-0.01
2.20128e-03,0.01,0.05
2.20136e-03,0.01,-0.01
2.20144e-03,0.05,0.05
2.20152e-03,0.03,-0.03
2.20160e-03,0.03,0.05
2.20168e-03,0.01,-0.03
2.20176e-03,0.05,0.05
2.20184e-03,0.03,-0.03
2.20192e-03,0.03,0.05
2.20200e-03,0.03,-0.03
2.20208e-03,0.03,0.07
2.20216e-03,0.03,-0.03
2.20224e-03,0.03,0.05
2.20232e-03,0.03,-0.01
2.20240e-03,0.03,0.05
2.20248e-03,0.01,-0.01
2.20256e-03,0.01,0.05
2.20264e-03,0.03,-0.01
2.20272e-03,0.03,0.07
2.20280e-03,0.01,-0.03
2.20288e-03,0.05,0.05
2.20296e-03,0.03,-0.01
2.20304e-03,0.03,0.05
2.20312e-03,0.03,-0.01
2.20320e-03,0.03,0.05
2.20328e-03,0.03,-0.01
2.20336e-03,0.05,0.05
2.20344e-03,0.03,-0.01
2.20352e-03,0.03,0.05
2.20360e-03,0.03,-0.01
2.20368e-03,0.03,0.05
2.20376e-03,0.05,-0.01
2.20384e-03,0.03,0.05
2.20392e-03,0.03,-0.03
2.20400e-03,0.05,0.07
2.20408e-03,0.03,-0.01
2.20416e-03,0.05,0.05
2.20424e-03,0.01,-0.01
2.20432e-03,0.03,0.07
2.20440e-03,0.03,-0.01
2.20448e-03,0.03,0.07
2.20456e-03,0.03,-0.01
2.20464e-03,0.03,0.05
2.20472e-03,0.05,-0.03
2.20480e-03,0.03,0.05
2.20488e-03,0.05,-0.01
2.20496e-03,0.01,0.05
2.20504e-03,0.03,-0.01
2.20512e-03,0.01,0.05
2.20520e-03,0.03,-0.01
2.20528e-03,0.03,0.05
2.20536e-03,0.03,-0.01
2.20544e-03,0.05,0.05
2.20552e-03,0.01,-0.03
2.20560e-03,0.03,0.05
2.20568e-03,0.01,-0.01
2.20576e-03,0.03,0.05
2.20584e-03,0.03,-0.03
2.20592e-03,0.03,0.05
2.20600e-03,0.05,-0.01
2.20608e-03,0.03,0.05
2.20616e-03,0.03,-0.03
2.20624e-03,0.01,0.05
2.20632e-03,0.03,-0.01
2.20640e-03,0.03,0.05
2.20648e-03,0.03,-0.03
2.20656e-03,0.03,0.05
2.20664e-03,0.03,-0.03
2.20672e-03,0.03,0.05
2.20680e-03,0.01,-0.01
2.20688e-03,0.03,0.05
2.20696e-03,0.03,-0.01
2.20704e-03,0.05,0.05
2.20712e-03,0.03,-0.01
2.20720e-03,0.03,0.05
2.20728e-03,0.03,-0.01
2.20736e-03,0.03,0.05
2.20744e-03,0.03,-0.03
2.20752e-03,0.03,0.05
2.20760e-03,0.03,-0.01
2.20768e-03,0.03,0.05
2.20776e-03,0.03,-0.03
2.20784e-03,0.03,0.05
2.20792e-03,0.03,-0.03
2.20800e-03,0.05,0.07
2.20808e-03,0.03,-0.03
2.20816e-03,0.01,0.05
2.20824e-03,0.03,-0.03
2.20832e-03,0.03,0.07
2.20840e-03,0.03,-0.03
2.20848e-03,0.03,0.05
2.20856e-03,0.03,-0.01
2.20864e-03,0.01,0.05
2.20872e-03,0.03,-0.03
2.20880e-03,0.03,0.05
2.20888e-03,0.05,-0.03
2.20896e-03,0.03,0.05
2.20904e-03,0.03,-0.01
2.20912e-03,0.03,0.05
2.20920e-03,0.03,-0.03
2.20928e-03,0.03,0.05
2.20936e-03,0.01,-0.03
2.20944e-03,0.05,0.07
2.20952e-03,0.01,-0.01
2.20960e-03,0.03,0.05
2.20968e-03,0.01,-0.03
2.20976e-03,0.03,0.07
2.20984e-03,0.01,-0.01
2.20992e-03,0.01,0.05
2.21000e-03,0.03,-0.01
2.21008e-03,0.05,0.05
2.21016e-03,0.03,-0.01
2.21024e-03,0.01,0.05
2.21032e-03,0.05,-0.05
2.21040e-03,0.03,0.05
2.21048e-03,0.05,-0.03
2.21056e-03,0.01,0.07
2.21064e-03,0.03,-0.01
2.21072e-03,0.03,0.05
2.21080e-03,0.01,-0.01
2.21088e-03,0.01,0.05
2.21096e-03,0.03,-0.01
2.21104e-03,0.03,0.05
2.21112e-03,0.03,-0.03
2.21120e-03,0.01,0.05
2.21128e-03,0.03,-0.01
2.21136e-03,0.03,0.05
2.21144e-03,0.03,-0.03
2.21152e-03,0.03,0.05
2.21160e-03,0.03,-0.01
2.21168e-03,0.01,0.05
2.21176e-03,0.03,-0.03
2.21184e-03,0.03,0.05
2.21192e-03,0.01,-0.03
2.21200e-03,0.03,0.05
2.21208e-03,0.01,-0.01
2.21216e-03,0.03,0.05
2.21224e-03,0.01,-0.03
2.21232e-03,0.01,0.05
2.21240e-03,0.01,-0.03
2.21248e-03,0.03,0.07
2.21256e-03,0.03,-0.03
2.21264e-03,0.05,0.05
2.21272e-03,0.03,-0.03
2.21280e-03,0.03,0.05
2.21288e-03,0.05,-0.03
2.21296e-03,0.03,0.05
2.21304e-03,0.03,-0.01
2.21312e-03,0.05,0.05
2.21320e-03,0.03,-0.03
2.21328e-03,0.03,0.05
2.21336e-03,0.01,-0.03
2.21344e-03,0.03,0.07
2.21352e-03,0.01,-0.01
2.21360e-03,0.03,0.05
2.21368e-03,0.03,-0.03
2.21376e-03,0.03,0.05
2.21384e-03,0.01,-0.03
2.21392e-03,0.03,0.05
2.21400e-03,0.03,-0.01
2.21408e-03,0.03,0.05
2.21416e-03,0.03,-0.01
2.21424e-03,0.03,0.05
2.21432e-03,0.05,-0.01
2.21440e-03,0.03,0.05
2.21448e-03,0.03,-0.03
2.21456e-03,0.01,0.07
2.21464e-03,0.03,-0.03
2.21472e-03,0.05,0.07
2.21480e-03,0.01,-0.03
2.21488e-03,0.05,0.05
2.21496e-03,0.03,-0.01
2.21504e-03,0.03,0.05
2.21512e-03,0.01,-0.01
2.21520e-03,0.01,0.05
2.21528e-03,0.03,-0.01
2.21536e-03,0.01,0.05
2.21544e-03,0.05,-0.01
2.21552e-03,0.03,0.07
2.21560e-03,0.03,-0.01
2.21568e-03,0.03,0.05
2.21576e-03,0.05,-0.01
2.21584e-03,0.03,0.05
2.21592e-03,0.03,-0.01
2.21600e-03,0.03,0.05
2.21608e-03,0.03,-0.01
2.21616e-03,0.05,0.05
2.21624e-03,0.03,-0.01
2.21632e-03,0.01,0.05
2.21640e-03,0.01,-0.01
2.21648e-03,0.01,0.05
2.21656e-03,0.01,-0.03
2.21664e-03,0.03,0.05
2.21672e-03,0.05,-0.01
2.21680e-03,0.03,0.05
2.21688e-03,0.05,-0.01
2.21696e-03,0.01,0.05
2.21704e-03,0.03,-0.01
2.21712e-03,0.01,0.05
2.21720e-03,0.03,-0.01
2.21728e-03,0.03,0.05
2.21736e-03,0.03,-0.01
2.21744e-03,0.05,0.05
2.21752e-03,0.03,-0.03
2.21760e-03,0.03,0.05
2.21768e-03,0.03,-0.01
2.21776e-03,0.05,0.05
2.21784e-03,0.01,-0.01
2.21792e-03,0.01,0.05
2.21800e-03,0.03,-0.01
2.21808e-03,0.05,0.05
2.21816e-03,0.03,-0.01
2.21824e-03,0.01,0.07
2.21832e-03,0.05,-0.01
2.21840e-03,0.03,0.05
2.21848e-03,0.03,-0.01
2.21856e-03,0.03,0.05
2.21864e-03,0.03,-0.03
2.21872e-03,0.03,0.05
2.21880e-03,0.03,-0.03
2.21888e-03,0.03,0.05
2.21896e-03,0.01,-0.01
2.21904e-03,0.03,0.05
2.21912e-03,0.03,-0.03
2.21920e-03,0.03,0.05
2.21928e-03,0.03,-0.03
2.21936e-03,0.03,0.05
2.21944e-03,0.03,-0.01
2.21952e-03,0.03,0.05
2.21960e-03,0.03,-0.03
2.21968e-03,0.03,0.05
2.21976e-03,0.03,-0.03
2.21984e-03,0.03,0.05
2.21992e-03,0.03,-0.03
2.22000e-03,0.03,0.05
2.22008e-03,0.01,-0.01
2.22016e-03,0.03,0.05
2.22024e-03,0.01,-0.01
2.22032e-03,0.05,0.07
2.22040e-03,0.03,-0.01
2.22048e-03,0.03,0.05
2.22056e-03,0.03,-0.01
2.22064e-03,0.01,0.07
2.22072e-03,0.05,-0.01
2.22080e-03,0.01,0.05
2.22088e-03,0.01,-0.03
2.22096e-03,0.03,0.05
2.22104e-03,0.03,-0.01
2.22112e-03,0.01,0.05
2.22120e-03,0.03,-0.03
2.22128e-03,0.03,0.05
2.22136e-03,0.01,-0.01
2.22144e-03,0.03,0.05
2.22152e-03,0.03,-0.01
2.22160e-03,0.05,0.05
2.22168e-03,0.03,-0.01
2.22176e-03,0.03,0.05
2.22184e-03,0.03,-0.01
2.22192e-03,0.03,0.05
2.22200e-03,0.03,-0.01
2.22208e-03,0.03,0.05
2.22216e-03,0.01,-0.01
2.22224e-03,0.03,0.05
2.22232e-03,0.03,-0.01
2.22240e-03,0.03,0.05
2.22248e-03,0.03,-0.01
2.22256e-03,0.03,0.05
2.22264e-03,0.03,-0.01
2.22272e-03,0.05,0.05
2.22280e-03,0.03,-0.01
2.22288e-03,0.03,0.05
2.22296e-03,0.03,-0.03
2.22304e-03,0.03,0.07
2.22312e-03,0.03,-0.01
2.22320e-03,0.03,0.05
2.22328e-03,0.03,-0.01
2.22336e-03,0.01,0.05
2.22344e-03,0.05,-0.01
2.22352e-03,0.01,0.05
2.22360e-03,0.03,-0.03
2.22368e-03,0.01,0.05
2.22376e-03,0.03,-0.03
2.22384e-03,0.01,0.05
2.22392e-03,0.01,-0.03
2.22400e-03,0.03,0.05
2.22408e-03,0.03,-0.03
2.22416e-03,0.05,0.05
2.22424e-03,0.01,-0.03
2.22432e-03,0.03,0.05
2.22440e-03,0.03,-0.01
2.22448e-03,0.05,0.05
2.22456e-03,0.03,-0.03
2.22464e-03,0.03,0.07
2.22472e-03,0.01,-0.03
2.22480e-03,0.01,0.05
2.22488e-03,0.05,-0.03
2.22496e-03,0.01,0.05
2.22504e-03,0.05,-0.03
2.22512e-03,0.01,0.07
2.22520e-03,0.03,-0.03
2.22528e-03,0.03,0.05
2.22536e-03,0.03,-0.01
2.22544e-03,0.03,0.05
2.22552e-03,0.01,-0.03
2.22560e-03,0.05,0.05
2.22568e-03,0.01,-0.01
2.22576e-03,0.05,0.05
2.22584e-03,0.03,-0.01
2.22592e-03,0.01,0.07
2.22600e-03,0.03,-0.01
2.22608e-03,0.03,0.05
2.22616e-03,0.01,-0.01
2.22624e-03,0.03,0.07
2.22632e-03,0.05,-0.03
2.22640e-03,0.03,0.05
2.22648e-03,0.03,-0.01
2.22656e-03,0.03,0.05
2.22664e-03,0.03,-0.01
2.22672e-03,0.03,0.05
2.22680e-03,0.01,-0.01
2.22688e-03,0.05,0.07
2.22696e-03,0.03,-0.01
2.22704e-03,0.03,0.05
2.22712e-03,0.03,-0.03
2.22720e-03,0.03,0.05
2.22728e-03,0.03,-0.03
2.22736e-03,0.03,0.05
2.22744e-03,0.03,-0.01
2.22752e-03,0.01,0.05
2.22760e-03,0.05,-0.01
2.22768e-03,0.01,0.05
2.22776e-03,0.03,-0.01
2.22784e-03,0.03,0.05
2.22792e-03,0.03,-0.03
2.22800e-03,0.03,0.05
2.22808e-03,0.03,-0.01
2.22816e-03,0.03,0.05
2.22824e-03,0.01,-0.01
2.22832e-03,0.05,0.05
2.22840e-03,0.01,-0.03
2.22848e-03,0.03,0.07
2.22856e-03,0.03,-0.03
2.22864e-03,0.03,0.05
2.22872e-03,0.01,-0.03
2.22880e-03,0.01,0.05
2.22888e-03,-0.01,-0.01
2.22896e-03,0.05,0.05
2.22904e-03,0.03,-0.05
2.22912e-03,0.03,0.07
2.22920e-03,0.03,-0.03
2.22928e-03,0.01,0.05
2.22936e-03,0.01,-0.03
2.22944e-03,0.05,0.05
2.22952e-03,0.03,-0.01
2.22960e-03,0.03,0.07
2.22968e-03,0.03,-0.03
2.22976e-03,0.03,0.05
2.22984e-03,0.03,-0.01
2.22992e-03,0.03,0.05
2.23000e-03,0.05,-0.01
2.23008e-03,0.01,0.05
2.23016e-03,0.03,-0.03
2.23024e-03,0.01,0.05
2.23032e-03,0.03,-0.03
2.23040e-03,0.05,0.05
2.23048e-03,0.03,-0.01
2.23056e-03,0.03,0.05
2.23064e-03,0.01,-0.01
2.23072e-03,0.03,0.05
2.23080e-03,0.01,-0.01
2.23088e-03,0.03,0.05
2.23096e-03,0.03,-0.01
2.23104e-03,0.03,0.05
2.23112e-03,0.03,-0.01
2.23120e-03,0.03,0.05
2.23128e-03,0.03,-0.01
2.23136e-03,0.03,0.05
2.23144e-03,0.03,-0.01
2.23152e-03,0.01,0.05
2.23160e-03,0.03,-0.03
2.23168e-03,0.01,0.05
2.23176e-03,0.05,-0.01
2.23184e-03,0.03,0.05
2.23192e-03,0.03,-0.01
2.23200e-03,0.03,0.05
2.23208e-03,0.03,-0.01
2.23216e-03,0.03,0.05
2.23224e-03,0.01,-0.01
2.23232e-03,0.03,0.05
2.23240e-03,0.03,-0.01
2.23248e-03,0.03,0.05
2.23256e-03,0.05,-0.01
2.23264e-03,0.03,0.05
2.23272e-03,0.03,-0.01
2.23280e-03,0.05,0.05
2.23288e-03,0.03,-0.01
2.23296e-03,0.03,0.05
2.23304e-03,0.07,-0.01
2.23312e-03,0.03,0.07
2.23320e-03,0.01,-0.05
2.23328e-03,0.01,0.07
2.23336e-03,0.05,-0.03
2.23344e-03,0.03,0.07
2.23352e-03,0.01,-0.03
2.23360e-03,0.03,0.07
2.23368e-03,0.01,-0.01
2.23376e-03,0.05,0.07
2.23384e-03,0.01,-0.03
2.23392e-03,0.01,0.05
2.23400e-03,0.03,-0.03
2.23408e-03,0.01,0.05
2.23416e-03,0.03,-0.03
2.23424e-03,0.05,0.05
2.23432e-03,0.05,-0.03
2.23440e-03,0.05,0.07
2.23448e-03,0.03,-0.03
2.23456e-03,0.03,0.07
2.23464e-03,0.03,-0.01
2.23472e-03,0.03,0.05
2.23480e-03,0.03,-0.01
2.23488e-03,0.03,0.05
2.23496e-03,0.03,-0.01
2.23504e-03,0.03,0.05
2.23512e-03,0.03,-0.01
2.23520e-03,0.03,0.05
2.23528e-03,0.05,-0.03
2.23536e-03,0.01,0.03
2.23544e-03,0.05,-0.01
2.23552e-03,0.03,0.05
2.23560e-03,0.03,-0.01
2.23568e-03,0.01,0.05
2.23576e-03,0.05,-0.01
2.23584e-03,0.03,0.09
2.23592e-03,0.03,-0.05
2.23600e-03,0.01,0.07
2.23608e-03,0.01,-0.01
2.23616e-03,0.03,0.05
2.23624e-03,0.03,-0.01
2.23632e-03,0.03,0.05
2.23640e-03,0.01,-0.01
2.23648e-03,0.03,0.05
2.23656e-03,0.03,-0.01
2.23664e-03,0.03,0.05
2.23672e-03,0.03,-0.01
2.23680e-03,0.03,0.05
2.23688e-03,0.03,-0.01
2.23696e-03,0.03,0.05
2.23704e-03,-0.01,-0.03
2.23712e-03,0.03,0.07
2.23720e-03,0.03,-0.03
2.23728e-03,0.03,0.07
2.23736e-03,0.03,-0.03
2.23744e-03,0.03,0.05
2.23752e-03,0.01,-0.01
2.23760e-03,0.05,0.05
2.23768e-03,0.01,-0.01
2.23776e-03,0.03,0.05
2.23784e-03,0.01,-0.01
2.23792e-03,0.01,0.05
2.23800e-03,0.03,-0.01
2.23808e-03,0.01,0.05
2.23816e-03,0.03,-0.03
2.23824e-03,0.01,0.05
2.23832e-03,0.03,-0.03
2.23840e-03,0.03,0.05
2.23848e-03,0.03,-0.03
2.23856e-03,0.03,0.05
2.23864e-03,0.03,-0.03
2.23872e-03,0.03,0.05
2.23880e-03,0.03,-0.01
2.23888e-03,0.03,0.05
2.23896e-03,0.03,-0.01
2.23904e-03,0.03,0.05
2.23912e-03,0.01,-0.03
2.23920e-03,0.01,0.05
2.23928e-03,0.03,-0.01
2.23936e-03,0.03,0.05
2.23944e-03,0.03,-0.01
2.23952e-03,0.01,0.05
2.23960e-03,0.03,-0.01
2.23968e-03,0.05,0.05
2.23976e-03,0.03,-0.03
2.23984e-03,0.05,0.07
2.23992e-03,0.03,-0.03
2.24000e-03,0.03,0.05
2.24008e-03,0.03,-0.03
2.24016e-03,0.05,0.05
2.24024e-03,0.01,-0.01
2.24032e-03,0.05,0.05
2.24040e-03,0.03,-0.01
2.24048e-03,0.01,0.05
2.24056e-03,0.05,-0.03
2.24064e-03,0.01,0.07
2.24072e-03,0.03,-0.01
2.24080e-03,0.01,0.05
2.24088e-03,0.03,-0.01
2.24096e-03,0.01,0.05
2.24104e-03,0.03,-0.01
2.24112e-03,0.01,0.05
2.24120e-03,0.03,-0.01
2.24128e-03,0.05,0.07
2.24136e-03,0.05,-0.03
2.24144e-03,0.03,0.07
2.24152e-03,0.01,-0.03
2.24160e-03,0.03,0.05
2.24168e-03,0.01,-0.03
2.24176e-03,0.03,0.05
2.24184e-03,0.03,-0.01
2.24192e-03,0.05,0.05
2.24200e-03,0.03,-0.01
2.24208e-03,0.03,0.05
2.24216e-03,0.03,-0.03
2.24224e-03,0.03,0.05
2.24232e-03,0.01,-0.01
2.24240e-03,0.01,0.05
2.24248e-03,0.03,-0.01
2.24256e-03,0.03,0.05
2.24264e-03,0.03,-0.01
2.24272e-03,0.03,0.05
2.24280e-03,0.01,-0.01
2.24288e-03,0.05,0.05
2.24296e-03,0.01,-0.01
2.24304e-03,0.03,0.05
2.24312e-03,0.01,-0.01
2.24320e-03,0.01,0.05
2.24328e-03,0.03,-0.03
2.24336e-03,0.03,0.05
2.24344e-03,0.03,-0.03
2.24352e-03,0.03,0.05
2.24360e-03,0.03,-0.01
2.24368e-03,0.03,0.05
2.24376e-03,0.03,-0.01
2.24384e-03,0.01,0.05
2.24392e-03,0.01,-0.01
2.24400e-03,0.03,0.05
2.24408e-03,0.01,-0.03
2.24416e-03,0.05,0.05
2.24424e-03,0.01,-0.03
2.24432e-03,0.03,0.07
2.24440e-03,0.03,-0.03
2.24448e-03,0.03,0.05
2.24456e-03,0.03,-0.01
2.24464e-03,0.01,0.05
2.24472e-03,0.03,-0.03
2.24480e-03,0.01,0.05
2.24488e-03,0.03,-0.03
2.24496e-03,0.01,0.05
2.24504e-03,0.03,-0.01
2.24512e-03,0.03,0.05
2.24520e-03,0.03,-0.01
2.24528e-03,0.03,0.05
2.24536e-03,0.01,-0.01
2.24544e-03,0.05,0.05
2.24552e-03,0.03,-0.03
2.24560e-03,0.05,0.05
2.24568e-03,0.01,-0.03
2.24576e-03,0.03,0.05
2.24584e-03,0.05,-0.03
2.24592e-03,0.03,0.05
2.24600e-03,0.03,-0.03
2.24608e-03,0.03,0.05
2.24616e-03,0.03,-0.01
2.24624e-03,0.01,0.05
2.24632e-03,0.03,-0.01
2.24640e-03,0.03,0.05
2.24648e-03,0.03,-0.03
2.24656e-03,0.01,0.07
2.24664e-03,0.01,-0.01
2.24672e-03,0.03,0.05
2.24680e-03,0.01,-0.01
2.24688e-03,0.03,0.07
2.24696e-03,0.03,-0.03
2.24704e-03,0.03,0.05
2.24712e-03,0.03,-0.03
2.24720e-03,0.03,0.05
2.24728e-03,0.03,-0.01
2.24736e-03,0.03,0.05
2.24744e-03,0.03,-0.01
2.24752e-03,0.03,0.05
2.24760e-03,0.03,-0.01
2.24768e-03,0.03,0.05
2.24776e-03,0.05,-0.01
2.24784e-03,0.01,0.05
2.24792e-03,0.03,-0.01
2.24800e-03,0.03,0.05
2.24808e-03,0.01,-0.01
2.24816e-03,0.03,0.05
2.24824e-03,0.01,-0.03
2.24832e-03,0.03,0.05
2.24840e-03,0.05,-0.01
2.24848e-03,0.03,0.05
2.24856e-03,0.03,-0.03
2.24864e-03,0.03,0.05
2.24872e-03,0.03,-0.03
2.24880e-03,0.03,0.05
2.24888e-03,0.03,-0.03
2.24896e-03,0.03,0.05
2.24904e-03,0.03,-0.03
2.24912e-03,0.01,0.05
2.24920e-03,0.01,-0.03
2.24928e-03,0.03,0.05
2.24936e-03,0.03,-0.01
2.24944e-03,0.03,0.07
2.24952e-03,-0.01,-0.03
2.24960e-03,0.03,0.05
2.24968e-03,0.03,-0.03
2.24976e-03,0.05,0.05
2.24984e-03,0.03,-0.05
2.24992e-03,0.03,0.05
2.25000e-03,0.01,-0.03
2.25008e-03,0.03,0.07
2.25016e-03,0.03,-0.03
2.25024e-03,0.01,0.07
2.25032e-03,0.03,-0.03
2.25040e-03,0.03,0.05
2.25048e-03,0.03,-0.03
2.25056e-03,0.01,0.05
2.25064e-03,0.03,-0.03
2.25072e-03,0.03,0.05
2.25080e-03,0.01,-0.01
2.25088e-03,0.03,0.05
2.25096e-03,0.01,-0.03
2.25104e-03,0.03,0.05
2.25112e-03,0.03,-0.01
2.25120e-03,0.03,0.05
2.25128e-03,0.03,-0.03
2.25136e-03,0.03,0.05
2.25144e-03,0.03,-0.01
2.25152e-03,0.01,0.05
2.25160e-03,0.03,-0.01
2.25168e-03,0.01,0.05
2.25176e-03,0.03,-0.03
2.25184e-03,0.03,0.05
2.25192e-03,0.03,-0.01
2.25200e-03,0.03,0.05
2.25208e-03,0.03,-0.01
2.25216e-03,0.03,0.05
2.25224e-03,0.01,-0.01
2.25232e-03,0.03,0.05
2.25240e-03,0.03,-0.01
2.25248e-03,0.03,0.05
2.25256e-03,0.03,-0.03
2.25264e-03,0.03,0.05
2.25272e-03,0.03,-0.01
2.25280e-03,0.03,0.05
2.25288e-03,0.05,-0.01
2.25296e-03,0.03,0.05
2.25304e-03,0.03,-0.03
2.25312e-03,0.03,0.05
2.25320e-03,0.05,-0.01
2.25328e-03,0.01,0.05
2.25336e-03,0.03,-0.01
2.25344e-03,0.03,0.05
2.25352e-03,0.03,-0.01
2.25360e-03,0.03,0.05
2.25368e-03,0.03,-0.03
2.25376e-03,0.03,0.05
2.25384e-03,0.01,-0.03
2.25392e-03,0.03,0.05
2.25400e-03,0.03,-0.01
2.25408e-03,0.03,0.05
2.25416e-03,0.05,-0.01
2.25424e-03,0.03,0.05
2.25432e-03,0.05,-0.01
2.25440e-03,0.03,0.05
2.25448e-03,0.03,-0.01
2.25456e-03,0.03,0.05
2.25464e-03,0.03,-0.03
2.25472e-03,0.03,0.05
2.25480e-03,0.01,-0.03
2.25488e-03,0.03,0.07
2.25496e-03,0.01,-0.01
2.25504e-03,0.05,0.05
2.25512e-03,0.03,-0.01
2.25520e-03,0.01,0.05
2.25528e-03,0.03,-0.01
2.25536e-03,0.03,0.05
2.25544e-03,0.05,-0.03
2.25552e-03,0.01,0.05
2.25560e-03,0.03,-0.01
2.25568e-03,0.01,0.07
2.25576e-03,0.05,-0.03
2.25584e-03,0.05,0.05
2.25592e-03,0.03,-0.01
2.25600e-03,0.03,0.05
2.25608e-03,0.03,-0.01
2.25616e-03,0.05,0.05
2.25624e-03,0.01,-0.03
2.25632e-03,0.03,0.05
2.25640e-03,0.03,-0.03
2.25648e-03,0.01,0.05
2.25656e-03,0.01,-0.03
2.25664e-03,0.03,0.05
2.25672e-03,0.03,-0.01
2.25680e-03,0.01,0.05
2.25688e-03,0.03,-0.03
2.25696e-03,0.03,0.05
2.25704e-03,0.05,-0.03
2.25712e-03,0.01,0.05
2.25720e-03,0.03,-0.01
2.25728e-03,0.03,0.05
2.25736e-03,0.03,-0.03
2.25744e-03,0.03,0.05
2.25752e-03,0.03,-0.01
2.25760e-03,0.03,0.05
2.25768e-03,0.01,-0.03
2.25776e-03,0.03,0.05
2.25784e-03,0.01,-0.01
2.25792e-03,0.03,0.05
2.25800e-03,0.05,-0.05
2.25808e-03,0.03,0.07
2.25816e-03,0.03,-0.03
2.25824e-03,0.01,0.05
2.25832e-03,0.05,-0.03
2.25840e-03,0.01,0.05
2.25848e-03,0.03,-0.01
2.25856e-03,0.03,0.05
2.25864e-03,0.03,-0.01
2.25872e-03,0.03,0.05
2.25880e-03,0.01,-0.03
2.25888e-03,0.05,0.05
2.25896e-03,0.03,-0.03
2.25904e-03,0.05,0.05
2.25912e-03,0.01,-0.01
2.25920e-03,0.03,0.05
2.25928e-03,0.03,-0.01
2.25936e-03,0.01,0.05
2.25944e-03,0.03,-0.01
2.25952e-03,0.03,0.05
2.25960e-03,0.03,-0.01
2.25968e-03,0.01,0.05
2.25976e-03,0.03,-0.01
2.25984e-03,0.03,0.05
2.25992e-03,0.03,-0.01
2.26000e-03,0.01,0.05
2.26008e-03,0.01,-0.01
2.26016e-03,0.03,0.05
2.26024e-03,0.01,-0.03
2.26032e-03,0.01,0.05
2.26040e-03,0.01,-0.01
2.26048e-03,0.03,0.05
2.26056e-03,0.03,-0.01
2.26064e-03,0.01,0.05
2.26072e-03,0.03,-0.01
2.26080e-03,0.03,0.05
2.26088e-03,0.05,-0.01
2.26096e-03,0.01,0.05
2.26104e-03,0.03,-0.01
2.26112e-03,0.03,0.05
2.26120e-03,0.03,-0.03
2.26128e-03,0.03,0.05
2.26136e-03,0.03,-0.01
2.26144e-03,0.03,0.05
2.26152e-03,0.03,-0.01
2.26160e-03,0.03,0.05
2.26168e-03,0.01,-0.01
2.26176e-03,0.03,0.05
2.26184e-03,0.03,-0.01
2.26192e-03,0.03,0.05
2.26200e-03,0.03,-0.01
2.26208e-03,0.01,0.05
2.26216e-03,0.03,-0.01
2.26224e-03,0.01,0.07
2.26232e-03,0.03,-0.01
2.26240e-03,0.03,0.05
2.26248e-03,0.01,-0.03
2.26256e-03,0.03,0.05
2.26264e-03,0.03,-0.01
2.26272e-03,0.03,0.05
2.26280e-03,0.03,-0.03
2.26288e-03,0.05,0.05
2.26296e-03,0.03,-0.01
2.26304e-03,0.03,0.05
2.26312e-03,0.03,-0.03
2.26320e-03,0.01,0.05
2.26328e-03,0.03,-0.03
2.26336e-03,0.01,0.05
2.26344e-03,0.03,-0.01
2.26352e-03,0.01,0.05
2.26360e-03,0.03,-0.01
2.26368e-03,0.01,0.05
2.26376e-03,0.03,-0.03
2.26384e-03,0.03,0.05
2.26392e-03,0.03,-0.03
2.26400e-03,0.05,0.05
2.26408e-03,0.03,-0.01
2.26416e-03,0.03,0.05
2.26424e-03,0.01,-0.03
2.26432e-03,0.03,0.05
2.26440e-03,0.03,-0.03
2.26448e-03,0.03,0.05
2.26456e-03,0.05,-0.03
2.26464e-03,-0.01,0.05
2.26472e-03,0.03,-0.03
2.26480e-03,0.01,0.07
2.26488e-03,0.05,-0.03
2.26496e-03,0.03,0.07
2.26504e-03,0.03,-0.01
2.26512e-03,0.01,0.07
2.26520e-03,0.03,-0.01
2.26528e-03,0.03,0.05
2.26536e-03,0.03,-0.03
2.26544e-03,0.03,0.05
2.26552e-03,0.01,-0.01
2.26560e-03,0.03,0.05
2.26568e-03,0.03,-0.01
2.26576e-03,0.03,0.05
2.26584e-03,0.03,-0.01
2.26592e-03,0.01,0.05
2.26600e-03,0.03,-0.01
2.26608e-03,0.01,0.05
2.26616e-03,0.03,-0.03
2.26624e-03,0.01,0.05
2.26632e-03,0.03,-0.03
2.26640e-03,0.01,0.05
2.26648e-03,0.01,-0.03
2.26656e-03,0.01,0.05
2.26664e-03,0.03,-0.03
2.26672e-03,0.03,0.05
2.26680e-03,0.03,-0.03
2.26688e-03,0.05,0.05
2.26696e-03,0.01,-0.03
2.26704e-03,0.03,0.05
2.26712e-03,0.03,-0.03
2.26720e-03,0.03,0.05
2.26728e-03,0.03,-0.01
2.26736e-03,0.03,0.05
2.26744e-03,0.03,-0.03
2.26752e-03,0.03,0.05
2.26760e-03,0.03,-0.03
2.26768e-03,0.01,0.05
2.26776e-03,0.03,-0.01
2.26784e-03,0.03,0.05
2.26792e-03,0.03,-0.01
2.26800e-03,0.03,0.07
2.26808e-03,0.01,-0.01
2.26816e-03,0.03,0.05
2.26824e-03,0.01,-0.03
2.26832e-03,0.03,0.07
2.26840e-03,0.01,-0.01
2.26848e-03,0.03,0.05
2.26856e-03,0.05,-0.01
2.26864e-03,0.01,0.05
2.26872e-03,0.03,-0.03
2.26880e-03,0.03,0.05
2.26888e-03,0.05,-0.01
2.26896e-03,0.01,0.05
2.26904e-03,0.05,-0.03
2.26912e-03,0.01,0.05
2.26920e-03,0.03,-0.01
2.26928e-03,0.03,0.05
2.26936e-03,0.01,-0.01
2.26944e-03,0.05,0.05
2.26952e-03,0.01,-0.03
2.26960e-03,0.05,0.05
2.26968e-03,0.01,-0.01
2.26976e-03,0.03,0.05
2.26984e-03,0.03,-0.01
2.26992e-03,0.01,0.05
2.27000e-03,0.03,-0.03
2.27008e-03,0.01,0.05
2.27016e-03,0.03,-0.03
2.27024e-03,0.01,0.05
2.27032e-03,0.03,-0.01
2.27040e-03,0.01,0.05
2.27048e-03,0.03,-0.01
2.27056e-03,0.03,0.05
2.27064e-03,0.03,-0.01
2.27072e-03,0.05,0.05
2.27080e-03,0.01,-0.01
2.27088e-03,0.05,0.05
2.27096e-03,0.01,-0.01
2.27104e-03,0.03,0.05
2.27112e-03,0.03,-0.01
2.27120e-03,0.03,0.05
2.27128e-03,0.03,-0.03
2.27136e-03,0.03,0.05
2.27144e-03,0.05,-0.01
2.27152e-03,0.03,0.05
2.27160e-03,0.03,-0.03
2.27168e-03,0.01,0.05
2.27176e-03,0.05,-0.03
2.27184e-03,0.03,0.05
2.27192e-03,0.01,-0.03
2.27200e-03,0.03,0.05
2.27208e-03,0.01,-0.03
2.27216e-03,0.03,0.05
2.27224e-03,0.03,-0.01
2.27232e-03,0.03,0.05
2.27240e-03,0.05,-0.03
2.27248e-03,0.03,0.05
2.27256e-03,0.03,-0.01
2.27264e-03,0.03,0.05
2.27272e-03,0.03,-0.01
2.27280e-03,0.01,0.05
2.27288e-03,0.03,-0.01
2.27296e-03,0.01,0.05
2.27304e-03,0.03,-0.01
2.27312e-03,0.03,0.05
2.27320e-03,0.03,-0.01
2.27328e-03,0.03,0.05
2.27336e-03,0.01,-0.03
2.27344e-03,0.03,0.05
2.27352e-03,0.03,-0.03
2.27360e-03,0.03,0.05
2.27368e-03,0.01,-0.03
2.27376e-03,0.01,0.05
2.27384e-03,0.03,-0.01
2.27392e-03,0.03,0.05
2.27400e-03,0.03,-0.01
2.27408e-03,0.01,0.05
2.27416e-03,0.03,-0.01
2.27424e-03,0.01,0.05
2.27432e-03,0.05,-0.01
2.27440e-03,0.01,0.05
2.27448e-03,0.03,-0.03
2.27456e-03,0.05,0.05
2.27464e-03,0.03,-0.03
2.27472e-03,0.03,0.05
2.27480e-03,0.01,-0.05
2.27488e-03,0.01,0.07
2.27496e-03,0.03,-0.03
2.27504e-03,0.03,0.07
2.27512e-03,0.01,-0.03
2.27520e-03,0.03,0.05
2.27528e-03,0.03,-0.03
2.27536e-03,0.03,0.05
2.27544e-03,0.03,-0.03
2.27552e-03,0.03,0.05
2.27560e-03,0.05,-0.03
2.27568e-03,0.01,0.05
2.27576e-03,0.03,-0.01
2.27584e-03,0.03,0.05
2.27592e-03,0.01,-0.01
2.27600e-03,0.03,0.05
2.27608e-03,0.03,-0.03
2.27616e-03,0.03,0.05
2.27624e-03,0.03,-0.01
2.27632e-03,0.03,0.05
2.27640e-03,0.01,-0.03
2.27648e-03,0.03,0.05
2.27656e-03,0.03,-0.01
2.27664e-03,0.03,0.05
2.27672e-03,0.03,-0.03
2.27680e-03,0.01,0.05
2.27688e-03,0.05,-0.03
2.27696e-03,0.03,0.05
2.27704e-03,0.03,-0.01
2.27712e-03,0.01,0.05
2.27720e-03,0.03,-0.01
2.27728e-03,0.03,0.05
2.27736e-03,0.01,-0.01
2.27744e-03,0.03,0.05
2.27752e-03,0.01,-0.01
2.27760e-03,0.05,0.05
2.27768e-03,0.01,-0.01
2.27776e-03,0.03,0.05
2.27784e-03,0.01,-0.01
2.27792e-03,0.03,0.05
2.27800e-03,0.05,-0.01
2.27808e-03,0.01,0.05
2.27816e-03,0.07,-0.03
2.27824e-03,0.03,0.05
2.27832e-03,0.03,-0.03
2.27840e-03,0.03,0.07
2.27848e-03,0.03,-0.03
2.27856e-03,0.05,0.05
2.27864e-03,0.03,-0.01
2.27872e-03,0.05,0.05
2.27880e-03,0.03,-0.01
2.27888e-03,0.03,0.05
2.27896e-03,-0.01,-0.01
2.27904e-03,0.03,0.05
2.27912e-03,0.03,-0.05
2.27920e-03,0.05,0.07
2.27928e-03,0.05,-0.07
2.27936e-03,0.03,0.07
2.27944e-03,0.03,-0.03
2.27952e-03,0.03,0.05
2.27960e-03,0.03,-0.01
2.27968e-03,0.03,0.05
2.27976e-03,0.01,-0.03
2.27984e-03,0.01,0.05
2.27992e-03,0.03,-0.01
2.28000e-03,0.05,0.05
2.28008e-03,0.03,-0.01
2.28016e-03,0.03,0.05
2.28024e-03,0.01,-0.01
2.28032e-03,0.01,0.05
2.28040e-03,0.03,-0.01
2.28048e-03,0.03,0.05
2.28056e-03,0.05,-0.01
2.28064e-03,0.03,0.05
2.28072e-03,0.01,-0.03
2.28080e-03,0.01,0.05
2.28088e-03,0.05,-0.03
2.28096e-03,0.03,0.05
2.28104e-03,0.03,-0.03
2.28112e-03,0.03,0.05
2.28120e-03,0.03,-0.01
2.28128e-03,0.03,0.05
2.28136e-03,0.01,-0.03
2.28144e-03,0.03,0.07
2.28152e-03,0.03,-0.03
2.28160e-03,0.03,0.05
2.28168e-03,0.03,-0.01
2.28176e-03,0.05,0.05
2.28184e-03,0.03,-0.03
2.28192e-03,0.01,0.05
2.28200e-03,0.03,-0.03
2.28208e-03,0.03,0.05
2.28216e-03,0.03,-0.01
2.28224e-03,0.03,0.05
2.28232e-03,0.03,-0.01
2.28240e-03,0.03,0.05
2.28248e-03,0.03,-0.03
2.28256e-03,0.03,0.05
2.28264e-03,0.03,-0.03
2.28272e-03,0.01,0.05
2.28280e-03,0.03,-0.01
2.28288e-03,0.03,0.05
2.28296e-03,0.01,-0.01
2.28304e-03,0.05,0.05
2.28312e-03,0.03,-0.01
2.28320e-03,0.01,0.05
2.28328e-03,0.05,-0.01
2.28336e-03,0.03,0.05
2.28344e-03,0.03,-0.03
2.28352e-03,0.03,0.05
2.28360e-03,0.01,-0.03
2.28368e-03,0.03,0.05
2.28376e-03,0.01,-0.03
2.28384e-03,0.01,0.05
2.28392e-03,0.03,-0.01
2.28400e-03,0.03,0.05
2.28408e-03,0.03,-0.03
2.28416e-03,0.03,0.05
2.28424e-03,0.03,-0.01
2.28432e-03,0.03,0.05
2.28440e-03,0.03,-0.03
2.28448e-03,0.01,0.05
2.28456e-03,0.03,-0.01
2.28464e-03,0.03,0.05
2.28472e-03,0.03,-0.03
2.28480e-03,0.03,0.05
2.28488e-03,0.05,-0.01
2.28496e-03,0.03,0.05
2.28504e-03,0.05,-0.01
2.28512e-03,0.03,0.05
2.28520e-03,0.03,-0.03
2.28528e-03,0.05,0.05
2.28536e-03,0.03,-0.01
2.28544e-03,0.03,0.05
2.28552e-03,0.01,-0.01
2.28560e-03,0.03,0.05
2.28568e-03,0.05,-0.03
2.28576e-03,-0.01,0.05
2.28584e-03,0.03,-0.03
2.28592e-03,0.03,0.09
2.28600e-03,0.03,-0.03
2.28608e-03,0.01,0.07
2.28616e-03,0.03,-0.01
2.28624e-03,0.01,0.05
2.28632e-03,0.05,-0.01
2.28640e-03,0.03,0.05
2.28648e-03,0.03,-0.03
2.28656e-03,0.05,0.07
2.28664e-03,0.01,-0.03
2.28672e-03,0.05,0.05
2.28680e-03,0.03,-0.01
2.28688e-03,0.03,0.05
2.28696e-03,0.03,-0.03
2.28704e-03,0.03,0.05
2.28712e-03,0.05,-0.03
2.28720e-03,0.03,0.05
2.28728e-03,0.05,-0.03
2.28736e-03,0.03,0.07
2.28744e-03,0.03,-0.01
2.28752e-03,0.01,0.05
2.28760e-03,0.03,-0.03
2.28768e-03,0.01,0.05
2.28776e-03,0.05,-0.01
2.28784e-03,0.03,0.07
2.28792e-03,0.03,-0.01
2.28800e-03,0.03,0.05
2.28808e-03,0.01,-0.01
2.28816e-03,0.03,0.05
2.28824e-03,0.01,-0.01
2.28832e-03,0.03,0.05
2.28840e-03,0.03,-0.01
2.28848e-03,0.03,0.05
2.28856e-03,0.01,-0.01
2.28864e-03,0.03,0.05
2.28872e-03,0.03,-0.03
2.28880e-03,0.01,0.05
2.28888e-03,0.03,-0.03
2.28896e-03,0.01,0.05
2.28904e-03,0.03,-0.03
2.28912e-03,0.01,0.05
2.28920e-03,0.03,-0.03
2.28928e-03,0.03,0.05
2.28936e-03,0.01,-0.03
2.28944e-03,0.05,0.05
2.28952e-03,0.03,-0.01
2.28960e-03,0.03,0.05
2.28968e-03,0.01,-0.01
2.28976e-03,0.01,0.05
2.28984e-03,0.03,-0.01
2.28992e-03,0.03,0.05
2.29000e-03,0.03,-0.03
2.29008e-03,0.03,0.05
2.29016e-03,0.03,-0.01
2.29024e-03,0.01,0.05
2.29032e-03,0.03,-0.03
2.29040e-03,0.03,0.05
2.29048e-03,0.03,-0.01
2.29056e-03,0.03,0.05
2.29064e-03,0.01,-0.03
2.29072e-03,0.03,0.07
2.29080e-03,0.01,-0.03
2.29088e-03,0.03,0.05
2.29096e-03,0.03,-0.03
2.29104e-03,0.03,0.05
2.29112e-03,0.03,-0.01
2.29120e-03,0.03,0.05
2.29128e-03,0.03,-0.03
2.29136e-03,0.01,0.05
2.29144e-03,0.03,-0.03
2.29152e-03,-0.01,0.07
2.29160e-03,0.05,-0.03
2.29168e-03,0.03,0.07
2.29176e-03,0.03,-0.03
2.29184e-03,0.03,0.05
2.29192e-03,0.01,-0.03
2.29200e-03,0.03,0.05
2.29208e-03,0.01,-0.03
2.29216e-03,0.03,0.05
2.29224e-03,0.03,-0.01
2.29232e-03,0.03,0.05
2.29240e-03,0.03,-0.03
2.29248e-03,0.01,0.05
2.29256e-03,0.03,-0.03
2.29264e-03,0.03,0.05
2.29272e-03,0.03,-0.03
2.29280e-03,0.03,0.05
2.29288e-03,0.03,-0.03
2.29296e-03,0.01,0.05
2.29304e-03,0.03,-0.01
2.29312e-03,0.01,0.05
2.29320e-03,0.01,-0.01
2.29328e-03,0.05,0.05
2.29336e-03,0.03,-0.01
2.29344e-03,0.03,0.05
2.29352e-03,0.03,-0.01
2.29360e-03,0.03,0.05
2.29368e-03,0.01,-0.03
2.29376e-03,0.03,0.05
2.29384e-03,0.01,-0.01
2.29392e-03,0.03,0.05
2.29400e-03,0.03,-0.01
2.29408e-03,0.01,0.05
2.29416e-03,0.03,-0.01
2.29424e-03,0.01,0.05
2.29432e-03,0.03,-0.01
2.29440e-03,0.03,0.05
2.29448e-03,0.03,-0.01
2.29456e-03,0.03,0.05
2.29464e-03,0.01,-0.01
2.29472e-03,0.03,0.05
2.29480e-03,0.03,-0.01
2.29488e-03,0.05,0.05
2.29496e-03,0.03,-0.03
2.29504e-03,0.03,0.05
2.29512e-03,0.03,-0.01
2.29520e-03,0.01,0.05
2.29528e-03,0.03,-0.03
2.29536e-03,0.01,0.05
2.29544e-03,0.05,-0.01
2.29552e-03,0.01,0.05
2.29560e-03,0.03,-0.03
2.29568e-03,0.01,0.05
2.29576e-03,0.01,-0.01
2.29584e-03,0.01,0.05
2.29592e-03,0.03,-0.03
2.29600e-03,0.03,0.07
2.29608e-03,0.01,-0.03
2.29616e-03,0.03,0.07
2.29624e-03,0.01,-0.03
2.29632e-03,0.03,0.05
2.29640e-03,0.03,-0.03
2.29648e-03,0.01,0.05
2.29656e-03,0.01,-0.03
2.29664e-03,0.03,0.05
2.29672e-03,0.03,-0.01
2.29680e-03,0.01,0.05
2.29688e-03,0.03,-0.03
2.29696e-03,0.01,0.05
2.29704e-03,0.05,-0.01
2.29712e-03,0.03,0.05
2.29720e-03,0.03,-0.01
2.29728e-03,0.03,0.05
2.29736e-03,0.01,-0.03
2.29744e-03,0.03,0.05
2.29752e-03,0.03,-0.01
2.29760e-03,0.03,0.05
2.29768e-03,0.03,-0.03
2.29776e-03,0.03,0.05
2.29784e-03,0.03,-0.03
2.29792e-03,0.01,0.05
2.29800e-03,0.01,-0.01
2.29808e-03,0.03,0.05
2.29816e-03,0.03,-0.01
2.29824e-03,0.01,0.05
2.29832e-03,0.03,-0.03
2.29840e-03,0.03,0.05
2.29848e-03,0.03,-0.01
2.29856e-03,0.05,0.05
2.29864e-03,0.03,-0.01
2.29872e-03,0.03,0.05
2.29880e-03,0.01,-0.01
2.29888e-03,0.01,0.07
2.29896e-03,0.01,-0.03
2.29904e-03,0.03,0.05
2.29912e-03,0.03,-0.03
2.29920e-03,0.01,0.05
2.29928e-03,0.03,-0.03
2.29936e-03,0.01,0.05
2.29944e-03,0.03,-0.03
2.29952e-03,0.01,0.05
2.29960e-03,0.03,-0.01
2.29968e-03,0.01,0.05
2.29976e-03,0.03,-0.03
2.29984e-03,0.03,0.05
2.29992e-03,0.03,-0.01
2.30000e-03,0.03,0.05
2.30008e-03,0.01,-0.03
2.30016e-03,0.03,0.05
2.30024e-03,0.01,-0.03
2.30032e-03,0.03,0.05
2.30040e-03,0.03,-0.03
2.30048e-03,0.03,0.05
2.30056e-03,0.03,-0.03
2.30064e-03,0.03,0.05
2.30072e-03,0.05,-0.03
2.30080e-03,0.01,0.05
2.30088e-03,0.05,-0.03
2.30096e-03,0.01,0.05
2.30104e-03,0.03,-0.03
2.30112e-03,0.03,0.05
2.30120e-03,0.03,-0.01
2.30128e-03,0.05,0.05
2.30136e-03,0.01,-0.01
2.30144e-03,0.03,0.05
2.30152e-03,0.01,-0.03
2.30160e-03,0.05,0.05
2.30168e-03,0.03,-0.03
2.30176e-03,0.03,0.05
2.30184e-03,0.03,-0.01
2.30192e-03,0.03,0.05
2.30200e-03,0.03,-0.03
2.30208e-03,0.03,0.05
2.30216e-03,0.03,-0.03
2.30224e-03,0.03,0.05
2.30232e-03,0.03,-0.01
2.30240e-03,0.03,0.05
2.30248e-03,0.03,-0.01
2.30256e-03,0.05,0.05
2.30264e-03,0.01,-0.01
2.30272e-03,0.03,0.05
2.30280e-03,0.01,-0.01
2.30288e-03,0.05,0.07
2.30296e-03,0.01,-0.03
2.30304e-03,0.01,0.07
2.30312e-03,0.03,-0.01
2.30320e-03,0.01,0.05
2.30328e-03,0.03,-0.01
2.30336e-03,0.01,0.05
2.30344e-03,0.05,-0.03
2.30352e-03,0.01,0.05
2.30360e-03,0.05,-0.03
2.30368e-03,0.03,0.05
2.30376e-03,0.03,-0.03
2.30384e-03,0.03,0.07
2.30392e-03,0.01,-0.03
2.30400e-03,0.03,0.05
2.30408e-03,0.03,-0.01
2.30416e-03,0.03,0.05
2.30424e-03,0.03,-0.03
2.30432e-03,0.03,0.05
2.30440e-03,0.03,-0.01
2.30448e-03,0.01,0.05
2.30456e-03,0.03,-0.03
2.30464e-03,0.03,0.05
2.30472e-03,0.03,-0.01
2.30480e-03,0.01,0.05
2.30488e-03,0.03,-0.03
2.30496e-03,0.01,0.05
2.30504e-03,0.03,-0.03
2.30512e-03,0.03,0.05
2.30520e-03,0.03,-0.01
2.30528e-03,0.05,0.05
2.30536e-03,0.03,-0.01
2.30544e-03,0.03,0.05
2.30552e-03,0.01,-0.03
2.30560e-03,0.05,0.05
2.30568e-03,0.01,-0.03
2.30576e-03,0.05,0.05
2.30584e-03,0.01,-0.03
2.30592e-03,0.01,0.05
2.30600e-03,0.05,-0.01
2.30608e-03,0.01,0.05
2.30616e-03,0.05,-0.01
2.30624e-03,0.01,0.05
2.30632e-03,0.03,-0.01
2.30640e-03,0.01,0.05
2.30648e-03,0.01,-0.03
2.30656e-03,0.03,0.05
2.30664e-03,0.03,-0.01
2.30672e-03,0.05,0.05
2.30680e-03,0.03,-0.01
2.30688e-03,0.05,0.05
2.30696e-03,0.03,-0.01
2.30704e-03,0.03,0.05
2.30712e-03,0.03,-0.01
2.30720e-03,0.05,0.05
2.30728e-03,0.03,-0.03
2.30736e-03,0.03,0.05
2.30744e-03,0.03,-0.03
2.30752e-03,0.03,0.05
2.30760e-03,0.03,-0.01
2.30768e-03,0.01,0.05
2.30776e-03,0.03,-0.03
2.30784e-03,0.03,0.07
2.30792e-03,0.03,-0.03
2.30800e-03,0.01,0.05
2.30808e-03,0.03,-0.03
2.30816e-03,0.05,0.05
2.30824e-03,0.03,-0.05
2.30832e-03,0.05,0.07
2.30840e-03,0.01,-0.03
2.30848e-03,0.01,0.05
2.30856e-03,0.03,-0.03
2.30864e-03,0.01,0.07
2.30872e-03,0.05,-0.01
2.30880e-03,0.01,0.05
2.30888e-03,0.03,-0.01
2.30896e-03,0.01,0.05
2.30904e-03,0.03,-0.03
2.30912e-03,0.03,0.05
2.30920e-03,0.03,-0.03
2.30928e-03,0.03,0.05
2.30936e-03,0.01,-0.01
2.30944e-03,0.03,0.05
2.30952e-03,0.01,-0.03
2.30960e-03,0.05,0.05
2.30968e-03,0.01,-0.03
2.30976e-03,0.03,0.05
2.30984e-03,0.03,-0.03
2.30992e-03,0.03,0.05
2.31000e-03,0.03,-0.03
2.31008e-03,0.01,0.05
2.31016e-03,0.03,-0.03
2.31024e-03,0.03,0.05
2.31032e-03,0.03,-0.03
2.31040e-03,0.01,0.07
2.31048e-03,0.01,-0.03
2.31056e-03,0.03,0.05
2.31064e-03,0.01,-0.03
2.31072e-03,0.05,0.07
2.31080e-03,0.01,-0.03
2.31088e-03,0.03,0.05
2.31096e-03,0.01,-0.03
2.31104e-03,0.01,0.05
2.31112e-03,0.03,-0.03
2.31120e-03,0.01,0.05
2.31128e-03,0.03,-0.03
2.31136e-03,0.01,0.05
2.31144e-03,0.03,-0.03
2.31152e-03,0.01,0.05
2.31160e-03,0.01,-0.03
2.31168e-03,0.01,0.05
2.31176e-03,0.05,-0.03
2.31184e-03,0.01,0.05
2.31192e-03,0.01,-0.03
2.31200e-03,0.05,0.07
2.31208e-03,0.01,-0.03
2.31216e-03,0.05,0.05
2.31224e-03,0.01,-0.03
2.31232e-03,0.03,0.05
2.31240e-03,0.01,-0.03
2.31248e-03,0.03,0.05
2.31256e-03,0.01,-0.03
2.31264e-03,0.03,0.05
2.31272e-03,0.03,-0.03
2.31280e-03,0.01,0.05
2.31288e-03,0.03,-0.01
2.31296e-03,0.03,0.05
2.31304e-03,0.03,-0.01
2.31312e-03,0.03,0.07
2.31320e-03,0.03,-0.01
2.31328e-03,0.03,0.05
2.31336e-03,0.03,-0.01
2.31344e-03,0.05,0.05
2.31352e-03,0.03,-0.01
2.31360e-03,0.03,0.05
2.31368e-03,0.03,-0.01
2.31376e-03,0.03,0.05
2.31384e-03,0.03,-0.03
2.31392e-03,0.01,0.05
2.31400e-03,0.05,-0.01
2.31408e-03,0.01,0.05
2.31416e-03,0.01,-0.01
2.31424e-03,0.03,0.05
2.31432e-03,0.05,-0.01
2.31440e-03,0.03,0.05
2.31448e-03,0.03,-0.01
2.31456e-03,0.03,0.05
2.31464e-03,0.01,-0.03
2.31472e-03,0.03,0.05
2.31480e-03,0.01,-0.01
2.31488e-03,0.03,0.05
2.31496e-03,0.01,-0.03
2.31504e-03,0.05,0.05
2.31512e-03,0.03,-0.03
2.31520e-03,0.03,0.05
2.31528e-03,0.03,-0.01
2.31536e-03,0.03,0.05
2.31544e-03,0.03,-0.01
2.31552e-03,0.01,0.05
2.31560e-03,0.03,-0.03
2.31568e-03,0.01,0.05
2.31576e-03,0.05,-0.01
2.31584e-03,0.03,0.05
2.31592e-03,0.03,-0.03
2.31600e-03,0.03,0.05
2.31608e-03,0.01,-0.03
2.31616e-03,0.03,0.05
2.31624e-03,0.03,-0.03
2.31632e-03,0.05,0.05
2.31640e-03,0.01,-0.05
2.31648e-03,0.01,0.05
2.31656e-03,0.03,-0.03
2.31664e-03,0.03,0.05
2.31672e-03,0.03,-0.01
2.31680e-03,0.03,0.05
2.31688e-03,0.07,-0.03
2.31696e-03,0.05,0.05
2.31704e-03,0.03,-0.03
2.31712e-03,0.01,0.07
2.31720e-03,0.03,-0.03
2.31728e-03,0.03,0.05
2.31736e-03,0.03,-0.03
2.31744e-03,0.03,0.05
2.31752e-03,0.03,-0.01
2.31760e-03,0.03,0.05
2.31768e-03,0.01,-0.03
2.31776e-03,0.03,0.05
2.31784e-03,0.01,-0.03
2.31792e-03,0.03,0.05
2.31800e-03,0.01,-0.01
2.31808e-03,0.01,0.07
2.31816e-03,0.05,-0.01
2.31824e-03,0.03,0.05
2.31832e-03,0.05,-0.01
2.31840e-03,0.01,0.05
2.31848e-03,0.01,-0.01
2.31856e-03,0.03,0.07
2.31864e-03,0.01,-0.03
2.31872e-03,0.01,0.05
2.31880e-03,0.01,-0.03
2.31888e-03,0.03,0.05
2.31896e-03,0.03,-0.01
2.31904e-03,0.03,0.05
2.31912e-03,0.03,-0.01
2.31920e-03,0.05,0.05
2.31928e-03,0.03,-0.01
2.31936e-03,0.05,0.05
2.31944e-03,0.03,-0.03
2.31952e-03,0.03,0.07
2.31960e-03,0.05,-0.03
2.31968e-03,0.03,0.05
2.31976e-03,0.03,-0.03
2.31984e-03,0.03,0.05
2.31992e-03,0.03,-0.03
2.32000e-03,0.03,0.05
2.32008e-03,0.01,-0.01
2.32016e-03,0.03,0.05
2.32024e-03,0.01,-0.01
2.32032e-03,0.05,0.05
2.32040e-03,0.03,-0.03
2.32048e-03,0.03,0.05
2.32056e-03,0.03,-0.01
2.32064e-03,0.03,0.05
2.32072e-03,0.03,-0.01
2.32080e-03,0.03,0.05
2.32088e-03,0.03,-0.01
2.32096e-03,0.03,0.05
2.32104e-03,0.03,-0.03
2.32112e-03,0.03,0.05
2.32120e-03,0.03,-0.03
2.32128e-03,0.03,0.05
2.32136e-03,0.01,-0.03
2.32144e-03,0.05,0.07
2.32152e-03,0.01,-0.01
2.32160e-03,0.03,0.05
2.32168e-03,0.01,-0.01
2.32176e-03,0.03,0.05
2.32184e-03,0.01,-0.01
2.32192e-03,0.01,0.05
2.32200e-03,0.03,-0.01
2.32208e-03,0.03,0.05
2.32216e-03,0.03,-0.01
2.32224e-03,0.03,0.05
2.32232e-03,0.03,-0.01
2.32240e-03,0.03,0.05
2.32248e-03,0.03,-0.01
2.32256e-03,0.05,0.05
2.32264e-03,0.03,-0.01
2.32272e-03,0.03,0.05
2.32280e-03,0.03,-0.01
2.32288e-03,0.03,0.05
2.32296e-03,0.03,-0.01
2.32304e-03,0.03,0.05
2.32312e-03,0.01,-0.01
2.32320e-03,0.03,0.05
2.32328e-03,0.03,-0.03
2.32336e-03,0.03,0.05
2.32344e-03,0.03,-0.03
2.32352e-03,0.01,0.05
2.32360e-03,0.05,-0.01
2.32368e-03,0.03,0.05
2.32376e-03,0.03,-0.01
2.32384e-03,0.03,0.05
2.32392e-03,0.01,-0.03
2.32400e-03,0.03,0.05
2.32408e-03,0.03,-0.03
2.32416e-03,0.05,0.05
2.32424e-03,-0.01,-0.01
2.32432e-03,0.03,0.05
2.32440e-03,0.03,-0.03
2.32448e-03,0.03,0.05
2.32456e-03,0.03,-0.01
2.32464e-03,0.03,0.05
2.32472e-03,0.05,-0.03
2.32480e-03,0.01,0.05
2.32488e-03,0.03,-0.03
2.32496e-03,0.03,0.07
2.32504e-03,0.03,-0.03
2.32512e-03,0.05,0.07
2.32520e-03,0.05,-0.03
2.32528e-03,0.03,0.07
2.32536e-03,0.03,-0.03
2.32544e-03,0.03,0.07
2.32552e-03,0.01,-0.03
2.32560e-03,0.03,0.07
2.32568e-03,0.03,-0.03
2.32576e-03,0.03,0.07
2.32584e-03,0.03,-0.03
2.32592e-03,0.01,0.05
2.32600e-03,0.03,-0.03
2.32608e-03,0.01,0.05
2.32616e-03,0.03,-0.01
2.32624e-03,0.01,0.05
2.32632e-03,0.03,-0.01
2.32640e-03,0.03,0.05
2.32648e-03,0.03,-0.03
2.32656e-03,0.03,0.05
2.32664e-03,0.03,-0.01
2.32672e-03,0.03,0.05
2.32680e-03,0.03,-0.03
2.32688e-03,0.03,0.05
2.32696e-03,0.03,-0.01
2.32704e-03,0.03,0.05
2.32712e-03,0.03,-0.03
2.32720e-03,0.01,0.05
2.32728e-03,0.05,-0.03
2.32736e-03,0.03,0.05
2.32744e-03,0.03,-0.03
2.32752e-03,0.01,0.05
2.32760e-03,0.03,-0.03
2.32768e-03,0.01,0.05
2.32776e-03,0.03,-0.03
2.32784e-03,0.03,0.05
2.32792e-03,0.03,-0.03
2.32800e-03,0.03,0.05
2.32808e-03,-0.01,-0.03
2.32816e-03,0.05,0.05
2.32824e-03,0.01,-0.03
2.32832e-03,0.03,0.05
2.32840e-03,0.01,-0.03
2.32848e-03,0.03,0.05
2.32856e-03,0.01,-0.01
2.32864e-03,0.03,0.05
2.32872e-03,0.03,-0.03
2.32880e-03,0.01,0.05
2.32888e-03,0.03,-0.01
2.32896e-03,0.01,0.05
2.32904e-03,0.01,-0.03
2.32912e-03,0.01,0.05
2.32920e-03,0.03,-0.05
2.32928e-03,0.01,0.07
2.32936e-03,0.03,-0.03
2.32944e-03,0.05,0.05
2.32952e-03,0.01,-0.03
2.32960e-03,0.03,0.05
2.32968e-03,0.01,-0.03
2.32976e-03,0.03,0.05
2.32984e-03,0.03,-0.03
2.32992e-03,0.01,0.05
2.33000e-03,0.03,-0.03
2.33008e-03,0.01,0.05
2.33016e-03,0.03,-0.01
2.33024e-03,0.01,0.03
2.33032e-03,0.03,-0.03
2.33040e-03,0.03,0.05
2.33048e-03,0.03,-0.03
2.33056e-03,0.03,0.05
2.33064e-03,0.01,-0.01
2.33072e-03,0.05,0.05
2.33080e-03,0.01,-0.03
2.33088e-03,0.03,0.05
2.33096e-03,0.03,-0.03
2.33104e-03,0.03,0.05
2.33112e-03,0.03,-0.01
2.33120e-03,0.01,0.05
2.33128e-03,0.03,-0.01
2.33136e-03,0.03,0.05
2.33144e-03,0.03,-0.03
2.33152e-03,0.01,0.05
2.33160e-03,0.03,-0.01
2.33168e-03,0.03,0.05
2.33176e-03,0.03,-0.03
2.33184e-03,0.03,0.05
2.33192e-03,0.03,-0.03
2.33200e-03,0.05,0.05
2.33208e-03,0.01,-0.01
2.33216e-03,0.05,0.05
2.33224e-03,0.05,-0.01
2.33232e-03,0.05,0.05
2.33240e-03,0.03,-0.01
2.33248e-03,0.03,0.05
2.33256e-03,0.03,-0.01
2.33264e-03,0.01,0.05
2.33272e-03,0.01,-0.03
2.33280e-03,0.03,0.05
2.33288e-03,0.03,-0.01
2.33296e-03,0.01,0.05
2.33304e-03,0.03,-0.03
2.33312e-03,0.03,0.05
2.33320e-03,0.03,-0.03
2.33328e-03,0.03,0.05
2.33336e-03,0.03,-0.03
2.33344e-03,0.03,0.05
2.33352e-03,0.01,-0.01
2.33360e-03,0.03,0.05
2.33368e-03,0.05,-0.03
2.33376e-03,0.03,0.07
2.33384e-03,0.05,-0.03
2.33392e-03,0.01,0.07
2.33400e-03,0.03,-0.03
2.33408e-03,0.01,0.05
2.33416e-03,0.03,-0.03
2.33424e-03,0.01,0.05
2.33432e-03,0.03,-0.03
2.33440e-03,0.03,0.05
2.33448e-03,0.01,-0.01
2.33456e-03,0.03,0.05
2.33464e-03,0.01,-0.03
2.33472e-03,0.03,0.05
2.33480e-03,0.01,-0.01
2.33488e-03,0.03,0.05
2.33496e-03,0.03,-0.01
2.33504e-03,0.03,0.05
2.33512e-03,0.03,-0.01
2.33520e-03,0.03,0.05
2.33528e-03,0.05,-0.01
2.33536e-03,0.03,0.05
2.33544e-03,0.03,-0.03
2.33552e-03,0.01,0.05
2.33560e-03,0.05,-0.03
2.33568e-03,0.03,0.05
2.33576e-03,0.05,-0.01
2.33584e-03,0.01,0.05
2.33592e-03,0.03,-0.05
2.33600e-03,0.03,0.09
2.33608e-03,0.03,-0.03
2.33616e-03,0.05,0.07
2.33624e-03,0.03,-0.03
2.33632e-03,0.05,0.05
2.33640e-03,0.01,-0.01
2.33648e-03,0.03,0.07
2.33656e-03,0.03,-0.03
2.33664e-03,0.01,0.05
2.33672e-03,0.03,-0.01
2.33680e-03,0.01,0.05
2.33688e-03,0.05,-0.03
2.33696e-03,0.01,0.05
2.33704e-03,0.01,-0.03
2.33712e-03,0.03,0.05
2.33720e-03,0.03,-0.03
2.33728e-03,0.03,0.05
2.33736e-03,0.03,-0.01
2.33744e-03,0.01,0.05
2.33752e-03,0.03,-0.01
2.33760e-03,0.03,0.05
2.33768e-03,0.01,-0.03
2.33776e-03,0.05,0.05
2.33784e-03,0.03,-0.01
2.33792e-03,0.03,0.05
2.33800e-03,0.05,-0.03
2.33808e-03,0.01,0.05
2.33816e-03,0.03,-0.03
2.33824e-03,0.01,0.05
2.33832e-03,0.03,-0.01
2.33840e-03,0.03,0.05
2.33848e-03,0.01,-0.01
2.33856e-03,0.03,0.05
2.33864e-03,0.01,-0.01
2.33872e-03,0.03,0.05
2.33880e-03,0.03,-0.01
2.33888e-03,0.03,0.05
2.33896e-03,0.03,-0.01
2.33904e-03,0.05,0.05
2.33912e-03,0.01,-0.03
2.33920e-03,0.03,0.05
2.33928e-03,0.05,-0.01
2.33936e-03,0.03,0.05
2.33944e-03,0.05,-0.03
2.33952e-03,0.03,0.05
2.33960e-03,0.03,-0.03
2.33968e-03,0.01,0.05
2.33976e-03,0.05,-0.01
2.33984e-03,0.01,0.05
2.33992e-03,0.01,-0.05
2.34000e-03,0.03,0.07
2.34008e-03,0.03,-0.03
2.34016e-03,0.03,0.05
2.34024e-03,0.01,-0.03
2.34032e-03,0.05,0.05
2.34040e-03,0.01,-0.03
2.34048e-03,0.03,0.05
2.34056e-03,0.03,-0.03
2.34064e-03,0.01,0.05
2.34072e-03,0.05,-0.01
2.34080e-03,0.03,0.05
2.34088e-03,0.03,-0.01
2.34096e-03,0.03,0.05
2.34104e-03,0.03,-0.01
2.34112e-03,0.03,0.05
2.34120e-03,0.03,-0.01
2.34128e-03,0.03,0.05
2.34136e-03,0.03,-0.03
2.34144e-03,0.05,0.05
2.34152e-03,0.03,-0.03
2.34160e-03,0.03,0.05
2.34168e-03,0.01,-0.03
2.34176e-03,0.03,0.05
2.34184e-03,0.03,-0.03
2.34192e-03,0.03,0.07
2.34200e-03,0.07,-0.05
2.34208e-03,0.01,0.07
2.34216e-03,0.03,-0.03
2.34224e-03,0.03,0.07
2.34232e-03,0.05,-0.03
2.34240e-03,0.03,0.05
2.34248e-03,0.03,-0.01
2.34256e-03,0.03,0.05
2.34264e-03,0.01,-0.01
2.34272e-03,0.03,0.05
2.34280e-03,0.03,-0.01
2.34288e-03,0.03,0.05
2.34296e-03,0.03,-0.03
2.34304e-03,0.01,0.05
2.34312e-03,0.03,-0.03
2.34320e-03,0.03,0.07
2.34328e-03,0.05,-0.03
2.34336e-03,0.01,0.07
2.34344e-03,0.03,-0.03
2.34352e-03,0.03,0.05
2.34360e-03,0.03,-0.01
2.34368e-03,0.03,0.05
2.34376e-03,0.01,-0.01
2.34384e-03,0.03,0.05
2.34392e-03,0.03,-0.01
2.34400e-03,0.01,0.05
2.34408e-03,0.01,-0.03
2.34416e-03,0.03,0.05
2.34424e-03,0.01,-0.03
2.34432e-03,0.03,0.05
2.34440e-03,0.03,-0.01
2.34448e-03,0.03,0.05
2.34456e-03,0.03,-0.01
2.34464e-03,0.03,0.05
2.34472e-03,0.03,-0.03
2.34480e-03,0.01,0.05
2.34488e-03,0.03,-0.01
2.34496e-03,0.03,0.05
2.34504e-03,0.03,-0.03
2.34512e-03,0.05,0.05
2.34520e-03,0.05,-0.01
2.34528e-03,0.03,0.05
2.34536e-03,0.01,-0.01
2.34544e-03,0.03,0.05
2.34552e-03,0.01,-0.03
2.34560e-03,0.03,0.05
2.34568e-03,0.01,-0.03
2.34576e-03,0.01,0.05
2.34584e-03,0.03,-0.01
2.34592e-03,0.01,0.05
2.34600e-03,0.03,-0.03
2.34608e-03,0.01,0.07
2.34616e-03,0.05,-0.03
2.34624e-03,0.01,0.05
2.34632e-03,0.03,-0.01
2.34640e-03,0.03,0.05
2.34648e-03,0.01,-0.03
2.34656e-03,0.03,0.05
2.34664e-03,0.01,-0.01
2.34672e-03,0.01,0.05
2.34680e-03,0.01,-0.01
2.34688e-03,0.03,0.05
2.34696e-03,0.01,-0.03
2.34704e-03,0.03,0.05
2.34712e-03,0.03,-0.03
2.34720e-03,0.01,0.05
2.34728e-03,0.03,-0.03
2.34736e-03,0.01,0.05
2.34744e-03,0.03,-0.01
2.34752e-03,0.01,0.05
2.34760e-03,0.01,-0.01
2.34768e-03,0.01,0.05
2.34776e-03,0.03,-0.03
2.34784e-03,0.03,0.05
2.34792e-03,0.01,-0.01
2.34800e-03,0.03,0.05
2.34808e-03,0.03,-0.01
2.34816e-03,0.03,0.05
2.34824e-03,0.01,-0.01
2.34832e-03,0.01,0.05
2.34840e-03,0.03,-0.03
2.34848e-03,0.03,0.05
2.34856e-03,0.01,-0.03
2.34864e-03,0.01,0.05
2.34872e-03,0.01,-0.01
2.34880e-03,0.01,0.05
2.34888e-03,0.03,-0.01
2.34896e-03,0.01,0.05
2.34904e-03,0.03,-0.01
2.34912e-03,0.01,0.05
2.34920e-03,0.01,-0.01
2.34928e-03,0.03,0.05
2.34936e-03,0.03,-0.03
2.34944e-03,0.03,0.05
2.34952e-03,0.01,-0.03
2.34960e-03,0.03,0.05
2.34968e-03,0.01,-0.01
2.34976e-03,0.03,0.05
2.34984e-03,0.03,-0.03
2.34992e-03,-0.01,0.05
2.35000e-03,0.03,-0.03
2.35008e-03,0.03,0.05
2.35016e-03,0.03,-0.01
2.35024e-03,0.01,0.05
2.35032e-03,0.03,-0.03
2.35040e-03,0.03,0.05
2.35048e-03,0.05,-0.03
2.35056e-03,0.05,0.05
2.35064e-03,0.03,-0.03
2.35072e-03,0.03,0.07
2.35080e-03,0.03,-0.03
2.35088e-03,0.01,0.07
2.35096e-03,0.03,-0.03
2.35104e-03,0.03,0.07
2.35112e-03,0.03,-0.01
2.35120e-03,0.03,0.05
2.35128e-03,0.01,-0.03
2.35136e-03,0.03,0.05
2.35144e-03,0.03,-0.03
2.35152e-03,0.01,0.05
2.35160e-03,0.01,-0.03
2.35168e-03,0.03,0.05
2.35176e-03,0.03,-0.03
2.35184e-03,0.03,0.05
2.35192e-03,0.03,-0.01
2.35200e-03,0.03,0.05
2.35208e-03,0.01,-0.01
2.35216e-03,0.03,0.05
2.35224e-03,0.01,-0.01
2.35232e-03,0.03,0.05
2.35240e-03,0.03,-0.03
2.35248e-03,0.03,0.05
2.35256e-03,0.03,-0.03
2.35264e-03,0.03,0.05
2.35272e-03,0.03,-0.03
2.35280e-03,0.01,0.05
2.35288e-03,0.03,-0.03
2.35296e-03,0.01,0.05
2.35304e-03,0.05,-0.03
2.35312e-03,0.01,0.05
2.35320e-03,0.03,-0.01
2.35328e-03,0.03,0.05
2.35336e-03,0.01,-0.01
2.35344e-03,0.05,0.05
2.35352e-03,0.03,-0.03
2.35360e-03,0.03,0.05
2.35368e-03,0.03,-0.03
2.35376e-03,0.03,0.05
2.35384e-03,0.03,-0.01
2.35392e-03,0.03,0.05
2.35400e-03,0.03,-0.03
2.35408e-03,0.01,0.05
2.35416e-03,0.05,-0.03
2.35424e-03,0.01,0.05
2.35432e-03,0.03,-0.03
2.35440e-03,0.03,0.05
2.35448e-03,0.03,-0.03
2.35456e-03,0.03,0.05
2.35464e-03,0.01,-0.03
2.35472e-03,0.03,0.05
2.35480e-03,0.01,-0.03
2.35488e-03,0.03,0.05
2.35496e-03,0.03,-0.03
2.35504e-03,0.03,0.05
2.35512e-03,0.03,-0.03
2.35520e-03,0.05,0.05
2.35528e-03,0.03,-0.03
2.35536e-03,0.01,0.05
2.35544e-03,0.03,-0.03
2.35552e-03,0.01,0.05
2.35560e-03,0.03,-0.03
2.35568e-03,0.03,0.07
2.35576e-03,0.03,-0.03
2.35584e-03,0.03,0.05
2.35592e-03,0.01,-0.01
2.35600e-03,0.03,0.05
2.35608e-03,0.01,-0.01
2.35616e-03,0.03,0.05
2.35624e-03,0.03,-0.01
2.35632e-03,0.03,0.05
2.35640e-03,0.03,-0.01
2.35648e-03,0.03,0.05
2.35656e-03,0.03,-0.03
2.35664e-03,0.03,0.05
2.35672e-03,0.05,-0.01
2.35680e-03,0.01,0.05
2.35688e-03,0.03,-0.03
2.35696e-03,0.01,0.05
2.35704e-03,0.03,-0.03
2.35712e-03,0.03,0.05
2.35720e-03,0.01,-0.01
2.35728e-03,0.03,0.05
2.35736e-03,0.01,-0.01
2.35744e-03,0.03,0.05
2.35752e-03,0.03,-0.01
2.35760e-03,0.03,0.05
2.35768e-03,0.03,-0.01
2.35776e-03,0.03,0.05
2.35784e-03,0.03,-0.01
2.35792e-03,0.03,0.05
2.35800e-03,0.03,-0.01
2.35808e-03,0.03,0.05
2.35816e-03,0.03,-0.01
2.35824e-03,0.01,0.05
2.35832e-03,0.03,-0.03
2.35840e-03,0.01,0.05
2.35848e-03,-0.01,-0.03
2.35856e-03,0.03,0.05
2.35864e-03,0.03,-0.05
2.35872e-03,0.03,0.07
2.35880e-03,0.03,-0.05
2.35888e-03,0.01,0.07
2.35896e-03,0.01,-0.03
2.35904e-03,0.03,0.05
2.35912e-03,0.03,-0.03
2.35920e-03,0.03,0.05
2.35928e-03,0.03,-0.03
2.35936e-03,0.01,0.05
2.35944e-03,0.01,-0.03
2.35952e-03,0.01,0.05
2.35960e-03,0.03,-0.03
2.35968e-03,0.01,0.07
2.35976e-03,0.01,-0.03
2.35984e-03,0.03,0.05
2.35992e-03,0.01,-0.01
2.36000e-03,0.03,0.05
2.36008e-03,0.01,-0.03
2.36016e-03,0.03,0.05
2.36024e-03,0.01,-0.03
2.36032e-03,0.03,0.05
2.36040e-03,0.01,-0.03
2.36048e-03,0.03,0.05
2.36056e-03,0.03,-0.01
2.36064e-03,0.03,0.05
2.36072e-03,0.05,-0.01
2.36080e-03,0.01,0.05
2.36088e-03,0.03,-0.03
2.36096e-03,0.03,0.05
2.36104e-03,0.03,-0.03
2.36112e-03,0.01,0.05
2.36120e-03,0.01,-0.03
2.36128e-03,0.05,0.07
2.36136e-03,0.01,-0.01
2.36144e-03,0.03,0.05
2.36152e-03,0.01,-0.03
2.36160e-03,0.03,0.07
2.36168e-03,0.03,-0.01
2.36176e-03,0.03,0.05
2.36184e-03,0.03,-0.03
2.36192e-03,0.01,0.05
2.36200e-03,0.03,-0.01
2.36208e-03,0.01,0.05
2.36216e-03,0.03,-0.03
2.36224e-03,0.01,0.05
2.36232e-03,0.03,-0.03
2.36240e-03,0.01,0.05
2.36248e-03,0.01,-0.03
2.36256e-03,0.03,0.05
2.36264e-03,0.01,-0.03
2.36272e-03,0.01,0.05
2.36280e-03,0.01,-0.03
2.36288e-03,0.01,0.05
2.36296e-03,0.01,-0.01
2.36304e-03,0.03,0.05
2.36312e-03,0.03,-0.01
2.36320e-03,0.03,0.05
2.36328e-03,0.03,-0.03
2.36336e-03,0.03,0.05
2.36344e-03,0.03,-0.03
2.36352e-03,0.01,0.05
2.36360e-03,0.05,-0.03
2.36368e-03,0.03,0.05
2.36376e-03,0.03,-0.01
2.36384e-03,0.03,0.05
2.36392e-03,0.01,-0.03
2.36400e-03,0.03,0.05
2.36408e-03,0.01,-0.01
2.36416e-03,0.03,0.05
2.36424e-03,0.01,-0.01
2.36432e-03,0.03,0.05
2.36440e-03,0.01,-0.03
2.36448e-03,0.01,0.05
2.36456e-03,0.03,-0.03
2.36464e-03,0.01,0.05
2.36472e-03,0.03,-0.03
2.36480e-03,0.01,0.05
2.36488e-03,0.03,-0.03
2.36496e-03,0.03,0.05
2.36504e-03,0.05,-0.01
2.36512e-03,0.03,0.05
2.36520e-03,0.01,-0.01
2.36528e-03,0.03,0.05
2.36536e-03,0.01,-0.03
2.36544e-03,0.01,0.05
2.36552e-03,0.01,-0.01
2.36560e-03,0.03,0.05
2.36568e-03,0.01,-0.03
2.36576e-03,0.03,0.05
2.36584e-03,0.03,-0.01
2.36592e-03,0.01,0.05
2.36600e-03,0.05,-0.03
2.36608e-03,0.01,0.05
2.36616e-03,0.03,-0.03
2.36624e-03,0.03,0.05
2.36632e-03,0.01,-0.03
2.36640e-03,0.03,0.05
2.36648e-03,0.03,-0.03
2.36656e-03,0.03,0.05
2.36664e-03,0.01,-0.01
2.36672e-03,0.03,0.05
2.36680e-03,0.01,-0.01
2.36688e-03,0.03,0.05
2.36696e-03,0.01,-0.01
2.36704e-03,0.03,0.05
2.36712e-03,0.03,-0.01
2.36720e-03,0.03,0.05
2.36728e-03,0.03,-0.03
2.36736e-03,0.01,0.05
2.36744e-03,0.03,-0.03
2.36752e-03,0.01,0.07
2.36760e-03,0.05,-0.03
2.36768e-03,0.03,0.07
2.36776e-03,0.03,-0.03
2.36784e-03,0.03,0.05
2.36792e-03,0.03,-0.01
2.36800e-03,0.03,0.05
2.36808e-03,0.03,-0.01
2.36816e-03,0.03,0.05
2.36824e-03,0.03,-0.01
2.36832e-03,0.03,0.05
2.36840e-03,0.01,-0.01
2.36848e-03,0.03,0.05
2.36856e-03,0.03,-0.03
2.36864e-03,-0.01,0.05
2.36872e-03,0.05,-0.03
2.36880e-03,0.01,0.05
2.36888e-03,0.03,-0.03
2.36896e-03,0.01,0.05
2.36904e-03,0.03,-0.03
2.36912e-03,0.01,0.05
2.36920e-03,0.07,-0.03
2.36928e-03,0.03,0.05
2.36936e-03,0.01,-0.05
2.36944e-03,0.03,0.07
2.36952e-03,0.03,-0.03
2.36960e-03,0.03,0.07
2.36968e-03,0.01,-0.03
2.36976e-03,0.03,0.03
2.36984e-03,0.03,-0.03
2.36992e-03,0.01,0.05
2.37000e-03,0.01,-0.01
2.37008e-03,0.01,0.05
2.37016e-03,0.03,-0.01
2.37024e-03,0.01,0.05
2.37032e-03,0.03,-0.01
2.37040e-03,0.03,0.05
2.37048e-03,0.01,-0.01
2.37056e-03,0.01,0.05
2.37064e-03,0.01,-0.03
2.37072e-03,0.03,0.05
2.37080e-03,-0.01,-0.01
2.37088e-03,0.05,0.05
2.37096e-03,0.01,-0.01
2.37104e-03,0.03,0.05
2.37112e-03,0.03,-0.01
2.37120e-03,0.01,0.05
2.37128e-03,0.03,-0.01
2.37136e-03,0.01,0.05
2.37144e-03,0.03,-0.01
2.37152e-03,0.01,0.05
2.37160e-03,0.03,-0.01
2.37168e-03,0.01,0.05
2.37176e-03,0.03,-0.03
2.37184e-03,0.03,0.05
2.37192e-03,0.03,-0.01
2.37200e-03,0.03,0.05
2.37208e-03,0.01,-0.03
2.37216e-03,0.03,0.05
2.37224e-03,0.01,-0.01
2.37232e-03,0.03,0.05
2.37240e-03,0.03,-0.03
2.37248e-03,0.01,0.05
2.37256e-03,0.03,-0.01
2.37264e-03,0.03,0.05
2.37272e-03,0.03,-0.01
2.37280e-03,0.01,0.05
2.37288e-03,0.03,-0.01
2.37296e-03,0.01,0.05
2.37304e-03,0.03,-0.01
2.37312e-03,0.03,0.05
2.37320e-03,0.03,-0.01
2.37328e-03,0.05,0.05
2.37336e-03,0.01,-0.01
2.37344e-03,0.05,0.05
2.37352e-03,0.01,-0.01
2.37360e-03,0.03,0.05
2.37368e-03,0.03,-0.03
2.37376e-03,0.01,0.05
2.37384e-03,0.03,-0.01
2.37392e-03,0.03,0.05
2.37400e-03,0.03,-0.01
2.37408e-03,0.01,0.05
2.37416e-03,0.03,-0.03
2.37424e-03,0.03,0.05
2.37432e-03,0.03,-0.03
2.37440e-03,0.03,0.07
2.37448e-03,0.01,-0.03
2.37456e-03,0.03,0.05
2.37464e-03,0.01,-0.03
2.37472e-03,0.05,0.05
2.37480e-03,0.01,-0.01
2.37488e-03,0.03,0.05
2.37496e-03,0.03,-0.03
2.37504e-03,0.03,0.05
2.37512e-03,0.03,-0.01
2.37520e-03,0.03,0.05
2.37528e-03,0.05,-0.01
2.37536e-03,0.03,0.05
2.37544e-03,0.01,-0.03
2.37552e-03,-0.01,0.07
2.37560e-03,0.03,-0.03
2.37568e-03,0.03,0.07
2.37576e-03,0.05,-0.05
2.37584e-03,0.03,0.07
2.37592e-03,0.01,-0.01
2.37600e-03,0.03,0.05
2.37608e-03,0.03,-0.03
2.37616e-03,0.01,0.05
2.37624e-03,0.05,-0.03
2.37632e-03,0.05,0.05
2.37640e-03,0.03,-0.03
2.37648e-03,0.03,0.05
2.37656e-03,0.05,-0.01
2.37664e-03,0.03,0.05
2.37672e-03,0.03,-0.03
2.37680e-03,0.01,0.05
2.37688e-03,0.03,-0.03
2.37696e-03,0.01,0.05
2.37704e-03,0.03,-0.03
2.37712e-03,0.03,0.05
2.37720e-03,0.03,-0.03
2.37728e-03,0.05,0.05
2.37736e-03,0.03,-0.01
2.37744e-03,0.05,0.05
2.37752e-03,0.03,-0.03
2.37760e-03,0.03,0.05
2.37768e-03,0.03,-0.03
2.37776e-03,0.03,0.05
2.37784e-03,0.03,-0.01
2.37792e-03,0.03,0.05
2.37800e-03,0.03,-0.03
2.37808e-03,0.03,0.05
2.37816e-03,0.03,-0.01
2.37824e-03,0.03,0.05
2.37832e-03,0.03,-0.01
2.37840e-03,0.01,0.05
2.37848e-03,0.03,-0.01
2.37856e-03,0.03,0.05
2.37864e-03,0.01,-0.01
2.37872e-03,0.03,0.05
2.37880e-03,0.03,-0.03
2.37888e-03,0.03,0.05
2.37896e-03,0.03,-0.03
2.37904e-03,0.05,0.05
2.37912e-03,0.01,-0.01
2.37920e-03,-0.01,0.05
2.37928e-03,0.03,-0.03
2.37936e-03,0.03,0.07
2.37944e-03,0.03,-0.03
2.37952e-03,0.01,0.05
2.37960e-03,0.03,-0.01
2.37968e-03,0.03,0.05
2.37976e-03,0.03,-0.03
2.37984e-03,0.03,0.05
2.37992e-03,0.01,-0.01
2.38000e-03,0.03,0.05
2.38008e-03,0.03,-0.01
2.38016e-03,0.03,0.05
2.38024e-03,0.03,-0.01
2.38032e-03,0.01,0.05
2.38040e-03,0.03,-0.01
2.38048e-03,0.01,0.05
2.38056e-03,0.05,-0.01
2.38064e-03,0.01,0.05
2.38072e-03,0.05,-0.01
2.38080e-03,0.01,0.05
2.38088e-03,0.03,-0.03
2.38096e-03,0.03,0.05
2.38104e-03,0.01,-0.01
2.38112e-03,0.03,0.05
2.38120e-03,0.01,-0.03
2.38128e-03,0.03,0.05
2.38136e-03,0.01,-0.01
2.38144e-03,0.03,0.05
2.38152e-03,0.03,-0.01
2.38160e-03,0.03,0.05
2.38168e-03,0.03,-0.01
2.38176e-03,0.05,0.03
2.38184e-03,0.03,-0.01
2.38192e-03,0.03,0.05
2.38200e-03,0.03,-0.01
2.38208e-03,0.01,0.05
2.38216e-03,0.03,-0.01
2.38224e-03,0.01,0.05
2.38232e-03,0.01,-0.01
2.38240e-03,0.03,0.05
2.38248e-03,0.01,-0.03
2.38256e-03,0.03,0.05
2.38264e-03,0.03,-0.01
2.38272e-03,0.01,0.05
2.38280e-03,0.03,-0.01
2.38288e-03,0.05,0.05
2.38296e-03,0.03,-0.01
2.38304e-03,0.03,0.05
2.38312e-03,0.03,-0.01
2.38320e-03,0.01,0.05
2.38328e-03,0.05,-0.01
2.38336e-03,0.01,0.05
2.38344e-03,0.03,-0.03
2.38352e-03,0.03,0.05
2.38360e-03,0.03,-0.01
2.38368e-03,0.03,0.05
2.38376e-03,0.01,-0.03
2.38384e-03,0.03,0.05
2.38392e-03,0.03,-0.01
2.38400e-03,0.03,0.03
2.38408e-03,0.03,-0.01
2.38416e-03,0.03,0.05
2.38424e-03,0.03,-0.03
2.38432e-03,0.03,0.05
2.38440e-03,0.03,-0.03
2.38448e-03,0.03,0.07
2.38456e-03,0.05,-0.03
2.38464e-03,0.03,0.07
2.38472e-03,0.03,-0.01
2.38480e-03,0.03,0.05
2.38488e-03,0.03,-0.03
2.38496e-03,0.03,0.05
2.38504e-03,0.03,-0.01
2.38512e-03,0.03,0.05
2.38520e-03,0.03,-0.03
2.38528e-03,0.01,0.05
2.38536e-03,0.03,-0.03
2.38544e-03,0.03,0.05
2.38552e-03,0.01,-0.01
2.38560e-03,0.01,0.05
2.38568e-03,0.05,-0.01
2.38576e-03,0.03,0.05
2.38584e-03,0.09,-0.01
2.38592e-03,0.01,0.05
2.38600e-03,0.03,-0.05
2.38608e-03,0.01,0.09
2.38616e-03,0.03,-0.01
2.38624e-03,0.01,0.07
2.38632e-03,0.03,-0.01
2.38640e-03,0.01,0.05
2.38648e-03,0.03,-0.01
2.38656e-03,0.03,0.05
2.38664e-03,0.01,-0.01
2.38672e-03,0.03,0.05
2.38680e-03,0.01,-0.03
2.38688e-03,0.03,0.05
2.38696e-03,0.03,-0.03
2.38704e-03,0.03,0.05
2.38712e-03,0.03,-0.01
2.38720e-03,0.01,0.05
2.38728e-03,0.03,-0.03
2.38736e-03,0.03,0.05
2.38744e-03,0.05,-0.03
2.38752e-03,0.03,0.05
2.38760e-03,0.03,-0.01
2.38768e-03,0.03,0.05
2.38776e-03,0.01,-0.01
2.38784e-03,0.03,0.05
2.38792e-03,0.01,-0.03
2.38800e-03,0.03,0.05
2.38808e-03,0.01,-0.01
2.38816e-03,0.03,0.05
2.38824e-03,0.03,-0.03
2.38832e-03,0.03,0.05
2.38840e-03,0.03,-0.01
2.38848e-03,0.03,0.05
2.38856e-03,0.03,-0.01
2.38864e-03,0.01,0.05
2.38872e-03,0.03,-0.01
2.38880e-03,0.01,0.05
2.38888e-03,0.05,-0.03
2.38896e-03,0.01,0.05
2.38904e-03,0.03,-0.01
2.38912e-03,0.01,0.05
2.38920e-03,0.03,-0.01
2.38928e-03,0.03,0.05
2.38936e-03,0.03,-0.03
2.38944e-03,0.01,0.05
2.38952e-03,0.01,-0.03
2.38960e-03,0.05,0.05
2.38968e-03,0.03,-0.03
2.38976e-03,0.03,0.07
2.38984e-03,0.03,-0.03
2.38992e-03,0.01,0.05
2.39000e-03,0.03,-0.01
2.39008e-03,0.03,0.05
2.39016e-03,0.05,-0.01
2.39024e-03,0.03,0.05
2.39032e-03,0.05,-0.01
2.39040e-03,0.01,0.05
2.39048e-03,0.03,-0.03
2.39056e-03,0.03,0.05
2.39064e-03,0.01,-0.01
2.39072e-03,0.03,0.05
2.39080e-03,0.03,-0.01
2.39088e-03,0.05,0.05
2.39096e-03,0.01,-0.01
2.39104e-03,0.03,0.05
2.39112e-03,0.03,-0.01
2.39120e-03,0.03,0.05
2.39128e-03,0.03,-0.01
2.39136e-03,0.03,0.05
2.39144e-03,0.03,-0.03
2.39152e-03,0.01,0.05
2.39160e-03,0.05,-0.03
2.39168e-03,0.03,0.05
2.39176e-03,0.03,-0.01
2.39184e-03,0.01,0.05
2.39192e-03,0.01,-0.03
2.39200e-03,0.05,0.05
2.39208e-03,0.03,-0.03
2.39216e-03,0.03,0.07
2.39224e-03,-0.01,-0.01
2.39232e-03,0.01,0.05
2.39240e-03,0.01,-0.03
2.39248e-03,0.01,0.05
2.39256e-03,0.05,-0.03
2.39264e-03,0.01,0.07
2.39272e-03,0.03,-0.03
2.39280e-03,0.01,0.05
2.39288e-03,0.05,-0.01
2.39296e-03,0.03,0.05
2.39304e-03,0.03,-0.03
2.39312e-03,0.03,0.05
2.39320e-03,0.01,-0.03
2.39328e-03,0.05,0.05
2.39336e-03,0.01,-0.03
2.39344e-03,0.03,0.05
2.39352e-03,0.01,-0.03
2.39360e-03,0.03,0.05
2.39368e-03,0.01,-0.01
2.39376e-03,0.03,0.05
2.39384e-03,0.03,-0.01
2.39392e-03,0.03,0.05
2.39400e-03,0.03,-0.03
2.39408e-03,0.03,0.05
2.39416e-03,0.05,-0.01
2.39424e-03,0.03,0.05
2.39432e-03,0.05,-0.01
2.39440e-03,0.01,0.05
2.39448e-03,0.01,-0.01
2.39456e-03,0.05,0.05
2.39464e-03,0.01,-0.03
2.39472e-03,0.05,0.05
2.39480e-03,0.01,-0.01
2.39488e-03,0.01,0.05
2.39496e-03,0.01,-0.01
2.39504e-03,0.03,0.05
2.39512e-03,0.01,-0.01
2.39520e-03,0.01,0.05
2.39528e-03,0.03,-0.03
2.39536e-03,0.01,0.05
2.39544e-03,0.03,-0.03
2.39552e-03,0.03,0.05
2.39560e-03,0.03,-0.03
2.39568e-03,0.01,0.05
2.39576e-03,0.03,-0.03
2.39584e-03,0.03,0.07
2.39592e-03,0.01,-0.01
2.39600e-03,0.05,0.05
2.39608e-03,0.01,-0.03
2.39616e-03,0.03,0.05
2.39624e-03,0.01,-0.01
2.39632e-03,0.01,0.05
2.39640e-03,0.03,-0.01
2.39648e-03,0.01,0.05
2.39656e-03,0.03,-0.03
2.39664e-03,0.01,0.05
2.39672e-03,0.03,-0.01
2.39680e-03,0.01,0.05
2.39688e-03,0.03,-0.03
2.39696e-03,0.03,0.05
2.39704e-03,0.03,-0.01
2.39712e-03,0.03,0.05
2.39720e-03,0.03,-0.01
2.39728e-03,0.05,0.05
2.39736e-03,0.03,-0.01
2.39744e-03,0.05,0.05
2.39752e-03,-0.01,-0.01
2.39760e-03,0.05,0.05
2.39768e-03,0.03,-0.03
2.39776e-03,0.05,0.05
2.39784e-03,0.03,-0.03
2.39792e-03,0.03,0.07
2.39800e-03,0.03,-0.03
2.39808e-03,-0.01,0.05
2.39816e-03,0.03,-0.03
2.39824e-03,0.01,0.07
2.39832e-03,0.03,-0.03
2.39840e-03,0.03,0.05
2.39848e-03,0.03,-0.03
2.39856e-03,0.03,0.05
2.39864e-03,0.03,-0.01
2.39872e-03,0.05,0.05
2.39880e-03,0.01,-0.01
2.39888e-03,0.01,0.05
2.39896e-03,0.05,-0.03
2.39904e-03,0.05,0.07
2.39912e-03,0.01,-0.03
2.39920e-03,0.03,0.07
2.39928e-03,0.03,-0.03
2.39936e-03,0.03,0.05
2.39944e-03,0.05,-0.03
2.39952e-03,0.01,0.05
2.39960e-03,0.05,-0.03
2.39968e-03,0.03,0.05
2.39976e-03,0.03,-0.01
2.39984e-03,0.05,0.05
2.39992e-03,0.05,-0.01
2.40000e-03,0.03,0.05
2.40008e-03,0.01,-0.01
2.40016e-03,0.05,0.05
2.40024e-03,0.01,-0.03
2.40032e-03,0.03,0.05
2.40040e-03,0.03,-0.03
2.40048e-03,0.03,0.05
2.40056e-03,0.03,-0.01
2.40064e-03,0.01,0.05
2.40072e-03,0.05,-0.01
2.40080e-03,0.01,0.05
2.40088e-03,0.03,-0.03
2.40096e-03,-0.01,0.05
2.40104e-03,0.01,-0.03
2.40112e-03,0.03,0.07
2.40120e-03,0.03,-0.03
2.40128e-03,0.05,0.07
2.40136e-03,0.01,-0.03
2.40144e-03,0.03,0.05
2.40152e-03,0.01,-0.03
2.40160e-03,0.03,0.07
2.40168e-03,0.01,-0.03
2.40176e-03,0.03,0.05
2.40184e-03,0.03,-0.03
2.40192e-03,0.03,0.05
2.40200e-03,0.03,-0.01
2.40208e-03,0.01,0.05
2.40216e-03,0.05,-0.01
2.40224e-03,0.01,0.05
2.40232e-03,0.03,-0.03
2.40240e-03,0.03,0.05
2.40248e-03,0.01,-0.03
2.40256e-03,0.03,0.05
2.40264e-03,0.03,-0.03
2.40272e-03,0.03,0.05
2.40280e-03,0.01,-0.03
2.40288e-03,0.05,0.05
2.40296e-03,0.03,-0.03
2.40304e-03,0.05,0.05
2.40312e-03,0.03,-0.01
2.40320e-03,0.03,0.05
2.40328e-03,0.01,-0.01
2.40336e-03,0.01,0.05
2.40344e-03,0.05,-0.01
2.40352e-03,0.03,0.05
2.40360e-03,0.03,-0.01
2.40368e-03,0.03,0.07
2.40376e-03,0.03,-0.03
2.40384e-03,0.03,0.05
2.40392e-03,0.03,-0.03
2.40400e-03,0.05,0.05
2.40408e-03,0.03,-0.01
2.40416e-03,0.03,0.05
2.40424e-03,0.01,-0.01
2.40432e-03,0.03,0.05
2.40440e-03,0.01,-0.01
2.40448e-03,0.03,0.05
2.40456e-03,0.03,-0.03
2.40464e-03,0.01,0.05
2.40472e-03,0.03,-0.03
2.40480e-03,0.01,0.05
2.40488e-03,0.03,-0.03
2.40496e-03,0.03,0.05
2.40504e-03,0.03,-0.03
2.40512e-03,0.01,0.05
2.40520e-03,0.03,-0.01
2.40528e-03,0.05,0.05
2.40536e-03,0.01,-0.03
2.40544e-03,0.01,0.05
2.40552e-03,0.01,-0.03
2.40560e-03,0.03,0.05
2.40568e-03,0.03,-0.03
2.40576e-03,0.03,0.05
2.40584e-03,0.03,-0.03
2.40592e-03,0.03,0.05
2.40600e-03,0.03,-0.01
2.40608e-03,0.01,0.05
2.40616e-03,0.03,-0.03
2.40624e-03,0.03,0.05
2.40632e-03,0.03,-0.01
2.40640e-03,0.01,0.05
2.40648e-03,0.03,-0.03
2.40656e-03,0.01,0.05
2.40664e-03,0.03,-0.01
2.40672e-03,0.03,0.05
2.40680e-03,0.03,-0.01
2.40688e-03,0.05,0.05
2.40696e-03,0.03,-0.01
2.40704e-03,0.03,0.05
2.40712e-03,0.03,-0.01
2.40720e-03,0.03,0.05
2.40728e-03,0.05,-0.01
2.40736e-03,0.03,0.05
2.40744e-03,0.03,-0.01
2.40752e-03,0.03,0.05
2.40760e-03,0.05,-0.01
2.40768e-03,0.03,0.05
2.40776e-03,0.03,-0.01
2.40784e-03,0.03,0.05
2.40792e-03,0.03,-0.01
2.40800e-03,0.05,0.05
2.40808e-03,0.03,-0.03
2.40816e-03,0.05,0.05
2.40824e-03,0.01,-0.01
2.40832e-03,0.03,0.05
2.40840e-03,0.01,-0.01
2.40848e-03,0.03,0.05
2.40856e-03,0.05,-0.03
2.40864e-03,0.01,0.05
2.40872e-03,0.03,-0.01
2.40880e-03,0.03,0.05
2.40888e-03,0.05,-0.03
2.40896e-03,0.03,0.05
2.40904e-03,0.05,-0.03
2.40912e-03,0.03,0.05
2.40920e-03,0.03,-0.01
2.40928e-03,0.05,0.05
2.40936e-03,0.03,-0.03
2.40944e-03,0.01,0.07
2.40952e-03,0.03,-0.03
2.40960e-03,0.03,0.05
2.40968e-03,0.03,-0.03
2.40976e-03,0.01,0.07
2.40984e-03,0.03,-0.01
2.40992e-03,0.03,0.05
2.41000e-03,0.03,-0.03
2.41008e-03,0.03,0.05
2.41016e-03,0.03,-0.01
2.41024e-03,0.01,0.05
2.41032e-03,0.03,-0.03
2.41040e-03,0.03,0.07
2.41048e-03,0.03,-0.01
2.41056e-03,0.03,0.05
2.41064e-03,0.03,-0.03
2.41072e-03,0.03,0.05
2.41080e-03,0.01,-0.03
2.41088e-03,0.03,0.05
2.41096e-03,0.03,-0.03
2.41104e-03,0.05,0.05
2.41112e-03,0.03,-0.03
2.41120e-03,0.03,0.05
2.41128e-03,0.03,-0.03
2.41136e-03,0.03,0.05
2.41144e-03,0.03,-0.03
2.41152e-03,0.01,0.05
2.41160e-03,0.03,-0.03
2.41168e-03,0.03,0.05
2.41176e-03,0.03,-0.03
2.41184e-03,0.03,0.05
2.41192e-03,0.03,-0.01
2.41200e-03,0.03,0.07
2.41208e-03,0.01,-0.01
2.41216e-03,0.03,0.05
2.41224e-03,0.01,-0.01
2.41232e-03,0.03,0.05
2.41240e-03,0.01,-0.03
2.41248e-03,0.01,0.05
2.41256e-03,0.03,-0.03
2.41264e-03,0.03,0.05
2.41272e-03,0.03,-0.03
2.41280e-03,0.03,0.05
2.41288e-03,0.03,-0.03
2.41296e-03,0.03,0.05
2.41304e-03,0.03,-0.03
2.41312e-03,0.03,0.05
2.41320e-03,0.01,-0.03
2.41328e-03,0.03,0.05
2.41336e-03,0.01,-0.01
2.41344e-03,0.05,0.05
2.41352e-03,0.01,-0.03
2.41360e-03,0.03,0.05
2.41368e-03,0.01,-0.03
2.41376e-03,0.03,0.05
2.41384e-03,0.03,-0.01
2.41392e-03,0.03,0.05
2.41400e-03,0.03,-0.01
2.41408e-03,0.01,0.05
2.41416e-03,0.05,-0.03
2.41424e-03,0.01,0.05
2.41432e-03,0.03,-0.03
2.41440e-03,0.01,0.05
2.41448e-03,0.03,-0.03
2.41456e-03,0.03,0.05
2.41464e-03,0.03,-0.03
2.41472e-03,0.03,0.05
2.41480e-03,0.01,-0.03
2.41488e-03,0.03,0.05
2.41496e-03,0.01,-0.03
2.41504e-03,0.01,0.05
2.41512e-03,0.03,-0.03
2.41520e-03,0.01,0.05
2.41528e-03,0.03,-0.03
2.41536e-03,0.01,0.05
2.41544e-03,0.03,-0.01
2.41552e-03,0.01,0.03
2.41560e-03,0.03,-0.03
2.41568e-03,0.03,0.07
2.41576e-03,0.03,-0.03
2.41584e-03,0.03,0.05
2.41592e-03,0.01,-0.03
2.41600e-03,0.03,0.05
2.41608e-03,0.01,-0.03
2.41616e-03,0.03,0.05
2.41624e-03,0.01,-0.03
2.41632e-03,0.01,0.05
2.41640e-03,0.01,-0.03
2.41648e-03,0.03,0.05
2.41656e-03,0.03,-0.01
2.41664e-03,0.03,0.05
2.41672e-03,0.01,-0.01
2.41680e-03,0.03,0.05
2.41688e-03,0.05,-0.03
2.41696e-03,0.03,0.05
2.41704e-03,0.03,-0.03
2.41712e-03,0.03,0.05
2.41720e-03,0.03,-0.03
2.41728e-03,0.03,0.05
2.41736e-03,0.03,-0.03
2.41744e-03,0.05,0.05
2.41752e-03,0.03,-0.03
2.41760e-03,0.03,0.05
2.41768e-03,0.01,-0.01
2.41776e-03,0.03,0.05
2.41784e-03,0.05,-0.01
2.41792e-03,0.01,0.05
2.41800e-03,0.01,-0.03
2.41808e-03,0.03,0.05
2.41816e-03,0.03,-0.03
2.41824e-03,0.03,0.07
2.41832e-03,0.03,-0.03
2.41840e-03,0.01,0.07
2.41848e-03,0.03,-0.03
2.41856e-03,0.05,0.05
2.41864e-03,0.01,-0.01
2.41872e-03,0.03,0.05
2.41880e-03,0.03,-0.03
2.41888e-03,0.03,0.05
2.41896e-03,0.05,-0.03
2.41904e-03,0.03,0.05
2.41912e-03,0.01,-0.01
2.41920e-03,0.03,0.05
2.41928e-03,0.03,-0.01
2.41936e-03,0.01,0.05
2.41944e-03,0.03,-0.01
2.41952e-03,0.01,0.05
2.41960e-03,0.03,-0.01
2.41968e-03,0.03,0.05
2.41976e-03,0.03,-0.03
2.41984e-03,0.03,0.05
2.41992e-03,0.03,-0.01
2.42000e-03,0.03,0.05
2.42008e-03,0.01,-0.01
2.42016e-03,0.03,0.05
2.42024e-03,0.01,-0.01
2.42032e-03,0.01,0.05
2.42040e-03,0.01,-0.03
2.42048e-03,0.05,0.05
2.42056e-03,0.03,-0.03
2.42064e-03,0.01,0.07
2.42072e-03,0.03,-0.03
2.42080e-03,0.01,0.05
2.42088e-03,0.03,-0.03
2.42096e-03,0.03,0.05
2.42104e-03,0.03,-0.01
2.42112e-03,0.03,0.05
2.42120e-03,0.03,-0.03
2.42128e-03,0.03,0.07
2.42136e-03,0.03,-0.03
2.42144e-03,0.05,0.05
2.42152e-03,0.03,-0.01
2.42160e-03,0.05,0.07
2.42168e-03,0.05,-0.03
2.42176e-03,0.03,0.05
2.42184e-03,0.03,-0.01
2.42192e-03,0.01,0.05
2.42200e-03,0.03,-0.01
2.42208e-03,-0.01,0.05
2.42216e-03,0.03,-0.03
2.42224e-03,0.01,0.05
2.42232e-03,0.03,-0.01
2.42240e-03,0.05,0.05
2.42248e-03,0.01,-0.01
2.42256e-03,0.03,0.05
2.42264e-03,0.01,-0.03
2.42272e-03,0.05,0.05
2.42280e-03,0.01,-0.01
2.42288e-03,0.03,0.05
2.42296e-03,0.03,-0.03
2.42304e-03,0.03,0.05
2.42312e-03,0.03,-0.01
2.42320e-03,0.03,0.05
2.42328e-03,0.03,-0.03
2.42336e-03,0.01,0.05
2.42344e-03,0.05,-0.03
2.42352e-03,0.03,0.05
2.42360e-03,0.03,-0.03
2.42368e-03,0.03,0.05
2.42376e-03,0.03,-0.03
2.42384e-03,0.03,0.05
2.42392e-03,0.03,-0.01
2.42400e-03,0.03,0.05
2.42408e-03,0.01,-0.01
2.42416e-03,0.03,0.05
2.42424e-03,0.03,-0.01
2.42432e-03,0.03,0.05
2.42440e-03,0.03,-0.01
2.42448e-03,0.01,0.05
2.42456e-03,0.03,-0.03
2.42464e-03,0.01,0.05
2.42472e-03,0.05,-0.03
2.42480e-03,0.01,0.05
2.42488e-03,0.03,-0.03
2.42496e-03,0.01,0.05
2.42504e-03,0.03,-0.01
2.42512e-03,0.05,0.05
2.42520e-03,0.01,-0.01
2.42528e-03,0.05,0.05
2.42536e-03,0.03,-0.01
2.42544e-03,0.03,0.05
2.42552e-03,0.03,-0.01
2.42560e-03,0.05,0.05
2.42568e-03,0.01,-0.01
2.42576e-03,0.03,0.07
2.42584e-03,0.03,-0.01
2.42592e-03,0.03,0.05
2.42600e-03,0.01,-0.01
2.42608e-03,0.01,0.05
2.42616e-03,0.07,-0.03
2.42624e-03,0.03,0.07
2.42632e-03,0.03,-0.03
2.42640e-03,0.01,0.07
2.42648e-03,0.01,-0.03
2.42656e-03,0.03,0.07
2.42664e-03,0.03,-0.01
2.42672e-03,0.05,0.05
2.42680e-03,0.01,-0.01
2.42688e-03,0.05,0.05
2.42696e-03,0.03,-0.01
2.42704e-03,0.03,0.05
2.42712e-03,0.03,-0.03
2.42720e-03,0.01,0.05
2.42728e-03,0.03,-0.03
2.42736e-03,0.01,0.05
2.42744e-03,0.03,-0.01
2.42752e-03,0.01,0.05
2.42760e-03,0.03,-0.01
2.42768e-03,0.03,0.05
2.42776e-03,0.03,-0.03
2.42784e-03,0.01,0.05
2.42792e-03,0.01,-0.03
2.42800e-03,0.03,0.05
2.42808e-03,0.01,-0.01
2.42816e-03,0.03,0.05
2.42824e-03,0.01,-0.01
2.42832e-03,0.03,0.05
2.42840e-03,0.03,-0.01
2.42848e-03,0.01,0.05
2.42856e-03,0.03,-0.01
2.42864e-03,0.01,0.05
2.42872e-03,0.03,-0.01
2.42880e-03,0.01,0.05
2.42888e-03,0.01,-0.01
2.42896e-03,0.01,0.05
2.42904e-03,0.01,-0.03
2.42912e-03,-0.01,0.05
2.42920e-03,0.05,-0.03
2.42928e-03,0.01,0.05
2.42936e-03,0.01,-0.03
2.42944e-03,0.03,0.05
2.42952e-03,0.01,-0.03
2.42960e-03,0.03,0.03
2.42968e-03,0.03,-0.01
2.42976e-03,0.01,0.05
2.42984e-03,0.03,-0.01
2.42992e-03,0.01,0.05
2.43000e-03,0.03,-0.03
2.43008e-03,0.03,0.05
2.43016e-03,0.01,-0.03
2.43024e-03,0.03,0.05
2.43032e-03,0.03,-0.03
2.43040e-03,0.05,0.07
2.43048e-03,0.03,-0.03
2.43056e-03,0.03,0.07
2.43064e-03,0.03,-0.01
2.43072e-03,0.03,0.05
2.43080e-03,0.03,-0.03
2.43088e-03,0.03,0.07
2.43096e-03,0.03,-0.03
2.43104e-03,0.03,0.05
2.43112e-03,0.05,-0.01
2.43120e-03,0.03,0.05
2.43128e-03,0.05,-0.01
2.43136e-03,0.03,0.07
2.43144e-03,0.01,-0.03
2.43152e-03,0.01,0.05
2.43160e-03,0.01,-0.01
2.43168e-03,0.03,0.05
2.43176e-03,0.03,-0.01
2.43184e-03,0.01,0.05
2.43192e-03,0.01,-0.01
2.43200e-03,0.03,0.05
2.43208e-03,0.01,-0.01
2.43216e-03,0.05,0.05
2.43224e-03,0.01,-0.01
2.43232e-03,0.05,0.05
2.43240e-03,0.03,-0.01
2.43248e-03,0.03,0.05
2.43256e-03,0.03,-0.01
2.43264e-03,0.03,0.05
2.43272e-03,0.03,-0.01
2.43280e-03,0.03,0.05
2.43288e-03,0.01,-0.01
2.43296e-03,0.03,0.05
2.43304e-03,0.03,-0.01
2.43312e-03,0.01,0.05
2.43320e-03,0.01,-0.01
2.43328e-03,0.03,0.05
2.43336e-03,0.01,-0.01
2.43344e-03,0.03,0.05
2.43352e-03,0.03,-0.01
2.43360e-03,0.03,0.05
2.43368e-03,0.03,-0.01
2.43376e-03,0.03,0.05
2.43384e-03,0.03,-0.03
2.43392e-03,0.03,0.05
2.43400e-03,0.01,-0.01
2.43408e-03,0.01,0.05
2.43416e-03,0.05,-0.01
2.43424e-03,0.03,0.05
2.43432e-03,0.03,-0.01
2.43440e-03,0.03,0.05
2.43448e-03,0.03,-0.01
2.43456e-03,0.03,0.05
2.43464e-03,0.01,-0.01
2.43472e-03,0.05,0.05
2.43480e-03,0.01,-0.01
2.43488e-03,0.01,0.05
2.43496e-03,0.03,-0.01
2.43504e-03,0.03,0.05
2.43512e-03,0.05,-0.01
2.43520e-03,0.03,0.07
2.43528e-03,0.03,-0.03
2.43536e-03,0.03,0.05
2.43544e-03,0.03,-0.01
2.43552e-03,0.03,0.05
2.43560e-03,0.03,-0.01
2.43568e-03,0.03,0.05
2.43576e-03,0.03,-0.01
2.43584e-03,0.01,0.05
2.43592e-03,0.03,-0.03
2.43600e-03,0.07,0.05
2.43608e-03,-0.01,-0.03
2.43616e-03,0.03,0.09
2.43624e-03,0.03,-0.03
2.43632e-03,0.01,0.07
2.43640e-03,0.01,-0.01
2.43648e-03,0.03,0.05
2.43656e-03,0.05,-0.03
2.43664e-03,0.03,0.07
2.43672e-03,0.03,-0.03
2.43680e-03,0.01,0.05
2.43688e-03,0.03,-0.01
2.43696e-03,0.03,0.05
2.43704e-03,0.03,-0.03
2.43712e-03,0.03,0.05
2.43720e-03,0.01,-0.01
2.43728e-03,0.03,0.05
2.43736e-03,0.01,-0.01
2.43744e-03,0.03,0.05
2.43752e-03,0.03,-0.03
2.43760e-03,0.03,0.05
2.43768e-03,0.01,-0.01
2.43776e-03,0.03,0.05
2.43784e-03,0.05,-0.01
2.43792e-03,0.03,0.05
2.43800e-03,0.01,-0.01
2.43808e-03,0.03,0.05
2.43816e-03,0.03,-0.01
2.43824e-03,0.01,0.05
2.43832e-03,0.05,-0.03
2.43840e-03,0.03,0.05
2.43848e-03,0.01,-0.01
2.43856e-03,0.03,0.07
2.43864e-03,0.01,-0.03
2.43872e-03,0.03,0.05
2.43880e-03,0.03,-0.01
2.43888e-03,0.03,0.05
2.43896e-03,0.01,-0.01
2.43904e-03,0.03,0.05
2.43912e-03,0.03,-0.03
2.43920e-03,0.03,0.05
2.43928e-03,0.03,-0.01
2.43936e-03,0.01,0.05
2.43944e-03,0.03,-0.03
2.43952e-03,0.01,0.05
2.43960e-03,0.05,-0.03
2.43968e-03,0.03,0.05
2.43976e-03,0.03,-0.03
2.43984e-03,0.03,0.05
2.43992e-03,0.01,-0.01
2.44000e-03,0.05,0.05
2.44008e-03,0.03,-0.03
2.44016e-03,0.01,0.05
2.44024e-03,0.01,-0.03
2.44032e-03,0.03,0.05
2.44040e-03,0.01,-0.01
2.44048e-03,0.03,0.05
2.44056e-03,0.03,-0.01
2.44064e-03,0.01,0.05
2.44072e-03,0.03,-0.03
2.44080e-03,0.03,0.05
2.44088e-03,0.03,-0.03
2.44096e-03,0.01,0.05
2.44104e-03,0.03,-0.01
2.44112e-03,0.03,0.05
2.44120e-03,0.03,-0.01
2.44128e-03,0.05,0.05
2.44136e-03,0.03,-0.01
2.44144e-03,0.03,0.05
2.44152e-03,0.01,-0.03
2.44160e-03,0.03,0.05
2.44168e-03,0.01,-0.01
2.44176e-03,0.03,0.05
2.44184e-03,0.05,-0.01
2.44192e-03,0.03,0.05
2.44200e-03,0.03,-0.01
2.44208e-03,0.03,0.05
2.44216e-03,0.03,-0.01
2.44224e-03,0.03,0.05
2.44232e-03,0.03,-0.03
2.44240e-03,0.03,0.05
2.44248e-03,0.01,-0.03
2.44256e-03,0.03,0.05
2.44264e-03,0.03,-0.01
2.44272e-03,0.03,0.05
2.44280e-03,0.03,-0.03
2.44288e-03,0.05,0.05
2.44296e-03,0.03,-0.01
2.44304e-03,0.03,0.05
2.44312e-03,0.03,-0.03
2.44320e-03,0.01,0.05
2.44328e-03,-0.01,-0.03
2.44336e-03,-0.01,0.07
2.44344e-03,0.05,-0.03
2.44352e-03,0.03,0.07
2.44360e-03,0.03,-0.03
2.44368e-03,0.03,0.05
2.44376e-03,0.03,-0.03
2.44384e-03,0.03,0.05
2.44392e-03,0.01,-0.01
2.44400e-03,0.03,0.05
2.44408e-03,0.01,-0.03
2.44416e-03,0.03,0.05
2.44424e-03,0.01,-0.01
2.44432e-03,0.03,0.05
2.44440e-03,0.01,-0.01
2.44448e-03,0.03,0.05
2.44456e-03,0.03,-0.03
2.44464e-03,0.01,0.05
2.44472e-03,0.03,-0.01
2.44480e-03,0.03,0.05
2.44488e-03,0.03,-0.03
2.44496e-03,0.03,0.05
2.44504e-03,0.03,-0.01
2.44512e-03,0.03,0.05
2.44520e-03,0.01,-0.03
2.44528e-03,0.03,0.05
2.44536e-03,-0.01,-0.01
2.44544e-03,0.03,0.05
2.44552e-03,0.01,-0.03
2.44560e-03,0.05,0.05
2.44568e-03,0.01,-0.03
2.44576e-03,0.03,0.05
2.44584e-03,0.01,-0.01
2.44592e-03,0.01,0.05
2.44600e-03,0.03,-0.01
2.44608e-03,0.01,0.05
2.44616e-03,0.03,-0.01
2.44624e-03,0.01,0.05
2.44632e-03,0.01,-0.01
2.44640e-03,0.03,0.05
2.44648e-03,0.01,-0.01
2.44656e-03,0.05,0.05
2.44664e-03,0.03,-0.01
2.44672e-03,0.03,0.05
2.44680e-03,0.01,-0.01
2.44688e-03,0.05,0.05
2.44696e-03,0.03,-0.03
2.44704e-03,0.01,0.05
2.44712e-03,0.03,-0.03
2.44720e-03,0.01,0.05
2.44728e-03,0.03,-0.03
2.44736e-03,-0.01,0.05
2.44744e-03,0.03,-0.03
2.44752e-03,0.03,0.05
2.44760e-03,0.03,-0.03
2.44768e-03,0.01,0.05
2.44776e-03,0.05,-0.03
2.44784e-03,0.03,0.05
2.44792e-03,0.03,-0.01
2.44800e-03,0.05,0.07
2.44808e-03,0.03,-0.01
2.44816e-03,0.03,0.05
2.44824e-03,0.01,-0.03
2.44832e-03,0.03,0.05
2.44840e-03,0.03,-0.03
2.44848e-03,0.03,0.05
2.44856e-03,0.03,-0.01
2.44864e-03,0.01,0.05
2.44872e-03,0.01,-0.03
2.44880e-03,0.03,0.05
2.44888e-03,0.03,-0.03
2.44896e-03,0.01,0.05
2.44904e-03,0.01,-0.01
2.44912e-03,0.03,0.05
2.44920e-03,0.01,-0.03
2.44928e-03,0.03,0.05
2.44936e-03,0.01,-0.01
2.44944e-03,0.05,0.05
2.44952e-03,0.03,-0.01
2.44960e-03,0.03,0.05
2.44968e-03,0.03,-0.03
2.44976e-03,0.03,0.05
2.44984e-03,0.03,-0.01
2.44992e-03,0.01,0.05
2.45000e-03,0.03,-0.01
2.45008e-03,0.01,0.05
2.45016e-03,0.03,-0.01
2.45024e-03,0.03,0.05
2.45032e-03,0.03,-0.01
2.45040e-03,0.03,0.07
2.45048e-03,0.03,-0.01
2.45056e-03,0.03,0.05
2.45064e-03,0.03,-0.01
2.45072e-03,0.05,0.05
2.45080e-03,0.01,-0.01
2.45088e-03,0.03,0.05
2.45096e-03,0.03,-0.01
2.45104e-03,0.03,0.05
2.45112e-03,0.03,-0.01
2.45120e-03,0.03,0.05
2.45128e-03,0.01,-0.03
2.45136e-03,0.03,0.05
2.45144e-03,0.05,-0.03
2.45152e-03,0.03,0.07
2.45160e-03,0.01,-0.03
2.45168e-03,0.01,0.05
2.45176e-03,0.03,-0.03
2.45184e-03,0.05,0.05
2.45192e-03,0.03,-0.03
2.45200e-03,0.03,0.05
2.45208e-03,0.01,-0.03
2.45216e-03,0.03,0.05
2.45224e-03,0.03,-0.03
2.45232e-03,0.05,0.07
2.45240e-03,0.05,-0.03
2.45248e-03,0.03,0.07
2.45256e-03,0.03,-0.01
2.45264e-03,0.03,0.05
2.45272e-03,0.03,-0.03
2.45280e-03,0.01,0.05
2.45288e-03,0.03,-0.01
2.45296e-03,0.03,0.07
2.45304e-03,0.05,-0.01
2.45312e-03,0.01,0.05
2.45320e-03,0.03,-0.03
2.45328e-03,0.03,0.05
2.45336e-03,0.03,-0.03
2.45344e-03,0.05,0.07
2.45352e-03,0.03,-0.01
2.45360e-03,0.03,0.05
2.45368e-03,0.03,-0.01
2.45376e-03,0.01,0.05
2.45384e-03,0.03,-0.03
2.45392e-03,0.01,0.07
2.45400e-03,0.03,-0.01
2.45408e-03,0.03,0.05
2.45416e-03,0.03,-0.01
2.45424e-03,0.01,0.05
2.45432e-03,0.03,-0.01
2.45440e-03,0.03,0.05
2.45448e-03,0.01,-0.01
2.45456e-03,0.03,0.05
2.45464e-03,0.03,-0.03
2.45472e-03,0.03,0.05
2.45480e-03,-0.01,-0.01
2.45488e-03,0.03,0.05
2.45496e-03,0.03,-0.03
2.45504e-03,0.03,0.05
2.45512e-03,0.05,-0.01
2.45520e-03,0.03,0.05
2.45528e-03,0.03,-0.03
2.45536e-03,0.01,0.05
2.45544e-03,0.05,-0.01
2.45552e-03,0.01,0.05
2.45560e-03,0.03,-0.01
2.45568e-03,0.01,0.05
2.45576e-03,0.05,-0.03
2.45584e-03,0.03,0.05
2.45592e-03,0.01,-0.03
2.45600e-03,0.03,0.05
2.45608e-03,0.03,-0.03
2.45616e-03,0.03,0.05
2.45624e-03,0.01,-0.03
2.45632e-03,0.03,0.05
2.45640e-03,0.03,-0.03
2.45648e-03,0.05,0.07
2.45656e-03,0.05,-0.01
2.45664e-03,0.03,0.05
2.45672e-03,0.05,-0.01
2.45680e-03,0.01,0.05
2.45688e-03,0.05,-0.01
2.45696e-03,0.03,0.05
2.45704e-03,0.01,-0.03
2.45712e-03,0.03,0.05
2.45720e-03,0.03,-0.01
2.45728e-03,0.05,0.05
2.45736e-03,0.03,-0.01
2.45744e-03,0.05,0.05
2.45752e-03,0.01,-0.01
2.45760e-03,0.03,0.05
2.45768e-03,0.03,-0.03
2.45776e-03,0.03,0.05
2.45784e-03,0.03,-0.01
2.45792e-03,0.03,0.05
2.45800e-03,0.03,-0.03
2.45808e-03,0.03,0.05
2.45816e-03,0.03,-0.01
2.45824e-03,0.01,0.05
2.45832e-03,0.03,-0.01
2.45840e-03,0.03,0.05
2.45848e-03,0.03,-0.01
2.45856e-03,0.05,0.05
2.45864e-03,0.01,-0.01
2.45872e-03,0.03,0.05
2.45880e-03,0.01,-0.01
2.45888e-03,0.03,0.05
2.45896e-03,0.01,-0.03
2.45904e-03,0.03,0.07
2.45912e-03,0.03,-0.03
2.45920e-03,0.03,0.05
2.45928e-03,0.03,-0.01
2.45936e-03,0.01,0.05
2.45944e-03,0.05,-0.03
2.45952e-03,0.01,0.05
2.45960e-03,0.03,-0.01
2.45968e-03,0.03,0.05
2.45976e-03,0.03,-0.01
2.45984e-03,0.03,0.05
2.45992e-03,0.01,-0.01
2.46000e-03,0.03,0.05
2.46008e-03,0.01,-0.01
2.46016e-03,0.03,0.05
2.46024e-03,0.03,-0.03
2.46032e-03,0.05,0.07
2.46040e-03,-0.01,-0.03
2.46048e-03,0.03,0.05
2.46056e-03,0.01,-0.03
2.46064e-03,0.01,0.07
2.46072e-03,0.03,-0.03
2.46080e-03,0.01,0.05
2.46088e-03,0.05,-0.01
2.46096e-03,-0.01,0.05
2.46104e-03,0.03,-0.01
2.46112e-03,0.03,0.05
2.46120e-03,0.01,-0.03
2.46128e-03,-0.01,0.05
2.46136e-03,0.03,-0.03
2.46144e-03,0.05,0.07
2.46152e-03,0.03,-0.03
2.46160e-03,0.03,0.05
2.46168e-03,0.01,-0.03
2.46176e-03,0.03,0.07
2.46184e-03,0.03,-0.01
2.46192e-03,0.01,0.05
2.46200e-03,0.05,-0.01
2.46208e-03,0.01,0.03
2.46216e-03,0.03,-0.01
2.46224e-03,0.01,0.05
2.46232e-03,0.03,-0.03
2.46240e-03,0.03,0.05
2.46248e-03,0.03,-0.03
2.46256e-03,0.03,0.05
2.46264e-03,0.01,-0.01
2.46272e-03,0.03,0.05
2.46280e-03,0.03,-0.03
2.46288e-03,0.03,0.05
2.46296e-03,0.03,-0.01
2.46304e-03,0.03,0.05
2.46312e-03,0.01,-0.03
2.46320e-03,0.03,0.05
2.46328e-03,0.03,-0.03
2.46336e-03,0.01,0.05
2.46344e-03,0.03,-0.03
2.46352e-03,0.01,0.05
2.46360e-03,0.05,-0.01
2.46368e-03,0.03,0.05
2.46376e-03,0.01,-0.01
2.46384e-03,0.01,0.05
2.46392e-03,0.03,-0.01
2.46400e-03,0.03,0.05
2.46408e-03,0.01,-0.03
2.46416e-03,0.01,0.05
2.46424e-03,0.01,-0.01
2.46432e-03,0.03,0.05
2.46440e-03,0.03,-0.01
2.46448e-03,0.03,0.05
2.46456e-03,0.03,-0.03
2.46464e-03,0.01,0.05
2.46472e-03,0.05,-0.03
2.46480e-03,0.01,0.05
2.46488e-03,0.03,-0.03
2.46496e-03,0.03,0.05
2.46504e-03,0.03,-0.01
2.46512e-03,0.03,0.05
2.46520e-03,0.01,-0.03
2.46528e-03,0.03,0.05
2.46536e-03,0.03,-0.03
2.46544e-03,0.03,0.05
2.46552e-03,0.03,-0.03
2.46560e-03,0.03,0.05
2.46568e-03,0.03,-0.01
2.46576e-03,0.03,0.05
2.46584e-03,0.03,-0.03
2.46592e-03,0.01,0.05
2.46600e-03,0.03,-0.01
2.46608e-03,0.01,0.07
2.46616e-03,0.03,-0.03
2.46624e-03,0.01,0.05
2.46632e-03,0.03,-0.01
2.46640e-03,0.03,0.05
2.46648e-03,0.03,-0.01
2.46656e-03,0.03,0.05
2.46664e-03,0.01,-0.03
2.46672e-03,0.03,0.05
2.46680e-03,0.01,-0.01
2.46688e-03,0.03,0.05
2.46696e-03,0.03,-0.01
2.46704e-03,0.03,0.05
2.46712e-03,0.01,-0.03
2.46720e-03,0.03,0.03
2.46728e-03,0.05,-0.01
2.46736e-03,0.01,0.05
2.46744e-03,0.03,-0.03
2.46752e-03,0.01,0.05
2.46760e-03,0.03,-0.03
2.46768e-03,0.01,0.07
2.46776e-03,0.05,-0.03
2.46784e-03,0.03,0.05
2.46792e-03,0.03,-0.01
2.46800e-03,0.03,0.05
2.46808e-03,0.03,-0.01
2.46816e-03,0.03,0.05
2.46824e-03,0.01,-0.01
2.46832e-03,0.03,0.05
2.46840e-03,0.03,-0.03
2.46848e-03,0.01,0.03
2.46856e-03,0.03,-0.03
2.46864e-03,0.01,0.05
2.46872e-03,0.03,-0.03
2.46880e-03,0.01,0.07
2.46888e-03,0.03,-0.01
2.46896e-03,0.03,0.05
2.46904e-03,-0.01,-0.03
2.46912e-03,0.01,0.05
2.46920e-03,0.01,-0.05
2.46928e-03,0.03,0.07
2.46936e-03,0.03,-0.03
2.46944e-03,0.03,0.05
2.46952e-03,0.03,-0.03
2.46960e-03,0.03,0.05
2.46968e-03,0.03,-0.01
2.46976e-03,0.03,0.05
2.46984e-03,0.03,-0.01
2.46992e-03,0.01,0.05
2.47000e-03,0.03,-0.01
2.47008e-03,0.01,0.05
2.47016e-03,0.03,-0.01
2.47024e-03,0.03,0.05
2.47032e-03,0.03,-0.01
2.47040e-03,0.03,0.05
2.47048e-03,0.03,-0.01
2.47056e-03,0.03,0.05
2.47064e-03,0.01,-0.01
2.47072e-03,0.03,0.05
2.47080e-03,0.03,-0.01
2.47088e-03,0.05,0.05
2.47096e-03,0.01,-0.01
2.47104e-03,0.03,0.05
2.47112e-03,0.05,-0.01
2.47120e-03,0.01,0.05
2.47128e-03,0.03,-0.03
2.47136e-03,-0.01,0.05
2.47144e-03,0.03,-0.03
2.47152e-03,0.01,0.05
2.47160e-03,0.03,-0.03
2.47168e-03,0.03,0.05
2.47176e-03,0.03,-0.03
2.47184e-03,0.03,0.05
2.47192e-03,0.01,-0.03
2.47200e-03,0.03,0.05
2.47208e-03,0.01,-0.03
2.47216e-03,0.05,0.05
2.47224e-03,0.03,-0.01
2.47232e-03,0.03,0.05
2.47240e-03,0.03,-0.03
2.47248e-03,0.03,0.05
2.47256e-03,0.03,-0.03
2.47264e-03,0.03,0.05
2.47272e-03,0.01,-0.01
2.47280e-03,0.03,0.05
2.47288e-03,0.03,-0.01
2.47296e-03,0.03,0.05
2.47304e-03,0.03,-0.01
2.47312e-03,0.03,0.05
2.47320e-03,0.03,-0.01
2.47328e-03,0.01,0.05
2.47336e-03,0.01,-0.01
2.47344e-03,0.05,0.05
2.47352e-03,0.01,-0.01
2.47360e-03,0.03,0.05
2.47368e-03,0.01,-0.03
2.47376e-03,0.03,0.07
2.47384e-03,0.03,-0.01
2.47392e-03,0.01,0.05
2.47400e-03,0.03,-0.03
2.47408e-03,0.01,0.05
2.47416e-03,0.03,-0.01
2.47424e-03,0.01,0.07
2.47432e-03,0.03,-0.01
2.47440e-03,0.03,0.05
2.47448e-03,0.03,-0.03
2.47456e-03,0.03,0.05
2.47464e-03,0.01,-0.01
2.47472e-03,0.03,0.05
2.47480e-03,0.01,-0.03
2.47488e-03,0.03,0.05
2.47496e-03,0.01,-0.01
2.47504e-03,0.03,0.03
2.47512e-03,0.03,-0.03
2.47520e-03,0.01,0.05
2.47528e-03,0.01,-0.03
2.47536e-03,0.03,0.05
2.47544e-03,0.03,-0.01
2.47552e-03,0.01,0.05
2.47560e-03,0.03,-0.03
2.47568e-03,0.01,0.05
2.47576e-03,0.01,-0.01
2.47584e-03,0.03,0.05
2.47592e-03,0.03,-0.01
2.47600e-03,0.05,0.05
2.47608e-03,0.01,-0.03
2.47616e-03,0.03,0.05
2.47624e-03,0.01,-0.03
2.47632e-03,0.03,0.05
2.47640e-03,0.05,-0.01
2.47648e-03,0.03,0.05
2.47656e-03,0.03,-0.03
2.47664e-03,0.03,0.05
2.47672e-03,0.03,-0.01
2.47680e-03,0.03,0.05
2.47688e-03,0.03,-0.03
2.47696e-03,0.01,0.05
2.47704e-03,0.01,-0.01
2.47712e-03,0.03,0.05
2.47720e-03,0.03,-0.01
2.47728e-03,0.05,0.07
2.47736e-03,0.03,-0.03
2.47744e-03,0.03,0.05
2.47752e-03,0.01,-0.03
2.47760e-03,0.03,0.05
2.47768e-03,0.03,-0.01
2.47776e-03,0.05,0.07
2.47784e-03,0.03,-0.01
2.47792e-03,0.03,0.05
2.47800e-03,0.03,-0.03
2.47808e-03,0.03,0.05
2.47816e-03,0.03,-0.01
2.47824e-03,0.01,0.05
2.47832e-03,0.03,-0.01
2.47840e-03,0.01,0.05
2.47848e-03,0.01,-0.01
2.47856e-03,0.03,0.05
2.47864e-03,0.01,-0.01
2.47872e-03,0.03,0.05
2.47880e-03,0.01,-0.03
2.47888e-03,0.03,0.05
2.47896e-03,0.03,-0.03
2.47904e-03,0.03,0.05
2.47912e-03,0.03,-0.01
2.47920e-03,-0.01,0.05
2.47928e-03,0.05,-0.03
2.47936e-03,0.01,0.05
2.47944e-03,0.03,-0.05
2.47952e-03,0.03,0.07
2.47960e-03,0.01,-0.01
2.47968e-03,0.01,0.05
2.47976e-03,0.01,-0.01
2.47984e-03,0.03,0.05
2.47992e-03,0.01,-0.01
2.48000e-03,0.05,0.05
2.48008e-03,0.01,-0.03
2.48016e-03,0.03,0.05
2.48024e-03,0.03,-0.01
2.48032e-03,0.03,0.05
2.48040e-03,0.03,-0.03
2.48048e-03,0.03,0.05
2.48056e-03,0.03,-0.01
2.48064e-03,0.03,0.05
2.48072e-03,0.03,-0.01
2.48080e-03,0.03,0.05
2.48088e-03,0.03,-0.01
2.48096e-03,0.01,0.05
2.48104e-03,0.03,-0.01
2.48112e-03,0.03,0.05
2.48120e-03,0.01,-0.03
2.48128e-03,0.05,0.05
2.48136e-03,0.01,-0.03
2.48144e-03,0.03,0.05
2.48152e-03,0.03,-0.01
2.48160e-03,0.03,0.05
2.48168e-03,0.03,-0.01
2.48176e-03,0.03,0.05
2.48184e-03,0.03,-0.01
2.48192e-03,0.01,0.05
2.48200e-03,0.03,-0.03
2.48208e-03,0.03,0.05
2.48216e-03,0.05,-0.03
2.48224e-03,0.01,0.05
2.48232e-03,0.01,-0.03
2.48240e-03,0.03,0.05
2.48248e-03,0.03,-0.03
2.48256e-03,0.03,0.05
2.48264e-03,0.01,-0.01
2.48272e-03,0.03,0.05
2.48280e-03,0.03,-0.01
2.48288e-03,0.03,0.05
2.48296e-03,0.03,-0.03
2.48304e-03,0.03,0.07
2.48312e-03,0.01,-0.01
2.48320e-03,0.01,0.05
2.48328e-03,0.05,-0.01
2.48336e-03,0.01,0.05
2.48344e-03,0.05,-0.03
2.48352e-03,0.03,0.05
2.48360e-03,0.03,-0.01
2.48368e-03,0.03,0.05
2.48376e-03,0.03,-0.03
2.48384e-03,0.03,0.05
2.48392e-03,0.01,-0.01
2.48400e-03,0.03,0.05
2.48408e-03,0.03,-0.03
2.48416e-03,0.01,0.05
2.48424e-03,0.03,-0.03
2.48432e-03,0.03,0.05
2.48440e-03,0.01,-0.01
2.48448e-03,0.03,0.05
2.48456e-03,0.03,-0.01
2.48464e-03,0.01,0.05
2.48472e-03,0.03,-0.01
2.48480e-03,0.01,0.05
2.48488e-03,0.01,-0.03
2.48496e-03,0.03,0.05
2.48504e-03,0.03,-0.03
2.48512e-03,0.03,0.05
2.48520e-03,0.01,-0.01
2.48528e-03,0.03,0.05
2.48536e-03,0.03,-0.01
2.48544e-03,0.01,0.03
2.48552e-03,0.01,-0.03
2.48560e-03,0.03,0.05
2.48568e-03,0.03,-0.01
2.48576e-03,0.03,0.05
2.48584e-03,0.01,-0.03
2.48592e-03,0.01,0.05
2.48600e-03,0.05,-0.01
2.48608e-03,0.03,0.05
2.48616e-03,0.03,-0.03
2.48624e-03,0.01,0.07
2.48632e-03,0.01,-0.03
2.48640e-03,0.03,0.07
2.48648e-03,0.01,-0.03
2.48656e-03,0.03,0.07
2.48664e-03,0.01,-0.03
2.48672e-03,0.03,0.05
2.48680e-03,0.01,-0.01
2.48688e-03,0.03,0.05
2.48696e-03,0.03,-0.03
2.48704e-03,0.01,0.05
2.48712e-03,0.05,-0.03
2.48720e-03,0.01,0.05
2.48728e-03,0.05,-0.03
2.48736e-03,0.01,0.05
2.48744e-03,0.05,-0.03
2.48752e-03,0.01,0.05
2.48760e-03,0.05,-0.03
2.48768e-03,0.03,0.05
2.48776e-03,0.03,-0.01
2.48784e-03,0.03,0.05
2.48792e-03,0.03,-0.03
2.48800e-03,0.03,0.05
2.48808e-03,0.01,-0.03
2.48816e-03,0.05,0.05
2.48824e-03,0.03,-0.03
2.48832e-03,0.03,0.05
2.48840e-03,0.03,-0.03
2.48848e-03,0.01,0.05
2.48856e-03,0.03,-0.01
2.48864e-03,0.01,0.05
2.48872e-03,0.03,-0.01
2.48880e-03,0.03,0.05
2.48888e-03,0.03,-0.01
2.48896e-03,0.03,0.05
2.48904e-03,0.03,-0.01
2.48912e-03,0.03,0.05
2.48920e-03,0.01,-0.01
2.48928e-03,0.03,0.05
2.48936e-03,0.01,-0.01
2.48944e-03,0.05,0.05
2.48952e-03,0.01,-0.03
2.48960e-03,0.03,0.05
2.48968e-03,0.03,-0.03
2.48976e-03,0.01,0.05
2.48984e-03,0.03,-0.01
2.48992e-03,-0.01,0.05
2.49000e-03,0.03,-0.03
2.49008e-03,0.01,0.05
2.49016e-03,0.03,-0.03
2.49024e-03,0.01,0.05
2.49032e-03,0.03,-0.01
2.49040e-03,0.01,0.05
2.49048e-03,0.03,-0.03
2.49056e-03,0.03,0.05
2.49064e-03,0.01,-0.03
2.49072e-03,0.03,0.07
2.49080e-03,0.01,-0.03
2.49088e-03,0.03,0.05
2.49096e-03,0.03,-0.03
2.49104e-03,0.03,0.05
2.49112e-03,0.03,-0.01
2.49120e-03,0.03,0.05
2.49128e-03,0.01,-0.01
2.49136e-03,0.03,0.05
2.49144e-03,0.03,-0.01
2.49152e-03,0.03,0.07
2.49160e-03,0.03,-0.01
2.49168e-03,0.03,0.05
2.49176e-03,0.03,-0.01
2.49184e-03,0.03,0.05
2.49192e-03,0.01,-0.01
2.49200e-03,0.05,0.05
2.49208e-03,0.01,-0.01
2.49216e-03,0.03,0.05
2.49224e-03,0.01,-0.01
2.49232e-03,0.03,0.05
2.49240e-03,0.03,-0.01
2.49248e-03,0.03,0.05
2.49256e-03,0.05,-0.03
2.49264e-03,0.03,0.05
2.49272e-03,0.03,-0.01
2.49280e-03,0.03,0.05
2.49288e-03,0.05,-0.01
2.49296e-03,0.03,0.05
2.49304e-03,0.03,-0.01
2.49312e-03,0.03,0.05
2.49320e-03,0.03,-0.03
2.49328e-03,0.03,0.05
2.49336e-03,0.01,-0.01
2.49344e-03,0.03,0.05
2.49352e-03,0.03,-0.01
2.49360e-03,0.03,0.05
2.49368e-03,0.03,-0.03
2.49376e-03,0.01,0.05
2.49384e-03,0.03,-0.01
2.49392e-03,0.03,0.05
2.49400e-03,0.05,-0.01
2.49408e-03,0.03,0.05
2.49416e-03,0.03,-0.03
2.49424e-03,0.03,0.07
2.49432e-03,0.05,-0.03
2.49440e-03,0.03,0.05
2.49448e-03,-0.01,-0.03
2.49456e-03,0.03,0.07
2.49464e-03,0.01,-0.03
2.49472e-03,0.03,0.07
2.49480e-03,0.03,-0.03
2.49488e-03,0.01,0.05
2.49496e-03,0.03,-0.01
2.49504e-03,0.03,0.05
2.49512e-03,0.03,-0.03
2.49520e-03,0.03,0.05
2.49528e-03,0.03,-0.03
2.49536e-03,0.01,0.05
2.49544e-03,0.03,-0.01
2.49552e-03,0.01,0.05
2.49560e-03,0.05,-0.03
2.49568e-03,0.03,0.05
2.49576e-03,0.03,-0.01
2.49584e-03,0.03,0.07
2.49592e-03,0.01,-0.03
2.49600e-03,0.05,0.05
2.49608e-03,0.01,-0.03
2.49616e-03,0.03,0.05
2.49624e-03,0.03,-0.03
2.49632e-03,0.03,0.05
2.49640e-03,0.03,-0.01
2.49648e-03,0.03,0.05
2.49656e-03,0.01,-0.01
2.49664e-03,0.03,0.05
2.49672e-03,0.01,-0.01
2.49680e-03,0.03,0.05
2.49688e-03,0.03,-0.01
2.49696e-03,0.03,0.05
2.49704e-03,0.03,-0.03
2.49712e-03,0.03,0.05
2.49720e-03,0.01,-0.01
2.49728e-03,0.03,0.05
2.49736e-03,0.01,-0.01
2.49744e-03,0.03,0.05
2.49752e-03,0.01,-0.03
2.49760e-03,0.03,0.05
2.49768e-03,0.03,-0.03
2.49776e-03,0.01,0.05
2.49784e-03,0.01,-0.03
2.49792e-03,0.01,0.05
2.49800e-03,0.05,-0.03
2.49808e-03,-0.01,0.05
2.49816e-03,0.03,-0.03
2.49824e-03,0.01,0.07
2.49832e-03,0.05,-0.03
2.49840e-03,0.03,0.05
2.49848e-03,0.03,-0.03
2.49856e-03,0.03,0.05
2.49864e-03,0.01,-0.03
2.49872e-03,0.03,0.05
2.49880e-03,0.03,-0.01
2.49888e-03,0.03,0.05
2.49896e-03,0.01,-0.01
2.49904e-03,0.03,0.05
2.49912e-03,0.03,-0.03
2.49920e-03,0.03,0.03
2.49928e-03,0.05,-0.01
2.49936e-03,0.01,0.05
2.49944e-03,0.03,-0.01
2.49952e-03,0.03,0.05
2.49960e-03,0.03,-0.03
2.49968e-03,0.01,0.05
2.49976e-03,0.01,-0.01
2.49984e-03,0.05,0.05
2.49992e-03,0.01,-0.03
2.50000e-03,0.03,0.05
2.50008e-03,0.03,-0.01
2.50016e-03,0.05,0.07
2.50024e-03,0.01,-0.01
2.50032e-03,0.05,0.07
2.50040e-03,0.03,-0.03
2.50048e-03,0.03,0.05
2.50056e-03,0.03,-0.01
2.50064e-03,0.01,0.05
2.50072e-03,0.03,-0.01
2.50080e-03,0.01,0.05
2.50088e-03,0.05,-0.01
2.50096e-03,0.01,0.05
2.50104e-03,0.03,-0.01
2.50112e-03,0.03,0.05
2.50120e-03,0.03,-0.03
2.50128e-03,0.03,0.05
2.50136e-03,0.03,-0.01
2.50144e-03,0.03,0.05
2.50152e-03,0.03,-0.01
2.50160e-03,0.03,0.05
2.50168e-03,0.01,-0.01
2.50176e-03,0.03,0.05
2.50184e-03,0.05,-0.01
2.50192e-03,0.03,0.05
2.50200e-03,0.05,-0.01
2.50208e-03,0.01,0.05
2.50216e-03,0.05,-0.01
2.50224e-03,0.01,0.05
2.50232e-03,0.03,-0.01
2.50240e-03,0.03,0.05
2.50248e-03,0.03,-0.03
2.50256e-03,0.03,0.05
2.50264e-03,0.03,-0.01
2.50272e-03,0.03,0.05
2.50280e-03,0.03,-0.01
2.50288e-03,0.03,0.05
2.50296e-03,0.03,-0.03
2.50304e-03,0.01,0.05
2.50312e-03,0.03,-0.01
2.50320e-03,0.05,0.07
2.50328e-03,0.05,-0.03
2.50336e-03,0.03,0.07
2.50344e-03,0.03,-0.03
2.50352e-03,0.03,0.05
2.50360e-03,0.03,-0.01
2.50368e-03,0.03,0.07
2.50376e-03,0.01,-0.03
2.50384e-03,0.03,0.05
2.50392e-03,0.03,-0.03
2.50400e-03,0.03,0.05
2.50408e-03,0.03,-0.03
2.50416e-03,0.03,0.05
2.50424e-03,0.01,-0.01
2.50432e-03,0.03,0.05
2.50440e-03,0.01,-0.03
2.50448e-03,0.01,0.05
2.50456e-03,0.03,-0.03
2.50464e-03,0.01,0.05
2.50472e-03,0.05,-0.01
2.50480e-03,0.01,0.05
2.50488e-03,0.01,-0.01
2.50496e-03,0.01,0.05
2.50504e-03,0.01,-0.03
2.50512e-03,0.03,0.05
2.50520e-03,0.01,-0.01
2.50528e-03,0.03,0.05
2.50536e-03,0.01,-0.03
2.50544e-03,0.05,0.05
2.50552e-03,0.01,-0.03
2.50560e-03,0.05,0.05
2.50568e-03,0.03,-0.03
2.50576e-03,0.03,0.05
2.50584e-03,0.03,-0.01
2.50592e-03,0.01,0.05
2.50600e-03,0.05,-0.01
2.50608e-03,0.01,0.05
2.50616e-03,0.03,-0.03
2.50624e-03,0.03,0.05
2.50632e-03,0.01,-0.01
2.50640e-03,0.03,0.05
2.50648e-03,0.03,-0.03
2.50656e-03,0.03,0.05
2.50664e-03,0.01,-0.03
2.50672e-03,0.03,0.05
2.50680e-03,0.01,-0.03
2.50688e-03,0.03,0.05
2.50696e-03,0.03,-0.01
2.50704e-03,0.03,0.05
2.50712e-03,0.01,-0.01
2.50720e-03,0.01,0.05
2.50728e-03,0.03,-0.03
2.50736e-03,0.01,0.05
2.50744e-03,0.03,-0.01
2.50752e-03,0.01,0.05
2.50760e-03,0.03,-0.01
2.50768e-03,0.01,0.05
2.50776e-03,0.03,-0.03
2.50784e-03,0.03,0.05
2.50792e-03,0.03,-0.03
2.50800e-03,0.03,0.05
2.50808e-03,0.01,-0.01
2.50816e-03,0.03,0.05
2.50824e-03,0.01,-0.01
2.50832e-03,0.03,0.05
2.50840e-03,0.01,-0.03
2.50848e-03,0.03,0.05
2.50856e-03,0.03,-0.03
2.50864e-03,0.01,0.05
2.50872e-03,0.03,-0.01
2.50880e-03,0.01,0.05
2.50888e-03,0.03,-0.01
2.50896e-03,0.03,0.05
2.50904e-03,0.03,-0.01
2.50912e-03,0.03,0.05
2.50920e-03,0.03,-0.03
2.50928e-03,0.03,0.05
2.50936e-03,0.03,-0.03
2.50944e-03,0.03,0.05
2.50952e-03,0.03,-0.03
2.50960e-03,0.03,0.05
2.50968e-03,0.03,-0.01
2.50976e-03,0.01,0.05
2.50984e-03,0.03,-0.01
2.50992e-03,0.03,0.05
2.51000e-03,0.03,-0.03
2.51008e-03,0.01,0.05
2.51016e-03,0.03,-0.03
2.51024e-03,0.03,0.05
2.51032e-03,0.01,-0.03
2.51040e-03,0.03,0.05
2.51048e-03,0.03,-0.01
2.51056e-03,0.03,0.05
2.51064e-03,0.01,-0.01
2.51072e-03,0.05,0.05
2.51080e-03,0.01,-0.03
2.51088e-03,0.05,0.07
2.51096e-03,0.03,-0.03
2.51104e-03,0.03,0.05
2.51112e-03,0.03,-0.03
2.51120e-03,0.01,0.05
2.51128e-03,0.03,-0.01
2.51136e-03,0.01,0.05
2.51144e-03,0.03,-0.03
2.51152e-03,0.03,0.05
2.51160e-03,0.03,-0.03
2.51168e-03,0.01,0.05
2.51176e-03,0.03,-0.03
2.51184e-03,0.03,0.05
2.51192e-03,0.03,-0.03
2.51200e-03,0.03,0.05
2.51208e-03,0.01,-0.03
2.51216e-03,0.03,0.05
2.51224e-03,0.01,-0.01
2.51232e-03,0.05,0.05
2.51240e-03,0.03,-0.03
2.51248e-03,0.03,0.05
2.51256e-03,0.03,-0.01
2.51264e-03,0.01,0.05
2.51272e-03,0.03,-0.03
2.51280e-03,0.03,0.07
2.51288e-03,0.03,-0.03
2.51296e-03,0.01,0.07
2.51304e-03,0.03,-0.03
2.51312e-03,0.03,0.05
2.51320e-03,0.01,-0.03
2.51328e-03,0.03,0.05
2.51336e-03,0.03,-0.01
2.51344e-03,0.03,0.05
2.51352e-03,0.03,-0.01
2.51360e-03,0.03,0.05
2.51368e-03,0.03,-0.03
2.51376e-03,0.03,0.05
2.51384e-03,0.03,-0.03
2.51392e-03,0.01,0.05
2.51400e-03,0.05,-0.03
2.51408e-03,0.01,0.05
2.51416e-03,0.05,-0.03
2.51424e-03,0.03,0.05
2.51432e-03,0.03,-0.03
2.51440e-03,0.03,0.05
2.51448e-03,0.03,-0.03
2.51456e-03,0.03,0.05
2.51464e-03,0.03,-0.03
2.51472e-03,0.03,0.05
2.51480e-03,0.01,-0.03
2.51488e-03,0.03,0.05
2.51496e-03,0.03,-0.01
2.51504e-03,0.01,0.03
2.51512e-03,0.03,-0.03
2.51520e-03,0.03,0.05
2.51528e-03,0.03,-0.03
2.51536e-03,0.03,0.05
2.51544e-03,0.03,-0.03
2.51552e-03,-0.01,0.05
2.51560e-03,0.03,-0.03
2.51568e-03,0.01,0.05
2.51576e-03,0.03,-0.03
2.51584e-03,0.03,0.05
2.51592e-03,-0.01,-0.01
2.51600e-03,0.03,0.05
2.51608e-03,0.01,-0.03
2.51616e-03,0.03,0.05
2.51624e-03,0.01,-0.03
2.51632e-03,0.01,0.05
2.51640e-03,0.01,-0.01
2.51648e-03,0.03,0.03
2.51656e-03,0.01,-0.03
2.51664e-03,0.03,0.05
2.51672e-03,0.03,-0.01
2.51680e-03,0.03,0.05
2.51688e-03,0.03,-0.01
2.51696e-03,0.01,0.03
2.51704e-03,0.03,-0.01
2.51712e-03,0.03,0.05
2.51720e-03,0.01,-0.01
2.51728e-03,0.03,0.05
2.51736e-03,0.03,-0.01
2.51744e-03,0.01,0.05
2.51752e-03,0.01,-0.01
2.51760e-03,0.01,0.05
2.51768e-03,0.03,-0.01
2.51776e-03,0.01,0.07
2.51784e-03,0.03,-0.03
2.51792e-03,0.03,0.05
2.51800e-03,0.05,-0.03
2.51808e-03,0.01,0.05
2.51816e-03,0.03,-0.01
2.51824e-03,0.03,0.05
2.51832e-03,0.01,-0.03
2.51840e-03,0.03,0.05
2.51848e-03,0.03,-0.01
2.51856e-03,0.03,0.05
2.51864e-03,0.01,-0.01
2.51872e-03,0.03,0.05
2.51880e-03,0.01,-0.01
2.51888e-03,0.01,0.05
2.51896e-03,0.03,-0.01
2.51904e-03,0.03,0.05
2.51912e-03,0.03,-0.01
2.51920e-03,0.01,0.05
2.51928e-03,0.03,-0.01
2.51936e-03,0.01,0.05
2.51944e-03,0.03,-0.03
2.51952e-03,0.03,0.05
2.51960e-03,0.03,-0.01
2.51968e-03,0.01,0.05
2.51976e-03,0.03,-0.01
2.51984e-03,0.05,0.05
2.51992e-03,0.01,-0.03
2.52000e-03,0.03,0.05
2.52008e-03,0.01,-0.01
2.52016e-03,0.01,0.05
2.52024e-03,0.01,-0.03
2.52032e-03,0.03,0.07
2.52040e-03,0.03,-0.03
2.52048e-03,0.05,0.07
2.52056e-03,-0.01,-0.01
2.52064e-03,0.03,0.05
2.52072e-03,0.05,-0.03
2.52080e-03,0.01,0.07
2.52088e-03,0.05,-0.03
2.52096e-03,0.01,0.07
2.52104e-03,0.05,-0.01
2.52112e-03,0.01,0.05
2.52120e-03,0.01,-0.01
2.52128e-03,0.03,0.05
2.52136e-03,0.01,-0.03
2.52144e-03,0.03,0.05
2.52152e-03,0.03,-0.03
2.52160e-03,0.03,0.05
2.52168e-03,0.03,-0.01
2.52176e-03,0.05,0.05
2.52184e-03,0.03,-0.03
2.52192e-03,0.03,0.05
2.52200e-03,0.03,-0.01
2.52208e-03,0.03,0.05
2.52216e-03,0.03,-0.01
2.52224e-03,0.03,0.05
2.52232e-03,0.03,-0.01
2.52240e-03,0.05,0.07
2.52248e-03,0.03,-0.01
2.52256e-03,0.03,0.05
2.52264e-03,0.03,-0.01
2.52272e-03,0.03,0.05
2.52280e-03,0.03,-0.01
2.52288e-03,0.03,0.05
2.52296e-03,0.05,-0.01
2.52304e-03,0.03,0.05
2.52312e-03,0.03,-0.01
2.52320e-03,0.03,0.05
2.52328e-03,0.03,-0.01
2.52336e-03,0.03,0.05
2.52344e-03,0.03,-0.01
2.52352e-03,0.03,0.07
2.52360e-03,0.03,-0.01
2.52368e-03,0.03,0.05
2.52376e-03,0.03,-0.03
2.52384e-03,0.03,0.05
2.52392e-03,0.01,-0.01
2.52400e-03,0.05,0.05
2.52408e-03,0.03,-0.01
2.52416e-03,0.03,0.05
2.52424e-03,0.01,-0.01
2.52432e-03,0.01,0.05
2.52440e-03,0.01,-0.01
2.52448e-03,0.01,0.05
2.52456e-03,0.03,-0.03
2.52464e-03,0.03,0.05
2.52472e-03,0.03,-0.01
2.52480e-03,0.03,0.05
2.52488e-03,0.03,-0.01
2.52496e-03,0.03,0.05
2.52504e-03,0.03,-0.03
2.52512e-03,0.03,0.05
2.52520e-03,0.03,-0.01
2.52528e-03,0.03,0.05
2.52536e-03,0.01,-0.03
2.52544e-03,0.03,0.03
2.52552e-03,0.03,-0.03
2.52560e-03,0.03,0.05
2.52568e-03,0.03,-0.01
2.52576e-03,0.05,0.05
2.52584e-03,0.03,-0.01
2.52592e-03,0.03,0.05
2.52600e-03,0.03,-0.01
2.52608e-03,0.01,0.05
2.52616e-03,0.03,-0.03
2.52624e-03,0.03,0.05
2.52632e-03,0.03,-0.01
2.52640e-03,0.03,0.05
2.52648e-03,0.03,-0.01
2.52656e-03,0.05,0.05
2.52664e-03,0.03,-0.01
2.52672e-03,0.03,0.05
2.52680e-03,0.03,-0.03
2.52688e-03,0.07,0.05
2.52696e-03,0.01,-0.05
2.52704e-03,0.01,0.07
2.52712e-03,0.01,-0.05
2.52720e-03,0.01,0.07
2.52728e-03,0.03,-0.03
2.52736e-03,0.03,0.05
2.52744e-03,0.03,-0.03
2.52752e-03,0.01,0.05
2.52760e-03,0.03,-0.03
2.52768e-03,0.03,0.05
2.52776e-03,0.01,-0.03
2.52784e-03,0.05,0.05
2.52792e-03,0.03,-0.01
2.52800e-03,0.03,0.05
2.52808e-03,0.01,-0.03
2.52816e-03,0.03,0.05
2.52824e-03,0.01,-0.03
2.52832e-03,0.01,0.05
2.52840e-03,0.03,-0.03
2.52848e-03,0.01,0.05
2.52856e-03,0.05,-0.01
2.52864e-03,0.03,0.07
2.52872e-03,0.03,-0.03
2.52880e-03,0.01,0.07
2.52888e-03,0.03,-0.03
2.52896e-03,0.03,0.05
2.52904e-03,0.03,-0.03
2.52912e-03,0.03,0.05
2.52920e-03,0.03,-0.01
2.52928e-03,0.01,0.05
2.52936e-03,0.03,-0.05
2.52944e-03,0.03,0.05
2.52952e-03,0.01,-0.03
2.52960e-03,0.03,0.07
2.52968e-03,0.03,-0.03
2.52976e-03,0.01,0.05
2.52984e-03,0.05,-0.01
2.52992e-03,0.01,0.05
2.53000e-03,0.03,-0.01
2.53008e-03,0.03,0.05
2.53016e-03,0.03,-0.01
2.53024e-03,0.03,0.05
2.53032e-03,0.03,-0.01
2.53040e-03,0.03,0.07
2.53048e-03,0.01,-0.03
2.53056e-03,0.03,0.05
2.53064e-03,0.03,-0.01
2.53072e-03,0.03,0.05
2.53080e-03,0.03,-0.03
2.53088e-03,0.03,0.05
2.53096e-03,0.03,-0.01
2.53104e-03,0.03,0.05
2.53112e-03,0.03,-0.03
2.53120e-03,0.01,0.05
2.53128e-03,0.03,-0.01
2.53136e-03,0.01,0.05
2.53144e-03,0.03,-0.01
2.53152e-03,0.03,0.05
2.53160e-03,0.03,-0.03
2.53168e-03,0.03,0.07
2.53176e-03,0.03,-0.03
2.53184e-03,0.05,0.05
2.53192e-03,0.01,-0.03
2.53200e-03,0.03,0.05
2.53208e-03,0.03,-0.03
2.53216e-03,0.03,0.05
2.53224e-03,0.01,-0.03
2.53232e-03,0.03,0.03
2.53240e-03,0.01,-0.01
2.53248e-03,0.01,0.05
2.53256e-03,0.03,-0.01
2.53264e-03,0.01,0.05
2.53272e-03,0.05,-0.03
2.53280e-03,0.03,0.05
2.53288e-03,0.03,-0.03
2.53296e-03,0.03,0.05
2.53304e-03,0.01,-0.03
2.53312e-03,0.03,0.05
2.53320e-03,0.03,-0.03
2.53328e-03,0.03,0.05
2.53336e-03,0.03,-0.01
2.53344e-03,0.03,0.05
2.53352e-03,0.03,-0.03
2.53360e-03,0.03,0.05
2.53368e-03,0.01,-0.03
2.53376e-03,0.01,0.05
2.53384e-03,0.05,-0.03
2.53392e-03,0.01,0.03
2.53400e-03,0.03,-0.01
2.53408e-03,0.01,0.05
2.53416e-03,0.03,-0.03
2.53424e-03,0.03,0.05
2.53432e-03,0.03,-0.03
2.53440e-03,0.01,0.05
2.53448e-03,0.01,-0.03
2.53456e-03,0.03,0.05
2.53464e-03,0.03,-0.01
2.53472e-03,0.03,0.05
2.53480e-03,0.03,-0.01
2.53488e-03,0.03,0.05
2.53496e-03,0.03,-0.01
2.53504e-03,0.03,0.05
2.53512e-03,0.01,-0.01
2.53520e-03,0.03,0.05
2.53528e-03,0.03,-0.01
2.53536e-03,0.01,0.05
2.53544e-03,0.01,-0.01
2.53552e-03,0.03,0.05
2.53560e-03,0.03,-0.01
2.53568e-03,0.03,0.05
2.53576e-03,0.03,-0.01
2.53584e-03,0.01,0.05
2.53592e-03,0.03,-0.03
2.53600e-03,0.05,0.05
2.53608e-03,-0.01,-0.01
2.53616e-03,0.03,0.05
2.53624e-03,0.05,-0.03
2.53632e-03,0.01,0.07
2.53640e-03,0.03,-0.03
2.53648e-03,0.03,0.05
2.53656e-03,0.01,-0.01
2.53664e-03,0.01,0.07
2.53672e-03,0.03,-0.03
2.53680e-03,0.01,0.05
2.53688e-03,0.03,-0.03
2.53696e-03,0.03,0.05
2.53704e-03,0.03,-0.03
2.53712e-03,0.05,0.05
2.53720e-03,0.01,-0.03
2.53728e-03,0.03,0.05
2.53736e-03,0.03,-0.03
2.53744e-03,0.05,0.05
2.53752e-03,0.03,-0.03
2.53760e-03,0.01,0.07
2.53768e-03,0.03,-0.03
2.53776e-03,0.03,0.05
2.53784e-03,0.03,-0.03
2.53792e-03,0.03,0.05
2.53800e-03,0.03,-0.01
2.53808e-03,0.01,0.05
2.53816e-03,0.03,-0.03
2.53824e-03,0.01,0.05
2.53832e-03,0.03,-0.03
2.53840e-03,0.03,0.05
2.53848e-03,0.01,-0.03
2.53856e-03,0.03,0.05
2.53864e-03,0.03,-0.03
2.53872e-03,0.03,0.05
2.53880e-03,0.01,-0.01
2.53888e-03,0.03,0.05
2.53896e-03,0.03,-0.01
2.53904e-03,0.03,0.05
2.53912e-03,0.01,-0.01
2.53920e-03,0.03,0.05
2.53928e-03,0.03,-0.01
2.53936e-03,0.01,0.05
2.53944e-03,0.03,-0.01
2.53952e-03,0.03,0.05
2.53960e-03,0.03,-0.03
2.53968e-03,0.03,0.05
2.53976e-03,0.01,-0.01
2.53984e-03,0.03,0.05
2.53992e-03,0.01,-0.03
2.54000e-03,0.03,0.05
2.54008e-03,0.03,-0.03
2.54016e-03,0.03,0.05
2.54024e-03,0.03,-0.03
2.54032e-03,0.03,0.05
2.54040e-03,0.03,-0.01
2.54048e-03,0.01,0.05
2.54056e-03,0.03,-0.01
2.54064e-03,0.01,0.05
2.54072e-03,0.05,-0.01
2.54080e-03,0.01,0.05
2.54088e-03,0.03,-0.03
2.54096e-03,0.03,0.05
2.54104e-03,0.03,-0.03
2.54112e-03,0.03,0.05
2.54120e-03,0.03,-0.01
2.54128e-03,0.03,0.05
2.54136e-03,0.01,-0.01
2.54144e-03,0.03,0.05
2.54152e-03,0.03,-0.01
2.54160e-03,0.05,0.05
2.54168e-03,0.03,-0.01
2.54176e-03,0.03,0.05
2.54184e-03,0.03,-0.01
2.54192e-03,0.03,0.05
2.54200e-03,0.03,-0.01
2.54208e-03,0.03,0.05
2.54216e-03,0.05,-0.01
2.54224e-03,0.03,0.05
2.54232e-03,0.05,-0.03
2.54240e-03,0.01,0.05
2.54248e-03,0.03,-0.01
2.54256e-03,0.03,0.05
2.54264e-03,0.03,-0.01
2.54272e-03,0.03,0.05
2.54280e-03,0.01,-0.03
2.54288e-03,0.05,0.05
2.54296e-03,0.03,-0.03
2.54304e-03,0.03,0.05
2.54312e-03,0.03,-0.01
2.54320e-03,-0.01,0.05
2.54328e-03,0.03,-0.03
2.54336e-03,0.03,0.05
2.54344e-03,0.03,-0.03
2.54352e-03,0.03,0.05
2.54360e-03,0.03,-0.03
2.54368e-03,0.03,0.05
2.54376e-03,0.03,-0.01
2.54384e-03,0.05,0.07
2.54392e-03,0.05,-0.03
2.54400e-03,0.01,0.05
2.54408e-03,0.03,-0.01
2.54416e-03,0.03,0.05
2.54424e-03,0.03,-0.03
2.54432e-03,0.03,0.07
2.54440e-03,0.03,-0.01
2.54448e-03,0.01,0.05
2.54456e-03,0.05,-0.01
2.54464e-03,0.03,0.05
2.54472e-03,0.03,-0.03
2.54480e-03,0.03,0.05
2.54488e-03,0.03,-0.03
2.54496e-03,0.01,0.05
2.54504e-03,0.01,-0.03
2.54512e-03,0.03,0.05
2.54520e-03,0.03,-0.03
2.54528e-03,0.03,0.03
2.54536e-03,0.01,-0.01
2.54544e-03,0.05,0.05
2.54552e-03,0.03,-0.03
2.54560e-03,0.05,0.05
2.54568e-03,0.01,-0.05
2.54576e-03,0.01,0.07
2.54584e-03,0.03,-0.03
2.54592e-03,0.03,0.07
2.54600e-03,0.03,-0.03
2.54608e-03,0.03,0.07
2.54616e-03,0.03,-0.01
2.54624e-03,0.03,0.05
2.54632e-03,0.03,-0.01
2.54640e-03,0.01,0.05
2.54648e-03,0.03,-0.03
2.54656e-03,0.03,0.05
2.54664e-03,0.01,-0.03
2.54672e-03,0.03,0.05
2.54680e-03,0.01,-0.01
2.54688e-03,0.05,0.05
2.54696e-03,0.01,-0.03
2.54704e-03,0.03,0.05
2.54712e-03,0.03,-0.01
2.54720e-03,0.03,0.05
2.54728e-03,0.03,-0.01
2.54736e-03,0.01,0.05
2.54744e-03,0.05,-0.03
2.54752e-03,0.03,0.05
2.54760e-03,0.03,-0.01
2.54768e-03,0.03,0.05
2.54776e-03,0.03,-0.01
2.54784e-03,0.05,0.05
2.54792e-03,0.03,-0.03
2.54800e-03,0.05,0.05
2.54808e-03,-0.01,-0.03
2.54816e-03,0.03,0.05
2.54824e-03,0.03,-0.03
2.54832e-03,0.03,0.05
2.54840e-03,0.03,-0.01
2.54848e-03,0.03,0.05
2.54856e-03,0.05,-0.03
2.54864e-03,0.01,0.05
2.54872e-03,0.05,-0.01
2.54880e-03,0.03,0.05
2.54888e-03,0.03,-0.01
2.54896e-03,0.03,0.05
2.54904e-03,0.03,-0.01
2.54912e-03,0.03,0.05
2.54920e-03,0.03,-0.03
2.54928e-03,0.03,0.05
2.54936e-03,0.01,-0.01
2.54944e-03,0.03,0.05
2.54952e-03,0.01,-0.01
2.54960e-03,0.03,0.05
2.54968e-03,0.03,-0.01
2.54976e-03,0.01,0.05
2.54984e-03,0.01,-0.03
2.54992e-03,0.01,0.05
2.55000e-03,0.03,-0.03
2.55008e-03,0.03,0.05
2.55016e-03,0.03,-0.01
2.55024e-03,0.03,0.05
2.55032e-03,0.03,-0.01
2.55040e-03,0.03,0.05
2.55048e-03,0.01,-0.01
2.55056e-03,0.03,0.05
2.55064e-03,0.01,-0.01
2.55072e-03,0.05,0.05
2.55080e-03,0.01,-0.03
2.55088e-03,0.03,0.05
2.55096e-03,0.03,-0.01
2.55104e-03,0.03,0.05
2.55112e-03,0.03,-0.01
2.55120e-03,0.01,0.07
2.55128e-03,0.03,-0.01
2.55136e-03,0.01,0.05
2.55144e-03,0.03,-0.03
2.55152e-03,0.03,0.05
2.55160e-03,0.03,-0.01
2.55168e-03,0.03,0.05
2.55176e-03,0.03,-0.01
2.55184e-03,0.03,0.05
2.55192e-03,0.01,-0.01
2.55200e-03,0.03,0.05
2.55208e-03,0.01,-0.03
2.55216e-03,0.03,0.05
2.55224e-03,0.01,-0.03
2.55232e-03,0.03,0.05
2.55240e-03,0.03,-0.01
2.55248e-03,0.01,0.05
2.55256e-03,0.05,-0.03
2.55264e-03,0.03,0.05
2.55272e-03,0.03,-0.01
2.55280e-03,0.03,0.05
2.55288e-03,0.03,-0.03
2.55296e-03,0.03,0.05
2.55304e-03,0.03,-0.01
2.55312e-03,0.03,0.05
2.55320e-03,0.01,-0.03
2.55328e-03,0.03,0.05
2.55336e-03,0.01,-0.03
2.55344e-03,0.03,0.05
2.55352e-03,0.03,-0.03
2.55360e-03,0.03,0.05
2.55368e-03,0.03,-0.01
2.55376e-03,0.01,0.05
2.55384e-03,0.03,-0.03
2.55392e-03,0.01,0.05
2.55400e-03,0.03,-0.03
2.55408e-03,0.01,0.05
2.55416e-03,0.05,-0.03
2.55424e-03,0.03,0.05
2.55432e-03,0.03,-0.03
2.55440e-03,0.03,0.05
2.55448e-03,0.03,-0.03
2.55456e-03,0.03,0.05
2.55464e-03,0.03,-0.03
2.55472e-03,0.07,0.05
2.55480e-03,0.01,-0.03
2.55488e-03,0.03,0.07
2.55496e-03,0.01,-0.03
2.55504e-03,0.01,0.07
2.55512e-03,0.03,-0.03
2.55520e-03,0.03,0.05
2.55528e-03,0.03,-0.01
2.55536e-03,0.03,0.05
2.55544e-03,0.03,-0.03
2.55552e-03,0.03,0.05
2.55560e-03,0.03,-0.03
2.55568e-03,0.03,0.05
2.55576e-03,0.03,-0.01
2.55584e-03,0.03,0.05
2.55592e-03,0.01,-0.01
2.55600e-03,0.03,0.05
2.55608e-03,0.03,-0.03
2.55616e-03,0.03,0.05
2.55624e-03,0.01,-0.03
2.55632e-03,0.03,0.05
2.55640e-03,0.03,-0.01
2.55648e-03,0.01,0.03
2.55656e-03,0.03,-0.01
2.55664e-03,0.01,0.05
2.55672e-03,0.03,-0.03
2.55680e-03,0.01,0.05
2.55688e-03,0.03,-0.03
2.55696e-03,0.03,0.03
2.55704e-03,0.03,-0.03
2.55712e-03,0.03,0.05
2.55720e-03,0.01,-0.01
2.55728e-03,0.03,0.05
2.55736e-03,0.01,-0.01
2.55744e-03,0.05,0.07
2.55752e-03,0.01,-0.01
2.55760e-03,0.03,0.05
2.55768e-03,0.03,-0.01
2.55776e-03,0.01,0.05
2.55784e-03,0.03,-0.01
2.55792e-03,0.01,0.05
2.55800e-03,0.03,-0.01
2.55808e-03,0.01,0.05
2.55816e-03,0.03,-0.01
2.55824e-03,0.03,0.05
2.55832e-03,0.01,-0.01
2.55840e-03,0.03,0.05
2.55848e-03,0.01,-0.03
2.55856e-03,0.05,0.05
2.55864e-03,0.01,-0.01
2.55872e-03,0.05,0.07
2.55880e-03,0.03,-0.03
2.55888e-03,0.03,0.05
2.55896e-03,0.01,-0.03
2.55904e-03,0.01,0.07
2.55912e-03,0.03,-0.01
2.55920e-03,0.03,0.05
2.55928e-03,0.05,-0.03
2.55936e-03,0.01,0.05
2.55944e-03,0.03,-0.01
2.55952e-03,0.03,0.05
2.55960e-03,0.03,-0.01
2.55968e-03,0.03,0.05
2.55976e-03,0.03,-0.03
2.55984e-03,0.03,0.05
2.55992e-03,0.01,-0.01
2.56000e-03,0.05,0.05
2.56008e-03,0.03,-0.01
2.56016e-03,0.03,0.05
2.56024e-03,0.03,-0.01
2.56032e-03,0.03,0.05
2.56040e-03,0.03,-0.01
2.56048e-03,0.03,0.05
2.56056e-03,0.03,-0.01
2.56064e-03,0.03,0.05
2.56072e-03,0.03,-0.01
2.56080e-03,0.01,0.05
2.56088e-03,0.03,-0.01
2.56096e-03,0.03,0.05
2.56104e-03,0.03,-0.01
2.56112e-03,0.03,0.05
2.56120e-03,0.01,-0.01
2.56128e-03,0.05,0.05
2.56136e-03,-0.01,-0.03
2.56144e-03,0.03,0.05
2.56152e-03,0.03,-0.05
2.56160e-03,0.05,0.07
2.56168e-03,0.03,-0.05
2.56176e-03,0.01,0.07
2.56184e-03,0.03,-0.01
2.56192e-03,0.01,0.05
2.56200e-03,0.05,-0.03
2.56208e-03,0.01,0.05
2.56216e-03,0.03,-0.03
2.56224e-03,0.01,0.05
2.56232e-03,0.03,-0.01
2.56240e-03,0.03,0.05
2.56248e-03,0.03,-0.03
2.56256e-03,0.05,0.05
2.56264e-03,0.03,-0.01
2.56272e-03,0.07,0.05
2.56280e-03,0.05,-0.03
2.56288e-03,0.03,0.07
2.56296e-03,0.03,-0.03
2.56304e-03,0.01,0.07
2.56312e-03,0.03,-0.03
2.56320e-03,0.01,0.07
2.56328e-03,0.03,-0.03
2.56336e-03,0.01,0.05
2.56344e-03,0.03,-0.03
2.56352e-03,0.01,0.05
2.56360e-03,0.01,-0.03
2.56368e-03,0.01,0.07
2.56376e-03,0.03,-0.03
2.56384e-03,0.05,0.05
2.56392e-03,0.01,-0.03
2.56400e-03,0.03,0.05
2.56408e-03,0.01,-0.03
2.56416e-03,0.03,0.05
2.56424e-03,0.03,-0.01
2.56432e-03,0.03,0.05
2.56440e-03,0.03,-0.03
2.56448e-03,0.03,0.05
2.56456e-03,0.01,-0.03
2.56464e-03,0.01,0.05
2.56472e-03,0.03,-0.03
2.56480e-03,0.01,0.05
2.56488e-03,0.03,-0.01
2.56496e-03,0.03,0.05
2.56504e-03,0.01,-0.01
2.56512e-03,0.03,0.05
2.56520e-03,0.01,-0.01
2.56528e-03,0.03,0.05
2.56536e-03,0.03,-0.01
2.56544e-03,0.03,0.05
2.56552e-03,0.03,-0.03
2.56560e-03,0.01,0.05
2.56568e-03,0.03,-0.03
2.56576e-03,0.03,0.05
2.56584e-03,0.05,-0.03
2.56592e-03,0.01,0.05
2.56600e-03,0.03,-0.03
2.56608e-03,-0.01,0.05
2.56616e-03,0.01,-0.03
2.56624e-03,0.01,0.05
2.56632e-03,0.01,-0.03
2.56640e-03,0.03,0.05
2.56648e-03,0.01,-0.03
2.56656e-03,0.03,0.05
2.56664e-03,0.01,-0.03
2.56672e-03,0.03,0.05
2.56680e-03,0.01,-0.03
2.56688e-03,0.05,0.05
2.56696e-03,0.03,-0.01
2.56704e-03,0.03,0.05
2.56712e-03,0.03,-0.03
2.56720e-03,0.03,0.05
2.56728e-03,0.03,-0.03
2.56736e-03,0.01,0.05
2.56744e-03,0.03,-0.03
2.56752e-03,0.03,0.05
2.56760e-03,0.03,-0.01
2.56768e-03,0.03,0.05
2.56776e-03,0.01,-0.01
2.56784e-03,0.03,0.05
2.56792e-03,0.01,-0.03
2.56800e-03,0.03,0.05
2.56808e-03,0.03,-0.01
2.56816e-03,0.03,0.05
2.56824e-03,0.01,-0.03
2.56832e-03,0.05,0.05
2.56840e-03,0.03,-0.01
2.56848e-03,0.01,0.05
2.56856e-03,0.03,-0.01
2.56864e-03,0.01,0.05
2.56872e-03,0.05,-0.03
2.56880e-03,0.01,0.05
2.56888e-03,0.03,-0.01
2.56896e-03,0.01,0.05
2.56904e-03,0.01,-0.03
2.56912e-03,0.03,0.05
2.56920e-03,0.01,-0.03
2.56928e-03,0.03,0.05
2.56936e-03,0.01,-0.01
2.56944e-03,0.03,0.05
2.56952e-03,0.03,-0.03
2.56960e-03,0.03,0.05
2.56968e-03,0.03,-0.01
2.56976e-03,0.03,0.05
2.56984e-03,0.03,-0.01
2.56992e-03,0.01,0.05
2.57000e-03,0.01,-0.01
2.57008e-03,0.03,0.07
2.57016e-03,0.03,-0.03
2.57024e-03,0.03,0.05
2.57032e-03,0.03,-0.01
2.57040e-03,0.03,0.05
2.57048e-03,0.01,-0.01
2.57056e-03,0.03,0.05
2.57064e-03,0.01,-0.01
2.57072e-03,0.03,0.05
2.57080e-03,0.01,-0.01
2.57088e-03,0.03,0.05
2.57096e-03,0.03,-0.01
2.57104e-03,0.03,0.05
2.57112e-03,0.03,-0.03
2.57120e-03,0.03,0.05
2.57128e-03,0.03,-0.01
2.57136e-03,0.01,0.05
2.57144e-03,0.03,-0.03
2.57152e-03,0.03,0.05
2.57160e-03,0.03,-0.01
2.57168e-03,0.03,0.05
2.57176e-03,0.03,-0.01
2.57184e-03,0.05,0.05
2.57192e-03,0.03,-0.05
2.57200e-03,0.03,0.07
2.57208e-03,-0.01,-0.03
2.57216e-03,0.05,0.07
2.57224e-03,0.01,-0.03
2.57232e-03,0.03,0.07
2.57240e-03,0.03,-0.01
2.57248e-03,0.03,0.05
2.57256e-03,0.05,-0.01
2.57264e-03,0.01,0.05
2.57272e-03,0.05,-0.03
2.57280e-03,0.03,0.05
2.57288e-03,0.03,-0.01
2.57296e-03,0.03,0.05
2.57304e-03,0.03,-0.03
2.57312e-03,0.03,0.05
2.57320e-03,0.03,-0.01
2.57328e-03,0.03,0.05
2.57336e-03,0.01,-0.03
2.57344e-03,0.03,0.07
2.57352e-03,0.01,-0.01
2.57360e-03,0.03,0.05
2.57368e-03,0.05,-0.03
2.57376e-03,0.03,0.05
2.57384e-03,0.03,-0.03
2.57392e-03,0.01,0.05
2.57400e-03,0.03,-0.01
2.57408e-03,0.03,0.05
2.57416e-03,0.05,-0.01
2.57424e-03,0.01,0.05
2.57432e-03,0.05,-0.01
2.57440e-03,0.03,0.05
2.57448e-03,0.03,-0.01
2.57456e-03,0.03,0.05
2.57464e-03,0.03,-0.03
2.57472e-03,0.03,0.05
2.57480e-03,0.01,-0.01
2.57488e-03,0.03,0.07
2.57496e-03,0.03,-0.01
2.57504e-03,0.03,0.05
2.57512e-03,0.03,-0.03
2.57520e-03,0.01,0.05
2.57528e-03,0.05,-0.03
2.57536e-03,0.03,0.05
2.57544e-03,0.05,-0.01
2.57552e-03,0.01,0.05
2.57560e-03,0.03,-0.01
2.57568e-03,0.03,0.05
2.57576e-03,0.03,-0.01
2.57584e-03,0.03,0.05
2.57592e-03,0.01,-0.01
2.57600e-03,0.03,0.05
2.57608e-03,0.01,-0.01
2.57616e-03,0.03,0.05
2.57624e-03,0.01,-0.01
2.57632e-03,0.01,0.05
2.57640e-03,0.03,-0.03
2.57648e-03,0.03,0.05
2.57656e-03,0.03,-0.01
2.57664e-03,0.03,0.05
2.57672e-03,0.01,-0.03
2.57680e-03,0.03,0.05
2.57688e-03,0.01,-0.03
2.57696e-03,0.03,0.05
2.57704e-03,0.03,-0.03
2.57712e-03,0.05,0.05
2.57720e-03,0.03,-0.03
2.57728e-03,0.01,0.05
2.57736e-03,0.01,-0.03
2.57744e-03,0.03,0.05
2.57752e-03,0.01,-0.03
2.57760e-03,0.03,0.03
2.57768e-03,0.03,-0.03
2.57776e-03,0.01,0.05
2.57784e-03,0.03,-0.03
2.57792e-03,0.01,0.05
2.57800e-03,0.03,-0.01
2.57808e-03,0.03,0.05
2.57816e-03,0.03,-0.01
2.57824e-03,0.03,0.05
2.57832e-03,0.03,-0.03
2.57840e-03,0.03,0.05
2.57848e-03,0.01,-0.01
2.57856e-03,0.03,0.05
2.57864e-03,0.01,-0.03
2.57872e-03,0.03,0.05
2.57880e-03,0.01,-0.01
2.57888e-03,0.03,0.05
2.57896e-03,0.03,-0.01
2.57904e-03,0.01,0.05
2.57912e-03,0.03,-0.03
2.57920e-03,0.03,0.05
2.57928e-03,0.03,-0.03
2.57936e-03,0.01,0.05
2.57944e-03,0.01,-0.03
2.57952e-03,0.01,0.05
2.57960e-03,0.03,-0.03
2.57968e-03,0.05,0.07
2.57976e-03,0.03,-0.03
2.57984e-03,0.05,0.05
2.57992e-03,0.01,-0.01
2.58000e-03,0.01,0.05
2.58008e-03,0.01,-0.03
2.58016e-03,0.01,0.07
2.58024e-03,0.03,-0.03
2.58032e-03,0.05,0.07
2.58040e-03,0.03,-0.03
2.58048e-03,0.03,0.05
2.58056e-03,0.03,-0.03
2.58064e-03,0.03,0.05
2.58072e-03,0.03,-0.03
2.58080e-03,0.03,0.05
2.58088e-03,0.03,-0.01
2.58096e-03,0.03,0.05
2.58104e-03,0.03,-0.03
2.58112e-03,0.01,0.05
2.58120e-03,0.01,-0.01
2.58128e-03,0.03,0.05
2.58136e-03,0.01,-0.01
2.58144e-03,0.05,0.05
2.58152e-03,0.03,-0.01
2.58160e-03,0.03,0.05
2.58168e-03,0.03,-0.03
2.58176e-03,0.01,0.05
2.58184e-03,0.01,-0.01
2.58192e-03,0.03,0.05
2.58200e-03,0.01,-0.01
2.58208e-03,0.01,0.05
2.58216e-03,0.03,-0.01
2.58224e-03,0.03,0.05
2.58232e-03,0.03,-0.01
2.58240e-03,0.03,0.03
2.58248e-03,0.01,-0.01
2.58256e-03,0.03,0.05
2.58264e-03,0.01,-0.03
2.58272e-03,0.03,0.05
2.58280e-03,0.01,-0.01
2.58288e-03,0.03,0.05
2.58296e-03,0.03,-0.01
2.58304e-03,0.03,0.05
2.58312e-03,0.01,-0.01
2.58320e-03,0.01,0.05
2.58328e-03,0.03,-0.01
2.58336e-03,0.03,0.05
2.58344e-03,0.03,-0.03
2.58352e-03,0.03,0.05
2.58360e-03,0.03,-0.03
2.58368e-03,0.03,0.05
2.58376e-03,0.01,-0.01
2.58384e-03,0.03,0.03
2.58392e-03,0.01,-0.01
2.58400e-03,0.03,0.05
2.58408e-03,0.03,-0.03
2.58416e-03,0.03,0.05
2.58424e-03,0.01,-0.01
2.58432e-03,0.03,0.05
2.58440e-03,0.01,-0.03
2.58448e-03,0.01,0.05
2.58456e-03,0.03,-0.03
2.58464e-03,0.01,0.05
2.58472e-03,0.03,-0.01
2.58480e-03,0.01,0.05
2.58488e-03,0.03,-0.01
2.58496e-03,0.03,0.05
2.58504e-03,0.03,-0.01
2.58512e-03,0.05,0.05
2.58520e-03,0.03,-0.01
2.58528e-03,0.03,0.05
2.58536e-03,0.01,-0.01
2.58544e-03,0.03,0.05
2.58552e-03,0.03,-0.01
2.58560e-03,0.01,0.07
2.58568e-03,0.03,-0.03
2.58576e-03,0.01,0.05
2.58584e-03,0.03,-0.03
2.58592e-03,0.03,0.05
2.58600e-03,0.03,-0.01
2.58608e-03,0.03,0.05
2.58616e-03,0.03,-0.01
2.58624e-03,0.03,0.07
2.58632e-03,0.03,-0.05
2.58640e-03,0.03,0.09
2.58648e-03,0.01,-0.01
2.58656e-03,0.03,0.05
2.58664e-03,0.03,-0.01
2.58672e-03,0.01,0.05
2.58680e-03,0.01,-0.03
2.58688e-03,0.03,0.05
2.58696e-03,0.03,-0.01
2.58704e-03,0.03,0.05
2.58712e-03,0.01,-0.03
2.58720e-03,0.01,0.05
2.58728e-03,0.03,-0.03
2.58736e-03,0.03,0.05
2.58744e-03,0.03,-0.03
2.58752e-03,0.01,0.05
2.58760e-03,0.03,-0.03
2.58768e-03,0.05,0.05
2.58776e-03,0.03,-0.01
2.58784e-03,0.03,0.05
2.58792e-03,0.03,-0.03
2.58800e-03,0.05,0.05
2.58808e-03,0.03,-0.01
2.58816e-03,0.03,0.05
2.58824e-03,0.03,-0.03
2.58832e-03,0.01,0.05
2.58840e-03,0.03,-0.01
2.58848e-03,0.03,0.05
2.58856e-03,0.05,-0.03
2.58864e-03,0.01,0.05
2.58872e-03,0.03,-0.03
2.58880e-03,0.01,0.05
2.58888e-03,0.05,-0.01
2.58896e-03,0.03,0.05
2.58904e-03,0.01,-0.03
2.58912e-03,0.03,0.05
2.58920e-03,0.03,-0.03
2.58928e-03,0.03,0.05
2.58936e-03,0.01,-0.03
2.58944e-03,0.05,0.05
2.58952e-03,0.03,-0.01
2.58960e-03,0.03,0.07
2.58968e-03,0.05,-0.03
2.58976e-03,0.01,0.05
2.58984e-03,0.05,-0.01
2.58992e-03,0.01,0.05
2.59000e-03,0.03,-0.01
2.59008e-03,0.01,0.05
2.59016e-03,0.03,-0.01
2.59024e-03,0.03,0.05
2.59032e-03,-0.01,-0.03
2.59040e-03,0.03,0.05
2.59048e-03,0.03,-0.03
2.59056e-03,0.05,0.05
2.59064e-03,0.03,-0.03
2.59072e-03,0.03,0.05
2.59080e-03,0.01,-0.03
2.59088e-03,0.03,0.05
2.59096e-03,0.03,-0.03
2.59104e-03,0.03,0.05
2.59112e-03,0.03,-0.01
2.59120e-03,0.01,0.05
2.59128e-03,0.03,-0.03
2.59136e-03,0.03,0.05
2.59144e-03,0.03,-0.01
2.59152e-03,0.03,0.05
2.59160e-03,0.01,-0.01
2.59168e-03,0.03,0.05
2.59176e-03,0.03,-0.01
2.59184e-03,0.03,0.05
2.59192e-03,0.01,-0.03
2.59200e-03,0.03,0.05
2.59208e-03,0.01,-0.03
2.59216e-03,0.05,0.05
2.59224e-03,0.03,-0.01
2.59232e-03,0.03,0.05
2.59240e-03,0.03,-0.01
2.59248e-03,0.01,0.05
2.59256e-03,0.03,-0.01
2.59264e-03,0.03,0.05
2.59272e-03,0.03,-0.01
2.59280e-03,0.03,0.05
2.59288e-03,0.03,-0.03
2.59296e-03,0.01,0.05
2.59304e-03,0.01,-0.03
2.59312e-03,0.03,0.05
2.59320e-03,0.03,-0.03
2.59328e-03,0.03,0.05
2.59336e-03,0.01,-0.03
2.59344e-03,0.05,0.05
2.59352e-03,0.01,-0.03
2.59360e-03,0.01,0.05
2.59368e-03,0.03,-0.01
2.59376e-03,0.01,0.05
2.59384e-03,0.05,-0.01
2.59392e-03,0.01,0.05
2.59400e-03,0.03,-0.03
2.59408e-03,0.01,0.05
2.59416e-03,0.01,-0.01
2.59424e-03,0.01,0.05
2.59432e-03,0.03,-0.03
2.59440e-03,0.03,0.05
2.59448e-03,0.03,-0.01
2.59456e-03,0.03,0.05
2.59464e-03,0.03,-0.03
2.59472e-03,0.03,0.05
2.59480e-03,0.01,-0.01
2.59488e-03,0.03,0.05
2.59496e-03,0.05,-0.03
2.59504e-03,0.01,0.05
2.59512e-03,0.03,-0.01
2.59520e-03,0.03,0.05
2.59528e-03,0.03,-0.01
2.59536e-03,0.01,0.05
2.59544e-03,0.03,-0.01
2.59552e-03,0.01,0.05
2.59560e-03,0.03,-0.03
2.59568e-03,0.03,0.05
2.59576e-03,0.01,-0.03
2.59584e-03,0.03,0.05
2.59592e-03,0.03,-0.05
2.59600e-03,0.05,0.07
2.59608e-03,0.01,-0.01
2.59616e-03,0.03,0.07
2.59624e-03,0.03,-0.01
2.59632e-03,0.03,0.05
2.59640e-03,0.03,-0.03
2.59648e-03,0.03,0.05
2.59656e-03,0.03,-0.03
2.59664e-03,0.03,0.05
2.59672e-03,0.03,-0.01
2.59680e-03,0.01,0.05
2.59688e-03,0.03,-0.01
2.59696e-03,0.03,0.05
2.59704e-03,0.01,-0.01
2.59712e-03,0.03,0.05
2.59720e-03,0.01,-0.03
2.59728e-03,0.05,0.05
2.59736e-03,0.03,-0.03
2.59744e-03,0.05,0.05
2.59752e-03,0.01,-0.03
2.59760e-03,0.03,0.07
2.59768e-03,0.03,-0.05
2.59776e-03,0.03,0.07
2.59784e-03,0.03,-0.03
2.59792e-03,0.01,0.05
2.59800e-03,0.05,-0.01
2.59808e-03,0.01,0.05
2.59816e-03,0.03,-0.01
2.59824e-03,0.03,0.05
2.59832e-03,0.03,-0.01
2.59840e-03,0.03,0.05
2.59848e-03,0.01,-0.01
2.59856e-03,0.03,0.05
2.59864e-03,0.01,-0.03
2.59872e-03,0.03,0.05
2.59880e-03,0.03,-0.01
2.59888e-03,0.03,0.05
2.59896e-03,0.03,-0.03
2.59904e-03,0.03,0.05
2.59912e-03,0.05,-0.03
2.59920e-03,0.01,0.07
2.59928e-03,0.05,-0.01
2.59936e-03,0.01,0.05
2.59944e-03,0.03,-0.03
2.59952e-03,0.03,0.05
2.59960e-03,0.03,-0.01
2.59968e-03,0.03,0.05
2.59976e-03,0.01,-0.01
2.59984e-03,0.03,0.05
2.59992e-03,0.01,-0.01
2.60000e-03,0.03,0.05
2.60008e-03,0.01,-0.03
2.60016e-03,0.01,0.05
2.60024e-03,0.03,-0.03
2.60032e-03,0.03,0.05
2.60040e-03,0.03,-0.03
2.60048e-03,0.05,0.05
2.60056e-03,0.03,-0.01
2.60064e-03,0.01,0.05
2.60072e-03,0.03,-0.01
2.60080e-03,0.03,0.05
2.60088e-03,0.03,-0.01
2.60096e-03,0.03,0.05
2.60104e-03,0.03,-0.03
2.60112e-03,0.03,0.05
2.60120e-03,0.03,-0.01
2.60128e-03,0.03,0.05
2.60136e-03,0.01,-0.01
2.60144e-03,0.03,0.05
2.60152e-03,0.01,-0.01
2.60160e-03,0.03,0.05
2.60168e-03,0.03,-0.01
2.60176e-03,0.03,0.05
2.60184e-03,0.03,-0.01
2.60192e-03,0.01,0.05
2.60200e-03,0.03,-0.01
2.60208e-03,0.01,0.05
2.60216e-03,0.03,-0.01
2.60224e-03,0.03,0.05
2.60232e-03,0.03,-0.03
2.60240e-03,0.03,0.05
2.60248e-03,0.01,-0.03
2.60256e-03,0.01,0.05
2.60264e-03,0.03,-0.03
2.60272e-03,0.03,0.05
2.60280e-03,0.03,-0.01
2.60288e-03,0.03,0.05
2.60296e-03,0.03,-0.01
2.60304e-03,0.03,0.05
2.60312e-03,0.03,-0.01
2.60320e-03,0.03,0.05
2.60328e-03,0.05,-0.03
2.60336e-03,0.03,0.05
2.60344e-03,0.03,-0.03
2.60352e-03,0.03,0.05
2.60360e-03,0.03,-0.03
2.60368e-03,0.03,0.05
2.60376e-03,0.01,-0.01
2.60384e-03,0.03,0.05
2.60392e-03,0.03,-0.01
2.60400e-03,0.01,0.05
2.60408e-03,0.01,-0.03
2.60416e-03,0.03,0.07
2.60424e-03,0.03,-0.03
2.60432e-03,0.01,0.05
2.60440e-03,0.01,-0.03
2.60448e-03,0.01,0.05
2.60456e-03,0.05,-0.03
2.60464e-03,0.01,0.05
2.60472e-03,0.03,-0.03
2.60480e-03,0.03,0.05
2.60488e-03,0.03,-0.01
2.60496e-03,0.03,0.05
2.60504e-03,0.01,-0.03
2.60512e-03,0.03,0.05
2.60520e-03,0.03,-0.03
2.60528e-03,0.05,0.05
2.60536e-03,0.01,-0.03
2.60544e-03,0.03,0.05
2.60552e-03,0.01,-0.01
2.60560e-03,0.03,0.05
2.60568e-03,0.03,-0.03
2.60576e-03,0.03,0.07
2.60584e-03,0.03,-0.01
2.60592e-03,0.03,0.05
2.60600e-03,0.05,-0.01
2.60608e-03,0.03,0.05
2.60616e-03,0.05,-0.03
2.60624e-03,0.05,0.05
2.60632e-03,0.01,-0.03
2.60640e-03,0.01,0.05
2.60648e-03,0.01,-0.03
2.60656e-03,0.01,0.05
2.60664e-03,0.03,-0.03
2.60672e-03,0.03,0.05
2.60680e-03,0.03,-0.03
2.60688e-03,0.03,0.07
2.60696e-03,0.03,-0.03
2.60704e-03,0.01,0.05
2.60712e-03,0.03,-0.03
2.60720e-03,0.03,0.05
2.60728e-03,0.03,-0.03
2.60736e-03,0.01,0.05
2.60744e-03,0.03,-0.01
2.60752e-03,0.03,0.05
2.60760e-03,0.03,-0.01
2.60768e-03,0.03,0.05
2.60776e-03,0.03,-0.01
2.60784e-03,0.03,0.05
2.60792e-03,0.01,-0.03
2.60800e-03,0.03,0.05
2.60808e-03,0.03,-0.03
2.60816e-03,0.03,0.05
2.60824e-03,0.01,-0.03
2.60832e-03,0.03,0.05
2.60840e-03,0.03,-0.03
2.60848e-03,0.03,0.05
2.60856e-03,0.03,-0.03
2.60864e-03,0.03,0.05
2.60872e-03,0.03,-0.01
2.60880e-03,0.03,0.05
2.60888e-03,0.03,-0.03
2.60896e-03,0.03,0.05
2.60904e-03,0.03,-0.01
2.60912e-03,0.03,0.05
2.60920e-03,0.01,-0.01
2.60928e-03,0.03,0.05
2.60936e-03,0.03,-0.01
2.60944e-03,0.03,0.05
2.60952e-03,0.03,-0.03
2.60960e-03,0.03,0.05
2.60968e-03,0.03,-0.01
2.60976e-03,0.03,0.05
2.60984e-03,0.03,-0.01
2.60992e-03,0.03,0.05
2.61000e-03,0.05,-0.03
2.61008e-03,0.03,0.05
2.61016e-03,0.03,-0.03
2.61024e-03,0.03,0.05
2.61032e-03,0.03,-0.01
2.61040e-03,0.03,0.05
2.61048e-03,0.01,-0.01
2.61056e-03,0.05,0.05
2.61064e-03,0.01,-0.01
2.61072e-03,0.03,0.05
2.61080e-03,0.03,-0.03
2.61088e-03,0.03,0.07
2.61096e-03,0.03,-0.01
2.61104e-03,0.01,0.05
2.61112e-03,0.05,-0.01
2.61120e-03,0.01,0.05
2.61128e-03,0.05,-0.03
2.61136e-03,0.03,0.05
2.61144e-03,0.03,-0.03
2.61152e-03,0.03,0.05
2.61160e-03,0.05,-0.03
2.61168e-03,0.05,0.05
2.61176e-03,0.03,-0.01
2.61184e-03,0.03,0.05
2.61192e-03,0.01,-0.03
2.61200e-03,0.03,0.05
2.61208e-03,0.01,-0.03
2.61216e-03,0.03,0.07
2.61224e-03,0.03,-0.01
2.61232e-03,0.03,0.05
2.61240e-03,0.03,-0.01
2.61248e-03,0.03,0.05
2.61256e-03,0.03,-0.03
2.61264e-03,0.01,0.05
2.61272e-03,0.05,-0.03
2.61280e-03,0.03,0.05
2.61288e-03,0.03,-0.01
2.61296e-03,0.03,0.05
2.61304e-03,0.03,-0.03
2.61312e-03,0.03,0.05
2.61320e-03,0.03,-0.03
2.61328e-03,0.03,0.05
2.61336e-03,0.01,-0.01
2.61344e-03,0.03,0.05
2.61352e-03,0.03,-0.03
2.61360e-03,0.03,0.05
2.61368e-03,0.03,-0.01
2.61376e-03,0.01,0.05
2.61384e-03,0.03,-0.01
2.61392e-03,0.01,0.05
2.61400e-03,0.03,-0.03
2.61408e-03,0.03,0.05
2.61416e-03,0.03,-0.03
2.61424e-03,0.01,0.05
2.61432e-03,0.03,-0.01
2.61440e-03,0.01,0.05
2.61448e-03,0.01,-0.03
2.61456e-03,0.05,0.05
2.61464e-03,0.03,-0.03
2.61472e-03,0.05,0.07
2.61480e-03,0.01,-0.03
2.61488e-03,0.03,0.05
2.61496e-03,0.03,-0.03
2.61504e-03,0.01,0.07
2.61512e-03,0.03,-0.01
2.61520e-03,0.01,0.05
2.61528e-03,0.03,-0.01
2.61536e-03,0.01,0.05
2.61544e-03,0.03,-0.03
2.61552e-03,0.01,0.05
2.61560e-03,0.01,-0.01
2.61568e-03,0.03,0.05
2.61576e-03,0.03,-0.01
2.61584e-03,0.05,0.05
2.61592e-03,0.01,-0.01
2.61600e-03,0.05,0.05
2.61608e-03,0.01,-0.01
2.61616e-03,0.03,0.05
2.61624e-03,0.03,-0.03
2.61632e-03,0.01,0.05
2.61640e-03,0.03,-0.03
2.61648e-03,0.01,0.05
2.61656e-03,0.03,-0.03
2.61664e-03,0.03,0.05
2.61672e-03,0.01,-0.03
2.61680e-03,0.03,0.05
2.61688e-03,0.03,-0.03
2.61696e-03,0.03,0.05
2.61704e-03,0.03,-0.03
2.61712e-03,0.03,0.05
2.61720e-03,0.01,-0.01
2.61728e-03,0.05,0.05
2.61736e-03,0.03,-0.01
2.61744e-03,0.03,0.05
2.61752e-03,0.03,-0.01
2.61760e-03,0.03,0.05
2.61768e-03,0.03,-0.01
2.61776e-03,0.01,0.05
2.61784e-03,0.03,-0.03
2.61792e-03,0.01,0.05
2.61800e-03,0.03,-0.03
2.61808e-03,0.01,0.05
2.61816e-03,0.05,-0.01
2.61824e-03,0.01,0.05
2.61832e-03,0.03,-0.01
2.61840e-03,0.03,0.05
2.61848e-03,0.03,-0.01
2.61856e-03,0.03,0.05
2.61864e-03,0.03,-0.03
2.61872e-03,0.03,0.05
2.61880e-03,0.03,-0.01
2.61888e-03,0.03,0.05
2.61896e-03,0.03,-0.01
2.61904e-03,0.03,0.05
2.61912e-03,0.03,-0.03
2.61920e-03,0.03,0.05
2.61928e-03,0.03,-0.03
2.61936e-03,0.01,0.05
2.61944e-03,0.03,-0.03
2.61952e-03,0.03,0.05
2.61960e-03,0.01,-0.01
2.61968e-03,0.01,0.03
2.61976e-03,0.03,-0.01
2.61984e-03,0.05,0.07
2.61992e-03,0.03,-0.03
2.62000e-03,0.03,0.05
2.62008e-03,0.03,-0.01
2.62016e-03,0.03,0.05
2.62024e-03,0.03,-0.01
2.62032e-03,0.01,0.05
2.62040e-03,0.03,-0.03
2.62048e-03,0.03,0.05
2.62056e-03,0.03,-0.01
2.62064e-03,0.03,0.05
2.62072e-03,0.03,-0.01
2.62080e-03,0.01,0.05
2.62088e-03,0.05,-0.03
2.62096e-03,0.01,0.05
2.62104e-03,0.01,-0.01
2.62112e-03,0.03,0.05
2.62120e-03,0.03,-0.03
2.62128e-03,0.03,0.05
2.62136e-03,0.03,-0.01
2.62144e-03,0.05,0.05
2.62152e-03,0.03,-0.01
2.62160e-03,0.03,0.05
2.62168e-03,0.03,-0.01
2.62176e-03,0.01,0.05
2.62184e-03,0.03,-0.01
2.62192e-03,0.03,0.05
2.62200e-03,0.05,-0.01
2.62208e-03,0.01,0.05
2.62216e-03,0.05,-0.01
2.62224e-03,0.03,0.05
2.62232e-03,0.01,-0.03
2.62240e-03,0.05,0.05
2.62248e-03,0.01,-0.01
2.62256e-03,0.07,0.07
2.62264e-03,0.01,-0.01
2.62272e-03,0.05,0.07
2.62280e-03,0.03,-0.01
2.62288e-03,0.05,0.05
2.62296e-03,0.03,-0.01
2.62304e-03,0.03,0.07
2.62312e-03,0.03,-0.01
2.62320e-03,0.03,0.05
2.62328e-03,0.03,-0.03
2.62336e-03,0.01,0.05
2.62344e-03,0.05,-0.01
2.62352e-03,0.03,0.05
2.62360e-03,0.03,-0.03
2.62368e-03,0.01,0.05
2.62376e-03,0.01,-0.03
2.62384e-03,0.05,0.05
2.62392e-03,0.03,-0.03
2.62400e-03,0.03,0.07
2.62408e-03,0.03,-0.03
2.62416e-03,0.01,0.05
2.62424e-03,0.03,-0.03
2.62432e-03,0.01,0.05
2.62440e-03,0.03,-0.03
2.62448e-03,0.01,0.07
2.62456e-03,0.03,-0.03
2.62464e-03,0.01,0.05
2.62472e-03,0.03,-0.03
2.62480e-03,-0.01,0.05
2.62488e-03,0.05,-0.03
2.62496e-03,0.01,0.05
2.62504e-03,0.03,-0.01
2.62512e-03,0.03,0.05
2.62520e-03,0.03,-0.03
2.62528e-03,0.03,0.05
2.62536e-03,0.01,-0.03
2.62544e-03,0.03,0.05
2.62552e-03,0.03,-0.03
2.62560e-03,0.01,0.05
2.62568e-03,0.03,-0.03
2.62576e-03,0.01,0.05
2.62584e-03,0.03,-0.01
2.62592e-03,0.01,0.05
2.62600e-03,0.05,-0.01
2.62608e-03,0.01,0.05
2.62616e-03,0.03,-0.03
2.62624e-03,0.01,0.05
2.62632e-03,0.03,-0.01
2.62640e-03,0.01,0.03
2.62648e-03,0.01,-0.03
2.62656e-03,0.03,0.05
2.62664e-03,0.03,-0.03
2.62672e-03,0.03,0.05
2.62680e-03,0.03,-0.03
2.62688e-03,0.01,0.05
2.62696e-03,0.03,-0.03
2.62704e-03,0.01,0.05
2.62712e-03,0.03,-0.01
2.62720e-03,0.03,0.05
2.62728e-03,0.03,-0.03
2.62736e-03,0.01,0.05
2.62744e-03,0.03,-0.03
2.62752e-03,0.01,0.05
2.62760e-03,0.03,-0.01
2.62768e-03,0.03,0.05
2.62776e-03,-0.01,-0.03
2.62784e-03,0.03,0.05
2.62792e-03,0.01,-0.03
2.62800e-03,0.03,0.05
2.62808e-03,0.03,-0.03
2.62816e-03,0.03,0.05
2.62824e-03,0.03,-0.03
2.62832e-03,0.03,0.05
2.62840e-03,0.01,-0.01
2.62848e-03,0.01,0.05
2.62856e-03,0.03,-0.01
2.62864e-03,0.01,0.05
2.62872e-03,0.05,-0.01
2.62880e-03,0.03,0.05
2.62888e-03,0.03,-0.03
2.62896e-03,0.03,0.05
2.62904e-03,0.03,-0.01
2.62912e-03,0.03,0.05
2.62920e-03,0.03,-0.03
2.62928e-03,0.03,0.05
2.62936e-03,0.01,-0.01
2.62944e-03,0.05,0.05
2.62952e-03,0.01,-0.05
2.62960e-03,0.03,0.05
2.62968e-03,0.03,-0.03
2.62976e-03,0.03,0.05
2.62984e-03,0.03,-0.01
2.62992e-03,0.03,0.05
2.63000e-03,0.03,-0.01
2.63008e-03,0.03,0.05
2.63016e-03,0.01,-0.01
2.63024e-03,0.05,0.05
2.63032e-03,0.01,-0.01
2.63040e-03,0.03,0.05
2.63048e-03,0.01,-0.01
2.63056e-03,0.03,0.05
2.63064e-03,0.03,-0.01
2.63072e-03,0.03,0.05
2.63080e-03,0.01,-0.01
2.63088e-03,0.03,0.05
2.63096e-03,0.01,-0.01
2.63104e-03,0.03,0.05
2.63112e-03,0.03,-0.03
2.63120e-03,0.01,0.05
2.63128e-03,0.03,-0.01
2.63136e-03,0.01,0.05
2.63144e-03,0.03,-0.01
2.63152e-03,0.03,0.05
2.63160e-03,0.03,-0.01
2.63168e-03,0.03,0.05
2.63176e-03,0.05,-0.01
2.63184e-03,0.03,0.05
2.63192e-03,0.01,-0.03
2.63200e-03,-0.01,0.07
2.63208e-03,-0.03,-0.03
2.63216e-03,0.05,0.07
2.63224e-03,0.05,-0.05
2.63232e-03,0.03,0.07
2.63240e-03,0.03,-0.01
2.63248e-03,0.05,0.05
2.63256e-03,0.05,-0.01
2.63264e-03,0.01,0.05
2.63272e-03,0.03,-0.01
2.63280e-03,0.03,0.05
2.63288e-03,0.03,-0.01
2.63296e-03,0.03,0.05
2.63304e-03,0.01,-0.03
2.63312e-03,0.03,0.05
2.63320e-03,0.01,-0.01
2.63328e-03,0.03,0.05
2.63336e-03,0.01,-0.01
2.63344e-03,0.05,0.05
2.63352e-03,0.01,-0.01
2.63360e-03,0.03,0.05
2.63368e-03,0.03,-0.01
2.63376e-03,0.01,0.07
2.63384e-03,0.03,-0.01
2.63392e-03,0.01,0.05
2.63400e-03,0.03,-0.01
2.63408e-03,0.03,0.05
2.63416e-03,0.05,-0.01
2.63424e-03,0.05,0.05
2.63432e-03,0.03,-0.01
2.63440e-03,0.03,0.05
2.63448e-03,0.03,-0.03
2.63456e-03,0.03,0.05
2.63464e-03,0.03,-0.01
2.63472e-03,0.03,0.07
2.63480e-03,0.03,-0.01
2.63488e-03,0.03,0.05
2.63496e-03,0.03,-0.01
2.63504e-03,0.03,0.05
2.63512e-03,0.03,-0.03
2.63520e-03,0.03,0.05
2.63528e-03,0.03,-0.03
2.63536e-03,0.01,0.05
2.63544e-03,0.03,-0.01
2.63552e-03,0.03,0.05
2.63560e-03,0.03,-0.01
2.63568e-03,0.03,0.05
2.63576e-03,0.03,-0.01
2.63584e-03,0.03,0.05
2.63592e-03,0.01,-0.03
2.63600e-03,0.03,0.05
2.63608e-03,0.03,-0.03
2.63616e-03,0.03,0.05
2.63624e-03,0.01,-0.01
2.63632e-03,0.03,0.07
2.63640e-03,0.03,-0.03
2.63648e-03,0.01,0.05
2.63656e-03,0.01,-0.01
2.63664e-03,0.03,0.05
2.63672e-03,0.03,-0.03
2.63680e-03,0.01,0.05
2.63688e-03,0.03,-0.03
2.63696e-03,0.03,0.05
2.63704e-03,0.03,-0.01
2.63712e-03,0.03,0.05
2.63720e-03,0.01,-0.03
2.63728e-03,0.03,0.05
2.63736e-03,0.01,-0.01
2.63744e-03,0.03,0.05
2.63752e-03,0.01,-0.01
2.63760e-03,0.03,0.05
2.63768e-03,0.03,-0.03
2.63776e-03,0.03,0.05
2.63784e-03,0.03,-0.03
2.63792e-03,0.03,0.07
2.63800e-03,0.03,-0.01
2.63808e-03,0.03,0.05
2.63816e-03,0.03,-0.01
2.63824e-03,0.03,0.05
2.63832e-03,0.03,-0.03
2.63840e-03,0.03,0.05
2.63848e-03,0.01,-0.03
2.63856e-03,0.03,0.05
2.63864e-03,0.01,-0.03
2.63872e-03,0.03,0.05
2.63880e-03,0.03,-0.03
2.63888e-03,0.01,0.05
2.63896e-03,0.01,-0.03
2.63904e-03,0.01,0.05
2.63912e-03,0.03,-0.01
2.63920e-03,0.01,0.05
2.63928e-03,0.03,-0.01
2.63936e-03,0.01,0.05
2.63944e-03,0.03,-0.03
2.63952e-03,0.01,0.05
2.63960e-03,0.03,-0.03
2.63968e-03,0.03,0.05
2.63976e-03,0.01,-0.01
2.63984e-03,0.03,0.05
2.63992e-03,-0.01,-0.01
2.64000e-03,0.03,0.05
2.64008e-03,0.01,-0.03
2.64016e-03,0.01,0.05
2.64024e-03,0.01,-0.03
2.64032e-03,0.01,0.03
2.64040e-03,0.03,-0.03
2.64048e-03,0.01,0.05
2.64056e-03,0.03,-0.03
2.64064e-03,0.01,0.05
2.64072e-03,0.03,-0.03
2.64080e-03,0.01,0.05
2.64088e-03,0.05,-0.01
2.64096e-03,0.05,0.05
2.64104e-03,0.03,-0.03
2.64112e-03,0.01,0.05
2.64120e-03,-0.01,-0.03
2.64128e-03,0.05,0.05
2.64136e-03,0.01,-0.03
2.64144e-03,0.03,0.07
2.64152e-03,0.01,-0.03
2.64160e-03,0.03,0.05
2.64168e-03,0.03,-0.03
2.64176e-03,0.01,0.05
2.64184e-03,0.05,-0.01
2.64192e-03,0.01,0.05
2.64200e-03,0.03,-0.01
2.64208e-03,-0.01,0.05
2.64216e-03,0.03,-0.03
2.64224e-03,0.03,0.05
2.64232e-03,0.03,-0.03
2.64240e-03,0.05,0.05
2.64248e-03,0.03,-0.01
2.64256e-03,0.03,0.05
2.64264e-03,0.03,-0.01
2.64272e-03,0.03,0.05
2.64280e-03,0.03,-0.03
2.64288e-03,0.01,0.05
2.64296e-03,0.03,-0.01
2.64304e-03,0.03,0.05
2.64312e-03,0.03,-0.01
2.64320e-03,0.01,0.05
2.64328e-03,0.03,-0.03
2.64336e-03,0.03,0.05
2.64344e-03,0.03,-0.01
2.64352e-03,0.03,0.05
2.64360e-03,0.03,-0.01
2.64368e-03,0.03,0.05
2.64376e-03,0.01,-0.01
2.64384e-03,0.03,0.05
2.64392e-03,0.01,-0.03
2.64400e-03,0.03,0.05
2.64408e-03,0.05,-0.01
2.64416e-03,0.03,0.05
2.64424e-03,0.03,-0.03
2.64432e-03,0.01,0.05
2.64440e-03,0.03,-0.03
2.64448e-03,0.03,0.05
2.64456e-03,0.05,-0.03
2.64464e-03,0.01,0.05
2.64472e-03,0.03,-0.03
2.64480e-03,0.03,0.05
2.64488e-03,0.03,-0.03
2.64496e-03,0.05,0.05
2.64504e-03,0.01,-0.03
2.64512e-03,0.03,0.05
2.64520e-03,0.03,-0.03
2.64528e-03,0.03,0.05
2.64536e-03,0.03,-0.03
2.64544e-03,0.01,0.05
2.64552e-03,0.03,-0.03
2.64560e-03,0.03,0.05
2.64568e-03,0.03,-0.01
2.64576e-03,0.01,0.05
2.64584e-03,0.03,-0.03
2.64592e-03,0.01,0.05
2.64600e-03,0.03,-0.03
2.64608e-03,0.01,0.05
2.64616e-03,0.03,-0.03
2.64624e-03,0.03,0.05
2.64632e-03,0.01,-0.01
2.64640e-03,0.03,0.05
2.64648e-03,0.03,-0.03
2.64656e-03,0.03,0.05
2.64664e-03,0.01,-0.03
2.64672e-03,0.03,0.05
2.64680e-03,0.03,-0.03
2.64688e-03,0.03,0.05
2.64696e-03,0.03,-0.01
2.64704e-03,0.01,0.05
2.64712e-03,0.03,-0.03
2.64720e-03,0.03,0.05
2.64728e-03,0.05,-0.03
2.64736e-03,0.01,0.05
2.64744e-03,0.03,-0.01
2.64752e-03,0.03,0.05
2.64760e-03,0.03,-0.03
2.64768e-03,0.03,0.05
2.64776e-03,0.03,-0.01
2.64784e-03,0.03,0.05
2.64792e-03,0.01,-0.01
2.64800e-03,0.05,0.05
2.64808e-03,0.03,-0.01
2.64816e-03,0.03,0.05
2.64824e-03,0.03,-0.01
2.64832e-03,0.03,0.05
2.64840e-03,0.03,-0.01
2.64848e-03,0.01,0.03
2.64856e-03,0.03,-0.03
2.64864e-03,0.01,0.05
2.64872e-03,0.03,-0.01
2.64880e-03,0.01,0.05
2.64888e-03,0.03,-0.01
2.64896e-03,0.03,0.05
2.64904e-03,0.03,-0.01
2.64912e-03,0.05,0.05
2.64920e-03,0.05,-0.01
2.64928e-03,0.03,0.05
2.64936e-03,0.01,-0.03
2.64944e-03,0.03,0.07
2.64952e-03,0.01,-0.03
2.64960e-03,0.01,0.07
2.64968e-03,0.03,-0.03
2.64976e-03,0.01,0.05
2.64984e-03,0.03,-0.03
2.64992e-03,0.03,0.05
2.65000e-03,0.03,-0.03
2.65008e-03,0.01,0.07
2.65016e-03,0.03,-0.03
2.65024e-03,0.01,0.05
2.65032e-03,0.03,-0.03
2.65040e-03,0.03,0.05
2.65048e-03,0.03,-0.03
2.65056e-03,0.03,0.05
2.65064e-03,0.01,-0.01
2.65072e-03,0.03,0.05
2.65080e-03,0.03,-0.03
2.65088e-03,0.03,0.05
2.65096e-03,0.03,-0.01
2.65104e-03,0.01,0.05
2.65112e-03,0.01,-0.01
2.65120e-03,0.01,0.05
2.65128e-03,0.03,-0.01
2.65136e-03,-0.01,0.05
2.65144e-03,0.03,-0.01
2.65152e-03,0.03,0.05
2.65160e-03,0.03,-0.03
2.65168e-03,0.03,0.05
2.65176e-03,0.03,-0.03
2.65184e-03,0.03,0.05
2.65192e-03,0.03,-0.01
2.65200e-03,0.05,0.05
2.65208e-03,0.01,-0.01
2.65216e-03,0.03,0.05
2.65224e-03,0.03,-0.03
2.65232e-03,0.03,0.05
2.65240e-03,0.05,-0.01
2.65248e-03,0.01,0.05
2.65256e-03,0.05,-0.01
2.65264e-03,0.01,0.05
2.65272e-03,0.03,-0.01
2.65280e-03,0.01,0.05
2.65288e-03,0.05,-0.01
2.65296e-03,0.03,0.05
2.65304e-03,0.01,-0.03
2.65312e-03,0.03,0.05
2.65320e-03,0.03,-0.03
2.65328e-03,0.03,0.05
2.65336e-03,0.01,-0.01
2.65344e-03,0.05,0.05
2.65352e-03,0.01,-0.03
2.65360e-03,0.03,0.05
2.65368e-03,0.03,-0.01
2.65376e-03,0.03,0.05
2.65384e-03,0.05,-0.03
2.65392e-03,0.03,0.05
2.65400e-03,0.03,-0.03
2.65408e-03,0.01,0.05
2.65416e-03,0.03,-0.01
2.65424e-03,0.03,0.05
2.65432e-03,0.03,-0.03
2.65440e-03,0.03,0.05
2.65448e-03,0.03,-0.01
2.65456e-03,0.03,0.05
2.65464e-03,0.01,-0.01
2.65472e-03,0.05,0.07
2.65480e-03,0.03,-0.01
2.65488e-03,0.03,0.05
2.65496e-03,0.05,-0.01
2.65504e-03,0.01,0.05
2.65512e-03,0.05,-0.03
2.65520e-03,0.01,0.05
2.65528e-03,0.03,-0.03
2.65536e-03,0.01,0.05
2.65544e-03,0.03,-0.03
2.65552e-03,0.03,0.05
2.65560e-03,0.03,-0.01
2.65568e-03,0.03,0.05
2.65576e-03,0.03,-0.01
2.65584e-03,0.03,0.05
2.65592e-03,0.01,-0.01
2.65600e-03,0.05,0.05
2.65608e-03,0.03,-0.01
2.65616e-03,0.05,0.05
2.65624e-03,0.03,-0.01
2.65632e-03,0.01,0.05
2.65640e-03,0.05,-0.03
2.65648e-03,0.01,0.05
2.65656e-03,0.03,-0.03
2.65664e-03,0.03,0.05
2.65672e-03,0.03,-0.01
2.65680e-03,0.03,0.05
2.65688e-03,0.05,-0.01
2.65696e-03,0.03,0.05
2.65704e-03,0.01,-0.03
2.65712e-03,0.03,0.05
2.65720e-03,0.01,-0.01
2.65728e-03,0.05,0.05
2.65736e-03,0.01,-0.01
2.65744e-03,0.03,0.05
2.65752e-03,0.03,-0.01
2.65760e-03,0.03,0.05
2.65768e-03,0.03,-0.03
2.65776e-03,0.03,0.05
2.65784e-03,0.03,-0.01
2.65792e-03,0.01,0.05
2.65800e-03,0.03,-0.01
2.65808e-03,0.03,0.05
2.65816e-03,0.03,-0.01
2.65824e-03,0.03,0.05
2.65832e-03,0.05,-0.03
2.65840e-03,0.05,0.05
2.65848e-03,0.01,-0.03
2.65856e-03,0.03,0.05
2.65864e-03,0.01,-0.03
2.65872e-03,0.03,0.07
2.65880e-03,0.03,-0.03
2.65888e-03,0.03,0.05
2.65896e-03,0.03,-0.03
2.65904e-03,0.03,0.05
2.65912e-03,0.03,-0.03
2.65920e-03,0.01,0.05
2.65928e-03,0.03,-0.01
2.65936e-03,0.01,0.05
2.65944e-03,0.01,-0.01
2.65952e-03,0.01,0.05
2.65960e-03,0.05,-0.01
2.65968e-03,0.03,0.05
2.65976e-03,0.01,-0.01
2.65984e-03,0.03,0.05
2.65992e-03,0.01,-0.01
2.66000e-03,0.05,0.05
2.66008e-03,0.03,-0.01
2.66016e-03,0.03,0.05
2.66024e-03,0.03,-0.03
2.66032e-03,0.03,0.05
2.66040e-03,0.03,-0.01
2.66048e-03,0.03,0.05
2.66056e-03,0.03,-0.03
2.66064e-03,0.01,0.05
2.66072e-03,0.03,-0.03
2.66080e-03,0.01,0.05
2.66088e-03,0.03,-0.01
2.66096e-03,0.01,0.05
2.66104e-03,0.03,-0.01
2.66112e-03,0.03,0.05
2.66120e-03,0.03,-0.01
2.66128e-03,0.05,0.07
2.66136e-03,0.01,-0.01
2.66144e-03,0.05,0.05
2.66152e-03,0.03,-0.01
2.66160e-03,0.03,0.05
2.66168e-03,0.03,-0.01
2.66176e-03,0.03,0.05
2.66184e-03,0.03,-0.01
2.66192e-03,0.01,0.05
2.66200e-03,0.03,-0.03
2.66208e-03,0.01,0.05
2.66216e-03,0.05,-0.01
2.66224e-03,0.03,0.05
2.66232e-03,0.01,-0.03
2.66240e-03,0.03,0.05
2.66248e-03,0.03,-0.03
2.66256e-03,0.03,0.05
2.66264e-03,0.01,-0.01
2.66272e-03,0.03,0.05
2.66280e-03,0.03,-0.01
2.66288e-03,0.03,0.05
2.66296e-03,0.03,-0.01
2.66304e-03,0.01,0.05
2.66312e-03,0.01,-0.01
2.66320e-03,0.03,0.05
2.66328e-03,0.05,-0.03
2.66336e-03,0.01,0.05
2.66344e-03,0.03,-0.01
2.66352e-03,0.01,0.05
2.66360e-03,0.01,-0.01
2.66368e-03,0.03,0.05
2.66376e-03,0.01,-0.03
2.66384e-03,0.03,0.05
2.66392e-03,0.01,-0.03
2.66400e-03,0.03,0.05
2.66408e-03,0.01,-0.03
2.66416e-03,0.03,0.05
2.66424e-03,0.01,-0.01
2.66432e-03,0.01,0.05
2.66440e-03,0.03,-0.01
2.66448e-03,0.01,0.05
2.66456e-03,0.03,-0.03
2.66464e-03,0.01,0.07
2.66472e-03,0.03,-0.03
2.66480e-03,0.01,0.05
2.66488e-03,0.03,-0.01
2.66496e-03,0.05,0.05
2.66504e-03,0.01,-0.03
2.66512e-03,0.03,0.05
2.66520e-03,0.01,-0.01
2.66528e-03,0.01,0.05
2.66536e-03,0.01,-0.03
2.66544e-03,0.03,0.05
2.66552e-03,0.01,-0.03
2.66560e-03,0.03,0.05
2.66568e-03,0.01,-0.03
2.66576e-03,0.03,0.05
2.66584e-03,0.01,-0.01
2.66592e-03,0.01,0.05
2.66600e-03,0.03,-0.01
2.66608e-03,0.01,0.05
2.66616e-03,0.01,-0.01
2.66624e-03,0.03,0.05
2.66632e-03,0.01,-0.01
2.66640e-03,0.01,0.03
2.66648e-03,0.03,-0.01
2.66656e-03,0.05,0.05
2.66664e-03,0.03,-0.03
2.66672e-03,0.03,0.05
2.66680e-03,0.01,-0.03
2.66688e-03,0.01,0.05
2.66696e-03,0.01,-0.03
2.66704e-03,0.01,0.07
2.66712e-03,0.03,-0.01
2.66720e-03,0.03,0.05
2.66728e-03,0.05,-0.03
2.66736e-03,0.01,0.05
2.66744e-03,0.03,-0.03
2.66752e-03,0.03,0.05
2.66760e-03,0.01,-0.03
2.66768e-03,0.03,0.05
2.66776e-03,0.03,-0.03
2.66784e-03,0.01,0.05
2.66792e-03,0.01,-0.03
2.66800e-03,0.01,0.05
2.66808e-03,0.03,-0.03
2.66816e-03,-0.01,0.05
2.66824e-03,0.03,-0.03
2.66832e-03,0.03,0.05
2.66840e-03,0.05,-0.03
2.66848e-03,0.01,0.07
2.66856e-03,0.03,-0.03
2.66864e-03,0.01,0.05
2.66872e-03,0.03,-0.01
2.66880e-03,0.03,0.05
2.66888e-03,0.03,-0.01
2.66896e-03,0.03,0.05
2.66904e-03,0.01,-0.01
2.66912e-03,0.03,0.05
2.66920e-03,0.01,-0.03
2.66928e-03,0.01,0.05
2.66936e-03,0.01,-0.01
2.66944e-03,0.03,0.05
2.66952e-03,0.01,-0.01
2.66960e-03,0.03,0.05
2.66968e-03,0.03,-0.01
2.66976e-03,0.01,0.05
2.66984e-03,0.05,-0.03
2.66992e-03,0.03,0.05
2.67000e-03,0.01,-0.03
2.67008e-03,0.03,0.05
2.67016e-03,0.01,-0.03
2.67024e-03,0.03,0.07
2.67032e-03,0.01,-0.01
2.67040e-03,0.03,0.05
2.67048e-03,0.03,-0.01
2.67056e-03,0.03,0.05
2.67064e-03,0.03,-0.03
2.67072e-03,0.03,0.05
2.67080e-03,0.01,-0.01
2.67088e-03,0.03,0.05
2.67096e-03,0.03,-0.03
2.67104e-03,0.01,0.05
2.67112e-03,0.03,-0.01
2.67120e-03,0.01,0.05
2.67128e-03,0.03,-0.03
2.67136e-03,0.01,0.05
2.67144e-03,0.05,-0.03
2.67152e-03,0.03,0.05
2.67160e-03,0.03,-0.01
2.67168e-03,0.03,0.05
2.67176e-03,0.03,-0.01
2.67184e-03,0.03,0.05
2.67192e-03,0.01,-0.01
2.67200e-03,0.05,0.05
2.67208e-03,0.03,-0.01
2.67216e-03,0.03,0.05
2.67224e-03,0.03,-0.01
2.67232e-03,0.01,0.05
2.67240e-03,0.03,-0.03
2.67248e-03,0.01,0.05
2.67256e-03,0.05,-0.01
2.67264e-03,0.03,0.05
2.67272e-03,0.03,-0.01
2.67280e-03,0.03,0.07
2.67288e-03,0.03,-0.01
2.67296e-03,0.05,0.05
2.67304e-03,0.03,-0.01
2.67312e-03,0.05,0.05
2.67320e-03,0.01,-0.01
2.67328e-03,0.05,0.05
2.67336e-03,0.03,-0.01
2.67344e-03,0.03,0.05
2.67352e-03,0.03,-0.01
2.67360e-03,0.03,0.05
2.67368e-03,0.05,-0.03
2.67376e-03,0.01,0.07
2.67384e-03,0.03,-0.01
2.67392e-03,0.01,0.05
2.67400e-03,0.03,-0.03
2.67408e-03,0.03,0.05
2.67416e-03,0.05,-0.03
2.67424e-03,0.03,0.05
2.67432e-03,0.03,-0.03
2.67440e-03,0.03,0.05
2.67448e-03,0.01,-0.03
2.67456e-03,0.03,0.05
2.67464e-03,0.03,-0.01
2.67472e-03,0.03,0.05
2.67480e-03,0.03,-0.01
2.67488e-03,0.03,0.05
2.67496e-03,0.03,-0.01
2.67504e-03,0.01,0.05
2.67512e-03,0.03,-0.01
2.67520e-03,0.01,0.05
2.67528e-03,0.03,-0.01
2.67536e-03,0.03,0.05
2.67544e-03,0.01,-0.01
2.67552e-03,0.03,0.05
2.67560e-03,0.07,-0.03
2.67568e-03,0.03,0.05
2.67576e-03,0.03,-0.03
2.67584e-03,-0.01,0.07
2.67592e-03,0.01,-0.03
2.67600e-03,0.03,0.05
2.67608e-03,0.01,-0.03
2.67616e-03,0.03,0.07
2.67624e-03,0.03,-0.01
2.67632e-03,0.03,0.05
2.67640e-03,0.03,-0.03
2.67648e-03,0.01,0.05
2.67656e-03,0.03,-0.03
2.67664e-03,0.03,0.05
2.67672e-03,0.03,-0.01
2.67680e-03,0.03,0.05
2.67688e-03,0.01,-0.01
2.67696e-03,0.03,0.05
2.67704e-03,0.03,-0.01
2.67712e-03,0.01,0.05
2.67720e-03,0.03,-0.01
2.67728e-03,0.05,0.05
2.67736e-03,0.03,-0.03
2.67744e-03,0.05,0.05
2.67752e-03,0.03,-0.03
2.67760e-03,0.03,0.05
2.67768e-03,0.03,-0.01
2.67776e-03,0.01,0.05
2.67784e-03,0.03,-0.01
2.67792e-03,0.01,0.05
2.67800e-03,0.03,-0.01
2.67808e-03,0.03,0.05
2.67816e-03,0.03,-0.01
2.67824e-03,0.03,0.05
2.67832e-03,0.03,-0.01
2.67840e-03,0.03,0.05
2.67848e-03,0.03,-0.03
2.67856e-03,0.03,0.05
2.67864e-03,0.01,-0.01
2.67872e-03,0.05,0.05
2.67880e-03,0.03,-0.01
2.67888e-03,0.03,0.05
2.67896e-03,0.01,-0.03
2.67904e-03,0.03,0.05
2.67912e-03,0.03,-0.01
2.67920e-03,0.01,0.05
2.67928e-03,0.05,-0.01
2.67936e-03,-0.01,0.05
2.67944e-03,0.03,-0.01
2.67952e-03,0.03,0.05
2.67960e-03,0.03,-0.03
2.67968e-03,0.03,0.05
2.67976e-03,0.03,-0.01
2.67984e-03,0.03,0.05
2.67992e-03,0.03,-0.01
2.68000e-03,0.05,0.05
2.68008e-03,0.01,-0.01
2.68016e-03,0.01,0.05
2.68024e-03,0.03,-0.03
2.68032e-03,0.03,0.05
2.68040e-03,0.05,-0.03
2.68048e-03,0.01,0.07
2.68056e-03,0.01,-0.03
2.68064e-03,0.03,0.05
2.68072e-03,0.03,-0.03
2.68080e-03,0.01,0.05
2.68088e-03,0.03,-0.01
2.68096e-03,0.03,0.07
2.68104e-03,0.03,-0.03
2.68112e-03,0.01,0.05
2.68120e-03,0.03,-0.01
2.68128e-03,0.01,0.05
2.68136e-03,0.01,-0.03
2.68144e-03,0.03,0.05
2.68152e-03,0.03,-0.01
2.68160e-03,0.01,0.05
2.68168e-03,0.03,-0.03
2.68176e-03,0.01,0.05
2.68184e-03,0.03,-0.01
2.68192e-03,0.01,0.05
2.68200e-03,0.03,-0.01
2.68208e-03,0.03,0.05
2.68216e-03,0.03,-0.01
2.68224e-03,0.01,0.05
2.68232e-03,0.01,-0.03
2.68240e-03,0.03,0.05
2.68248e-03,0.01,-0.03
2.68256e-03,0.03,0.05
2.68264e-03,0.03,-0.01
2.68272e-03,0.03,0.05
2.68280e-03,0.03,-0.01
2.68288e-03,0.03,0.05
2.68296e-03,0.03,-0.01
2.68304e-03,0.03,0.05
2.68312e-03,0.05,-0.01
2.68320e-03,0.03,0.05
2.68328e-03,0.03,-0.01
2.68336e-03,0.03,0.05
2.68344e-03,0.03,-0.03
2.68352e-03,0.03,0.05
2.68360e-03,0.03,-0.01
2.68368e-03,0.03,0.05
2.68376e-03,0.01,-0.01
2.68384e-03,0.03,0.05
2.68392e-03,-0.01,-0.03
2.68400e-03,0.01,0.05
2.68408e-03,0.01,-0.03
2.68416e-03,0.03,0.07
2.68424e-03,0.03,-0.03
2.68432e-03,0.01,0.05
2.68440e-03,0.03,-0.03
2.68448e-03,0.01,0.05
2.68456e-03,0.03,-0.03
2.68464e-03,0.01,0.05
2.68472e-03,0.03,-0.01
2.68480e-03,0.03,0.03
2.68488e-03,0.03,-0.01
2.68496e-03,0.03,0.05
2.68504e-03,0.01,-0.01
2.68512e-03,0.03,0.05
2.68520e-03,0.03,-0.03
2.68528e-03,0.03,0.05
2.68536e-03,0.01,-0.01
2.68544e-03,0.03,0.05
2.68552e-03,0.03,-0.01
2.68560e-03,0.03,0.05
2.68568e-03,0.03,-0.01
2.68576e-03,0.03,0.05
2.68584e-03,0.03,-0.03
2.68592e-03,0.01,0.05
2.68600e-03,0.03,-0.01
2.68608e-03,0.01,0.05
2.68616e-03,0.03,-0.03
2.68624e-03,0.01,0.05
2.68632e-03,0.05,-0.01
2.68640e-03,0.03,0.09
2.68648e-03,0.03,-0.03
2.68656e-03,0.05,0.05
2.68664e-03,0.01,-0.01
2.68672e-03,0.03,0.05
2.68680e-03,0.03,-0.01
2.68688e-03,0.05,0.05
2.68696e-03,0.03,-0.03
2.68704e-03,0.03,0.05
2.68712e-03,0.03,-0.01
2.68720e-03,0.03,0.05
2.68728e-03,0.03,-0.03
2.68736e-03,0.01,0.05
2.68744e-03,0.03,-0.03
2.68752e-03,0.03,0.05
2.68760e-03,0.03,-0.01
2.68768e-03,0.03,0.05
2.68776e-03,0.03,-0.01
2.68784e-03,0.03,0.05
2.68792e-03,0.03,-0.01
2.68800e-03,0.03,0.05
2.68808e-03,0.03,-0.01
2.68816e-03,0.03,0.05
2.68824e-03,0.03,-0.01
2.68832e-03,0.03,0.05
2.68840e-03,0.03,-0.01
2.68848e-03,0.03,0.05
2.68856e-03,0.03,-0.03
2.68864e-03,0.03,0.05
2.68872e-03,0.03,-0.03
2.68880e-03,0.03,0.05
2.68888e-03,0.03,-0.01
2.68896e-03,0.05,0.05
2.68904e-03,0.03,-0.01
2.68912e-03,0.03,0.05
2.68920e-03,0.03,-0.03
2.68928e-03,0.03,0.05
2.68936e-03,0.01,-0.03
2.68944e-03,0.03,0.05
2.68952e-03,0.03,-0.03
2.68960e-03,0.03,0.05
2.68968e-03,0.03,-0.03
2.68976e-03,0.01,0.05
2.68984e-03,0.05,-0.03
2.68992e-03,0.01,0.05
2.69000e-03,0.03,-0.03
2.69008e-03,0.01,0.05
2.69016e-03,0.03,-0.01
2.69024e-03,0.03,0.05
2.69032e-03,0.01,-0.03
2.69040e-03,0.03,0.05
2.69048e-03,0.01,-0.01
2.69056e-03,0.05,0.05
2.69064e-03,0.01,-0.03
2.69072e-03,0.03,0.05
2.69080e-03,0.03,-0.03
2.69088e-03,0.01,0.05
2.69096e-03,0.03,-0.01
2.69104e-03,0.01,0.05
2.69112e-03,0.03,-0.01
2.69120e-03,0.01,0.05
2.69128e-03,0.05,-0.01
2.69136e-03,0.03,0.05
2.69144e-03,0.03,-0.01
2.69152e-03,0.01,0.05
2.69160e-03,0.03,-0.01
2.69168e-03,0.03,0.05
2.69176e-03,0.01,-0.01
2.69184e-03,0.03,0.05
2.69192e-03,0.03,-0.01
2.69200e-03,0.03,0.05
2.69208e-03,0.03,-0.03
2.69216e-03,0.03,0.05
2.69224e-03,0.03,-0.03
2.69232e-03,0.03,0.05
2.69240e-03,0.05,-0.01
2.69248e-03,0.01,0.05
2.69256e-03,0.03,-0.01
2.69264e-03,-0.01,0.05
2.69272e-03,0.03,-0.01
2.69280e-03,0.03,0.05
2.69288e-03,0.01,-0.03
2.69296e-03,0.01,0.05
2.69304e-03,0.01,-0.03
2.69312e-03,0.05,0.05
2.69320e-03,0.03,-0.03
2.69328e-03,0.05,0.07
2.69336e-03,0.01,-0.03
2.69344e-03,0.03,0.05
2.69352e-03,0.03,-0.03
2.69360e-03,0.05,0.05
2.69368e-03,0.03,-0.03
2.69376e-03,0.03,0.05
2.69384e-03,0.05,-0.01
2.69392e-03,0.01,0.05
2.69400e-03,0.03,-0.03
2.69408e-03,0.03,0.05
2.69416e-03,0.03,-0.01
2.69424e-03,0.03,0.05
2.69432e-03,0.01,-0.01
2.69440e-03,0.03,0.05
2.69448e-03,0.01,-0.01
2.69456e-03,0.03,0.05
2.69464e-03,0.03,-0.01
2.69472e-03,0.03,0.05
2.69480e-03,-0.01,-0.03
2.69488e-03,0.03,0.05
2.69496e-03,0.03,-0.03
2.69504e-03,0.03,0.05
2.69512e-03,0.05,-0.03
2.69520e-03,0.03,0.05
2.69528e-03,0.03,-0.01
2.69536e-03,0.01,0.05
2.69544e-03,0.03,-0.01
2.69552e-03,0.01,0.05
2.69560e-03,0.01,-0.01
2.69568e-03,0.01,0.05
2.69576e-03,0.03,-0.03
2.69584e-03,0.05,0.05
2.69592e-03,-0.01,-0.01
2.69600e-03,0.01,0.05
2.69608e-03,0.01,-0.03
2.69616e-03,0.05,0.05
2.69624e-03,0.05,-0.01
2.69632e-03,0.03,0.05
2.69640e-03,0.03,-0.01
2.69648e-03,0.03,0.05
2.69656e-03,0.03,-0.01
2.69664e-03,0.03,0.05
2.69672e-03,0.03,-0.01
2.69680e-03,0.05,0.05
2.69688e-03,0.03,-0.01
2.69696e-03,0.03,0.05
2.69704e-03,0.03,-0.01
2.69712e-03,0.03,0.05
2.69720e-03,-0.01,-0.01
2.69728e-03,0.05,0.05
2.69736e-03,0.01,-0.05
2.69744e-03,0.03,0.05
2.69752e-03,0.03,-0.03
2.69760e-03,0.03,0.05
2.69768e-03,0.03,-0.01
2.69776e-03,0.03,0.05
2.69784e-03,0.05,-0.01
2.69792e-03,0.01,0.05
2.69800e-03,0.03,-0.01
2.69808e-03,0.03,0.05
2.69816e-03,0.03,-0.03
2.69824e-03,0.01,0.05
2.69832e-03,0.03,-0.03
2.69840e-03,0.01,0.05
2.69848e-03,0.01,-0.03
2.69856e-03,0.03,0.05
2.69864e-03,0.01,-0.01
2.69872e-03,0.03,0.05
2.69880e-03,0.01,-0.01
2.69888e-03,0.01,0.05
2.69896e-03,0.03,-0.03
2.69904e-03,0.03,0.05
2.69912e-03,0.05,-0.01
2.69920e-03,0.03,0.05
2.69928e-03,0.03,-0.01
2.69936e-03,0.01,0.05
2.69944e-03,0.05,-0.03
2.69952e-03,0.01,0.05
2.69960e-03,0.03,-0.03
2.69968e-03,0.03,0.05
2.69976e-03,0.01,-0.03
2.69984e-03,0.05,0.05
2.69992e-03,0.01,-0.03
2.70000e-03,0.03,0.05
2.70008e-03,0.03,-0.01
2.70016e-03,0.01,0.05
2.70024e-03,0.03,-0.01
2.70032e-03,0.01,0.05
2.70040e-03,0.03,-0.03
2.70048e-03,0.01,0.05
2.70056e-03,0.03,-0.03
2.70064e-03,0.03,0.05
2.70072e-03,0.03,-0.03
2.70080e-03,0.01,0.05
2.70088e-03,0.03,-0.03
2.70096e-03,0.01,0.05
2.70104e-03,0.03,-0.01
2.70112e-03,0.03,0.05
2.70120e-03,0.01,-0.01
2.70128e-03,0.05,0.05
2.70136e-03,0.05,-0.03
2.70144e-03,0.03,0.07
2.70152e-03,0.01,-0.05
2.70160e-03,0.01,0.07
2.70168e-03,0.03,-0.03
2.70176e-03,0.03,0.07
2.70184e-03,0.03,-0.03
2.70192e-03,0.03,0.07
2.70200e-03,0.03,-0.03
2.70208e-03,0.03,0.05
2.70216e-03,0.03,-0.03
2.70224e-03,0.05,0.07
2.70232e-03,0.01,-0.03
2.70240e-03,0.05,0.05
2.70248e-03,0.01,-0.03
2.70256e-03,0.05,0.05
2.70264e-03,0.03,-0.03
2.70272e-03,0.03,0.05
2.70280e-03,0.03,-0.03
2.70288e-03,0.03,0.05
2.70296e-03,0.03,-0.01
2.70304e-03,0.03,0.05
2.70312e-03,0.03,-0.01
2.70320e-03,0.01,0.05
2.70328e-03,0.03,-0.03
2.70336e-03,0.03,0.05
2.70344e-03,0.03,-0.01
2.70352e-03,0.03,0.05
2.70360e-03,0.03,-0.01
2.70368e-03,0.03,0.05
2.70376e-03,0.01,-0.01
2.70384e-03,0.03,0.05
2.70392e-03,0.03,-0.01
2.70400e-03,0.03,0.05
2.70408e-03,0.01,-0.01
2.70416e-03,0.03,0.05
2.70424e-03,0.03,-0.01
2.70432e-03,0.03,0.05
2.70440e-03,0.03,-0.03
2.70448e-03,0.01,0.03
2.70456e-03,0.03,-0.03
2.70464e-03,0.01,0.05
2.70472e-03,0.03,-0.03
2.70480e-03,0.03,0.05
2.70488e-03,0.05,-0.03
2.70496e-03,0.03,0.05
2.70504e-03,-0.01,-0.05
2.70512e-03,0.03,0.07
2.70520e-03,0.03,-0.03
2.70528e-03,0.01,0.07
2.70536e-03,0.01,-0.01
2.70544e-03,0.03,0.05
2.70552e-03,0.01,-0.01
2.70560e-03,0.03,0.05
2.70568e-03,0.03,-0.01
2.70576e-03,0.03,0.05
2.70584e-03,0.03,-0.01
2.70592e-03,0.01,0.05
2.70600e-03,0.03,-0.01
2.70608e-03,0.03,0.05
2.70616e-03,0.05,-0.01
2.70624e-03,0.01,0.05
2.70632e-03,0.03,-0.01
2.70640e-03,0.03,0.05
2.70648e-03,0.01,-0.03
2.70656e-03,0.03,0.05
2.70664e-03,0.01,-0.01
2.70672e-03,0.03,0.05
2.70680e-03,0.03,-0.01
2.70688e-03,0.03,0.05
2.70696e-03,0.01,-0.01
2.70704e-03,0.03,0.05
2.70712e-03,0.03,-0.01
2.70720e-03,0.01,0.05
2.70728e-03,0.03,-0.01
2.70736e-03,0.01,0.05
2.70744e-03,0.05,-0.03
2.70752e-03,0.01,0.05
2.70760e-03,0.01,-0.03
2.70768e-03,0.05,0.05
2.70776e-03,0.01,-0.03
2.70784e-03,0.03,0.05
2.70792e-03,0.01,-0.01
2.70800e-03,0.03,0.05
2.70808e-03,0.03,-0.01
2.70816e-03,0.03,0.05
2.70824e-03,0.03,-0.03
2.70832e-03,0.03,0.05
2.70840e-03,0.03,-0.01
2.70848e-03,0.01,0.05
2.70856e-03,0.03,-0.01
2.70864e-03,0.01,0.05
2.70872e-03,0.03,-0.01
2.70880e-03,0.03,0.05
2.70888e-03,0.03,-0.01
2.70896e-03,0.05,0.05
2.70904e-03,0.01,-0.03
2.70912e-03,0.01,0.05
2.70920e-03,0.01,-0.01
2.70928e-03,0.03,0.05
2.70936e-03,0.01,-0.01
2.70944e-03,0.03,0.05
2.70952e-03,0.01,-0.03
2.70960e-03,0.01,0.05
2.70968e-03,0.03,-0.01
2.70976e-03,0.01,0.05
2.70984e-03,0.03,-0.01
2.70992e-03,0.01,0.05
2.71000e-03,0.03,-0.03
2.71008e-03,0.01,0.05
2.71016e-03,0.03,-0.03
2.71024e-03,0.05,0.05
2.71032e-03,0.03,-0.03
2.71040e-03,0.01,0.05
2.71048e-03,-0.01,-0.03
2.71056e-03,0.03,0.07
2.71064e-03,0.03,-0.05
2.71072e-03,0.03,0.07
2.71080e-03,0.03,-0.05
2.71088e-03,0.03,0.07
2.71096e-03,0.01,-0.03
2.71104e-03,0.01,0.05
2.71112e-03,0.03,-0.03
2.71120e-03,0.01,0.05
2.71128e-03,0.05,-0.01
2.71136e-03,0.01,0.05
2.71144e-03,0.03,-0.01
2.71152e-03,0.03,0.05
2.71160e-03,0.03,-0.03
2.71168e-03,0.05,0.05
2.71176e-03,0.01,-0.03
2.71184e-03,0.01,0.05
2.71192e-03,0.01,-0.03
2.71200e-03,0.03,0.07
2.71208e-03,0.03,-0.01
2.71216e-03,0.03,0.05
2.71224e-03,0.03,-0.01
2.71232e-03,0.01,0.05
2.71240e-03,0.03,-0.01
2.71248e-03,0.01,0.05
2.71256e-03,0.03,-0.01
2.71264e-03,0.01,0.05
2.71272e-03,0.03,-0.03
2.71280e-03,0.01,0.05
2.71288e-03,0.03,-0.03
2.71296e-03,0.03,0.05
2.71304e-03,0.01,-0.03
2.71312e-03,0.05,0.05
2.71320e-03,0.03,-0.01
2.71328e-03,0.05,0.05
2.71336e-03,0.01,-0.01
2.71344e-03,0.03,0.05
2.71352e-03,0.03,-0.01
2.71360e-03,0.01,0.05
2.71368e-03,0.03,-0.03
2.71376e-03,0.01,0.05
2.71384e-03,0.03,-0.01
2.71392e-03,-0.01,0.05
2.71400e-03,0.03,-0.01
2.71408e-03,0.01,0.05
2.71416e-03,0.03,-0.03
2.71424e-03,0.03,0.05
2.71432e-03,0.03,-0.03
2.71440e-03,0.03,0.05
2.71448e-03,0.01,-0.01
2.71456e-03,0.03,0.05
2.71464e-03,0.01,-0.01
2.71472e-03,0.03,0.05
2.71480e-03,0.01,-0.01
2.71488e-03,0.03,0.05
2.71496e-03,0.03,-0.03
2.71504e-03,0.01,0.05
2.71512e-03,0.03,-0.01
2.71520e-03,0.03,0.05
2.71528e-03,0.03,-0.01
2.71536e-03,0.01,0.05
2.71544e-03,0.03,-0.03
2.71552e-03,0.03,0.05
2.71560e-03,0.03,-0.01
2.71568e-03,0.03,0.05
2.71576e-03,0.03,-0.01
2.71584e-03,0.03,0.05
2.71592e-03,0.01,-0.03
2.71600e-03,0.05,0.05
2.71608e-03,0.01,-0.01
2.71616e-03,0.01,0.05
2.71624e-03,0.03,-0.03
2.71632e-03,0.01,0.05
2.71640e-03,0.03,-0.01
2.71648e-03,0.01,0.05
2.71656e-03,0.03,-0.03
2.71664e-03,0.01,0.05
2.71672e-03,0.03,-0.03
2.71680e-03,0.03,0.05
2.71688e-03,0.03,-0.01
2.71696e-03,0.03,0.05
2.71704e-03,0.01,-0.01
2.71712e-03,0.03,0.05
2.71720e-03,0.03,-0.01
2.71728e-03,0.05,0.05
2.71736e-03,0.01,-0.01
2.71744e-03,0.03,0.05
2.71752e-03,0.01,-0.01
2.71760e-03,0.03,0.05
2.71768e-03,0.03,-0.01
2.71776e-03,0.03,0.05
2.71784e-03,0.03,-0.01
2.71792e-03,0.01,0.05
2.71800e-03,0.05,-0.03
2.71808e-03,0.01,0.05
2.71816e-03,0.03,-0.03
2.71824e-03,0.01,0.05
2.71832e-03,0.03,-0.03
2.71840e-03,0.03,0.05
2.71848e-03,0.01,-0.03
2.71856e-03,0.05,0.05
2.71864e-03,0.03,-0.01
2.71872e-03,0.07,0.05
2.71880e-03,0.03,-0.03
2.71888e-03,0.03,0.07
2.71896e-03,0.03,-0.03
2.71904e-03,0.01,0.05
2.71912e-03,0.03,-0.03
2.71920e-03,0.03,0.07
2.71928e-03,0.03,-0.03
2.71936e-03,0.01,0.05
2.71944e-03,0.03,-0.03
2.71952e-03,0.03,0.05
2.71960e-03,0.01,-0.03
2.71968e-03,0.03,0.05
2.71976e-03,0.03,-0.03
2.71984e-03,0.03,0.05
2.71992e-03,0.03,-0.01
2.72000e-03,0.03,0.05
2.72008e-03,0.01,-0.01
2.72016e-03,0.03,0.05
2.72024e-03,0.01,-0.03
2.72032e-03,0.01,0.05
2.72040e-03,0.05,-0.03
2.72048e-03,0.03,0.05
2.72056e-03,0.03,-0.01
2.72064e-03,0.01,0.05
2.72072e-03,0.03,-0.01
2.72080e-03,0.01,0.05
2.72088e-03,0.05,-0.01
2.72096e-03,0.01,0.05
2.72104e-03,0.01,-0.03
2.72112e-03,0.03,0.05
2.72120e-03,0.01,-0.03
2.72128e-03,0.05,0.05
2.72136e-03,0.03,-0.03
2.72144e-03,0.05,0.05
2.72152e-03,0.05,-0.03
2.72160e-03,0.03,0.05
2.72168e-03,0.05,-0.03
2.72176e-03,0.03,0.05
2.72184e-03,0.03,-0.01
2.72192e-03,0.01,0.05
2.72200e-03,0.01,-0.01
2.72208e-03,0.03,0.05
2.72216e-03,0.03,-0.03
2.72224e-03,0.03,0.05
2.72232e-03,0.01,-0.01
2.72240e-03,0.03,0.05
2.72248e-03,0.01,-0.01
2.72256e-03,0.05,0.05
2.72264e-03,0.03,-0.01
2.72272e-03,0.03,0.05
2.72280e-03,0.03,-0.03
2.72288e-03,0.03,0.05
2.72296e-03,0.03,-0.03
2.72304e-03,0.01,0.05
2.72312e-03,0.03,-0.03
2.72320e-03,0.03,0.05
2.72328e-03,0.03,-0.03
2.72336e-03,0.03,0.05
2.72344e-03,0.03,-0.01
2.72352e-03,0.03,0.05
2.72360e-03,0.05,-0.01
2.72368e-03,0.03,0.05
2.72376e-03,0.01,-0.01
2.72384e-03,0.05,0.05
2.72392e-03,0.01,-0.01
2.72400e-03,0.03,0.05
2.72408e-03,0.03,-0.03
2.72416e-03,0.03,0.05
2.72424e-03,0.05,-0.03
2.72432e-03,0.03,0.05
2.72440e-03,0.05,-0.01
2.72448e-03,0.03,0.05
2.72456e-03,0.03,-0.03
2.72464e-03,0.03,0.05
2.72472e-03,0.03,-0.01
2.72480e-03,0.01,0.07
2.72488e-03,0.01,-0.03
2.72496e-03,0.03,0.07
2.72504e-03,0.03,-0.03
2.72512e-03,0.03,0.05
2.72520e-03,-0.01,-0.01
2.72528e-03,0.03,0.07
2.72536e-03,0.01,-0.03
2.72544e-03,0.03,0.05
2.72552e-03,0.03,-0.01
2.72560e-03,0.05,0.05
2.72568e-03,0.03,-0.01
2.72576e-03,0.03,0.05
2.72584e-03,0.03,-0.03
2.72592e-03,0.01,0.07
2.72600e-03,0.03,-0.01
2.72608e-03,0.05,0.05
2.72616e-03,0.03,-0.03
2.72624e-03,0.03,0.05
2.72632e-03,0.03,-0.01
2.72640e-03,0.03,0.05
2.72648e-03,0.01,-0.01
2.72656e-03,0.05,0.05
2.72664e-03,0.01,-0.01
2.72672e-03,0.03,0.05
2.72680e-03,0.03,-0.01
2.72688e-03,0.03,0.05
2.72696e-03,0.03,-0.01
2.72704e-03,0.03,0.05
2.72712e-03,0.03,-0.01
2.72720e-03,0.03,0.07
2.72728e-03,0.05,-0.03
2.72736e-03,0.03,0.05
2.72744e-03,0.05,-0.03
2.72752e-03,0.03,0.05
2.72760e-03,0.01,-0.01
2.72768e-03,0.05,0.05
2.72776e-03,0.03,-0.03
2.72784e-03,0.01,0.05
2.72792e-03,0.01,-0.01
2.72800e-03,0.05,0.05
2.72808e-03,0.03,-0.03
2.72816e-03,0.05,0.05
2.72824e-03,0.03,-0.03
2.72832e-03,0.03,0.07
2.72840e-03,0.05,-0.03
2.72848e-03,0.03,0.05
2.72856e-03,0.03,-0.01
2.72864e-03,0.01,0.05
2.72872e-03,0.05,-0.01
2.72880e-03,0.03,0.05
2.72888e-03,0.03,-0.01
2.72896e-03,0.03,0.05
2.72904e-03,0.01,-0.03
2.72912e-03,0.03,0.05
2.72920e-03,0.01,-0.03
2.72928e-03,0.05,0.05
2.72936e-03,0.01,-0.01
2.72944e-03,0.03,0.05
2.72952e-03,0.01,-0.01
2.72960e-03,0.03,0.05
2.72968e-03,0.03,-0.03
2.72976e-03,0.01,0.05
2.72984e-03,0.03,-0.01
2.72992e-03,0.03,0.07
2.73000e-03,0.03,-0.01
2.73008e-03,0.01,0.05
2.73016e-03,0.03,-0.01
2.73024e-03,0.03,0.05
2.73032e-03,0.01,-0.03
2.73040e-03,0.03,0.05
2.73048e-03,0.01,-0.01
2.73056e-03,0.03,0.05
2.73064e-03,0.03,-0.01
2.73072e-03,0.03,0.05
2.73080e-03,0.03,-0.01
2.73088e-03,0.03,0.07
2.73096e-03,0.03,-0.03
2.73104e-03,0.03,0.05
2.73112e-03,0.03,-0.01
2.73120e-03,0.03,0.05
2.73128e-03,0.03,-0.01
2.73136e-03,0.03,0.05
2.73144e-03,0.03,-0.01
2.73152e-03,0.03,0.05
2.73160e-03,0.03,-0.01
2.73168e-03,0.03,0.05
2.73176e-03,0.03,-0.01
2.73184e-03,0.03,0.05
2.73192e-03,0.03,-0.01
2.73200e-03,0.03,0.05
2.73208e-03,0.01,-0.01
2.73216e-03,0.03,0.05
2.73224e-03,0.03,-0.01
2.73232e-03,0.05,0.05
2.73240e-03,0.03,-0.03
2.73248e-03,0.01,0.05
2.73256e-03,0.03,-0.01
2.73264e-03,0.03,0.05
2.73272e-03,0.03,-0.01
2.73280e-03,0.03,0.05
2.73288e-03,0.03,-0.03
2.73296e-03,0.03,0.03
2.73304e-03,0.01,-0.01
2.73312e-03,0.03,0.03
2.73320e-03,0.03,-0.03
2.73328e-03,0.03,0.05
2.73336e-03,0.03,-0.01
2.73344e-03,0.01,0.05
2.73352e-03,0.03,-0.01
2.73360e-03,0.01,0.05
2.73368e-03,0.03,-0.01
2.73376e-03,0.01,0.05
2.73384e-03,0.03,-0.03
2.73392e-03,0.03,0.05
2.73400e-03,0.03,-0.03
2.73408e-03,0.03,0.05
2.73416e-03,0.03,-0.03
2.73424e-03,0.03,0.05
2.73432e-03,0.03,-0.03
2.73440e-03,0.03,0.05
2.73448e-03,0.03,-0.01
2.73456e-03,0.03,0.05
2.73464e-03,0.03,-0.03
2.73472e-03,0.01,0.05
2.73480e-03,0.03,-0.01
2.73488e-03,0.01,0.05
2.73496e-03,0.03,-0.03
2.73504e-03,0.03,0.05
2.73512e-03,0.03,-0.01
2.73520e-03,0.03,0.05
2.73528e-03,0.05,-0.03
2.73536e-03,0.01,0.05
2.73544e-03,0.03,-0.03
2.73552e-03,0.03,0.05
2.73560e-03,0.01,-0.03
2.73568e-03,0.03,0.05
2.73576e-03,0.03,-0.01
2.73584e-03,0.03,0.05
2.73592e-03,0.01,-0.01
2.73600e-03,0.03,0.05
2.73608e-03,0.03,-0.03
2.73616e-03,0.03,0.05
2.73624e-03,0.05,-0.01
2.73632e-03,-0.01,0.05
2.73640e-03,0.01,-0.03
2.73648e-03,0.03,0.09
2.73656e-03,0.05,-0.05
2.73664e-03,0.01,0.07
2.73672e-03,0.03,-0.03
2.73680e-03,0.01,0.05
2.73688e-03,0.05,-0.03
2.73696e-03,0.01,0.05
2.73704e-03,0.03,-0.03
2.73712e-03,0.03,0.05
2.73720e-03,0.03,-0.03
2.73728e-03,0.03,0.05
2.73736e-03,0.03,-0.03
2.73744e-03,0.05,0.05
2.73752e-03,0.03,-0.01
2.73760e-03,0.03,0.05
2.73768e-03,0.03,-0.03
2.73776e-03,0.03,0.05
2.73784e-03,0.03,-0.03
2.73792e-03,0.01,0.05
2.73800e-03,0.03,-0.03
2.73808e-03,0.03,0.05
2.73816e-03,0.03,-0.03
2.73824e-03,0.03,0.05
2.73832e-03,0.03,-0.01
2.73840e-03,0.03,0.05
2.73848e-03,0.01,-0.01
2.73856e-03,0.03,0.05
2.73864e-03,0.03,-0.01
2.73872e-03,0.03,0.05
2.73880e-03,0.01,-0.01
2.73888e-03,0.03,0.05
2.73896e-03,0.03,-0.03
2.73904e-03,0.01,0.05
2.73912e-03,0.01,-0.01
2.73920e-03,0.01,0.05
2.73928e-03,0.01,-0.01
2.73936e-03,0.03,0.05
2.73944e-03,0.03,-0.03
2.73952e-03,0.03,0.05
2.73960e-03,0.01,-0.01
2.73968e-03,0.03,0.05
2.73976e-03,0.03,-0.01
2.73984e-03,0.03,0.05
2.73992e-03,0.03,-0.03
2.74000e-03,0.05,0.05
2.74008e-03,0.03,-0.01
2.74016e-03,0.01,0.05
2.74024e-03,0.05,-0.03
2.74032e-03,0.03,0.05
2.74040e-03,0.03,-0.03
2.74048e-03,0.01,0.07
2.74056e-03,0.03,-0.03
2.74064e-03,0.03,0.05
2.74072e-03,0.05,-0.03
2.74080e-03,0.03,0.05
2.74088e-03,0.03,-0.03
2.74096e-03,0.03,0.05
2.74104e-03,0.01,-0.01
2.74112e-03,0.05,0.05
2.74120e-03,0.01,-0.01
2.74128e-03,0.03,0.05
2.74136e-03,0.01,-0.01
2.74144e-03,0.03,0.05
2.74152e-03,0.03,-0.03
2.74160e-03,0.03,0.05
2.74168e-03,0.03,-0.03
2.74176e-03,0.03,0.05
2.74184e-03,0.03,-0.01
2.74192e-03,0.01,0.05
2.74200e-03,0.03,-0.03
2.74208e-03,0.01,0.05
2.74216e-03,0.03,-0.01
2.74224e-03,0.03,0.05
2.74232e-03,0.03,-0.01
2.74240e-03,0.05,0.05
2.74248e-03,0.01,-0.03
2.74256e-03,0.03,0.05
2.74264e-03,0.01,-0.03
2.74272e-03,0.03,0.05
2.74280e-03,0.05,-0.01
2.74288e-03,0.01,0.05
2.74296e-03,0.01,-0.03
2.74304e-03,0.03,0.05
2.74312e-03,0.03,-0.03
2.74320e-03,0.03,0.07
2.74328e-03,0.03,-0.03
2.74336e-03,0.01,0.05
2.74344e-03,0.05,-0.01
2.74352e-03,0.03,0.05
2.74360e-03,0.03,-0.03
2.74368e-03,0.03,0.05
2.74376e-03,0.01,-0.03
2.74384e-03,0.03,0.05
2.74392e-03,0.01,-0.01
2.74400e-03,0.03,0.05
2.74408e-03,0.03,-0.03
2.74416e-03,0.03,0.05
2.74424e-03,0.03,-0.03
2.74432e-03,0.01,0.05
2.74440e-03,0.03,-0.03
2.74448e-03,0.03,0.05
2.74456e-03,0.05,-0.03
2.74464e-03,0.01,0.05
2.74472e-03,0.03,-0.01
2.74480e-03,0.01,0.05
2.74488e-03,0.03,-0.01
2.74496e-03,0.05,0.05
2.74504e-03,0.03,-0.01
2.74512e-03,0.03,0.05
2.74520e-03,0.01,-0.01
2.74528e-03,0.03,0.05
2.74536e-03,0.05,-0.03
2.74544e-03,0.03,0.05
2.74552e-03,0.03,-0.03
2.74560e-03,0.01,0.07
2.74568e-03,0.03,-0.01
2.74576e-03,0.03,0.07
2.74584e-03,0.03,-0.03
2.74592e-03,0.01,0.05
2.74600e-03,0.03,-0.01
2.74608e-03,0.03,0.05
2.74616e-03,0.05,-0.01
2.74624e-03,0.03,0.05
2.74632e-03,0.03,-0.01
2.74640e-03,0.03,0.05
2.74648e-03,0.03,-0.01
2.74656e-03,0.03,0.05
2.74664e-03,0.03,-0.01
2.74672e-03,0.03,0.05
2.74680e-03,0.03,-0.03
2.74688e-03,0.03,0.05
2.74696e-03,0.03,-0.01
2.74704e-03,0.03,0.05
2.74712e-03,0.03,-0.01
2.74720e-03,0.01,0.05
2.74728e-03,0.05,-0.01
2.74736e-03,0.01,0.05
2.74744e-03,0.03,-0.03
2.74752e-03,0.03,0.05
2.74760e-03,0.03,-0.01
2.74768e-03,0.01,0.05
2.74776e-03,0.01,-0.03
2.74784e-03,0.03,0.05
2.74792e-03,0.03,-0.03
2.74800e-03,0.03,0.05
2.74808e-03,0.03,-0.01
2.74816e-03,0.03,0.05
2.74824e-03,0.03,-0.01
2.74832e-03,0.03,0.05
2.74840e-03,0.03,-0.01
2.74848e-03,0.01,0.05
2.74856e-03,0.03,-0.03
2.74864e-03,0.01,0.05
2.74872e-03,0.05,-0.01
2.74880e-03,0.01,0.05
2.74888e-03,0.01,-0.01
2.74896e-03,0.03,0.05
2.74904e-03,0.03,-0.03
2.74912e-03,0.03,0.05
2.74920e-03,0.03,-0.03
2.74928e-03,0.01,0.05
2.74936e-03,0.01,-0.03
2.74944e-03,0.03,0.05
2.74952e-03,0.01,-0.01
2.74960e-03,0.03,0.05
2.74968e-03,0.01,-0.03
2.74976e-03,0.03,0.05
2.74984e-03,0.03,-0.03
2.74992e-03,0.01,0.05
2.75000e-03,0.03,-0.03
2.75008e-03,0.01,0.05
2.75016e-03,0.03,-0.01
2.75024e-03,0.03,0.05
2.75032e-03,0.01,-0.03
2.75040e-03,0.03,0.05
2.75048e-03,0.01,-0.03
2.75056e-03,0.05,0.05
2.75064e-03,0.03,-0.03
2.75072e-03,0.03,0.05
2.75080e-03,0.03,-0.01
2.75088e-03,0.03,0.05
2.75096e-03,0.03,-0.03
2.75104e-03,0.01,0.05
2.75112e-03,0.03,-0.03
2.75120e-03,0.03,0.05
2.75128e-03,0.03,-0.01
2.75136e-03,0.01,0.05
2.75144e-03,0.03,-0.03
2.75152e-03,0.03,0.05
2.75160e-03,0.01,-0.03
2.75168e-03,0.03,0.05
2.75176e-03,0.03,-0.01
2.75184e-03,0.03,0.05
2.75192e-03,0.03,-0.01
2.75200e-03,0.03,0.05
2.75208e-03,0.03,-0.01
2.75216e-03,0.05,0.05
2.75224e-03,0.01,-0.03
2.75232e-03,0.03,0.05
2.75240e-03,0.03,-0.03
2.75248e-03,0.01,0.05
2.75256e-03,0.05,-0.03
2.75264e-03,0.03,0.05
2.75272e-03,0.03,-0.01
2.75280e-03,0.01,0.05
2.75288e-03,0.03,-0.01
2.75296e-03,0.03,0.05
2.75304e-03,0.01,-0.01
2.75312e-03,0.03,0.05
2.75320e-03,0.03,-0.01
2.75328e-03,0.03,0.05
2.75336e-03,0.01,-0.03
2.75344e-03,0.05,0.05
2.75352e-03,0.01,-0.03
2.75360e-03,0.03,0.05
2.75368e-03,0.03,-0.03
2.75376e-03,0.03,0.07
2.75384e-03,0.05,-0.03
2.75392e-03,0.03,0.07
2.75400e-03,0.01,-0.03
2.75408e-03,0.01,0.07
2.75416e-03,0.03,-0.03
2.75424e-03,0.03,0.07
2.75432e-03,0.03,-0.03
2.75440e-03,0.03,0.05
2.75448e-03,0.03,-0.01
2.75456e-03,0.03,0.05
2.75464e-03,0.01,-0.03
2.75472e-03,0.03,0.05
2.75480e-03,0.03,-0.03
2.75488e-03,0.03,0.05
2.75496e-03,0.01,-0.03
2.75504e-03,0.01,0.05
2.75512e-03,0.03,-0.03
2.75520e-03,0.03,0.05
2.75528e-03,0.03,-0.03
2.75536e-03,0.01,0.05
2.75544e-03,0.03,-0.03
2.75552e-03,0.03,0.05
2.75560e-03,0.03,-0.01
2.75568e-03,0.03,0.05
2.75576e-03,0.01,-0.01
2.75584e-03,0.03,0.05
2.75592e-03,0.01,-0.01
2.75600e-03,0.03,0.05
2.75608e-03,0.01,-0.01
2.75616e-03,0.03,0.05
2.75624e-03,0.03,-0.01
2.75632e-03,0.01,0.05
2.75640e-03,0.03,-0.01
2.75648e-03,0.01,0.05
2.75656e-03,0.03,-0.01
2.75664e-03,0.01,0.05
2.75672e-03,0.03,-0.03
2.75680e-03,0.03,0.05
2.75688e-03,0.03,-0.03
2.75696e-03,0.03,0.05
2.75704e-03,0.03,-0.03
2.75712e-03,0.03,0.05
2.75720e-03,0.01,-0.01
2.75728e-03,0.03,0.05
2.75736e-03,0.01,-0.03
2.75744e-03,0.03,0.05
2.75752e-03,0.03,-0.01
2.75760e-03,0.05,0.05
2.75768e-03,0.03,-0.01
2.75776e-03,0.01,0.05
2.75784e-03,0.05,-0.01
2.75792e-03,0.03,0.05
2.75800e-03,0.03,-0.01
2.75808e-03,0.03,0.05
2.75816e-03,0.03,-0.01
2.75824e-03,0.03,0.05
2.75832e-03,0.03,-0.01
2.75840e-03,0.03,0.05
2.75848e-03,0.01,-0.01
2.75856e-03,0.03,0.05
2.75864e-03,0.01,-0.01
2.75872e-03,0.05,0.05
2.75880e-03,0.03,-0.01
2.75888e-03,0.03,0.05
2.75896e-03,0.03,-0.01
2.75904e-03,0.03,0.05
2.75912e-03,0.05,-0.01
2.75920e-03,0.01,0.05
2.75928e-03,0.03,-0.03
2.75936e-03,0.03,0.05
2.75944e-03,0.03,-0.03
2.75952e-03,0.03,0.05
2.75960e-03,0.03,-0.01
2.75968e-03,0.03,0.05
2.75976e-03,0.01,-0.01
2.75984e-03,0.03,0.05
2.75992e-03,0.03,-0.01
2.76000e-03,0.05,0.05
2.76008e-03,0.03,-0.01
2.76016e-03,0.03,0.05
2.76024e-03,0.03,-0.01
2.76032e-03,0.01,0.05
2.76040e-03,0.03,-0.01
2.76048e-03,0.01,0.05
2.76056e-03,0.03,-0.03
2.76064e-03,0.01,0.05
2.76072e-03,0.03,-0.03
2.76080e-03,0.03,0.05
2.76088e-03,0.03,-0.01
2.76096e-03,0.03,0.05
2.76104e-03,0.03,-0.01
2.76112e-03,0.03,0.05
2.76120e-03,0.01,-0.01
2.76128e-03,0.03,0.05
2.76136e-03,0.01,-0.01
2.76144e-03,0.03,0.05
2.76152e-03,0.05,-0.01
2.76160e-03,0.03,0.05
2.76168e-03,0.03,-0.01
2.76176e-03,0.03,0.05
2.76184e-03,0.05,-0.01
2.76192e-03,0.03,0.05
2.76200e-03,0.03,-0.01
2.76208e-03,0.01,0.05
2.76216e-03,0.01,-0.01
2.76224e-03,0.03,0.05
2.76232e-03,0.03,-0.01
2.76240e-03,0.01,0.05
2.76248e-03,0.01,-0.01
2.76256e-03,0.03,0.05
2.76264e-03,0.03,-0.01
2.76272e-03,0.03,0.05
2.76280e-03,0.01,-0.01
2.76288e-03,0.01,0.05
2.76296e-03,0.05,-0.03
2.76304e-03,0.05,0.07
2.76312e-03,0.07,-0.03
2.76320e-03,0.01,0.07
2.76328e-03,0.03,-0.03
2.76336e-03,0.01,0.07
2.76344e-03,0.03,-0.03
2.76352e-03,0.03,0.05
2.76360e-03,0.03,-0.01
2.76368e-03,0.03,0.07
2.76376e-03,0.03,-0.01
2.76384e-03,0.03,0.05
2.76392e-03,0.01,-0.01
2.76400e-03,0.03,0.05
2.76408e-03,0.03,-0.01
2.76416e-03,0.01,0.05
2.76424e-03,0.03,-0.01
2.76432e-03,0.01,0.07
2.76440e-03,0.03,-0.01
2.76448e-03,0.01,0.05
2.76456e-03,0.03,-0.01
2.76464e-03,0.03,0.05
2.76472e-03,0.05,-0.03
2.76480e-03,0.01,0.05
2.76488e-03,0.03,-0.03
2.76496e-03,0.01,0.05
2.76504e-03,0.01,-0.01
2.76512e-03,0.03,0.05
2.76520e-03,0.01,-0.03
2.76528e-03,0.01,0.05
2.76536e-03,0.03,-0.01
2.76544e-03,0.03,0.05
2.76552e-03,0.03,-0.03
2.76560e-03,0.01,0.05
2.76568e-03,0.03,-0.01
2.76576e-03,0.01,0.05
2.76584e-03,0.03,-0.03
2.76592e-03,0.01,0.05
2.76600e-03,0.03,-0.03
2.76608e-03,0.03,0.05
2.76616e-03,0.03,-0.01
2.76624e-03,0.03,0.05
2.76632e-03,-0.01,-0.01
2.76640e-03,0.03,0.05
2.76648e-03,0.01,-0.01
2.76656e-03,0.03,0.05
2.76664e-03,0.01,-0.01
2.76672e-03,0.03,0.05
2.76680e-03,0.01,-0.03
2.76688e-03,0.03,0.05
2.76696e-03,0.03,-0.01
2.76704e-03,0.03,0.05
2.76712e-03,0.05,-0.01
2.76720e-03,0.03,0.05
2.76728e-03,0.03,-0.01
2.76736e-03,0.01,0.05
2.76744e-03,0.03,-0.03
2.76752e-03,0.01,0.05
2.76760e-03,0.01,-0.01
2.76768e-03,0.03,0.05
2.76776e-03,0.01,-0.01
2.76784e-03,0.03,0.05
2.76792e-03,0.03,-0.01
2.76800e-03,0.03,0.05
2.76808e-03,0.03,-0.03
2.76816e-03,0.03,0.05
2.76824e-03,0.03,-0.03
2.76832e-03,0.01,0.05
2.76840e-03,0.03,-0.01
2.76848e-03,0.01,0.05
2.76856e-03,0.03,-0.03
2.76864e-03,0.01,0.05
2.76872e-03,0.05,-0.03
2.76880e-03,0.03,0.05
2.76888e-03,0.03,-0.01
2.76896e-03,0.03,0.05
2.76904e-03,0.01,-0.03
2.76912e-03,0.03,0.05
2.76920e-03,0.03,-0.03
2.76928e-03,0.03,0.05
2.76936e-03,0.03,-0.03
2.76944e-03,0.05,0.05
2.76952e-03,0.03,-0.01
2.76960e-03,0.03,0.05
2.76968e-03,0.03,-0.01
2.76976e-03,0.03,0.05
2.76984e-03,0.03,-0.01
2.76992e-03,0.03,0.05
2.77000e-03,0.05,-0.01
2.77008e-03,0.01,0.05
2.77016e-03,0.03,-0.01
2.77024e-03,0.03,0.05
2.77032e-03,0.03,-0.01
2.77040e-03,0.03,0.05
2.77048e-03,0.03,-0.03
2.77056e-03,0.05,0.05
2.77064e-03,0.03,-0.01
2.77072e-03,0.03,0.05
2.77080e-03,0.03,-0.01
2.77088e-03,0.03,0.05
2.77096e-03,0.03,-0.03
2.77104e-03,0.01,0.05
2.77112e-03,0.01,-0.03
2.77120e-03,0.03,0.05
2.77128e-03,0.05,-0.01
2.77136e-03,0.03,0.07
2.77144e-03,0.05,-0.05
2.77152e-03,0.03,0.05
2.77160e-03,0.01,-0.03
2.77168e-03,0.05,0.07
2.77176e-03,0.03,-0.03
2.77184e-03,0.03,0.07
2.77192e-03,0.01,-0.03
2.77200e-03,0.03,0.05
2.77208e-03,0.01,-0.03
2.77216e-03,0.01,0.07
2.77224e-03,0.03,-0.01
2.77232e-03,0.03,0.05
2.77240e-03,0.03,-0.03
2.77248e-03,0.01,0.05
2.77256e-03,0.05,-0.03
2.77264e-03,0.01,0.05
2.77272e-03,0.03,-0.01
2.77280e-03,0.03,0.05
2.77288e-03,0.03,-0.03
2.77296e-03,0.03,0.05
2.77304e-03,0.01,-0.01
2.77312e-03,0.03,0.05
2.77320e-03,0.01,-0.03
2.77328e-03,0.03,0.05
2.77336e-03,0.01,-0.01
2.77344e-03,0.03,0.05
2.77352e-03,0.01,-0.01
2.77360e-03,0.03,0.05
2.77368e-03,0.03,-0.01
2.77376e-03,0.03,0.05
2.77384e-03,0.03,-0.01
2.77392e-03,0.03,0.05
2.77400e-03,0.03,-0.03
2.77408e-03,0.03,0.05
2.77416e-03,0.03,-0.01
2.77424e-03,0.03,0.05
2.77432e-03,0.03,-0.01
2.77440e-03,0.03,0.05
2.77448e-03,0.03,-0.01
2.77456e-03,0.03,0.05
2.77464e-03,0.01,-0.01
2.77472e-03,0.03,0.05
2.77480e-03,0.03,-0.01
2.77488e-03,0.03,0.05
2.77496e-03,0.03,-0.03
2.77504e-03,0.01,0.05
2.77512e-03,0.05,-0.01
2.77520e-03,0.01,0.05
2.77528e-03,0.03,-0.01
2.77536e-03,0.03,0.05
2.77544e-03,0.01,-0.01
2.77552e-03,0.03,0.05
2.77560e-03,0.03,-0.01
2.77568e-03,0.03,0.05
2.77576e-03,0.01,-0.01
2.77584e-03,0.03,0.05
2.77592e-03,0.01,-0.01
2.77600e-03,0.03,0.05
2.77608e-03,0.01,-0.03
2.77616e-03,0.03,0.05
2.77624e-03,0.03,-0.01
2.77632e-03,0.01,0.05
2.77640e-03,0.03,-0.03
2.77648e-03,0.01,0.05
2.77656e-03,0.05,-0.03
2.77664e-03,0.03,0.05
2.77672e-03,0.03,-0.01
2.77680e-03,0.03,0.05
2.77688e-03,0.03,-0.01
2.77696e-03,0.05,0.05
2.77704e-03,0.03,-0.01
2.77712e-03,0.03,0.05
2.77720e-03,0.01,-0.03
2.77728e-03,0.03,0.05
2.77736e-03,0.03,-0.01
2.77744e-03,0.03,0.07
2.77752e-03,0.03,-0.03
2.77760e-03,0.01,0.05
2.77768e-03,0.05,-0.03
2.77776e-03,0.01,0.05
2.77784e-03,0.03,-0.03
2.77792e-03,0.03,0.05
2.77800e-03,0.03,-0.01
2.77808e-03,0.01,0.07
2.77816e-03,0.03,-0.03
2.77824e-03,0.03,0.05
2.77832e-03,0.03,-0.03
2.77840e-03,0.03,0.05
2.77848e-03,0.03,-0.01
2.77856e-03,0.03,0.05
2.77864e-03,0.01,-0.03
2.77872e-03,0.05,0.05
2.77880e-03,0.01,-0.03
2.77888e-03,0.03,0.05
2.77896e-03,0.03,-0.01
2.77904e-03,0.01,0.05
2.77912e-03,0.03,-0.01
2.77920e-03,0.01,0.05
2.77928e-03,0.03,-0.01
2.77936e-03,0.01,0.05
2.77944e-03,0.03,-0.03
2.77952e-03,0.03,0.05
2.77960e-03,0.03,-0.01
2.77968e-03,0.01,0.05
2.77976e-03,0.03,-0.03
2.77984e-03,0.03,0.05
2.77992e-03,0.01,-0.01
2.78000e-03,0.03,0.05
2.78008e-03,0.03,-0.01
2.78016e-03,0.05,0.05
2.78024e-03,0.03,-0.03
2.78032e-03,-0.01,0.05
2.78040e-03,-0.01,-0.03
2.78048e-03,0.03,0.05
2.78056e-03,0.03,-0.03
2.78064e-03,0.05,0.07
2.78072e-03,0.01,-0.03
2.78080e-03,0.03,0.05
2.78088e-03,0.03,-0.01
2.78096e-03,0.03,0.05
2.78104e-03,0.03,-0.01
2.78112e-03,0.03,0.05
2.78120e-03,0.03,-0.03
2.78128e-03,0.01,0.05
2.78136e-03,0.07,-0.01
2.78144e-03,0.01,0.05
2.78152e-03,0.01,-0.03
2.78160e-03,0.01,0.07
2.78168e-03,0.03,-0.03
2.78176e-03,0.03,0.07
2.78184e-03,0.03,-0.03
2.78192e-03,0.03,0.05
2.78200e-03,0.03,-0.01
2.78208e-03,0.03,0.05
2.78216e-03,0.03,-0.01
2.78224e-03,0.03,0.05
2.78232e-03,0.03,-0.01
2.78240e-03,0.01,0.05
2.78248e-03,0.01,-0.01
2.78256e-03,0.03,0.05
2.78264e-03,0.01,-0.01
2.78272e-03,0.03,0.05
2.78280e-03,0.03,-0.01
2.78288e-03,0.03,0.05
2.78296e-03,0.05,-0.01
2.78304e-03,0.01,0.05
2.78312e-03,0.03,-0.03
2.78320e-03,0.01,0.05
2.78328e-03,0.03,-0.01
2.78336e-03,0.03,0.05
2.78344e-03,0.03,-0.01
2.78352e-03,0.03,0.07
2.78360e-03,0.03,-0.01
2.78368e-03,0.03,0.05
2.78376e-03,0.01,-0.01
2.78384e-03,0.03,0.05
2.78392e-03,0.03,-0.01
2.78400e-03,0.03,0.05
2.78408e-03,0.05,-0.01
2.78416e-03,0.05,0.05
2.78424e-03,0.03,-0.03
2.78432e-03,0.01,0.05
2.78440e-03,0.03,-0.01
2.78448e-03,0.01,0.05
2.78456e-03,0.03,-0.03
2.78464e-03,0.01,0.05
2.78472e-03,0.01,-0.01
2.78480e-03,0.03,0.05
2.78488e-03,0.03,-0.01
2.78496e-03,0.01,0.07
2.78504e-03,0.01,-0.03
2.78512e-03,0.03,0.05
2.78520e-03,0.03,-0.01
2.78528e-03,0.03,0.05
2.78536e-03,0.03,-0.01
2.78544e-03,0.03,0.05
2.78552e-03,0.03,-0.01
2.78560e-03,0.03,0.05
2.78568e-03,0.03,-0.01
2.78576e-03,0.03,0.05
2.78584e-03,0.05,-0.01
2.78592e-03,0.01,0.05
2.78600e-03,0.05,-0.01
2.78608e-03,0.03,0.05
2.78616e-03,0.01,-0.01
2.78624e-03,0.01,0.05
2.78632e-03,0.05,-0.01
2.78640e-03,0.03,0.05
2.78648e-03,0.03,-0.05
2.78656e-03,0.05,0.07
2.78664e-03,0.01,-0.01
2.78672e-03,0.03,0.07
2.78680e-03,0.03,-0.01
2.78688e-03,0.01,0.05
2.78696e-03,0.05,-0.03
2.78704e-03,0.03,0.07
2.78712e-03,0.05,-0.01
2.78720e-03,0.03,0.07
2.78728e-03,0.03,-0.03
2.78736e-03,0.03,0.05
2.78744e-03,0.03,-0.01
2.78752e-03,0.03,0.05
2.78760e-03,0.03,-0.01
2.78768e-03,0.03,0.05
2.78776e-03,0.03,-0.01
2.78784e-03,0.03,0.05
2.78792e-03,0.03,-0.03
2.78800e-03,0.05,0.05
2.78808e-03,0.01,-0.01
2.78816e-03,0.03,0.05
2.78824e-03,0.03,-0.03
2.78832e-03,0.03,0.05
2.78840e-03,0.05,-0.01
2.78848e-03,0.01,0.05
2.78856e-03,0.03,-0.01
2.78864e-03,0.01,0.05
2.78872e-03,0.03,-0.01
2.78880e-03,0.05,0.05
2.78888e-03,0.05,-0.03
2.78896e-03,0.05,0.07
2.78904e-03,0.01,-0.03
2.78912e-03,0.03,0.07
2.78920e-03,0.01,-0.03
2.78928e-03,0.03,0.07
2.78936e-03,0.03,-0.03
2.78944e-03,0.01,0.05
2.78952e-03,0.05,-0.03
2.78960e-03,0.03,0.05
2.78968e-03,0.05,-0.03
2.78976e-03,0.03,0.05
2.78984e-03,0.03,-0.01
2.78992e-03,0.01,0.05
2.79000e-03,0.03,-0.03
2.79008e-03,0.03,0.05
2.79016e-03,0.03,-0.03
2.79024e-03,0.03,0.05
2.79032e-03,0.01,-0.01
2.79040e-03,0.03,0.05
2.79048e-03,0.01,-0.01
2.79056e-03,0.05,0.05
2.79064e-03,0.01,-0.01
2.79072e-03,0.03,0.05
2.79080e-03,0.03,-0.03
2.79088e-03,0.03,0.05
2.79096e-03,0.03,-0.03
2.79104e-03,0.05,0.05
2.79112e-03,0.03,-0.03
2.79120e-03,0.01,0.05
2.79128e-03,0.03,-0.01
2.79136e-03,0.03,0.05
2.79144e-03,0.03,-0.03
2.79152e-03,0.01,0.05
2.79160e-03,0.01,-0.03
2.79168e-03,0.03,0.05
2.79176e-03,0.03,-0.03
2.79184e-03,0.03,0.05
2.79192e-03,0.03,-0.03
2.79200e-03,0.03,0.05
2.79208e-03,0.03,-0.03
2.79216e-03,0.03,0.05
2.79224e-03,0.03,-0.01
2.79232e-03,0.03,0.05
2.79240e-03,0.03,-0.03
2.79248e-03,0.01,0.05
2.79256e-03,0.03,-0.03
2.79264e-03,0.01,0.05
2.79272e-03,0.03,-0.01
2.79280e-03,0.03,0.05
2.79288e-03,0.03,-0.01
2.79296e-03,0.01,0.05
2.79304e-03,0.03,-0.03
2.79312e-03,0.03,0.07
2.79320e-03,0.03,-0.01
2.79328e-03,0.03,0.05
2.79336e-03,0.03,-0.03
2.79344e-03,0.03,0.05
2.79352e-03,0.01,-0.03
2.79360e-03,0.03,0.05
2.79368e-03,0.03,-0.01
2.79376e-03,0.03,0.05
2.79384e-03,0.03,-0.03
2.79392e-03,0.03,0.05
2.79400e-03,0.03,-0.01
2.79408e-03,0.03,0.05
2.79416e-03,0.03,-0.03
2.79424e-03,0.03,0.05
2.79432e-03,0.03,-0.03
2.79440e-03,0.03,0.05
2.79448e-03,0.03,-0.03
2.79456e-03,0.03,0.05
2.79464e-03,0.03,-0.03
2.79472e-03,0.03,0.05
2.79480e-03,0.03,-0.01
2.79488e-03,0.03,0.05
2.79496e-03,0.03,-0.03
2.79504e-03,0.03,0.05
2.79512e-03,0.05,-0.01
2.79520e-03,0.03,0.05
2.79528e-03,0.03,-0.01
2.79536e-03,0.03,0.05
2.79544e-03,0.03,-0.01
2.79552e-03,0.05,0.05
2.79560e-03,0.03,-0.03
2.79568e-03,0.05,0.05
2.79576e-03,0.01,-0.01
2.79584e-03,0.03,0.05
2.79592e-03,0.01,-0.01
2.79600e-03,0.03,0.05
2.79608e-03,0.01,-0.01
2.79616e-03,0.03,0.05
2.79624e-03,0.03,-0.01
2.79632e-03,0.01,0.05
2.79640e-03,0.03,-0.01
2.79648e-03,0.01,0.07
2.79656e-03,0.05,-0.03
2.79664e-03,0.03,0.05
2.79672e-03,0.03,-0.03
2.79680e-03,0.03,0.05
2.79688e-03,0.01,-0.03
2.79696e-03,0.03,0.05
2.79704e-03,0.01,-0.01
2.79712e-03,0.03,0.05
2.79720e-03,0.03,-0.01
2.79728e-03,0.03,0.05
2.79736e-03,0.01,-0.03
2.79744e-03,0.03,0.05
2.79752e-03,0.01,-0.03
2.79760e-03,0.03,0.05
2.79768e-03,0.05,-0.03
2.79776e-03,0.01,0.05
2.79784e-03,0.03,-0.03
2.79792e-03,0.03,0.05
2.79800e-03,0.05,-0.03
2.79808e-03,0.05,0.07
2.79816e-03,0.05,-0.05
2.79824e-03,0.03,0.05
2.79832e-03,0.01,-0.03
2.79840e-03,0.01,0.05
2.79848e-03,0.03,-0.03
2.79856e-03,0.03,0.05
2.79864e-03,0.01,-0.03
2.79872e-03,0.05,0.05
2.79880e-03,0.01,-0.03
2.79888e-03,0.03,0.05
2.79896e-03,0.03,-0.03
2.79904e-03,0.01,0.05
2.79912e-03,0.03,-0.01
2.79920e-03,0.01,0.05
2.79928e-03,0.03,-0.03
2.79936e-03,0.03,0.05
2.79944e-03,0.03,-0.01
2.79952e-03,0.03,0.05
2.79960e-03,0.01,-0.01
2.79968e-03,0.03,0.05
2.79976e-03,0.01,-0.01
2.79984e-03,0.03,0.05
2.79992e-03,0.03,-0.01
2.80000e-03,0.05,0.05
2.80008e-03,0.01,-0.03
2.80016e-03,0.03,0.05
2.80024e-03,0.03,-0.01
2.80032e-03,0.03,0.05
2.80040e-03,0.03,-0.01
2.80048e-03,-0.01,0.05
2.80056e-03,0.03,-0.03
2.80064e-03,0.03,0.05
2.80072e-03,0.03,-0.03
2.80080e-03,0.05,0.05
2.80088e-03,0.03,-0.03
2.80096e-03,0.03,0.05
2.80104e-03,0.03,-0.01
2.80112e-03,0.05,0.05
2.80120e-03,0.01,-0.01
2.80128e-03,0.05,0.05
2.80136e-03,0.03,-0.03
2.80144e-03,0.03,0.05
2.80152e-03,0.03,-0.03
2.80160e-03,0.01,0.05
2.80168e-03,0.03,-0.03
2.80176e-03,0.01,0.05
2.80184e-03,0.05,-0.03
2.80192e-03,0.03,0.05
2.80200e-03,0.03,-0.01
2.80208e-03,0.03,0.05
2.80216e-03,0.03,-0.03
2.80224e-03,0.03,0.05
2.80232e-03,0.03,-0.01
2.80240e-03,0.03,0.05
2.80248e-03,0.03,-0.03
2.80256e-03,0.05,0.05
2.80264e-03,0.01,-0.03
2.80272e-03,0.03,0.05
2.80280e-03,0.03,-0.03
2.80288e-03,0.01,0.05
2.80296e-03,0.03,-0.01
2.80304e-03,0.01,0.05
2.80312e-03,0.03,-0.01
2.80320e-03,0.03,0.05
2.80328e-03,0.03,-0.03
2.80336e-03,0.03,0.05
2.80344e-03,0.03,-0.01
2.80352e-03,0.03,0.05
2.80360e-03,0.05,-0.03
2.80368e-03,0.03,0.05
2.80376e-03,0.03,-0.01
2.80384e-03,0.05,0.05
2.80392e-03,0.01,-0.01
2.80400e-03,0.03,0.05
2.80408e-03,0.03,-0.01
2.80416e-03,0.03,0.05
2.80424e-03,0.03,-0.03
2.80432e-03,0.03,0.05
2.80440e-03,0.03,-0.01
2.80448e-03,0.01,0.05
2.80456e-03,0.03,-0.01
2.80464e-03,0.01,0.05
2.80472e-03,0.03,-0.03
2.80480e-03,0.03,0.05
2.80488e-03,0.03,-0.01
2.80496e-03,0.03,0.05
2.80504e-03,0.03,-0.01
2.80512e-03,0.05,0.05
2.80520e-03,0.01,-0.03
2.80528e-03,0.05,0.05
2.80536e-03,0.01,-0.01
2.80544e-03,0.01,0.05
2.80552e-03,0.03,-0.01
2.80560e-03,0.03,0.05
2.80568e-03,0.03,-0.01
2.80576e-03,0.01,0.05
2.80584e-03,0.03,-0.01
2.80592e-03,0.03,0.05
2.80600e-03,0.05,-0.01
2.80608e-03,0.03,0.05
2.80616e-03,0.03,-0.01
2.80624e-03,0.05,0.05
2.80632e-03,0.03,-0.03
2.80640e-03,0.03,0.05
2.80648e-03,0.01,-0.03
2.80656e-03,0.01,0.07
2.80664e-03,0.03,-0.03
2.80672e-03,0.03,0.07
2.80680e-03,0.01,-0.03
2.80688e-03,0.01,0.05
2.80696e-03,0.03,-0.01
2.80704e-03,0.03,0.05
2.80712e-03,0.01,-0.03
2.80720e-03,0.01,0.05
2.80728e-03,0.03,-0.03
2.80736e-03,0.01,0.05
2.80744e-03,0.03,-0.01
2.80752e-03,0.03,0.07
2.80760e-03,0.01,-0.03
2.80768e-03,0.03,0.05
2.80776e-03,0.01,-0.01
2.80784e-03,0.03,0.05
2.80792e-03,0.03,-0.01
2.80800e-03,0.05,0.05
2.80808e-03,0.03,-0.01
2.80816e-03,0.03,0.05
2.80824e-03,0.05,-0.03
2.80832e-03,0.05,0.05
2.80840e-03,0.03,-0.01
2.80848e-03,0.01,0.07
2.80856e-03,0.05,-0.03
2.80864e-03,0.01,0.05
2.80872e-03,0.05,-0.03
2.80880e-03,0.03,0.05
2.80888e-03,0.03,-0.03
2.80896e-03,0.03,0.05
2.80904e-03,0.01,-0.01
2.80912e-03,0.05,0.05
2.80920e-03,0.03,-0.01
2.80928e-03,0.03,0.05
2.80936e-03,0.01,-0.01
2.80944e-03,0.03,0.05
2.80952e-03,0.03,-0.01
2.80960e-03,0.03,0.05
2.80968e-03,0.03,-0.01
2.80976e-03,0.03,0.05
2.80984e-03,0.03,-0.01
2.80992e-03,0.03,0.05
2.81000e-03,0.05,-0.01
2.81008e-03,0.03,0.05
2.81016e-03,0.03,-0.03
2.81024e-03,0.03,0.05
2.81032e-03,0.03,-0.03
2.81040e-03,0.03,0.07
2.81048e-03,0.03,-0.01
2.81056e-03,0.05,0.05
2.81064e-03,0.01,-0.03
2.81072e-03,0.03,0.05
2.81080e-03,0.03,-0.01
2.81088e-03,0.03,0.05
2.81096e-03,0.03,-0.01
2.81104e-03,0.03,0.05
2.81112e-03,0.03,-0.03
2.81120e-03,0.01,0.05
2.81128e-03,0.03,-0.01
2.81136e-03,0.01,0.05
2.81144e-03,0.01,-0.01
2.81152e-03,0.03,0.05
2.81160e-03,0.03,-0.03
2.81168e-03,0.05,0.05
2.81176e-03,0.03,-0.01
2.81184e-03,0.03,0.05
2.81192e-03,0.03,-0.01
2.81200e-03,0.01,0.05
2.81208e-03,0.01,-0.01
2.81216e-03,0.01,0.05
2.81224e-03,0.03,-0.01
2.81232e-03,0.03,0.05
2.81240e-03,0.05,-0.01
2.81248e-03,0.01,0.05
2.81256e-03,0.03,-0.01
2.81264e-03,0.05,0.05
2.81272e-03,0.03,-0.01
2.81280e-03,0.03,0.05
2.81288e-03,0.03,-0.01
2.81296e-03,0.05,0.05
2.81304e-03,0.03,-0.03
2.81312e-03,0.03,0.05
2.81320e-03,0.03,-0.03
2.81328e-03,0.03,0.05
2.81336e-03,0.03,-0.03
2.81344e-03,0.01,0.05
2.81352e-03,0.03,-0.03
2.81360e-03,0.03,0.05
2.81368e-03,0.03,-0.03
2.81376e-03,0.03,0.05
2.81384e-03,0.03,-0.01
2.81392e-03,0.01,0.05
2.81400e-03,0.03,-0.03
2.81408e-03,0.01,0.05
2.81416e-03,0.03,-0.01
2.81424e-03,0.05,0.05
2.81432e-03,0.03,-0.03
2.81440e-03,0.03,0.05
2.81448e-03,0.03,-0.03
2.81456e-03,0.03,0.05
2.81464e-03,0.03,-0.01
2.81472e-03,0.03,0.05
2.81480e-03,0.03,-0.03
2.81488e-03,0.03,0.07
2.81496e-03,0.01,-0.03
2.81504e-03,0.01,0.07
2.81512e-03,0.03,-0.03
2.81520e-03,0.03,0.05
2.81528e-03,0.03,-0.01
2.81536e-03,0.01,0.05
2.81544e-03,0.05,-0.01
2.81552e-03,0.01,0.05
2.81560e-03,0.03,-0.01
2.81568e-03,0.01,0.07
2.81576e-03,0.03,-0.01
2.81584e-03,0.03,0.07
2.81592e-03,0.03,-0.01
2.81600e-03,0.03,0.07
2.81608e-03,0.01,-0.03
2.81616e-03,0.03,0.05
2.81624e-03,0.03,-0.01
2.81632e-03,0.01,0.05
2.81640e-03,0.03,-0.03
2.81648e-03,0.01,0.05
2.81656e-03,0.05,-0.03
2.81664e-03,0.01,0.05
2.81672e-03,0.03,-0.03
2.81680e-03,0.03,0.05
2.81688e-03,0.05,-0.01
2.81696e-03,0.03,0.05
2.81704e-03,0.03,-0.03
2.81712e-03,0.03,0.07
2.81720e-03,0.03,-0.03
2.81728e-03,0.03,0.05
2.81736e-03,0.01,-0.03
2.81744e-03,0.03,0.05
2.81752e-03,0.03,-0.01
2.81760e-03,0.03,0.05
2.81768e-03,0.03,-0.03
2.81776e-03,0.01,0.05
2.81784e-03,0.03,-0.03
2.81792e-03,0.01,0.05
2.81800e-03,0.03,-0.03
2.81808e-03,0.03,0.05
2.81816e-03,0.01,-0.03
2.81824e-03,0.03,0.05
2.81832e-03,0.03,-0.03
2.81840e-03,0.03,0.05
2.81848e-03,0.03,-0.01
2.81856e-03,0.03,0.05
2.81864e-03,0.03,-0.01
2.81872e-03,0.03,0.03
2.81880e-03,0.03,-0.01
2.81888e-03,0.03,0.05
2.81896e-03,0.05,-0.01
2.81904e-03,0.01,0.05
2.81912e-03,0.03,-0.03
2.81920e-03,0.01,0.05
2.81928e-03,0.01,-0.03
2.81936e-03,0.03,0.05
2.81944e-03,0.03,-0.03
2.81952e-03,0.01,0.05
2.81960e-03,0.03,-0.03
2.81968e-03,0.03,0.05
2.81976e-03,0.01,-0.01
2.81984e-03,0.05,0.05
2.81992e-03,0.01,-0.01
2.82000e-03,0.03,0.05
2.82008e-03,0.01,-0.01
2.82016e-03,0.01,0.05
2.82024e-03,0.03,-0.01
2.82032e-03,0.03,0.05
2.82040e-03,0.03,-0.01
2.82048e-03,0.01,0.05
2.82056e-03,0.03,-0.03
2.82064e-03,0.03,0.05
2.82072e-03,0.03,-0.01
2.82080e-03,0.03,0.05
2.82088e-03,-0.01,-0.03
2.82096e-03,0.05,0.05
2.82104e-03,0.03,-0.05
2.82112e-03,0.03,0.07
2.82120e-03,0.01,-0.03
2.82128e-03,0.03,0.07
2.82136e-03,0.01,-0.03
2.82144e-03,0.03,0.05
2.82152e-03,0.03,-0.03
2.82160e-03,0.03,0.05
2.82168e-03,0.05,-0.03
2.82176e-03,0.01,0.05
2.82184e-03,0.03,-0.03
2.82192e-03,0.01,0.05
2.82200e-03,0.03,-0.03
2.82208e-03,0.01,0.05
2.82216e-03,0.01,-0.03
2.82224e-03,0.03,0.05
2.82232e-03,0.03,-0.03
2.82240e-03,0.03,0.05
2.82248e-03,0.01,-0.03
2.82256e-03,0.05,0.03
2.82264e-03,0.01,-0.03
2.82272e-03,0.03,0.05
2.82280e-03,0.03,-0.03
2.82288e-03,0.03,0.05
2.82296e-03,0.03,-0.01
2.82304e-03,0.01,0.05
2.82312e-03,0.03,-0.03
2.82320e-03,0.03,0.05
2.82328e-03,0.03,-0.03
2.82336e-03,0.03,0.05
2.82344e-03,0.03,-0.03
2.82352e-03,0.01,0.05
2.82360e-03,0.01,-0.01
2.82368e-03,0.03,0.05
2.82376e-03,0.01,-0.01
2.82384e-03,0.03,0.03
2.82392e-03,0.03,-0.01
2.82400e-03,0.05,0.07
2.82408e-03,0.03,-0.03
2.82416e-03,0.03,0.07
2.82424e-03,0.03,-0.03
2.82432e-03,0.01,0.05
2.82440e-03,0.03,-0.01
2.82448e-03,0.01,0.05
2.82456e-03,0.01,-0.01
2.82464e-03,0.03,0.05
2.82472e-03,0.03,-0.03
2.82480e-03,0.01,0.05
2.82488e-03,0.01,-0.01
2.82496e-03,0.03,0.05
2.82504e-03,0.01,-0.03
2.82512e-03,0.03,0.05
2.82520e-03,0.03,-0.01
2.82528e-03,0.03,0.05
2.82536e-03,0.01,-0.01
2.82544e-03,0.03,0.05
2.82552e-03,0.03,-0.03
2.82560e-03,0.03,0.05
2.82568e-03,0.03,-0.01
2.82576e-03,0.01,0.05
2.82584e-03,0.01,-0.01
2.82592e-03,0.01,0.05
2.82600e-03,0.03,-0.01
2.82608e-03,0.01,0.05
2.82616e-03,0.03,-0.01
2.82624e-03,0.03,0.05
2.82632e-03,0.01,-0.01
2.82640e-03,0.03,0.05
2.82648e-03,0.01,-0.01
2.82656e-03,0.03,0.05
2.82664e-03,0.01,-0.03
2.82672e-03,0.03,0.05
2.82680e-03,0.01,-0.01
2.82688e-03,0.03,0.05
2.82696e-03,0.05,-0.01
2.82704e-03,0.03,0.05
2.82712e-03,0.03,-0.01
2.82720e-03,0.03,0.05
2.82728e-03,0.03,-0.01
2.82736e-03,0.01,0.05
2.82744e-03,0.03,-0.01
2.82752e-03,0.03,0.05
2.82760e-03,0.03,-0.01
2.82768e-03,0.03,0.05
2.82776e-03,0.01,-0.01
2.82784e-03,0.01,0.05
2.82792e-03,0.03,-0.03
2.82800e-03,0.03,0.05
2.82808e-03,0.03,-0.03
2.82816e-03,0.03,0.05
2.82824e-03,0.03,-0.01
2.82832e-03,0.03,0.05
2.82840e-03,0.03,-0.01
2.82848e-03,0.03,0.05
2.82856e-03,0.03,-0.03
2.82864e-03,0.01,0.05
2.82872e-03,0.03,-0.01
2.82880e-03,0.03,0.05
2.82888e-03,0.01,-0.01
2.82896e-03,0.03,0.05
2.82904e-03,0.01,-0.01
2.82912e-03,0.03,0.05
2.82920e-03,0.01,-0.01
2.82928e-03,0.05,0.05
2.82936e-03,0.01,-0.03
2.82944e-03,0.03,0.05
2.82952e-03,0.01,-0.03
2.82960e-03,0.03,0.05
2.82968e-03,0.01,-0.01
2.82976e-03,0.01,0.05
2.82984e-03,0.03,-0.03
2.82992e-03,0.03,0.05
2.83000e-03,0.03,-0.01
2.83008e-03,0.01,0.05
2.83016e-03,0.01,-0.01
2.83024e-03,0.03,0.05
2.83032e-03,0.03,-0.01
2.83040e-03,0.03,0.07
2.83048e-03,0.01,-0.03
2.83056e-03,0.01,0.05
2.83064e-03,0.03,-0.01
2.83072e-03,0.03,0.05
2.83080e-03,0.03,-0.01
2.83088e-03,0.03,0.05
2.83096e-03,0.01,-0.01
2.83104e-03,0.03,0.05
2.83112e-03,0.03,-0.01
2.83120e-03,0.03,0.05
2.83128e-03,0.03,-0.01
2.83136e-03,0.01,0.05
2.83144e-03,0.03,-0.01
2.83152e-03,0.03,0.05
2.83160e-03,0.03,-0.01
2.83168e-03,0.03,0.05
2.83176e-03,0.01,-0.01
2.83184e-03,0.03,0.05
2.83192e-03,0.03,-0.01
2.83200e-03,0.03,0.05
2.83208e-03,0.03,-0.01
2.83216e-03,0.03,0.05
2.83224e-03,0.03,-0.01
2.83232e-03,0.03,0.05
2.83240e-03,0.03,-0.01
2.83248e-03,0.01,0.05
2.83256e-03,0.03,-0.01
2.83264e-03,0.03,0.05
2.83272e-03,0.03,-0.01
2.83280e-03,0.03,0.05
2.83288e-03,0.03,-0.01
2.83296e-03,0.03,0.05
2.83304e-03,0.03,-0.01
2.83312e-03,0.05,0.07
2.83320e-03,0.03,-0.03
2.83328e-03,0.03,0.05
2.83336e-03,0.01,-0.03
2.83344e-03,0.03,0.05
2.83352e-03,0.03,-0.01
2.83360e-03,0.03,0.07
2.83368e-03,0.03,-0.01
2.83376e-03,0.03,0.05
2.83384e-03,0.03,-0.03
2.83392e-03,0.03,0.05
2.83400e-03,0.03,-0.01
2.83408e-03,0.01,0.05
2.83416e-03,0.03,-0.01
2.83424e-03,0.03,0.05
2.83432e-03,0.03,-0.01
2.83440e-03,0.03,0.05
2.83448e-03,0.01,-0.03
2.83456e-03,0.01,0.05
2.83464e-03,0.01,-0.01
2.83472e-03,0.01,0.05
2.83480e-03,0.01,-0.01
2.83488e-03,0.03,0.05
2.83496e-03,0.03,-0.01
2.83504e-03,0.01,0.05
2.83512e-03,0.03,-0.01
2.83520e-03,0.03,0.05
2.83528e-03,0.03,-0.03
2.83536e-03,0.01,0.05
2.83544e-03,0.01,-0.01
2.83552e-03,0.03,0.05
2.83560e-03,0.01,-0.01
2.83568e-03,0.03,0.05
2.83576e-03,0.01,-0.01
2.83584e-03,0.03,0.05
2.83592e-03,0.03,-0.01
2.83600e-03,0.01,0.05
2.83608e-03,0.01,-0.01
2.83616e-03,0.03,0.05
2.83624e-03,0.03,-0.01
2.83632e-03,0.03,0.05
2.83640e-03,0.05,-0.01
2.83648e-03,0.01,0.05
2.83656e-03,0.03,-0.01
2.83664e-03,0.03,0.05
2.83672e-03,0.03,-0.01
2.83680e-03,0.03,0.05
2.83688e-03,0.03,-0.01
2.83696e-03,0.03,0.05
2.83704e-03,0.01,-0.01
2.83712e-03,0.03,0.05
2.83720e-03,0.01,-0.03
2.83728e-03,0.03,0.05
2.83736e-03,0.01,-0.01
2.83744e-03,0.03,0.05
2.83752e-03,0.03,-0.01
2.83760e-03,0.01,0.05
2.83768e-03,0.03,-0.03
2.83776e-03,0.03,0.05
2.83784e-03,0.05,-0.01
2.83792e-03,0.01,0.05
2.83800e-03,0.03,-0.01
2.83808e-03,0.03,0.05
2.83816e-03,0.03,-0.03
2.83824e-03,0.03,0.05
2.83832e-03,0.03,-0.01
2.83840e-03,0.03,0.05
2.83848e-03,0.03,-0.01
2.83856e-03,0.03,0.05
2.83864e-03,0.01,-0.01
2.83872e-03,0.03,0.05
2.83880e-03,0.01,-0.01
2.83888e-03,0.03,0.05
2.83896e-03,0.05,-0.01
2.83904e-03,0.01,0.05
2.83912e-03,0.03,-0.01
2.83920e-03,0.03,0.05
2.83928e-03,0.03,-0.01
2.83936e-03,0.03,0.05
2.83944e-03,0.01,-0.03
2.83952e-03,0.03,0.05
2.83960e-03,0.01,-0.01
2.83968e-03,0.03,0.03
2.83976e-03,0.01,-0.03
2.83984e-03,0.03,0.05
2.83992e-03,0.01,-0.03
2.84000e-03,0.03,0.05
2.84008e-03,0.01,-0.01
2.84016e-03,0.01,0.05
2.84024e-03,0.03,-0.03
2.84032e-03,0.01,0.05
2.84040e-03,0.03,-0.01
2.84048e-03,0.01,0.05
2.84056e-03,0.03,-0.01
2.84064e-03,0.01,0.05
2.84072e-03,0.01,-0.03
2.84080e-03,0.01,0.05
2.84088e-03,0.05,-0.03
2.84096e-03,0.03,0.05
2.84104e-03,0.03,-0.01
2.84112e-03,0.03,0.05
2.84120e-03,0.01,-0.03
2.84128e-03,0.03,0.03
2.84136e-03,0.01,-0.01
2.84144e-03,-0.01,0.05
2.84152e-03,0.03,-0.03
2.84160e-03,0.03,0.07
2.84168e-03,0.05,-0.05
2.84176e-03,0.01,0.05
2.84184e-03,0.03,-0.03
2.84192e-03,0.03,0.05
2.84200e-03,0.03,-0.03
2.84208e-03,0.03,0.05
2.84216e-03,0.01,-0.03
2.84224e-03,0.03,0.05
2.84232e-03,0.03,-0.01
2.84240e-03,0.03,0.05
2.84248e-03,0.01,-0.03
2.84256e-03,0.03,0.05
2.84264e-03,0.01,-0.03
2.84272e-03,0.03,0.05
2.84280e-03,0.03,-0.03
2.84288e-03,0.01,0.05
2.84296e-03,0.03,-0.03
2.84304e-03,0.01,0.05
2.84312e-03,0.03,-0.01
2.84320e-03,0.03,0.05
2.84328e-03,0.03,-0.03
2.84336e-03,0.03,0.05
2.84344e-03,0.03,-0.01
2.84352e-03,0.05,0.05
2.84360e-03,0.03,-0.03
2.84368e-03,0.03,0.05
2.84376e-03,0.03,-0.03
2.84384e-03,0.03,0.05
2.84392e-03,0.01,-0.03
2.84400e-03,0.03,0.05
2.84408e-03,0.01,-0.01
2.84416e-03,0.03,0.07
2.84424e-03,0.05,-0.03
2.84432e-03,0.01,0.05
2.84440e-03,0.03,-0.03
2.84448e-03,0.03,0.05
2.84456e-03,0.03,-0.03
2.84464e-03,0.01,0.05
2.84472e-03,0.03,-0.03
2.84480e-03,0.05,0.07
2.84488e-03,0.03,-0.03
2.84496e-03,0.03,0.05
2.84504e-03,0.01,-0.03
2.84512e-03,0.03,0.07
2.84520e-03,0.03,-0.01
2.84528e-03,0.03,0.05
2.84536e-03,0.03,-0.03
2.84544e-03,0.01,0.05
2.84552e-03,0.03,-0.03
2.84560e-03,-0.01,0.05
2.84568e-03,0.03,-0.03
2.84576e-03,0.03,0.05
2.84584e-03,0.03,-0.03
2.84592e-03,0.01,0.05
2.84600e-03,0.03,-0.03
2.84608e-03,0.03,0.05
2.84616e-03,0.03,-0.01
2.84624e-03,0.05,0.05
2.84632e-03,0.01,-0.01
2.84640e-03,0.03,0.07
2.84648e-03,0.01,-0.01
2.84656e-03,0.05,0.05
2.84664e-03,0.01,-0.01
2.84672e-03,0.03,0.05
2.84680e-03,0.03,-0.01
2.84688e-03,0.01,0.05
2.84696e-03,0.03,-0.03
2.84704e-03,0.03,0.05
2.84712e-03,0.03,-0.03
2.84720e-03,0.03,0.05
2.84728e-03,0.03,-0.01
2.84736e-03,0.01,0.05
2.84744e-03,0.03,-0.01
2.84752e-03,0.01,0.05
2.84760e-03,0.03,-0.03
2.84768e-03,0.03,0.05
2.84776e-03,0.01,-0.03
2.84784e-03,0.03,0.05
2.84792e-03,0.01,-0.01
2.84800e-03,0.03,0.05
2.84808e-03,0.01,-0.01
2.84816e-03,0.01,0.05
2.84824e-03,0.05,-0.01
2.84832e-03,0.01,0.05
2.84840e-03,0.03,-0.01
2.84848e-03,0.01,0.05
2.84856e-03,0.03,-0.01
2.84864e-03,0.01,0.05
2.84872e-03,0.03,-0.03
2.84880e-03,0.03,0.05
2.84888e-03,0.03,-0.03
2.84896e-03,0.03,0.05
2.84904e-03,0.01,-0.03
2.84912e-03,0.05,0.05
2.84920e-03,0.01,-0.01
2.84928e-03,0.01,0.05
2.84936e-03,0.03,-0.01
2.84944e-03,0.01,0.05
2.84952e-03,0.03,-0.01
2.84960e-03,0.01,0.05
2.84968e-03,0.03,-0.03
2.84976e-03,0.01,0.05
2.84984e-03,0.03,-0.01
2.84992e-03,0.03,0.05
2.85000e-03,0.03,-0.03
2.85008e-03,0.03,0.05
2.85016e-03,0.03,-0.01
2.85024e-03,0.03,0.05
2.85032e-03,0.03,-0.03
2.85040e-03,0.03,0.05
2.85048e-03,0.01,-0.01
2.85056e-03,0.03,0.05
2.85064e-03,0.05,-0.01
2.85072e-03,0.03,0.07
2.85080e-03,0.05,-0.03
2.85088e-03,0.03,0.07
2.85096e-03,0.01,-0.03
2.85104e-03,0.01,0.07
2.85112e-03,0.03,-0.03
2.85120e-03,0.01,0.05
2.85128e-03,0.03,-0.03
2.85136e-03,0.01,0.05
2.85144e-03,0.03,-0.03
2.85152e-03,0.01,0.05
2.85160e-03,0.03,-0.03
2.85168e-03,0.03,0.05
2.85176e-03,0.03,-0.01
2.85184e-03,0.03,0.05
2.85192e-03,0.03,-0.01
2.85200e-03,0.01,0.05
2.85208e-03,0.03,-0.01
2.85216e-03,0.03,0.05
2.85224e-03,0.01,-0.03
2.85232e-03,0.03,0.05
2.85240e-03,0.03,-0.03
2.85248e-03,0.03,0.05
2.85256e-03,0.03,-0.03
2.85264e-03,0.01,0.05
2.85272e-03,0.03,-0.03
2.85280e-03,0.03,0.05
2.85288e-03,0.01,-0.03
2.85296e-03,0.03,0.05
2.85304e-03,0.01,-0.01
2.85312e-03,0.05,0.05
2.85320e-03,0.01,-0.03
2.85328e-03,0.03,0.05
2.85336e-03,0.03,-0.03
2.85344e-03,0.03,0.05
2.85352e-03,0.05,-0.03
2.85360e-03,0.03,0.05
2.85368e-03,0.03,-0.03
2.85376e-03,0.01,0.05
2.85384e-03,0.03,-0.01
2.85392e-03,0.03,0.05
2.85400e-03,0.05,-0.01
2.85408e-03,0.03,0.05
2.85416e-03,0.03,-0.03
2.85424e-03,0.03,0.05
2.85432e-03,0.01,-0.01
2.85440e-03,0.03,0.05
2.85448e-03,0.03,-0.01
2.85456e-03,0.03,0.05
2.85464e-03,0.01,-0.01
2.85472e-03,0.03,0.05
2.85480e-03,0.03,-0.01
2.85488e-03,0.03,0.05
2.85496e-03,0.05,-0.03
2.85504e-03,0.01,0.05
2.85512e-03,0.03,-0.01
2.85520e-03,0.01,0.05
2.85528e-03,0.03,-0.01
2.85536e-03,0.01,0.05
2.85544e-03,0.03,-0.03
2.85552e-03,0.05,0.05
2.85560e-03,0.03,-0.01
2.85568e-03,0.03,0.05
2.85576e-03,0.03,-0.01
2.85584e-03,0.03,0.05
2.85592e-03,0.01,-0.03
2.85600e-03,0.03,0.05
2.85608e-03,0.03,-0.01
2.85616e-03,0.03,0.05
2.85624e-03,0.03,-0.03
2.85632e-03,0.01,0.05
2.85640e-03,0.03,-0.01
2.85648e-03,-0.01,0.05
2.85656e-03,0.03,-0.03
2.85664e-03,0.01,0.05
2.85672e-03,0.03,-0.03
2.85680e-03,0.05,0.05
2.85688e-03,0.03,-0.01
2.85696e-03,0.03,0.05
2.85704e-03,0.03,-0.03
2.85712e-03,0.01,0.05
2.85720e-03,0.03,-0.01
2.85728e-03,0.05,0.05
2.85736e-03,0.03,-0.05
2.85744e-03,0.03,0.07
2.85752e-03,0.03,-0.01
2.85760e-03,0.03,0.05
2.85768e-03,0.05,-0.03
2.85776e-03,-0.01,0.05
2.85784e-03,0.05,-0.03
2.85792e-03,0.03,0.07
2.85800e-03,0.03,-0.03
2.85808e-03,0.03,0.05
2.85816e-03,0.01,-0.01
2.85824e-03,0.03,0.05
2.85832e-03,0.03,-0.03
2.85840e-03,0.05,0.05
2.85848e-03,0.01,-0.01
2.85856e-03,0.05,0.07
2.85864e-03,0.01,-0.01
2.85872e-03,0.03,0.05
2.85880e-03,0.03,-0.01
2.85888e-03,0.03,0.05
2.85896e-03,0.03,-0.01
2.85904e-03,-0.01,0.05
2.85912e-03,0.07,-0.03
2.85920e-03,0.03,0.05
2.85928e-03,0.05,-0.03
2.85936e-03,0.03,0.07
2.85944e-03,0.03,-0.03
2.85952e-03,0.03,0.07
2.85960e-03,0.03,-0.03
2.85968e-03,0.05,0.05
2.85976e-03,0.01,-0.01
2.85984e-03,0.05,0.05
2.85992e-03,0.01,-0.03
2.86000e-03,0.03,0.05
2.86008e-03,0.03,-0.03
2.86016e-03,0.03,0.07
2.86024e-03,0.03,-0.03
2.86032e-03,0.01,0.05
2.86040e-03,0.03,-0.03
2.86048e-03,0.03,0.05
2.86056e-03,0.03,-0.03
2.86064e-03,0.03,0.05
2.86072e-03,0.01,-0.01
2.86080e-03,0.03,0.05
2.86088e-03,0.03,-0.01
2.86096e-03,0.03,0.05
2.86104e-03,0.03,-0.01
2.86112e-03,0.05,0.05
2.86120e-03,0.01,-0.03
2.86128e-03,0.07,0.05
2.86136e-03,0.01,-0.03
2.86144e-03,0.05,0.07
2.86152e-03,0.01,-0.01
2.86160e-03,0.05,0.05
2.86168e-03,0.03,-0.01
2.86176e-03,0.05,0.05
2.86184e-03,0.01,-0.01
2.86192e-03,0.03,0.05
2.86200e-03,0.01,-0.01
2.86208e-03,0.03,0.03
2.86216e-03,0.03,-0.01
2.86224e-03,0.01,0.05
2.86232e-03,0.03,-0.01
2.86240e-03,0.01,0.05
2.86248e-03,0.03,-0.01
2.86256e-03,0.03,0.05
2.86264e-03,0.03,-0.01
2.86272e-03,0.05,0.05
2.86280e-03,0.03,-0.01
2.86288e-03,0.03,0.05
2.86296e-03,0.03,-0.01
2.86304e-03,0.03,0.05
2.86312e-03,0.05,-0.01
2.86320e-03,0.03,0.05
2.86328e-03,0.03,-0.01
2.86336e-03,0.01,0.05
2.86344e-03,0.03,-0.01
2.86352e-03,0.03,0.05
2.86360e-03,0.03,-0.01
2.86368e-03,0.01,0.05
2.86376e-03,0.03,-0.01
2.86384e-03,0.03,0.05
2.86392e-03,0.03,-0.01
2.86400e-03,0.03,0.05
2.86408e-03,0.03,-0.01
2.86416e-03,0.05,0.05
2.86424e-03,0.05,-0.01
2.86432e-03,0.01,0.05
2.86440e-03,0.03,-0.01
2.86448e-03,0.03,0.05
2.86456e-03,0.05,-0.01
2.86464e-03,0.03,0.05
2.86472e-03,0.05,-0.01
2.86480e-03,0.03,0.05
2.86488e-03,0.03,-0.01
2.86496e-03,0.03,0.05
2.86504e-03,0.01,-0.01
2.86512e-03,0.03,0.05
2.86520e-03,0.01,-0.01
2.86528e-03,0.03,0.05
2.86536e-03,0.01,-0.01
2.86544e-03,0.03,0.05
2.86552e-03,0.03,-0.01
2.86560e-03,0.03,0.05
2.86568e-03,0.03,-0.01
2.86576e-03,0.03,0.05
2.86584e-03,0.03,-0.01
2.86592e-03,0.01,0.05
2.86600e-03,0.03,-0.01
2.86608e-03,0.03,0.07
2.86616e-03,0.03,-0.03
2.86624e-03,0.01,0.05
2.86632e-03,0.03,-0.01
2.86640e-03,0.03,0.05
2.86648e-03,0.03,-0.01
2.86656e-03,0.03,0.05
2.86664e-03,0.03,-0.01
2.86672e-03,0.03,0.05
2.86680e-03,0.03,-0.01
2.86688e-03,0.03,0.05
2.86696e-03,0.03,-0.01
2.86704e-03,0.03,0.05
2.86712e-03,0.01,-0.01
2.86720e-03,0.03,0.05
2.86728e-03,0.03,-0.01
2.86736e-03,0.03,0.05
2.86744e-03,0.03,-0.01
2.86752e-03,0.03,0.05
2.86760e-03,0.01,-0.01
2.86768e-03,0.03,0.05
2.86776e-03,0.01,-0.01
2.86784e-03,0.03,0.05
2.86792e-03,0.03,-0.03
2.86800e-03,0.01,0.05
2.86808e-03,0.03,-0.03
2.86816e-03,0.03,0.05
2.86824e-03,0.03,-0.01
2.86832e-03,0.03,0.05
2.86840e-03,0.01,-0.03
2.86848e-03,0.01,0.05
2.86856e-03,0.03,-0.03
2.86864e-03,0.03,0.07
2.86872e-03,0.03,-0.03
2.86880e-03,0.03,0.05
2.86888e-03,0.01,-0.01
2.86896e-03,0.03,0.05
2.86904e-03,0.01,-0.01
2.86912e-03,0.03,0.03
2.86920e-03,0.03,-0.01
2.86928e-03,0.01,0.05
2.86936e-03,0.03,-0.01
2.86944e-03,0.03,0.05
2.86952e-03,0.03,-0.01
2.86960e-03,0.01,0.03
2.86968e-03,0.03,-0.01
2.86976e-03,0.01,0.05
2.86984e-03,0.03,-0.01
2.86992e-03,0.03,0.05
2.87000e-03,0.05,-0.01
2.87008e-03,0.01,0.03
2.87016e-03,0.03,-0.01
2.87024e-03,0.01,0.05
2.87032e-03,0.01,-0.03
2.87040e-03,0.03,0.05
2.87048e-03,0.01,-0.03
2.87056e-03,0.01,0.07
2.87064e-03,0.01,-0.03
2.87072e-03,-0.01,0.05
2.87080e-03,0.03,-0.03
2.87088e-03,0.03,0.05
2.87096e-03,0.03,-0.03
2.87104e-03,0.01,0.05
2.87112e-03,0.03,-0.01
2.87120e-03,0.03,0.05
2.87128e-03,0.03,-0.01
2.87136e-03,0.01,0.05
2.87144e-03,0.03,-0.01
2.87152e-03,0.03,0.05
2.87160e-03,0.01,-0.01
2.87168e-03,0.03,0.05
2.87176e-03,0.03,-0.03
2.87184e-03,0.01,0.05
2.87192e-03,0.01,-0.03
2.87200e-03,0.01,0.05
2.87208e-03,0.01,-0.03
2.87216e-03,0.03,0.05
2.87224e-03,0.03,-0.01
2.87232e-03,0.03,0.05
2.87240e-03,0.05,-0.01
2.87248e-03,0.01,0.05
2.87256e-03,0.03,-0.03
2.87264e-03,0.03,0.05
2.87272e-03,0.03,-0.01
2.87280e-03,0.03,0.05
2.87288e-03,0.03,-0.01
2.87296e-03,0.03,0.05
2.87304e-03,0.01,-0.01
2.87312e-03,0.03,0.05
2.87320e-03,0.01,-0.01
2.87328e-03,0.03,0.05
2.87336e-03,0.03,-0.03
2.87344e-03,0.03,0.05
2.87352e-03,0.03,-0.03
2.87360e-03,0.03,0.05
2.87368e-03,0.03,-0.01
2.87376e-03,0.03,0.05
2.87384e-03,0.03,-0.03
2.87392e-03,0.03,0.05
2.87400e-03,0.05,-0.01
2.87408e-03,0.05,0.05
2.87416e-03,0.01,-0.01
2.87424e-03,0.03,0.05
2.87432e-03,0.03,-0.01
2.87440e-03,0.05,0.05
2.87448e-03,0.01,-0.03
2.87456e-03,0.01,0.05
2.87464e-03,0.03,-0.03
2.87472e-03,0.05,0.07
2.87480e-03,0.03,-0.01
2.87488e-03,0.03,0.05
2.87496e-03,0.03,-0.03
2.87504e-03,0.01,0.07
2.87512e-03,0.03,-0.03
2.87520e-03,-0.01,0.05
2.87528e-03,0.03,-0.03
2.87536e-03,0.03,0.05
2.87544e-03,0.03,-0.01
2.87552e-03,0.03,0.05
2.87560e-03,0.03,-0.01
2.87568e-03,0.03,0.05
2.87576e-03,0.03,-0.01
2.87584e-03,0.03,0.05
2.87592e-03,0.03,-0.01
2.87600e-03,0.03,0.05
2.87608e-03,0.01,-0.01
2.87616e-03,0.03,0.05
2.87624e-03,0.03,-0.03
2.87632e-03,0.01,0.05
2.87640e-03,0.03,-0.03
2.87648e-03,0.01,0.05
2.87656e-03,0.05,-0.01
2.87664e-03,0.03,0.05
2.87672e-03,0.03,-0.03
2.87680e-03,0.01,0.05
2.87688e-03,-0.01,-0.03
2.87696e-03,0.01,0.07
2.87704e-03,0.01,-0.03
2.87712e-03,0.03,0.07
2.87720e-03,0.01,-0.03
2.87728e-03,0.03,0.05
2.87736e-03,0.03,-0.01
2.87744e-03,0.03,0.05
2.87752e-03,0.03,-0.01
2.87760e-03,0.03,0.05
2.87768e-03,0.03,-0.03
2.87776e-03,0.01,0.05
2.87784e-03,0.03,-0.01
2.87792e-03,0.03,0.05
2.87800e-03,0.03,-0.01
2.87808e-03,0.05,0.07
2.87816e-03,0.03,-0.03
2.87824e-03,0.05,0.05
2.87832e-03,0.03,-0.01
2.87840e-03,0.01,0.05
2.87848e-03,0.01,-0.01
2.87856e-03,0.03,0.05
2.87864e-03,0.03,-0.03
2.87872e-03,0.03,0.07
2.87880e-03,0.03,-0.01
2.87888e-03,0.03,0.05
2.87896e-03,0.05,-0.01
2.87904e-03,-0.01,0.05
2.87912e-03,0.03,-0.01
2.87920e-03,0.01,0.05
2.87928e-03,0.03,-0.01
2.87936e-03,0.03,0.05
2.87944e-03,0.03,-0.03
2.87952e-03,0.03,0.05
2.87960e-03,0.03,-0.03
2.87968e-03,0.01,0.05
2.87976e-03,0.05,-0.03
2.87984e-03,0.03,0.05
2.87992e-03,0.01,-0.03
2.88000e-03,0.03,0.07
2.88008e-03,0.01,-0.03
2.88016e-03,0.03,0.05
2.88024e-03,0.03,-0.03
2.88032e-03,0.01,0.05
2.88040e-03,0.03,-0.01
2.88048e-03,0.03,0.05
2.88056e-03,0.03,-0.01
2.88064e-03,0.03,0.05
2.88072e-03,0.01,-0.01
2.88080e-03,0.03,0.05
2.88088e-03,0.05,-0.01
2.88096e-03,0.03,0.05
2.88104e-03,0.03,-0.01
2.88112e-03,0.03,0.05
2.88120e-03,0.03,-0.01
2.88128e-03,0.03,0.05
2.88136e-03,0.01,-0.01
2.88144e-03,0.03,0.05
2.88152e-03,0.03,-0.01
2.88160e-03,0.03,0.05
2.88168e-03,0.05,-0.01
2.88176e-03,0.03,0.05
2.88184e-03,0.03,-0.01
2.88192e-03,0.01,0.05
2.88200e-03,0.05,-0.01
2.88208e-03,0.01,0.05
2.88216e-03,0.03,-0.01
2.88224e-03,0.05,0.05
2.88232e-03,0.03,-0.01
2.88240e-03,0.03,0.05
2.88248e-03,0.01,-0.03
2.88256e-03,0.03,0.05
2.88264e-03,0.03,-0.01
2.88272e-03,0.03,0.05
2.88280e-03,0.03,-0.01
2.88288e-03,0.03,0.05
2.88296e-03,0.03,-0.01
2.88304e-03,0.01,0.05
2.88312e-03,0.03,-0.01
2.88320e-03,0.03,0.05
2.88328e-03,0.01,-0.03
2.88336e-03,0.03,0.05
2.88344e-03,0.05,-0.05
2.88352e-03,0.05,0.07
2.88360e-03,0.01,-0.03
2.88368e-03,0.03,0.07
2.88376e-03,0.01,-0.03
2.88384e-03,0.03,0.05
2.88392e-03,0.03,-0.01
2.88400e-03,0.05,0.05
2.88408e-03,0.01,-0.01
2.88416e-03,0.01,0.05
2.88424e-03,0.05,-0.03
2.88432e-03,0.01,0.05
2.88440e-03,0.03,-0.01
2.88448e-03,0.01,0.05
2.88456e-03,0.01,-0.01
2.88464e-03,0.03,0.05
2.88472e-03,0.03,-0.03
2.88480e-03,0.03,0.05
2.88488e-03,0.01,-0.01
2.88496e-03,0.05,0.07
2.88504e-03,0.01,-0.01
2.88512e-03,0.05,0.05
2.88520e-03,0.03,-0.03
2.88528e-03,0.05,0.05
2.88536e-03,0.01,-0.01
2.88544e-03,0.03,0.05
2.88552e-03,0.03,-0.01
2.88560e-03,0.03,0.07
2.88568e-03,0.03,-0.01
2.88576e-03,0.01,0.05
2.88584e-03,0.01,-0.01
2.88592e-03,0.01,0.05
2.88600e-03,0.01,-0.03
2.88608e-03,0.01,0.07
2.88616e-03,0.05,-0.01
2.88624e-03,0.03,0.07
2.88632e-03,0.03,-0.03
2.88640e-03,0.03,0.05
2.88648e-03,0.03,-0.01
2.88656e-03,0.05,0.05
2.88664e-03,0.01,-0.03
2.88672e-03,0.03,0.07
2.88680e-03,0.03,-0.01
2.88688e-03,0.03,0.05
2.88696e-03,0.03,-0.03
2.88704e-03,0.01,0.07
2.88712e-03,0.03,-0.03
2.88720e-03,0.03,0.05
2.88728e-03,0.01,-0.03
2.88736e-03,0.03,0.05
2.88744e-03,0.03,-0.01
2.88752e-03,0.01,0.05
2.88760e-03,0.03,-0.01
2.88768e-03,0.05,0.05
2.88776e-03,0.01,-0.01
2.88784e-03,0.05,0.05
2.88792e-03,0.01,-0.01
2.88800e-03,0.03,0.05
2.88808e-03,0.03,-0.01
2.88816e-03,0.03,0.05
2.88824e-03,0.03,-0.03
2.88832e-03,0.01,0.07
2.88840e-03,0.03,-0.03
2.88848e-03,0.03,0.05
2.88856e-03,0.03,-0.01
2.88864e-03,0.03,0.05
2.88872e-03,0.03,-0.01
2.88880e-03,0.03,0.05
2.88888e-03,0.03,-0.01
2.88896e-03,0.03,0.05
2.88904e-03,0.01,-0.01
2.88912e-03,0.03,0.05
2.88920e-03,0.01,-0.01
2.88928e-03,0.05,0.05
2.88936e-03,0.03,-0.01
2.88944e-03,0.01,0.05
2.88952e-03,0.03,-0.01
2.88960e-03,0.01,0.05
2.88968e-03,0.03,-0.03
2.88976e-03,0.03,0.05
2.88984e-03,0.03,-0.03
2.88992e-03,0.03,0.05
2.89000e-03,0.03,-0.03
2.89008e-03,0.03,0.07
2.89016e-03,0.01,-0.03
2.89024e-03,0.03,0.05
2.89032e-03,0.03,-0.01
2.89040e-03,0.05,0.05
2.89048e-03,0.01,-0.03
2.89056e-03,0.05,0.05
2.89064e-03,0.01,-0.01
2.89072e-03,0.03,0.05
2.89080e-03,0.03,-0.01
2.89088e-03,0.03,0.05
2.89096e-03,0.03,-0.03
2.89104e-03,0.03,0.05
2.89112e-03,0.03,-0.01
2.89120e-03,0.01,0.05
2.89128e-03,0.03,-0.03
2.89136e-03,0.03,0.05
2.89144e-03,0.03,-0.01
2.89152e-03,0.01,0.05
2.89160e-03,0.03,-0.03
2.89168e-03,0.03,0.05
2.89176e-03,0.03,-0.01
2.89184e-03,0.03,0.05
2.89192e-03,0.01,-0.01
2.89200e-03,0.03,0.05
2.89208e-03,0.03,-0.01
2.89216e-03,0.03,0.05
2.89224e-03,0.03,-0.01
2.89232e-03,0.03,0.05
2.89240e-03,0.05,-0.01
2.89248e-03,0.01,0.05
2.89256e-03,0.01,-0.03
2.89264e-03,0.03,0.05
2.89272e-03,0.03,-0.03
2.89280e-03,0.03,0.05
2.89288e-03,0.01,-0.01
2.89296e-03,0.03,0.05
2.89304e-03,0.01,-0.01
2.89312e-03,0.03,0.05
2.89320e-03,0.03,-0.03
2.89328e-03,0.03,0.05
2.89336e-03,0.03,-0.03
2.89344e-03,0.03,0.05
2.89352e-03,0.03,-0.03
2.89360e-03,0.03,0.05
2.89368e-03,0.03,-0.01
2.89376e-03,0.03,0.05
2.89384e-03,0.03,-0.03
2.89392e-03,0.03,0.05
2.89400e-03,0.03,-0.01
2.89408e-03,0.01,0.05
2.89416e-03,0.01,-0.01
2.89424e-03,0.01,0.05
2.89432e-03,0.01,-0.03
2.89440e-03,0.05,0.07
2.89448e-03,0.03,-0.03
2.89456e-03,0.05,0.07
2.89464e-03,0.03,-0.03
2.89472e-03,0.01,0.05
2.89480e-03,0.05,-0.03
2.89488e-03,0.01,0.05
2.89496e-03,0.03,-0.03
2.89504e-03,0.01,0.05
2.89512e-03,0.03,-0.03
2.89520e-03,0.01,0.05
2.89528e-03,0.03,-0.01
2.89536e-03,0.03,0.05
2.89544e-03,0.03,-0.03
2.89552e-03,0.03,0.05
2.89560e-03,0.01,-0.01
2.89568e-03,0.03,0.05
2.89576e-03,0.03,-0.03
2.89584e-03,0.05,0.05
2.89592e-03,0.03,-0.01
2.89600e-03,0.05,0.05
2.89608e-03,0.05,-0.03
2.89616e-03,0.03,0.05
2.89624e-03,0.03,-0.01
2.89632e-03,0.03,0.05
2.89640e-03,0.05,-0.03
2.89648e-03,0.01,0.07
2.89656e-03,0.05,-0.03
2.89664e-03,0.01,0.05
2.89672e-03,0.01,-0.01
2.89680e-03,0.03,0.07
2.89688e-03,0.03,-0.03
2.89696e-03,0.03,0.05
2.89704e-03,0.01,-0.01
2.89712e-03,0.05,0.05
2.89720e-03,0.03,-0.01
2.89728e-03,0.03,0.05
2.89736e-03,0.01,-0.01
2.89744e-03,0.03,0.05
2.89752e-03,0.03,-0.01
2.89760e-03,0.03,0.05
2.89768e-03,0.05,-0.01
2.89776e-03,0.01,0.05
2.89784e-03,0.05,-0.01
2.89792e-03,0.03,0.05
2.89800e-03,0.01,-0.01
2.89808e-03,0.03,0.05
2.89816e-03,0.01,-0.03
2.89824e-03,0.01,0.05
2.89832e-03,0.03,-0.01
2.89840e-03,0.03,0.05
2.89848e-03,0.03,-0.01
2.89856e-03,0.03,0.05
2.89864e-03,0.03,-0.01
2.89872e-03,0.03,0.05
2.89880e-03,0.03,-0.01
2.89888e-03,0.01,0.05
2.89896e-03,0.03,-0.01
2.89904e-03,0.03,0.05
2.89912e-03,0.03,-0.01
2.89920e-03,0.03,0.05
2.89928e-03,0.03,-0.03
2.89936e-03,0.03,0.05
2.89944e-03,0.03,-0.03
2.89952e-03,0.03,0.05
2.89960e-03,0.03,-0.01
2.89968e-03,0.03,0.07
2.89976e-03,0.03,-0.01
2.89984e-03,0.03,0.05
2.89992e-03,0.01,-0.03
2.90000e-03,0.05,0.05
2.90008e-03,0.01,-0.03
2.90016e-03,0.01,0.05
2.90024e-03,0.03,-0.03
2.90032e-03,0.03,0.05
2.90040e-03,0.05,-0.01
2.90048e-03,0.03,0.05
2.90056e-03,0.03,-0.01
2.90064e-03,0.03,0.05
2.90072e-03,0.05,-0.01
2.90080e-03,0.03,0.05
2.90088e-03,0.03,-0.03
2.90096e-03,0.03,0.05
2.90104e-03,0.01,-0.01
2.90112e-03,0.03,0.05
2.90120e-03,0.01,-0.01
2.90128e-03,0.03,0.05
2.90136e-03,0.03,-0.03
2.90144e-03,0.03,0.05
2.90152e-03,0.03,-0.03
2.90160e-03,0.03,0.05
2.90168e-03,0.05,-0.01
2.90176e-03,0.01,0.05
2.90184e-03,0.03,-0.01
2.90192e-03,0.01,0.05
2.90200e-03,0.03,-0.01
2.90208e-03,0.03,0.05
2.90216e-03,0.03,-0.01
2.90224e-03,0.03,0.03
2.90232e-03,0.01,-0.03
2.90240e-03,0.03,0.05
2.90248e-03,0.01,-0.01
2.90256e-03,0.03,0.05
2.90264e-03,0.03,-0.01
2.90272e-03,0.03,0.05
2.90280e-03,0.01,-0.01
2.90288e-03,0.03,0.05
2.90296e-03,0.03,-0.03
2.90304e-03,0.03,0.05
2.90312e-03,0.03,-0.01
2.90320e-03,0.03,0.05
2.90328e-03,0.03,-0.01
2.90336e-03,0.03,0.05
2.90344e-03,0.03,-0.01
2.90352e-03,0.03,0.05
2.90360e-03,0.03,-0.03
2.90368e-03,0.03,0.05
2.90376e-03,0.01,-0.03
2.90384e-03,0.03,0.07
2.90392e-03,0.03,-0.03
2.90400e-03,0.03,0.07
2.90408e-03,0.03,-0.03
2.90416e-03,0.03,0.05
2.90424e-03,0.03,-0.03
2.90432e-03,0.01,0.05
2.90440e-03,0.05,-0.03
2.90448e-03,0.03,0.07
2.90456e-03,0.03,-0.03
2.90464e-03,0.01,0.05
2.90472e-03,0.03,-0.03
2.90480e-03,0.03,0.05
2.90488e-03,0.01,-0.01
2.90496e-03,0.03,0.07
2.90504e-03,0.01,-0.03
2.90512e-03,0.03,0.05
2.90520e-03,0.01,-0.01
2.90528e-03,0.03,0.05
2.90536e-03,0.03,-0.01
2.90544e-03,0.03,0.05
2.90552e-03,0.03,-0.01
2.90560e-03,0.03,0.05
2.90568e-03,0.03,-0.01
2.90576e-03,0.03,0.05
2.90584e-03,0.03,-0.03
2.90592e-03,0.01,0.05
2.90600e-03,0.03,-0.03
2.90608e-03,0.01,0.05
2.90616e-03,0.03,-0.01
2.90624e-03,0.03,0.05
2.90632e-03,0.01,-0.03
2.90640e-03,0.03,0.05
2.90648e-03,0.01,-0.03
2.90656e-03,0.03,0.05
2.90664e-03,0.01,-0.01
2.90672e-03,0.03,0.05
2.90680e-03,0.03,-0.01
2.90688e-03,0.03,0.05
2.90696e-03,0.03,-0.03
2.90704e-03,0.01,0.05
2.90712e-03,0.03,-0.01
2.90720e-03,0.03,0.05
2.90728e-03,0.03,-0.03
2.90736e-03,0.03,0.05
2.90744e-03,0.03,-0.01
2.90752e-03,0.03,0.05
2.90760e-03,0.01,-0.03
2.90768e-03,0.03,0.05
2.90776e-03,0.01,-0.03
2.90784e-03,0.03,0.05
2.90792e-03,0.01,-0.01
2.90800e-03,0.03,0.05
2.90808e-03,0.03,-0.01
2.90816e-03,0.03,0.05
2.90824e-03,0.05,-0.01
2.90832e-03,0.01,0.05
2.90840e-03,0.05,-0.01
2.90848e-03,0.03,0.05
2.90856e-03,0.03,-0.03
2.90864e-03,0.01,0.05
2.90872e-03,0.03,-0.01
2.90880e-03,0.03,0.05
2.90888e-03,0.03,-0.03
2.90896e-03,0.03,0.05
2.90904e-03,0.01,-0.01
2.90912e-03,0.05,0.05
2.90920e-03,0.01,-0.03
2.90928e-03,0.03,0.05
2.90936e-03,0.01,-0.01
2.90944e-03,0.03,0.07
2.90952e-03,-0.01,-0.03
2.90960e-03,0.03,0.07
2.90968e-03,0.05,-0.05
2.90976e-03,0.03,0.07
2.90984e-03,0.03,-0.01
2.90992e-03,0.01,0.07
2.91000e-03,0.05,-0.01
2.91008e-03,0.03,0.05
2.91016e-03,0.03,-0.03
2.91024e-03,0.05,0.05
2.91032e-03,0.01,-0.01
2.91040e-03,0.03,0.05
2.91048e-03,0.03,-0.01
2.91056e-03,0.03,0.05
2.91064e-03,0.03,-0.01
2.91072e-03,0.03,0.05
2.91080e-03,0.03,-0.01
2.91088e-03,0.03,0.05
2.91096e-03,0.03,-0.03
2.91104e-03,0.03,0.05
2.91112e-03,0.03,-0.03
2.91120e-03,0.01,0.05
2.91128e-03,0.05,-0.03
2.91136e-03,0.03,0.05
2.91144e-03,0.03,-0.01
2.91152e-03,0.03,0.07
2.91160e-03,0.03,-0.01
2.91168e-03,0.05,0.07
2.91176e-03,0.01,-0.01
2.91184e-03,0.03,0.05
2.91192e-03,0.01,-0.03
2.91200e-03,0.03,0.05
2.91208e-03,0.01,-0.03
2.91216e-03,0.03,0.07
2.91224e-03,0.05,-0.03
2.91232e-03,0.05,0.07
2.91240e-03,0.03,-0.03
2.91248e-03,0.03,0.07
2.91256e-03,0.05,-0.01
2.91264e-03,0.03,0.05
2.91272e-03,0.03,-0.03
2.91280e-03,0.03,0.07
2.91288e-03,0.03,-0.03
2.91296e-03,0.03,0.05
2.91304e-03,0.03,-0.01
2.91312e-03,0.03,0.05
2.91320e-03,0.03,-0.01
2.91328e-03,0.03,0.05
2.91336e-03,0.03,-0.03
2.91344e-03,0.03,0.05
2.91352e-03,0.03,-0.03
2.91360e-03,0.03,0.05
2.91368e-03,0.03,-0.01
2.91376e-03,0.01,0.05
2.91384e-03,0.05,-0.01
2.91392e-03,0.01,0.05
2.91400e-03,0.03,-0.03
2.91408e-03,0.03,0.05
2.91416e-03,0.01,-0.01
2.91424e-03,0.03,0.05
2.91432e-03,0.03,-0.01
2.91440e-03,0.03,0.05
2.91448e-03,0.01,-0.01
2.91456e-03,0.03,0.05
2.91464e-03,0.01,-0.01
2.91472e-03,0.03,0.05
2.91480e-03,0.03,-0.03
2.91488e-03,0.03,0.05
2.91496e-03,0.03,-0.01
2.91504e-03,0.03,0.05
2.91512e-03,0.01,-0.01
2.91520e-03,0.01,0.05
2.91528e-03,0.03,-0.03
2.91536e-03,0.01,0.05
2.91544e-03,0.03,-0.01
2.91552e-03,0.05,0.05
2.91560e-03,0.01,-0.01
2.91568e-03,0.03,0.05
2.91576e-03,0.03,-0.01
2.91584e-03,0.03,0.05
2.91592e-03,0.01,-0.01
2.91600e-03,0.03,0.05
2.91608e-03,0.05,-0.01
2.91616e-03,0.01,0.05
2.91624e-03,0.03,-0.03
2.91632e-03,0.03,0.05
2.91640e-03,0.05,-0.03
2.91648e-03,0.03,0.05
2.91656e-03,0.03,-0.01
2.91664e-03,0.03,0.05
2.91672e-03,0.03,-0.01
2.91680e-03,0.03,0.05
2.91688e-03,0.03,-0.03
2.91696e-03,0.05,0.05
2.91704e-03,0.01,-0.03
2.91712e-03,0.03,0.05
2.91720e-03,0.03,-0.01
2.91728e-03,0.03,0.05
2.91736e-03,0.03,-0.01
2.91744e-03,0.03,0.05
2.91752e-03,0.03,-0.03
2.91760e-03,0.01,0.05
2.91768e-03,0.03,-0.01
2.91776e-03,0.03,0.05
2.91784e-03,0.03,-0.01
2.91792e-03,0.03,0.05
2.91800e-03,0.05,-0.03
2.91808e-03,0.03,0.05
2.91816e-03,0.01,-0.01
2.91824e-03,0.03,0.05
2.91832e-03,0.01,-0.01
2.91840e-03,0.05,0.05
2.91848e-03,0.01,-0.03
2.91856e-03,0.03,0.05
2.91864e-03,0.01,-0.03
2.91872e-03,0.05,0.05
2.91880e-03,0.03,-0.03
2.91888e-03,0.03,0.05
2.91896e-03,0.03,-0.03
2.91904e-03,0.01,0.07
2.91912e-03,0.03,-0.03
2.91920e-03,0.03,0.05
2.91928e-03,0.05,-0.03
2.91936e-03,0.01,0.05
2.91944e-03,0.05,-0.01
2.91952e-03,0.05,0.05
2.91960e-03,0.01,-0.01
2.91968e-03,0.01,0.05
2.91976e-03,0.03,-0.03
2.91984e-03,0.03,0.05
2.91992e-03,0.03,-0.03
2.92000e-03,0.03,0.05
2.92008e-03,0.03,-0.01
2.92016e-03,0.03,0.05
2.92024e-03,0.03,-0.03
2.92032e-03,0.01,0.05
2.92040e-03,0.05,-0.03
2.92048e-03,0.03,0.05
2.92056e-03,0.03,-0.01
2.92064e-03,0.01,0.05
2.92072e-03,0.03,-0.01
2.92080e-03,0.03,0.05
2.92088e-03,0.03,-0.03
2.92096e-03,0.03,0.05
2.92104e-03,0.03,-0.01
2.92112e-03,0.03,0.05
2.92120e-03,0.03,-0.03
2.92128e-03,0.05,0.05
2.92136e-03,0.03,-0.03
2.92144e-03,0.03,0.05
2.92152e-03,0.01,-0.03
2.92160e-03,0.03,0.05
2.92168e-03,0.03,-0.03
2.92176e-03,0.03,0.07
2.92184e-03,0.01,-0.03
2.92192e-03,0.03,0.05
2.92200e-03,0.03,-0.03
2.92208e-03,0.05,0.05
2.92216e-03,0.03,-0.03
2.92224e-03,0.01,0.05
2.92232e-03,0.01,-0.03
2.92240e-03,0.03,0.05
2.92248e-03,0.01,-0.01
2.92256e-03,0.03,0.05
2.92264e-03,0.03,-0.03
2.92272e-03,0.01,0.05
2.92280e-03,0.03,-0.01
2.92288e-03,0.01,0.05
2.92296e-03,0.05,-0.03
2.92304e-03,0.01,0.05
2.92312e-03,0.03,-0.03
2.92320e-03,0.03,0.05
2.92328e-03,0.03,-0.03
2.92336e-03,0.03,0.05
2.92344e-03,0.01,-0.03
2.92352e-03,0.03,0.05
2.92360e-03,0.01,-0.03
2.92368e-03,0.03,0.05
2.92376e-03,0.01,-0.01
2.92384e-03,0.03,0.05
2.92392e-03,0.03,-0.01
2.92400e-03,0.03,0.05
2.92408e-03,0.03,-0.01
2.92416e-03,0.03,0.05
2.92424e-03,0.03,-0.01
2.92432e-03,0.03,0.05
2.92440e-03,0.01,-0.01
2.92448e-03,0.03,0.05
2.92456e-03,0.03,-0.01
2.92464e-03,0.03,0.05
2.92472e-03,0.03,-0.01
2.92480e-03,0.03,0.05
2.92488e-03,0.03,-0.03
2.92496e-03,0.03,0.05
2.92504e-03,0.01,-0.03
2.92512e-03,0.03,0.05
2.92520e-03,0.03,-0.03
2.92528e-03,0.03,0.05
2.92536e-03,0.05,-0.03
2.92544e-03,0.01,0.05
2.92552e-03,0.03,-0.01
2.92560e-03,0.03,0.05
2.92568e-03,0.03,-0.01
2.92576e-03,0.03,0.05
2.92584e-03,0.03,-0.01
2.92592e-03,0.03,0.05
2.92600e-03,0.01,-0.01
2.92608e-03,0.03,0.05
2.92616e-03,0.03,-0.01
2.92624e-03,0.03,0.07
2.92632e-03,0.03,-0.01
2.92640e-03,0.05,0.05
2.92648e-03,0.03,-0.01
2.92656e-03,0.05,0.05
2.92664e-03,0.03,-0.01
2.92672e-03,0.03,0.05
2.92680e-03,0.03,-0.01
2.92688e-03,0.03,0.05
2.92696e-03,0.03,-0.01
2.92704e-03,0.01,0.05
2.92712e-03,0.03,-0.01
2.92720e-03,0.03,0.05
2.92728e-03,0.03,-0.01
2.92736e-03,0.01,0.05
2.92744e-03,0.03,-0.03
2.92752e-03,0.03,0.05
2.92760e-03,0.03,-0.03
2.92768e-03,0.03,0.05
2.92776e-03,0.03,-0.03
2.92784e-03,0.03,0.05
2.92792e-03,0.03,-0.01
2.92800e-03,0.03,0.05
2.92808e-03,0.03,-0.03
2.92816e-03,0.03,0.05
2.92824e-03,0.03,-0.03
2.92832e-03,0.01,0.05
2.92840e-03,0.03,-0.01
2.92848e-03,0.01,0.05
2.92856e-03,0.03,-0.01
2.92864e-03,0.03,0.05
2.92872e-03,0.03,-0.01
2.92880e-03,0.03,0.05
2.92888e-03,0.01,-0.03
2.92896e-03,0.05,0.05
2.92904e-03,0.01,-0.01
2.92912e-03,0.03,0.05
2.92920e-03,0.03,-0.03
2.92928e-03,0.03,0.05
2.92936e-03,0.05,-0.03
2.92944e-03,0.03,0.05
2.92952e-03,0.03,-0.03
2.92960e-03,0.03,0.07
2.92968e-03,0.01,-0.03
2.92976e-03,-0.01,0.05
2.92984e-03,0.03,-0.03
2.92992e-03,0.03,0.07
2.93000e-03,0.05,-0.05
2.93008e-03,0.01,0.07
2.93016e-03,0.05,-0.03
2.93024e-03,0.03,0.05
2.93032e-03,0.03,-0.01
2.93040e-03,0.03,0.05
2.93048e-03,0.01,-0.01
2.93056e-03,0.03,0.05
2.93064e-03,0.03,-0.03
2.93072e-03,0.03,0.05
2.93080e-03,0.03,-0.03
2.93088e-03,0.01,0.05
2.93096e-03,0.03,-0.01
2.93104e-03,0.01,0.05
2.93112e-03,0.05,-0.01
2.93120e-03,0.03,0.05
2.93128e-03,0.03,-0.01
2.93136e-03,0.03,0.05
2.93144e-03,0.01,-0.01
2.93152e-03,0.01,0.05
2.93160e-03,0.03,-0.01
2.93168e-03,0.03,0.05
2.93176e-03,0.01,-0.01
2.93184e-03,0.05,0.05
2.93192e-03,0.03,-0.01
2.93200e-03,0.01,0.05
2.93208e-03,0.03,-0.01
2.93216e-03,0.03,0.05
2.93224e-03,0.03,-0.01
2.93232e-03,0.01,0.05
2.93240e-03,0.03,-0.01
2.93248e-03,0.01,0.05
2.93256e-03,0.03,-0.03
2.93264e-03,0.01,0.05
2.93272e-03,0.01,-0.01
2.93280e-03,0.03,0.05
2.93288e-03,0.01,-0.03
2.93296e-03,0.05,0.05
2.93304e-03,0.03,-0.03
2.93312e-03,0.05,0.05
2.93320e-03,0.01,-0.03
2.93328e-03,0.03,0.05
2.93336e-03,0.03,-0.03
2.93344e-03,0.03,0.05
2.93352e-03,0.03,-0.01
2.93360e-03,0.01,0.05
2.93368e-03,0.03,-0.01
2.93376e-03,0.01,0.05
2.93384e-03,0.03,-0.01
2.93392e-03,0.03,0.05
2.93400e-03,0.05,-0.03
2.93408e-03,0.01,0.07
2.93416e-03,0.03,-0.03
2.93424e-03,0.03,0.05
2.93432e-03,0.03,-0.01
2.93440e-03,0.03,0.05
2.93448e-03,0.01,-0.03
2.93456e-03,0.03,0.05
2.93464e-03,0.03,-0.01
2.93472e-03,0.03,0.05
2.93480e-03,0.03,-0.03
2.93488e-03,0.05,0.05
2.93496e-03,0.03,-0.01
2.93504e-03,0.03,0.05
2.93512e-03,0.03,-0.03
2.93520e-03,0.03,0.05
2.93528e-03,0.03,-0.01
2.93536e-03,0.03,0.05
2.93544e-03,0.01,-0.01
2.93552e-03,0.03,0.05
2.93560e-03,0.01,-0.01
2.93568e-03,0.07,0.05
2.93576e-03,-0.01,-0.05
2.93584e-03,0.03,0.07
2.93592e-03,0.03,-0.03
2.93600e-03,0.05,0.09
2.93608e-03,0.03,-0.01
2.93616e-03,0.01,0.05
2.93624e-03,0.05,-0.01
2.93632e-03,0.03,0.05
2.93640e-03,0.05,-0.01
2.93648e-03,0.05,0.05
2.93656e-03,0.03,-0.01
2.93664e-03,0.03,0.05
2.93672e-03,0.03,-0.03
2.93680e-03,0.03,0.07
2.93688e-03,0.01,-0.01
2.93696e-03,0.03,0.05
2.93704e-03,0.01,-0.03
2.93712e-03,0.03,0.05
2.93720e-03,0.03,-0.01
2.93728e-03,0.03,0.05
2.93736e-03,0.03,-0.01
2.93744e-03,0.03,0.07
2.93752e-03,0.05,-0.03
2.93760e-03,0.03,0.05
2.93768e-03,0.03,-0.03
2.93776e-03,0.03,0.05
2.93784e-03,0.03,-0.03
2.93792e-03,0.01,0.05
2.93800e-03,0.03,-0.03
2.93808e-03,0.03,0.05
2.93816e-03,0.03,-0.01
2.93824e-03,0.03,0.05
2.93832e-03,0.03,-0.03
2.93840e-03,0.03,0.05
2.93848e-03,0.01,-0.03
2.93856e-03,0.03,0.05
2.93864e-03,0.03,-0.01
2.93872e-03,0.01,0.05
2.93880e-03,0.03,-0.03
2.93888e-03,0.03,0.05
2.93896e-03,0.05,-0.03
2.93904e-03,0.03,0.05
2.93912e-03,0.03,-0.03
2.93920e-03,0.01,0.05
2.93928e-03,0.03,-0.03
2.93936e-03,0.03,0.05
2.93944e-03,0.03,-0.03
2.93952e-03,0.03,0.05
2.93960e-03,0.03,-0.01
2.93968e-03,0.03,0.05
2.93976e-03,0.01,-0.01
2.93984e-03,0.03,0.05
2.93992e-03,0.01,-0.03
2.94000e-03,0.03,0.05
2.94008e-03,0.01,-0.01
2.94016e-03,0.03,0.05
2.94024e-03,0.05,-0.03
2.94032e-03,0.03,0.05
2.94040e-03,0.03,-0.01
2.94048e-03,0.01,0.05
2.94056e-03,0.03,-0.03
2.94064e-03,0.03,0.05
2.94072e-03,0.03,-0.01
2.94080e-03,0.03,0.05
2.94088e-03,0.03,-0.01
2.94096e-03,0.03,0.05
2.94104e-03,0.01,-0.03
2.94112e-03,0.03,0.05
2.94120e-03,0.03,-0.03
2.94128e-03,0.05,0.05
2.94136e-03,0.01,-0.01
2.94144e-03,0.03,0.05
2.94152e-03,0.03,-0.03
2.94160e-03,0.01,0.05
2.94168e-03,0.03,-0.01
2.94176e-03,0.01,0.05
2.94184e-03,0.03,-0.01
2.94192e-03,0.03,0.05
2.94200e-03,0.03,-0.03
2.94208e-03,0.03,0.05
2.94216e-03,0.03,-0.03
2.94224e-03,0.05,0.05
2.94232e-03,0.01,-0.03
2.94240e-03,0.03,0.05
2.94248e-03,0.01,-0.03
2.94256e-03,0.03,0.05
2.94264e-03,0.03,-0.01
2.94272e-03,0.03,0.05
2.94280e-03,0.01,-0.01
2.94288e-03,0.03,0.05
2.94296e-03,0.05,-0.01
2.94304e-03,0.01,0.05
2.94312e-03,0.03,-0.01
2.94320e-03,0.01,0.05
2.94328e-03,0.03,-0.03
2.94336e-03,0.03,0.05
2.94344e-03,0.03,-0.01
2.94352e-03,0.03,0.05
2.94360e-03,0.03,-0.03
2.94368e-03,0.03,0.05
2.94376e-03,0.01,-0.03
2.94384e-03,0.01,0.05
2.94392e-03,0.01,-0.01
2.94400e-03,0.03,0.05
2.94408e-03,0.03,-0.03
2.94416e-03,0.03,0.05
2.94424e-03,0.03,-0.01
2.94432e-03,0.01,0.05
2.94440e-03,0.03,-0.01
2.94448e-03,0.03,0.05
2.94456e-03,0.03,-0.01
2.94464e-03,0.03,0.05
2.94472e-03,0.03,-0.03
2.94480e-03,0.03,0.05
2.94488e-03,0.01,-0.03
2.94496e-03,0.01,0.05
2.94504e-03,0.03,-0.03
2.94512e-03,0.03,0.05
2.94520e-03,0.01,-0.01
2.94528e-03,0.03,0.05
2.94536e-03,0.03,-0.03
2.94544e-03,0.03,0.05
2.94552e-03,0.03,-0.03
2.94560e-03,0.01,0.05
2.94568e-03,0.03,-0.01
2.94576e-03,0.03,0.05
2.94584e-03,0.03,-0.03
2.94592e-03,0.03,0.05
2.94600e-03,0.03,-0.03
2.94608e-03,0.03,0.05
2.94616e-03,0.05,-0.01
2.94624e-03,0.03,0.05
2.94632e-03,0.03,-0.03
2.94640e-03,0.03,0.05
2.94648e-03,0.03,-0.03
2.94656e-03,0.03,0.07
2.94664e-03,0.01,-0.01
2.94672e-03,0.03,0.05
2.94680e-03,0.03,-0.03
2.94688e-03,0.03,0.05
2.94696e-03,0.03,-0.01
2.94704e-03,0.03,0.05
2.94712e-03,0.03,-0.03
2.94720e-03,0.03,0.05
2.94728e-03,0.03,-0.03
2.94736e-03,0.01,0.05
2.94744e-03,0.01,-0.01
2.94752e-03,0.01,0.07
2.94760e-03,0.05,-0.03
2.94768e-03,0.05,0.07
2.94776e-03,0.01,-0.03
2.94784e-03,0.05,0.07
2.94792e-03,0.01,-0.03
2.94800e-03,0.03,0.05
2.94808e-03,0.03,-0.03
2.94816e-03,0.01,0.05
2.94824e-03,0.03,-0.03
2.94832e-03,0.03,0.07
2.94840e-03,0.03,-0.03
2.94848e-03,0.03,0.05
2.94856e-03,0.03,-0.03
2.94864e-03,0.03,0.05
2.94872e-03,0.03,-0.01
2.94880e-03,0.03,0.03
2.94888e-03,0.01,-0.03
2.94896e-03,0.03,0.05
2.94904e-03,0.03,-0.01
2.94912e-03,0.05,0.05
2.94920e-03,-0.01,-0.03
2.94928e-03,0.01,0.05
2.94936e-03,0.03,-0.03
2.94944e-03,0.03,0.05
2.94952e-03,0.05,-0.03
2.94960e-03,0.01,0.07
2.94968e-03,0.03,-0.03
2.94976e-03,0.01,0.05
2.94984e-03,0.03,-0.01
2.94992e-03,0.03,0.05
2.95000e-03,0.05,-0.03
2.95008e-03,0.01,0.05
2.95016e-03,0.01,-0.01
2.95024e-03,0.05,0.05
2.95032e-03,0.03,-0.03
2.95040e-03,0.03,0.05
2.95048e-03,0.01,-0.01
2.95056e-03,0.03,0.05
2.95064e-03,0.01,-0.01
2.95072e-03,0.01,0.05
2.95080e-03,0.03,-0.01
2.95088e-03,0.03,0.05
2.95096e-03,0.01,-0.01
2.95104e-03,0.03,0.05
2.95112e-03,0.03,-0.01
2.95120e-03,0.01,0.05
2.95128e-03,0.03,-0.01
2.95136e-03,0.03,0.05
2.95144e-03,0.03,-0.03
2.95152e-03,0.03,0.05
2.95160e-03,0.01,-0.03
2.95168e-03,0.03,0.05
2.95176e-03,0.01,-0.03
2.95184e-03,0.03,0.05
2.95192e-03,0.03,-0.03
2.95200e-03,0.03,0.05
2.95208e-03,0.01,-0.01
2.95216e-03,0.03,0.05
2.95224e-03,0.03,-0.01
2.95232e-03,0.03,0.05
2.95240e-03,0.01,-0.01
2.95248e-03,0.01,0.05
2.95256e-03,0.05,-0.03
2.95264e-03,0.03,0.05
2.95272e-03,0.03,-0.01
2.95280e-03,0.03,0.05
2.95288e-03,0.01,-0.03
2.95296e-03,0.03,0.05
2.95304e-03,0.01,-0.03
2.95312e-03,0.03,0.05
2.95320e-03,0.03,-0.03
2.95328e-03,0.03,0.05
2.95336e-03,0.01,-0.01
2.95344e-03,0.03,0.05
2.95352e-03,0.03,-0.01
2.95360e-03,0.03,0.05
2.95368e-03,0.03,-0.01
2.95376e-03,0.03,0.05
2.95384e-03,0.05,-0.01
2.95392e-03,0.01,0.05
2.95400e-03,0.03,-0.01
2.95408e-03,0.03,0.05
2.95416e-03,0.03,-0.01
2.95424e-03,0.05,0.05
2.95432e-03,0.03,-0.01
2.95440e-03,0.03,0.05
2.95448e-03,0.03,-0.01
2.95456e-03,0.03,0.05
2.95464e-03,0.01,-0.01
2.95472e-03,0.03,0.05
2.95480e-03,0.03,-0.01
2.95488e-03,0.03,0.05
2.95496e-03,0.05,-0.03
2.95504e-03,0.03,0.05
2.95512e-03,0.03,-0.01
2.95520e-03,0.01,0.05
2.95528e-03,0.05,-0.03
2.95536e-03,0.03,0.05
2.95544e-03,0.03,-0.03
2.95552e-03,0.05,0.05
2.95560e-03,0.01,-0.01
2.95568e-03,0.03,0.05
2.95576e-03,0.03,-0.03
2.95584e-03,0.03,0.05
2.95592e-03,0.03,-0.03
2.95600e-03,0.03,0.05
2.95608e-03,0.03,-0.01
2.95616e-03,0.03,0.05
2.95624e-03,0.03,-0.01
2.95632e-03,0.01,0.05
2.95640e-03,0.03,-0.01
2.95648e-03,0.01,0.05
2.95656e-03,0.05,-0.01
2.95664e-03,0.05,0.05
2.95672e-03,0.05,-0.05
2.95680e-03,0.05,0.05
2.95688e-03,0.01,-0.03
2.95696e-03,0.05,0.07
2.95704e-03,0.03,-0.03
2.95712e-03,0.03,0.07
2.95720e-03,0.03,-0.01
2.95728e-03,0.03,0.05
2.95736e-03,0.03,-0.03
2.95744e-03,0.01,0.05
2.95752e-03,0.03,-0.01
2.95760e-03,0.01,0.05
2.95768e-03,0.05,-0.01
2.95776e-03,0.01,0.05
2.95784e-03,0.03,-0.03
2.95792e-03,0.03,0.05
2.95800e-03,0.03,-0.01
2.95808e-03,0.03,0.05
2.95816e-03,0.01,-0.03
2.95824e-03,0.03,0.05
2.95832e-03,0.03,-0.03
2.95840e-03,0.03,0.05
2.95848e-03,0.05,-0.03
2.95856e-03,0.03,0.05
2.95864e-03,0.03,-0.01
2.95872e-03,0.01,0.07
2.95880e-03,0.03,-0.03
2.95888e-03,0.01,0.05
2.95896e-03,0.03,-0.01
2.95904e-03,0.01,0.05
2.95912e-03,0.03,-0.01
2.95920e-03,0.03,0.05
2.95928e-03,0.03,-0.03
2.95936e-03,0.03,0.05
2.95944e-03,0.03,-0.01
2.95952e-03,0.03,0.05
2.95960e-03,0.03,-0.01
2.95968e-03,0.05,0.05
2.95976e-03,0.03,-0.01
2.95984e-03,0.03,0.05
2.95992e-03,0.01,-0.01
2.96000e-03,0.03,0.05
2.96008e-03,0.01,-0.01
2.96016e-03,0.03,0.05
2.96024e-03,0.05,-0.01
2.96032e-03,0.01,0.07
2.96040e-03,0.05,-0.03
2.96048e-03,0.03,0.05
2.96056e-03,0.03,-0.01
2.96064e-03,0.03,0.05
2.96072e-03,0.03,-0.01
2.96080e-03,0.03,0.05
2.96088e-03,0.03,-0.01
2.96096e-03,0.03,0.05
2.96104e-03,0.01,-0.01
2.96112e-03,0.03,0.05
2.96120e-03,0.01,-0.01
2.96128e-03,0.03,0.05
2.96136e-03,0.01,-0.01
2.96144e-03,0.03,0.05
2.96152e-03,0.03,-0.01
2.96160e-03,0.01,0.05
2.96168e-03,0.03,-0.01
2.96176e-03,0.01,0.05
2.96184e-03,0.03,-0.01
2.96192e-03,0.03,0.05
2.96200e-03,0.03,-0.01
2.96208e-03,0.03,0.05
2.96216e-03,0.03,-0.01
2.96224e-03,0.05,0.05
2.96232e-03,0.01,-0.03
2.96240e-03,0.03,0.05
2.96248e-03,0.01,-0.01
2.96256e-03,0.05,0.05
2.96264e-03,0.01,-0.01
2.96272e-03,0.03,0.05
2.96280e-03,0.03,-0.01
2.96288e-03,0.03,0.05
2.96296e-03,0.03,-0.03
2.96304e-03,0.01,0.05
2.96312e-03,0.03,-0.01
2.96320e-03,0.03,0.05
2.96328e-03,0.07,-0.01
2.96336e-03,0.01,0.05
2.96344e-03,0.01,-0.05
2.96352e-03,0.01,0.07
2.96360e-03,0.03,-0.03
2.96368e-03,0.05,0.07
2.96376e-03,-0.01,-0.03
2.96384e-03,0.03,0.07
2.96392e-03,0.01,-0.03
2.96400e-03,0.03,0.07
2.96408e-03,0.03,-0.03
2.96416e-03,0.01,0.05
2.96424e-03,0.03,-0.01
2.96432e-03,0.03,0.05
2.96440e-03,0.03,-0.01
2.96448e-03,0.03,0.05
2.96456e-03,0.03,-0.03
2.96464e-03,0.03,0.05
2.96472e-03,0.03,-0.01
2.96480e-03,0.03,0.05
2.96488e-03,0.03,-0.01
2.96496e-03,0.03,0.05
2.96504e-03,0.01,-0.03
2.96512e-03,0.05,0.05
2.96520e-03,0.03,-0.03
2.96528e-03,0.05,0.07
2.96536e-03,0.03,-0.03
2.96544e-03,0.01,0.07
2.96552e-03,0.05,-0.03
2.96560e-03,0.01,0.05
2.96568e-03,0.03,-0.01
2.96576e-03,0.01,0.07
2.96584e-03,0.05,-0.01
2.96592e-03,0.03,0.05
2.96600e-03,0.03,-0.01
2.96608e-03,0.03,0.07
2.96616e-03,0.01,-0.01
2.96624e-03,0.05,0.05
2.96632e-03,0.01,-0.01
2.96640e-03,0.05,0.05
2.96648e-03,0.01,-0.03
2.96656e-03,0.03,0.05
2.96664e-03,0.03,-0.01
2.96672e-03,0.03,0.05
2.96680e-03,0.03,-0.01
2.96688e-03,0.03,0.05
2.96696e-03,0.03,-0.01
2.96704e-03,0.03,0.05
2.96712e-03,0.03,-0.01
2.96720e-03,0.03,0.05
2.96728e-03,0.03,-0.01
2.96736e-03,0.03,0.05
2.96744e-03,0.01,-0.01
2.96752e-03,0.03,0.05
2.96760e-03,0.01,-0.03
2.96768e-03,0.03,0.07
2.96776e-03,0.03,-0.01
2.96784e-03,0.05,0.05
2.96792e-03,0.01,-0.03
2.96800e-03,0.03,0.07
2.96808e-03,0.05,-0.03
2.96816e-03,0.01,0.05
2.96824e-03,0.03,-0.01
2.96832e-03,0.03,0.05
2.96840e-03,0.03,-0.01
2.96848e-03,0.01,0.07
2.96856e-03,0.03,-0.03
2.96864e-03,0.01,0.05
2.96872e-03,0.03,-0.03
2.96880e-03,0.03,0.05
2.96888e-03,0.03,-0.01
2.96896e-03,0.01,0.03
2.96904e-03,0.01,-0.01
2.96912e-03,0.03,0.05
2.96920e-03,0.01,-0.01
2.96928e-03,0.03,0.05
2.96936e-03,0.03,-0.01
2.96944e-03,0.03,0.05
2.96952e-03,0.03,-0.03
2.96960e-03,0.01,0.05
2.96968e-03,0.03,-0.01
2.96976e-03,0.01,0.05
2.96984e-03,0.03,-0.03
2.96992e-03,0.03,0.05
2.97000e-03,0.03,-0.03
2.97008e-03,0.01,0.05
2.97016e-03,0.03,-0.01
2.97024e-03,0.01,0.05
2.97032e-03,0.03,-0.01
2.97040e-03,0.03,0.05
2.97048e-03,0.03,-0.01
2.97056e-03,0.03,0.05
2.97064e-03,0.01,-0.01
2.97072e-03,0.01,0.05
2.97080e-03,0.03,-0.01
2.97088e-03,0.03,0.05
2.97096e-03,0.03,-0.01
2.97104e-03,0.01,0.05
2.97112e-03,0.03,-0.03
2.97120e-03,0.01,0.05
2.97128e-03,0.03,-0.01
2.97136e-03,0.03,0.05
2.97144e-03,0.03,-0.01
2.97152e-03,0.05,0.05
2.97160e-03,0.03,-0.01
2.97168e-03,0.03,0.05
2.97176e-03,0.01,-0.01
2.97184e-03,0.05,0.05
2.97192e-03,0.03,-0.03
2.97200e-03,0.03,0.05
2.97208e-03,0.03,-0.01
2.97216e-03,0.03,0.05
2.97224e-03,0.03,-0.03
2.97232e-03,0.01,0.05
2.97240e-03,0.03,-0.01
2.97248e-03,0.01,0.05
2.97256e-03,0.03,-0.01
2.97264e-03,0.01,0.05
2.97272e-03,0.03,-0.01
2.97280e-03,0.03,0.05
2.97288e-03,0.03,-0.03
2.97296e-03,0.03,0.05
2.97304e-03,0.03,-0.03
2.97312e-03,0.03,0.05
2.97320e-03,0.03,-0.03
2.97328e-03,0.03,0.05
2.97336e-03,0.03,-0.03
2.97344e-03,0.03,0.05
2.97352e-03,0.05,-0.01
2.97360e-03,0.01,0.05
2.97368e-03,0.05,-0.01
2.97376e-03,0.03,0.05
2.97384e-03,0.03,-0.03
2.97392e-03,0.01,0.05
2.97400e-03,0.03,-0.01
2.97408e-03,0.03,0.05
2.97416e-03,0.03,-0.03
2.97424e-03,0.05,0.05
2.97432e-03,0.01,-0.03
2.97440e-03,0.03,0.05
2.97448e-03,0.01,-0.03
2.97456e-03,0.03,0.07
2.97464e-03,0.03,-0.03
2.97472e-03,0.03,0.07
2.97480e-03,0.05,-0.03
2.97488e-03,0.03,0.05
2.97496e-03,0.05,-0.01
2.97504e-03,-0.01,0.07
2.97512e-03,0.03,-0.03
2.97520e-03,0.01,0.05
2.97528e-03,0.05,-0.03
2.97536e-03,0.03,0.05
2.97544e-03,0.03,-0.01
2.97552e-03,0.03,0.05
2.97560e-03,0.01,-0.03
2.97568e-03,0.03,0.05
2.97576e-03,0.01,-0.01
2.97584e-03,0.05,0.05
2.97592e-03,0.03,-0.01
2.97600e-03,0.03,0.05
2.97608e-03,0.03,-0.01
2.97616e-03,0.05,0.05
2.97624e-03,0.03,-0.01
2.97632e-03,0.01,0.05
2.97640e-03,0.05,-0.01
2.97648e-03,0.01,0.05
2.97656e-03,0.03,-0.01
2.97664e-03,0.01,0.05
2.97672e-03,0.01,-0.01
2.97680e-03,0.03,0.05
2.97688e-03,0.01,-0.03
2.97696e-03,0.03,0.05
2.97704e-03,0.05,-0.03
2.97712e-03,0.03,0.05
2.97720e-03,0.03,-0.01
2.97728e-03,0.05,0.07
2.97736e-03,0.03,-0.01
2.97744e-03,0.03,0.05
2.97752e-03,0.03,-0.01
2.97760e-03,0.01,0.05
2.97768e-03,0.03,-0.01
2.97776e-03,0.03,0.05
2.97784e-03,0.03,-0.01
2.97792e-03,0.01,0.05
2.97800e-03,0.01,-0.03
2.97808e-03,0.03,0.05
2.97816e-03,0.03,-0.03
2.97824e-03,0.03,0.05
2.97832e-03,0.01,-0.03
2.97840e-03,0.01,0.05
2.97848e-03,0.03,-0.03
2.97856e-03,0.03,0.05
2.97864e-03,0.01,-0.01
2.97872e-03,0.03,0.05
2.97880e-03,0.03,-0.03
2.97888e-03,0.03,0.05
2.97896e-03,0.03,-0.03
2.97904e-03,0.01,0.05
2.97912e-03,0.03,-0.03
2.97920e-03,0.03,0.05
2.97928e-03,0.05,-0.03
2.97936e-03,0.03,0.05
2.97944e-03,0.01,-0.01
2.97952e-03,0.03,0.05
2.97960e-03,0.03,-0.01
2.97968e-03,0.03,0.05
2.97976e-03,0.01,-0.01
2.97984e-03,-0.01,0.05
2.97992e-03,0.03,-0.03
2.98000e-03,0.03,0.05
2.98008e-03,0.03,-0.05
2.98016e-03,0.01,0.05
2.98024e-03,0.05,-0.03
2.98032e-03,0.01,0.05
2.98040e-03,0.03,-0.01
2.98048e-03,0.03,0.05
2.98056e-03,0.03,-0.03
2.98064e-03,0.03,0.05
2.98072e-03,0.01,-0.01
2.98080e-03,0.03,0.05
2.98088e-03,0.03,-0.01
2.98096e-03,0.03,0.05
2.98104e-03,0.03,-0.01
2.98112e-03,0.03,0.05
2.98120e-03,0.03,-0.01
2.98128e-03,0.03,0.05
2.98136e-03,0.03,-0.01
2.98144e-03,0.03,0.05
2.98152e-03,0.03,-0.01
2.98160e-03,0.03,0.05
2.98168e-03,0.03,-0.01
2.98176e-03,0.03,0.05
2.98184e-03,0.03,-0.03
2.98192e-03,0.03,0.07
2.98200e-03,0.03,-0.01
2.98208e-03,0.03,0.05
2.98216e-03,0.03,-0.01
2.98224e-03,0.03,0.05
2.98232e-03,0.03,-0.01
2.98240e-03,0.03,0.05
2.98248e-03,0.03,-0.01
2.98256e-03,0.03,0.05
2.98264e-03,0.03,-0.01
2.98272e-03,0.05,0.05
2.98280e-03,0.01,-0.03
2.98288e-03,0.01,0.05
2.98296e-03,0.01,-0.03
2.98304e-03,0.01,0.07
2.98312e-03,0.05,-0.03
2.98320e-03,0.03,0.07
2.98328e-03,0.03,-0.03
2.98336e-03,0.03,0.05
2.98344e-03,0.03,-0.03
2.98352e-03,0.01,0.05
2.98360e-03,0.03,-0.03
2.98368e-03,0.03,0.05
2.98376e-03,0.01,-0.01
2.98384e-03,0.03,0.05
2.98392e-03,0.01,-0.01
2.98400e-03,0.03,0.05
2.98408e-03,0.03,-0.03
2.98416e-03,0.01,0.05
2.98424e-03,0.03,-0.01
2.98432e-03,0.03,0.05
2.98440e-03,0.03,-0.01
2.98448e-03,0.03,0.05
2.98456e-03,0.03,-0.01
2.98464e-03,0.03,0.05
2.98472e-03,0.01,-0.01
2.98480e-03,0.03,0.05
2.98488e-03,0.01,-0.01
2.98496e-03,0.03,0.05
2.98504e-03,0.01,-0.01
2.98512e-03,0.03,0.05
2.98520e-03,0.01,-0.01
2.98528e-03,0.03,0.05
2.98536e-03,0.03,-0.01
2.98544e-03,0.03,0.05
2.98552e-03,0.03,-0.01
2.98560e-03,0.03,0.05
2.98568e-03,0.03,-0.01
2.98576e-03,0.03,0.05
2.98584e-03,0.03,-0.03
2.98592e-03,0.05,0.05
2.98600e-03,0.03,-0.01
2.98608e-03,0.03,0.05
2.98616e-03,0.03,-0.01
2.98624e-03,0.01,0.05
2.98632e-03,0.01,-0.03
2.98640e-03,0.01,0.05
2.98648e-03,0.01,-0.03
2.98656e-03,0.03,0.05
2.98664e-03,0.01,-0.01
2.98672e-03,0.03,0.07
2.98680e-03,0.03,-0.03
2.98688e-03,0.01,0.05
2.98696e-03,0.03,-0.01
2.98704e-03,0.01,0.03
2.98712e-03,0.03,-0.03
2.98720e-03,0.03,0.05
2.98728e-03,0.03,-0.01
2.98736e-03,0.03,0.05
2.98744e-03,0.03,-0.01
2.98752e-03,0.03,0.05
2.98760e-03,0.03,-0.03
2.98768e-03,0.03,0.05
2.98776e-03,-0.01,-0.01
2.98784e-03,0.03,0.07
2.98792e-03,0.01,-0.03
2.98800e-03,0.03,0.05
2.98808e-03,0.03,-0.03
2.98816e-03,0.03,0.05
2.98824e-03,0.03,-0.03
2.98832e-03,0.01,0.05
2.98840e-03,0.01,-0.03
2.98848e-03,0.01,0.05
2.98856e-03,0.03,-0.03
2.98864e-03,0.05,0.05
2.98872e-03,-0.01,-0.03
2.98880e-03,0.03,0.05
2.98888e-03,0.01,-0.03
2.98896e-03,0.05,0.05
2.98904e-03,0.01,-0.01
2.98912e-03,0.03,0.05
2.98920e-03,0.03,-0.01
2.98928e-03,0.03,0.05
2.98936e-03,0.03,-0.01
2.98944e-03,0.01,0.05
2.98952e-03,0.03,-0.01
2.98960e-03,0.01,0.05
2.98968e-03,0.03,-0.05
2.98976e-03,0.01,0.07
2.98984e-03,0.03,-0.03
2.98992e-03,0.03,0.05
2.99000e-03,0.05,-0.03
2.99008e-03,0.03,0.05
2.99016e-03,0.03,-0.03
2.99024e-03,0.03,0.05
2.99032e-03,0.01,-0.03
2.99040e-03,0.03,0.05
2.99048e-03,0.03,-0.01
2.99056e-03,0.03,0.05
2.99064e-03,0.03,-0.01
2.99072e-03,0.03,0.05
2.99080e-03,0.03,-0.01
2.99088e-03,0.01,0.05
2.99096e-03,0.01,-0.03
2.99104e-03,0.03,0.05
2.99112e-03,0.05,-0.01
2.99120e-03,0.01,0.05
2.99128e-03,0.05,-0.03
2.99136e-03,0.03,0.05
2.99144e-03,0.03,-0.03
2.99152e-03,0.05,0.05
2.99160e-03,0.01,-0.03
2.99168e-03,0.03,0.05
2.99176e-03,0.01,-0.01
2.99184e-03,0.05,0.05
2.99192e-03,0.03,-0.03
2.99200e-03,0.05,0.05
2.99208e-03,0.05,-0.03
2.99216e-03,0.03,0.07
2.99224e-03,0.03,-0.03
2.99232e-03,0.01,0.05
2.99240e-03,0.03,-0.03
2.99248e-03,0.01,0.07
2.99256e-03,0.03,-0.03
2.99264e-03,0.03,0.05
2.99272e-03,0.03,-0.01
2.99280e-03,0.03,0.05
2.99288e-03,0.01,-0.01
2.99296e-03,0.05,0.05
2.99304e-03,0.01,-0.03
2.99312e-03,0.05,0.05
2.99320e-03,0.03,-0.01
2.99328e-03,-0.01,0.07
2.99336e-03,0.01,-0.03
2.99344e-03,0.01,0.05
2.99352e-03,0.03,-0.01
2.99360e-03,0.03,0.05
2.99368e-03,0.03,-0.03
2.99376e-03,0.01,0.05
2.99384e-03,0.03,-0.03
2.99392e-03,0.01,0.05
2.99400e-03,0.03,-0.03
2.99408e-03,0.03,0.05
2.99416e-03,0.01,-0.03
2.99424e-03,0.05,0.05
2.99432e-03,0.01,-0.03
2.99440e-03,0.03,0.05
2.99448e-03,0.01,-0.03
2.99456e-03,0.03,0.07
2.99464e-03,0.03,-0.01
2.99472e-03,0.01,0.05
2.99480e-03,0.03,-0.01
2.99488e-03,0.01,0.05
2.99496e-03,0.03,-0.03
2.99504e-03,0.03,0.05
2.99512e-03,0.03,-0.01
2.99520e-03,0.01,0.05
2.99528e-03,0.05,-0.01
2.99536e-03,0.03,0.05
2.99544e-03,0.03,-0.01
2.99552e-03,0.03,0.05
2.99560e-03,0.01,-0.03
2.99568e-03,0.03,0.05
2.99576e-03,0.03,-0.03
2.99584e-03,0.03,0.05
2.99592e-03,0.03,-0.03
2.99600e-03,0.03,0.05
2.99608e-03,0.01,-0.01
2.99616e-03,0.03,0.05
2.99624e-03,0.03,-0.01
2.99632e-03,0.03,0.05
2.99640e-03,0.03,-0.01
2.99648e-03,0.01,0.05
2.99656e-03,0.05,-0.01
2.99664e-03,0.03,0.05
2.99672e-03,0.03,-0.03
2.99680e-03,0.03,0.05
2.99688e-03,0.03,-0.03
2.99696e-03,0.05,0.05
2.99704e-03,0.01,-0.03
2.99712e-03,0.03,0.05
2.99720e-03,0.03,-0.01
2.99728e-03,0.03,0.05
2.99736e-03,0.01,-0.03
2.99744e-03,0.03,0.05
2.99752e-03,0.03,-0.03
2.99760e-03,0.01,0.05
2.99768e-03,0.05,-0.03
2.99776e-03,0.03,0.05
2.99784e-03,0.03,-0.03
2.99792e-03,0.03,0.05
2.99800e-03,0.03,-0.03
2.99808e-03,0.03,0.05
2.99816e-03,0.03,-0.03
2.99824e-03,0.07,0.05
2.99832e-03,0.03,-0.03
2.99840e-03,0.03,0.07
2.99848e-03,0.03,-0.01
2.99856e-03,0.03,0.05
2.99864e-03,0.01,-0.03
2.99872e-03,0.03,0.05
2.99880e-03,0.03,-0.03
2.99888e-03,0.01,0.05
2.99896e-03,0.03,-0.03
2.99904e-03,0.03,0.05
2.99912e-03,0.03,-0.03
2.99920e-03,0.03,0.05
2.99928e-03,0.03,-0.01
2.99936e-03,0.03,0.05
2.99944e-03,0.03,-0.03
2.99952e-03,0.03,0.05
2.99960e-03,0.01,-0.03
2.99968e-03,0.03,0.05
2.99976e-03,0.03,-0.01
2.99984e-03,0.03,0.05
2.99992e-03,0.01,-0.03
3.00000e-03,0.03,0.05
3.00008e-03,0.03,-0.03
3.00016e-03,0.01,0.05
3.00024e-03,0.03,-0.03
3.00032e-03,0.01,0.07
3.00040e-03,0.05,-0.01
3.00048e-03,0.05,0.05
3.00056e-03,0.05,-0.03
3.00064e-03,0.03,0.05
3.00072e-03,0.03,-0.03
3.00080e-03,0.01,0.07
3.00088e-03,0.03,-0.03
3.00096e-03,0.03,0.05
3.00104e-03,0.03,-0.03
3.00112e-03,0.03,0.07
3.00120e-03,0.01,-0.03
3.00128e-03,0.03,0.05
3.00136e-03,0.03,-0.03
3.00144e-03,0.03,0.05
3.00152e-03,0.03,-0.03
3.00160e-03,0.01,0.05
3.00168e-03,0.03,-0.01
3.00176e-03,0.03,0.07
3.00184e-03,0.03,-0.03
3.00192e-03,0.03,0.05
3.00200e-03,0.03,-0.01
3.00208e-03,0.03,0.05
3.00216e-03,0.03,-0.03
3.00224e-03,0.03,0.05
3.00232e-03,0.01,-0.01
3.00240e-03,0.03,0.05
3.00248e-03,0.01,-0.01
3.00256e-03,0.03,0.05
3.00264e-03,0.03,-0.01
3.00272e-03,0.03,0.05
3.00280e-03,0.03,-0.01
3.00288e-03,-0.01,0.05
3.00296e-03,0.03,-0.03
3.00304e-03,0.01,0.05
3.00312e-03,0.03,-0.03
3.00320e-03,0.01,0.05
3.00328e-03,0.03,-0.01
3.00336e-03,0.03,0.05
3.00344e-03,0.05,-0.01
3.00352e-03,0.03,0.05
3.00360e-03,0.03,-0.03
3.00368e-03,0.05,0.05
3.00376e-03,0.01,-0.01
3.00384e-03,0.03,0.05
3.00392e-03,0.01,-0.03
3.00400e-03,0.03,0.05
3.00408e-03,0.01,-0.01
3.00416e-03,0.03,0.05
3.00424e-03,0.03,-0.03
3.00432e-03,0.01,0.05
3.00440e-03,0.03,-0.01
3.00448e-03,0.01,0.07
3.00456e-03,0.03,-0.01
3.00464e-03,0.03,0.05
3.00472e-03,0.03,-0.03
3.00480e-03,0.03,0.05
3.00488e-03,0.03,-0.01
3.00496e-03,0.03,0.05
3.00504e-03,0.03,-0.01
3.00512e-03,0.03,0.05
3.00520e-03,0.01,-0.01
3.00528e-03,0.03,0.05
3.00536e-03,0.03,-0.03
3.00544e-03,0.03,0.05
3.00552e-03,0.03,-0.01
3.00560e-03,0.03,0.05
3.00568e-03,0.03,-0.03
3.00576e-03,0.03,0.05
3.00584e-03,0.03,-0.03
3.00592e-03,0.03,0.05
3.00600e-03,0.05,-0.03
3.00608e-03,0.01,0.05
3.00616e-03,0.03,-0.03
3.00624e-03,0.03,0.05
3.00632e-03,0.03,-0.01
3.00640e-03,0.03,0.05
3.00648e-03,0.01,-0.01
3.00656e-03,0.03,0.05
3.00664e-03,0.01,-0.01
3.00672e-03,0.03,0.05
3.00680e-03,0.03,-0.01
3.00688e-03,0.03,0.05
3.00696e-03,0.03,-0.01
3.00704e-03,0.01,0.05
3.00712e-03,0.03,-0.01
3.00720e-03,0.03,0.05
3.00728e-03,0.03,-0.01
3.00736e-03,0.01,0.07
3.00744e-03,0.03,-0.01
3.00752e-03,0.05,0.05
3.00760e-03,0.03,-0.03
3.00768e-03,0.03,0.05
3.00776e-03,0.01,-0.03
3.00784e-03,0.03,0.05
3.00792e-03,0.03,-0.01
3.00800e-03,0.03,0.05
3.00808e-03,0.01,-0.01
3.00816e-03,0.01,0.05
3.00824e-03,0.03,-0.01
3.00832e-03,0.01,0.05
3.00840e-03,0.03,-0.03
3.00848e-03,0.03,0.05
3.00856e-03,0.03,-0.03
3.00864e-03,0.01,0.05
3.00872e-03,0.03,-0.03
3.00880e-03,0.05,0.05
3.00888e-03,0.03,-0.03
3.00896e-03,0.03,0.05
3.00904e-03,0.03,-0.03
3.00912e-03,0.03,0.07
3.00920e-03,0.03,-0.03
3.00928e-03,0.03,0.05
3.00936e-03,0.03,-0.03
3.00944e-03,0.01,0.05
3.00952e-03,0.03,-0.01
3.00960e-03,0.01,0.05
3.00968e-03,0.03,-0.03
3.00976e-03,0.03,0.05
3.00984e-03,0.05,-0.03
3.00992e-03,0.03,0.07
3.01000e-03,0.03,-0.03
3.01008e-03,0.03,0.05
3.01016e-03,0.01,-0.03
3.01024e-03,0.03,0.05
3.01032e-03,0.03,-0.03
3.01040e-03,0.05,0.05
3.01048e-03,0.03,-0.03
3.01056e-03,0.05,0.05
3.01064e-03,0.01,-0.01
3.01072e-03,0.03,0.05
3.01080e-03,0.03,-0.03
3.01088e-03,0.03,0.05
3.01096e-03,0.03,-0.01
3.01104e-03,0.01,0.05
3.01112e-03,0.03,-0.01
3.01120e-03,0.03,0.05
3.01128e-03,0.03,-0.01
3.01136e-03,0.03,0.05
3.01144e-03,0.03,-0.03
3.01152e-03,0.05,0.05
3.01160e-03,0.01,-0.01
3.01168e-03,0.03,0.05
3.01176e-03,0.03,-0.03
3.01184e-03,0.05,0.05
3.01192e-03,0.03,-0.01
3.01200e-03,0.01,0.05
3.01208e-03,0.05,-0.03
3.01216e-03,0.03,0.05
3.01224e-03,0.03,-0.01
3.01232e-03,0.03,0.05
3.01240e-03,0.03,-0.01
3.01248e-03,0.01,0.05
3.01256e-03,0.03,-0.03
3.01264e-03,0.03,0.05
3.01272e-03,0.03,-0.01
3.01280e-03,0.05,0.07
3.01288e-03,0.03,-0.01
3.01296e-03,0.03,0.05
3.01304e-03,0.01,-0.03
3.01312e-03,0.05,0.05
3.01320e-03,0.03,-0.01
3.01328e-03,0.05,0.05
3.01336e-03,0.03,-0.01
3.01344e-03,0.03,0.05
3.01352e-03,0.03,-0.03
3.01360e-03,0.03,0.05
3.01368e-03,0.03,-0.01
3.01376e-03,0.03,0.05
3.01384e-03,0.03,-0.01
3.01392e-03,0.03,0.05
3.01400e-03,0.03,-0.01
3.01408e-03,0.03,0.07
3.01416e-03,0.01,-0.03
3.01424e-03,0.05,0.05
3.01432e-03,0.01,-0.01
3.01440e-03,0.03,0.05
3.01448e-03,0.03,-0.01
3.01456e-03,0.03,0.05
3.01464e-03,0.03,-0.03
3.01472e-03,0.03,0.05
3.01480e-03,0.03,-0.03
3.01488e-03,0.01,0.05
3.01496e-03,0.03,-0.03
3.01504e-03,0.01,0.05
3.01512e-03,0.03,-0.03
3.01520e-03,0.01,0.05
3.01528e-03,0.03,-0.01
3.01536e-03,0.03,0.05
3.01544e-03,0.03,-0.01
3.01552e-03,0.03,0.05
3.01560e-03,0.03,-0.03
3.01568e-03,0.03,0.05
3.01576e-03,0.03,-0.03
3.01584e-03,0.03,0.05
3.01592e-03,0.01,-0.01
3.01600e-03,0.03,0.05
3.01608e-03,0.03,-0.03
3.01616e-03,0.01,0.05
3.01624e-03,0.05,-0.01
3.01632e-03,0.01,0.05
3.01640e-03,0.05,-0.01
3.01648e-03,0.03,0.05
3.01656e-03,0.05,-0.01
3.01664e-03,0.03,0.05
3.01672e-03,0.03,-0.01
3.01680e-03,0.03,0.05
3.01688e-03,0.03,-0.03
3.01696e-03,0.03,0.05
3.01704e-03,0.01,-0.01
3.01712e-03,0.03,0.05
3.01720e-03,0.03,-0.01
3.01728e-03,0.03,0.05
3.01736e-03,0.03,-0.01
3.01744e-03,0.03,0.05
3.01752e-03,0.03,-0.01
3.01760e-03,0.03,0.05
3.01768e-03,0.03,-0.03
3.01776e-03,0.01,0.05
3.01784e-03,0.03,-0.01
3.01792e-03,0.03,0.05
3.01800e-03,0.03,-0.01
3.01808e-03,0.03,0.05
3.01816e-03,0.03,-0.01
3.01824e-03,0.05,0.05
3.01832e-03,0.03,-0.03
3.01840e-03,0.03,0.05
3.01848e-03,0.01,-0.03
3.01856e-03,0.01,0.07
3.01864e-03,0.03,-0.03
3.01872e-03,0.03,0.07
3.01880e-03,0.05,-0.05
3.01888e-03,0.03,0.05
3.01896e-03,0.03,-0.03
3.01904e-03,0.03,0.05
3.01912e-03,0.01,-0.03
3.01920e-03,0.03,0.05
3.01928e-03,0.01,-0.01
3.01936e-03,0.03,0.05
3.01944e-03,0.03,-0.03
3.01952e-03,0.03,0.05
3.01960e-03,0.03,-0.03
3.01968e-03,0.03,0.05
3.01976e-03,0.01,-0.03
3.01984e-03,0.03,0.05
3.01992e-03,0.01,-0.03
3.02000e-03,0.05,0.05
3.02008e-03,0.03,-0.03
3.02016e-03,0.03,0.05
3.02024e-03,0.03,-0.01
3.02032e-03,0.03,0.07
3.02040e-03,0.03,-0.03
3.02048e-03,0.03,0.05
3.02056e-03,0.01,-0.03
3.02064e-03,0.05,0.05
3.02072e-03,0.01,-0.03
3.02080e-03,0.03,0.05
3.02088e-03,0.01,-0.03
3.02096e-03,0.05,0.05
3.02104e-03,0.01,-0.03
3.02112e-03,0.03,0.05
3.02120e-03,0.01,-0.03
3.02128e-03,0.03,0.05
3.02136e-03,0.01,-0.01
3.02144e-03,0.03,0.05
3.02152e-03,0.03,-0.01
3.02160e-03,0.01,0.05
3.02168e-03,0.03,-0.03
3.02176e-03,0.01,0.03
3.02184e-03,0.03,-0.03
3.02192e-03,0.03,0.05
3.02200e-03,0.03,-0.03
3.02208e-03,0.01,0.05
3.02216e-03,0.01,-0.03
3.02224e-03,0.01,0.05
3.02232e-03,0.03,-0.03
3.02240e-03,0.05,0.05
3.02248e-03,-0.01,-0.01
3.02256e-03,0.03,0.05
3.02264e-03,0.01,-0.03
3.02272e-03,0.01,0.05
3.02280e-03,0.03,-0.03
3.02288e-03,0.03,0.05
3.02296e-03,0.05,-0.03
3.02304e-03,0.01,0.07
3.02312e-03,0.01,-0.03
3.02320e-03,0.03,0.07
3.02328e-03,0.03,-0.03
3.02336e-03,0.03,0.05
3.02344e-03,0.03,-0.03
3.02352e-03,0.01,0.05
3.02360e-03,0.01,-0.03
3.02368e-03,0.05,0.05
3.02376e-03,0.01,-0.01
3.02384e-03,0.03,0.05
3.02392e-03,0.01,-0.03
3.02400e-03,0.03,0.05
3.02408e-03,0.05,-0.01
3.02416e-03,0.01,0.05
3.02424e-03,0.05,-0.01
3.02432e-03,0.01,0.05
3.02440e-03,0.03,-0.01
3.02448e-03,0.01,0.05
3.02456e-03,0.03,-0.03
3.02464e-03,0.01,0.05
3.02472e-03,0.03,-0.03
3.02480e-03,0.03,0.05
3.02488e-03,0.01,-0.03
3.02496e-03,0.03,0.05
3.02504e-03,0.03,-0.01
3.02512e-03,0.03,0.05
3.02520e-03,0.01,-0.03
3.02528e-03,0.03,0.05
3.02536e-03,0.03,-0.03
3.02544e-03,0.03,0.05
3.02552e-03,0.03,-0.03
3.02560e-03,0.03,0.05
3.02568e-03,0.05,-0.03
3.02576e-03,0.01,0.05
3.02584e-03,0.03,-0.01
3.02592e-03,0.03,0.05
3.02600e-03,0.03,-0.03
3.02608e-03,0.03,0.05
3.02616e-03,0.01,-0.03
3.02624e-03,0.05,0.05
3.02632e-03,0.01,-0.03
3.02640e-03,0.03,0.05
3.02648e-03,0.03,-0.03
3.02656e-03,0.03,0.05
3.02664e-03,0.05,-0.03
3.02672e-03,0.03,0.05
3.02680e-03,0.03,-0.03
3.02688e-03,0.01,0.05
3.02696e-03,0.03,-0.01
3.02704e-03,0.01,0.05
3.02712e-03,0.05,-0.03
3.02720e-03,0.01,0.05
3.02728e-03,0.03,-0.01
3.02736e-03,0.01,0.05
3.02744e-03,0.03,-0.01
3.02752e-03,0.05,0.05
3.02760e-03,0.03,-0.03
3.02768e-03,0.05,0.07
3.02776e-03,-0.01,-0.03
3.02784e-03,0.03,0.07
3.02792e-03,0.03,-0.03
3.02800e-03,0.03,0.05
3.02808e-03,0.05,-0.03
3.02816e-03,0.03,0.05
3.02824e-03,0.03,-0.01
3.02832e-03,0.03,0.05
3.02840e-03,0.03,-0.03
3.02848e-03,0.03,0.05
3.02856e-03,0.05,-0.01
3.02864e-03,0.03,0.05
3.02872e-03,0.03,-0.01
3.02880e-03,0.01,0.05
3.02888e-03,0.01,-0.03
3.02896e-03,0.03,0.05
3.02904e-03,0.03,-0.01
3.02912e-03,0.05,0.05
3.02920e-03,0.03,-0.01
3.02928e-03,0.03,0.05
3.02936e-03,0.01,-0.01
3.02944e-03,0.03,0.05
3.02952e-03,0.03,-0.03
3.02960e-03,0.03,0.07
3.02968e-03,0.03,-0.03
3.02976e-03,0.03,0.05
3.02984e-03,0.05,-0.01
3.02992e-03,0.01,0.05
3.03000e-03,0.03,-0.03
3.03008e-03,0.03,0.05
3.03016e-03,0.03,-0.03
3.03024e-03,0.03,0.07
3.03032e-03,0.03,-0.01
3.03040e-03,0.03,0.05
3.03048e-03,0.03,-0.03
3.03056e-03,0.03,0.05
3.03064e-03,0.03,-0.01
3.03072e-03,0.03,0.05
3.03080e-03,0.03,-0.01
3.03088e-03,0.03,0.05
3.03096e-03,0.03,-0.01
3.03104e-03,0.03,0.05
3.03112e-03,0.03,-0.01
3.03120e-03,0.01,0.05
3.03128e-03,0.03,-0.01
3.03136e-03,0.01,0.05
3.03144e-03,0.03,-0.01
3.03152e-03,0.03,0.05
3.03160e-03,0.01,-0.01
3.03168e-03,0.05,0.05
3.03176e-03,0.03,-0.01
3.03184e-03,0.03,0.05
3.03192e-03,0.01,-0.01
3.03200e-03,0.03,0.05
3.03208e-03,0.03,-0.01
3.03216e-03,0.03,0.05
3.03224e-03,0.05,-0.03
3.03232e-03,0.03,0.05
3.03240e-03,0.03,-0.01
3.03248e-03,0.03,0.05
3.03256e-03,0.05,-0.01
3.03264e-03,0.03,0.05
3.03272e-03,0.03,-0.03
3.03280e-03,0.03,0.05
3.03288e-03,0.01,-0.01
3.03296e-03,0.03,0.05
3.03304e-03,0.01,-0.01
3.03312e-03,0.03,0.05
3.03320e-03,0.03,-0.03
3.03328e-03,0.03,0.05
3.03336e-03,0.05,-0.01
3.03344e-03,0.01,0.05
3.03352e-03,0.01,-0.01
3.03360e-03,0.03,0.05
3.03368e-03,0.05,-0.03
3.03376e-03,0.03,0.05
3.03384e-03,0.03,-0.01
3.03392e-03,0.01,0.05
3.03400e-03,0.03,-0.01
3.03408e-03,0.03,0.05
3.03416e-03,0.03,-0.03
3.03424e-03,0.03,0.05
3.03432e-03,0.03,-0.01
3.03440e-03,0.03,0.05
3.03448e-03,0.03,-0.03
3.03456e-03,0.03,0.05
3.03464e-03,0.03,-0.03
3.03472e-03,0.01,0.05
3.03480e-03,0.03,-0.01
3.03488e-03,0.03,0.05
3.03496e-03,0.05,-0.01
3.03504e-03,0.01,0.05
3.03512e-03,0.03,-0.01
3.03520e-03,0.03,0.05
3.03528e-03,0.05,-0.03
3.03536e-03,0.03,0.05
3.03544e-03,0.03,-0.01
3.03552e-03,0.03,0.05
3.03560e-03,0.03,-0.01
3.03568e-03,0.01,0.05
3.03576e-03,0.03,-0.01
3.03584e-03,0.03,0.05
3.03592e-03,0.03,-0.01
3.03600e-03,0.03,0.05
3.03608e-03,0.01,-0.03
3.03616e-03,0.01,0.05
3.03624e-03,0.01,-0.03
3.03632e-03,0.03,0.05
3.03640e-03,0.05,-0.03
3.03648e-03,0.03,0.07
3.03656e-03,0.05,-0.03
3.03664e-03,0.05,0.05
3.03672e-03,0.03,-0.03
3.03680e-03,0.03,0.07
3.03688e-03,0.03,-0.03
3.03696e-03,0.03,0.07
3.03704e-03,0.01,-0.01
3.03712e-03,0.03,0.05
3.03720e-03,0.03,-0.03
3.03728e-03,0.03,0.05
3.03736e-03,0.03,-0.01
3.03744e-03,0.01,0.05
3.03752e-03,0.03,-0.03
3.03760e-03,0.03,0.05
3.03768e-03,0.03,-0.03
3.03776e-03,0.01,0.05
3.03784e-03,0.05,-0.03
3.03792e-03,0.03,0.05
3.03800e-03,0.03,-0.01
3.03808e-03,0.03,0.05
3.03816e-03,0.03,-0.03
3.03824e-03,0.03,0.05
3.03832e-03,0.01,-0.03
3.03840e-03,0.03,0.05
3.03848e-03,0.03,-0.03
3.03856e-03,0.03,0.05
3.03864e-03,0.03,-0.03
3.03872e-03,0.03,0.05
3.03880e-03,0.03,-0.03
3.03888e-03,0.03,0.05
3.03896e-03,0.03,-0.03
3.03904e-03,0.01,0.05
3.03912e-03,0.05,-0.03
3.03920e-03,0.01,0.05
3.03928e-03,0.03,-0.01
3.03936e-03,0.05,0.05
3.03944e-03,0.03,-0.01
3.03952e-03,0.03,0.05
3.03960e-03,0.01,-0.01
3.03968e-03,0.03,0.05
3.03976e-03,0.03,-0.01
3.03984e-03,0.03,0.05
3.03992e-03,0.03,-0.01
3.04000e-03,0.03,0.05
3.04008e-03,0.03,-0.03
3.04016e-03,0.03,0.05
3.04024e-03,0.03,-0.01
3.04032e-03,0.01,0.05
3.04040e-03,0.03,-0.01
3.04048e-03,0.03,0.05
3.04056e-03,0.03,-0.01
3.04064e-03,0.03,0.05
3.04072e-03,0.01,-0.03
3.04080e-03,0.05,0.05
3.04088e-03,0.03,-0.01
3.04096e-03,0.03,0.05
3.04104e-03,0.03,-0.01
3.04112e-03,0.03,0.05
3.04120e-03,0.01,-0.01
3.04128e-03,0.03,0.05
3.04136e-03,0.03,-0.01
3.04144e-03,0.01,0.05
3.04152e-03,0.03,-0.03
3.04160e-03,0.01,0.05
3.04168e-03,0.05,-0.03
3.04176e-03,0.01,0.05
3.04184e-03,0.05,-0.01
3.04192e-03,0.03,0.05
3.04200e-03,0.03,-0.03
3.04208e-03,0.05,0.05
3.04216e-03,0.01,-0.01
3.04224e-03,0.03,0.05
3.04232e-03,0.03,-0.03
3.04240e-03,0.03,0.05
3.04248e-03,0.01,-0.01
3.04256e-03,0.03,0.05
3.04264e-03,0.03,-0.03
3.04272e-03,0.01,0.05
3.04280e-03,0.03,-0.03
3.04288e-03,0.01,0.05
3.04296e-03,0.01,-0.03
3.04304e-03,0.01,0.05
3.04312e-03,0.03,-0.03
3.04320e-03,0.03,0.05
3.04328e-03,0.03,-0.01
3.04336e-03,0.03,0.05
3.04344e-03,0.03,-0.01
3.04352e-03,0.03,0.05
3.04360e-03,0.01,-0.03
3.04368e-03,0.03,0.05
3.04376e-03,0.01,-0.01
3.04384e-03,0.03,0.05
3.04392e-03,0.05,-0.03
3.04400e-03,0.03,0.05
3.04408e-03,0.03,-0.01
3.04416e-03,0.03,0.05
3.04424e-03,0.03,-0.01
3.04432e-03,0.01,0.05
3.04440e-03,0.03,-0.01
3.04448e-03,0.03,0.05
3.04456e-03,0.03,-0.03
3.04464e-03,0.05,0.05
3.04472e-03,0.01,-0.01
3.04480e-03,0.03,0.05
3.04488e-03,0.03,-0.03
3.04496e-03,0.03,0.07
3.04504e-03,0.01,-0.01
3.04512e-03,0.03,0.05
3.04520e-03,0.03,-0.03
3.04528e-03,0.03,0.05
3.04536e-03,0.01,-0.03
3.04544e-03,0.01,0.05
3.04552e-03,0.03,-0.03
3.04560e-03,0.01,0.07
3.04568e-03,0.03,-0.05
3.04576e-03,0.03,0.07
3.04584e-03,0.05,-0.03
3.04592e-03,0.03,0.05
3.04600e-03,0.03,-0.01
3.04608e-03,0.01,0.05
3.04616e-03,0.03,-0.03
3.04624e-03,0.05,0.05
3.04632e-03,0.01,-0.03
3.04640e-03,0.05,0.05
3.04648e-03,0.03,-0.01
3.04656e-03,0.03,0.05
3.04664e-03,0.03,-0.01
3.04672e-03,0.03,0.05
3.04680e-03,0.05,-0.01
3.04688e-03,0.03,0.07
3.04696e-03,0.03,-0.01
3.04704e-03,0.01,0.05
3.04712e-03,0.01,-0.03
3.04720e-03,0.01,0.05
3.04728e-03,0.03,-0.03
3.04736e-03,0.03,0.05
3.04744e-03,0.03,-0.01
3.04752e-03,0.03,0.05
3.04760e-03,0.03,-0.01
3.04768e-03,0.03,0.05
3.04776e-03,0.01,-0.01
3.04784e-03,0.03,0.05
3.04792e-03,0.03,-0.01
3.04800e-03,0.03,0.05
3.04808e-03,0.03,-0.01
3.04816e-03,0.03,0.05
3.04824e-03,0.05,-0.01
3.04832e-03,0.03,0.07
3.04840e-03,0.03,-0.01
3.04848e-03,0.03,0.05
3.04856e-03,0.03,-0.03
3.04864e-03,0.03,0.05
3.04872e-03,0.03,-0.03
3.04880e-03,0.03,0.05
3.04888e-03,0.01,-0.03
3.04896e-03,0.03,0.05
3.04904e-03,0.03,-0.01
3.04912e-03,0.05,0.05
3.04920e-03,0.03,-0.01
3.04928e-03,0.03,0.05
3.04936e-03,0.03,-0.01
3.04944e-03,0.03,0.05
3.04952e-03,0.03,-0.01
3.04960e-03,0.01,0.05
3.04968e-03,0.01,-0.01
3.04976e-03,0.01,0.05
3.04984e-03,0.03,-0.01
3.04992e-03,0.03,0.05
3.05000e-03,0.03,-0.01
3.05008e-03,0.03,0.05
3.05016e-03,0.01,-0.01
3.05024e-03,0.03,0.05
3.05032e-03,0.03,-0.01
3.05040e-03,0.03,0.05
3.05048e-03,0.03,-0.03
3.05056e-03,0.05,0.05
3.05064e-03,0.03,-0.01
3.05072e-03,0.01,0.05
3.05080e-03,0.03,-0.01
3.05088e-03,0.03,0.05
3.05096e-03,0.03,-0.01
3.05104e-03,0.03,0.05
3.05112e-03,0.05,-0.01
3.05120e-03,0.03,0.05
3.05128e-03,0.03,-0.01
3.05136e-03,0.03,0.05
3.05144e-03,0.05,-0.01
3.05152e-03,0.03,0.05
3.05160e-03,0.01,-0.01
3.05168e-03,0.05,0.05
3.05176e-03,0.03,-0.03
3.05184e-03,0.03,0.05
3.05192e-03,0.03,-0.01
3.05200e-03,0.03,0.05
3.05208e-03,0.05,-0.01
3.05216e-03,0.01,0.05
3.05224e-03,0.03,-0.01
3.05232e-03,0.01,0.05
3.05240e-03,0.05,-0.03
3.05248e-03,0.03,0.07
3.05256e-03,0.05,-0.03
3.05264e-03,-0.01,0.07
3.05272e-03,0.03,-0.05
3.05280e-03,0.03,0.07
3.05288e-03,0.03,-0.03
3.05296e-03,0.01,0.05
3.05304e-03,0.03,-0.01
3.05312e-03,0.01,0.07
3.05320e-03,0.03,-0.03
3.05328e-03,0.01,0.07
3.05336e-03,0.05,-0.03
3.05344e-03,0.01,0.05
3.05352e-03,0.03,-0.05
3.05360e-03,0.01,0.05
3.05368e-03,0.03,-0.01
3.05376e-03,0.01,0.05
3.05384e-03,0.03,-0.03
3.05392e-03,0.05,0.05
3.05400e-03,0.03,-0.05
3.05408e-03,0.03,0.07
3.05416e-03,-0.01,-0.03
3.05424e-03,0.03,0.05
3.05432e-03,0.01,-0.03
3.05440e-03,0.03,0.07
3.05448e-03,0.01,-0.03
3.05456e-03,0.03,0.05
3.05464e-03,0.03,-0.01
3.05472e-03,0.01,0.05
3.05480e-03,0.03,-0.01
3.05488e-03,0.01,0.05
3.05496e-03,0.03,-0.01
3.05504e-03,0.01,0.05
3.05512e-03,0.03,-0.03
3.05520e-03,0.01,0.05
3.05528e-03,0.03,-0.03
3.05536e-03,0.03,0.05
3.05544e-03,0.01,-0.01
3.05552e-03,0.03,0.05
3.05560e-03,0.03,-0.03
3.05568e-03,0.03,0.05
3.05576e-03,0.01,-0.01
3.05584e-03,0.03,0.05
3.05592e-03,0.03,-0.01
3.05600e-03,0.01,0.05
3.05608e-03,0.03,-0.01
3.05616e-03,0.03,0.05
3.05624e-03,0.01,-0.01
3.05632e-03,0.01,0.05
3.05640e-03,0.03,-0.01
3.05648e-03,0.03,0.05
3.05656e-03,0.03,-0.01
3.05664e-03,0.03,0.05
3.05672e-03,0.03,-0.01
3.05680e-03,0.03,0.05
3.05688e-03,0.03,-0.01
3.05696e-03,0.03,0.05
3.05704e-03,0.03,-0.03
3.05712e-03,0.03,0.05
3.05720e-03,0.03,-0.01
3.05728e-03,0.05,0.05
3.05736e-03,0.01,-0.03
3.05744e-03,0.03,0.05
3.05752e-03,0.03,-0.03
3.05760e-03,0.01,0.05
3.05768e-03,0.05,-0.01
3.05776e-03,0.01,0.05
3.05784e-03,0.03,-0.01
3.05792e-03,0.03,0.05
3.05800e-03,0.03,-0.01
3.05808e-03,0.03,0.07
3.05816e-03,0.01,-0.01
3.05824e-03,0.05,0.05
3.05832e-03,0.03,-0.03
3.05840e-03,0.03,0.05
3.05848e-03,0.03,-0.03
3.05856e-03,0.03,0.05
3.05864e-03,0.01,-0.03
3.05872e-03,0.05,0.05
3.05880e-03,0.03,-0.01
3.05888e-03,0.03,0.05
3.05896e-03,0.03,-0.01
3.05904e-03,0.01,0.05
3.05912e-03,0.05,-0.01
3.05920e-03,0.03,0.05
3.05928e-03,0.03,-0.03
3.05936e-03,0.05,0.05
3.05944e-03,0.01,-0.01
3.05952e-03,0.03,0.05
3.05960e-03,0.03,-0.03
3.05968e-03,0.03,0.07
3.05976e-03,0.03,-0.01
3.05984e-03,0.03,0.05
3.05992e-03,0.01,-0.03
3.06000e-03,0.03,0.05
3.06008e-03,0.01,-0.01
3.06016e-03,0.01,0.05
3.06024e-03,0.03,-0.03
3.06032e-03,0.01,0.05
3.06040e-03,0.03,-0.01
3.06048e-03,0.01,0.05
3.06056e-03,0.03,-0.03
3.06064e-03,0.03,0.05
3.06072e-03,0.03,-0.03
3.06080e-03,0.05,0.05
3.06088e-03,0.01,-0.03
3.06096e-03,0.03,0.05
3.06104e-03,0.03,-0.03
3.06112e-03,0.03,0.05
3.06120e-03,0.03,-0.03
3.06128e-03,0.03,0.05
3.06136e-03,0.01,-0.01
3.06144e-03,0.03,0.05
3.06152e-03,0.03,-0.01
3.06160e-03,0.01,0.05
3.06168e-03,0.03,-0.03
3.06176e-03,0.01,0.05
3.06184e-03,0.03,-0.03
3.06192e-03,0.03,0.05
3.06200e-03,0.03,-0.03
3.06208e-03,0.03,0.05
3.06216e-03,0.01,-0.01
3.06224e-03,0.03,0.05
3.06232e-03,0.01,-0.03
3.06240e-03,0.03,0.05
3.06248e-03,0.01,-0.01
3.06256e-03,0.03,0.05
3.06264e-03,0.03,-0.01
3.06272e-03,0.03,0.05
3.06280e-03,0.03,-0.01
3.06288e-03,0.01,0.05
3.06296e-03,0.03,-0.03
3.06304e-03,0.01,0.05
3.06312e-03,0.05,-0.01
3.06320e-03,0.03,0.05
3.06328e-03,0.05,-0.03
3.06336e-03,0.01,0.05
3.06344e-03,0.01,-0.03
3.06352e-03,0.05,0.07
3.06360e-03,0.01,-0.03
3.06368e-03,0.05,0.07
3.06376e-03,0.01,-0.03
3.06384e-03,0.03,0.05
3.06392e-03,0.01,-0.01
3.06400e-03,0.03,0.05
3.06408e-03,0.03,-0.03
3.06416e-03,0.03,0.05
3.06424e-03,0.05,-0.03
3.06432e-03,0.01,0.05
3.06440e-03,0.03,-0.01
3.06448e-03,0.03,0.05
3.06456e-03,0.03,-0.01
3.06464e-03,0.03,0.05
3.06472e-03,0.05,-0.01
3.06480e-03,0.01,0.05
3.06488e-03,0.03,-0.01
3.06496e-03,0.03,0.05
3.06504e-03,0.01,-0.03
3.06512e-03,0.03,0.05
3.06520e-03,0.03,-0.01
3.06528e-03,0.03,0.05
3.06536e-03,0.03,-0.01
3.06544e-03,0.01,0.05
3.06552e-03,0.03,-0.01
3.06560e-03,0.03,0.05
3.06568e-03,0.03,-0.01
3.06576e-03,0.03,0.05
3.06584e-03,0.03,-0.01
3.06592e-03,0.03,0.05
3.06600e-03,0.03,-0.03
3.06608e-03,0.03,0.07
3.06616e-03,0.03,-0.01
3.06624e-03,0.03,0.05
3.06632e-03,0.01,-0.01
3.06640e-03,0.05,0.05
3.06648e-03,0.03,-0.01
3.06656e-03,0.01,0.05
3.06664e-03,0.03,-0.01
3.06672e-03,0.03,0.05
3.06680e-03,0.03,-0.01
3.06688e-03,0.01,0.05
3.06696e-03,0.03,-0.01
3.06704e-03,0.03,0.05
3.06712e-03,0.03,-0.01
3.06720e-03,0.03,0.07
3.06728e-03,0.03,-0.01
3.06736e-03,0.01,0.05
3.06744e-03,0.03,-0.03
3.06752e-03,0.01,0.05
3.06760e-03,-0.01,-0.03
3.06768e-03,0.03,0.07
3.06776e-03,0.01,-0.03
3.06784e-03,0.05,0.05
3.06792e-03,0.03,-0.03
3.06800e-03,0.03,0.07
3.06808e-03,0.01,-0.01
3.06816e-03,0.03,0.05
3.06824e-03,0.03,-0.01
3.06832e-03,0.03,0.05
3.06840e-03,0.03,-0.03
3.06848e-03,0.01,0.05
3.06856e-03,0.03,-0.03
3.06864e-03,0.03,0.05
3.06872e-03,0.03,-0.03
3.06880e-03,0.01,0.05
3.06888e-03,0.03,-0.03
3.06896e-03,0.03,0.05
3.06904e-03,0.01,-0.01
3.06912e-03,0.03,0.05
3.06920e-03,0.03,-0.01
3.06928e-03,0.03,0.05
3.06936e-03,0.05,-0.01
3.06944e-03,0.03,0.05
3.06952e-03,0.03,-0.01
3.06960e-03,0.03,0.05
3.06968e-03,0.03,-0.03
3.06976e-03,0.01,0.07
3.06984e-03,0.05,-0.01
3.06992e-03,0.01,0.05
3.07000e-03,0.03,-0.01
3.07008e-03,0.05,0.05
3.07016e-03,0.01,-0.03
3.07024e-03,0.01,0.05
3.07032e-03,0.01,-0.01
3.07040e-03,0.03,0.05
3.07048e-03,0.01,-0.01
3.07056e-03,0.05,0.05
3.07064e-03,0.03,-0.03
3.07072e-03,0.01,0.05
3.07080e-03,0.03,-0.03
3.07088e-03,0.03,0.05
3.07096e-03,0.03,-0.01
3.07104e-03,0.01,0.05
3.07112e-03,0.05,-0.01
3.07120e-03,0.01,0.05
3.07128e-03,0.03,-0.01
3.07136e-03,0.03,0.05
3.07144e-03,0.03,-0.01
3.07152e-03,0.03,0.07
3.07160e-03,0.01,-0.01
3.07168e-03,0.03,0.05
3.07176e-03,0.05,-0.03
3.07184e-03,0.05,0.07
3.07192e-03,0.05,-0.03
3.07200e-03,0.03,0.07
3.07208e-03,0.03,-0.03
3.07216e-03,0.03,0.07
3.07224e-03,0.03,-0.01
3.07232e-03,0.03,0.05
3.07240e-03,0.03,-0.03
3.07248e-03,0.03,0.05
3.07256e-03,0.03,-0.01
3.07264e-03,0.01,0.05
3.07272e-03,0.03,-0.03
3.07280e-03,0.03,0.05
3.07288e-03,0.01,-0.01
3.07296e-03,0.03,0.05
3.07304e-03,0.01,-0.01
3.07312e-03,0.03,0.05
3.07320e-03,0.03,-0.03
3.07328e-03,0.03,0.05
3.07336e-03,0.03,-0.01
3.07344e-03,0.03,0.05
3.07352e-03,0.03,-0.03
3.07360e-03,0.01,0.05
3.07368e-03,0.03,-0.03
3.07376e-03,0.01,0.05
3.07384e-03,0.03,-0.01
3.07392e-03,0.01,0.05
3.07400e-03,0.03,-0.03
3.07408e-03,0.03,0.05
3.07416e-03,0.03,-0.03
3.07424e-03,0.05,0.05
3.07432e-03,0.01,-0.01
3.07440e-03,0.03,0.05
3.07448e-03,0.03,-0.03
3.07456e-03,0.03,0.05
3.07464e-03,0.03,-0.03
3.07472e-03,0.03,0.05
3.07480e-03,0.03,-0.01
3.07488e-03,0.03,0.05
3.07496e-03,0.03,-0.03
3.07504e-03,0.01,0.05
3.07512e-03,0.03,-0.01
3.07520e-03,0.03,0.05
3.07528e-03,0.03,-0.03
3.07536e-03,0.03,0.05
3.07544e-03,0.03,-0.03
3.07552e-03,0.03,0.05
3.07560e-03,0.03,-0.03
3.07568e-03,0.03,0.05
3.07576e-03,0.01,-0.03
3.07584e-03,0.03,0.05
3.07592e-03,0.03,-0.03
3.07600e-03,0.03,0.05
3.07608e-03,0.03,-0.01
3.07616e-03,0.03,0.05
3.07624e-03,0.03,-0.01
3.07632e-03,0.03,0.05
3.07640e-03,0.05,-0.03
3.07648e-03,0.01,0.05
3.07656e-03,0.03,-0.01
3.07664e-03,0.03,0.05
3.07672e-03,0.03,-0.01
3.07680e-03,0.03,0.05
3.07688e-03,0.01,-0.01
3.07696e-03,0.03,0.05
3.07704e-03,0.03,-0.03
3.07712e-03,0.03,0.05
3.07720e-03,0.03,-0.03
3.07728e-03,0.03,0.05
3.07736e-03,0.03,-0.01
3.07744e-03,0.03,0.07
3.07752e-03,0.05,-0.03
3.07760e-03,0.01,0.05
3.07768e-03,0.03,-0.01
3.07776e-03,0.01,0.05
3.07784e-03,0.03,-0.01
3.07792e-03,0.03,0.05
3.07800e-03,0.03,-0.03
3.07808e-03,0.03,0.05
3.07816e-03,0.01,-0.01
3.07824e-03,0.03,0.05
3.07832e-03,0.01,-0.03
3.07840e-03,0.05,0.05
3.07848e-03,0.03,-0.03
3.07856e-03,0.03,0.05
3.07864e-03,0.03,-0.01
3.07872e-03,0.05,0.05
3.07880e-03,0.05,-0.01
3.07888e-03,0.01,0.05
3.07896e-03,0.03,-0.01
3.07904e-03,0.03,0.05
3.07912e-03,0.03,-0.03
3.07920e-03,0.01,0.05
3.07928e-03,0.01,-0.03
3.07936e-03,0.03,0.05
3.07944e-03,0.03,-0.03
3.07952e-03,0.03,0.05
3.07960e-03,0.01,-0.01
3.07968e-03,0.03,0.05
3.07976e-03,0.03,-0.01
3.07984e-03,0.03,0.05
3.07992e-03,-0.01,-0.03
3.08000e-03,0.03,0.05
3.08008e-03,0.03,-0.05
3.08016e-03,0.01,0.05
3.08024e-03,0.05,-0.03
3.08032e-03,0.03,0.05
3.08040e-03,0.03,-0.03
3.08048e-03,0.03,0.05
3.08056e-03,0.03,-0.03
3.08064e-03,0.03,0.07
3.08072e-03,0.01,-0.01
3.08080e-03,0.01,0.05
3.08088e-03,0.03,-0.01
3.08096e-03,0.05,0.05
3.08104e-03,0.03,-0.01
3.08112e-03,0.03,0.05
3.08120e-03,0.03,-0.03
3.08128e-03,0.03,0.07
3.08136e-03,0.03,-0.03
3.08144e-03,0.03,0.05
3.08152e-03,0.05,-0.01
3.08160e-03,0.01,0.05
3.08168e-03,0.03,-0.03
3.08176e-03,0.03,0.05
3.08184e-03,0.03,-0.03
3.08192e-03,0.03,0.07
3.08200e-03,0.01,-0.03
3.08208e-03,0.01,0.05
3.08216e-03,0.03,-0.03
3.08224e-03,0.03,0.07
3.08232e-03,0.03,-0.01
3.08240e-03,0.03,0.05
3.08248e-03,0.01,-0.03
3.08256e-03,0.03,0.05
3.08264e-03,0.03,-0.01
3.08272e-03,0.03,0.05
3.08280e-03,0.03,-0.03
3.08288e-03,0.01,0.05
3.08296e-03,0.03,-0.01
3.08304e-03,0.03,0.05
3.08312e-03,0.03,-0.01
3.08320e-03,0.03,0.05
3.08328e-03,0.01,-0.01
3.08336e-03,0.01,0.05
3.08344e-03,0.01,-0.01
3.08352e-03,0.01,0.05
3.08360e-03,0.01,-0.01
3.08368e-03,0.03,0.05
3.08376e-03,0.03,-0.01
3.08384e-03,0.03,0.05
3.08392e-03,0.03,-0.01
3.08400e-03,0.03,0.05
3.08408e-03,0.03,-0.03
3.08416e-03,0.01,0.05
3.08424e-03,0.05,-0.01
3.08432e-03,0.03,0.05
3.08440e-03,0.07,-0.03
3.08448e-03,0.01,0.05
3.08456e-03,0.05,-0.03
3.08464e-03,0.03,0.07
3.08472e-03,0.03,-0.03
3.08480e-03,0.03,0.05
3.08488e-03,0.01,-0.03
3.08496e-03,0.03,0.05
3.08504e-03,0.01,-0.01
3.08512e-03,0.03,0.03
3.08520e-03,0.03,-0.01
3.08528e-03,0.03,0.05
3.08536e-03,0.03,-0.03
3.08544e-03,0.03,0.05
3.08552e-03,0.05,-0.03
3.08560e-03,0.03,0.05
3.08568e-03,0.03,-0.01
3.08576e-03,0.01,0.05
3.08584e-03,0.03,-0.03
3.08592e-03,0.03,0.05
3.08600e-03,0.03,-0.01
3.08608e-03,0.03,0.05
3.08616e-03,0.03,-0.01
3.08624e-03,0.01,0.05
3.08632e-03,0.03,-0.01
3.08640e-03,0.03,0.05
3.08648e-03,0.01,-0.01
3.08656e-03,0.03,0.05
3.08664e-03,0.03,-0.01
3.08672e-03,0.05,0.05
3.08680e-03,0.03,-0.01
3.08688e-03,0.01,0.07
3.08696e-03,0.05,-0.03
3.08704e-03,0.03,0.07
3.08712e-03,0.03,-0.01
3.08720e-03,0.01,0.05
3.08728e-03,0.03,-0.03
3.08736e-03,0.03,0.05
3.08744e-03,0.03,-0.03
3.08752e-03,0.03,0.05
3.08760e-03,0.01,-0.01
3.08768e-03,0.05,0.05
3.08776e-03,0.01,-0.01
3.08784e-03,0.03,0.07
3.08792e-03,0.03,-0.01
3.08800e-03,0.03,0.05
3.08808e-03,0.03,-0.01
3.08816e-03,0.03,0.05
3.08824e-03,0.05,-0.01
3.08832e-03,0.03,0.05
3.08840e-03,0.03,-0.01
3.08848e-03,0.03,0.05
3.08856e-03,0.03,-0.03
3.08864e-03,0.03,0.05
3.08872e-03,0.03,-0.01
3.08880e-03,0.03,0.05
3.08888e-03,0.03,-0.03
3.08896e-03,0.03,0.05
3.08904e-03,0.03,-0.01
3.08912e-03,0.03,0.05
3.08920e-03,0.03,-0.01
3.08928e-03,0.03,0.05
3.08936e-03,0.03,-0.01
3.08944e-03,0.01,0.05
3.08952e-03,0.01,-0.03
3.08960e-03,0.03,0.05
3.08968e-03,0.05,-0.03
3.08976e-03,0.05,0.07
3.08984e-03,0.03,-0.03
3.08992e-03,0.03,0.07
3.09000e-03,0.03,-0.03
3.09008e-03,0.03,0.07
3.09016e-03,0.03,-0.03
3.09024e-03,0.03,0.05
3.09032e-03,0.01,-0.01
3.09040e-03,0.03,0.05
3.09048e-03,0.01,-0.01
3.09056e-03,0.03,0.07
3.09064e-03,0.03,-0.03
3.09072e-03,0.03,0.05
3.09080e-03,0.05,-0.01
3.09088e-03,0.03,0.05
3.09096e-03,0.03,-0.01
3.09104e-03,0.01,0.05
3.09112e-03,0.03,-0.03
3.09120e-03,0.01,0.05
3.09128e-03,0.03,-0.01
3.09136e-03,0.03,0.07
3.09144e-03,0.03,-0.01
3.09152e-03,0.03,0.05
3.09160e-03,0.01,-0.01
3.09168e-03,0.05,0.07
3.09176e-03,0.01,-0.03
3.09184e-03,0.01,0.05
3.09192e-03,0.03,-0.01
3.09200e-03,0.01,0.05
3.09208e-03,0.03,-0.01
3.09216e-03,0.03,0.05
3.09224e-03,0.05,-0.01
3.09232e-03,0.01,0.05
3.09240e-03,0.05,-0.01
3.09248e-03,0.03,0.05
3.09256e-03,0.03,-0.01
3.09264e-03,0.03,0.05
3.09272e-03,0.03,-0.01
3.09280e-03,0.03,0.05
3.09288e-03,0.01,-0.01
3.09296e-03,0.05,0.05
3.09304e-03,0.01,-0.01
3.09312e-03,0.03,0.05
3.09320e-03,0.03,-0.01
3.09328e-03,0.03,0.05
3.09336e-03,0.03,-0.01
3.09344e-03,0.03,0.05
3.09352e-03,0.03,-0.01
3.09360e-03,0.03,0.05
3.09368e-03,0.05,-0.01
3.09376e-03,0.01,0.05
3.09384e-03,0.03,-0.01
3.09392e-03,0.03,0.05
3.09400e-03,0.03,-0.01
3.09408e-03,0.01,0.05
3.09416e-03,0.03,-0.03
3.09424e-03,0.03,0.05
3.09432e-03,0.03,-0.03
3.09440e-03,0.03,0.05
3.09448e-03,0.01,-0.01
3.09456e-03,0.03,0.05
3.09464e-03,0.01,-0.01
3.09472e-03,0.01,0.05
3.09480e-03,0.03,-0.01
3.09488e-03,0.03,0.05
3.09496e-03,0.03,-0.03
3.09504e-03,0.03,0.05
3.09512e-03,0.05,-0.03
3.09520e-03,0.01,0.05
3.09528e-03,0.03,-0.03
3.09536e-03,0.03,0.05
3.09544e-03,0.03,-0.01
3.09552e-03,0.05,0.05
3.09560e-03,0.01,-0.01
3.09568e-03,0.05,0.05
3.09576e-03,0.01,-0.01
3.09584e-03,0.03,0.05
3.09592e-03,0.03,-0.03
3.09600e-03,0.01,0.05
3.09608e-03,0.03,-0.01
3.09616e-03,0.03,0.05
3.09624e-03,0.03,-0.01
3.09632e-03,0.01,0.05
3.09640e-03,0.03,-0.03
3.09648e-03,0.03,0.05
3.09656e-03,0.03,-0.03
3.09664e-03,0.05,0.05
3.09672e-03,0.01,-0.01
3.09680e-03,0.05,0.05
3.09688e-03,0.01,-0.03
3.09696e-03,0.05,0.05
3.09704e-03,0.01,-0.03
3.09712e-03,0.03,0.05
3.09720e-03,0.01,-0.03
3.09728e-03,0.03,0.05
3.09736e-03,0.03,-0.01
3.09744e-03,0.01,0.05
3.09752e-03,0.03,-0.03
3.09760e-03,0.01,0.07
3.09768e-03,0.03,-0.01
3.09776e-03,0.01,0.05
3.09784e-03,0.05,-0.03
3.09792e-03,0.03,0.05
3.09800e-03,0.03,-0.01
3.09808e-03,0.03,0.05
3.09816e-03,0.03,-0.01
3.09824e-03,0.05,0.05
3.09832e-03,0.03,-0.03
3.09840e-03,0.05,0.05
3.09848e-03,0.03,-0.03
3.09856e-03,0.01,0.05
3.09864e-03,0.01,-0.03
3.09872e-03,0.01,0.05
3.09880e-03,0.03,-0.01
3.09888e-03,0.03,0.05
3.09896e-03,0.03,-0.03
3.09904e-03,-0.01,0.05
3.09912e-03,0.03,-0.03
3.09920e-03,0.03,0.07
3.09928e-03,0.03,-0.03
3.09936e-03,0.05,0.05
3.09944e-03,0.03,-0.01
3.09952e-03,0.05,0.05
3.09960e-03,0.03,-0.03
3.09968e-03,0.03,0.05
3.09976e-03,0.03,-0.01
3.09984e-03,0.03,0.05
3.09992e-03,0.01,-0.01
3.10000e-03,0.03,0.05
3.10008e-03,0.03,-0.01
3.10016e-03,0.03,0.07
3.10024e-03,0.03,-0.03
3.10032e-03,0.01,0.05
3.10040e-03,0.03,-0.03
3.10048e-03,0.03,0.05
3.10056e-03,0.01,-0.03
3.10064e-03,0.03,0.07
3.10072e-03,0.01,-0.03
3.10080e-03,0.03,0.05
3.10088e-03,0.01,-0.03
3.10096e-03,0.03,0.05
3.10104e-03,0.03,-0.03
3.10112e-03,0.01,0.05
3.10120e-03,0.03,-0.03
3.10128e-03,0.03,0.05
3.10136e-03,0.03,-0.03
3.10144e-03,0.01,0.05
3.10152e-03,0.05,-0.01
3.10160e-03,0.03,0.05
3.10168e-03,0.03,-0.01
3.10176e-03,0.01,0.05
3.10184e-03,0.03,-0.01
3.10192e-03,0.01,0.05
3.10200e-03,0.03,-0.03
3.10208e-03,0.03,0.05
3.10216e-03,0.01,-0.01
3.10224e-03,0.03,0.05
3.10232e-03,0.01,-0.01
3.10240e-03,0.05,0.05
3.10248e-03,0.01,-0.01
3.10256e-03,0.03,0.05
3.10264e-03,0.01,-0.03
3.10272e-03,0.03,0.05
3.10280e-03,0.05,-0.03
3.10288e-03,0.03,0.05
3.10296e-03,0.03,-0.01
3.10304e-03,0.03,0.05
3.10312e-03,0.03,-0.01
3.10320e-03,0.03,0.05
3.10328e-03,0.03,-0.01
3.10336e-03,0.03,0.05
3.10344e-03,0.03,-0.01
3.10352e-03,0.03,0.05
3.10360e-03,0.01,-0.01
3.10368e-03,0.05,0.05
3.10376e-03,0.03,-0.03
3.10384e-03,0.03,0.05
3.10392e-03,0.03,-0.03
3.10400e-03,0.03,0.05
3.10408e-03,0.03,-0.03
3.10416e-03,0.01,0.05
3.10424e-03,0.03,-0.03
3.10432e-03,0.01,0.05
3.10440e-03,0.05,-0.03
3.10448e-03,0.01,0.05
3.10456e-03,0.03,-0.03
3.10464e-03,0.03,0.05
3.10472e-03,0.03,-0.03
3.10480e-03,0.05,0.05
3.10488e-03,0.01,-0.03
3.10496e-03,0.03,0.05
3.10504e-03,0.03,-0.01
3.10512e-03,0.03,0.05
3.10520e-03,0.01,-0.03
3.10528e-03,0.03,0.05
3.10536e-03,0.03,-0.01
3.10544e-03,0.01,0.05
3.10552e-03,0.03,-0.03
3.10560e-03,0.01,0.05
3.10568e-03,0.03,-0.03
3.10576e-03,0.03,0.05
3.10584e-03,0.03,-0.03
3.10592e-03,0.03,0.03
3.10600e-03,0.03,-0.03
3.10608e-03,0.03,0.05
3.10616e-03,0.03,-0.01
3.10624e-03,0.03,0.05
3.10632e-03,0.01,-0.01
3.10640e-03,0.03,0.07
3.10648e-03,0.01,-0.03
3.10656e-03,0.03,0.05
3.10664e-03,0.03,-0.01
3.10672e-03,0.01,0.05
3.10680e-03,0.03,-0.01
3.10688e-03,0.03,0.05
3.10696e-03,0.03,-0.03
3.10704e-03,0.01,0.05
3.10712e-03,0.05,-0.03
3.10720e-03,0.03,0.05
3.10728e-03,0.03,-0.01
3.10736e-03,0.05,0.05
3.10744e-03,0.05,-0.01
3.10752e-03,0.03,0.05
3.10760e-03,0.03,-0.03
3.10768e-03,0.01,0.07
3.10776e-03,0.01,-0.03
3.10784e-03,0.05,0.07
3.10792e-03,0.03,-0.03
3.10800e-03,0.03,0.05
3.10808e-03,0.03,-0.01
3.10816e-03,0.03,0.05
3.10824e-03,0.03,-0.03
3.10832e-03,0.03,0.05
3.10840e-03,0.03,-0.03
3.10848e-03,0.03,0.05
3.10856e-03,0.03,-0.03
3.10864e-03,0.03,0.05
3.10872e-03,0.03,-0.01
3.10880e-03,0.05,0.05
3.10888e-03,0.03,-0.01
3.10896e-03,0.03,0.05
3.10904e-03,0.03,-0.01
3.10912e-03,0.03,0.05
3.10920e-03,0.03,-0.03
3.10928e-03,0.03,0.05
3.10936e-03,0.03,-0.01
3.10944e-03,0.01,0.05
3.10952e-03,0.03,-0.01
3.10960e-03,0.03,0.05
3.10968e-03,0.03,-0.01
3.10976e-03,0.03,0.05
3.10984e-03,0.03,-0.01
3.10992e-03,0.01,0.05
3.11000e-03,0.03,-0.01
3.11008e-03,0.03,0.05
3.11016e-03,0.03,-0.03
3.11024e-03,0.05,0.05
3.11032e-03,0.03,-0.01
3.11040e-03,0.03,0.05
3.11048e-03,0.03,-0.03
3.11056e-03,0.03,0.05
3.11064e-03,0.05,-0.01
3.11072e-03,0.01,0.05
3.11080e-03,0.05,-0.01
3.11088e-03,0.03,0.05
3.11096e-03,0.03,-0.01
3.11104e-03,0.03,0.05
3.11112e-03,0.05,-0.01
3.11120e-03,0.01,0.07
3.11128e-03,0.03,-0.03
3.11136e-03,0.01,0.07
3.11144e-03,0.03,-0.01
3.11152e-03,0.05,0.07
3.11160e-03,0.03,-0.01
3.11168e-03,0.05,0.05
3.11176e-03,0.01,-0.01
3.11184e-03,0.03,0.05
3.11192e-03,0.03,-0.03
3.11200e-03,0.03,0.05
3.11208e-03,0.03,-0.01
3.11216e-03,0.03,0.05
3.11224e-03,0.03,-0.01
3.11232e-03,0.01,0.05
3.11240e-03,0.03,-0.01
3.11248e-03,0.01,0.05
3.11256e-03,0.03,-0.03
3.11264e-03,0.03,0.05
3.11272e-03,0.03,-0.03
3.11280e-03,0.03,0.07
3.11288e-03,0.01,-0.03
3.11296e-03,0.07,0.05
3.11304e-03,0.01,-0.03
3.11312e-03,0.03,0.07
3.11320e-03,0.01,-0.03
3.11328e-03,0.03,0.07
3.11336e-03,0.01,-0.03
3.11344e-03,0.01,0.05
3.11352e-03,0.03,-0.01
3.11360e-03,0.01,0.05
3.11368e-03,0.03,-0.03
3.11376e-03,0.01,0.05
3.11384e-03,0.05,-0.03
3.11392e-03,0.01,0.05
3.11400e-03,0.03,-0.03
3.11408e-03,0.03,0.05
3.11416e-03,0.03,-0.01
3.11424e-03,0.03,0.05
3.11432e-03,0.01,-0.01
3.11440e-03,0.01,0.05
3.11448e-03,0.03,-0.01
3.11456e-03,0.01,0.05
3.11464e-03,0.03,-0.03
3.11472e-03,0.03,0.05
3.11480e-03,0.03,-0.01
3.11488e-03,0.03,0.05
3.11496e-03,0.03,-0.01
3.11504e-03,0.03,0.05
3.11512e-03,0.05,-0.03
3.11520e-03,0.03,0.05
3.11528e-03,0.03,-0.01
3.11536e-03,0.03,0.05
3.11544e-03,0.01,-0.01
3.11552e-03,0.05,0.07
3.11560e-03,0.01,-0.01
3.11568e-03,0.03,0.05
3.11576e-03,0.03,-0.01
3.11584e-03,0.03,0.05
3.11592e-03,0.01,-0.01
3.11600e-03,0.03,0.07
3.11608e-03,0.03,-0.01
3.11616e-03,0.03,0.05
3.11624e-03,0.03,-0.03
3.11632e-03,0.01,0.05
3.11640e-03,0.03,-0.03
3.11648e-03,0.01,0.05
3.11656e-03,0.05,-0.03
3.11664e-03,0.05,0.05
3.11672e-03,0.01,-0.03
3.11680e-03,0.03,0.05
3.11688e-03,0.01,-0.03
3.11696e-03,0.05,0.07
3.11704e-03,0.03,-0.03
3.11712e-03,0.03,0.07
3.11720e-03,0.03,-0.01
3.11728e-03,0.03,0.07
3.11736e-03,0.03,-0.03
3.11744e-03,0.03,0.05
3.11752e-03,0.03,-0.03
3.11760e-03,0.03,0.07
3.11768e-03,0.03,-0.01
3.11776e-03,0.01,0.05
3.11784e-03,0.03,-0.01
3.11792e-03,0.03,0.05
3.11800e-03,0.03,-0.01
3.11808e-03,0.05,0.05
3.11816e-03,0.03,-0.03
3.11824e-03,0.05,0.05
3.11832e-03,0.01,-0.01
3.11840e-03,0.03,0.05
3.11848e-03,0.01,-0.03
3.11856e-03,0.03,0.05
3.11864e-03,0.03,-0.01
3.11872e-03,0.03,0.05
3.11880e-03,0.03,-0.01
3.11888e-03,0.03,0.05
3.11896e-03,0.03,-0.01
3.11904e-03,0.01,0.05
3.11912e-03,0.03,-0.03
3.11920e-03,0.03,0.05
3.11928e-03,0.03,-0.01
3.11936e-03,0.03,0.05
3.11944e-03,0.03,-0.03
3.11952e-03,0.05,0.05
3.11960e-03,0.03,-0.01
3.11968e-03,0.03,0.05
3.11976e-03,0.03,-0.01
3.11984e-03,0.03,0.05
3.11992e-03,0.03,-0.01
3.12000e-03,0.03,0.05
3.12008e-03,0.05,-0.01
3.12016e-03,0.03,0.05
3.12024e-03,0.03,-0.01
3.12032e-03,-0.01,0.07
3.12040e-03,0.03,-0.03
3.12048e-03,0.03,0.05
3.12056e-03,0.03,-0.03
3.12064e-03,0.03,0.05
3.12072e-03,0.03,-0.01
3.12080e-03,0.05,0.05
3.12088e-03,0.03,-0.03
3.12096e-03,0.03,0.05
3.12104e-03,0.03,-0.01
3.12112e-03,0.05,0.05
3.12120e-03,0.01,-0.01
3.12128e-03,0.03,0.05
3.12136e-03,0.03,-0.03
3.12144e-03,0.03,0.05
3.12152e-03,0.03,-0.03
3.12160e-03,0.01,0.07
3.12168e-03,0.03,-0.01
3.12176e-03,0.03,0.05
3.12184e-03,0.03,-0.01
3.12192e-03,0.03,0.05
3.12200e-03,0.01,-0.01
3.12208e-03,0.03,0.05
3.12216e-03,0.01,-0.01
3.12224e-03,0.03,0.05
3.12232e-03,0.03,-0.03
3.12240e-03,0.03,0.05
3.12248e-03,0.01,-0.01
3.12256e-03,0.03,0.05
3.12264e-03,0.03,-0.03
3.12272e-03,0.01,0.05
3.12280e-03,0.03,-0.03
3.12288e-03,0.01,0.05
3.12296e-03,0.03,-0.03
3.12304e-03,0.03,0.05
3.12312e-03,0.03,-0.03
3.12320e-03,0.05,0.05
3.12328e-03,0.03,-0.01
3.12336e-03,0.03,0.05
3.12344e-03,0.03,-0.01
3.12352e-03,0.03,0.05
3.12360e-03,0.03,-0.01
3.12368e-03,0.03,0.05
3.12376e-03,0.03,-0.01
3.12384e-03,0.03,0.05
3.12392e-03,0.01,-0.01
3.12400e-03,0.03,0.05
3.12408e-03,0.03,-0.03
3.12416e-03,0.01,0.05
3.12424e-03,0.03,-0.01
3.12432e-03,0.01,0.05
3.12440e-03,0.01,-0.03
3.12448e-03,0.03,0.05
3.12456e-03,0.03,-0.01
3.12464e-03,0.03,0.05
3.12472e-03,0.05,-0.03
3.12480e-03,0.03,0.05
3.12488e-03,0.03,-0.03
3.12496e-03,0.03,0.05
3.12504e-03,0.03,-0.01
3.12512e-03,0.03,0.05
3.12520e-03,0.03,-0.01
3.12528e-03,-0.01,0.05
3.12536e-03,0.01,-0.03
3.12544e-03,0.03,0.07
3.12552e-03,0.05,-0.03
3.12560e-03,0.03,0.05
3.12568e-03,0.03,-0.03
3.12576e-03,0.03,0.07
3.12584e-03,0.01,-0.03
3.12592e-03,0.03,0.07
3.12600e-03,0.03,-0.03
3.12608e-03,0.03,0.05
3.12616e-03,0.03,-0.01
3.12624e-03,0.05,0.05
3.12632e-03,0.01,-0.01
3.12640e-03,0.01,0.05
3.12648e-03,0.01,-0.03
3.12656e-03,0.03,0.05
3.12664e-03,0.03,-0.03
3.12672e-03,0.01,0.05
3.12680e-03,0.03,-0.03
3.12688e-03,-0.01,0.05
3.12696e-03,0.03,-0.01
3.12704e-03,0.03,0.07
3.12712e-03,0.03,-0.03
3.12720e-03,0.01,0.05
3.12728e-03,0.03,-0.01
3.12736e-03,0.03,0.05
3.12744e-03,0.01,-0.01
3.12752e-03,0.03,0.05
3.12760e-03,0.01,-0.01
3.12768e-03,0.05,0.05
3.12776e-03,0.03,-0.01
3.12784e-03,0.03,0.05
3.12792e-03,0.03,-0.01
3.12800e-03,0.03,0.07
3.12808e-03,0.03,-0.01
3.12816e-03,0.01,0.05
3.12824e-03,0.05,-0.03
3.12832e-03,0.03,0.07
3.12840e-03,0.03,-0.01
3.12848e-03,0.03,0.05
3.12856e-03,0.03,-0.01
3.12864e-03,0.03,0.05
3.12872e-03,0.03,-0.01
3.12880e-03,0.03,0.05
3.12888e-03,0.01,-0.01
3.12896e-03,0.03,0.05
3.12904e-03,0.03,-0.01
3.12912e-03,0.05,0.05
3.12920e-03,0.05,-0.01
3.12928e-03,0.03,0.05
3.12936e-03,0.03,-0.01
3.12944e-03,0.03,0.05
3.12952e-03,0.03,-0.01
3.12960e-03,0.03,0.05
3.12968e-03,0.05,-0.01
3.12976e-03,0.01,0.05
3.12984e-03,0.03,-0.01
3.12992e-03,0.03,0.05
3.13000e-03,0.03,-0.01
3.13008e-03,0.03,0.05
3.13016e-03,0.03,-0.03
3.13024e-03,0.03,0.05
3.13032e-03,0.01,-0.01
3.13040e-03,0.03,0.05
3.13048e-03,0.03,-0.01
3.13056e-03,0.05,0.05
3.13064e-03,0.03,-0.01
3.13072e-03,0.01,0.07
3.13080e-03,0.03,-0.01
3.13088e-03,0.03,0.05
3.13096e-03,0.03,-0.01
3.13104e-03,0.03,0.05
3.13112e-03,0.03,-0.01
3.13120e-03,0.01,0.05
3.13128e-03,0.03,-0.01
3.13136e-03,0.03,0.05
3.13144e-03,0.03,-0.01
3.13152e-03,0.07,0.05
3.13160e-03,-0.01,-0.01
3.13168e-03,0.05,0.07
3.13176e-03,0.01,-0.03
3.13184e-03,0.03,0.07
3.13192e-03,0.03,-0.01
3.13200e-03,0.03,0.05
3.13208e-03,0.05,-0.01
3.13216e-03,0.01,0.05
3.13224e-03,0.05,-0.03
3.13232e-03,0.01,0.07
3.13240e-03,0.03,-0.03
3.13248e-03,0.03,0.05
3.13256e-03,0.01,-0.03
3.13264e-03,0.05,0.07
3.13272e-03,0.03,-0.01
3.13280e-03,0.03,0.05
3.13288e-03,0.01,-0.01
3.13296e-03,0.03,0.05
3.13304e-03,0.03,-0.01
3.13312e-03,0.03,0.05
3.13320e-03,0.01,-0.01
3.13328e-03,0.01,0.05
3.13336e-03,0.03,-0.01
3.13344e-03,0.03,0.05
3.13352e-03,0.03,-0.01
3.13360e-03,0.03,0.05
3.13368e-03,0.05,-0.01
3.13376e-03,0.03,0.05
3.13384e-03,0.03,-0.01
3.13392e-03,0.03,0.05
3.13400e-03,0.03,-0.03
3.13408e-03,0.03,0.05
3.13416e-03,0.03,-0.01
3.13424e-03,0.05,0.05
3.13432e-03,0.03,-0.01
3.13440e-03,0.05,0.05
3.13448e-03,0.03,-0.01
3.13456e-03,0.05,0.05
3.13464e-03,0.07,-0.03
3.13472e-03,0.05,0.07
3.13480e-03,0.03,-0.03
3.13488e-03,0.01,0.07
3.13496e-03,0.03,-0.03
3.13504e-03,0.01,0.07
3.13512e-03,0.03,-0.01
3.13520e-03,0.03,0.05
3.13528e-03,0.03,-0.01
3.13536e-03,0.03,0.05
3.13544e-03,0.01,-0.03
3.13552e-03,0.03,0.05
3.13560e-03,0.03,-0.01
3.13568e-03,0.03,0.05
3.13576e-03,0.03,-0.01
3.13584e-03,0.03,0.05
3.13592e-03,0.03,-0.03
3.13600e-03,0.03,0.05
3.13608e-03,0.03,-0.01
3.13616e-03,0.03,0.05
3.13624e-03,0.03,-0.01
3.13632e-03,0.03,0.07
3.13640e-03,0.03,-0.01
3.13648e-03,0.03,0.05
3.13656e-03,0.03,-0.01
3.13664e-03,0.03,0.05
3.13672e-03,0.03,-0.03
3.13680e-03,0.03,0.05
3.13688e-03,0.03,-0.03
3.13696e-03,0.03,0.07
3.13704e-03,0.03,-0.03
3.13712e-03,0.03,0.05
3.13720e-03,0.03,-0.01
3.13728e-03,0.03,0.05
3.13736e-03,0.03,-0.01
3.13744e-03,0.03,0.05
3.13752e-03,0.03,-0.01
3.13760e-03,0.01,0.05
3.13768e-03,0.03,-0.01
3.13776e-03,0.01,0.05
3.13784e-03,0.03,-0.01
3.13792e-03,0.03,0.05
3.13800e-03,0.03,-0.01
3.13808e-03,0.03,0.05
3.13816e-03,0.01,-0.01
3.13824e-03,0.05,0.05
3.13832e-03,0.01,-0.01
3.13840e-03,0.03,0.05
3.13848e-03,0.01,-0.01
3.13856e-03,0.03,0.05
3.13864e-03,0.03,-0.01
3.13872e-03,0.03,0.05
3.13880e-03,0.03,-0.01
3.13888e-03,0.03,0.05
3.13896e-03,0.03,-0.03
3.13904e-03,0.01,0.05
3.13912e-03,0.03,-0.01
3.13920e-03,0.03,0.05
3.13928e-03,0.03,-0.01
3.13936e-03,0.03,0.05
3.13944e-03,0.01,-0.01
3.13952e-03,0.03,0.05
3.13960e-03,0.03,-0.01
3.13968e-03,0.03,0.05
3.13976e-03,0.03,-0.01
3.13984e-03,0.03,0.05
3.13992e-03,0.03,-0.01
3.14000e-03,0.01,0.05
3.14008e-03,0.03,-0.01
3.14016e-03,0.01,0.05
3.14024e-03,0.05,-0.01
3.14032e-03,-0.01,0.05
3.14040e-03,0.03,-0.03
3.14048e-03,0.03,0.05
3.14056e-03,0.03,-0.01
3.14064e-03,0.03,0.07
3.14072e-03,0.01,-0.03
3.14080e-03,0.03,0.05
3.14088e-03,0.03,-0.03
3.14096e-03,0.03,0.05
3.14104e-03,0.01,-0.01
3.14112e-03,0.03,0.05
3.14120e-03,0.03,-0.03
3.14128e-03,0.01,0.05
3.14136e-03,0.03,-0.03
3.14144e-03,0.03,0.05
3.14152e-03,0.03,-0.03
3.14160e-03,0.01,0.05
3.14168e-03,0.03,-0.03
3.14176e-03,0.01,0.05
3.14184e-03,0.03,-0.03
3.14192e-03,0.03,0.05
3.14200e-03,0.01,-0.03
3.14208e-03,0.03,0.05
3.14216e-03,0.03,-0.03
3.14224e-03,0.03,0.05
3.14232e-03,0.01,-0.03
3.14240e-03,0.03,0.05
3.14248e-03,0.03,-0.03
3.14256e-03,0.03,0.05
3.14264e-03,0.03,-0.01
3.14272e-03,0.03,0.05
3.14280e-03,0.05,-0.01
3.14288e-03,0.03,0.05
3.14296e-03,0.03,-0.03
3.14304e-03,0.01,0.05
3.14312e-03,0.05,-0.03
3.14320e-03,0.03,0.07
3.14328e-03,0.01,-0.05
3.14336e-03,0.01,0.07
3.14344e-03,0.01,-0.03
3.14352e-03,0.03,0.07
3.14360e-03,0.01,-0.03
3.14368e-03,0.03,0.05
3.14376e-03,0.03,-0.01
3.14384e-03,0.03,0.05
3.14392e-03,0.03,-0.01
3.14400e-03,0.03,0.05
3.14408e-03,0.05,-0.03
3.14416e-03,0.01,0.05
3.14424e-03,0.05,-0.03
3.14432e-03,0.01,0.05
3.14440e-03,0.03,-0.03
3.14448e-03,0.03,0.05
3.14456e-03,0.03,-0.01
3.14464e-03,0.01,0.05
3.14472e-03,0.01,-0.03
3.14480e-03,0.03,0.05
3.14488e-03,0.01,-0.03
3.14496e-03,0.03,0.05
3.14504e-03,0.03,-0.03
3.14512e-03,0.03,0.05
3.14520e-03,0.03,-0.03
3.14528e-03,0.03,0.05
3.14536e-03,0.03,-0.01
3.14544e-03,0.01,0.05
3.14552e-03,0.05,-0.03
3.14560e-03,0.01,0.05
3.14568e-03,0.03,-0.03
3.14576e-03,0.01,0.05
3.14584e-03,0.03,-0.03
3.14592e-03,0.03,0.05
3.14600e-03,0.03,-0.03
3.14608e-03,0.03,0.05
3.14616e-03,0.01,-0.03
3.14624e-03,0.03,0.07
3.14632e-03,0.01,-0.03
3.14640e-03,0.03,0.05
3.14648e-03,0.01,-0.03
3.14656e-03,0.03,0.05
3.14664e-03,0.01,-0.01
3.14672e-03,0.03,0.05
3.14680e-03,0.03,-0.03
3.14688e-03,0.03,0.03
3.14696e-03,0.03,-0.01
3.14704e-03,0.03,0.05
3.14712e-03,0.03,-0.01
3.14720e-03,0.03,0.05
3.14728e-03,0.03,-0.01
3.14736e-03,0.03,0.05
3.14744e-03,0.01,-0.01
3.14752e-03,0.03,0.05
3.14760e-03,0.03,-0.03
3.14768e-03,0.03,0.05
3.14776e-03,0.01,-0.01
3.14784e-03,0.03,0.05
3.14792e-03,0.03,-0.01
3.14800e-03,0.03,0.05
3.14808e-03,0.05,-0.01
3.14816e-03,0.03,0.05
3.14824e-03,0.03,-0.01
3.14832e-03,0.03,0.05
3.14840e-03,0.03,-0.01
3.14848e-03,0.03,0.05
3.14856e-03,0.03,-0.03
3.14864e-03,0.03,0.05
3.14872e-03,0.03,-0.03
3.14880e-03,0.03,0.05
3.14888e-03,0.03,-0.01
3.14896e-03,0.05,0.05
3.14904e-03,0.03,-0.01
3.14912e-03,0.05,0.05
3.14920e-03,0.01,-0.01
3.14928e-03,0.03,0.05
3.14936e-03,0.05,-0.01
3.14944e-03,0.01,0.05
3.14952e-03,0.03,-0.01
3.14960e-03,0.01,0.05
3.14968e-03,0.03,-0.01
3.14976e-03,0.03,0.05
3.14984e-03,0.03,-0.01
3.14992e-03,0.03,0.05
3.15000e-03,0.01,-0.01
3.15008e-03,0.03,0.05
3.15016e-03,0.03,-0.01
3.15024e-03,0.05,0.05
3.15032e-03,0.01,-0.03
3.15040e-03,0.03,0.05
3.15048e-03,0.03,-0.03
3.15056e-03,0.03,0.05
3.15064e-03,0.03,-0.01
3.15072e-03,0.03,0.05
3.15080e-03,0.05,-0.03
3.15088e-03,0.03,0.05
3.15096e-03,0.05,-0.01
3.15104e-03,0.03,0.07
3.15112e-03,0.01,-0.03
3.15120e-03,0.03,0.07
3.15128e-03,0.03,-0.03
3.15136e-03,0.03,0.05
3.15144e-03,0.03,-0.03
3.15152e-03,0.05,0.05
3.15160e-03,0.01,-0.03
3.15168e-03,0.03,0.05
3.15176e-03,0.01,-0.01
3.15184e-03,0.03,0.07
3.15192e-03,0.03,-0.03
3.15200e-03,0.03,0.05
3.15208e-03,0.03,-0.03
3.15216e-03,0.03,0.05
3.15224e-03,0.03,-0.01
3.15232e-03,0.01,0.05
3.15240e-03,0.01,-0.03
3.15248e-03,-0.01,0.05
3.15256e-03,-0.01,-0.05
3.15264e-03,0.03,0.05
3.15272e-03,0.05,-0.03
3.15280e-03,0.03,0.05
3.15288e-03,0.03,-0.03
3.15296e-03,0.03,0.07
3.15304e-03,0.01,-0.03
3.15312e-03,0.03,0.05
3.15320e-03,0.01,-0.03
3.15328e-03,0.03,0.05
3.15336e-03,0.03,-0.03
3.15344e-03,0.01,0.05
3.15352e-03,0.03,-0.01
3.15360e-03,0.01,0.05
3.15368e-03,0.03,-0.03
3.15376e-03,0.03,0.05
3.15384e-03,0.05,-0.03
3.15392e-03,0.03,0.05
3.15400e-03,0.03,-0.03
3.15408e-03,0.03,0.05
3.15416e-03,0.03,-0.03
3.15424e-03,0.03,0.05
3.15432e-03,0.01,-0.01
3.15440e-03,0.03,0.03
3.15448e-03,0.03,-0.01
3.15456e-03,0.03,0.05
3.15464e-03,0.03,-0.01
3.15472e-03,-0.01,0.05
3.15480e-03,0.03,-0.03
3.15488e-03,0.03,0.05
3.15496e-03,0.03,-0.03
3.15504e-03,0.01,0.05
3.15512e-03,0.05,-0.03
3.15520e-03,0.01,0.05
3.15528e-03,0.03,-0.01
3.15536e-03,0.03,0.05
3.15544e-03,0.01,-0.01
3.15552e-03,0.03,0.05
3.15560e-03,0.01,-0.03
3.15568e-03,0.03,0.05
3.15576e-03,0.01,-0.01
3.15584e-03,0.03,0.05
3.15592e-03,0.01,-0.03
3.15600e-03,0.03,0.05
3.15608e-03,0.05,-0.03
3.15616e-03,0.03,0.07
3.15624e-03,0.05,-0.03
3.15632e-03,0.03,0.05
3.15640e-03,0.03,-0.03
3.15648e-03,0.01,0.05
3.15656e-03,0.05,-0.01
3.15664e-03,0.03,0.05
3.15672e-03,0.03,-0.03
3.15680e-03,0.03,0.05
3.15688e-03,0.03,-0.01
3.15696e-03,0.03,0.05
3.15704e-03,0.01,-0.03
3.15712e-03,0.03,0.05
3.15720e-03,0.03,-0.01
3.15728e-03,0.03,0.03
3.15736e-03,0.03,-0.01
3.15744e-03,0.03,0.05
3.15752e-03,0.03,-0.01
3.15760e-03,0.01,0.05
3.15768e-03,0.03,-0.01
3.15776e-03,0.03,0.05
3.15784e-03,0.03,-0.03
3.15792e-03,0.03,0.05
3.15800e-03,0.03,-0.01
3.15808e-03,0.05,0.05
3.15816e-03,0.01,-0.03
3.15824e-03,0.03,0.05
3.15832e-03,0.03,-0.03
3.15840e-03,0.03,0.05
3.15848e-03,0.01,-0.01
3.15856e-03,0.01,0.05
3.15864e-03,0.03,-0.01
3.15872e-03,0.03,0.05
3.15880e-03,0.03,-0.01
3.15888e-03,0.01,0.05
3.15896e-03,0.01,-0.03
3.15904e-03,0.03,0.05
3.15912e-03,0.03,-0.03
3.15920e-03,0.01,0.05
3.15928e-03,0.03,-0.01
3.15936e-03,0.05,0.05
3.15944e-03,0.01,-0.03
3.15952e-03,0.03,0.05
3.15960e-03,0.03,-0.01
3.15968e-03,0.03,0.05
3.15976e-03,0.03,-0.01
3.15984e-03,0.03,0.05
3.15992e-03,0.03,-0.03
3.16000e-03,0.03,0.05
3.16008e-03,0.05,-0.01
3.16016e-03,0.03,0.05
3.16024e-03,0.05,-0.03
3.16032e-03,0.03,0.05
3.16040e-03,0.03,-0.03
3.16048e-03,0.05,0.05
3.16056e-03,0.03,-0.03
3.16064e-03,0.05,0.07
3.16072e-03,0.03,-0.01
3.16080e-03,0.03,0.05
3.16088e-03,0.01,-0.03
3.16096e-03,0.01,0.05
3.16104e-03,0.03,-0.03
3.16112e-03,0.05,0.05
3.16120e-03,0.03,-0.03
3.16128e-03,0.03,0.07
3.16136e-03,0.01,-0.03
3.16144e-03,0.01,0.07
3.16152e-03,0.03,-0.03
3.16160e-03,0.01,0.05
3.16168e-03,0.03,-0.03
3.16176e-03,0.03,0.05
3.16184e-03,0.03,-0.03
3.16192e-03,0.03,0.05
3.16200e-03,0.03,-0.03
3.16208e-03,0.03,0.05
3.16216e-03,0.03,-0.01
3.16224e-03,0.03,0.05
3.16232e-03,0.03,-0.03
3.16240e-03,0.03,0.05
3.16248e-03,0.03,-0.01
3.16256e-03,0.03,0.05
3.16264e-03,0.03,-0.01
3.16272e-03,0.05,0.05
3.16280e-03,0.03,-0.01
3.16288e-03,0.01,0.05
3.16296e-03,0.05,-0.01
3.16304e-03,0.03,0.05
3.16312e-03,0.03,-0.03
3.16320e-03,0.03,0.05
3.16328e-03,0.03,-0.01
3.16336e-03,0.03,0.05
3.16344e-03,0.03,-0.01
3.16352e-03,0.03,0.05
3.16360e-03,0.01,-0.01
3.16368e-03,0.03,0.05
3.16376e-03,0.01,-0.01
3.16384e-03,0.03,0.05
3.16392e-03,0.05,-0.01
3.16400e-03,0.01,0.05
3.16408e-03,0.03,-0.01
3.16416e-03,0.01,0.05
3.16424e-03,0.05,-0.03
3.16432e-03,0.01,0.05
3.16440e-03,0.03,-0.03
3.16448e-03,0.01,0.05
3.16456e-03,0.03,-0.01
3.16464e-03,0.03,0.05
3.16472e-03,0.01,-0.01
3.16480e-03,0.03,0.05
3.16488e-03,0.03,-0.01
3.16496e-03,0.03,0.05
3.16504e-03,0.03,-0.01
3.16512e-03,0.03,0.05
3.16520e-03,0.01,-0.01
3.16528e-03,0.01,0.05
3.16536e-03,0.03,-0.03
3.16544e-03,0.03,0.05
3.16552e-03,0.03,-0.03
3.16560e-03,0.01,0.05
3.16568e-03,0.03,-0.03
3.16576e-03,0.03,0.05
3.16584e-03,0.03,-0.01
3.16592e-03,0.05,0.05
3.16600e-03,0.01,-0.01
3.16608e-03,0.03,0.05
3.16616e-03,0.03,-0.01
3.16624e-03,0.03,0.05
3.16632e-03,0.01,-0.01
3.16640e-03,0.03,0.05
3.16648e-03,0.01,-0.01
3.16656e-03,0.03,0.05
3.16664e-03,0.03,-0.03
3.16672e-03,0.03,0.05
3.16680e-03,0.03,-0.01
3.16688e-03,0.01,0.05
3.16696e-03,0.05,-0.01
3.16704e-03,0.01,0.05
3.16712e-03,0.03,-0.03
3.16720e-03,0.03,0.05
3.16728e-03,0.03,-0.01
3.16736e-03,0.03,0.05
3.16744e-03,0.03,-0.01
3.16752e-03,0.03,0.05
3.16760e-03,0.01,-0.01
3.16768e-03,0.03,0.05
3.16776e-03,0.03,-0.01
3.16784e-03,0.03,0.05
3.16792e-03,0.03,-0.01
3.16800e-03,0.03,0.05
3.16808e-03,0.03,-0.01
3.16816e-03,0.03,0.05
3.16824e-03,0.03,-0.01
3.16832e-03,0.03,0.05
3.16840e-03,0.03,-0.01
3.16848e-03,0.01,0.05
3.16856e-03,0.03,-0.03
3.16864e-03,0.03,0.05
3.16872e-03,0.01,-0.01
3.16880e-03,0.03,0.05
3.16888e-03,0.03,-0.01
3.16896e-03,0.05,0.05
3.16904e-03,0.01,-0.03
3.16912e-03,0.03,0.05
3.16920e-03,0.03,-0.03
3.16928e-03,0.03,0.05
3.16936e-03,0.03,-0.01
3.16944e-03,0.03,0.05
3.16952e-03,0.03,-0.03
3.16960e-03,0.03,0.05
3.16968e-03,0.03,-0.03
3.16976e-03,0.03,0.05
3.16984e-03,0.01,-0.03
3.16992e-03,0.03,0.05
3.17000e-03,0.03,-0.03
3.17008e-03,0.05,0.07
3.17016e-03,0.03,-0.03
3.17024e-03,0.03,0.07
3.17032e-03,0.03,-0.03
3.17040e-03,0.03,0.05
3.17048e-03,0.03,-0.03
3.17056e-03,0.01,0.07
3.17064e-03,0.03,-0.03
3.17072e-03,0.03,0.07
3.17080e-03,0.03,-0.03
3.17088e-03,0.03,0.05
3.17096e-03,0.03,-0.01
3.17104e-03,0.03,0.05
3.17112e-03,0.03,-0.01
3.17120e-03,0.03,0.05
3.17128e-03,0.03,-0.01
3.17136e-03,0.03,0.05
3.17144e-03,0.03,-0.01
3.17152e-03,0.03,0.05
3.17160e-03,0.01,-0.01
3.17168e-03,0.03,0.05
3.17176e-03,0.01,-0.03
3.17184e-03,0.03,0.05
3.17192e-03,0.05,-0.03
3.17200e-03,0.03,0.05
3.17208e-03,0.03,-0.03
3.17216e-03,0.01,0.05
3.17224e-03,0.03,-0.01
3.17232e-03,0.03,0.05
3.17240e-03,0.03,-0.01
3.17248e-03,0.03,0.05
3.17256e-03,0.03,-0.01
3.17264e-03,0.03,0.05
3.17272e-03,0.03,-0.03
3.17280e-03,0.03,0.05
3.17288e-03,0.03,-0.03
3.17296e-03,0.03,0.05
3.17304e-03,0.03,-0.03
3.17312e-03,0.03,0.05
3.17320e-03,0.03,-0.03
3.17328e-03,0.03,0.05
3.17336e-03,0.03,-0.03
3.17344e-03,0.03,0.05
3.17352e-03,0.03,-0.01
3.17360e-03,0.01,0.05
3.17368e-03,0.03,-0.01
3.17376e-03,0.03,0.05
3.17384e-03,0.03,-0.03
3.17392e-03,0.03,0.05
3.17400e-03,0.03,-0.03
3.17408e-03,0.05,0.05
3.17416e-03,0.01,-0.03
3.17424e-03,0.03,0.05
3.17432e-03,0.01,-0.03
3.17440e-03,0.03,0.05
3.17448e-03,0.01,-0.01
3.17456e-03,0.03,0.05
3.17464e-03,0.03,-0.03
3.17472e-03,0.01,0.05
3.17480e-03,0.03,-0.01
3.17488e-03,0.03,0.05
3.17496e-03,0.05,-0.03
3.17504e-03,0.01,0.05
3.17512e-03,0.05,-0.01
3.17520e-03,0.03,0.05
3.17528e-03,0.03,-0.03
3.17536e-03,0.03,0.07
3.17544e-03,0.01,-0.03
3.17552e-03,0.05,0.05
3.17560e-03,0.01,-0.01
3.17568e-03,0.03,0.05
3.17576e-03,0.03,-0.01
3.17584e-03,0.03,0.05
3.17592e-03,0.03,-0.03
3.17600e-03,0.03,0.05
3.17608e-03,0.03,-0.01
3.17616e-03,0.01,0.05
3.17624e-03,0.03,-0.01
3.17632e-03,0.01,0.05
3.17640e-03,0.03,-0.01
3.17648e-03,0.03,0.05
3.17656e-03,0.01,-0.01
3.17664e-03,0.03,0.05
3.17672e-03,0.01,-0.03
3.17680e-03,0.05,0.05
3.17688e-03,0.01,-0.03
3.17696e-03,0.03,0.05
3.17704e-03,0.01,-0.03
3.17712e-03,0.03,0.05
3.17720e-03,0.01,-0.03
3.17728e-03,0.01,0.05
3.17736e-03,0.03,-0.03
3.17744e-03,0.03,0.05
3.17752e-03,0.03,-0.03
3.17760e-03,0.01,0.05
3.17768e-03,0.03,-0.03
3.17776e-03,0.01,0.05
3.17784e-03,0.03,-0.01
3.17792e-03,0.03,0.05
3.17800e-03,0.03,-0.01
3.17808e-03,0.05,0.05
3.17816e-03,0.01,-0.01
3.17824e-03,0.03,0.05
3.17832e-03,0.03,-0.03
3.17840e-03,0.03,0.05
3.17848e-03,0.05,-0.01
3.17856e-03,0.01,0.05
3.17864e-03,0.03,-0.01
3.17872e-03,0.03,0.05
3.17880e-03,0.03,-0.03
3.17888e-03,0.03,0.05
3.17896e-03,0.03,-0.03
3.17904e-03,0.03,0.05
3.17912e-03,0.05,-0.03
3.17920e-03,0.03,0.07
3.17928e-03,0.01,-0.05
3.17936e-03,0.03,0.05
3.17944e-03,0.03,-0.03
3.17952e-03,0.03,0.07
3.17960e-03,0.03,-0.03
3.17968e-03,0.03,0.07
3.17976e-03,0.05,-0.03
3.17984e-03,0.01,0.05
3.17992e-03,0.03,-0.03
3.18000e-03,0.01,0.05
3.18008e-03,-0.01,-0.01
3.18016e-03,0.03,0.05
3.18024e-03,0.03,-0.03
3.18032e-03,0.03,0.07
3.18040e-03,0.05,-0.03
3.18048e-03,0.03,0.05
3.18056e-03,0.01,-0.03
3.18064e-03,0.03,0.05
3.18072e-03,0.01,-0.01
3.18080e-03,0.03,0.05
3.18088e-03,0.03,-0.03
3.18096e-03,0.03,0.05
3.18104e-03,0.01,-0.01
3.18112e-03,0.03,0.05
3.18120e-03,0.03,-0.03
3.18128e-03,0.03,0.05
3.18136e-03,0.03,-0.03
3.18144e-03,0.01,0.05
3.18152e-03,0.03,-0.01
3.18160e-03,0.01,0.05
3.18168e-03,0.03,-0.01
3.18176e-03,0.03,0.05
3.18184e-03,0.01,-0.03
3.18192e-03,0.01,0.05
3.18200e-03,0.03,-0.03
3.18208e-03,0.03,0.05
3.18216e-03,0.01,-0.01
3.18224e-03,0.03,0.05
3.18232e-03,0.03,-0.01
3.18240e-03,0.03,0.05
3.18248e-03,0.03,-0.01
3.18256e-03,0.03,0.05
3.18264e-03,0.01,-0.01
3.18272e-03,0.01,0.05
3.18280e-03,0.03,-0.01
3.18288e-03,0.01,0.05
3.18296e-03,0.03,-0.01
3.18304e-03,0.03,0.05
3.18312e-03,0.03,-0.01
3.18320e-03,0.03,0.05
3.18328e-03,0.03,-0.01
3.18336e-03,0.03,0.05
3.18344e-03,0.03,-0.03
3.18352e-03,0.03,0.05
3.18360e-03,0.03,-0.01
3.18368e-03,0.01,0.05
3.18376e-03,0.03,-0.01
3.18384e-03,0.03,0.05
3.18392e-03,0.03,-0.01
3.18400e-03,0.01,0.05
3.18408e-03,0.03,-0.03
3.18416e-03,0.03,0.05
3.18424e-03,0.03,-0.03
3.18432e-03,0.01,0.05
3.18440e-03,0.05,-0.01
3.18448e-03,0.03,0.05
3.18456e-03,0.03,-0.03
3.18464e-03,0.03,0.05
3.18472e-03,0.01,-0.03
3.18480e-03,0.05,0.07
3.18488e-03,0.01,-0.01
3.18496e-03,0.03,0.05
3.18504e-03,-0.01,-0.03
3.18512e-03,0.05,0.05
3.18520e-03,0.03,-0.03
3.18528e-03,0.01,0.05
3.18536e-03,0.03,-0.03
3.18544e-03,0.03,0.05
3.18552e-03,0.03,-0.03
3.18560e-03,0.01,0.05
3.18568e-03,0.03,-0.03
3.18576e-03,0.03,0.05
3.18584e-03,0.03,-0.03
3.18592e-03,0.03,0.05
3.18600e-03,0.03,-0.03
3.18608e-03,0.03,0.05
3.18616e-03,0.03,-0.03
3.18624e-03,0.03,0.05
3.18632e-03,0.03,-0.01
3.18640e-03,0.03,0.05
3.18648e-03,0.01,-0.01
3.18656e-03,0.03,0.05
3.18664e-03,0.05,-0.03
3.18672e-03,0.01,0.05
3.18680e-03,0.05,-0.03
3.18688e-03,0.01,0.05
3.18696e-03,0.05,-0.03
3.18704e-03,0.03,0.07
3.18712e-03,0.03,-0.03
3.18720e-03,0.03,0.05
3.18728e-03,0.03,-0.01
3.18736e-03,0.03,0.05
3.18744e-03,0.01,-0.01
3.18752e-03,0.03,0.05
3.18760e-03,0.01,-0.01
3.18768e-03,0.01,0.05
3.18776e-03,0.03,-0.03
3.18784e-03,0.01,0.05
3.18792e-03,0.03,-0.01
3.18800e-03,0.03,0.05
3.18808e-03,0.03,-0.03
3.18816e-03,0.03,0.05
3.18824e-03,0.05,-0.01
3.18832e-03,0.01,0.07
3.18840e-03,0.03,-0.03
3.18848e-03,0.01,0.05
3.18856e-03,0.01,-0.03
3.18864e-03,0.03,0.07
3.18872e-03,0.03,-0.01
3.18880e-03,0.05,0.07
3.18888e-03,0.03,-0.03
3.18896e-03,0.03,0.05
3.18904e-03,0.01,-0.01
3.18912e-03,0.03,0.05
3.18920e-03,0.03,-0.01
3.18928e-03,0.03,0.05
3.18936e-03,0.03,-0.01
3.18944e-03,0.03,0.05
3.18952e-03,0.03,-0.01
3.18960e-03,0.01,0.05
3.18968e-03,0.03,-0.01
3.18976e-03,0.03,0.05
3.18984e-03,0.03,-0.03
3.18992e-03,0.03,0.05
3.19000e-03,0.01,-0.03
3.19008e-03,0.03,0.05
3.19016e-03,0.03,-0.03
3.19024e-03,0.03,0.05
3.19032e-03,0.03,-0.01
3.19040e-03,0.03,0.05
3.19048e-03,0.01,-0.01
3.19056e-03,0.03,0.05
3.19064e-03,0.03,-0.03
3.19072e-03,0.03,0.05
3.19080e-03,0.03,-0.01
3.19088e-03,0.01,0.05
3.19096e-03,0.01,-0.01
3.19104e-03,0.03,0.05
3.19112e-03,0.03,-0.01
3.19120e-03,0.01,0.05
3.19128e-03,0.03,-0.01
3.19136e-03,0.03,0.05
3.19144e-03,0.03,-0.03
3.19152e-03,0.03,0.05
3.19160e-03,0.03,-0.01
3.19168e-03,0.03,0.05
3.19176e-03,0.01,-0.01
3.19184e-03,0.05,0.05
3.19192e-03,0.03,-0.03
3.19200e-03,0.03,0.05
3.19208e-03,0.03,-0.01
3.19216e-03,0.01,0.05
3.19224e-03,0.03,-0.01
3.19232e-03,0.01,0.05
3.19240e-03,0.03,-0.03
3.19248e-03,0.01,0.05
3.19256e-03,0.01,-0.03
3.19264e-03,0.03,0.05
3.19272e-03,0.01,-0.01
3.19280e-03,0.03,0.05
3.19288e-03,0.01,-0.03
3.19296e-03,0.03,0.05
3.19304e-03,0.03,-0.01
3.19312e-03,0.03,0.05
3.19320e-03,0.01,-0.03
3.19328e-03,0.01,0.05
3.19336e-03,0.03,-0.03
3.19344e-03,0.01,0.03
3.19352e-03,0.03,-0.03
3.19360e-03,-0.01,0.05
3.19368e-03,0.03,-0.03
3.19376e-03,0.01,0.05
3.19384e-03,0.03,-0.03
3.19392e-03,0.03,0.05
3.19400e-03,0.03,-0.01
3.19408e-03,0.03,0.05
3.19416e-03,0.01,-0.01
3.19424e-03,0.03,0.05
3.19432e-03,0.01,-0.01
3.19440e-03,0.03,0.05
3.19448e-03,0.03,-0.03
3.19456e-03,0.01,0.05
3.19464e-03,0.03,-0.01
3.19472e-03,0.03,0.05
3.19480e-03,0.03,-0.01
3.19488e-03,0.01,0.05
3.19496e-03,0.03,-0.01
3.19504e-03,0.01,0.05
3.19512e-03,0.03,-0.03
3.19520e-03,0.03,0.05
3.19528e-03,0.03,-0.03
3.19536e-03,0.03,0.05
3.19544e-03,0.03,-0.01
3.19552e-03,0.03,0.05
3.19560e-03,0.03,-0.01
3.19568e-03,0.03,0.05
3.19576e-03,0.01,-0.01
3.19584e-03,0.01,0.05
3.19592e-03,0.01,-0.03
3.19600e-03,0.03,0.05
3.19608e-03,0.05,-0.01
3.19616e-03,0.01,0.05
3.19624e-03,0.03,-0.01
3.19632e-03,0.01,0.05
3.19640e-03,0.03,-0.01
3.19648e-03,0.01,0.05
3.19656e-03,0.03,-0.03
3.19664e-03,0.03,0.05
3.19672e-03,0.01,-0.03
3.19680e-03,0.03,0.05
3.19688e-03,0.01,-0.01
3.19696e-03,0.05,0.05
3.19704e-03,0.05,-0.03
3.19712e-03,0.03,0.05
3.19720e-03,0.01,-0.05
3.19728e-03,0.01,0.05
3.19736e-03,0.03,-0.03
3.19744e-03,0.01,0.05
3.19752e-03,0.05,-0.03
3.19760e-03,0.01,0.05
3.19768e-03,0.03,-0.03
3.19776e-03,0.03,0.05
3.19784e-03,0.03,-0.01
3.19792e-03,0.03,0.05
3.19800e-03,0.01,-0.03
3.19808e-03,0.03,0.05
3.19816e-03,0.01,-0.01
3.19824e-03,0.03,0.05
3.19832e-03,0.03,-0.03
3.19840e-03,0.05,0.05
3.19848e-03,0.03,-0.03
3.19856e-03,0.03,0.05
3.19864e-03,0.03,-0.01
3.19872e-03,0.03,0.05
3.19880e-03,0.03,-0.03
3.19888e-03,0.01,0.05
3.19896e-03,0.03,-0.01
3.19904e-03,0.01,0.05
3.19912e-03,0.05,-0.01
3.19920e-03,0.03,0.05
3.19928e-03,0.03,-0.05
3.19936e-03,0.03,0.05
3.19944e-03,0.01,-0.03
3.19952e-03,0.03,0.05
3.19960e-03,0.03,-0.03
3.19968e-03,0.03,0.05
3.19976e-03,0.03,-0.03
3.19984e-03,0.03,0.05
3.19992e-03,0.03,-0.03
3.20000e-03,0.03,0.05
3.20008e-03,0.03,-0.03
3.20016e-03,0.03,0.05
3.20024e-03,0.03,-0.03
3.20032e-03,0.01,0.05
3.20040e-03,0.05,-0.03
3.20048e-03,0.01,0.05
3.20056e-03,0.03,-0.01
3.20064e-03,0.03,0.05
3.20072e-03,0.01,-0.01
3.20080e-03,0.05,0.05
3.20088e-03,0.01,-0.01
3.20096e-03,0.03,0.05
3.20104e-03,0.03,-0.01
3.20112e-03,0.05,0.05
3.20120e-03,0.01,-0.01
3.20128e-03,0.03,0.05
3.20136e-03,0.03,-0.01
3.20144e-03,0.03,0.05
3.20152e-03,0.03,-0.03
3.20160e-03,0.01,0.05
3.20168e-03,0.05,-0.03
3.20176e-03,0.03,0.05
3.20184e-03,0.03,-0.01
3.20192e-03,0.03,0.05
3.20200e-03,0.03,-0.01
3.20208e-03,0.01,0.05
3.20216e-03,0.01,-0.03
3.20224e-03,0.05,0.05
3.20232e-03,0.03,-0.03
3.20240e-03,0.03,0.05
3.20248e-03,0.03,-0.03
3.20256e-03,0.03,0.05
3.20264e-03,0.03,-0.01
3.20272e-03,0.03,0.05
3.20280e-03,0.03,-0.01
3.20288e-03,0.03,0.05
3.20296e-03,0.05,-0.01
3.20304e-03,0.01,0.05
3.20312e-03,0.03,-0.01
3.20320e-03,0.03,0.05
3.20328e-03,0.03,-0.03
3.20336e-03,0.03,0.05
3.20344e-03,0.01,-0.03
3.20352e-03,0.03,0.05
3.20360e-03,0.03,-0.01
3.20368e-03,0.01,0.05
3.20376e-03,0.03,-0.01
3.20384e-03,0.03,0.05
3.20392e-03,0.03,-0.01
3.20400e-03,0.01,0.05
3.20408e-03,0.01,-0.01
3.20416e-03,0.01,0.05
3.20424e-03,0.03,-0.01
3.20432e-03,0.03,0.05
3.20440e-03,0.03,-0.03
3.20448e-03,-0.01,0.05
3.20456e-03,0.03,-0.03
3.20464e-03,0.03,0.05
3.20472e-03,0.01,-0.01
3.20480e-03,0.03,0.05
3.20488e-03,0.03,-0.03
3.20496e-03,0.03,0.05
3.20504e-03,0.03,-0.03
3.20512e-03,0.05,0.05
3.20520e-03,0.03,-0.01
3.20528e-03,0.03,0.05
3.20536e-03,0.03,-0.01
3.20544e-03,0.03,0.05
3.20552e-03,0.03,-0.01
3.20560e-03,0.01,0.05
3.20568e-03,0.03,-0.01
3.20576e-03,0.01,0.05
3.20584e-03,0.03,-0.01
3.20592e-03,0.03,0.05
3.20600e-03,0.01,-0.01
3.20608e-03,0.03,0.05
3.20616e-03,0.03,-0.03
3.20624e-03,0.05,0.05
3.20632e-03,0.01,-0.03
3.20640e-03,0.01,0.05
3.20648e-03,0.01,-0.03
3.20656e-03,0.05,0.07
3.20664e-03,0.03,-0.03
3.20672e-03,0.01,0.07
3.20680e-03,0.03,-0.03
3.20688e-03,0.01,0.05
3.20696e-03,0.03,-0.01
3.20704e-03,0.03,0.05
3.20712e-03,0.03,-0.01
3.20720e-03,0.03,0.05
3.20728e-03,0.03,-0.01
3.20736e-03,0.03,0.05
3.20744e-03,0.01,-0.03
3.20752e-03,0.05,0.05
3.20760e-03,0.01,-0.01
3.20768e-03,0.05,0.05
3.20776e-03,0.03,-0.03
3.20784e-03,0.03,0.05
3.20792e-03,0.03,-0.01
3.20800e-03,0.01,0.05
3.20808e-03,0.05,-0.03
3.20816e-03,0.03,0.05
3.20824e-03,0.03,-0.01
3.20832e-03,0.03,0.05
3.20840e-03,0.03,-0.01
3.20848e-03,0.05,0.05
3.20856e-03,0.03,-0.01
3.20864e-03,0.03,0.05
3.20872e-03,0.03,-0.01
3.20880e-03,0.03,0.05
3.20888e-03,0.03,-0.03
3.20896e-03,0.03,0.05
3.20904e-03,0.03,-0.03
3.20912e-03,0.03,0.05
3.20920e-03,0.03,-0.01
3.20928e-03,0.03,0.05
3.20936e-03,0.03,-0.01
3.20944e-03,0.03,0.05
3.20952e-03,0.03,-0.01
3.20960e-03,0.01,0.05
3.20968e-03,0.03,-0.01
3.20976e-03,0.03,0.05
3.20984e-03,0.03,-0.03
3.20992e-03,0.03,0.05
3.21000e-03,0.03,-0.03
3.21008e-03,0.03,0.05
3.21016e-03,0.01,-0.01
3.21024e-03,0.03,0.05
3.21032e-03,0.03,-0.01
3.21040e-03,0.05,0.05
3.21048e-03,0.03,-0.01
3.21056e-03,0.03,0.05
3.21064e-03,0.03,-0.01
3.21072e-03,0.01,0.05
3.21080e-03,0.03,-0.01
3.21088e-03,0.01,0.05
3.21096e-03,0.03,-0.01
3.21104e-03,0.01,0.05
3.21112e-03,0.03,-0.03
3.21120e-03,0.03,0.05
3.21128e-03,0.03,-0.03
3.21136e-03,0.05,0.05
3.21144e-03,0.01,-0.03
3.21152e-03,0.03,0.05
3.21160e-03,0.01,-0.01
3.21168e-03,0.03,0.05
3.21176e-03,0.03,-0.01
3.21184e-03,0.03,0.05
3.21192e-03,0.05,-0.01
3.21200e-03,0.01,0.05
3.21208e-03,0.05,-0.03
3.21216e-03,0.01,0.07
3.21224e-03,0.05,-0.01
3.21232e-03,0.03,0.05
3.21240e-03,0.01,-0.03
3.21248e-03,0.01,0.05
3.21256e-03,0.03,-0.03
3.21264e-03,0.01,0.05
3.21272e-03,0.01,-0.03
3.21280e-03,0.01,0.05
3.21288e-03,0.01,-0.01
3.21296e-03,0.03,0.05
3.21304e-03,0.03,-0.03
3.21312e-03,0.07,0.05
3.21320e-03,0.03,-0.03
3.21328e-03,0.01,0.07
3.21336e-03,0.03,-0.03
3.21344e-03,0.01,0.07
3.21352e-03,0.03,-0.03
3.21360e-03,0.03,0.05
3.21368e-03,0.03,-0.03
3.21376e-03,0.03,0.05
3.21384e-03,0.03,-0.03
3.21392e-03,0.03,0.05
3.21400e-03,0.01,-0.03
3.21408e-03,0.03,0.05
3.21416e-03,0.01,-0.03
3.21424e-03,0.03,0.05
3.21432e-03,0.01,-0.03
3.21440e-03,0.03,0.05
3.21448e-03,0.01,-0.05
3.21456e-03,0.01,0.05
3.21464e-03,0.03,-0.05
3.21472e-03,0.03,0.07
3.21480e-03,0.05,-0.05
3.21488e-03,0.05,0.07
3.21496e-03,0.07,-0.03
3.21504e-03,0.03,0.05
3.21512e-03,0.03,-0.03
3.21520e-03,0.03,0.07
3.21528e-03,0.01,-0.03
3.21536e-03,0.01,0.05
3.21544e-03,0.03,-0.01
3.21552e-03,0.03,0.05
3.21560e-03,0.01,-0.03
3.21568e-03,0.03,0.05
3.21576e-03,0.01,-0.03
3.21584e-03,0.03,0.05
3.21592e-03,0.01,-0.01
3.21600e-03,0.01,0.05
3.21608e-03,0.05,-0.03
3.21616e-03,0.03,0.05
3.21624e-03,0.03,-0.01
3.21632e-03,0.01,0.07
3.21640e-03,0.03,-0.03
3.21648e-03,0.03,0.07
3.21656e-03,0.03,-0.03
3.21664e-03,0.03,0.05
3.21672e-03,0.03,-0.03
3.21680e-03,0.05,0.07
3.21688e-03,0.01,-0.01
3.21696e-03,0.03,0.05
3.21704e-03,0.01,-0.03
3.21712e-03,0.03,0.07
3.21720e-03,0.03,-0.03
3.21728e-03,0.03,0.05
3.21736e-03,0.05,-0.01
3.21744e-03,0.03,0.05
3.21752e-03,0.03,-0.01
3.21760e-03,0.01,0.05
3.21768e-03,0.03,-0.01
3.21776e-03,0.03,0.05
3.21784e-03,0.03,-0.01
3.21792e-03,0.03,0.05
3.21800e-03,0.03,-0.01
3.21808e-03,0.03,0.05
3.21816e-03,0.01,-0.01
3.21824e-03,0.05,0.05
3.21832e-03,0.01,-0.01
3.21840e-03,0.03,0.05
3.21848e-03,0.03,-0.01
3.21856e-03,0.03,0.05
3.21864e-03,0.03,-0.03
3.21872e-03,0.03,0.05
3.21880e-03,0.03,-0.01
3.21888e-03,0.03,0.05
3.21896e-03,0.03,-0.03
3.21904e-03,0.03,0.05
3.21912e-03,0.03,-0.01
3.21920e-03,0.01,0.05
3.21928e-03,0.03,-0.01
3.21936e-03,0.03,0.05
3.21944e-03,0.03,-0.01
3.21952e-03,0.03,0.05
3.21960e-03,0.01,-0.01
3.21968e-03,0.05,0.05
3.21976e-03,0.03,-0.01
3.21984e-03,0.05,0.05
3.21992e-03,0.03,-0.01
3.22000e-03,0.03,0.07
3.22008e-03,0.03,-0.01
3.22016e-03,0.03,0.05
3.22024e-03,0.03,-0.01
3.22032e-03,0.03,0.05
3.22040e-03,0.03,-0.01
3.22048e-03,0.03,0.05
3.22056e-03,0.03,-0.01
3.22064e-03,0.03,0.05
3.22072e-03,0.01,-0.01
3.22080e-03,0.03,0.05
3.22088e-03,0.01,-0.01
3.22096e-03,0.03,0.05
3.22104e-03,0.03,-0.01
3.22112e-03,0.05,0.05
3.22120e-03,0.03,-0.03
3.22128e-03,0.03,0.05
3.22136e-03,0.01,-0.01
3.22144e-03,0.05,0.05
3.22152e-03,0.01,-0.01
3.22160e-03,0.01,0.05
3.22168e-03,0.03,-0.03
3.22176e-03,0.01,0.05
3.22184e-03,0.03,-0.03
3.22192e-03,0.03,0.05
3.22200e-03,0.03,-0.03
3.22208e-03,0.05,0.05
3.22216e-03,0.03,-0.03
3.22224e-03,0.03,0.05
3.22232e-03,-0.01,-0.01
3.22240e-03,0.03,0.05
3.22248e-03,0.01,-0.03
3.22256e-03,0.01,0.05
3.22264e-03,0.03,-0.03
3.22272e-03,0.03,0.05
3.22280e-03,0.01,-0.01
3.22288e-03,0.03,0.05
3.22296e-03,0.03,-0.03
3.22304e-03,0.01,0.05
3.22312e-03,0.03,-0.03
3.22320e-03,0.01,0.05
3.22328e-03,0.03,-0.03
3.22336e-03,0.03,0.05
3.22344e-03,0.01,-0.01
3.22352e-03,0.05,0.05
3.22360e-03,0.03,-0.01
3.22368e-03,0.03,0.05
3.22376e-03,0.01,-0.03
3.22384e-03,0.03,0.05
3.22392e-03,0.03,-0.01
3.22400e-03,0.03,0.05
3.22408e-03,0.05,-0.03
3.22416e-03,0.03,0.07
3.22424e-03,0.05,-0.03
3.22432e-03,0.01,0.05
3.22440e-03,0.01,-0.03
3.22448e-03,0.03,0.07
3.22456e-03,0.03,-0.03
3.22464e-03,0.03,0.05
3.22472e-03,-0.01,-0.01
3.22480e-03,0.03,0.05
3.22488e-03,0.01,-0.03
3.22496e-03,0.03,0.05
3.22504e-03,0.03,-0.01
3.22512e-03,0.03,0.05
3.22520e-03,0.03,-0.03
3.22528e-03,0.03,0.03
3.22536e-03,0.03,-0.03
3.22544e-03,-0.01,0.05
3.22552e-03,0.05,-0.03
3.22560e-03,0.01,0.05
3.22568e-03,0.03,-0.03
3.22576e-03,0.01,0.05
3.22584e-03,0.03,-0.03
3.22592e-03,0.03,0.05
3.22600e-03,0.01,-0.03
3.22608e-03,0.03,0.05
3.22616e-03,0.03,-0.03
3.22624e-03,0.03,0.05
3.22632e-03,0.01,-0.03
3.22640e-03,0.03,0.05
3.22648e-03,0.01,-0.03
3.22656e-03,0.03,0.05
3.22664e-03,0.03,-0.01
3.22672e-03,0.03,0.05
3.22680e-03,0.03,-0.01
3.22688e-03,0.01,0.05
3.22696e-03,0.05,-0.01
3.22704e-03,0.01,0.05
3.22712e-03,0.03,-0.03
3.22720e-03,0.03,0.05
3.22728e-03,0.01,-0.03
3.22736e-03,0.03,0.05
3.22744e-03,0.03,-0.03
3.22752e-03,0.03,0.05
3.22760e-03,0.01,-0.03
3.22768e-03,0.05,0.05
3.22776e-03,0.01,-0.03
3.22784e-03,0.03,0.07
3.22792e-03,0.01,-0.03
3.22800e-03,0.03,0.05
3.22808e-03,0.03,-0.01
3.22816e-03,0.01,0.05
3.22824e-03,0.03,-0.01
3.22832e-03,0.03,0.05
3.22840e-03,0.03,-0.03
3.22848e-03,0.05,0.05
3.22856e-03,0.03,-0.03
3.22864e-03,0.03,0.05
3.22872e-03,0.01,-0.03
3.22880e-03,0.03,0.07
3.22888e-03,0.03,-0.03
3.22896e-03,0.05,0.07
3.22904e-03,0.01,-0.03
3.22912e-03,0.03,0.07
3.22920e-03,0.03,-0.03
3.22928e-03,0.03,0.05
3.22936e-03,0.03,-0.01
3.22944e-03,0.01,0.07
3.22952e-03,0.05,-0.01
3.22960e-03,0.03,0.05
3.22968e-03,0.03,-0.01
3.22976e-03,0.03,0.05
3.22984e-03,0.01,-0.01
3.22992e-03,0.01,0.05
3.23000e-03,0.03,-0.01
3.23008e-03,0.03,0.05
3.23016e-03,0.01,-0.01
3.23024e-03,0.03,0.05
3.23032e-03,0.01,-0.05
3.23040e-03,0.03,0.07
3.23048e-03,0.01,-0.03
3.23056e-03,0.03,0.05
3.23064e-03,0.03,-0.03
3.23072e-03,0.01,0.05
3.23080e-03,0.03,-0.03
3.23088e-03,0.03,0.05
3.23096e-03,0.03,-0.01
3.23104e-03,0.03,0.05
3.23112e-03,0.03,-0.01
3.23120e-03,0.05,0.05
3.23128e-03,0.03,-0.01
3.23136e-03,0.03,0.05
3.23144e-03,0.03,-0.01
3.23152e-03,0.03,0.05
3.23160e-03,0.01,-0.03
3.23168e-03,0.05,0.05
3.23176e-03,0.01,-0.01
3.23184e-03,0.03,0.05
3.23192e-03,0.03,-0.01
3.23200e-03,0.03,0.05
3.23208e-03,0.03,-0.01
3.23216e-03,0.01,0.05
3.23224e-03,0.03,-0.03
3.23232e-03,0.03,0.05
3.23240e-03,0.03,-0.01
3.23248e-03,0.03,0.05
3.23256e-03,0.01,-0.01
3.23264e-03,0.01,0.05
3.23272e-03,0.05,-0.03
3.23280e-03,0.05,0.05
3.23288e-03,0.03,-0.03
3.23296e-03,0.01,0.07
3.23304e-03,-0.01,-0.05
3.23312e-03,0.05,0.07
3.23320e-03,0.01,-0.03
3.23328e-03,0.01,0.07
3.23336e-03,0.03,-0.03
3.23344e-03,0.03,0.05
3.23352e-03,0.03,-0.03
3.23360e-03,0.01,0.05
3.23368e-03,0.03,-0.03
3.23376e-03,0.03,0.05
3.23384e-03,0.03,-0.03
3.23392e-03,0.03,0.05
3.23400e-03,0.03,-0.01
3.23408e-03,0.03,0.05
3.23416e-03,0.03,-0.03
3.23424e-03,0.03,0.05
3.23432e-03,0.03,-0.01
3.23440e-03,0.05,0.05
3.23448e-03,0.05,-0.01
3.23456e-03,0.01,0.05
3.23464e-03,0.01,-0.01
3.23472e-03,0.03,0.05
3.23480e-03,0.03,-0.01
3.23488e-03,0.01,0.05
3.23496e-03,0.05,-0.01
3.23504e-03,0.03,0.05
3.23512e-03,0.03,-0.03
3.23520e-03,0.01,0.05
3.23528e-03,0.03,-0.01
3.23536e-03,0.05,0.05
3.23544e-03,0.01,-0.03
3.23552e-03,0.03,0.05
3.23560e-03,0.01,-0.01
3.23568e-03,0.03,0.05
3.23576e-03,0.03,-0.01
3.23584e-03,0.01,0.05
3.23592e-03,0.03,-0.03
3.23600e-03,0.03,0.05
3.23608e-03,0.03,-0.01
3.23616e-03,0.01,0.05
3.23624e-03,0.03,-0.01
3.23632e-03,0.03,0.05
3.23640e-03,0.03,-0.03
3.23648e-03,0.03,0.05
3.23656e-03,0.03,-0.01
3.23664e-03,0.03,0.05
3.23672e-03,0.03,-0.01
3.23680e-03,0.03,0.05
3.23688e-03,0.03,-0.01
3.23696e-03,0.01,0.05
3.23704e-03,0.03,-0.03
3.23712e-03,0.03,0.05
3.23720e-03,0.03,-0.01
3.23728e-03,0.03,0.05
3.23736e-03,0.03,-0.03
3.23744e-03,0.03,0.05
3.23752e-03,0.03,-0.01
3.23760e-03,0.01,0.05
3.23768e-03,0.03,-0.03
3.23776e-03,0.03,0.05
3.23784e-03,0.03,-0.03
3.23792e-03,0.03,0.05
3.23800e-03,0.03,-0.01
3.23808e-03,0.03,0.05
3.23816e-03,0.01,-0.03
3.23824e-03,0.03,0.05
3.23832e-03,0.03,-0.01
3.23840e-03,0.03,0.05
3.23848e-03,0.01,-0.01
3.23856e-03,0.03,0.05
3.23864e-03,0.05,-0.03
3.23872e-03,0.01,0.05
3.23880e-03,0.03,-0.01
3.23888e-03,0.03,0.05
3.23896e-03,0.03,-0.01
3.23904e-03,0.03,0.05
3.23912e-03,0.05,-0.01
3.23920e-03,0.03,0.05
3.23928e-03,0.03,-0.01
3.23936e-03,0.03,0.05
3.23944e-03,0.03,-0.01
3.23952e-03,0.03,0.05
3.23960e-03,0.01,-0.01
3.23968e-03,0.03,0.05
3.23976e-03,0.03,-0.01
3.23984e-03,0.01,0.05
3.23992e-03,0.03,-0.03
3.24000e-03,0.03,0.05
3.24008e-03,0.03,-0.01
3.24016e-03,0.01,0.05
3.24024e-03,0.03,-0.01
3.24032e-03,0.03,0.05
3.24040e-03,0.05,-0.01
3.24048e-03,0.03,0.05
3.24056e-03,0.03,-0.01
3.24064e-03,0.03,0.05
3.24072e-03,0.01,-0.03
3.24080e-03,0.05,0.05
3.24088e-03,0.01,-0.01
3.24096e-03,0.03,0.05
3.24104e-03,0.03,-0.01
3.24112e-03,0.03,0.05
3.24120e-03,0.03,-0.01
3.24128e-03,0.03,0.05
3.24136e-03,0.03,-0.01
3.24144e-03,0.03,0.05
3.24152e-03,0.03,-0.01
3.24160e-03,0.01,0.05
3.24168e-03,0.03,-0.01
3.24176e-03,0.03,0.05
3.24184e-03,0.03,-0.01
3.24192e-03,0.03,0.05
3.24200e-03,0.05,-0.03
3.24208e-03,0.05,0.05
3.24216e-03,0.03,-0.03
3.24224e-03,0.01,0.05
3.24232e-03,0.01,-0.03
3.24240e-03,0.05,0.07
3.24248e-03,0.01,-0.03
3.24256e-03,0.05,0.07
3.24264e-03,0.01,-0.03
3.24272e-03,0.03,0.07
3.24280e-03,0.05,-0.03
3.24288e-03,0.01,0.07
3.24296e-03,0.05,-0.03
3.24304e-03,0.01,0.05
3.24312e-03,0.05,-0.03
3.24320e-03,0.01,0.07
3.24328e-03,0.03,-0.03
3.24336e-03,0.05,0.05
3.24344e-03,0.03,-0.01
3.24352e-03,0.05,0.05
3.24360e-03,0.03,-0.01
3.24368e-03,0.03,0.05
3.24376e-03,0.01,-0.03
3.24384e-03,0.03,0.07
3.24392e-03,0.05,-0.03
3.24400e-03,0.03,0.05
3.24408e-03,0.05,-0.05
3.24416e-03,0.01,0.05
3.24424e-03,0.05,-0.03
3.24432e-03,0.03,0.07
3.24440e-03,0.05,-0.01
3.24448e-03,0.03,0.05
3.24456e-03,0.03,-0.01
3.24464e-03,0.03,0.05
3.24472e-03,0.03,-0.03
3.24480e-03,0.03,0.05
3.24488e-03,0.01,-0.03
3.24496e-03,0.03,0.05
3.24504e-03,0.03,-0.01
3.24512e-03,0.03,0.05
3.24520e-03,0.01,-0.03
3.24528e-03,0.03,0.05
3.24536e-03,0.03,-0.03
3.24544e-03,0.01,0.05
3.24552e-03,0.03,-0.01
3.24560e-03,0.01,0.05
3.24568e-03,0.03,-0.03
3.24576e-03,0.01,0.05
3.24584e-03,0.01,-0.01
3.24592e-03,0.03,0.03
3.24600e-03,0.03,-0.01
3.24608e-03,0.03,0.05
3.24616e-03,0.01,-0.01
3.24624e-03,0.01,0.05
3.24632e-03,0.01,-0.03
3.24640e-03,0.01,0.05
3.24648e-03,0.03,-0.03
3.24656e-03,0.03,0.05
3.24664e-03,0.01,-0.03
3.24672e-03,0.03,0.05
3.24680e-03,0.03,-0.01
3.24688e-03,0.01,0.05
3.24696e-03,0.05,-0.01
3.24704e-03,0.05,0.05
3.24712e-03,0.03,-0.03
3.24720e-03,0.03,0.05
3.24728e-03,0.03,-0.03
3.24736e-03,0.03,0.05
3.24744e-03,0.03,-0.03
3.24752e-03,0.03,0.05
3.24760e-03,0.01,-0.01
3.24768e-03,0.03,0.05
3.24776e-03,0.01,-0.01
3.24784e-03,0.03,0.05
3.24792e-03,0.01,-0.01
3.24800e-03,0.03,0.05
3.24808e-03,0.05,-0.01
3.24816e-03,0.01,0.05
3.24824e-03,0.05,-0.03
3.24832e-03,0.03,0.05
3.24840e-03,0.03,-0.01
3.24848e-03,0.01,0.05
3.24856e-03,0.05,-0.01
3.24864e-03,0.03,0.05
3.24872e-03,0.03,-0.01
3.24880e-03,0.03,0.07
3.24888e-03,0.03,-0.03
3.24896e-03,0.03,0.07
3.24904e-03,0.03,-0.03
3.24912e-03,0.03,0.05
3.24920e-03,0.03,-0.01
3.24928e-03,0.03,0.05
3.24936e-03,0.03,-0.03
3.24944e-03,0.01,0.05
3.24952e-03,0.05,-0.01
3.24960e-03,0.03,0.05
3.24968e-03,0.03,-0.01
3.24976e-03,0.03,0.05
3.24984e-03,0.01,-0.03
3.24992e-03,0.03,0.05
3.25000e-03,0.01,-0.01
3.25008e-03,0.05,0.05
3.25016e-03,0.03,-0.01
3.25024e-03,0.01,0.05
3.25032e-03,0.03,-0.01
3.25040e-03,0.03,0.05
3.25048e-03,0.01,-0.01
3.25056e-03,0.05,0.05
3.25064e-03,0.05,-0.03
3.25072e-03,0.03,0.05
3.25080e-03,0.03,-0.03
3.25088e-03,-0.01,0.07
3.25096e-03,0.03,-0.03
3.25104e-03,0.03,0.07
3.25112e-03,0.01,-0.03
3.25120e-03,0.03,0.07
3.25128e-03,0.03,-0.03
3.25136e-03,0.03,0.05
3.25144e-03,0.03,-0.01
3.25152e-03,0.03,0.05
3.25160e-03,0.01,-0.01
3.25168e-03,0.03,0.05
3.25176e-03,0.01,-0.03
3.25184e-03,0.03,0.05
3.25192e-03,0.03,-0.01
3.25200e-03,0.03,0.05
3.25208e-03,0.03,-0.01
3.25216e-03,0.01,0.05
3.25224e-03,0.03,-0.01
3.25232e-03,0.03,0.05
3.25240e-03,0.03,-0.01
3.25248e-03,0.03,0.05
3.25256e-03,0.03,-0.03
3.25264e-03,0.03,0.05
3.25272e-03,0.03,-0.01
3.25280e-03,0.03,0.05
3.25288e-03,0.03,-0.03
3.25296e-03,0.03,0.05
3.25304e-03,0.03,-0.01
3.25312e-03,0.05,0.05
3.25320e-03,0.03,-0.01
3.25328e-03,0.03,0.05
3.25336e-03,0.03,-0.01
3.25344e-03,0.03,0.05
3.25352e-03,0.03,-0.01
3.25360e-03,0.03,0.05
3.25368e-03,0.03,-0.01
3.25376e-03,0.05,0.05
3.25384e-03,0.01,-0.01
3.25392e-03,0.03,0.05
3.25400e-03,0.03,-0.03
3.25408e-03,0.03,0.05
3.25416e-03,0.03,-0.03
3.25424e-03,0.03,0.05
3.25432e-03,0.03,-0.03
3.25440e-03,0.03,0.05
3.25448e-03,0.03,-0.01
3.25456e-03,0.01,0.05
3.25464e-03,0.05,-0.03
3.25472e-03,0.01,0.05
3.25480e-03,0.03,-0.01
3.25488e-03,0.01,0.05
3.25496e-03,0.03,-0.03
3.25504e-03,0.03,0.05
3.25512e-03,0.03,-0.01
3.25520e-03,0.03,0.05
3.25528e-03,0.03,-0.03
3.25536e-03,0.03,0.05
3.25544e-03,0.01,-0.01
3.25552e-03,0.05,0.03
3.25560e-03,0.01,-0.01
3.25568e-03,0.03,0.05
3.25576e-03,0.01,-0.01
3.25584e-03,0.03,0.05
3.25592e-03,0.03,-0.01
3.25600e-03,0.01,0.05
3.25608e-03,0.01,-0.03
3.25616e-03,0.01,0.05
3.25624e-03,0.03,-0.01
3.25632e-03,0.01,0.05
3.25640e-03,0.03,-0.01
3.25648e-03,0.03,0.05
3.25656e-03,0.03,-0.01
3.25664e-03,0.03,0.05
3.25672e-03,0.01,-0.01
3.25680e-03,0.03,0.05
3.25688e-03,0.01,-0.03
3.25696e-03,0.03,0.05
3.25704e-03,0.01,-0.01
3.25712e-03,0.03,0.05
3.25720e-03,0.03,-0.01
3.25728e-03,0.03,0.05
3.25736e-03,0.05,-0.01
3.25744e-03,0.01,0.05
3.25752e-03,0.03,-0.01
3.25760e-03,0.01,0.07
3.25768e-03,0.03,-0.01
3.25776e-03,0.03,0.05
3.25784e-03,0.05,-0.01
3.25792e-03,0.03,0.05
3.25800e-03,0.01,-0.03
3.25808e-03,0.05,0.07
3.25816e-03,0.01,-0.01
3.25824e-03,0.05,0.05
3.25832e-03,0.03,-0.03
3.25840e-03,0.03,0.05
3.25848e-03,0.01,-0.03
3.25856e-03,0.01,0.05
3.25864e-03,0.05,-0.01
3.25872e-03,0.01,0.05
3.25880e-03,0.03,-0.01
3.25888e-03,0.01,0.05
3.25896e-03,0.01,-0.03
3.25904e-03,0.01,0.05
3.25912e-03,0.05,-0.03
3.25920e-03,0.01,0.03
3.25928e-03,0.01,-0.03
3.25936e-03,0.03,0.05
3.25944e-03,0.01,-0.01
3.25952e-03,0.03,0.05
3.25960e-03,0.01,-0.03
3.25968e-03,0.03,0.05
3.25976e-03,0.01,-0.03
3.25984e-03,0.03,0.05
3.25992e-03,0.05,-0.03
3.26000e-03,0.03,0.05
3.26008e-03,0.01,-0.03
3.26016e-03,0.01,0.05
3.26024e-03,0.01,-0.03
3.26032e-03,0.03,0.07
3.26040e-03,0.03,-0.03
3.26048e-03,0.01,0.07
3.26056e-03,0.03,-0.03
3.26064e-03,0.03,0.05
3.26072e-03,0.03,-0.03
3.26080e-03,0.05,0.05
3.26088e-03,0.01,-0.03
3.26096e-03,0.03,0.05
3.26104e-03,0.03,-0.03
3.26112e-03,0.03,0.05
3.26120e-03,0.05,-0.01
3.26128e-03,0.01,0.05
3.26136e-03,0.03,-0.03
3.26144e-03,0.03,0.05
3.26152e-03,0.03,-0.01
3.26160e-03,0.01,0.07
3.26168e-03,0.03,-0.01
3.26176e-03,0.03,0.05
3.26184e-03,0.03,-0.01
3.26192e-03,0.03,0.05
3.26200e-03,0.01,-0.03
3.26208e-03,0.03,0.05
3.26216e-03,0.01,-0.03
3.26224e-03,0.03,0.05
3.26232e-03,0.01,-0.01
3.26240e-03,0.05,0.05
3.26248e-03,0.01,-0.03
3.26256e-03,0.03,0.05
3.26264e-03,0.03,-0.03
3.26272e-03,0.03,0.05
3.26280e-03,0.03,-0.03
3.26288e-03,0.03,0.05
3.26296e-03,0.03,-0.01
3.26304e-03,0.01,0.05
3.26312e-03,0.03,-0.01
3.26320e-03,0.03,0.05
3.26328e-03,0.03,-0.03
3.26336e-03,0.05,0.07
3.26344e-03,0.01,-0.03
3.26352e-03,0.03,0.05
3.26360e-03,0.01,-0.01
3.26368e-03,0.03,0.05
3.26376e-03,0.03,-0.01
3.26384e-03,0.05,0.05
3.26392e-03,0.03,-0.01
3.26400e-03,0.03,0.05
3.26408e-03,0.03,-0.03
3.26416e-03,0.01,0.03
3.26424e-03,0.03,-0.01
3.26432e-03,0.01,0.05
3.26440e-03,0.05,-0.03
3.26448e-03,0.03,0.05
3.26456e-03,0.03,-0.01
3.26464e-03,0.03,0.05
3.26472e-03,0.03,-0.01
3.26480e-03,0.03,0.05
3.26488e-03,0.01,-0.01
3.26496e-03,0.03,0.05
3.26504e-03,0.03,-0.03
3.26512e-03,0.05,0.05
3.26520e-03,-0.01,-0.01
3.26528e-03,0.03,0.05
3.26536e-03,0.03,-0.03
3.26544e-03,0.01,0.05
3.26552e-03,0.03,-0.01
3.26560e-03,0.01,0.05
3.26568e-03,0.03,-0.03
3.26576e-03,0.01,0.05
3.26584e-03,0.01,-0.03
3.26592e-03,0.03,0.05
3.26600e-03,0.03,-0.03
3.26608e-03,0.03,0.05
3.26616e-03,0.03,-0.03
3.26624e-03,0.05,0.05
3.26632e-03,0.01,-0.01
3.26640e-03,0.03,0.05
3.26648e-03,0.01,-0.03
3.26656e-03,0.03,0.05
3.26664e-03,0.03,-0.01
3.26672e-03,0.03,0.05
3.26680e-03,0.03,-0.03
3.26688e-03,0.03,0.05
3.26696e-03,0.03,-0.03
3.26704e-03,0.01,0.03
3.26712e-03,0.03,-0.01
3.26720e-03,0.01,0.05
3.26728e-03,0.01,-0.03
3.26736e-03,0.05,0.05
3.26744e-03,0.01,-0.01
3.26752e-03,0.03,0.05
3.26760e-03,0.01,-0.03
3.26768e-03,0.03,0.05
3.26776e-03,0.01,-0.01
3.26784e-03,0.03,0.05
3.26792e-03,0.03,-0.03
3.26800e-03,0.03,0.05
3.26808e-03,0.03,-0.03
3.26816e-03,0.01,0.05
3.26824e-03,0.03,-0.01
3.26832e-03,0.01,0.05
3.26840e-03,0.03,-0.01
3.26848e-03,0.03,0.07
3.26856e-03,0.03,-0.01
3.26864e-03,0.03,0.05
3.26872e-03,-0.01,-0.03
3.26880e-03,0.03,0.05
3.26888e-03,0.03,-0.03
3.26896e-03,0.05,0.05
3.26904e-03,0.01,-0.05
3.26912e-03,0.05,0.05
3.26920e-03,0.03,-0.03
3.26928e-03,0.01,0.05
3.26936e-03,0.03,-0.01
3.26944e-03,0.01,0.05
3.26952e-03,0.05,-0.03
3.26960e-03,0.01,0.05
3.26968e-03,0.05,-0.03
3.26976e-03,0.03,0.05
3.26984e-03,0.03,-0.03
3.26992e-03,0.03,0.05
3.27000e-03,0.01,-0.01
3.27008e-03,0.03,0.05
3.27016e-03,0.03,-0.01
3.27024e-03,0.03,0.05
3.27032e-03,0.03,-0.01
3.27040e-03,0.05,0.05
3.27048e-03,0.03,-0.01
3.27056e-03,0.03,0.05
3.27064e-03,0.03,-0.03
3.27072e-03,0.01,0.05
3.27080e-03,0.05,-0.01
3.27088e-03,0.01,0.05
3.27096e-03,0.03,-0.01
3.27104e-03,0.01,0.05
3.27112e-03,0.01,-0.01
3.27120e-03,0.05,0.05
3.27128e-03,0.01,-0.01
3.27136e-03,0.03,0.05
3.27144e-03,0.03,-0.01
3.27152e-03,0.03,0.05
3.27160e-03,0.01,-0.03
3.27168e-03,0.03,0.05
3.27176e-03,0.01,-0.01
3.27184e-03,0.05,0.05
3.27192e-03,0.03,-0.01
3.27200e-03,0.03,0.05
3.27208e-03,0.03,-0.01
3.27216e-03,0.01,0.05
3.27224e-03,0.03,-0.01
3.27232e-03,0.01,0.05
3.27240e-03,0.03,-0.01
3.27248e-03,0.05,0.05
3.27256e-03,0.03,-0.01
3.27264e-03,0.03,0.05
3.27272e-03,0.01,-0.01
3.27280e-03,0.05,0.05
3.27288e-03,0.03,-0.03
3.27296e-03,0.05,0.05
3.27304e-03,0.03,-0.01
3.27312e-03,0.03,0.05
3.27320e-03,0.03,-0.03
3.27328e-03,0.05,0.05
3.27336e-03,0.05,-0.03
3.27344e-03,0.03,0.05
3.27352e-03,0.03,-0.01
3.27360e-03,0.01,0.05
3.27368e-03,0.03,-0.01
3.27376e-03,0.03,0.05
3.27384e-03,0.03,-0.03
3.27392e-03,0.03,0.05
3.27400e-03,0.03,-0.01
3.27408e-03,0.03,0.05
3.27416e-03,0.01,-0.01
3.27424e-03,0.03,0.05
3.27432e-03,0.01,-0.01
3.27440e-03,0.05,0.05
3.27448e-03,0.03,-0.01
3.27456e-03,0.01,0.05
3.27464e-03,0.03,-0.03
3.27472e-03,0.01,0.05
3.27480e-03,0.03,-0.03
3.27488e-03,0.01,0.05
3.27496e-03,0.03,-0.01
3.27504e-03,0.01,0.05
3.27512e-03,0.03,-0.01
3.27520e-03,0.01,0.05
3.27528e-03,0.03,-0.03
3.27536e-03,0.03,0.05
3.27544e-03,0.01,-0.03
3.27552e-03,0.05,0.03
3.27560e-03,0.01,-0.01
3.27568e-03,0.05,0.05
3.27576e-03,0.03,-0.03
3.27584e-03,0.03,0.05
3.27592e-03,0.05,-0.01
3.27600e-03,0.01,0.03
3.27608e-03,0.05,-0.03
3.27616e-03,0.01,0.05
3.27624e-03,0.05,-0.03
3.27632e-03,0.03,0.05
3.27640e-03,0.03,-0.03
3.27648e-03,0.01,0.05
3.27656e-03,0.03,-0.01
3.27664e-03,0.03,0.05
3.27672e-03,0.03,-0.01
3.27680e-03,0.03,0.05
3.27688e-03,0.01,-0.03
3.27696e-03,0.03,0.05
3.27704e-03,0.03,-0.01
3.27712e-03,0.03,0.05
3.27720e-03,0.03,-0.03
3.27728e-03,0.03,0.05
3.27736e-03,0.03,-0.01
3.27744e-03,0.03,0.03
3.27752e-03,0.03,-0.01
3.27760e-03,0.03,0.05
3.27768e-03,0.03,-0.03
3.27776e-03,0.03,0.05
3.27784e-03,0.05,-0.03
3.27792e-03,0.03,0.07
3.27800e-03,0.01,-0.03
3.27808e-03,0.03,0.07
3.27816e-03,-0.01,-0.03
3.27824e-03,0.05,0.05
3.27832e-03,0.01,-0.03
3.27840e-03,0.05,0.07
3.27848e-03,0.03,-0.01
3.27856e-03,0.03,0.05
3.27864e-03,0.03,-0.01
3.27872e-03,0.01,0.05
3.27880e-03,0.05,-0.03
3.27888e-03,0.01,0.05
3.27896e-03,0.05,-0.01
3.27904e-03,0.03,0.05
3.27912e-03,0.03,-0.01
3.27920e-03,0.03,0.05
3.27928e-03,0.03,-0.01
3.27936e-03,0.03,0.05
3.27944e-03,0.01,-0.03
3.27952e-03,0.05,0.05
3.27960e-03,0.01,-0.03
3.27968e-03,0.03,0.07
3.27976e-03,0.03,-0.03
3.27984e-03,0.01,0.05
3.27992e-03,0.03,-0.01
3.28000e-03,0.03,0.05
3.28008e-03,0.05,-0.03
3.28016e-03,0.01,0.05
3.28024e-03,0.03,-0.01
3.28032e-03,0.01,0.05
3.28040e-03,0.03,-0.03
3.28048e-03,0.01,0.05
3.28056e-03,0.03,-0.01
3.28064e-03,0.03,0.05
3.28072e-03,0.03,-0.03
3.28080e-03,0.05,0.05
3.28088e-03,0.03,-0.01
3.28096e-03,0.03,0.05
3.28104e-03,0.01,-0.01
3.28112e-03,0.03,0.05
3.28120e-03,0.05,-0.05
3.28128e-03,0.03,0.05
3.28136e-03,0.01,-0.01
3.28144e-03,0.03,0.05
3.28152e-03,0.03,-0.03
3.28160e-03,0.03,0.05
3.28168e-03,0.03,-0.03
3.28176e-03,0.03,0.05
3.28184e-03,0.03,-0.03
3.28192e-03,0.03,0.05
3.28200e-03,0.01,-0.01
3.28208e-03,0.05,0.05
3.28216e-03,0.01,-0.01
3.28224e-03,0.03,0.05
3.28232e-03,0.01,-0.01
3.28240e-03,0.03,0.05
3.28248e-03,0.03,-0.01
3.28256e-03,0.03,0.05
3.28264e-03,0.03,-0.03
3.28272e-03,0.03,0.05
3.28280e-03,0.03,-0.03
3.28288e-03,0.01,0.05
3.28296e-03,0.03,-0.03
3.28304e-03,0.01,0.05
3.28312e-03,0.05,-0.03
3.28320e-03,0.01,0.05
3.28328e-03,0.01,-0.03
3.28336e-03,0.03,0.05
3.28344e-03,0.01,-0.01
3.28352e-03,0.03,0.05
3.28360e-03,0.03,-0.03
3.28368e-03,0.03,0.05
3.28376e-03,0.03,-0.01
3.28384e-03,0.01,0.03
3.28392e-03,0.01,-0.01
3.28400e-03,0.03,0.05
3.28408e-03,0.03,-0.01
3.28416e-03,0.03,0.03
3.28424e-03,0.03,-0.01
3.28432e-03,0.03,0.05
3.28440e-03,0.03,-0.01
3.28448e-03,0.01,0.05
3.28456e-03,0.01,-0.01
3.28464e-03,0.03,0.05
3.28472e-03,0.03,-0.01
3.28480e-03,0.03,0.05
3.28488e-03,0.01,-0.01
3.28496e-03,0.03,0.05
3.28504e-03,0.03,-0.01
3.28512e-03,0.03,0.05
3.28520e-03,0.03,-0.01
3.28528e-03,0.03,0.05
3.28536e-03,0.03,-0.03
3.28544e-03,0.03,0.05
3.28552e-03,0.03,-0.01
3.28560e-03,0.03,0.05
3.28568e-03,0.03,-0.01
3.28576e-03,0.01,0.05
3.28584e-03,0.01,-0.03
3.28592e-03,0.03,0.05
3.28600e-03,0.01,-0.01
3.28608e-03,0.03,0.05
3.28616e-03,0.01,-0.03
3.28624e-03,0.03,0.05
3.28632e-03,0.03,-0.01
3.28640e-03,0.03,0.03
3.28648e-03,0.03,-0.01
3.28656e-03,0.01,0.05
3.28664e-03,0.03,-0.01
3.28672e-03,0.03,0.07
3.28680e-03,0.05,-0.03
3.28688e-03,0.03,0.07
3.28696e-03,0.05,-0.03
3.28704e-03,0.03,0.07
3.28712e-03,0.03,-0.03
3.28720e-03,0.05,0.07
3.28728e-03,0.01,-0.03
3.28736e-03,0.07,0.05
3.28744e-03,0.03,-0.03
3.28752e-03,0.03,0.07
3.28760e-03,0.01,-0.03
3.28768e-03,0.03,0.07
3.28776e-03,0.03,-0.03
3.28784e-03,0.03,0.05
3.28792e-03,0.03,-0.03
3.28800e-03,0.01,0.05
3.28808e-03,0.03,-0.03
3.28816e-03,0.01,0.05
3.28824e-03,0.05,-0.03
3.28832e-03,0.01,0.05
3.28840e-03,0.03,-0.01
3.28848e-03,0.03,0.05
3.28856e-03,0.01,-0.01
3.28864e-03,0.01,0.05
3.28872e-03,0.01,-0.01
3.28880e-03,0.03,0.05
3.28888e-03,0.01,-0.01
3.28896e-03,0.03,0.05
3.28904e-03,0.01,-0.01
3.28912e-03,0.03,0.05
3.28920e-03,0.03,-0.01
3.28928e-03,0.03,0.05
3.28936e-03,0.05,-0.01
3.28944e-03,0.03,0.05
3.28952e-03,0.05,-0.01
3.28960e-03,0.01,0.05
3.28968e-03,0.03,-0.01
3.28976e-03,0.03,0.05
3.28984e-03,0.01,-0.01
3.28992e-03,0.03,0.05
3.29000e-03,0.03,-0.01
3.29008e-03,0.03,0.07
3.29016e-03,0.01,-0.01
3.29024e-03,0.03,0.05
3.29032e-03,0.03,-0.01
3.29040e-03,0.03,0.05
3.29048e-03,0.03,-0.01
3.29056e-03,0.03,0.05
3.29064e-03,0.01,-0.01
3.29072e-03,0.01,0.05
3.29080e-03,0.03,-0.01
3.29088e-03,0.01,0.05
3.29096e-03,0.03,-0.01
3.29104e-03,0.03,0.05
3.29112e-03,0.03,-0.03
3.29120e-03,0.03,0.07
3.29128e-03,0.03,-0.03
3.29136e-03,0.03,0.05
3.29144e-03,0.03,-0.01
3.29152e-03,0.03,0.05
3.29160e-03,0.01,-0.01
3.29168e-03,0.03,0.05
3.29176e-03,0.03,-0.01
3.29184e-03,0.03,0.05
3.29192e-03,0.03,-0.01
3.29200e-03,0.03,0.05
3.29208e-03,0.03,-0.03
3.29216e-03,0.01,0.05
3.29224e-03,0.05,-0.01
3.29232e-03,0.03,0.05
3.29240e-03,0.03,-0.01
3.29248e-03,0.03,0.05
3.29256e-03,0.03,-0.01
3.29264e-03,0.05,0.05
3.29272e-03,0.03,-0.01
3.29280e-03,0.03,0.05
3.29288e-03,0.01,-0.01
3.29296e-03,0.03,0.05
3.29304e-03,0.01,-0.03
3.29312e-03,0.03,0.05
3.29320e-03,0.05,-0.01
3.29328e-03,0.01,0.05
3.29336e-03,0.03,-0.01
3.29344e-03,0.01,0.07
3.29352e-03,0.05,-0.01
3.29360e-03,0.01,0.05
3.29368e-03,0.05,-0.01
3.29376e-03,0.03,0.05
3.29384e-03,0.03,-0.03
3.29392e-03,0.03,0.05
3.29400e-03,0.01,-0.01
3.29408e-03,0.03,0.05
3.29416e-03,0.01,-0.01
3.29424e-03,0.03,0.05
3.29432e-03,0.01,-0.01
3.29440e-03,0.03,0.05
3.29448e-03,0.01,-0.01
3.29456e-03,0.03,0.05
3.29464e-03,0.03,-0.01
3.29472e-03,0.01,0.07
3.29480e-03,0.05,-0.01
3.29488e-03,0.01,0.05
3.29496e-03,0.03,-0.03
3.29504e-03,0.03,0.05
3.29512e-03,0.03,-0.03
3.29520e-03,0.03,0.05
3.29528e-03,0.01,-0.03
3.29536e-03,0.03,0.05
3.29544e-03,0.03,-0.01
3.29552e-03,0.01,0.05
3.29560e-03,0.01,-0.03
3.29568e-03,0.07,0.05
3.29576e-03,0.03,-0.03
3.29584e-03,0.03,0.07
3.29592e-03,-0.01,-0.03
3.29600e-03,0.01,0.07
3.29608e-03,0.03,-0.03
3.29616e-03,0.03,0.07
3.29624e-03,0.03,-0.03
3.29632e-03,0.03,0.05
3.29640e-03,0.03,-0.01
3.29648e-03,0.03,0.05
3.29656e-03,0.01,-0.01
3.29664e-03,0.03,0.05
3.29672e-03,0.01,-0.01
3.29680e-03,0.03,0.05
3.29688e-03,0.03,-0.03
3.29696e-03,0.03,0.05
3.29704e-03,0.03,-0.01
3.29712e-03,0.03,0.05
3.29720e-03,0.03,-0.01
3.29728e-03,0.03,0.05
3.29736e-03,0.03,-0.01
3.29744e-03,0.01,0.05
3.29752e-03,0.03,-0.03
3.29760e-03,0.01,0.05
3.29768e-03,0.05,-0.03
3.29776e-03,0.01,0.05
3.29784e-03,0.03,-0.03
3.29792e-03,0.03,0.05
3.29800e-03,0.03,-0.01
3.29808e-03,0.03,0.05
3.29816e-03,0.01,-0.03
3.29824e-03,0.03,0.05
3.29832e-03,0.01,-0.01
3.29840e-03,0.03,0.05
3.29848e-03,0.03,-0.01
3.29856e-03,0.03,0.05
3.29864e-03,0.03,-0.03
3.29872e-03,0.01,0.05
3.29880e-03,0.03,-0.01
3.29888e-03,0.03,0.05
3.29896e-03,0.03,-0.03
3.29904e-03,0.01,0.05
3.29912e-03,0.03,-0.01
3.29920e-03,0.03,0.05
3.29928e-03,0.05,-0.01
3.29936e-03,0.03,0.05
3.29944e-03,0.01,-0.01
3.29952e-03,0.03,0.07
3.29960e-03,0.01,-0.01
3.29968e-03,0.03,0.05
3.29976e-03,0.01,-0.01
3.29984e-03,0.03,0.05
3.29992e-03,0.03,-0.01
3.30000e-03,0.01,0.05
3.30008e-03,0.05,-0.01
3.30016e-03,0.01,0.05
3.30024e-03,0.03,-0.01
3.30032e-03,0.01,0.05
3.30040e-03,0.03,-0.01
3.30048e-03,0.03,0.05
3.30056e-03,0.05,-0.01
3.30064e-03,0.03,0.05
3.30072e-03,0.01,-0.03
3.30080e-03,0.03,0.05
3.30088e-03,0.03,-0.01
3.30096e-03,0.05,0.05
3.30104e-03,0.03,-0.03
3.30112e-03,0.03,0.05
3.30120e-03,0.01,-0.01
3.30128e-03,0.03,0.07
3.30136e-03,0.03,-0.01
3.30144e-03,0.03,0.05
3.30152e-03,0.03,-0.01
3.30160e-03,0.03,0.05
3.30168e-03,0.03,-0.01
3.30176e-03,0.03,0.05
3.30184e-03,0.03,-0.01
3.30192e-03,0.01,0.05
3.30200e-03,0.01,-0.01
3.30208e-03,0.05,0.05
3.30216e-03,0.03,-0.01
3.30224e-03,0.05,0.05
3.30232e-03,0.03,-0.01
3.30240e-03,0.03,0.05
3.30248e-03,0.01,-0.03
3.30256e-03,0.03,0.05
3.30264e-03,0.03,-0.01
3.30272e-03,0.03,0.05
3.30280e-03,0.03,-0.01
3.30288e-03,0.01,0.05
3.30296e-03,0.03,-0.03
3.30304e-03,0.05,0.05
3.30312e-03,0.05,-0.01
3.30320e-03,0.03,0.05
3.30328e-03,0.03,-0.03
3.30336e-03,0.05,0.05
3.30344e-03,0.01,-0.01
3.30352e-03,0.05,0.05
3.30360e-03,0.03,-0.01
3.30368e-03,0.03,0.05
3.30376e-03,0.01,-0.03
3.30384e-03,0.03,0.05
3.30392e-03,0.03,-0.03
3.30400e-03,0.03,0.05
3.30408e-03,0.03,-0.03
3.30416e-03,0.01,0.05
3.30424e-03,0.03,-0.01
3.30432e-03,0.01,0.05
3.30440e-03,0.03,-0.01
3.30448e-03,0.03,0.05
3.30456e-03,0.05,-0.05
3.30464e-03,0.05,0.05
3.30472e-03,0.01,-0.03
3.30480e-03,0.01,0.05
3.30488e-03,-0.01,-0.03
3.30496e-03,0.05,0.07
3.30504e-03,0.03,-0.03
3.30512e-03,0.01,0.05
3.30520e-03,0.01,-0.03
3.30528e-03,0.01,0.07
3.30536e-03,0.03,-0.03
3.30544e-03,0.01,0.05
3.30552e-03,0.03,-0.03
3.30560e-03,0.01,0.05
3.30568e-03,0.03,-0.03
3.30576e-03,0.01,0.05
3.30584e-03,0.01,-0.03
3.30592e-03,0.03,0.05
3.30600e-03,0.01,-0.03
3.30608e-03,0.03,0.05
3.30616e-03,0.01,-0.03
3.30624e-03,0.03,0.05
3.30632e-03,0.03,-0.03
3.30640e-03,0.01,0.05
3.30648e-03,0.03,-0.03
3.30656e-03,0.01,0.05
3.30664e-03,0.01,-0.01
3.30672e-03,0.03,0.05
3.30680e-03,0.03,-0.01
3.30688e-03,0.01,0.05
3.30696e-03,0.03,-0.01
3.30704e-03,0.01,0.05
3.30712e-03,0.03,-0.03
3.30720e-03,0.01,0.05
3.30728e-03,0.03,-0.03
3.30736e-03,0.05,0.05
3.30744e-03,0.01,-0.03
3.30752e-03,0.03,0.05
3.30760e-03,0.01,-0.03
3.30768e-03,0.03,0.05
3.30776e-03,0.01,-0.03
3.30784e-03,0.01,0.05
3.30792e-03,0.03,-0.01
3.30800e-03,0.01,0.05
3.30808e-03,0.03,-0.03
3.30816e-03,0.01,0.05
3.30824e-03,0.05,-0.03
3.30832e-03,0.01,0.05
3.30840e-03,0.03,-0.03
3.30848e-03,0.03,0.05
3.30856e-03,0.03,-0.01
3.30864e-03,0.03,0.05
3.30872e-03,0.01,-0.01
3.30880e-03,0.03,0.05
3.30888e-03,0.03,-0.03
3.30896e-03,0.05,0.05
3.30904e-03,0.01,-0.03
3.30912e-03,0.03,0.05
3.30920e-03,0.03,-0.03
3.30928e-03,0.01,0.05
3.30936e-03,0.03,-0.01
3.30944e-03,0.03,0.05
3.30952e-03,0.05,-0.01
3.30960e-03,0.01,0.05
3.30968e-03,0.03,-0.03
3.30976e-03,0.03,0.05
3.30984e-03,0.01,-0.01
3.30992e-03,0.03,0.07
3.31000e-03,0.01,-0.03
3.31008e-03,0.05,0.05
3.31016e-03,0.01,-0.01
3.31024e-03,0.05,0.05
3.31032e-03,0.01,-0.03
3.31040e-03,0.03,0.05
3.31048e-03,0.03,-0.03
3.31056e-03,0.03,0.05
3.31064e-03,0.01,-0.03
3.31072e-03,0.03,0.05
3.31080e-03,0.03,-0.01
3.31088e-03,0.01,0.05
3.31096e-03,0.05,-0.01
3.31104e-03,0.01,0.05
3.31112e-03,0.03,-0.03
3.31120e-03,0.05,0.05
3.31128e-03,0.01,-0.03
3.31136e-03,0.03,0.05
3.31144e-03,0.03,-0.03
3.31152e-03,0.03,0.05
3.31160e-03,0.01,-0.01
3.31168e-03,0.03,0.05
3.31176e-03,0.05,-0.01
3.31184e-03,0.03,0.03
3.31192e-03,0.03,-0.03
3.31200e-03,0.03,0.05
3.31208e-03,0.03,-0.01
3.31216e-03,-0.01,0.05
3.31224e-03,0.03,-0.03
3.31232e-03,0.01,0.05
3.31240e-03,0.03,-0.03
3.31248e-03,0.03,0.05
3.31256e-03,0.03,-0.03
3.31264e-03,0.03,0.05
3.31272e-03,0.03,-0.03
3.31280e-03,0.05,0.05
3.31288e-03,0.03,-0.03
3.31296e-03,0.05,0.05
3.31304e-03,0.03,-0.03
3.31312e-03,0.05,0.05
3.31320e-03,0.01,-0.01
3.31328e-03,0.03,0.05
3.31336e-03,0.05,-0.03
3.31344e-03,0.01,0.05
3.31352e-03,0.03,-0.01
3.31360e-03,0.01,0.07
3.31368e-03,0.03,-0.03
3.31376e-03,0.01,0.05
3.31384e-03,-0.01,-0.03
3.31392e-03,0.01,0.07
3.31400e-03,0.03,-0.03
3.31408e-03,0.05,0.09
3.31416e-03,0.03,-0.03
3.31424e-03,0.05,0.07
3.31432e-03,0.01,-0.03
3.31440e-03,0.05,0.05
3.31448e-03,0.03,-0.01
3.31456e-03,0.01,0.05
3.31464e-03,0.03,-0.01
3.31472e-03,0.03,0.07
3.31480e-03,0.03,-0.03
3.31488e-03,0.03,0.05
3.31496e-03,0.03,-0.03
3.31504e-03,0.03,0.05
3.31512e-03,0.03,-0.01
3.31520e-03,0.01,0.05
3.31528e-03,0.03,-0.03
3.31536e-03,0.03,0.05
3.31544e-03,0.03,-0.03
3.31552e-03,0.03,0.05
3.31560e-03,0.01,-0.03
3.31568e-03,0.03,0.05
3.31576e-03,0.01,-0.01
3.31584e-03,0.03,0.07
3.31592e-03,0.03,-0.03
3.31600e-03,0.03,0.05
3.31608e-03,0.03,-0.01
3.31616e-03,0.01,0.05
3.31624e-03,0.03,-0.01
3.31632e-03,0.01,0.05
3.31640e-03,0.01,-0.03
3.31648e-03,0.03,0.05
3.31656e-03,0.03,-0.01
3.31664e-03,0.05,0.05
3.31672e-03,0.01,-0.03
3.31680e-03,0.01,0.05
3.31688e-03,0.03,-0.03
3.31696e-03,0.05,0.05
3.31704e-03,0.03,-0.03
3.31712e-03,0.03,0.05
3.31720e-03,0.03,-0.03
3.31728e-03,0.03,0.05
3.31736e-03,0.05,-0.01
3.31744e-03,0.01,0.05
3.31752e-03,0.03,-0.03
3.31760e-03,0.01,0.05
3.31768e-03,0.05,-0.03
3.31776e-03,0.01,0.05
3.31784e-03,0.03,-0.03
3.31792e-03,0.03,0.05
3.31800e-03,0.03,-0.03
3.31808e-03,0.05,0.05
3.31816e-03,0.03,-0.03
3.31824e-03,0.05,0.05
3.31832e-03,0.01,-0.03
3.31840e-03,0.03,0.05
3.31848e-03,0.03,-0.03
3.31856e-03,0.03,0.05
3.31864e-03,0.03,-0.01
3.31872e-03,0.03,0.05
3.31880e-03,0.05,-0.03
3.31888e-03,0.03,0.05
3.31896e-03,0.03,-0.01
3.31904e-03,0.03,0.05
3.31912e-03,0.01,-0.03
3.31920e-03,0.01,0.05
3.31928e-03,0.03,-0.03
3.31936e-03,0.05,0.05
3.31944e-03,0.01,-0.01
3.31952e-03,0.01,0.05
3.31960e-03,0.01,-0.01
3.31968e-03,0.03,0.05
3.31976e-03,0.03,-0.01
3.31984e-03,0.03,0.05
3.31992e-03,0.05,-0.01
3.32000e-03,0.03,0.05
3.32008e-03,0.03,-0.01
3.32016e-03,0.01,0.05
3.32024e-03,0.03,-0.01
3.32032e-03,0.03,0.05
3.32040e-03,0.03,-0.03
3.32048e-03,0.03,0.05
3.32056e-03,0.03,-0.01
3.32064e-03,0.05,0.05
3.32072e-03,0.03,-0.01
3.32080e-03,0.05,0.05
3.32088e-03,0.01,-0.01
3.32096e-03,0.05,0.05
3.32104e-03,0.01,-0.01
3.32112e-03,0.03,0.05
3.32120e-03,0.03,-0.01
3.32128e-03,0.03,0.05
3.32136e-03,0.05,-0.01
3.32144e-03,0.01,0.05
3.32152e-03,0.03,-0.01
3.32160e-03,0.03,0.05
3.32168e-03,0.05,-0.01
3.32176e-03,0.01,0.05
3.32184e-03,0.03,-0.01
3.32192e-03,0.01,0.05
3.32200e-03,0.03,-0.01
3.32208e-03,0.03,0.05
3.32216e-03,0.01,-0.01
3.32224e-03,0.03,0.05
3.32232e-03,0.03,-0.01
3.32240e-03,0.05,0.05
3.32248e-03,0.05,-0.03
3.32256e-03,0.03,0.05
3.32264e-03,0.03,-0.03
3.32272e-03,0.01,0.05
3.32280e-03,0.05,-0.03
3.32288e-03,0.03,0.07
3.32296e-03,0.03,-0.03
3.32304e-03,0.01,0.05
3.32312e-03,0.05,-0.03
3.32320e-03,0.03,0.05
3.32328e-03,0.03,-0.03
3.32336e-03,0.05,0.05
3.32344e-03,0.03,-0.03
3.32352e-03,0.03,0.05
3.32360e-03,0.01,-0.03
3.32368e-03,0.03,0.05
3.32376e-03,0.03,-0.01
3.32384e-03,0.01,0.05
3.32392e-03,0.05,-0.01
3.32400e-03,0.01,0.05
3.32408e-03,0.03,-0.01
3.32416e-03,0.03,0.05
3.32424e-03,0.01,-0.03
3.32432e-03,0.03,0.05
3.32440e-03,0.01,-0.03
3.32448e-03,0.01,0.05
3.32456e-03,0.01,-0.03
3.32464e-03,0.01,0.05
3.32472e-03,0.01,-0.03
3.32480e-03,0.01,0.05
3.32488e-03,0.01,-0.03
3.32496e-03,0.03,0.05
3.32504e-03,0.03,-0.03
3.32512e-03,0.03,0.05
3.32520e-03,0.01,-0.01
3.32528e-03,0.03,0.03
3.32536e-03,0.03,-0.03
3.32544e-03,0.01,0.05
3.32552e-03,0.03,-0.03
3.32560e-03,0.01,0.03
3.32568e-03,0.03,-0.03
3.32576e-03,0.01,0.05
3.32584e-03,0.03,-0.03
3.32592e-03,0.03,0.05
3.32600e-03,0.03,-0.03
3.32608e-03,0.03,0.05
3.32616e-03,0.01,-0.03
3.32624e-03,0.03,0.05
3.32632e-03,0.03,-0.01
3.32640e-03,0.03,0.05
3.32648e-03,0.03,-0.01
3.32656e-03,0.03,0.05
3.32664e-03,0.03,-0.01
3.32672e-03,0.01,0.03
3.32680e-03,0.05,-0.01
3.32688e-03,0.01,0.05
3.32696e-03,0.03,-0.03
3.32704e-03,0.01,0.05
3.32712e-03,0.03,-0.03
3.32720e-03,0.03,0.05
3.32728e-03,0.03,-0.01
3.32736e-03,0.05,0.05
3.32744e-03,0.01,-0.01
3.32752e-03,0.03,0.05
3.32760e-03,0.01,-0.03
3.32768e-03,0.03,0.05
3.32776e-03,0.01,-0.01
3.32784e-03,0.03,0.05
3.32792e-03,0.05,-0.01
3.32800e-03,0.03,0.05
3.32808e-03,0.03,-0.01
3.32816e-03,0.01,0.05
3.32824e-03,0.05,-0.01
3.32832e-03,0.01,0.05
3.32840e-03,0.03,-0.03
3.32848e-03,0.01,0.05
3.32856e-03,0.03,-0.01
3.32864e-03,0.03,0.05
3.32872e-03,0.01,-0.03
3.32880e-03,0.03,0.05
3.32888e-03,0.03,-0.03
3.32896e-03,0.03,0.05
3.32904e-03,0.03,-0.01
3.32912e-03,0.03,0.05
3.32920e-03,0.01,-0.01
3.32928e-03,0.03,0.05
3.32936e-03,0.03,-0.01
3.32944e-03,0.01,0.05
3.32952e-03,0.05,-0.03
3.32960e-03,0.01,0.07
3.32968e-03,0.03,-0.01
3.32976e-03,0.03,0.05
3.32984e-03,0.03,-0.01
3.32992e-03,0.03,0.05
3.33000e-03,0.01,-0.01
3.33008e-03,0.03,0.05
3.33016e-03,0.01,-0.01
3.33024e-03,0.01,0.05
3.33032e-03,0.03,-0.03
3.33040e-03,0.01,0.05
3.33048e-03,0.01,-0.03
3.33056e-03,0.03,0.07
3.33064e-03,0.03,-0.03
3.33072e-03,0.03,0.05
3.33080e-03,0.05,-0.01
3.33088e-03,0.03,0.05
3.33096e-03,0.03,-0.01
3.33104e-03,0.03,0.05
3.33112e-03,0.03,-0.03
3.33120e-03,0.03,0.05
3.33128e-03,0.03,-0.01
3.33136e-03,0.03,0.05
3.33144e-03,0.01,-0.01
3.33152e-03,0.01,0.05
3.33160e-03,-0.01,-0.01
3.33168e-03,0.01,0.05
3.33176e-03,0.01,-0.03
3.33184e-03,0.05,0.05
3.33192e-03,0.05,-0.03
3.33200e-03,0.03,0.07
3.33208e-03,0.03,-0.05
3.33216e-03,0.01,0.07
3.33224e-03,0.03,-0.03
3.33232e-03,0.03,0.07
3.33240e-03,0.01,-0.03
3.33248e-03,0.03,0.05
3.33256e-03,0.03,-0.03
3.33264e-03,0.03,0.05
3.33272e-03,0.03,-0.03
3.33280e-03,0.03,0.05
3.33288e-03,0.03,-0.01
3.33296e-03,0.01,0.05
3.33304e-03,0.03,-0.03
3.33312e-03,0.03,0.05
3.33320e-03,0.01,-0.01
3.33328e-03,0.03,0.05
3.33336e-03,0.03,-0.01
3.33344e-03,0.01,0.05
3.33352e-03,0.03,-0.03
3.33360e-03,0.01,0.05
3.33368e-03,0.03,-0.01
3.33376e-03,0.03,0.05
3.33384e-03,0.03,-0.01
3.33392e-03,0.03,0.05
3.33400e-03,0.03,-0.01
3.33408e-03,0.03,0.05
3.33416e-03,0.01,-0.01
3.33424e-03,0.03,0.05
3.33432e-03,0.03,-0.01
3.33440e-03,0.03,0.05
3.33448e-03,0.01,-0.01
3.33456e-03,0.03,0.05
3.33464e-03,0.03,-0.01
3.33472e-03,0.01,0.05
3.33480e-03,0.05,-0.01
3.33488e-03,0.01,0.05
3.33496e-03,0.05,-0.01
3.33504e-03,0.03,0.05
3.33512e-03,0.03,-0.03
3.33520e-03,0.03,0.05
3.33528e-03,0.03,-0.01
3.33536e-03,0.03,0.05
3.33544e-03,0.03,-0.03
3.33552e-03,0.03,0.05
3.33560e-03,0.01,-0.01
3.33568e-03,0.03,0.05
3.33576e-03,0.03,-0.01
3.33584e-03,0.01,0.05
3.33592e-03,0.03,-0.01
3.33600e-03,0.03,0.05
3.33608e-03,0.05,-0.01
3.33616e-03,0.01,0.05
3.33624e-03,0.03,-0.01
3.33632e-03,0.03,0.05
3.33640e-03,0.03,-0.01
3.33648e-03,0.03,0.05
3.33656e-03,0.01,-0.01
3.33664e-03,0.03,0.05
3.33672e-03,0.03,-0.03
3.33680e-03,0.01,0.05
3.33688e-03,0.01,-0.03
3.33696e-03,0.03,0.05
3.33704e-03,0.03,-0.03
3.33712e-03,0.05,0.05
3.33720e-03,0.03,-0.03
3.33728e-03,0.01,0.07
3.33736e-03,0.03,-0.01
3.33744e-03,0.01,0.05
3.33752e-03,0.03,-0.03
3.33760e-03,0.03,0.05
3.33768e-03,0.01,-0.01
3.33776e-03,0.05,0.05
3.33784e-03,0.03,-0.01
3.33792e-03,0.05,0.05
3.33800e-03,0.03,-0.03
3.33808e-03,0.03,0.05
3.33816e-03,0.01,-0.03
3.33824e-03,0.05,0.05
3.33832e-03,0.01,-0.03
3.33840e-03,0.03,0.07
3.33848e-03,0.03,-0.01
3.33856e-03,0.01,0.05
3.33864e-03,0.05,-0.01
3.33872e-03,0.01,0.05
3.33880e-03,0.05,-0.01
3.33888e-03,0.03,0.05
3.33896e-03,0.05,-0.03
3.33904e-03,0.03,0.05
3.33912e-03,0.03,-0.03
3.33920e-03,0.03,0.05
3.33928e-03,0.03,-0.01
3.33936e-03,0.01,0.05
3.33944e-03,0.05,-0.03
3.33952e-03,0.03,0.05
3.33960e-03,-0.01,-0.03
3.33968e-03,0.03,0.09
3.33976e-03,0.03,-0.03
3.33984e-03,0.03,0.07
3.33992e-03,0.05,-0.01
3.34000e-03,0.03,0.05
3.34008e-03,0.03,-0.01
3.34016e-03,0.03,0.05
3.34024e-03,0.03,-0.01
3.34032e-03,0.01,0.05
3.34040e-03,0.01,-0.03
3.34048e-03,0.01,0.05
3.34056e-03,0.03,-0.03
3.34064e-03,0.03,0.07
3.34072e-03,0.03,-0.03
3.34080e-03,0.03,0.07
3.34088e-03,0.01,-0.03
3.34096e-03,0.03,0.05
3.34104e-03,0.01,-0.01
3.34112e-03,0.03,0.07
3.34120e-03,0.03,-0.03
3.34128e-03,0.03,0.05
3.34136e-03,0.03,-0.01
3.34144e-03,0.03,0.05
3.34152e-03,0.01,-0.01
3.34160e-03,0.03,0.07
3.34168e-03,0.05,-0.01
3.34176e-03,0.03,0.05
3.34184e-03,0.03,-0.03
3.34192e-03,0.03,0.07
3.34200e-03,0.01,-0.03
3.34208e-03,0.03,0.05
3.34216e-03,0.03,-0.01
3.34224e-03,0.03,0.05
3.34232e-03,0.01,-0.03
3.34240e-03,0.01,0.05
3.34248e-03,0.03,-0.03
3.34256e-03,0.03,0.05
3.34264e-03,0.03,-0.03
3.34272e-03,0.01,0.05
3.34280e-03,0.03,-0.03
3.34288e-03,0.01,0.07
3.34296e-03,0.03,-0.03
3.34304e-03,0.01,0.05
3.34312e-03,0.03,-0.01
3.34320e-03,0.03,0.05
3.34328e-03,0.03,-0.03
3.34336e-03,0.03,0.05
3.34344e-03,0.03,-0.01
3.34352e-03,0.03,0.07
3.34360e-03,0.03,-0.03
3.34368e-03,0.03,0.05
3.34376e-03,0.03,-0.03
3.34384e-03,0.03,0.05
3.34392e-03,0.03,-0.03
3.34400e-03,0.01,0.05
3.34408e-03,0.03,-0.01
3.34416e-03,0.01,0.05
3.34424e-03,0.03,-0.03
3.34432e-03,0.01,0.03
3.34440e-03,0.03,-0.03
3.34448e-03,0.01,0.05
3.34456e-03,0.03,-0.03
3.34464e-03,0.03,0.05
3.34472e-03,0.01,-0.01
3.34480e-03,0.03,0.05
3.34488e-03,0.01,-0.03
3.34496e-03,0.05,0.05
3.34504e-03,0.03,-0.01
3.34512e-03,0.01,0.05
3.34520e-03,0.03,-0.03
3.34528e-03,0.03,0.03
3.34536e-03,0.03,-0.03
3.34544e-03,0.01,0.05
3.34552e-03,0.03,-0.03
3.34560e-03,0.03,0.05
3.34568e-03,0.03,-0.03
3.34576e-03,0.03,0.05
3.34584e-03,0.03,-0.03
3.34592e-03,0.01,0.03
3.34600e-03,-0.01,-0.01
3.34608e-03,0.05,0.05
3.34616e-03,0.01,-0.03
3.34624e-03,0.01,0.05
3.34632e-03,0.01,-0.03
3.34640e-03,0.03,0.05
3.34648e-03,0.01,-0.03
3.34656e-03,0.01,0.07
3.34664e-03,0.03,-0.03
3.34672e-03,0.03,0.05
3.34680e-03,0.05,-0.03
3.34688e-03,0.01,0.03
3.34696e-03,0.07,-0.03
3.34704e-03,0.01,0.05
3.34712e-03,0.03,-0.03
3.34720e-03,0.01,0.07
3.34728e-03,0.03,-0.03
3.34736e-03,0.05,0.05
3.34744e-03,0.03,-0.03
3.34752e-03,0.03,0.05
3.34760e-03,0.01,-0.03
3.34768e-03,0.03,0.05
3.34776e-03,0.01,-0.01
3.34784e-03,0.01,0.05
3.34792e-03,0.03,-0.03
3.34800e-03,0.03,0.05
3.34808e-03,0.03,-0.03
3.34816e-03,0.03,0.05
3.34824e-03,0.03,-0.01
3.34832e-03,0.01,0.05
3.34840e-03,0.03,-0.01
3.34848e-03,0.03,0.05
3.34856e-03,0.03,-0.01
3.34864e-03,0.05,0.05
3.34872e-03,0.03,-0.03
3.34880e-03,0.03,0.07
3.34888e-03,0.01,-0.01
3.34896e-03,0.05,0.05
3.34904e-03,0.03,-0.03
3.34912e-03,0.01,0.05
3.34920e-03,0.01,-0.03
3.34928e-03,0.03,0.05
3.34936e-03,0.03,-0.01
3.34944e-03,0.01,0.05
3.34952e-03,0.03,-0.01
3.34960e-03,0.03,0.05
3.34968e-03,0.05,-0.03
3.34976e-03,0.05,0.07
3.34984e-03,0.03,-0.03
3.34992e-03,0.03,0.07
3.35000e-03,0.03,-0.03
3.35008e-03,0.03,0.07
3.35016e-03,0.03,-0.01
3.35024e-03,0.03,0.05
3.35032e-03,0.03,-0.03
3.35040e-03,0.05,0.07
3.35048e-03,0.05,-0.03
3.35056e-03,0.05,0.05
3.35064e-03,0.03,-0.01
3.35072e-03,0.03,0.05
3.35080e-03,0.03,-0.01
3.35088e-03,0.03,0.05
3.35096e-03,0.05,-0.01
3.35104e-03,0.01,0.05
3.35112e-03,0.03,-0.01
3.35120e-03,0.05,0.05
3.35128e-03,0.01,-0.01
3.35136e-03,0.05,0.05
3.35144e-03,0.01,-0.01
3.35152e-03,0.03,0.05
3.35160e-03,0.03,-0.03
3.35168e-03,0.03,0.05
3.35176e-03,0.03,-0.01
3.35184e-03,0.03,0.05
3.35192e-03,0.03,-0.01
3.35200e-03,0.03,0.05
3.35208e-03,0.05,-0.01
3.35216e-03,0.03,0.07
3.35224e-03,0.05,-0.01
3.35232e-03,0.03,0.05
3.35240e-03,0.03,-0.01
3.35248e-03,0.03,0.05
3.35256e-03,0.03,-0.01
3.35264e-03,0.03,0.05
3.35272e-03,0.01,-0.01
3.35280e-03,0.03,0.07
3.35288e-03,0.03,-0.01
3.35296e-03,0.03,0.05
3.35304e-03,0.03,-0.03
3.35312e-03,0.03,0.05
3.35320e-03,0.03,-0.01
3.35328e-03,0.01,0.05
3.35336e-03,0.03,-0.03
3.35344e-03,0.01,0.07
3.35352e-03,0.03,-0.01
3.35360e-03,0.01,0.05
3.35368e-03,0.03,-0.01
3.35376e-03,0.03,0.05
3.35384e-03,0.03,-0.01
3.35392e-03,0.03,0.05
3.35400e-03,0.01,-0.01
3.35408e-03,0.05,0.05
3.35416e-03,0.03,-0.01
3.35424e-03,0.03,0.05
3.35432e-03,0.03,-0.01
3.35440e-03,0.03,0.07
3.35448e-03,0.01,-0.01
3.35456e-03,0.03,0.05
3.35464e-03,0.03,-0.01
3.35472e-03,0.01,0.05
3.35480e-03,0.05,-0.01
3.35488e-03,-0.01,0.05
3.35496e-03,0.05,-0.03
3.35504e-03,0.03,0.05
3.35512e-03,0.01,-0.03
3.35520e-03,0.03,0.05
3.35528e-03,0.03,-0.01
3.35536e-03,0.03,0.05
3.35544e-03,0.01,-0.03
3.35552e-03,0.03,0.05
3.35560e-03,0.01,-0.01
3.35568e-03,0.03,0.05
3.35576e-03,0.01,-0.03
3.35584e-03,0.03,0.03
3.35592e-03,0.03,-0.03
3.35600e-03,0.03,0.05
3.35608e-03,0.03,-0.03
3.35616e-03,0.01,0.05
3.35624e-03,0.05,-0.01
3.35632e-03,0.03,0.05
3.35640e-03,0.01,-0.01
3.35648e-03,0.01,0.05
3.35656e-03,0.01,-0.01
3.35664e-03,0.03,0.05
3.35672e-03,0.03,-0.03
3.35680e-03,0.03,0.05
3.35688e-03,0.01,-0.01
3.35696e-03,0.03,0.05
3.35704e-03,0.01,-0.03
3.35712e-03,0.05,0.05
3.35720e-03,0.03,-0.03
3.35728e-03,0.03,0.05
3.35736e-03,0.03,-0.01
3.35744e-03,0.01,0.05
3.35752e-03,0.05,-0.03
3.35760e-03,0.01,0.05
3.35768e-03,0.03,-0.01
3.35776e-03,0.03,0.05
3.35784e-03,0.03,-0.03
3.35792e-03,0.03,0.05
3.35800e-03,0.03,-0.01
3.35808e-03,0.03,0.05
3.35816e-03,0.01,-0.01
3.35824e-03,0.01,0.05
3.35832e-03,0.01,-0.03
3.35840e-03,0.03,0.05
3.35848e-03,0.03,-0.03
3.35856e-03,0.05,0.07
3.35864e-03,0.05,-0.03
3.35872e-03,0.03,0.07
3.35880e-03,0.05,-0.01
3.35888e-03,0.01,0.05
3.35896e-03,0.05,-0.03
3.35904e-03,0.01,0.05
3.35912e-03,0.03,-0.03
3.35920e-03,0.03,0.05
3.35928e-03,0.03,-0.01
3.35936e-03,0.03,0.05
3.35944e-03,0.01,-0.01
3.35952e-03,0.03,0.05
3.35960e-03,0.03,-0.01
3.35968e-03,0.05,0.05
3.35976e-03,0.03,-0.03
3.35984e-03,0.05,0.05
3.35992e-03,0.03,-0.03
3.36000e-03,0.01,0.05
3.36008e-03,0.03,-0.01
3.36016e-03,0.01,0.05
3.36024e-03,0.05,-0.01
3.36032e-03,0.03,0.05
3.36040e-03,0.03,-0.01
3.36048e-03,0.03,0.05
3.36056e-03,0.03,-0.03
3.36064e-03,0.03,0.05
3.36072e-03,0.01,-0.03
3.36080e-03,0.03,0.05
3.36088e-03,0.01,-0.03
3.36096e-03,0.05,0.05
3.36104e-03,0.01,-0.01
3.36112e-03,0.03,0.05
3.36120e-03,0.01,-0.01
3.36128e-03,0.01,0.05
3.36136e-03,0.03,-0.03
3.36144e-03,0.03,0.05
3.36152e-03,0.03,-0.01
3.36160e-03,0.01,0.07
3.36168e-03,0.03,-0.01
3.36176e-03,0.03,0.05
3.36184e-03,0.03,-0.03
3.36192e-03,0.03,0.05
3.36200e-03,0.01,-0.03
3.36208e-03,0.03,0.05
3.36216e-03,0.01,-0.03
3.36224e-03,0.05,0.05
3.36232e-03,0.03,-0.03
3.36240e-03,0.03,0.05
3.36248e-03,0.03,-0.03
3.36256e-03,0.03,0.05
3.36264e-03,0.03,-0.03
3.36272e-03,0.01,0.05
3.36280e-03,0.03,-0.01
3.36288e-03,0.01,0.05
3.36296e-03,0.03,-0.03
3.36304e-03,0.03,0.05
3.36312e-03,0.03,-0.03
3.36320e-03,0.03,0.05
3.36328e-03,0.01,-0.01
3.36336e-03,0.03,0.05
3.36344e-03,0.01,-0.01
3.36352e-03,0.03,0.05
3.36360e-03,0.03,-0.03
3.36368e-03,0.03,0.05
3.36376e-03,0.03,-0.01
3.36384e-03,0.03,0.05
3.36392e-03,0.03,-0.03
3.36400e-03,0.05,0.05
3.36408e-03,0.05,-0.03
3.36416e-03,0.01,0.05
3.36424e-03,0.03,-0.03
3.36432e-03,0.03,0.05
3.36440e-03,0.03,-0.03
3.36448e-03,0.03,0.05
3.36456e-03,0.03,-0.01
3.36464e-03,0.03,0.05
3.36472e-03,0.01,-0.01
3.36480e-03,0.03,0.05
3.36488e-03,0.01,-0.03
3.36496e-03,0.05,0.05
3.36504e-03,0.03,-0.01
3.36512e-03,0.01,0.05
3.36520e-03,0.05,-0.03
3.36528e-03,0.01,0.05
3.36536e-03,0.03,-0.03
3.36544e-03,0.03,0.05
3.36552e-03,0.05,-0.01
3.36560e-03,0.01,0.05
3.36568e-03,0.01,-0.03
3.36576e-03,0.05,0.05
3.36584e-03,0.05,-0.05
3.36592e-03,0.05,0.07
3.36600e-03,0.03,-0.03
3.36608e-03,0.05,0.07
3.36616e-03,0.01,-0.03
3.36624e-03,0.03,0.07
3.36632e-03,0.01,-0.01
3.36640e-03,0.03,0.05
3.36648e-03,0.03,-0.03
3.36656e-03,0.03,0.07
3.36664e-03,0.03,-0.01
3.36672e-03,0.03,0.05
3.36680e-03,0.03,-0.01
3.36688e-03,0.03,0.05
3.36696e-03,0.03,-0.01
3.36704e-03,0.01,0.05
3.36712e-03,0.03,-0.03
3.36720e-03,0.03,0.05
3.36728e-03,0.03,-0.01
3.36736e-03,0.03,0.05
3.36744e-03,0.03,-0.03
3.36752e-03,0.05,0.05
3.36760e-03,0.03,-0.03
3.36768e-03,0.03,0.05
3.36776e-03,0.01,-0.05
3.36784e-03,0.03,0.07
3.36792e-03,0.05,-0.03
3.36800e-03,0.01,0.07
3.36808e-03,0.05,-0.03
3.36816e-03,0.01,0.05
3.36824e-03,0.05,-0.01
3.36832e-03,0.03,0.05
3.36840e-03,0.05,-0.01
3.36848e-03,0.03,0.05
3.36856e-03,0.03,-0.03
3.36864e-03,0.05,0.07
3.36872e-03,0.03,-0.01
3.36880e-03,0.05,0.05
3.36888e-03,0.03,-0.01
3.36896e-03,0.05,0.07
3.36904e-03,0.01,-0.01
3.36912e-03,0.03,0.05
3.36920e-03,0.01,-0.03
3.36928e-03,0.03,0.05
3.36936e-03,0.03,-0.03
3.36944e-03,0.03,0.05
3.36952e-03,0.05,-0.01
3.36960e-03,0.03,0.05
3.36968e-03,0.03,-0.01
3.36976e-03,0.03,0.05
3.36984e-03,0.05,-0.01
3.36992e-03,0.03,0.05
3.37000e-03,0.03,-0.01
3.37008e-03,0.03,0.07
3.37016e-03,0.03,-0.01
3.37024e-03,0.03,0.05
3.37032e-03,0.03,-0.03
3.37040e-03,0.03,0.05
3.37048e-03,0.03,-0.01
3.37056e-03,0.03,0.05
3.37064e-03,0.01,-0.01
3.37072e-03,0.03,0.05
3.37080e-03,0.05,-0.01
3.37088e-03,0.03,0.05
3.37096e-03,0.05,-0.01
3.37104e-03,0.01,0.05
3.37112e-03,0.03,-0.01
3.37120e-03,0.03,0.05
3.37128e-03,0.03,-0.01
3.37136e-03,0.03,0.05
3.37144e-03,0.01,-0.03
3.37152e-03,0.05,0.05
3.37160e-03,0.01,-0.01
3.37168e-03,0.03,0.05
3.37176e-03,0.03,-0.01
3.37184e-03,0.03,0.05
3.37192e-03,0.03,-0.01
3.37200e-03,0.01,0.05
3.37208e-03,0.03,-0.01
3.37216e-03,0.03,0.05
3.37224e-03,0.01,-0.01
3.37232e-03,0.01,0.05
3.37240e-03,0.03,-0.01
3.37248e-03,0.03,0.05
3.37256e-03,0.03,-0.01
3.37264e-03,0.03,0.05
3.37272e-03,0.03,-0.03
3.37280e-03,0.05,0.07
3.37288e-03,0.01,-0.01
3.37296e-03,0.05,0.05
3.37304e-03,0.01,-0.03
3.37312e-03,0.03,0.05
3.37320e-03,0.03,-0.03
3.37328e-03,0.01,0.05
3.37336e-03,0.03,-0.03
3.37344e-03,0.01,0.05
3.37352e-03,0.05,-0.01
3.37360e-03,0.01,0.05
3.37368e-03,0.01,-0.03
3.37376e-03,0.05,0.05
3.37384e-03,0.03,-0.03
3.37392e-03,0.03,0.07
3.37400e-03,0.01,-0.03
3.37408e-03,0.03,0.05
3.37416e-03,0.01,-0.03
3.37424e-03,0.03,0.05
3.37432e-03,0.03,-0.01
3.37440e-03,0.03,0.05
3.37448e-03,0.03,-0.03
3.37456e-03,0.03,0.05
3.37464e-03,0.03,-0.03
3.37472e-03,0.01,0.05
3.37480e-03,0.01,-0.03
3.37488e-03,0.01,0.03
3.37496e-03,0.03,-0.03
3.37504e-03,0.03,0.05
3.37512e-03,0.03,-0.03
3.37520e-03,0.03,0.05
3.37528e-03,0.03,-0.03
3.37536e-03,0.03,0.05
3.37544e-03,0.01,-0.01
3.37552e-03,0.03,0.05
3.37560e-03,0.01,-0.03
3.37568e-03,0.03,0.05
3.37576e-03,0.01,-0.03
3.37584e-03,0.01,0.05
3.37592e-03,0.03,-0.03
3.37600e-03,0.03,0.05
3.37608e-03,0.01,-0.03
3.37616e-03,-0.01,0.05
3.37624e-03,0.05,-0.03
3.37632e-03,0.03,0.05
3.37640e-03,0.05,-0.05
3.37648e-03,0.03,0.07
3.37656e-03,-0.01,-0.03
3.37664e-03,0.03,0.05
3.37672e-03,0.01,-0.03
3.37680e-03,0.03,0.05
3.37688e-03,0.01,-0.01
3.37696e-03,0.03,0.05
3.37704e-03,0.01,-0.03
3.37712e-03,0.03,0.05
3.37720e-03,0.03,-0.03
3.37728e-03,0.03,0.05
3.37736e-03,0.03,-0.03
3.37744e-03,0.03,0.05
3.37752e-03,0.03,-0.03
3.37760e-03,0.01,0.05
3.37768e-03,0.05,-0.03
3.37776e-03,0.03,0.05
3.37784e-03,0.01,-0.03
3.37792e-03,0.05,0.05
3.37800e-03,0.03,-0.03
3.37808e-03,0.05,0.05
3.37816e-03,0.01,-0.01
3.37824e-03,0.05,0.07
3.37832e-03,0.01,-0.01
3.37840e-03,0.05,0.05
3.37848e-03,0.01,-0.01
3.37856e-03,0.01,0.05
3.37864e-03,0.03,-0.01
3.37872e-03,0.01,0.05
3.37880e-03,0.03,-0.01
3.37888e-03,0.03,0.05
3.37896e-03,0.07,-0.03
3.37904e-03,0.01,0.05
3.37912e-03,0.03,-0.01
3.37920e-03,0.01,0.07
3.37928e-03,0.03,-0.03
3.37936e-03,0.03,0.05
3.37944e-03,0.01,-0.01
3.37952e-03,0.05,0.05
3.37960e-03,0.03,-0.03
3.37968e-03,0.03,0.07
3.37976e-03,0.01,-0.01
3.37984e-03,0.03,0.07
3.37992e-03,0.05,-0.01
3.38000e-03,0.03,0.07
3.38008e-03,0.05,-0.01
3.38016e-03,0.01,0.05
3.38024e-03,0.03,-0.01
3.38032e-03,0.01,0.05
3.38040e-03,0.03,-0.03
3.38048e-03,0.03,0.05
3.38056e-03,0.01,-0.03
3.38064e-03,0.05,0.05
3.38072e-03,0.01,-0.01
3.38080e-03,0.03,0.05
3.38088e-03,0.01,-0.03
3.38096e-03,0.03,0.05
3.38104e-03,0.01,-0.01
3.38112e-03,0.05,0.05
3.38120e-03,0.03,-0.01
3.38128e-03,0.03,0.05
3.38136e-03,0.03,-0.01
3.38144e-03,0.03,0.05
3.38152e-03,0.03,-0.01
3.38160e-03,0.03,0.05
3.38168e-03,0.03,-0.01
3.38176e-03,0.03,0.05
3.38184e-03,0.03,-0.01
3.38192e-03,0.03,0.05
3.38200e-03,0.03,-0.03
3.38208e-03,0.03,0.05
3.38216e-03,0.01,-0.01
3.38224e-03,0.05,0.05
3.38232e-03,0.01,-0.01
3.38240e-03,0.03,0.05
3.38248e-03,0.03,-0.03
3.38256e-03,0.03,0.05
3.38264e-03,0.01,-0.01
3.38272e-03,0.03,0.05
3.38280e-03,0.03,-0.01
3.38288e-03,0.03,0.05
3.38296e-03,0.03,-0.01
3.38304e-03,0.03,0.05
3.38312e-03,0.03,-0.01
3.38320e-03,0.01,0.05
3.38328e-03,0.01,-0.01
3.38336e-03,0.03,0.05
3.38344e-03,0.01,-0.01
3.38352e-03,0.05,0.05
3.38360e-03,0.03,-0.01
3.38368e-03,0.01,0.05
3.38376e-03,0.03,-0.03
3.38384e-03,0.03,0.05
3.38392e-03,0.03,-0.03
3.38400e-03,0.03,0.05
3.38408e-03,0.03,-0.01
3.38416e-03,0.03,0.05
3.38424e-03,0.03,-0.01
3.38432e-03,0.01,0.05
3.38440e-03,0.03,-0.03
3.38448e-03,0.03,0.05
3.38456e-03,0.01,-0.01
3.38464e-03,0.03,0.05
3.38472e-03,0.01,-0.01
3.38480e-03,0.03,0.05
3.38488e-03,0.03,-0.01
3.38496e-03,0.05,0.05
3.38504e-03,0.03,-0.03
3.38512e-03,0.03,0.05
3.38520e-03,0.03,-0.03
3.38528e-03,0.01,0.05
3.38536e-03,0.05,-0.01
3.38544e-03,0.05,0.05
3.38552e-03,0.01,-0.05
3.38560e-03,0.01,0.07
3.38568e-03,0.01,-0.03
3.38576e-03,0.03,0.05
3.38584e-03,0.03,-0.03
3.38592e-03,0.03,0.05
3.38600e-03,0.03,-0.03
3.38608e-03,0.03,0.05
3.38616e-03,0.03,-0.03
3.38624e-03,0.05,0.05
3.38632e-03,0.01,-0.01
3.38640e-03,0.03,0.05
3.38648e-03,0.03,-0.03
3.38656e-03,0.03,0.05
3.38664e-03,0.01,-0.03
3.38672e-03,0.01,0.05
3.38680e-03,0.01,-0.01
3.38688e-03,0.03,0.05
3.38696e-03,0.03,-0.01
3.38704e-03,0.05,0.05
3.38712e-03,0.01,-0.01
3.38720e-03,0.03,0.05
3.38728e-03,0.01,-0.03
3.38736e-03,0.05,0.07
3.38744e-03,0.01,-0.03
3.38752e-03,0.03,0.05
3.38760e-03,0.01,-0.03
3.38768e-03,0.03,0.05
3.38776e-03,0.01,-0.03
3.38784e-03,0.01,0.05
3.38792e-03,0.05,-0.03
3.38800e-03,0.01,0.05
3.38808e-03,0.05,-0.01
3.38816e-03,0.03,0.05
3.38824e-03,0.01,-0.01
3.38832e-03,0.03,0.05
3.38840e-03,0.03,-0.01
3.38848e-03,0.03,0.05
3.38856e-03,0.03,-0.03
3.38864e-03,0.03,0.05
3.38872e-03,0.01,-0.03
3.38880e-03,0.03,0.03
3.38888e-03,0.01,-0.01
3.38896e-03,0.03,0.05
3.38904e-03,0.03,-0.03
3.38912e-03,0.03,0.05
3.38920e-03,0.03,-0.01
3.38928e-03,0.03,0.05
3.38936e-03,0.03,-0.03
3.38944e-03,0.01,0.05
3.38952e-03,0.03,-0.01
3.38960e-03,-0.01,0.05
3.38968e-03,0.03,-0.03
3.38976e-03,0.01,0.05
3.38984e-03,0.03,-0.03
3.38992e-03,0.03,0.05
3.39000e-03,0.03,-0.01
3.39008e-03,0.03,0.05
3.39016e-03,0.01,-0.03
3.39024e-03,0.03,0.05
3.39032e-03,0.01,-0.01
3.39040e-03,0.03,0.05
3.39048e-03,0.03,-0.03
3.39056e-03,0.03,0.05
3.39064e-03,0.03,-0.03
3.39072e-03,0.01,0.05
3.39080e-03,0.03,-0.03
3.39088e-03,0.03,0.05
3.39096e-03,0.03,-0.03
3.39104e-03,0.01,0.05
3.39112e-03,0.03,-0.03
3.39120e-03,0.03,0.05
3.39128e-03,0.03,-0.03
3.39136e-03,0.03,0.05
3.39144e-03,0.03,-0.01
3.39152e-03,0.03,0.05
3.39160e-03,0.03,-0.01
3.39168e-03,0.03,0.05
3.39176e-03,0.03,-0.01
3.39184e-03,0.03,0.05
3.39192e-03,0.01,-0.03
3.39200e-03,0.01,0.05
3.39208e-03,0.03,-0.03
3.39216e-03,0.03,0.07
3.39224e-03,0.05,-0.03
3.39232e-03,0.01,0.05
3.39240e-03,0.03,-0.01
3.39248e-03,0.03,0.05
3.39256e-03,0.03,-0.01
3.39264e-03,0.03,0.05
3.39272e-03,0.01,-0.03
3.39280e-03,0.05,0.05
3.39288e-03,0.03,-0.01
3.39296e-03,0.03,0.05
3.39304e-03,0.03,-0.03
3.39312e-03,0.03,0.05
3.39320e-03,0.03,-0.03
3.39328e-03,0.03,0.05
3.39336e-03,0.03,-0.03
3.39344e-03,0.03,0.05
3.39352e-03,0.05,-0.01
3.39360e-03,0.01,0.05
3.39368e-03,0.03,-0.03
3.39376e-03,0.03,0.05
3.39384e-03,0.01,-0.01
3.39392e-03,0.03,0.05
3.39400e-03,0.03,-0.03
3.39408e-03,0.03,0.05
3.39416e-03,0.01,-0.01
3.39424e-03,0.03,0.05
3.39432e-03,0.01,-0.03
3.39440e-03,0.01,0.05
3.39448e-03,0.03,-0.03
3.39456e-03,0.03,0.07
3.39464e-03,0.03,-0.03
3.39472e-03,0.03,0.05
3.39480e-03,0.05,-0.03
3.39488e-03,0.01,0.07
3.39496e-03,0.03,-0.03
3.39504e-03,0.03,0.05
3.39512e-03,0.03,-0.03
3.39520e-03,0.03,0.05
3.39528e-03,0.03,-0.01
3.39536e-03,0.03,0.05
3.39544e-03,0.03,-0.01
3.39552e-03,0.01,0.05
3.39560e-03,0.01,-0.03
3.39568e-03,0.03,0.05
3.39576e-03,0.01,-0.03
3.39584e-03,0.03,0.05
3.39592e-03,0.03,-0.03
3.39600e-03,0.03,0.05
3.39608e-03,0.03,-0.01
3.39616e-03,0.01,0.05
3.39624e-03,0.03,-0.03
3.39632e-03,0.03,0.05
3.39640e-03,0.03,-0.03
3.39648e-03,0.03,0.05
3.39656e-03,0.03,-0.01
3.39664e-03,0.03,0.05
3.39672e-03,0.03,-0.03
3.39680e-03,0.03,0.05
3.39688e-03,0.03,-0.01
3.39696e-03,0.03,0.05
3.39704e-03,0.01,-0.03
3.39712e-03,0.05,0.05
3.39720e-03,0.03,-0.03
3.39728e-03,0.01,0.05
3.39736e-03,0.03,-0.01
3.39744e-03,0.01,0.05
3.39752e-03,0.05,-0.03
3.39760e-03,0.03,0.05
3.39768e-03,0.03,-0.01
3.39776e-03,0.03,0.05
3.39784e-03,0.01,-0.01
3.39792e-03,0.03,0.05
3.39800e-03,0.01,-0.03
3.39808e-03,0.01,0.05
3.39816e-03,0.01,-0.01
3.39824e-03,0.03,0.05
3.39832e-03,0.03,-0.01
3.39840e-03,0.03,0.05
3.39848e-03,0.03,-0.01
3.39856e-03,0.03,0.05
3.39864e-03,0.05,-0.01
3.39872e-03,0.01,0.05
3.39880e-03,0.05,-0.01
3.39888e-03,0.01,0.05
3.39896e-03,0.03,-0.01
3.39904e-03,0.03,0.05
3.39912e-03,0.03,-0.01
3.39920e-03,0.03,0.05
3.39928e-03,0.01,-0.01
3.39936e-03,0.01,0.05
3.39944e-03,0.03,-0.01
3.39952e-03,0.05,0.05
3.39960e-03,0.01,-0.03
3.39968e-03,0.01,0.05
3.39976e-03,0.03,-0.01
3.39984e-03,0.03,0.05
3.39992e-03,0.05,-0.01
3.40000e-03,0.03,0.05
3.40008e-03,0.05,-0.01
3.40016e-03,0.01,0.05
3.40024e-03,0.03,-0.01
3.40032e-03,0.03,0.05
3.40040e-03,0.03,-0.01
3.40048e-03,0.03,0.05
3.40056e-03,0.03,-0.03
3.40064e-03,0.05,0.05
3.40072e-03,0.03,-0.03
3.40080e-03,0.05,0.05
3.40088e-03,0.03,-0.03
3.40096e-03,0.03,0.05
3.40104e-03,0.01,-0.01
3.40112e-03,0.03,0.05
3.40120e-03,0.03,-0.01
3.40128e-03,0.01,0.05
3.40136e-03,0.03,-0.03
3.40144e-03,0.01,0.05
3.40152e-03,0.05,-0.01
3.40160e-03,0.03,0.05
3.40168e-03,0.05,-0.01
3.40176e-03,0.05,0.05
3.40184e-03,0.05,-0.03
3.40192e-03,0.03,0.05
3.40200e-03,0.03,-0.03
3.40208e-03,0.03,0.05
3.40216e-03,0.03,-0.01
3.40224e-03,0.03,0.05
3.40232e-03,0.03,-0.01
3.40240e-03,0.03,0.05
3.40248e-03,0.05,-0.03
3.40256e-03,0.01,0.07
3.40264e-03,0.03,-0.01
3.40272e-03,0.01,0.05
3.40280e-03,0.05,-0.01
3.40288e-03,0.01,0.05
3.40296e-03,0.03,-0.01
3.40304e-03,0.03,0.05
3.40312e-03,0.03,-0.03
3.40320e-03,0.03,0.05
3.40328e-03,0.03,-0.03
3.40336e-03,0.01,0.05
3.40344e-03,-0.01,-0.03
3.40352e-03,0.03,0.07
3.40360e-03,0.03,-0.03
3.40368e-03,0.05,0.07
3.40376e-03,0.03,-0.03
3.40384e-03,0.03,0.07
3.40392e-03,0.03,-0.03
3.40400e-03,0.03,0.05
3.40408e-03,0.03,-0.03
3.40416e-03,-0.01,0.05
3.40424e-03,0.03,-0.03
3.40432e-03,0.03,0.07
3.40440e-03,0.03,-0.03
3.40448e-03,0.03,0.07
3.40456e-03,0.03,-0.03
3.40464e-03,0.03,0.05
3.40472e-03,0.03,-0.01
3.40480e-03,0.03,0.05
3.40488e-03,0.01,-0.01
3.40496e-03,0.05,0.05
3.40504e-03,0.03,-0.01
3.40512e-03,0.01,0.05
3.40520e-03,0.03,-0.03
3.40528e-03,0.01,0.05
3.40536e-03,0.03,-0.03
3.40544e-03,0.03,0.05
3.40552e-03,0.03,-0.03
3.40560e-03,0.01,0.05
3.40568e-03,0.03,-0.03
3.40576e-03,0.03,0.05
3.40584e-03,0.03,-0.03
3.40592e-03,0.03,0.05
3.40600e-03,0.03,-0.01
3.40608e-03,0.03,0.05
3.40616e-03,0.03,-0.03
3.40624e-03,0.05,0.05
3.40632e-03,0.03,-0.03
3.40640e-03,0.01,0.05
3.40648e-03,0.03,-0.01
3.40656e-03,0.01,0.05
3.40664e-03,0.03,-0.01
3.40672e-03,0.01,0.05
3.40680e-03,0.03,-0.01
3.40688e-03,0.03,0.05
3.40696e-03,0.05,-0.01
3.40704e-03,0.01,0.05
3.40712e-03,0.03,-0.01
3.40720e-03,0.03,0.05
3.40728e-03,0.01,-0.03
3.40736e-03,0.05,0.05
3.40744e-03,0.01,-0.01
3.40752e-03,0.03,0.05
3.40760e-03,0.01,-0.01
3.40768e-03,0.03,0.05
3.40776e-03,0.03,-0.03
3.40784e-03,0.03,0.05
3.40792e-03,0.01,-0.01
3.40800e-03,0.03,0.05
3.40808e-03,0.01,-0.03
3.40816e-03,0.03,0.05
3.40824e-03,0.03,-0.01
3.40832e-03,0.01,0.05
3.40840e-03,0.03,-0.03
3.40848e-03,0.03,0.05
3.40856e-03,0.03,-0.03
3.40864e-03,0.03,0.05
3.40872e-03,0.01,-0.01
3.40880e-03,0.03,0.05
3.40888e-03,0.03,-0.01
3.40896e-03,0.03,0.05
3.40904e-03,0.03,-0.03
3.40912e-03,0.03,0.05
3.40920e-03,0.03,-0.03
3.40928e-03,0.01,0.05
3.40936e-03,0.03,-0.03
3.40944e-03,0.01,0.05
3.40952e-03,0.03,-0.03
3.40960e-03,0.01,0.05
3.40968e-03,0.03,-0.01
3.40976e-03,0.01,0.05
3.40984e-03,0.03,-0.03
3.40992e-03,0.03,0.05
3.41000e-03,0.01,-0.03
3.41008e-03,0.03,0.05
3.41016e-03,0.03,-0.03
3.41024e-03,0.03,0.05
3.41032e-03,0.03,-0.03
3.41040e-03,0.01,0.05
3.41048e-03,0.05,-0.03
3.41056e-03,0.05,0.05
3.41064e-03,0.03,-0.01
3.41072e-03,0.01,0.07
3.41080e-03,0.03,-0.01
3.41088e-03,0.01,0.05
3.41096e-03,0.03,-0.01
3.41104e-03,0.03,0.05
3.41112e-03,0.03,-0.01
3.41120e-03,0.05,0.05
3.41128e-03,0.01,-0.01
3.41136e-03,0.05,0.05
3.41144e-03,0.01,-0.01
3.41152e-03,0.03,0.05
3.41160e-03,0.01,-0.03
3.41168e-03,0.03,0.05
3.41176e-03,0.05,-0.01
3.41184e-03,0.01,0.05
3.41192e-03,0.07,-0.01
3.41200e-03,0.01,0.07
3.41208e-03,0.03,-0.01
3.41216e-03,-0.01,0.07
3.41224e-03,0.03,-0.03
3.41232e-03,0.03,0.07
3.41240e-03,0.05,-0.03
3.41248e-03,0.03,0.07
3.41256e-03,0.03,-0.05
3.41264e-03,0.03,0.07
3.41272e-03,0.03,-0.01
3.41280e-03,0.05,0.05
3.41288e-03,0.03,-0.03
3.41296e-03,0.03,0.05
3.41304e-03,0.03,-0.01
3.41312e-03,0.03,0.05
3.41320e-03,0.05,-0.01
3.41328e-03,0.01,0.05
3.41336e-03,0.05,-0.03
3.41344e-03,0.01,0.05
3.41352e-03,0.03,-0.03
3.41360e-03,0.03,0.05
3.41368e-03,0.05,-0.03
3.41376e-03,0.01,0.05
3.41384e-03,0.03,-0.03
3.41392e-03,0.03,0.05
3.41400e-03,0.01,-0.01
3.41408e-03,0.03,0.05
3.41416e-03,0.01,-0.01
3.41424e-03,0.03,0.05
3.41432e-03,0.03,-0.03
3.41440e-03,0.03,0.05
3.41448e-03,0.03,-0.03
3.41456e-03,0.01,0.05
3.41464e-03,0.05,-0.03
3.41472e-03,0.01,0.05
3.41480e-03,0.05,-0.01
3.41488e-03,0.03,0.05
3.41496e-03,0.03,-0.03
3.41504e-03,0.01,0.05
3.41512e-03,0.03,-0.01
3.41520e-03,0.03,0.05
3.41528e-03,0.01,-0.03
3.41536e-03,0.03,0.05
3.41544e-03,0.01,-0.01
3.41552e-03,0.03,0.05
3.41560e-03,0.03,-0.03
3.41568e-03,0.03,0.05
3.41576e-03,0.03,-0.03
3.41584e-03,0.01,0.05
3.41592e-03,0.03,-0.03
3.41600e-03,0.01,0.05
3.41608e-03,0.05,-0.03
3.41616e-03,0.01,0.05
3.41624e-03,0.03,-0.01
3.41632e-03,0.01,0.05
3.41640e-03,0.03,-0.03
3.41648e-03,0.03,0.03
3.41656e-03,-0.01,-0.03
3.41664e-03,0.05,0.05
3.41672e-03,0.01,-0.03
3.41680e-03,0.03,0.05
3.41688e-03,0.03,-0.03
3.41696e-03,0.01,0.05
3.41704e-03,0.03,-0.01
3.41712e-03,0.05,0.05
3.41720e-03,0.01,-0.03
3.41728e-03,0.03,0.05
3.41736e-03,0.03,-0.03
3.41744e-03,0.01,0.05
3.41752e-03,0.03,-0.03
3.41760e-03,0.01,0.05
3.41768e-03,0.03,-0.03
3.41776e-03,0.03,0.05
3.41784e-03,0.03,-0.03
3.41792e-03,0.03,0.05
3.41800e-03,0.03,-0.03
3.41808e-03,0.07,0.05
3.41816e-03,0.01,-0.03
3.41824e-03,0.03,0.07
3.41832e-03,0.03,-0.05
3.41840e-03,0.03,0.07
3.41848e-03,0.03,-0.03
3.41856e-03,0.03,0.07
3.41864e-03,0.03,-0.01
3.41872e-03,0.01,0.05
3.41880e-03,0.03,-0.01
3.41888e-03,0.01,0.05
3.41896e-03,0.05,-0.01
3.41904e-03,0.03,0.05
3.41912e-03,0.03,-0.03
3.41920e-03,0.03,0.05
3.41928e-03,0.03,-0.05
3.41936e-03,0.05,0.05
3.41944e-03,0.01,-0.01
3.41952e-03,0.03,0.05
3.41960e-03,0.03,-0.01
3.41968e-03,0.03,0.05
3.41976e-03,0.03,-0.01
3.41984e-03,0.03,0.05
3.41992e-03,0.03,-0.01
3.42000e-03,0.03,0.05
3.42008e-03,0.05,-0.03
3.42016e-03,0.01,0.05
3.42024e-03,0.05,-0.03
3.42032e-03,0.03,0.05
3.42040e-03,0.03,-0.03
3.42048e-03,0.03,0.07
3.42056e-03,0.03,-0.01
3.42064e-03,0.03,0.05
3.42072e-03,0.01,-0.03
3.42080e-03,0.03,0.05
3.42088e-03,0.05,-0.03
3.42096e-03,0.03,0.05
3.42104e-03,0.03,-0.01
3.42112e-03,0.03,0.05
3.42120e-03,0.01,-0.01
3.42128e-03,0.01,0.05
3.42136e-03,0.05,-0.03
3.42144e-03,0.05,0.07
3.42152e-03,0.07,-0.05
3.42160e-03,0.03,0.07
3.42168e-03,0.03,-0.03
3.42176e-03,0.03,0.07
3.42184e-03,0.03,-0.03
3.42192e-03,0.05,0.07
3.42200e-03,0.01,-0.03
3.42208e-03,0.01,0.05
3.42216e-03,0.03,-0.03
3.42224e-03,0.01,0.05
3.42232e-03,0.03,-0.03
3.42240e-03,0.03,0.05
3.42248e-03,0.03,-0.01
3.42256e-03,0.03,0.05
3.42264e-03,0.03,-0.01
3.42272e-03,0.03,0.07
3.42280e-03,0.03,-0.01
3.42288e-03,0.03,0.07
3.42296e-03,0.03,-0.03
3.42304e-03,0.03,0.05
3.42312e-03,0.03,-0.01
3.42320e-03,0.03,0.05
3.42328e-03,0.03,-0.01
3.42336e-03,0.03,0.05
3.42344e-03,0.01,-0.01
3.42352e-03,0.03,0.05
3.42360e-03,0.01,-0.01
3.42368e-03,0.03,0.05
3.42376e-03,0.03,-0.01
3.42384e-03,0.03,0.05
3.42392e-03,0.03,-0.01
3.42400e-03,0.01,0.05
3.42408e-03,0.05,-0.03
3.42416e-03,0.01,0.05
3.42424e-03,0.05,-0.03
3.42432e-03,0.03,0.05
3.42440e-03,0.03,-0.01
3.42448e-03,0.03,0.05
3.42456e-03,0.03,-0.01
3.42464e-03,0.03,0.07
3.42472e-03,0.01,-0.03
3.42480e-03,0.03,0.05
3.42488e-03,0.01,-0.03
3.42496e-03,0.05,0.05
3.42504e-03,-0.01,-0.01
3.42512e-03,0.01,0.05
3.42520e-03,0.03,-0.03
3.42528e-03,0.01,0.05
3.42536e-03,0.03,-0.01
3.42544e-03,0.01,0.05
3.42552e-03,0.03,-0.01
3.42560e-03,0.03,0.05
3.42568e-03,0.03,-0.03
3.42576e-03,0.03,0.05
3.42584e-03,0.01,-0.03
3.42592e-03,0.03,0.05
3.42600e-03,0.01,-0.03
3.42608e-03,0.01,0.05
3.42616e-03,0.01,-0.03
3.42624e-03,0.03,0.05
3.42632e-03,0.01,-0.03
3.42640e-03,0.03,0.05
3.42648e-03,0.03,-0.03
3.42656e-03,0.01,0.05
3.42664e-03,0.03,-0.03
3.42672e-03,0.01,0.05
3.42680e-03,0.01,-0.03
3.42688e-03,0.01,0.05
3.42696e-03,0.01,-0.01
3.42704e-03,0.03,0.05
3.42712e-03,0.01,-0.03
3.42720e-03,0.03,0.05
3.42728e-03,0.03,-0.03
3.42736e-03,0.03,0.05
3.42744e-03,0.01,-0.03
3.42752e-03,0.03,0.05
3.42760e-03,0.01,-0.03
3.42768e-03,0.05,0.03
3.42776e-03,0.03,-0.03
3.42784e-03,0.03,0.05
3.42792e-03,0.03,-0.01
3.42800e-03,0.01,0.05
3.42808e-03,0.03,-0.03
3.42816e-03,0.03,0.05
3.42824e-03,0.03,-0.03
3.42832e-03,0.03,0.05
3.42840e-03,0.03,-0.03
3.42848e-03,0.03,0.05
3.42856e-03,0.03,-0.01
3.42864e-03,0.03,0.05
3.42872e-03,0.03,-0.01
3.42880e-03,0.03,0.05
3.42888e-03,-0.01,-0.01
3.42896e-03,0.03,0.05
3.42904e-03,0.03,-0.03
3.42912e-03,0.05,0.05
3.42920e-03,0.03,-0.01
3.42928e-03,0.03,0.05
3.42936e-03,0.03,-0.01
3.42944e-03,0.03,0.05
3.42952e-03,0.03,-0.01
3.42960e-03,0.01,0.05
3.42968e-03,0.03,-0.01
3.42976e-03,0.03,0.05
3.42984e-03,0.03,-0.03
3.42992e-03,0.03,0.05
3.43000e-03,0.01,-0.01
3.43008e-03,0.05,0.05
3.43016e-03,0.03,-0.03
3.43024e-03,0.05,0.07
3.43032e-03,0.03,-0.05
3.43040e-03,-0.01,0.07
3.43048e-03,0.01,-0.05
3.43056e-03,0.03,0.05
3.43064e-03,0.03,-0.03
3.43072e-03,0.03,0.07
3.43080e-03,0.03,-0.01
3.43088e-03,0.01,0.07
3.43096e-03,0.03,-0.01
3.43104e-03,0.01,0.05
3.43112e-03,0.05,-0.01
3.43120e-03,0.03,0.05
3.43128e-03,0.03,-0.01
3.43136e-03,0.03,0.05
3.43144e-03,0.03,-0.01
3.43152e-03,0.03,0.05
3.43160e-03,0.01,-0.01
3.43168e-03,0.03,0.05
3.43176e-03,0.03,-0.03
3.43184e-03,0.03,0.05
3.43192e-03,0.03,-0.01
3.43200e-03,0.03,0.07
3.43208e-03,0.03,-0.01
3.43216e-03,0.01,0.05
3.43224e-03,0.05,-0.01
3.43232e-03,0.03,0.05
3.43240e-03,0.03,-0.01
3.43248e-03,0.03,0.05
3.43256e-03,0.03,-0.01
3.43264e-03,0.03,0.05
3.43272e-03,0.01,-0.01
3.43280e-03,0.03,0.05
3.43288e-03,0.01,-0.01
3.43296e-03,0.03,0.05
3.43304e-03,0.03,-0.01
3.43312e-03,0.03,0.05
3.43320e-03,0.03,-0.01
3.43328e-03,0.03,0.05
3.43336e-03,0.03,-0.01
3.43344e-03,0.01,0.07
3.43352e-03,0.03,-0.01
3.43360e-03,0.03,0.05
3.43368e-03,0.03,-0.01
3.43376e-03,0.03,0.05
3.43384e-03,0.03,-0.01
3.43392e-03,0.03,0.05
3.43400e-03,0.01,-0.01
3.43408e-03,0.03,0.05
3.43416e-03,0.03,-0.01
3.43424e-03,0.01,0.05
3.43432e-03,0.05,-0.01
3.43440e-03,0.05,0.05
3.43448e-03,0.03,-0.03
3.43456e-03,0.01,0.07
3.43464e-03,0.01,-0.03
3.43472e-03,0.03,0.05
3.43480e-03,0.03,-0.01
3.43488e-03,0.01,0.05
3.43496e-03,0.01,-0.01
3.43504e-03,0.03,0.05
3.43512e-03,0.03,-0.01
3.43520e-03,0.03,0.05
3.43528e-03,0.01,-0.03
3.43536e-03,0.05,0.05
3.43544e-03,0.01,-0.03
3.43552e-03,0.01,0.05
3.43560e-03,0.03,-0.03
3.43568e-03,0.03,0.05
3.43576e-03,0.03,-0.01
3.43584e-03,0.03,0.03
3.43592e-03,0.03,-0.01
3.43600e-03,0.03,0.05
3.43608e-03,0.03,-0.01
3.43616e-03,0.01,0.05
3.43624e-03,0.01,-0.03
3.43632e-03,0.01,0.05
3.43640e-03,0.03,-0.03
3.43648e-03,0.03,0.05
3.43656e-03,0.01,-0.01
3.43664e-03,0.03,0.05
3.43672e-03,0.01,-0.03
3.43680e-03,0.03,0.05
3.43688e-03,0.01,-0.03
3.43696e-03,0.03,0.05
3.43704e-03,0.03,-0.01
3.43712e-03,0.05,0.05
3.43720e-03,0.01,-0.01
3.43728e-03,0.03,0.07
3.43736e-03,0.03,-0.03
3.43744e-03,0.03,0.05
3.43752e-03,0.05,-0.01
3.43760e-03,0.01,0.05
3.43768e-03,0.03,-0.01
3.43776e-03,0.03,0.05
3.43784e-03,0.01,-0.01
3.43792e-03,0.03,0.05
3.43800e-03,0.01,-0.03
3.43808e-03,0.03,0.05
3.43816e-03,0.03,-0.01
3.43824e-03,0.03,0.05
3.43832e-03,0.03,-0.03
3.43840e-03,0.03,0.05
3.43848e-03,0.03,-0.01
3.43856e-03,0.01,0.05
3.43864e-03,0.03,-0.03
3.43872e-03,0.03,0.05
3.43880e-03,0.03,-0.03
3.43888e-03,0.03,0.05
3.43896e-03,0.01,-0.01
3.43904e-03,0.03,0.05
3.43912e-03,0.01,-0.01
3.43920e-03,0.03,0.05
3.43928e-03,0.05,-0.03
3.43936e-03,0.05,0.07
3.43944e-03,0.03,-0.03
3.43952e-03,0.03,0.07
3.43960e-03,0.01,-0.03
3.43968e-03,0.03,0.05
3.43976e-03,0.01,-0.03
3.43984e-03,0.03,0.05
3.43992e-03,0.03,-0.01
3.44000e-03,0.03,0.05
3.44008e-03,0.05,-0.01
3.44016e-03,0.01,0.05
3.44024e-03,0.03,-0.03
3.44032e-03,0.05,0.05
3.44040e-03,0.03,-0.03
3.44048e-03,0.03,0.05
3.44056e-03,0.03,-0.01
3.44064e-03,0.05,0.05
3.44072e-03,0.03,-0.03
3.44080e-03,0.05,0.05
3.44088e-03,0.01,-0.01
3.44096e-03,0.03,0.05
3.44104e-03,0.03,-0.01
3.44112e-03,0.03,0.07
3.44120e-03,0.05,-0.01
3.44128e-03,0.01,0.05
3.44136e-03,0.05,-0.03
3.44144e-03,0.01,0.05
3.44152e-03,0.03,-0.01
3.44160e-03,0.01,0.05
3.44168e-03,0.03,-0.03
3.44176e-03,0.03,0.05
3.44184e-03,0.03,-0.01
3.44192e-03,0.03,0.05
3.44200e-03,0.03,-0.01
3.44208e-03,0.05,0.05
3.44216e-03,0.01,-0.03
3.44224e-03,0.03,0.05
3.44232e-03,0.03,-0.01
3.44240e-03,0.01,0.05
3.44248e-03,0.05,-0.03
3.44256e-03,0.01,0.05
3.44264e-03,0.03,-0.01
3.44272e-03,0.01,0.05
3.44280e-03,0.05,-0.03
3.44288e-03,0.03,0.05
3.44296e-03,0.03,-0.03
3.44304e-03,0.01,0.05
3.44312e-03,0.03,-0.01
3.44320e-03,0.03,0.05
3.44328e-03,0.03,-0.03
3.44336e-03,0.03,0.05
3.44344e-03,0.03,-0.01
3.44352e-03,0.05,0.05
3.44360e-03,0.03,-0.03
3.44368e-03,0.03,0.05
3.44376e-03,0.03,-0.01
3.44384e-03,0.03,0.05
3.44392e-03,0.03,-0.01
3.44400e-03,0.01,0.05
3.44408e-03,0.05,-0.01
3.44416e-03,0.01,0.05
3.44424e-03,0.01,-0.03
3.44432e-03,0.01,0.05
3.44440e-03,0.03,-0.03
3.44448e-03,0.03,0.07
3.44456e-03,0.03,-0.03
3.44464e-03,0.03,0.07
3.44472e-03,0.01,-0.03
3.44480e-03,0.03,0.05
3.44488e-03,0.01,-0.01
3.44496e-03,0.05,0.05
3.44504e-03,0.01,-0.03
3.44512e-03,0.03,0.05
3.44520e-03,0.05,-0.01
3.44528e-03,0.03,0.05
3.44536e-03,0.05,-0.01
3.44544e-03,0.03,0.05
3.44552e-03,0.03,-0.01
3.44560e-03,0.01,0.05
3.44568e-03,0.03,-0.03
3.44576e-03,0.03,0.05
3.44584e-03,0.03,-0.01
3.44592e-03,0.01,0.05
3.44600e-03,0.03,-0.01
3.44608e-03,0.03,0.05
3.44616e-03,0.03,-0.01
3.44624e-03,0.03,0.05
3.44632e-03,0.01,-0.01
3.44640e-03,0.05,0.05
3.44648e-03,0.03,-0.03
3.44656e-03,0.01,0.05
3.44664e-03,0.03,-0.01
3.44672e-03,0.01,0.05
3.44680e-03,0.05,-0.03
3.44688e-03,0.03,0.05
3.44696e-03,0.03,-0.03
3.44704e-03,0.03,0.05
3.44712e-03,0.03,-0.01
3.44720e-03,0.03,0.05
3.44728e-03,0.03,-0.01
3.44736e-03,0.03,0.05
3.44744e-03,0.01,-0.01
3.44752e-03,0.05,0.05
3.44760e-03,0.01,-0.03
3.44768e-03,0.03,0.05
3.44776e-03,0.05,-0.01
3.44784e-03,0.03,0.05
3.44792e-03,0.05,-0.03
3.44800e-03,0.03,0.05
3.44808e-03,0.03,-0.03
3.44816e-03,0.01,0.05
3.44824e-03,0.01,-0.05
3.44832e-03,0.01,0.07
3.44840e-03,0.05,-0.03
3.44848e-03,0.01,0.05
3.44856e-03,0.03,-0.03
3.44864e-03,0.03,0.05
3.44872e-03,0.03,-0.01
3.44880e-03,0.05,0.05
3.44888e-03,0.01,-0.01
3.44896e-03,0.03,0.05
3.44904e-03,0.03,-0.01
3.44912e-03,0.03,0.05
3.44920e-03,0.03,-0.01
3.44928e-03,0.03,0.05
3.44936e-03,0.03,-0.01
3.44944e-03,0.05,0.05
3.44952e-03,0.03,-0.01
3.44960e-03,0.03,0.05
3.44968e-03,0.03,-0.03
3.44976e-03,0.03,0.05
3.44984e-03,0.03,-0.03
3.44992e-03,0.03,0.05
3.45000e-03,0.01,-0.03
3.45008e-03,0.03,0.05
3.45016e-03,0.01,-0.01
3.45024e-03,0.03,0.05
3.45032e-03,0.01,-0.01
3.45040e-03,0.03,0.05
3.45048e-03,0.03,-0.01
3.45056e-03,0.03,0.05
3.45064e-03,0.03,-0.03
3.45072e-03,0.01,0.05
3.45080e-03,0.03,-0.01
3.45088e-03,0.03,0.05
3.45096e-03,0.05,-0.03
3.45104e-03,0.01,0.05
3.45112e-03,0.03,-0.01
3.45120e-03,0.03,0.05
3.45128e-03,0.03,-0.03
3.45136e-03,0.03,0.05
3.45144e-03,0.01,-0.01
3.45152e-03,0.03,0.07
3.45160e-03,0.01,-0.03
3.45168e-03,0.03,0.05
3.45176e-03,0.03,-0.03
3.45184e-03,0.03,0.05
3.45192e-03,0.03,-0.01
3.45200e-03,0.03,0.05
3.45208e-03,0.03,-0.03
3.45216e-03,0.01,0.05
3.45224e-03,0.03,-0.01
3.45232e-03,0.03,0.05
3.45240e-03,0.03,-0.01
3.45248e-03,0.03,0.05
3.45256e-03,0.01,-0.01
3.45264e-03,0.05,0.05
3.45272e-03,0.03,-0.01
3.45280e-03,0.03,0.05
3.45288e-03,0.01,-0.01
3.45296e-03,0.03,0.05
3.45304e-03,0.03,-0.01
3.45312e-03,0.03,0.05
3.45320e-03,0.03,-0.03
3.45328e-03,0.03,0.05
3.45336e-03,0.03,-0.01
3.45344e-03,0.03,0.05
3.45352e-03,0.05,-0.03
3.45360e-03,0.03,0.05
3.45368e-03,0.03,-0.01
3.45376e-03,0.03,0.05
3.45384e-03,0.03,-0.03
3.45392e-03,0.05,0.05
3.45400e-03,0.03,-0.01
3.45408e-03,0.05,0.05
3.45416e-03,0.03,-0.01
3.45424e-03,0.03,0.05
3.45432e-03,0.03,-0.01
3.45440e-03,0.03,0.07
3.45448e-03,0.03,-0.01
3.45456e-03,0.03,0.05
3.45464e-03,0.03,-0.01
3.45472e-03,0.03,0.05
3.45480e-03,0.03,-0.01
3.45488e-03,0.03,0.05
3.45496e-03,0.03,-0.03
3.45504e-03,0.01,0.05
3.45512e-03,0.03,-0.01
3.45520e-03,0.03,0.05
3.45528e-03,0.03,-0.03
3.45536e-03,0.03,0.05
3.45544e-03,0.01,-0.01
3.45552e-03,0.03,0.05
3.45560e-03,0.03,-0.01
3.45568e-03,0.03,0.05
3.45576e-03,0.03,-0.03
3.45584e-03,0.03,0.05
3.45592e-03,0.03,-0.03
3.45600e-03,0.03,0.05
3.45608e-03,0.01,-0.03
3.45616e-03,0.01,0.05
3.45624e-03,0.03,-0.01
3.45632e-03,0.01,0.05
3.45640e-03,0.03,-0.01
3.45648e-03,0.03,0.05
3.45656e-03,0.01,-0.01
3.45664e-03,0.05,0.05
3.45672e-03,-0.01,-0.01
3.45680e-03,0.05,0.05
3.45688e-03,0.01,-0.03
3.45696e-03,0.03,0.05
3.45704e-03,0.03,-0.01
3.45712e-03,0.05,0.05
3.45720e-03,0.03,-0.03
3.45728e-03,0.01,0.05
3.45736e-03,0.01,-0.03
3.45744e-03,0.01,0.07
3.45752e-03,0.03,-0.03
3.45760e-03,0.03,0.07
3.45768e-03,0.03,-0.03
3.45776e-03,0.03,0.05
3.45784e-03,0.03,-0.03
3.45792e-03,0.03,0.05
3.45800e-03,0.01,-0.03
3.45808e-03,0.03,0.03
3.45816e-03,0.01,-0.01
3.45824e-03,0.03,0.05
3.45832e-03,0.01,-0.03
3.45840e-03,0.03,0.05
3.45848e-03,0.03,-0.01
3.45856e-03,0.03,0.05
3.45864e-03,0.01,-0.03
3.45872e-03,0.01,0.05
3.45880e-03,0.03,-0.01
3.45888e-03,0.01,0.05
3.45896e-03,0.03,-0.01
3.45904e-03,0.03,0.05
3.45912e-03,0.03,-0.01
3.45920e-03,0.03,0.05
3.45928e-03,0.03,-0.01
3.45936e-03,0.05,0.05
3.45944e-03,0.03,-0.01
3.45952e-03,0.03,0.05
3.45960e-03,0.03,-0.03
3.45968e-03,0.03,0.05
3.45976e-03,0.03,-0.03
3.45984e-03,0.01,0.05
3.45992e-03,0.03,-0.03
3.46000e-03,0.03,0.05
3.46008e-03,0.03,-0.03
3.46016e-03,0.01,0.05
3.46024e-03,0.05,-0.01
3.46032e-03,0.03,0.05
3.46040e-03,0.03,-0.03
3.46048e-03,0.03,0.05
3.46056e-03,0.03,-0.01
3.46064e-03,0.03,0.05
3.46072e-03,0.03,-0.03
3.46080e-03,0.03,0.05
3.46088e-03,0.01,-0.01
3.46096e-03,0.03,0.05
3.46104e-03,0.03,-0.03
3.46112e-03,0.03,0.05
3.46120e-03,0.03,-0.01
3.46128e-03,0.01,0.05
3.46136e-03,0.05,-0.01
3.46144e-03,0.01,0.05
3.46152e-03,0.03,-0.01
3.46160e-03,0.03,0.05
3.46168e-03,0.03,-0.01
3.46176e-03,0.03,0.05
3.46184e-03,0.01,-0.01
3.46192e-03,0.03,0.05
3.46200e-03,0.03,-0.01
3.46208e-03,0.03,0.05
3.46216e-03,0.03,-0.01
3.46224e-03,0.05,0.05
3.46232e-03,0.03,-0.01
3.46240e-03,0.05,0.05
3.46248e-03,0.03,-0.01
3.46256e-03,0.03,0.05
3.46264e-03,0.03,-0.03
3.46272e-03,0.01,0.05
3.46280e-03,0.03,-0.03
3.46288e-03,0.03,0.05
3.46296e-03,0.03,-0.03
3.46304e-03,0.03,0.05
3.46312e-03,0.03,-0.03
3.46320e-03,0.03,0.05
3.46328e-03,0.05,-0.03
3.46336e-03,0.03,0.05
3.46344e-03,0.01,-0.03
3.46352e-03,0.03,0.05
3.46360e-03,0.03,-0.01
3.46368e-03,0.03,0.05
3.46376e-03,0.03,-0.01
3.46384e-03,0.03,0.05
3.46392e-03,0.01,-0.03
3.46400e-03,0.01,0.07
3.46408e-03,0.03,-0.03
3.46416e-03,0.03,0.05
3.46424e-03,0.05,-0.01
3.46432e-03,0.01,0.05
3.46440e-03,0.03,-0.03
3.46448e-03,0.03,0.07
3.46456e-03,0.03,-0.03
3.46464e-03,0.03,0.05
3.46472e-03,0.03,-0.03
3.46480e-03,0.03,0.05
3.46488e-03,0.01,-0.01
3.46496e-03,0.03,0.05
3.46504e-03,0.01,-0.01
3.46512e-03,0.03,0.05
3.46520e-03,0.03,-0.03
3.46528e-03,0.01,0.05
3.46536e-03,0.03,-0.01
3.46544e-03,0.03,0.05
3.46552e-03,0.05,-0.03
3.46560e-03,0.03,0.05
3.46568e-03,0.03,-0.01
3.46576e-03,0.05,0.05
3.46584e-03,0.03,-0.01
3.46592e-03,0.03,0.05
3.46600e-03,-0.01,-0.03
3.46608e-03,0.01,0.05
3.46616e-03,0.01,-0.03
3.46624e-03,0.05,0.07
3.46632e-03,0.01,-0.03
3.46640e-03,0.03,0.07
3.46648e-03,0.03,-0.03
3.46656e-03,0.01,0.05
3.46664e-03,0.05,-0.03
3.46672e-03,0.03,0.05
3.46680e-03,0.03,-0.03
3.46688e-03,0.03,0.07
3.46696e-03,0.01,-0.03
3.46704e-03,0.03,0.05
3.46712e-03,0.01,-0.03
3.46720e-03,0.03,0.05
3.46728e-03,0.01,-0.01
3.46736e-03,0.03,0.05
3.46744e-03,0.03,-0.03
3.46752e-03,0.03,0.05
3.46760e-03,0.01,-0.03
3.46768e-03,0.03,0.05
3.46776e-03,0.03,-0.03
3.46784e-03,0.03,0.05
3.46792e-03,0.03,-0.01
3.46800e-03,0.01,0.05
3.46808e-03,0.03,-0.03
3.46816e-03,0.01,0.05
3.46824e-03,0.03,-0.03
3.46832e-03,0.05,0.05
3.46840e-03,0.03,-0.03
3.46848e-03,0.03,0.05
3.46856e-03,0.01,-0.01
3.46864e-03,0.01,0.05
3.46872e-03,0.01,-0.01
3.46880e-03,0.03,0.05
3.46888e-03,0.01,-0.01
3.46896e-03,0.03,0.05
3.46904e-03,0.03,-0.01
3.46912e-03,0.03,0.05
3.46920e-03,0.03,-0.03
3.46928e-03,0.01,0.05
3.46936e-03,0.03,-0.01
3.46944e-03,0.01,0.05
3.46952e-03,0.03,-0.03
3.46960e-03,0.03,0.05
3.46968e-03,0.03,-0.03
3.46976e-03,0.01,0.07
3.46984e-03,0.03,-0.01
3.46992e-03,0.03,0.05
3.47000e-03,0.03,-0.01
3.47008e-03,0.01,0.05
3.47016e-03,0.03,-0.01
3.47024e-03,0.03,0.05
3.47032e-03,0.03,-0.01
3.47040e-03,0.03,0.05
3.47048e-03,0.01,-0.01
3.47056e-03,0.01,0.05
3.47064e-03,0.05,-0.05
3.47072e-03,0.03,0.07
3.47080e-03,0.03,-0.03
3.47088e-03,0.03,0.05
3.47096e-03,0.03,-0.01
3.47104e-03,0.03,0.05
3.47112e-03,0.03,-0.01
3.47120e-03,0.03,0.05
3.47128e-03,0.03,-0.01
3.47136e-03,0.03,0.05
3.47144e-03,0.03,-0.01
3.47152e-03,0.03,0.05
3.47160e-03,0.01,-0.03
3.47168e-03,0.05,0.05
3.47176e-03,0.03,-0.01
3.47184e-03,0.03,0.05
3.47192e-03,0.03,-0.01
3.47200e-03,0.03,0.05
3.47208e-03,0.03,-0.01
3.47216e-03,0.01,0.05
3.47224e-03,0.03,-0.01
3.47232e-03,0.03,0.05
3.47240e-03,0.05,-0.03
3.47248e-03,0.03,0.05
3.47256e-03,0.03,-0.03
3.47264e-03,0.03,0.07
3.47272e-03,0.03,-0.03
3.47280e-03,0.03,0.07
3.47288e-03,0.03,-0.01
3.47296e-03,0.05,0.05
3.47304e-03,0.03,-0.01
3.47312e-03,0.03,0.05
3.47320e-03,0.03,-0.01
3.47328e-03,0.03,0.05
3.47336e-03,0.05,-0.01
3.47344e-03,0.01,0.05
3.47352e-03,0.05,-0.01
3.47360e-03,0.03,0.05
3.47368e-03,0.05,-0.03
3.47376e-03,0.03,0.05
3.47384e-03,0.03,-0.01
3.47392e-03,0.03,0.05
3.47400e-03,0.03,-0.03
3.47408e-03,0.05,0.05
3.47416e-03,0.01,-0.03
3.47424e-03,0.05,0.05
3.47432e-03,0.01,-0.01
3.47440e-03,0.03,0.05
3.47448e-03,0.03,-0.03
3.47456e-03,0.01,0.05
3.47464e-03,0.03,-0.01
3.47472e-03,0.01,0.05
3.47480e-03,0.05,-0.01
3.47488e-03,0.03,0.05
3.47496e-03,0.03,-0.03
3.47504e-03,0.03,0.05
3.47512e-03,0.01,-0.03
3.47520e-03,0.01,0.05
3.47528e-03,0.01,-0.03
3.47536e-03,0.07,0.07
3.47544e-03,0.03,-0.01
3.47552e-03,0.05,0.07
3.47560e-03,0.01,-0.03
3.47568e-03,0.03,0.05
3.47576e-03,0.03,-0.01
3.47584e-03,0.03,0.05
3.47592e-03,0.03,-0.01
3.47600e-03,0.01,0.05
3.47608e-03,0.03,-0.01
3.47616e-03,0.01,0.05
3.47624e-03,0.03,-0.03
3.47632e-03,0.01,0.05
3.47640e-03,0.03,-0.01
3.47648e-03,0.03,0.05
3.47656e-03,0.03,-0.03
3.47664e-03,0.03,0.05
3.47672e-03,0.01,-0.01
3.47680e-03,0.03,0.05
3.47688e-03,0.01,-0.03
3.47696e-03,0.03,0.05
3.47704e-03,0.05,-0.03
3.47712e-03,-0.01,0.05
3.47720e-03,0.03,-0.03
3.47728e-03,0.05,0.05
3.47736e-03,0.03,-0.03
3.47744e-03,0.01,0.05
3.47752e-03,0.03,-0.01
3.47760e-03,0.01,0.07
3.47768e-03,0.03,-0.03
3.47776e-03,0.03,0.05
3.47784e-03,0.01,-0.03
3.47792e-03,0.03,0.05
3.47800e-03,0.03,-0.03
3.47808e-03,0.05,0.05
3.47816e-03,0.01,-0.03
3.47824e-03,0.03,0.05
3.47832e-03,0.03,-0.03
3.47840e-03,0.03,0.05
3.47848e-03,0.01,-0.03
3.47856e-03,0.01,0.05
3.47864e-03,0.03,-0.01
3.47872e-03,0.03,0.05
3.47880e-03,0.05,-0.01
3.47888e-03,0.03,0.05
3.47896e-03,0.01,-0.01
3.47904e-03,0.03,0.05
3.47912e-03,0.03,-0.03
3.47920e-03,0.05,0.07
3.47928e-03,-0.01,-0.03
3.47936e-03,0.03,0.05
3.47944e-03,0.01,-0.03
3.47952e-03,0.03,0.07
3.47960e-03,0.03,-0.03
3.47968e-03,0.03,0.05
3.47976e-03,0.03,-0.01
3.47984e-03,0.01,0.05
3.47992e-03,0.03,-0.03
3.48000e-03,0.03,0.05
3.48008e-03,0.03,-0.03
3.48016e-03,0.01,0.05
3.48024e-03,0.03,-0.03
3.48032e-03,0.01,0.05
3.48040e-03,0.03,-0.01
3.48048e-03,0.03,0.05
3.48056e-03,0.01,-0.03
3.48064e-03,0.03,0.05
3.48072e-03,0.03,-0.03
3.48080e-03,0.03,0.05
3.48088e-03,0.03,-0.01
3.48096e-03,0.03,0.05
3.48104e-03,0.03,-0.01
3.48112e-03,0.03,0.05
3.48120e-03,0.03,-0.01
3.48128e-03,0.01,0.05
3.48136e-03,0.03,-0.01
3.48144e-03,0.03,0.05
3.48152e-03,0.05,-0.01
3.48160e-03,0.01,0.05
3.48168e-03,0.03,-0.01
3.48176e-03,0.03,0.05
3.48184e-03,0.03,-0.03
3.48192e-03,0.05,0.05
3.48200e-03,0.01,-0.01
3.48208e-03,0.03,0.05
3.48216e-03,0.03,-0.01
3.48224e-03,0.05,0.05
3.48232e-03,0.03,-0.01
3.48240e-03,0.05,0.05
3.48248e-03,0.05,-0.01
3.48256e-03,0.03,0.05
3.48264e-03,0.03,-0.01
3.48272e-03,0.01,0.05
3.48280e-03,0.03,-0.03
3.48288e-03,0.01,0.05
3.48296e-03,0.05,-0.01
3.48304e-03,0.03,0.07
3.48312e-03,0.03,-0.03
3.48320e-03,0.03,0.05
3.48328e-03,0.03,-0.03
3.48336e-03,0.03,0.05
3.48344e-03,0.01,-0.03
3.48352e-03,0.03,0.05
3.48360e-03,0.03,-0.01
3.48368e-03,0.05,0.05
3.48376e-03,0.03,-0.01
3.48384e-03,0.01,0.05
3.48392e-03,0.03,-0.01
3.48400e-03,0.03,0.05
3.48408e-03,0.05,-0.03
3.48416e-03,0.03,0.05
3.48424e-03,0.03,-0.03
3.48432e-03,0.03,0.05
3.48440e-03,0.03,-0.01
3.48448e-03,0.03,0.05
3.48456e-03,0.03,-0.03
3.48464e-03,0.03,0.05
3.48472e-03,0.03,-0.01
3.48480e-03,0.03,0.07
3.48488e-03,0.03,-0.01
3.48496e-03,0.03,0.05
3.48504e-03,0.03,-0.03
3.48512e-03,0.03,0.05
3.48520e-03,0.03,-0.03
3.48528e-03,0.03,0.05
3.48536e-03,0.05,-0.01
3.48544e-03,0.01,0.05
3.48552e-03,0.03,-0.01
3.48560e-03,0.03,0.05
3.48568e-03,0.03,-0.01
3.48576e-03,0.01,0.05
3.48584e-03,0.03,-0.01
3.48592e-03,0.03,0.05
3.48600e-03,0.03,-0.01
3.48608e-03,0.03,0.05
3.48616e-03,0.03,-0.01
3.48624e-03,0.05,0.05
3.48632e-03,0.01,-0.01
3.48640e-03,0.05,0.05
3.48648e-03,0.03,-0.01
3.48656e-03,0.01,0.05
3.48664e-03,0.03,-0.03
3.48672e-03,0.01,0.05
3.48680e-03,0.03,-0.03
3.48688e-03,0.03,0.05
3.48696e-03,0.03,-0.01
3.48704e-03,0.01,0.05
3.48712e-03,0.03,-0.01
3.48720e-03,0.05,0.05
3.48728e-03,0.01,-0.01
3.48736e-03,0.03,0.05
3.48744e-03,0.01,-0.03
3.48752e-03,0.03,0.07
3.48760e-03,0.03,-0.03
3.48768e-03,0.05,0.05
3.48776e-03,0.03,-0.03
3.48784e-03,0.03,0.05
3.48792e-03,0.05,-0.03
3.48800e-03,0.03,0.05
3.48808e-03,0.01,-0.01
3.48816e-03,0.03,0.05
3.48824e-03,0.03,-0.03
3.48832e-03,0.03,0.05
3.48840e-03,0.03,-0.01
3.48848e-03,0.01,0.05
3.48856e-03,0.01,-0.03
3.48864e-03,0.03,0.05
3.48872e-03,-0.01,-0.03
3.48880e-03,0.03,0.03
3.48888e-03,0.01,-0.03
3.48896e-03,0.05,0.05
3.48904e-03,0.03,-0.03
3.48912e-03,0.01,0.05
3.48920e-03,0.03,-0.03
3.48928e-03,0.01,0.05
3.48936e-03,0.05,-0.03
3.48944e-03,0.03,0.05
3.48952e-03,0.03,-0.03
3.48960e-03,0.03,0.05
3.48968e-03,0.01,-0.03
3.48976e-03,0.03,0.05
3.48984e-03,0.03,-0.03
3.48992e-03,0.05,0.07
3.49000e-03,0.01,-0.03
3.49008e-03,0.05,0.05
3.49016e-03,0.01,-0.03
3.49024e-03,0.03,0.05
3.49032e-03,0.03,-0.01
3.49040e-03,0.03,0.05
3.49048e-03,0.03,-0.01
3.49056e-03,0.01,0.05
3.49064e-03,0.05,-0.03
3.49072e-03,0.03,0.05
3.49080e-03,0.03,-0.01
3.49088e-03,0.03,0.05
3.49096e-03,0.05,-0.03
3.49104e-03,0.03,0.05
3.49112e-03,0.03,-0.01
3.49120e-03,0.03,0.07
3.49128e-03,0.01,-0.01
3.49136e-03,0.03,0.05
3.49144e-03,0.03,-0.03
3.49152e-03,0.03,0.05
3.49160e-03,0.03,-0.01
3.49168e-03,0.03,0.05
3.49176e-03,0.05,-0.01
3.49184e-03,0.03,0.05
3.49192e-03,0.03,-0.03
3.49200e-03,0.03,0.05
3.49208e-03,0.03,-0.01
3.49216e-03,0.03,0.05
3.49224e-03,0.01,-0.01
3.49232e-03,0.01,0.05
3.49240e-03,0.03,-0.03
3.49248e-03,0.03,0.05
3.49256e-03,0.03,-0.01
3.49264e-03,0.03,0.05
3.49272e-03,0.01,-0.01
3.49280e-03,0.01,0.05
3.49288e-03,0.01,-0.01
3.49296e-03,0.01,0.05
3.49304e-03,0.03,-0.01
3.49312e-03,0.03,0.05
3.49320e-03,0.07,-0.03
3.49328e-03,0.03,0.07
3.49336e-03,0.03,-0.05
3.49344e-03,0.01,0.07
3.49352e-03,0.05,-0.03
3.49360e-03,0.05,0.07
3.49368e-03,0.03,-0.03
3.49376e-03,0.03,0.05
3.49384e-03,0.03,-0.03
3.49392e-03,0.05,0.05
3.49400e-03,0.01,-0.03
3.49408e-03,0.05,0.07
3.49416e-03,0.03,-0.03
3.49424e-03,0.05,0.05
3.49432e-03,0.03,-0.03
3.49440e-03,0.03,0.05
3.49448e-03,0.05,-0.03
3.49456e-03,0.03,0.05
3.49464e-03,0.03,-0.01
3.49472e-03,0.01,0.05
3.49480e-03,0.03,-0.03
3.49488e-03,0.03,0.05
3.49496e-03,0.03,-0.03
3.49504e-03,0.03,0.05
3.49512e-03,0.01,-0.01
3.49520e-03,0.03,0.05
3.49528e-03,0.01,-0.03
3.49536e-03,0.03,0.05
3.49544e-03,0.03,-0.03
3.49552e-03,0.03,0.05
3.49560e-03,0.03,-0.03
3.49568e-03,0.03,0.05
3.49576e-03,0.01,-0.03
3.49584e-03,0.03,0.05
3.49592e-03,0.03,-0.01
3.49600e-03,0.01,0.05
3.49608e-03,0.03,-0.01
3.49616e-03,0.03,0.05
3.49624e-03,0.03,-0.03
3.49632e-03,0.03,0.05
3.49640e-03,0.03,-0.01
3.49648e-03,0.03,0.05
3.49656e-03,0.03,-0.01
3.49664e-03,0.05,0.05
3.49672e-03,0.01,-0.03
3.49680e-03,0.03,0.05
3.49688e-03,0.03,-0.01
3.49696e-03,0.03,0.05
3.49704e-03,0.03,-0.03
3.49712e-03,0.03,0.05
3.49720e-03,0.03,-0.01
3.49728e-03,0.03,0.05
3.49736e-03,0.03,-0.03
3.49744e-03,0.01,0.05
3.49752e-03,0.03,-0.01
3.49760e-03,0.01,0.05
3.49768e-03,0.03,-0.03
3.49776e-03,0.03,0.05
3.49784e-03,0.03,-0.01
3.49792e-03,0.03,0.05
3.49800e-03,-0.01,-0.03
3.49808e-03,0.01,0.05
3.49816e-03,0.03,-0.03
3.49824e-03,0.01,0.05
3.49832e-03,0.01,-0.01
3.49840e-03,0.03,0.05
3.49848e-03,0.03,-0.01
3.49856e-03,0.03,0.05
3.49864e-03,0.03,-0.01
3.49872e-03,0.01,0.05
3.49880e-03,0.03,-0.03
3.49888e-03,0.01,0.07
3.49896e-03,0.03,-0.03
3.49904e-03,0.01,0.05
3.49912e-03,0.01,-0.01
3.49920e-03,0.05,0.07
3.49928e-03,0.01,-0.03
3.49936e-03,0.05,0.07
3.49944e-03,0.01,-0.03
3.49952e-03,0.03,0.05
3.49960e-03,0.03,-0.03
3.49968e-03,0.03,0.05
3.49976e-03,0.01,-0.03
3.49984e-03,0.01,0.05
3.49992e-03,0.03,-0.01
3.50000e-03,0.01,0.05
3.50008e-03,0.03,-0.01
3.50016e-03,0.01,0.05
3.50024e-03,0.03,-0.01
3.50032e-03,0.03,0.05
3.50040e-03,0.03,-0.03
3.50048e-03,0.03,0.05
3.50056e-03,0.03,-0.03
3.50064e-03,0.03,0.05
3.50072e-03,0.01,-0.01
3.50080e-03,0.03,0.05
3.50088e-03,0.03,-0.01
3.50096e-03,0.03,0.05
3.50104e-03,0.03,-0.01
3.50112e-03,0.03,0.05
3.50120e-03,0.03,-0.01
3.50128e-03,0.03,0.05
3.50136e-03,0.03,-0.01
3.50144e-03,0.01,0.05
3.50152e-03,0.03,-0.03
3.50160e-03,0.01,0.05
3.50168e-03,0.03,-0.03
3.50176e-03,0.03,0.05
3.50184e-03,0.05,-0.01
3.50192e-03,0.05,0.05
3.50200e-03,0.03,-0.03
3.50208e-03,0.01,0.07
3.50216e-03,0.03,-0.03
3.50224e-03,0.05,0.07
3.50232e-03,0.01,-0.01
3.50240e-03,0.03,0.07
3.50248e-03,0.03,-0.01
3.50256e-03,0.03,0.05
3.50264e-03,0.03,-0.03
3.50272e-03,0.01,0.05
3.50280e-03,0.03,-0.03
3.50288e-03,0.01,0.05
3.50296e-03,0.05,-0.01
3.50304e-03,0.03,0.05
3.50312e-03,0.03,-0.03
3.50320e-03,0.03,0.05
3.50328e-03,0.03,-0.01
3.50336e-03,0.03,0.05
3.50344e-03,0.03,-0.01
3.50352e-03,0.03,0.05
3.50360e-03,0.01,-0.03
3.50368e-03,0.03,0.07
3.50376e-03,0.05,-0.01
3.50384e-03,0.05,0.05
3.50392e-03,0.05,-0.01
3.50400e-03,0.01,0.05
3.50408e-03,0.03,-0.03
3.50416e-03,0.01,0.05
3.50424e-03,0.03,-0.01
3.50432e-03,0.05,0.05
3.50440e-03,0.03,-0.01
3.50448e-03,0.03,0.05
3.50456e-03,0.05,-0.03
3.50464e-03,0.05,0.05
3.50472e-03,0.03,-0.01
3.50480e-03,0.01,0.05
3.50488e-03,0.03,-0.01
3.50496e-03,0.05,0.05
3.50504e-03,0.03,-0.03
3.50512e-03,0.03,0.05
3.50520e-03,0.03,-0.03
3.50528e-03,0.01,0.05
3.50536e-03,0.03,-0.01
3.50544e-03,0.03,0.05
3.50552e-03,0.05,-0.01
3.50560e-03,0.01,0.05
3.50568e-03,0.03,-0.01
3.50576e-03,0.03,0.05
3.50584e-03,0.03,-0.01
3.50592e-03,0.03,0.05
3.50600e-03,0.03,-0.03
3.50608e-03,0.03,0.07
3.50616e-03,0.01,-0.01
3.50624e-03,0.03,0.05
3.50632e-03,0.03,-0.01
3.50640e-03,0.03,0.05
3.50648e-03,0.01,-0.01
3.50656e-03,0.01,0.05
3.50664e-03,0.03,-0.03
3.50672e-03,0.03,0.05
3.50680e-03,0.03,-0.01
3.50688e-03,0.03,0.07
3.50696e-03,0.03,-0.03
3.50704e-03,0.03,0.05
3.50712e-03,0.01,-0.01
3.50720e-03,0.03,0.05
3.50728e-03,0.01,-0.01
3.50736e-03,0.03,0.05
3.50744e-03,0.01,-0.01
3.50752e-03,0.03,0.05
3.50760e-03,0.01,-0.01
3.50768e-03,0.03,0.05
3.50776e-03,0.03,-0.03
3.50784e-03,0.01,0.05
3.50792e-03,0.03,-0.03
3.50800e-03,0.01,0.05
3.50808e-03,0.03,-0.03
3.50816e-03,0.01,0.05
3.50824e-03,0.03,-0.03
3.50832e-03,0.01,0.05
3.50840e-03,0.03,-0.01
3.50848e-03,0.03,0.05
3.50856e-03,0.03,-0.03
3.50864e-03,0.05,0.05
3.50872e-03,-0.01,-0.03
3.50880e-03,-0.01,0.05
3.50888e-03,0.01,-0.03
3.50896e-03,0.03,0.05
3.50904e-03,0.03,-0.05
3.50912e-03,0.01,0.05
3.50920e-03,0.03,-0.03
3.50928e-03,0.03,0.05
3.50936e-03,0.03,-0.05
3.50944e-03,0.01,0.05
3.50952e-03,0.03,-0.03
3.50960e-03,0.01,0.05
3.50968e-03,0.03,-0.03
3.50976e-03,0.03,0.05
3.50984e-03,0.03,-0.03
3.50992e-03,0.03,0.05
3.51000e-03,0.01,-0.03
3.51008e-03,0.03,0.05
3.51016e-03,0.01,-0.01
3.51024e-03,0.03,0.05
3.51032e-03,0.01,-0.01
3.51040e-03,0.03,0.05
3.51048e-03,0.03,-0.03
3.51056e-03,0.01,0.05
3.51064e-03,0.03,-0.03
3.51072e-03,0.01,0.05
3.51080e-03,0.03,-0.03
3.51088e-03,0.03,0.05
3.51096e-03,0.03,-0.01
3.51104e-03,0.05,0.05
3.51112e-03,0.05,-0.03
3.51120e-03,0.03,0.05
3.51128e-03,0.01,-0.03
3.51136e-03,0.03,0.07
3.51144e-03,0.03,-0.03
3.51152e-03,0.03,0.05
3.51160e-03,0.01,-0.01
3.51168e-03,0.03,0.05
3.51176e-03,0.03,-0.01
3.51184e-03,0.03,0.05
3.51192e-03,0.03,-0.01
3.51200e-03,0.01,0.05
3.51208e-03,0.03,-0.01
3.51216e-03,0.01,0.05
3.51224e-03,0.03,-0.03
3.51232e-03,0.03,0.07
3.51240e-03,0.03,-0.01
3.51248e-03,0.03,0.05
3.51256e-03,0.03,-0.03
3.51264e-03,0.03,0.05
3.51272e-03,0.01,-0.01
3.51280e-03,0.03,0.05
3.51288e-03,0.01,-0.01
3.51296e-03,0.05,0.05
3.51304e-03,0.03,-0.03
3.51312e-03,0.03,0.05
3.51320e-03,0.05,-0.03
3.51328e-03,0.03,0.05
3.51336e-03,0.05,-0.01
3.51344e-03,0.01,0.05
3.51352e-03,0.03,-0.01
3.51360e-03,0.03,0.05
3.51368e-03,0.03,-0.01
3.51376e-03,0.05,0.05
3.51384e-03,0.01,-0.03
3.51392e-03,0.03,0.05
3.51400e-03,0.03,-0.03
3.51408e-03,0.03,0.05
3.51416e-03,0.03,-0.03
3.51424e-03,0.03,0.05
3.51432e-03,0.03,-0.01
3.51440e-03,0.03,0.05
3.51448e-03,0.03,-0.03
3.51456e-03,0.01,0.05
3.51464e-03,0.03,-0.03
3.51472e-03,0.01,0.05
3.51480e-03,0.05,-0.03
3.51488e-03,0.03,0.05
3.51496e-03,0.03,-0.03
3.51504e-03,0.03,0.05
3.51512e-03,0.03,-0.01
3.51520e-03,0.03,0.05
3.51528e-03,0.03,-0.03
3.51536e-03,0.03,0.05
3.51544e-03,0.01,-0.03
3.51552e-03,0.05,0.05
3.51560e-03,0.01,-0.03
3.51568e-03,0.03,0.05
3.51576e-03,0.03,-0.01
3.51584e-03,0.01,0.05
3.51592e-03,0.05,-0.03
3.51600e-03,0.03,0.05
3.51608e-03,0.01,-0.03
3.51616e-03,0.01,0.05
3.51624e-03,0.03,-0.03
3.51632e-03,0.03,0.05
3.51640e-03,0.01,-0.03
3.51648e-03,0.03,0.05
3.51656e-03,0.03,-0.01
3.51664e-03,0.03,0.05
3.51672e-03,0.01,-0.03
3.51680e-03,0.03,0.05
3.51688e-03,0.01,-0.03
3.51696e-03,0.03,0.05
3.51704e-03,0.03,-0.03
3.51712e-03,0.03,0.05
3.51720e-03,0.03,-0.01
3.51728e-03,0.03,0.05
3.51736e-03,0.03,-0.01
3.51744e-03,0.01,0.05
3.51752e-03,0.03,-0.03
3.51760e-03,0.01,0.05
3.51768e-03,0.03,-0.01
3.51776e-03,0.01,0.05
3.51784e-03,0.03,-0.01
3.51792e-03,0.03,0.05
3.51800e-03,0.01,-0.01
3.51808e-03,0.03,0.03
3.51816e-03,0.03,-0.01
3.51824e-03,0.03,0.05
3.51832e-03,0.03,-0.01
3.51840e-03,0.03,0.05
3.51848e-03,0.03,-0.03
3.51856e-03,0.01,0.05
3.51864e-03,0.03,-0.03
3.51872e-03,0.01,0.05
3.51880e-03,0.01,-0.03
3.51888e-03,0.01,0.05
3.51896e-03,0.03,-0.03
3.51904e-03,0.03,0.05
3.51912e-03,0.03,-0.01
3.51920e-03,0.03,0.05
3.51928e-03,0.01,-0.01
3.51936e-03,0.03,0.05
3.51944e-03,0.01,-0.01
3.51952e-03,0.05,0.05
3.51960e-03,0.03,-0.01
3.51968e-03,0.03,0.05
3.51976e-03,0.03,-0.03
3.51984e-03,0.01,0.05
3.51992e-03,0.01,-0.03
3.52000e-03,0.01,0.05
3.52008e-03,0.03,-0.05
3.52016e-03,0.05,0.05
3.52024e-03,0.01,-0.03
3.52032e-03,0.03,0.05
3.52040e-03,0.01,-0.03
3.52048e-03,0.05,0.07
3.52056e-03,0.03,-0.01
3.52064e-03,0.03,0.05
3.52072e-03,0.03,-0.01
3.52080e-03,0.03,0.05
3.52088e-03,0.03,-0.03
3.52096e-03,0.01,0.05
3.52104e-03,0.03,-0.03
3.52112e-03,0.03,0.05
3.52120e-03,0.03,-0.01
3.52128e-03,0.01,0.05
3.52136e-03,0.03,-0.03
3.52144e-03,0.03,0.05
3.52152e-03,0.05,-0.01
3.52160e-03,0.01,0.05
3.52168e-03,0.03,-0.01
3.52176e-03,0.03,0.05
3.52184e-03,-0.01,-0.03
3.52192e-03,0.05,0.05
3.52200e-03,0.01,-0.01
3.52208e-03,0.03,0.05
3.52216e-03,0.03,-0.01
3.52224e-03,0.03,0.05
3.52232e-03,0.03,-0.01
3.52240e-03,0.03,0.05
3.52248e-03,0.05,-0.01
3.52256e-03,0.03,0.05
3.52264e-03,0.03,-0.01
3.52272e-03,-0.01,0.05
3.52280e-03,0.03,-0.03
3.52288e-03,0.01,0.05
3.52296e-03,0.03,-0.03
3.52304e-03,0.01,0.05
3.52312e-03,0.01,-0.03
3.52320e-03,0.03,0.05
3.52328e-03,-0.01,-0.03
3.52336e-03,0.05,0.07
3.52344e-03,0.03,-0.03
3.52352e-03,0.03,0.05
3.52360e-03,0.03,-0.03
3.52368e-03,0.03,0.07
3.52376e-03,0.03,-0.03
3.52384e-03,0.03,0.05
3.52392e-03,0.03,-0.03
3.52400e-03,0.01,0.05
3.52408e-03,0.03,-0.01
3.52416e-03,0.01,0.05
3.52424e-03,0.03,-0.03
3.52432e-03,0.03,0.05
3.52440e-03,0.03,-0.01
3.52448e-03,0.05,0.05
3.52456e-03,0.01,-0.03
3.52464e-03,0.03,0.05
3.52472e-03,0.01,-0.01
3.52480e-03,0.03,0.05
3.52488e-03,0.03,-0.01
3.52496e-03,0.03,0.05
3.52504e-03,0.03,-0.01
3.52512e-03,0.03,0.05
3.52520e-03,0.03,-0.03
3.52528e-03,0.01,0.05
3.52536e-03,0.03,-0.01
3.52544e-03,0.03,0.05
3.52552e-03,0.03,-0.03
3.52560e-03,0.03,0.05
3.52568e-03,0.03,-0.01
3.52576e-03,0.03,0.05
3.52584e-03,0.03,-0.03
3.52592e-03,0.03,0.05
3.52600e-03,0.01,-0.01
3.52608e-03,0.01,0.05
3.52616e-03,0.01,-0.01
3.52624e-03,0.03,0.05
3.52632e-03,0.03,-0.01
3.52640e-03,0.03,0.05
3.52648e-03,0.03,-0.01
3.52656e-03,0.03,0.05
3.52664e-03,0.05,-0.01
3.52672e-03,0.01,0.05
3.52680e-03,0.03,-0.01
3.52688e-03,0.01,0.05
3.52696e-03,0.03,-0.01
3.52704e-03,0.03,0.05
3.52712e-03,0.01,-0.03
3.52720e-03,0.03,0.05
3.52728e-03,0.01,-0.03
3.52736e-03,0.03,0.05
3.52744e-03,0.03,-0.03
3.52752e-03,0.03,0.05
3.52760e-03,0.03,-0.03
3.52768e-03,0.03,0.05
3.52776e-03,0.03,-0.03
3.52784e-03,0.03,0.05
3.52792e-03,0.05,-0.03
3.52800e-03,0.01,0.05
3.52808e-03,0.03,-0.05
3.52816e-03,0.01,0.07
3.52824e-03,0.03,-0.03
3.52832e-03,0.03,0.05
3.52840e-03,0.01,-0.01
3.52848e-03,0.03,0.05
3.52856e-03,0.01,-0.01
3.52864e-03,0.01,0.05
3.52872e-03,0.03,-0.03
3.52880e-03,0.03,0.05
3.52888e-03,0.03,-0.01
3.52896e-03,0.03,0.05
3.52904e-03,0.01,-0.03
3.52912e-03,0.01,0.05
3.52920e-03,0.03,-0.03
3.52928e-03,0.01,0.07
3.52936e-03,0.03,-0.03
3.52944e-03,0.01,0.05
3.52952e-03,0.05,-0.03
3.52960e-03,0.01,0.05
3.52968e-03,0.05,-0.03
3.52976e-03,0.01,0.07
3.52984e-03,0.01,-0.03
3.52992e-03,0.03,0.05
3.53000e-03,0.01,-0.03
3.53008e-03,0.03,0.05
3.53016e-03,0.03,-0.01
3.53024e-03,0.03,0.05
3.53032e-03,0.01,-0.03
3.53040e-03,0.03,0.07
3.53048e-03,0.01,-0.01
3.53056e-03,0.03,0.03
3.53064e-03,0.05,-0.03
3.53072e-03,0.01,0.05
3.53080e-03,0.03,-0.01
3.53088e-03,0.01,0.05
3.53096e-03,0.03,-0.01
3.53104e-03,0.03,0.05
3.53112e-03,0.03,-0.03
3.53120e-03,0.03,0.05
3.53128e-03,0.01,-0.01
3.53136e-03,0.03,0.05
3.53144e-03,0.03,-0.01
3.53152e-03,0.03,0.05
3.53160e-03,0.01,-0.03
3.53168e-03,0.03,0.05
3.53176e-03,0.05,-0.03
3.53184e-03,0.03,0.05
3.53192e-03,0.03,-0.01
3.53200e-03,0.03,0.05
3.53208e-03,0.03,-0.01
3.53216e-03,0.01,0.05
3.53224e-03,0.03,-0.01
3.53232e-03,0.05,0.05
3.53240e-03,0.03,-0.01
3.53248e-03,0.03,0.05
3.53256e-03,0.01,-0.01
3.53264e-03,0.01,0.05
3.53272e-03,0.03,-0.01
3.53280e-03,0.03,0.05
3.53288e-03,0.01,-0.03
3.53296e-03,0.05,0.05
3.53304e-03,0.03,-0.03
3.53312e-03,0.01,0.05
3.53320e-03,0.03,-0.01
3.53328e-03,0.01,0.05
3.53336e-03,0.03,-0.01
3.53344e-03,0.03,0.05
3.53352e-03,0.03,-0.03
3.53360e-03,0.03,0.05
3.53368e-03,0.03,-0.01
3.53376e-03,0.03,0.05
3.53384e-03,0.03,-0.03
3.53392e-03,0.03,0.05
3.53400e-03,0.01,-0.01
3.53408e-03,0.03,0.05
3.53416e-03,0.01,-0.03
3.53424e-03,0.03,0.05
3.53432e-03,0.03,-0.03
3.53440e-03,0.01,0.05
3.53448e-03,0.05,-0.03
3.53456e-03,0.03,0.05
3.53464e-03,0.03,-0.03
3.53472e-03,0.01,0.05
3.53480e-03,0.03,-0.01
3.53488e-03,0.03,0.05
3.53496e-03,0.03,-0.03
3.53504e-03,0.03,0.03
3.53512e-03,0.03,-0.03
3.53520e-03,0.03,0.05
3.53528e-03,0.01,-0.03
3.53536e-03,0.03,0.05
3.53544e-03,0.01,-0.03
3.53552e-03,0.05,0.05
3.53560e-03,0.01,-0.03
3.53568e-03,0.03,0.05
3.53576e-03,0.03,-0.03
3.53584e-03,0.03,0.05
3.53592e-03,0.01,-0.01
3.53600e-03,0.03,0.05
3.53608e-03,0.03,-0.03
3.53616e-03,0.03,0.05
3.53624e-03,0.03,-0.03
3.53632e-03,0.03,0.05
3.53640e-03,0.03,-0.03
3.53648e-03,0.03,0.05
3.53656e-03,0.03,-0.03
3.53664e-03,0.01,0.05
3.53672e-03,0.01,-0.01
3.53680e-03,0.03,0.05
3.53688e-03,0.01,-0.01
3.53696e-03,0.03,0.05
3.53704e-03,0.01,-0.01
3.53712e-03,0.01,0.05
3.53720e-03,0.03,-0.01
3.53728e-03,0.03,0.05
3.53736e-03,0.05,-0.03
3.53744e-03,0.03,0.05
3.53752e-03,0.03,-0.03
3.53760e-03,0.03,0.05
3.53768e-03,0.03,-0.03
3.53776e-03,-0.01,0.05
3.53784e-03,0.05,-0.01
3.53792e-03,0.05,0.07
3.53800e-03,0.01,-0.05
3.53808e-03,0.03,0.07
3.53816e-03,0.03,-0.05
3.53824e-03,0.03,0.05
3.53832e-03,0.03,-0.03
3.53840e-03,0.03,0.05
3.53848e-03,0.03,-0.01
3.53856e-03,0.01,0.05
3.53864e-03,0.05,-0.01
3.53872e-03,0.03,0.05
3.53880e-03,0.05,-0.01
3.53888e-03,0.03,0.05
3.53896e-03,0.03,-0.01
3.53904e-03,0.03,0.07
3.53912e-03,0.03,-0.03
3.53920e-03,0.03,0.05
3.53928e-03,0.01,-0.01
3.53936e-03,0.03,0.05
3.53944e-03,0.01,-0.01
3.53952e-03,0.03,0.05
3.53960e-03,0.01,-0.03
3.53968e-03,0.03,0.05
3.53976e-03,0.03,-0.01
3.53984e-03,0.03,0.05
3.53992e-03,0.03,-0.03
3.54000e-03,0.01,0.05
3.54008e-03,0.03,-0.01
3.54016e-03,0.01,0.05
3.54024e-03,0.03,-0.01
3.54032e-03,0.03,0.05
3.54040e-03,0.03,-0.01
3.54048e-03,0.03,0.05
3.54056e-03,0.03,-0.01
3.54064e-03,0.03,0.05
3.54072e-03,0.01,-0.03
3.54080e-03,0.05,0.05
3.54088e-03,0.05,-0.03
3.54096e-03,0.03,0.05
3.54104e-03,0.03,-0.03
3.54112e-03,0.03,0.05
3.54120e-03,0.03,-0.03
3.54128e-03,0.03,0.05
3.54136e-03,0.03,-0.01
3.54144e-03,0.01,0.05
3.54152e-03,0.03,-0.01
3.54160e-03,0.03,0.05
3.54168e-03,0.03,-0.03
3.54176e-03,0.03,0.05
3.54184e-03,0.03,-0.01
3.54192e-03,0.05,0.05
3.54200e-03,0.03,-0.03
3.54208e-03,0.05,0.05
3.54216e-03,0.03,-0.03
3.54224e-03,0.01,0.05
3.54232e-03,0.03,-0.03
3.54240e-03,0.03,0.05
3.54248e-03,0.03,-0.03
3.54256e-03,0.03,0.05
3.54264e-03,0.01,-0.01
3.54272e-03,0.03,0.05
3.54280e-03,0.03,-0.01
3.54288e-03,0.01,0.05
3.54296e-03,0.03,-0.01
3.54304e-03,0.01,0.05
3.54312e-03,0.03,-0.03
3.54320e-03,0.05,0.05
3.54328e-03,0.03,-0.03
3.54336e-03,0.03,0.07
3.54344e-03,0.03,-0.03
3.54352e-03,0.03,0.05
3.54360e-03,0.03,-0.03
3.54368e-03,0.01,0.05
3.54376e-03,0.01,-0.03
3.54384e-03,0.03,0.05
3.54392e-03,0.03,-0.01
3.54400e-03,0.01,0.05
3.54408e-03,0.03,-0.01
3.54416e-03,0.03,0.05
3.54424e-03,0.05,-0.01
3.54432e-03,0.03,0.05
3.54440e-03,0.01,-0.01
3.54448e-03,0.03,0.05
3.54456e-03,0.03,-0.03
3.54464e-03,0.05,0.05
3.54472e-03,0.01,-0.03
3.54480e-03,0.05,0.05
3.54488e-03,0.05,-0.01
3.54496e-03,0.03,0.05
3.54504e-03,0.03,-0.01
3.54512e-03,0.03,0.05
3.54520e-03,0.05,-0.01
3.54528e-03,0.01,0.05
3.54536e-03,0.03,-0.03
3.54544e-03,0.01,0.07
3.54552e-03,0.01,-0.01
3.54560e-03,0.01,0.05
3.54568e-03,0.03,-0.03
3.54576e-03,0.03,0.05
3.54584e-03,0.03,-0.03
3.54592e-03,0.03,0.05
3.54600e-03,0.03,-0.03
3.54608e-03,0.03,0.05
3.54616e-03,0.03,-0.01
3.54624e-03,0.03,0.05
3.54632e-03,0.03,-0.01
3.54640e-03,0.03,0.05
3.54648e-03,0.03,-0.01
3.54656e-03,0.03,0.05
3.54664e-03,0.03,-0.01
3.54672e-03,0.03,0.05
3.54680e-03,0.03,-0.03
3.54688e-03,-0.01,0.05
3.54696e-03,0.01,-0.03
3.54704e-03,0.01,0.05
3.54712e-03,-0.01,-0.03
3.54720e-03,0.05,0.07
3.54728e-03,0.03,-0.05
3.54736e-03,0.05,0.07
3.54744e-03,0.01,-0.03
3.54752e-03,0.05,0.09
3.54760e-03,0.03,-0.03
3.54768e-03,0.03,0.05
3.54776e-03,0.05,-0.03
3.54784e-03,0.03,0.05
3.54792e-03,0.03,-0.03
3.54800e-03,0.01,0.05
3.54808e-03,0.03,-0.03
3.54816e-03,0.01,0.05
3.54824e-03,0.03,-0.01
3.54832e-03,0.03,0.05
3.54840e-03,0.03,-0.01
3.54848e-03,0.01,0.05
3.54856e-03,0.03,-0.03
3.54864e-03,0.03,0.05
3.54872e-03,0.03,-0.01
3.54880e-03,0.05,0.05
3.54888e-03,0.03,-0.01
3.54896e-03,0.03,0.05
3.54904e-03,0.03,-0.03
3.54912e-03,0.01,0.03
3.54920e-03,0.05,-0.03
3.54928e-03,0.01,0.05
3.54936e-03,0.05,-0.03
3.54944e-03,0.01,0.05
3.54952e-03,0.03,-0.03
3.54960e-03,0.03,0.05
3.54968e-03,0.03,-0.03
3.54976e-03,0.01,0.05
3.54984e-03,0.03,-0.03
3.54992e-03,0.03,0.05
3.55000e-03,0.03,-0.03
3.55008e-03,0.03,0.05
3.55016e-03,-0.01,-0.03
3.55024e-03,0.03,0.05
3.55032e-03,0.01,-0.03
3.55040e-03,0.03,0.05
3.55048e-03,0.03,-0.01
3.55056e-03,0.03,0.05
3.55064e-03,0.03,-0.03
3.55072e-03,0.01,0.05
3.55080e-03,0.05,-0.03
3.55088e-03,0.03,0.05
3.55096e-03,0.01,-0.01
3.55104e-03,0.03,0.05
3.55112e-03,0.05,-0.03
3.55120e-03,0.03,0.05
3.55128e-03,0.01,-0.03
3.55136e-03,0.03,0.05
3.55144e-03,0.03,-0.01
3.55152e-03,0.03,0.05
3.55160e-03,0.03,-0.01
3.55168e-03,0.03,0.05
3.55176e-03,0.03,-0.01
3.55184e-03,0.03,0.05
3.55192e-03,0.05,-0.03
3.55200e-03,0.01,0.05
3.55208e-03,0.03,-0.03
3.55216e-03,0.03,0.05
3.55224e-03,0.07,-0.03
3.55232e-03,0.03,0.05
3.55240e-03,0.01,-0.03
3.55248e-03,0.03,0.07
3.55256e-03,0.03,-0.03
3.55264e-03,0.05,0.05
3.55272e-03,0.01,-0.03
3.55280e-03,0.05,0.05
3.55288e-03,0.01,-0.01
3.55296e-03,0.03,0.05
3.55304e-03,0.03,-0.01
3.55312e-03,0.03,0.05
3.55320e-03,0.03,-0.01
3.55328e-03,0.03,0.05
3.55336e-03,0.05,-0.01
3.55344e-03,0.03,0.05
3.55352e-03,0.05,-0.03
3.55360e-03,0.05,0.05
3.55368e-03,0.03,-0.03
3.55376e-03,0.03,0.05
3.55384e-03,0.03,-0.01
3.55392e-03,0.03,0.05
3.55400e-03,0.01,-0.01
3.55408e-03,0.03,0.05
3.55416e-03,0.01,-0.03
3.55424e-03,0.03,0.05
3.55432e-03,0.01,-0.03
3.55440e-03,0.01,0.05
3.55448e-03,0.03,-0.03
3.55456e-03,0.01,0.05
3.55464e-03,0.03,-0.01
3.55472e-03,0.03,0.07
3.55480e-03,0.03,-0.01
3.55488e-03,0.01,0.05
3.55496e-03,0.03,-0.03
3.55504e-03,0.01,0.05
3.55512e-03,0.05,-0.01
3.55520e-03,0.03,0.05
3.55528e-03,0.01,-0.01
3.55536e-03,0.05,0.05
3.55544e-03,0.01,-0.03
3.55552e-03,0.03,0.05
3.55560e-03,0.03,-0.03
3.55568e-03,0.05,0.05
3.55576e-03,0.03,-0.03
3.55584e-03,0.03,0.07
3.55592e-03,0.03,-0.03
3.55600e-03,-0.01,0.05
3.55608e-03,0.03,-0.03
3.55616e-03,0.03,0.05
3.55624e-03,0.03,-0.03
3.55632e-03,0.03,0.07
3.55640e-03,0.03,-0.03
3.55648e-03,0.05,0.05
3.55656e-03,0.01,-0.03
3.55664e-03,0.03,0.05
3.55672e-03,0.01,-0.03
3.55680e-03,0.03,0.05
3.55688e-03,0.03,-0.01
3.55696e-03,0.03,0.05
3.55704e-03,0.01,-0.01
3.55712e-03,0.03,0.05
3.55720e-03,0.03,-0.03
3.55728e-03,0.01,0.05
3.55736e-03,0.03,-0.03
3.55744e-03,0.01,0.05
3.55752e-03,0.03,-0.01
3.55760e-03,0.03,0.05
3.55768e-03,0.03,-0.01
3.55776e-03,0.03,0.05
3.55784e-03,0.03,-0.03
3.55792e-03,0.05,0.05
3.55800e-03,0.01,-0.03
3.55808e-03,0.03,0.05
3.55816e-03,-0.01,-0.01
3.55824e-03,0.03,0.05
3.55832e-03,0.03,-0.03
3.55840e-03,0.03,0.05
3.55848e-03,0.03,-0.03
3.55856e-03,0.03,0.05
3.55864e-03,0.03,-0.01
3.55872e-03,0.01,0.05
3.55880e-03,0.03,-0.01
3.55888e-03,0.01,0.05
3.55896e-03,0.05,-0.03
3.55904e-03,0.01,0.05
3.55912e-03,0.03,-0.03
3.55920e-03,0.03,0.05
3.55928e-03,0.01,-0.03
3.55936e-03,0.03,0.05
3.55944e-03,0.01,-0.03
3.55952e-03,0.01,0.05
3.55960e-03,0.03,-0.03
3.55968e-03,0.05,0.05
3.55976e-03,0.03,-0.03
3.55984e-03,0.03,0.05
3.55992e-03,0.03,-0.01
3.56000e-03,0.03,0.05
3.56008e-03,0.05,-0.03
3.56016e-03,0.01,0.07
3.56024e-03,0.05,-0.03
3.56032e-03,0.03,0.05
3.56040e-03,0.03,-0.03
3.56048e-03,0.03,0.05
3.56056e-03,0.03,-0.01
3.56064e-03,0.03,0.05
3.56072e-03,0.03,-0.03
3.56080e-03,0.03,0.05
3.56088e-03,0.03,-0.01
3.56096e-03,0.03,0.05
3.56104e-03,0.03,-0.01
3.56112e-03,0.03,0.05
3.56120e-03,0.03,-0.01
3.56128e-03,0.03,0.05
3.56136e-03,0.01,-0.01
3.56144e-03,0.01,0.05
3.56152e-03,0.03,-0.03
3.56160e-03,0.03,0.05
3.56168e-03,0.03,-0.01
3.56176e-03,0.03,0.05
3.56184e-03,0.01,-0.03
3.56192e-03,0.05,0.05
3.56200e-03,0.03,-0.03
3.56208e-03,0.03,0.05
3.56216e-03,0.01,-0.03
3.56224e-03,0.03,0.05
3.56232e-03,0.03,-0.03
3.56240e-03,0.01,0.05
3.56248e-03,0.03,-0.03
3.56256e-03,0.01,0.05
3.56264e-03,0.03,-0.03
3.56272e-03,0.01,0.05
3.56280e-03,0.05,-0.01
3.56288e-03,0.01,0.05
3.56296e-03,0.03,-0.03
3.56304e-03,0.03,0.05
3.56312e-03,0.03,-0.01
3.56320e-03,0.03,0.05
3.56328e-03,0.01,-0.01
3.56336e-03,0.05,0.05
3.56344e-03,0.01,-0.01
3.56352e-03,0.03,0.05
3.56360e-03,0.03,-0.01
3.56368e-03,0.01,0.05
3.56376e-03,0.03,-0.01
3.56384e-03,0.03,0.05
3.56392e-03,0.03,-0.03
3.56400e-03,0.01,0.05
3.56408e-03,0.03,-0.01
3.56416e-03,0.03,0.05
3.56424e-03,0.03,-0.03
3.56432e-03,0.03,0.05
3.56440e-03,0.03,-0.01
3.56448e-03,0.03,0.05
3.56456e-03,0.01,-0.03
3.56464e-03,0.03,0.05
3.56472e-03,0.01,-0.01
3.56480e-03,0.01,0.05
3.56488e-03,0.03,-0.01
3.56496e-03,0.05,0.05
3.56504e-03,0.05,-0.03
3.56512e-03,0.05,0.07
3.56520e-03,0.03,-0.03
3.56528e-03,0.03,0.07
3.56536e-03,0.03,-0.03
3.56544e-03,0.03,0.07
3.56552e-03,0.03,-0.03
3.56560e-03,0.03,0.05
3.56568e-03,0.03,-0.01
3.56576e-03,0.03,0.05
3.56584e-03,0.03,-0.03
3.56592e-03,0.01,0.05
3.56600e-03,0.01,-0.03
3.56608e-03,0.03,0.05
3.56616e-03,0.03,-0.01
3.56624e-03,0.03,0.05
3.56632e-03,0.03,-0.03
3.56640e-03,0.03,0.05
3.56648e-03,0.03,-0.01
3.56656e-03,0.05,0.05
3.56664e-03,0.03,-0.03
3.56672e-03,-0.01,0.05
3.56680e-03,0.03,-0.03
3.56688e-03,0.01,0.05
3.56696e-03,0.03,-0.03
3.56704e-03,0.03,0.05
3.56712e-03,0.01,-0.01
3.56720e-03,0.05,0.05
3.56728e-03,0.03,-0.03
3.56736e-03,0.01,0.05
3.56744e-03,0.01,-0.03
3.56752e-03,0.05,0.07
3.56760e-03,0.03,-0.03
3.56768e-03,0.03,0.05
3.56776e-03,0.03,-0.03
3.56784e-03,0.03,0.05
3.56792e-03,0.01,-0.03
3.56800e-03,0.01,0.07
3.56808e-03,0.03,-0.03
3.56816e-03,0.03,0.05
3.56824e-03,0.03,-0.03
3.56832e-03,0.03,0.05
3.56840e-03,0.01,-0.03
3.56848e-03,0.03,0.05
3.56856e-03,0.01,-0.03
3.56864e-03,0.01,0.05
3.56872e-03,0.03,-0.03
3.56880e-03,0.03,0.05
3.56888e-03,0.03,-0.03
3.56896e-03,0.03,0.05
3.56904e-03,0.03,-0.03
3.56912e-03,0.01,0.05
3.56920e-03,0.01,-0.01
3.56928e-03,0.01,0.05
3.56936e-03,0.03,-0.03
3.56944e-03,0.01,0.05
3.56952e-03,0.05,-0.01
3.56960e-03,0.03,0.05
3.56968e-03,0.03,-0.01
3.56976e-03,0.03,0.05
3.56984e-03,0.03,-0.03
3.56992e-03,0.01,0.05
3.57000e-03,-0.01,-0.03
3.57008e-03,0.03,0.05
3.57016e-03,0.01,-0.01
3.57024e-03,0.05,0.05
3.57032e-03,0.01,-0.01
3.57040e-03,0.03,0.05
3.57048e-03,0.03,-0.03
3.57056e-03,0.03,0.05
3.57064e-03,0.05,-0.03
3.57072e-03,0.01,0.05
3.57080e-03,0.03,-0.01
3.57088e-03,0.01,0.05
3.57096e-03,0.03,-0.03
3.57104e-03,0.05,0.05
3.57112e-03,0.01,-0.01
3.57120e-03,0.03,0.05
3.57128e-03,0.01,-0.01
3.57136e-03,0.05,0.05
3.57144e-03,0.03,-0.01
3.57152e-03,0.03,0.05
3.57160e-03,0.01,-0.01
3.57168e-03,0.03,0.05
3.57176e-03,0.03,-0.03
3.57184e-03,0.01,0.05
3.57192e-03,0.07,-0.01
3.57200e-03,0.01,0.05
3.57208e-03,0.05,-0.03
3.57216e-03,0.01,0.07
3.57224e-03,0.03,-0.01
3.57232e-03,0.03,0.05
3.57240e-03,0.03,-0.01
3.57248e-03,0.03,0.05
3.57256e-03,0.03,-0.03
3.57264e-03,0.03,0.05
3.57272e-03,0.01,-0.01
3.57280e-03,0.01,0.05
3.57288e-03,0.03,-0.01
3.57296e-03,0.03,0.05
3.57304e-03,0.03,-0.03
3.57312e-03,0.01,0.05
3.57320e-03,0.03,-0.03
3.57328e-03,0.01,0.07
3.57336e-03,0.05,-0.03
3.57344e-03,0.03,0.05
3.57352e-03,0.05,-0.03
3.57360e-03,0.05,0.05
3.57368e-03,0.03,-0.03
3.57376e-03,0.01,0.05
3.57384e-03,0.01,-0.03
3.57392e-03,0.01,0.07
3.57400e-03,0.03,-0.01
3.57408e-03,0.03,0.07
3.57416e-03,0.01,-0.03
3.57424e-03,0.03,0.07
3.57432e-03,0.03,-0.01
3.57440e-03,0.03,0.05
3.57448e-03,0.03,-0.03
3.57456e-03,0.03,0.05
3.57464e-03,0.03,-0.01
3.57472e-03,0.01,0.07
3.57480e-03,0.03,-0.01
3.57488e-03,0.03,0.05
3.57496e-03,0.01,-0.03
3.57504e-03,0.03,0.05
3.57512e-03,0.01,-0.01
3.57520e-03,0.03,0.05
3.57528e-03,0.03,-0.01
3.57536e-03,0.03,0.05
3.57544e-03,0.01,-0.01
3.57552e-03,0.03,0.05
3.57560e-03,0.01,-0.01
3.57568e-03,0.03,0.05
3.57576e-03,0.03,-0.01
3.57584e-03,0.01,0.05
3.57592e-03,0.05,-0.03
3.57600e-03,0.01,0.05
3.57608e-03,0.03,-0.03
3.57616e-03,0.01,0.05
3.57624e-03,0.05,-0.03
3.57632e-03,0.03,0.07
3.57640e-03,0.05,-0.03
3.57648e-03,0.03,0.05
3.57656e-03,0.03,-0.01
3.57664e-03,0.03,0.05
3.57672e-03,0.03,-0.03
3.57680e-03,0.05,0.05
3.57688e-03,0.03,-0.01
3.57696e-03,0.03,0.05
3.57704e-03,0.03,-0.01
3.57712e-03,0.03,0.07
3.57720e-03,0.03,-0.01
3.57728e-03,0.01,0.05
3.57736e-03,0.03,-0.03
3.57744e-03,0.01,0.05
3.57752e-03,0.03,-0.01
3.57760e-03,0.03,0.05
3.57768e-03,0.03,-0.01
3.57776e-03,0.03,0.05
3.57784e-03,0.03,-0.01
3.57792e-03,0.05,0.05
3.57800e-03,0.01,-0.03
3.57808e-03,0.05,0.05
3.57816e-03,0.03,-0.01
3.57824e-03,0.01,0.05
3.57832e-03,0.03,-0.01
3.57840e-03,0.03,0.05
3.57848e-03,0.03,-0.03
3.57856e-03,0.03,0.05
3.57864e-03,0.03,-0.03
3.57872e-03,0.03,0.07
3.57880e-03,0.03,-0.03
3.57888e-03,0.03,0.05
3.57896e-03,0.03,-0.01
3.57904e-03,0.03,0.05
3.57912e-03,0.03,-0.01
3.57920e-03,0.05,0.05
3.57928e-03,0.03,-0.03
3.57936e-03,0.03,0.05
3.57944e-03,0.01,-0.03
3.57952e-03,0.01,0.05
3.57960e-03,0.01,-0.03
3.57968e-03,0.01,0.05
3.57976e-03,0.03,-0.01
3.57984e-03,0.03,0.05
3.57992e-03,0.03,-0.03
3.58000e-03,0.01,0.05
3.58008e-03,0.03,-0.01
3.58016e-03,0.01,0.05
3.58024e-03,0.03,-0.03
3.58032e-03,0.03,0.05
3.58040e-03,0.03,-0.01
3.58048e-03,0.05,0.05
3.58056e-03,-0.01,-0.03
3.58064e-03,0.05,0.05
3.58072e-03,-0.01,-0.03
3.58080e-03,0.03,0.05
3.58088e-03,0.03,-0.03
3.58096e-03,0.01,0.05
3.58104e-03,0.03,-0.01
3.58112e-03,0.01,0.05
3.58120e-03,0.03,-0.01
3.58128e-03,0.01,0.05
3.58136e-03,0.03,-0.01
3.58144e-03,0.01,0.05
3.58152e-03,0.03,-0.03
3.58160e-03,0.03,0.05
3.58168e-03,0.03,-0.01
3.58176e-03,0.01,0.05
3.58184e-03,0.01,-0.03
3.58192e-03,0.03,0.07
3.58200e-03,0.03,-0.03
3.58208e-03,0.03,0.07
3.58216e-03,0.03,-0.03
3.58224e-03,0.01,0.07
3.58232e-03,0.03,-0.03
3.58240e-03,0.03,0.05
3.58248e-03,0.03,-0.03
3.58256e-03,0.03,0.05
3.58264e-03,0.03,-0.01
3.58272e-03,0.01,0.05
3.58280e-03,0.03,-0.01
3.58288e-03,0.05,0.05
3.58296e-03,0.05,-0.03
3.58304e-03,0.05,0.07
3.58312e-03,0.03,-0.03
3.58320e-03,0.05,0.05
3.58328e-03,0.01,-0.03
3.58336e-03,0.03,0.05
3.58344e-03,0.01,-0.01
3.58352e-03,0.05,0.05
3.58360e-03,0.03,-0.01
3.58368e-03,0.03,0.05
3.58376e-03,0.05,-0.01
3.58384e-03,0.01,0.05
3.58392e-03,0.03,-0.01
3.58400e-03,0.03,0.05
3.58408e-03,0.05,-0.01
3.58416e-03,0.01,0.05
3.58424e-03,0.03,-0.01
3.58432e-03,0.01,0.05
3.58440e-03,0.03,-0.03
3.58448e-03,0.03,0.05
3.58456e-03,0.03,-0.03
3.58464e-03,0.03,0.05
3.58472e-03,0.03,-0.03
3.58480e-03,0.03,0.05
3.58488e-03,0.03,-0.01
3.58496e-03,0.03,0.05
3.58504e-03,0.03,-0.01
3.58512e-03,0.03,0.05
3.58520e-03,0.03,-0.01
3.58528e-03,0.03,0.05
3.58536e-03,0.05,-0.01
3.58544e-03,0.05,0.05
3.58552e-03,0.03,-0.01
3.58560e-03,0.03,0.05
3.58568e-03,0.03,-0.01
3.58576e-03,0.03,0.05
3.58584e-03,0.01,-0.03
3.58592e-03,0.01,0.07
3.58600e-03,0.01,-0.03
3.58608e-03,0.05,0.05
3.58616e-03,0.03,-0.01
3.58624e-03,0.03,0.05
3.58632e-03,0.03,-0.01
3.58640e-03,0.03,0.05
3.58648e-03,0.03,-0.01
3.58656e-03,0.03,0.05
3.58664e-03,0.03,-0.01
3.58672e-03,0.01,0.05
3.58680e-03,0.05,-0.01
3.58688e-03,0.03,0.05
3.58696e-03,0.03,-0.01
3.58704e-03,0.03,0.05
3.58712e-03,0.03,-0.01
3.58720e-03,0.03,0.05
3.58728e-03,0.03,-0.01
3.58736e-03,0.01,0.05
3.58744e-03,0.03,-0.01
3.58752e-03,0.03,0.05
3.58760e-03,0.03,-0.03
3.58768e-03,0.03,0.05
3.58776e-03,0.03,-0.01
3.58784e-03,0.03,0.05
3.58792e-03,0.05,-0.01
3.58800e-03,0.03,0.05
3.58808e-03,0.03,-0.01
3.58816e-03,0.01,0.05
3.58824e-03,0.03,-0.03
3.58832e-03,0.03,0.05
3.58840e-03,0.03,-0.03
3.58848e-03,0.03,0.05
3.58856e-03,0.01,-0.03
3.58864e-03,0.03,0.05
3.58872e-03,0.03,-0.03
3.58880e-03,0.03,0.05
3.58888e-03,0.03,-0.03
3.58896e-03,0.01,0.05
3.58904e-03,0.03,-0.01
3.58912e-03,0.01,0.05
3.58920e-03,0.05,-0.03
3.58928e-03,0.01,0.05
3.58936e-03,0.05,-0.03
3.58944e-03,0.01,0.05
3.58952e-03,0.03,-0.01
3.58960e-03,0.03,0.05
3.58968e-03,0.03,-0.03
3.58976e-03,0.03,0.05
3.58984e-03,0.03,-0.03
3.58992e-03,0.03,0.05
3.59000e-03,0.01,-0.03
3.59008e-03,0.03,0.05
3.59016e-03,0.01,-0.01
3.59024e-03,0.03,0.05
3.59032e-03,0.03,-0.03
3.59040e-03,0.03,0.05
3.59048e-03,0.05,-0.01
3.59056e-03,0.03,0.05
3.59064e-03,0.03,-0.01
3.59072e-03,0.03,0.05
3.59080e-03,0.03,-0.01
3.59088e-03,0.03,0.05
3.59096e-03,0.03,-0.03
3.59104e-03,0.03,0.05
3.59112e-03,0.03,-0.01
3.59120e-03,0.05,0.07
3.59128e-03,0.03,-0.03
3.59136e-03,0.03,0.05
3.59144e-03,0.03,-0.03
3.59152e-03,0.03,0.05
3.59160e-03,-0.01,-0.03
3.59168e-03,0.01,0.05
3.59176e-03,0.01,-0.03
3.59184e-03,0.01,0.07
3.59192e-03,0.07,-0.03
3.59200e-03,0.01,0.07
3.59208e-03,0.05,-0.03
3.59216e-03,0.01,0.07
3.59224e-03,0.03,-0.01
3.59232e-03,0.03,0.05
3.59240e-03,0.03,-0.01
3.59248e-03,0.05,0.05
3.59256e-03,0.03,-0.01
3.59264e-03,0.05,0.05
3.59272e-03,0.01,-0.01
3.59280e-03,0.03,0.05
3.59288e-03,0.03,-0.01
3.59296e-03,0.03,0.05
3.59304e-03,0.03,-0.01
3.59312e-03,0.01,0.05
3.59320e-03,0.05,-0.01
3.59328e-03,0.01,0.05
3.59336e-03,0.03,-0.01
3.59344e-03,-0.01,0.05
3.59352e-03,0.03,-0.03
3.59360e-03,0.01,0.05
3.59368e-03,0.03,-0.03
3.59376e-03,0.03,0.05
3.59384e-03,0.03,-0.01
3.59392e-03,0.03,0.05
3.59400e-03,0.01,-0.01
3.59408e-03,0.03,0.05
3.59416e-03,0.01,-0.03
3.59424e-03,0.03,0.05
3.59432e-03,0.03,-0.03
3.59440e-03,0.03,0.05
3.59448e-03,0.05,-0.01
3.59456e-03,0.03,0.05
3.59464e-03,0.05,-0.03
3.59472e-03,0.01,0.05
3.59480e-03,0.05,-0.03
3.59488e-03,0.03,0.05
3.59496e-03,0.03,-0.01
3.59504e-03,0.03,0.05
3.59512e-03,0.03,-0.01
3.59520e-03,0.05,0.05
3.59528e-03,0.01,-0.01
3.59536e-03,0.03,0.05
3.59544e-03,0.01,-0.03
3.59552e-03,0.05,0.05
3.59560e-03,0.03,-0.03
3.59568e-03,0.01,0.05
3.59576e-03,0.03,-0.01
3.59584e-03,0.03,0.05
3.59592e-03,0.05,-0.03
3.59600e-03,0.01,0.05
3.59608e-03,0.03,-0.03
3.59616e-03,0.01,0.05
3.59624e-03,0.03,-0.03
3.59632e-03,0.03,0.05
3.59640e-03,0.03,-0.03
3.59648e-03,0.05,0.05
3.59656e-03,0.03,-0.03
3.59664e-03,0.05,0.05
3.59672e-03,0.03,-0.01
3.59680e-03,0.05,0.05
3.59688e-03,0.03,-0.01
3.59696e-03,0.05,0.05
3.59704e-03,0.03,-0.03
3.59712e-03,0.01,0.05
3.59720e-03,0.03,-0.03
3.59728e-03,0.01,0.05
3.59736e-03,0.03,-0.03
3.59744e-03,0.03,0.05
3.59752e-03,0.03,-0.03
3.59760e-03,0.01,0.05
3.59768e-03,0.03,-0.01
3.59776e-03,0.03,0.05
3.59784e-03,0.03,-0.01
3.59792e-03,0.03,0.05
3.59800e-03,0.01,-0.03
3.59808e-03,0.03,0.05
3.59816e-03,0.03,-0.03
3.59824e-03,0.03,0.05
3.59832e-03,0.03,-0.03
3.59840e-03,0.01,0.05
3.59848e-03,0.03,-0.03
3.59856e-03,0.01,0.05
3.59864e-03,0.03,-0.01
3.59872e-03,0.03,0.05
3.59880e-03,0.03,-0.03
3.59888e-03,0.01,0.05
3.59896e-03,0.03,-0.01
3.59904e-03,0.01,0.05
3.59912e-03,0.01,-0.03
3.59920e-03,0.03,0.05
3.59928e-03,0.01,-0.03
3.59936e-03,0.05,0.05
3.59944e-03,0.01,-0.01
3.59952e-03,0.03,0.05
3.59960e-03,0.03,-0.01
3.59968e-03,0.03,0.05
3.59976e-03,0.05,-0.01
3.59984e-03,0.03,0.05
3.59992e-03,0.03,-0.03
3.60000e-03,0.03,0.05
3.60008e-03,0.03,-0.03
3.60016e-03,0.01,0.05
3.60024e-03,0.03,-0.03
3.60032e-03,0.01,0.05
3.60040e-03,0.03,-0.01
3.60048e-03,0.05,0.05
3.60056e-03,0.01,-0.01
3.60064e-03,0.03,0.05
3.60072e-03,0.03,-0.01
3.60080e-03,0.05,0.05
3.60088e-03,0.03,-0.03
3.60096e-03,0.05,0.07
3.60104e-03,0.03,-0.03
3.60112e-03,0.03,0.05
3.60120e-03,0.03,-0.03
3.60128e-03,0.01,0.07
3.60136e-03,0.03,-0.01
3.60144e-03,0.01,0.05
3.60152e-03,0.03,-0.01
3.60160e-03,0.01,0.05
3.60168e-03,0.03,-0.03
3.60176e-03,0.03,0.05
3.60184e-03,0.01,-0.01
3.60192e-03,0.03,0.05
3.60200e-03,0.01,-0.03
3.60208e-03,0.03,0.05
3.60216e-03,0.03,-0.03
3.60224e-03,0.03,0.07
3.60232e-03,0.03,-0.01
3.60240e-03,0.03,0.05
3.60248e-03,0.03,-0.01
3.60256e-03,0.01,0.05
3.60264e-03,0.03,-0.01
3.60272e-03,0.03,0.05
3.60280e-03,0.03,-0.01
3.60288e-03,0.01,0.05
3.60296e-03,0.03,-0.01
3.60304e-03,0.03,0.05
3.60312e-03,0.01,-0.01
3.60320e-03,0.05,0.05
3.60328e-03,0.01,-0.01
3.60336e-03,0.03,0.05
3.60344e-03,0.03,-0.03
3.60352e-03,0.03,0.05
3.60360e-03,0.03,-0.01
3.60368e-03,0.03,0.05
3.60376e-03,0.03,-0.03
3.60384e-03,0.03,0.05
3.60392e-03,0.05,-0.01
3.60400e-03,0.03,0.05
3.60408e-03,0.05,-0.03
3.60416e-03,0.03,0.07
3.60424e-03,0.05,-0.01
3.60432e-03,0.03,0.05
3.60440e-03,0.03,-0.03
3.60448e-03,0.03,0.05
3.60456e-03,0.01,-0.01
3.60464e-03,0.05,0.05
3.60472e-03,0.01,-0.03
3.60480e-03,0.03,0.05
3.60488e-03,0.03,-0.03
3.60496e-03,0.05,0.05
3.60504e-03,0.01,-0.05
3.60512e-03,0.01,0.07
3.60520e-03,0.01,-0.03
3.60528e-03,0.03,0.05
3.60536e-03,0.03,-0.01
3.60544e-03,0.03,0.07
3.60552e-03,0.03,-0.01
3.60560e-03,0.03,0.05
3.60568e-03,0.01,-0.01
3.60576e-03,0.03,0.05
3.60584e-03,0.03,-0.01
3.60592e-03,0.05,0.05
3.60600e-03,0.03,-0.01
3.60608e-03,0.03,0.05
3.60616e-03,0.03,-0.03
3.60624e-03,0.03,0.05
3.60632e-03,0.03,-0.03
3.60640e-03,0.03,0.05
3.60648e-03,0.03,-0.03
3.60656e-03,0.01,0.05
3.60664e-03,0.05,-0.01
3.60672e-03,0.03,0.05
3.60680e-03,0.03,-0.01
3.60688e-03,0.03,0.05
3.60696e-03,0.03,-0.03
3.60704e-03,0.03,0.05
3.60712e-03,0.01,-0.03
3.60720e-03,0.05,0.05
3.60728e-03,0.03,-0.03
3.60736e-03,0.03,0.05
3.60744e-03,0.03,-0.01
3.60752e-03,0.03,0.05
3.60760e-03,0.03,-0.01
3.60768e-03,0.05,0.05
3.60776e-03,0.03,-0.01
3.60784e-03,0.01,0.05
3.60792e-03,0.03,-0.03
3.60800e-03,0.01,0.05
3.60808e-03,0.03,-0.03
3.60816e-03,0.03,0.05
3.60824e-03,0.05,-0.01
3.60832e-03,0.03,0.05
3.60840e-03,0.03,-0.03
3.60848e-03,0.03,0.05
3.60856e-03,0.03,-0.03
3.60864e-03,0.03,0.05
3.60872e-03,0.03,-0.01
3.60880e-03,0.03,0.05
3.60888e-03,0.03,-0.03
3.60896e-03,0.01,0.05
3.60904e-03,0.03,-0.01
3.60912e-03,0.03,0.05
3.60920e-03,0.03,-0.03
3.60928e-03,-0.01,0.05
3.60936e-03,0.03,-0.01
3.60944e-03,0.01,0.07
3.60952e-03,0.01,-0.03
3.60960e-03,0.03,0.07
3.60968e-03,0.03,-0.03
3.60976e-03,0.05,0.07
3.60984e-03,0.03,-0.03
3.60992e-03,0.01,0.07
3.61000e-03,0.03,-0.03
3.61008e-03,0.03,0.05
3.61016e-03,0.03,-0.03
3.61024e-03,0.03,0.05
3.61032e-03,0.03,-0.03
3.61040e-03,0.03,0.05
3.61048e-03,0.03,-0.01
3.61056e-03,0.03,0.05
3.61064e-03,0.03,-0.01
3.61072e-03,0.03,0.05
3.61080e-03,0.03,-0.03
3.61088e-03,0.03,0.05
3.61096e-03,0.03,-0.03
3.61104e-03,0.05,0.05
3.61112e-03,0.01,-0.03
3.61120e-03,0.01,0.05
3.61128e-03,0.05,-0.03
3.61136e-03,0.05,0.05
3.61144e-03,0.01,-0.05
3.61152e-03,0.03,0.05
3.61160e-03,0.03,-0.03
3.61168e-03,0.01,0.05
3.61176e-03,0.03,-0.01
3.61184e-03,0.01,0.05
3.61192e-03,0.03,-0.03
3.61200e-03,-0.01,0.05
3.61208e-03,0.03,-0.01
3.61216e-03,0.01,0.05
3.61224e-03,0.03,-0.01
3.61232e-03,0.05,0.05
3.61240e-03,0.03,-0.03
3.61248e-03,0.03,0.07
3.61256e-03,0.01,-0.03
3.61264e-03,0.03,0.05
3.61272e-03,0.01,-0.03
3.61280e-03,0.03,0.05
3.61288e-03,0.03,-0.03
3.61296e-03,0.03,0.05
3.61304e-03,0.03,-0.01
3.61312e-03,0.01,0.05
3.61320e-03,0.05,-0.01
3.61328e-03,0.01,0.05
3.61336e-03,0.01,-0.01
3.61344e-03,0.03,0.05
3.61352e-03,0.03,-0.01
3.61360e-03,0.01,0.05
3.61368e-03,0.03,-0.01
3.61376e-03,0.03,0.05
3.61384e-03,0.03,-0.03
3.61392e-03,0.03,0.05
3.61400e-03,0.01,-0.01
3.61408e-03,0.03,0.05
3.61416e-03,0.01,-0.03
3.61424e-03,0.05,0.05
3.61432e-03,0.05,-0.01
3.61440e-03,0.03,0.05
3.61448e-03,0.03,-0.01
3.61456e-03,0.01,0.05
3.61464e-03,0.01,-0.01
3.61472e-03,0.01,0.05
3.61480e-03,0.03,-0.01
3.61488e-03,0.01,0.05
3.61496e-03,0.03,-0.01
3.61504e-03,0.03,0.05
3.61512e-03,0.03,-0.03
3.61520e-03,0.03,0.03
3.61528e-03,0.03,-0.01
3.61536e-03,0.03,0.05
3.61544e-03,0.01,-0.03
3.61552e-03,0.03,0.05
3.61560e-03,0.01,-0.01
3.61568e-03,0.03,0.05
3.61576e-03,0.03,-0.01
3.61584e-03,0.01,0.05
3.61592e-03,0.05,-0.01
3.61600e-03,0.01,0.05
3.61608e-03,0.03,-0.03
3.61616e-03,0.03,0.05
3.61624e-03,0.03,-0.01
3.61632e-03,0.03,0.05
3.61640e-03,0.01,-0.03
3.61648e-03,0.03,0.05
3.61656e-03,0.03,-0.01
3.61664e-03,0.03,0.05
3.61672e-03,0.01,-0.01
3.61680e-03,0.03,0.05
3.61688e-03,0.03,-0.01
3.61696e-03,0.03,0.05
3.61704e-03,0.05,-0.01
3.61712e-03,0.03,0.05
3.61720e-03,0.05,-0.01
3.61728e-03,0.03,0.05
3.61736e-03,0.03,-0.03
3.61744e-03,0.03,0.05
3.61752e-03,0.03,-0.03
3.61760e-03,0.03,0.05
3.61768e-03,0.01,-0.01
3.61776e-03,0.01,0.05
3.61784e-03,0.03,-0.01
3.61792e-03,0.03,0.05
3.61800e-03,0.01,-0.01
3.61808e-03,0.03,0.05
3.61816e-03,0.03,-0.01
3.61824e-03,0.03,0.05
3.61832e-03,0.03,-0.01
3.61840e-03,0.03,0.05
3.61848e-03,0.03,-0.01
3.61856e-03,0.01,0.05
3.61864e-03,0.05,-0.01
3.61872e-03,0.03,0.05
3.61880e-03,0.05,-0.03
3.61888e-03,0.01,0.07
3.61896e-03,0.03,-0.03
3.61904e-03,0.03,0.07
3.61912e-03,0.03,-0.03
3.61920e-03,0.05,0.05
3.61928e-03,-0.01,-0.03
3.61936e-03,0.03,0.05
3.61944e-03,0.03,-0.03
3.61952e-03,0.01,0.05
3.61960e-03,0.03,-0.03
3.61968e-03,0.03,0.05
3.61976e-03,0.03,-0.03
3.61984e-03,0.03,0.05
3.61992e-03,0.05,-0.01
3.62000e-03,0.01,0.05
3.62008e-03,0.03,-0.01
3.62016e-03,0.03,0.05
3.62024e-03,0.05,-0.01
3.62032e-03,0.01,0.05
3.62040e-03,0.03,-0.03
3.62048e-03,0.05,0.05
3.62056e-03,0.03,-0.03
3.62064e-03,0.05,0.05
3.62072e-03,0.01,-0.03
3.62080e-03,0.05,0.05
3.62088e-03,0.01,-0.03
3.62096e-03,0.01,0.05
3.62104e-03,0.03,-0.01
3.62112e-03,0.01,0.05
3.62120e-03,0.03,-0.01
3.62128e-03,0.03,0.05
3.62136e-03,0.03,-0.01
3.62144e-03,0.03,0.05
3.62152e-03,0.03,-0.03
3.62160e-03,0.03,0.05
3.62168e-03,0.01,-0.03
3.62176e-03,0.03,0.07
3.62184e-03,0.01,-0.01
3.62192e-03,0.05,0.05
3.62200e-03,0.01,-0.01
3.62208e-03,0.03,0.07
3.62216e-03,0.01,-0.01
3.62224e-03,0.03,0.07
3.62232e-03,0.03,-0.01
3.62240e-03,0.01,0.05
3.62248e-03,0.03,-0.01
3.62256e-03,0.03,0.05
3.62264e-03,0.03,-0.01
3.62272e-03,0.01,0.05
3.62280e-03,0.05,-0.01
3.62288e-03,0.03,0.05
3.62296e-03,0.03,-0.03
3.62304e-03,0.03,0.05
3.62312e-03,0.01,-0.03
3.62320e-03,0.05,0.05
3.62328e-03,0.01,-0.01
3.62336e-03,0.05,0.05
3.62344e-03,0.03,-0.01
3.62352e-03,0.03,0.05
3.62360e-03,0.03,-0.01
3.62368e-03,0.03,0.05
3.62376e-03,0.05,-0.03
3.62384e-03,-0.01,0.05
3.62392e-03,0.05,-0.01
3.62400e-03,0.01,0.05
3.62408e-03,0.01,-0.01
3.62416e-03,0.01,0.05
3.62424e-03,0.03,-0.03
3.62432e-03,0.05,0.07
3.62440e-03,0.03,-0.03
3.62448e-03,0.03,0.07
3.62456e-03,0.01,-0.01
3.62464e-03,0.05,0.05
3.62472e-03,0.03,-0.01
3.62480e-03,0.03,0.05
3.62488e-03,0.01,-0.01
3.62496e-03,0.03,0.05
3.62504e-03,0.03,-0.01
3.62512e-03,0.01,0.05
3.62520e-03,0.03,-0.01
3.62528e-03,0.03,0.05
3.62536e-03,0.03,-0.01
3.62544e-03,0.01,0.05
3.62552e-03,0.03,-0.03
3.62560e-03,0.01,0.05
3.62568e-03,0.03,-0.01
3.62576e-03,0.03,0.05
3.62584e-03,0.01,-0.03
3.62592e-03,0.03,0.05
3.62600e-03,0.01,-0.03
3.62608e-03,0.03,0.05
3.62616e-03,0.03,-0.03
3.62624e-03,0.05,0.05
3.62632e-03,0.03,-0.03
3.62640e-03,0.03,0.05
3.62648e-03,0.01,-0.03
3.62656e-03,0.01,0.05
3.62664e-03,0.03,-0.03
3.62672e-03,0.01,0.07
3.62680e-03,0.03,-0.03
3.62688e-03,0.01,0.05
3.62696e-03,0.03,-0.03
3.62704e-03,0.03,0.05
3.62712e-03,0.03,-0.01
3.62720e-03,0.03,0.05
3.62728e-03,0.01,-0.03
3.62736e-03,0.03,0.05
3.62744e-03,0.01,-0.03
3.62752e-03,0.01,0.05
3.62760e-03,0.01,-0.03
3.62768e-03,0.03,0.07
3.62776e-03,0.05,-0.03
3.62784e-03,0.01,0.07
3.62792e-03,0.03,-0.03
3.62800e-03,0.03,0.05
3.62808e-03,0.05,-0.03
3.62816e-03,0.01,0.05
3.62824e-03,0.03,-0.03
3.62832e-03,0.03,0.05
3.62840e-03,0.01,-0.03
3.62848e-03,0.03,0.05
3.62856e-03,0.01,-0.03
3.62864e-03,0.05,0.03
3.62872e-03,0.01,-0.01
3.62880e-03,0.03,0.05
3.62888e-03,0.03,-0.03
3.62896e-03,0.03,0.05
3.62904e-03,0.01,-0.03
3.62912e-03,0.03,0.05
3.62920e-03,0.01,-0.01
3.62928e-03,0.01,0.03
3.62936e-03,0.03,-0.03
3.62944e-03,0.03,0.07
3.62952e-03,0.03,-0.03
3.62960e-03,0.03,0.05
3.62968e-03,0.03,-0.01
3.62976e-03,0.03,0.05
3.62984e-03,0.01,-0.03
3.62992e-03,0.03,0.05
3.63000e-03,0.01,-0.01
3.63008e-03,0.03,0.05
3.63016e-03,0.03,-0.03
3.63024e-03,0.03,0.05
3.63032e-03,0.03,-0.03
3.63040e-03,0.03,0.05
3.63048e-03,0.03,-0.01
3.63056e-03,0.01,0.05
3.63064e-03,0.01,-0.01
3.63072e-03,0.01,0.05
3.63080e-03,0.05,-0.03
3.63088e-03,0.03,0.05
3.63096e-03,0.01,-0.03
3.63104e-03,0.03,0.05
3.63112e-03,0.01,-0.03
3.63120e-03,0.05,0.05
3.63128e-03,0.01,-0.03
3.63136e-03,0.05,0.05
3.63144e-03,0.03,-0.01
3.63152e-03,0.03,0.05
3.63160e-03,0.03,-0.03
3.63168e-03,0.03,0.05
3.63176e-03,0.05,-0.03
3.63184e-03,0.03,0.05
3.63192e-03,0.03,-0.01
3.63200e-03,0.01,0.05
3.63208e-03,0.03,-0.03
3.63216e-03,0.01,0.05
3.63224e-03,0.03,-0.01
3.63232e-03,0.03,0.05
3.63240e-03,0.03,-0.01
3.63248e-03,0.01,0.05
3.63256e-03,0.03,-0.01
3.63264e-03,0.03,0.05
3.63272e-03,0.03,-0.01
3.63280e-03,0.03,0.05
3.63288e-03,0.03,-0.01
3.63296e-03,0.05,0.05
3.63304e-03,0.03,-0.01
3.63312e-03,0.03,0.05
3.63320e-03,0.03,-0.01
3.63328e-03,0.03,0.05
3.63336e-03,0.03,-0.01
3.63344e-03,0.03,0.05
3.63352e-03,0.03,-0.01
3.63360e-03,0.03,0.05
3.63368e-03,0.03,-0.01
3.63376e-03,0.03,0.05
3.63384e-03,0.03,-0.01
3.63392e-03,0.03,0.05
3.63400e-03,0.03,-0.03
3.63408e-03,0.03,0.05
3.63416e-03,0.03,-0.01
3.63424e-03,0.05,0.05
3.63432e-03,0.03,-0.01
3.63440e-03,0.03,0.05
3.63448e-03,0.03,-0.01
3.63456e-03,0.01,0.05
3.63464e-03,0.03,-0.03
3.63472e-03,0.03,0.05
3.63480e-03,0.03,-0.03
3.63488e-03,0.03,0.05
3.63496e-03,0.01,-0.01
3.63504e-03,0.03,0.05
3.63512e-03,0.03,-0.03
3.63520e-03,0.03,0.05
3.63528e-03,0.01,-0.01
3.63536e-03,0.03,0.05
3.63544e-03,0.03,-0.03
3.63552e-03,0.03,0.05
3.63560e-03,0.03,-0.01
3.63568e-03,0.01,0.05
3.63576e-03,0.03,-0.01
3.63584e-03,0.01,0.05
3.63592e-03,0.05,-0.01
3.63600e-03,0.03,0.05
3.63608e-03,0.03,-0.03
3.63616e-03,0.03,0.05
3.63624e-03,0.01,-0.01
3.63632e-03,0.03,0.05
3.63640e-03,0.03,-0.03
3.63648e-03,0.01,0.05
3.63656e-03,0.03,-0.03
3.63664e-03,0.05,0.05
3.63672e-03,0.05,-0.03
3.63680e-03,0.05,0.07
3.63688e-03,0.01,-0.03
3.63696e-03,0.03,0.05
3.63704e-03,0.03,-0.03
3.63712e-03,0.03,0.05
3.63720e-03,0.03,-0.01
3.63728e-03,0.03,0.05
3.63736e-03,0.05,-0.01
3.63744e-03,-0.01,0.05
3.63752e-03,0.05,-0.03
3.63760e-03,0.03,0.07
3.63768e-03,0.03,-0.05
3.63776e-03,0.03,0.05
3.63784e-03,0.01,-0.01
3.63792e-03,0.03,0.05
3.63800e-03,0.03,-0.01
3.63808e-03,0.03,0.05
3.63816e-03,0.03,-0.03
3.63824e-03,0.03,0.05
3.63832e-03,0.03,-0.01
3.63840e-03,0.01,0.05
3.63848e-03,0.03,-0.03
3.63856e-03,0.01,0.05
3.63864e-03,0.03,-0.03
3.63872e-03,0.03,0.05
3.63880e-03,0.03,-0.03
3.63888e-03,0.03,0.05
3.63896e-03,0.03,-0.01
3.63904e-03,0.03,0.05
3.63912e-03,0.03,-0.01
3.63920e-03,0.03,0.05
3.63928e-03,0.01,-0.03
3.63936e-03,0.03,0.05
3.63944e-03,0.01,-0.01
3.63952e-03,0.05,0.05
3.63960e-03,0.03,-0.03
3.63968e-03,0.01,0.05
3.63976e-03,0.03,-0.01
3.63984e-03,0.03,0.05
3.63992e-03,0.03,-0.01
3.64000e-03,0.03,0.05
3.64008e-03,0.03,-0.01
3.64016e-03,0.01,0.05
3.64024e-03,0.03,-0.03
3.64032e-03,0.01,0.05
3.64040e-03,0.01,-0.03
3.64048e-03,0.03,0.05
3.64056e-03,-0.01,-0.03
3.64064e-03,0.03,0.05
3.64072e-03,0.01,-0.03
3.64080e-03,0.03,0.07
3.64088e-03,0.01,-0.03
3.64096e-03,0.01,0.05
3.64104e-03,0.03,-0.03
3.64112e-03,0.01,0.05
3.64120e-03,0.03,-0.03
3.64128e-03,0.01,0.05
3.64136e-03,0.01,-0.03
3.64144e-03,0.01,0.05
3.64152e-03,0.03,-0.03
3.64160e-03,0.03,0.05
3.64168e-03,0.05,-0.01
3.64176e-03,0.03,0.05
3.64184e-03,0.03,-0.01
3.64192e-03,0.03,0.05
3.64200e-03,0.01,-0.03
3.64208e-03,0.03,0.05
3.64216e-03,0.03,-0.03
3.64224e-03,0.01,0.05
3.64232e-03,0.03,-0.01
3.64240e-03,0.01,0.05
3.64248e-03,0.05,-0.03
3.64256e-03,0.01,0.07
3.64264e-03,0.03,-0.01
3.64272e-03,0.01,0.05
3.64280e-03,0.03,-0.03
3.64288e-03,0.01,0.05
3.64296e-03,0.03,-0.03
3.64304e-03,0.03,0.05
3.64312e-03,0.01,-0.01
3.64320e-03,0.03,0.05
3.64328e-03,0.03,-0.03
3.64336e-03,0.05,0.05
3.64344e-03,0.03,-0.03
3.64352e-03,0.03,0.05
3.64360e-03,0.03,-0.03
3.64368e-03,0.03,0.05
3.64376e-03,0.03,-0.01
3.64384e-03,0.03,0.05
3.64392e-03,0.03,-0.01
3.64400e-03,0.03,0.05
3.64408e-03,0.05,-0.01
3.64416e-03,0.03,0.05
3.64424e-03,0.03,-0.03
3.64432e-03,0.03,0.05
3.64440e-03,0.03,-0.01
3.64448e-03,0.05,0.05
3.64456e-03,0.01,-0.03
3.64464e-03,0.05,0.05
3.64472e-03,0.03,-0.01
3.64480e-03,0.05,0.05
3.64488e-03,0.01,-0.03
3.64496e-03,0.03,0.07
3.64504e-03,0.03,-0.03
3.64512e-03,0.03,0.05
3.64520e-03,0.03,-0.03
3.64528e-03,0.01,0.07
3.64536e-03,0.01,-0.03
3.64544e-03,-0.01,0.05
3.64552e-03,0.03,-0.03
3.64560e-03,0.03,0.05
3.64568e-03,0.03,-0.03
3.64576e-03,0.03,0.07
3.64584e-03,0.03,-0.03
3.64592e-03,0.03,0.05
3.64600e-03,0.01,-0.01
3.64608e-03,0.03,0.05
3.64616e-03,0.01,-0.03
3.64624e-03,0.03,0.05
3.64632e-03,0.03,-0.03
3.64640e-03,0.03,0.05
3.64648e-03,0.03,-0.03
3.64656e-03,0.01,0.05
3.64664e-03,0.03,-0.03
3.64672e-03,0.01,0.05
3.64680e-03,0.01,-0.03
3.64688e-03,0.03,0.05
3.64696e-03,0.05,-0.03
3.64704e-03,0.03,0.05
3.64712e-03,0.01,-0.01
3.64720e-03,0.03,0.05
3.64728e-03,0.01,-0.03
3.64736e-03,0.03,0.05
3.64744e-03,0.03,-0.03
3.64752e-03,0.03,0.05
3.64760e-03,0.03,-0.03
3.64768e-03,0.03,0.05
3.64776e-03,0.03,-0.01
3.64784e-03,0.01,0.05
3.64792e-03,0.05,-0.03
3.64800e-03,0.01,0.05
3.64808e-03,0.03,-0.01
3.64816e-03,0.03,0.05
3.64824e-03,0.01,-0.03
3.64832e-03,0.03,0.05
3.64840e-03,0.01,-0.05
3.64848e-03,0.03,0.05
3.64856e-03,0.01,-0.01
3.64864e-03,0.03,0.05
3.64872e-03,0.01,-0.03
3.64880e-03,0.03,0.05
3.64888e-03,0.03,-0.03
3.64896e-03,0.03,0.05
3.64904e-03,0.03,-0.01
3.64912e-03,0.03,0.05
3.64920e-03,0.03,-0.03
3.64928e-03,0.03,0.03
3.64936e-03,0.03,-0.03
3.64944e-03,0.01,0.05
3.64952e-03,0.03,-0.01
3.64960e-03,0.03,0.05
3.64968e-03,0.01,-0.01
3.64976e-03,0.03,0.05
3.64984e-03,0.01,-0.03
3.64992e-03,0.03,0.05
3.65000e-03,0.03,-0.03
3.65008e-03,0.03,0.05
3.65016e-03,0.01,-0.01
3.65024e-03,0.03,0.05
3.65032e-03,0.03,-0.01
3.65040e-03,0.01,0.05
3.65048e-03,0.03,-0.03
3.65056e-03,0.01,0.05
3.65064e-03,0.03,-0.03
3.65072e-03,0.01,0.05
3.65080e-03,0.03,-0.01
3.65088e-03,0.01,0.03
3.65096e-03,0.05,-0.03
3.65104e-03,0.03,0.05
3.65112e-03,0.03,-0.03
3.65120e-03,0.03,0.05
3.65128e-03,0.01,-0.03
3.65136e-03,0.03,0.05
3.65144e-03,0.03,-0.03
3.65152e-03,0.05,0.05
3.65160e-03,0.03,-0.03
3.65168e-03,0.03,0.05
3.65176e-03,0.03,-0.01
3.65184e-03,0.01,0.05
3.65192e-03,0.05,-0.01
3.65200e-03,0.03,0.05
3.65208e-03,0.03,-0.03
3.65216e-03,0.03,0.05
3.65224e-03,0.01,-0.03
3.65232e-03,0.01,0.05
3.65240e-03,0.03,-0.03
3.65248e-03,0.03,0.05
3.65256e-03,0.03,-0.01
3.65264e-03,0.03,0.05
3.65272e-03,-0.01,-0.01
3.65280e-03,0.05,0.05
3.65288e-03,0.03,-0.01
3.65296e-03,0.03,0.05
3.65304e-03,0.03,-0.01
3.65312e-03,0.03,0.05
3.65320e-03,0.03,-0.01
3.65328e-03,0.01,0.05
3.65336e-03,0.03,-0.03
3.65344e-03,0.03,0.05
3.65352e-03,0.03,-0.01
3.65360e-03,0.03,0.05
3.65368e-03,0.03,-0.01
3.65376e-03,0.03,0.05
3.65384e-03,0.03,-0.03
3.65392e-03,0.03,0.05
3.65400e-03,0.01,-0.01
3.65408e-03,0.03,0.05
3.65416e-03,0.03,-0.01
3.65424e-03,0.03,0.05
3.65432e-03,0.01,-0.01
3.65440e-03,0.01,0.05
3.65448e-03,0.03,-0.01
3.65456e-03,0.03,0.05
3.65464e-03,0.05,-0.03
3.65472e-03,0.05,0.07
3.65480e-03,0.01,-0.05
3.65488e-03,0.03,0.07
3.65496e-03,0.01,-0.01
3.65504e-03,0.01,0.07
3.65512e-03,0.03,-0.01
3.65520e-03,0.03,0.05
3.65528e-03,0.03,-0.03
3.65536e-03,0.03,0.05
3.65544e-03,0.01,-0.01
3.65552e-03,0.03,0.05
3.65560e-03,0.01,-0.01
3.65568e-03,0.01,0.07
3.65576e-03,0.03,-0.03
3.65584e-03,0.01,0.05
3.65592e-03,0.03,-0.03
3.65600e-03,0.01,0.05
3.65608e-03,0.05,-0.03
3.65616e-03,0.03,0.05
3.65624e-03,0.03,-0.03
3.65632e-03,0.03,0.05
3.65640e-03,0.03,-0.01
3.65648e-03,0.03,0.05
3.65656e-03,0.01,-0.03
3.65664e-03,0.03,0.05
3.65672e-03,0.01,-0.01
3.65680e-03,0.03,0.05
3.65688e-03,0.03,-0.03
3.65696e-03,0.01,0.05
3.65704e-03,0.03,-0.03
3.65712e-03,0.03,0.05
3.65720e-03,0.03,-0.03
3.65728e-03,0.01,0.05
3.65736e-03,0.03,-0.03
3.65744e-03,0.03,0.05
3.65752e-03,0.03,-0.03
3.65760e-03,0.03,0.05
3.65768e-03,0.03,-0.03
3.65776e-03,0.05,0.05
3.65784e-03,0.03,-0.01
3.65792e-03,0.03,0.05
3.65800e-03,0.01,-0.03
3.65808e-03,0.03,0.05
3.65816e-03,0.01,-0.03
3.65824e-03,0.03,0.05
3.65832e-03,0.03,-0.03
3.65840e-03,0.03,0.05
3.65848e-03,0.03,-0.01
3.65856e-03,0.03,0.05
3.65864e-03,0.03,-0.03
3.65872e-03,0.01,0.05
3.65880e-03,0.03,-0.01
3.65888e-03,0.01,0.05
3.65896e-03,0.03,-0.01
3.65904e-03,0.03,0.07
3.65912e-03,0.03,-0.01
3.65920e-03,0.03,0.05
3.65928e-03,0.03,-0.03
3.65936e-03,0.05,0.05
3.65944e-03,0.03,-0.01
3.65952e-03,0.03,0.05
3.65960e-03,0.01,-0.03
3.65968e-03,0.01,0.05
3.65976e-03,0.01,-0.03
3.65984e-03,0.03,0.05
3.65992e-03,0.03,-0.01
3.66000e-03,0.03,0.05
3.66008e-03,0.03,-0.03
3.66016e-03,0.01,0.05
3.66024e-03,0.03,-0.03
3.66032e-03,0.03,0.05
3.66040e-03,0.03,-0.03
3.66048e-03,0.03,0.07
3.66056e-03,0.03,-0.03
3.66064e-03,0.05,0.05
3.66072e-03,0.03,-0.01
3.66080e-03,0.03,0.05
3.66088e-03,0.03,-0.03
3.66096e-03,0.01,0.05
3.66104e-03,0.03,-0.01
3.66112e-03,0.03,0.05
3.66120e-03,0.03,-0.03
3.66128e-03,0.03,0.05
3.66136e-03,0.03,-0.01
3.66144e-03,0.01,0.05
3.66152e-03,0.03,-0.01
3.66160e-03,0.03,0.05
3.66168e-03,0.03,-0.03
3.66176e-03,0.05,0.05
3.66184e-03,0.01,-0.03
3.66192e-03,0.05,0.05
3.66200e-03,0.03,-0.03
3.66208e-03,0.05,0.05
3.66216e-03,0.01,-0.01
3.66224e-03,0.03,0.05
3.66232e-03,0.03,-0.03
3.66240e-03,0.03,0.05
3.66248e-03,0.05,-0.03
3.66256e-03,0.03,0.05
3.66264e-03,0.03,-0.05
3.66272e-03,0.01,0.07
3.66280e-03,0.03,-0.03
3.66288e-03,0.03,0.05
3.66296e-03,0.05,-0.01
3.66304e-03,0.05,0.05
3.66312e-03,0.03,-0.01
3.66320e-03,0.03,0.05
3.66328e-03,-0.01,-0.01
3.66336e-03,0.01,0.05
3.66344e-03,0.01,-0.03
3.66352e-03,0.05,0.07
3.66360e-03,0.05,-0.03
3.66368e-03,0.03,0.05
3.66376e-03,0.03,-0.01
3.66384e-03,0.01,0.07
3.66392e-03,0.03,-0.03
3.66400e-03,0.01,0.05
3.66408e-03,0.03,-0.01
3.66416e-03,0.01,0.05
3.66424e-03,0.03,-0.03
3.66432e-03,0.03,0.07
3.66440e-03,0.03,-0.01
3.66448e-03,0.05,0.07
3.66456e-03,0.03,-0.01
3.66464e-03,0.05,0.05
3.66472e-03,0.01,-0.03
3.66480e-03,0.03,0.05
3.66488e-03,0.03,-0.01
3.66496e-03,0.03,0.07
3.66504e-03,0.03,-0.01
3.66512e-03,0.03,0.05
3.66520e-03,0.01,-0.01
3.66528e-03,0.01,0.05
3.66536e-03,0.03,-0.01
3.66544e-03,0.01,0.05
3.66552e-03,0.05,-0.01
3.66560e-03,0.03,0.05
3.66568e-03,0.01,-0.01
3.66576e-03,0.03,0.05
3.66584e-03,0.01,-0.01
3.66592e-03,0.05,0.05
3.66600e-03,0.03,-0.01
3.66608e-03,0.03,0.05
3.66616e-03,0.03,-0.03
3.66624e-03,0.03,0.05
3.66632e-03,0.05,-0.01
3.66640e-03,0.05,0.05
3.66648e-03,0.03,-0.01
3.66656e-03,0.01,0.05
3.66664e-03,0.03,-0.01
3.66672e-03,0.01,0.05
3.66680e-03,0.05,-0.03
3.66688e-03,0.03,0.05
3.66696e-03,0.03,-0.03
3.66704e-03,0.01,0.05
3.66712e-03,0.01,-0.03
3.66720e-03,0.05,0.05
3.66728e-03,0.01,-0.03
3.66736e-03,0.05,0.05
3.66744e-03,0.01,-0.03
3.66752e-03,0.01,0.05
3.66760e-03,0.03,-0.03
3.66768e-03,0.03,0.05
3.66776e-03,0.03,-0.01
3.66784e-03,0.03,0.05
3.66792e-03,0.05,-0.03
3.66800e-03,0.01,0.03
3.66808e-03,0.03,-0.03
3.66816e-03,0.03,0.05
3.66824e-03,0.03,-0.03
3.66832e-03,0.05,0.05
3.66840e-03,0.01,-0.01
3.66848e-03,0.03,0.05
3.66856e-03,0.01,-0.03
3.66864e-03,0.05,0.05
3.66872e-03,0.01,-0.01
3.66880e-03,0.03,0.05
3.66888e-03,0.03,-0.01
3.66896e-03,0.03,0.05
3.66904e-03,0.03,-0.01
3.66912e-03,0.01,0.05
3.66920e-03,0.03,-0.03
3.66928e-03,0.01,0.05
3.66936e-03,0.03,-0.03
3.66944e-03,0.01,0.05
3.66952e-03,0.03,-0.03
3.66960e-03,0.03,0.05
3.66968e-03,0.05,-0.03
3.66976e-03,0.03,0.05
3.66984e-03,0.01,-0.01
3.66992e-03,0.05,0.05
3.67000e-03,0.01,-0.03
3.67008e-03,0.01,0.05
3.67016e-03,0.03,-0.03
3.67024e-03,0.05,0.07
3.67032e-03,0.03,-0.03
3.67040e-03,0.01,0.05
3.67048e-03,0.03,-0.03
3.67056e-03,0.03,0.05
3.67064e-03,0.03,-0.03
3.67072e-03,0.01,0.05
3.67080e-03,0.03,-0.03
3.67088e-03,0.03,0.05
3.67096e-03,0.03,-0.03
3.67104e-03,0.03,0.05
3.67112e-03,0.03,-0.01
3.67120e-03,0.03,0.05
3.67128e-03,0.01,-0.03
3.67136e-03,0.03,0.05
3.67144e-03,0.01,-0.03
3.67152e-03,0.03,0.05
3.67160e-03,0.01,-0.03
3.67168e-03,0.03,0.05
3.67176e-03,0.03,-0.01
3.67184e-03,0.01,0.05
3.67192e-03,0.03,-0.01
3.67200e-03,0.01,0.05
3.67208e-03,0.01,-0.03
3.67216e-03,0.03,0.05
3.67224e-03,0.03,-0.01
3.67232e-03,0.01,0.05
3.67240e-03,0.01,-0.03
3.67248e-03,0.03,0.07
3.67256e-03,0.01,-0.05
3.67264e-03,0.05,0.07
3.67272e-03,0.01,-0.03
3.67280e-03,0.05,0.05
3.67288e-03,0.03,-0.03
3.67296e-03,0.03,0.07
3.67304e-03,0.03,-0.03
3.67312e-03,0.01,0.07
3.67320e-03,0.03,-0.03
3.67328e-03,-0.01,0.05
3.67336e-03,0.03,-0.03
3.67344e-03,0.03,0.05
3.67352e-03,0.03,-0.03
3.67360e-03,0.03,0.05
3.67368e-03,0.03,-0.03
3.67376e-03,0.05,0.05
3.67384e-03,0.03,-0.01
3.67392e-03,0.03,0.05
3.67400e-03,0.01,-0.01
3.67408e-03,0.03,0.07
3.67416e-03,0.03,-0.03
3.67424e-03,0.03,0.05
3.67432e-03,0.03,-0.03
3.67440e-03,0.01,0.05
3.67448e-03,0.03,-0.01
3.67456e-03,0.01,0.05
3.67464e-03,0.03,-0.01
3.67472e-03,0.03,0.05
3.67480e-03,0.01,-0.03
3.67488e-03,0.03,0.05
3.67496e-03,0.03,-0.03
3.67504e-03,0.01,0.05
3.67512e-03,0.01,-0.03
3.67520e-03,0.05,0.05
3.67528e-03,0.03,-0.03
3.67536e-03,0.03,0.05
3.67544e-03,0.03,-0.01
3.67552e-03,0.03,0.05
3.67560e-03,0.03,-0.03
3.67568e-03,0.03,0.05
3.67576e-03,0.03,-0.03
3.67584e-03,0.03,0.05
3.67592e-03,0.05,-0.03
3.67600e-03,0.01,0.05
3.67608e-03,0.03,-0.01
3.67616e-03,0.03,0.05
3.67624e-03,0.03,-0.03
3.67632e-03,0.03,0.05
3.67640e-03,0.01,-0.03
3.67648e-03,0.03,0.05
3.67656e-03,0.01,-0.01
3.67664e-03,0.03,0.05
3.67672e-03,0.01,-0.01
3.67680e-03,0.03,0.05
3.67688e-03,0.03,-0.01
3.67696e-03,0.03,0.05
3.67704e-03,0.01,-0.01
3.67712e-03,0.03,0.05
3.67720e-03,0.05,-0.01
3.67728e-03,0.01,0.05
3.67736e-03,0.03,-0.01
3.67744e-03,0.03,0.05
3.67752e-03,0.03,-0.03
3.67760e-03,0.03,0.05
3.67768e-03,0.03,-0.01
3.67776e-03,0.01,0.05
3.67784e-03,0.03,-0.01
3.67792e-03,0.03,0.05
3.67800e-03,0.01,-0.03
3.67808e-03,0.03,0.05
3.67816e-03,0.01,-0.01
3.67824e-03,0.03,0.05
3.67832e-03,0.03,-0.03
3.67840e-03,0.01,0.05
3.67848e-03,0.05,-0.01
3.67856e-03,0.01,0.05
3.67864e-03,0.03,-0.03
3.67872e-03,0.01,0.05
3.67880e-03,0.01,-0.03
3.67888e-03,0.01,0.05
3.67896e-03,0.03,-0.03
3.67904e-03,0.03,0.05
3.67912e-03,0.01,-0.03
3.67920e-03,0.03,0.05
3.67928e-03,0.01,-0.03
3.67936e-03,0.05,0.05
3.67944e-03,0.01,-0.03
3.67952e-03,0.03,0.05
3.67960e-03,0.03,-0.03
3.67968e-03,0.01,0.05
3.67976e-03,0.03,-0.03
3.67984e-03,0.03,0.05
3.67992e-03,0.03,-0.03
3.68000e-03,0.03,0.05
3.68008e-03,0.03,-0.01
3.68016e-03,0.01,0.05
3.68024e-03,0.01,-0.01
3.68032e-03,0.03,0.05
3.68040e-03,0.01,-0.03
3.68048e-03,0.03,0.05
3.68056e-03,0.01,-0.03
3.68064e-03,0.03,0.05
3.68072e-03,-0.01,-0.01
3.68080e-03,0.01,0.05
3.68088e-03,0.03,-0.03
3.68096e-03,0.03,0.05
3.68104e-03,0.03,-0.03
3.68112e-03,0.05,0.05
3.68120e-03,0.01,-0.01
3.68128e-03,0.01,0.05
3.68136e-03,0.03,-0.03
3.68144e-03,0.03,0.07
3.68152e-03,0.03,-0.03
3.68160e-03,0.07,0.05
3.68168e-03,0.01,-0.03
3.68176e-03,0.03,0.07
3.68184e-03,0.03,-0.03
3.68192e-03,0.03,0.07
3.68200e-03,0.01,-0.03
3.68208e-03,0.03,0.05
3.68216e-03,0.03,-0.01
3.68224e-03,0.03,0.05
3.68232e-03,0.03,-0.01
3.68240e-03,0.01,0.05
3.68248e-03,0.05,-0.01
3.68256e-03,0.03,0.05
3.68264e-03,0.03,-0.01
3.68272e-03,0.03,0.05
3.68280e-03,0.05,-0.01
3.68288e-03,0.03,0.05
3.68296e-03,0.03,-0.03
3.68304e-03,0.03,0.05
3.68312e-03,0.03,-0.01
3.68320e-03,0.03,0.05
3.68328e-03,0.01,-0.01
3.68336e-03,0.05,0.05
3.68344e-03,0.03,-0.01
3.68352e-03,0.03,0.05
3.68360e-03,0.03,-0.01
3.68368e-03,0.03,0.05
3.68376e-03,0.03,-0.01
3.68384e-03,0.03,0.05
3.68392e-03,0.03,-0.01
3.68400e-03,0.03,0.05
3.68408e-03,0.03,-0.01
3.68416e-03,0.03,0.05
3.68424e-03,0.05,-0.01
3.68432e-03,0.03,0.05
3.68440e-03,0.03,-0.01
3.68448e-03,0.03,0.05
3.68456e-03,0.01,-0.01
3.68464e-03,0.03,0.05
3.68472e-03,0.01,-0.01
3.68480e-03,0.03,0.05
3.68488e-03,0.01,-0.01
3.68496e-03,0.01,0.05
3.68504e-03,0.03,-0.01
3.68512e-03,0.03,0.05
3.68520e-03,0.03,-0.01
3.68528e-03,0.01,0.05
3.68536e-03,0.05,-0.03
3.68544e-03,0.03,0.05
3.68552e-03,0.05,-0.03
3.68560e-03,0.01,0.05
3.68568e-03,0.03,-0.01
3.68576e-03,0.03,0.05
3.68584e-03,0.03,-0.01
3.68592e-03,0.05,0.05
3.68600e-03,0.01,-0.01
3.68608e-03,0.03,0.05
3.68616e-03,0.03,-0.01
3.68624e-03,0.03,0.05
3.68632e-03,0.03,-0.01
3.68640e-03,0.01,0.05
3.68648e-03,0.03,-0.03
3.68656e-03,0.01,0.05
3.68664e-03,0.05,-0.01
3.68672e-03,0.03,0.05
3.68680e-03,0.03,-0.03
3.68688e-03,0.03,0.05
3.68696e-03,0.03,-0.01
3.68704e-03,0.03,0.05
3.68712e-03,0.01,-0.01
3.68720e-03,0.03,0.05
3.68728e-03,0.01,-0.03
3.68736e-03,0.01,0.05
3.68744e-03,0.05,-0.01
3.68752e-03,0.01,0.05
3.68760e-03,0.05,-0.01
3.68768e-03,0.03,0.07
3.68776e-03,0.03,-0.01
3.68784e-03,0.01,0.07
3.68792e-03,0.05,-0.01
3.68800e-03,0.01,0.05
3.68808e-03,0.03,-0.01
3.68816e-03,0.03,0.05
3.68824e-03,0.03,-0.01
3.68832e-03,0.01,0.05
3.68840e-03,0.03,-0.01
3.68848e-03,0.05,0.05
3.68856e-03,0.03,-0.01
3.68864e-03,0.03,0.05
3.68872e-03,0.01,-0.01
3.68880e-03,0.03,0.05
3.68888e-03,0.03,-0.03
3.68896e-03,0.03,0.05
3.68904e-03,0.03,-0.01
3.68912e-03,0.03,0.05
3.68920e-03,0.03,-0.03
3.68928e-03,0.01,0.05
3.68936e-03,0.03,-0.03
3.68944e-03,0.01,0.05
3.68952e-03,0.03,-0.03
3.68960e-03,0.03,0.05
3.68968e-03,0.03,-0.03
3.68976e-03,0.03,0.05
3.68984e-03,0.01,-0.01
3.68992e-03,0.03,0.05
3.69000e-03,0.03,-0.03
3.69008e-03,0.03,0.05
3.69016e-03,0.03,-0.03
3.69024e-03,0.05,0.07
3.69032e-03,0.01,-0.05
3.69040e-03,0.01,0.05
3.69048e-03,0.03,-0.05
3.69056e-03,0.01,0.07
3.69064e-03,0.05,-0.03
3.69072e-03,0.01,0.07
3.69080e-03,0.03,-0.03
3.69088e-03,0.03,0.05
3.69096e-03,0.03,-0.01
3.69104e-03,0.03,0.05
3.69112e-03,0.03,-0.03
3.69120e-03,0.03,0.05
3.69128e-03,0.03,-0.03
3.69136e-03,0.05,0.05
3.69144e-03,0.03,-0.01
3.69152e-03,0.05,0.05
3.69160e-03,0.01,-0.01
3.69168e-03,0.03,0.05
3.69176e-03,0.03,-0.01
3.69184e-03,0.01,0.05
3.69192e-03,0.03,-0.01
3.69200e-03,0.01,0.05
3.69208e-03,0.03,-0.03
3.69216e-03,0.01,0.05
3.69224e-03,0.03,-0.01
3.69232e-03,0.03,0.05
3.69240e-03,0.03,-0.03
3.69248e-03,0.05,0.05
3.69256e-03,0.01,-0.01
3.69264e-03,0.03,0.05
3.69272e-03,0.03,-0.01
3.69280e-03,0.05,0.05
3.69288e-03,0.03,-0.01
3.69296e-03,0.03,0.05
3.69304e-03,0.03,-0.01
3.69312e-03,0.01,0.05
3.69320e-03,0.03,-0.01
3.69328e-03,0.01,0.05
3.69336e-03,0.03,-0.03
3.69344e-03,0.03,0.05
3.69352e-03,0.01,-0.03
3.69360e-03,0.01,0.05
3.69368e-03,0.05,-0.01
3.69376e-03,0.03,0.05
3.69384e-03,0.03,-0.03
3.69392e-03,0.03,0.05
3.69400e-03,0.01,-0.03
3.69408e-03,0.03,0.05
3.69416e-03,0.03,-0.01
3.69424e-03,0.03,0.07
3.69432e-03,0.03,-0.03
3.69440e-03,0.05,0.05
3.69448e-03,0.03,-0.01
3.69456e-03,0.01,0.05
3.69464e-03,0.05,-0.03
3.69472e-03,0.01,0.05
3.69480e-03,0.03,-0.03
3.69488e-03,0.03,0.05
3.69496e-03,0.05,-0.03
3.69504e-03,0.03,0.03
3.69512e-03,0.03,-0.03
3.69520e-03,0.03,0.05
3.69528e-03,0.01,-0.03
3.69536e-03,0.05,0.05
3.69544e-03,0.01,-0.01
3.69552e-03,0.03,0.05
3.69560e-03,0.03,-0.01
3.69568e-03,0.03,0.05
3.69576e-03,0.03,-0.03
3.69584e-03,0.01,0.05
3.69592e-03,0.05,-0.03
3.69600e-03,0.03,0.05
3.69608e-03,0.03,-0.03
3.69616e-03,0.01,0.05
3.69624e-03,0.03,-0.01
3.69632e-03,0.03,0.05
3.69640e-03,0.03,-0.01
3.69648e-03,0.03,0.05
3.69656e-03,0.01,-0.01
3.69664e-03,0.05,0.05
3.69672e-03,0.01,-0.01
3.69680e-03,0.05,0.05
3.69688e-03,0.03,-0.03
3.69696e-03,0.03,0.05
3.69704e-03,0.05,-0.03
3.69712e-03,0.03,0.05
3.69720e-03,0.03,-0.03
3.69728e-03,0.03,0.05
3.69736e-03,0.03,-0.03
3.69744e-03,0.01,0.05
3.69752e-03,0.01,-0.03
3.69760e-03,0.01,0.05
3.69768e-03,0.03,-0.01
3.69776e-03,0.01,0.05
3.69784e-03,0.01,-0.01
3.69792e-03,0.03,0.05
3.69800e-03,0.01,-0.01
3.69808e-03,0.03,0.05
3.69816e-03,0.03,-0.03
3.69824e-03,0.01,0.05
3.69832e-03,0.03,-0.03
3.69840e-03,0.01,0.05
3.69848e-03,0.03,-0.01
3.69856e-03,0.03,0.05
3.69864e-03,0.03,-0.01
3.69872e-03,0.01,0.05
3.69880e-03,0.03,-0.03
3.69888e-03,0.01,0.05
3.69896e-03,0.03,-0.03
3.69904e-03,0.05,0.05
3.69912e-03,0.03,-0.03
3.69920e-03,0.03,0.05
3.69928e-03,0.01,-0.05
3.69936e-03,0.01,0.07
3.69944e-03,0.01,-0.03
3.69952e-03,0.01,0.05
3.69960e-03,0.03,-0.03
3.69968e-03,0.03,0.05
3.69976e-03,0.03,-0.03
3.69984e-03,0.03,0.05
3.69992e-03,0.01,-0.03
3.70000e-03,0.01,0.05
3.70008e-03,0.03,-0.03
3.70016e-03,0.01,0.05
3.70024e-03,0.05,-0.01
3.70032e-03,0.03,0.05
3.70040e-03,0.01,-0.03
3.70048e-03,0.03,0.05
3.70056e-03,0.01,-0.01
3.70064e-03,0.03,0.05
3.70072e-03,0.01,-0.03
3.70080e-03,0.03,0.05
3.70088e-03,0.01,-0.05
3.70096e-03,0.01,0.07
3.70104e-03,0.05,-0.03
3.70112e-03,0.01,0.05
3.70120e-03,0.03,-0.01
3.70128e-03,0.01,0.05
3.70136e-03,0.03,-0.03
3.70144e-03,0.03,0.05
3.70152e-03,0.03,-0.01
3.70160e-03,0.03,0.05
3.70168e-03,0.01,-0.01
3.70176e-03,0.03,0.05
3.70184e-03,0.01,-0.03
3.70192e-03,0.03,0.05
3.70200e-03,0.01,-0.03
3.70208e-03,0.03,0.05
3.70216e-03,0.01,-0.01
3.70224e-03,0.03,0.05
3.70232e-03,0.03,-0.01
3.70240e-03,0.03,0.05
3.70248e-03,0.03,-0.03
3.70256e-03,0.03,0.05
3.70264e-03,0.03,-0.03
3.70272e-03,0.01,0.05
3.70280e-03,0.03,-0.03
3.70288e-03,0.03,0.05
3.70296e-03,0.03,-0.01
3.70304e-03,0.03,0.05
3.70312e-03,0.01,-0.01
3.70320e-03,0.05,0.05
3.70328e-03,0.03,-0.01
3.70336e-03,0.03,0.05
3.70344e-03,0.01,-0.01
3.70352e-03,0.01,0.05
3.70360e-03,0.03,-0.01
3.70368e-03,0.03,0.05
3.70376e-03,0.03,-0.03
3.70384e-03,0.01,0.05
3.70392e-03,0.03,-0.01
3.70400e-03,0.03,0.05
3.70408e-03,0.05,-0.01
3.70416e-03,0.01,0.05
3.70424e-03,0.05,-0.01
3.70432e-03,0.03,0.05
3.70440e-03,0.03,-0.01
3.70448e-03,0.03,0.05
3.70456e-03,0.01,-0.01
3.70464e-03,0.05,0.05
3.70472e-03,0.03,-0.01
3.70480e-03,0.03,0.05
3.70488e-03,0.03,-0.01
3.70496e-03,0.03,0.05
3.70504e-03,0.03,-0.01
3.70512e-03,0.03,0.05
3.70520e-03,0.03,-0.01
3.70528e-03,0.01,0.05
3.70536e-03,0.05,-0.01
3.70544e-03,0.03,0.05
3.70552e-03,0.03,-0.01
3.70560e-03,0.03,0.07
3.70568e-03,0.03,-0.03
3.70576e-03,0.07,0.05
3.70584e-03,0.01,-0.01
3.70592e-03,0.03,0.07
3.70600e-03,0.01,-0.01
3.70608e-03,0.03,0.05
3.70616e-03,0.01,-0.01
3.70624e-03,0.03,0.05
3.70632e-03,0.03,-0.01
3.70640e-03,0.03,0.05
3.70648e-03,0.03,-0.03
3.70656e-03,0.01,0.05
3.70664e-03,0.05,-0.01
3.70672e-03,0.01,0.05
3.70680e-03,0.03,-0.01
3.70688e-03,0.03,0.07
3.70696e-03,0.03,-0.03
3.70704e-03,0.03,0.05
3.70712e-03,0.03,-0.01
3.70720e-03,0.03,0.05
3.70728e-03,0.03,-0.03
3.70736e-03,0.03,0.05
3.70744e-03,0.01,-0.01
3.70752e-03,0.03,0.05
3.70760e-03,0.03,-0.01
3.70768e-03,0.03,0.05
3.70776e-03,0.03,-0.01
3.70784e-03,0.01,0.05
3.70792e-03,0.03,-0.01
3.70800e-03,0.01,0.05
3.70808e-03,0.03,-0.05
3.70816e-03,0.03,0.05
3.70824e-03,0.03,-0.03
3.70832e-03,0.03,0.07
3.70840e-03,0.01,-0.03
3.70848e-03,0.03,0.07
3.70856e-03,0.01,-0.03
3.70864e-03,0.05,0.07
3.70872e-03,0.03,-0.01
3.70880e-03,0.05,0.05
3.70888e-03,0.01,-0.01
3.70896e-03,0.03,0.05
3.70904e-03,0.01,-0.03
3.70912e-03,0.03,0.05
3.70920e-03,0.03,-0.01
3.70928e-03,0.01,0.05
3.70936e-03,0.03,-0.03
3.70944e-03,0.03,0.05
3.70952e-03,0.01,-0.03
3.70960e-03,0.01,0.05
3.70968e-03,0.01,-0.03
3.70976e-03,0.03,0.05
3.70984e-03,0.01,-0.03
3.70992e-03,0.01,0.05
3.71000e-03,0.01,-0.03
3.71008e-03,0.03,0.05
3.71016e-03,0.03,-0.03
3.71024e-03,0.03,0.05
3.71032e-03,0.03,-0.03
3.71040e-03,0.03,0.05
3.71048e-03,0.01,-0.01
3.71056e-03,0.01,0.05
3.71064e-03,0.03,-0.03
3.71072e-03,0.01,0.05
3.71080e-03,0.03,-0.01
3.71088e-03,0.01,0.05
3.71096e-03,0.01,-0.01
3.71104e-03,0.03,0.05
3.71112e-03,0.03,-0.03
3.71120e-03,0.03,0.05
3.71128e-03,0.03,-0.01
3.71136e-03,0.03,0.05
3.71144e-03,0.01,-0.01
3.71152e-03,0.03,0.05
3.71160e-03,0.03,-0.01
3.71168e-03,0.01,0.05
3.71176e-03,0.03,-0.03
3.71184e-03,0.01,0.05
3.71192e-03,0.05,-0.01
3.71200e-03,0.01,0.05
3.71208e-03,0.05,-0.03
3.71216e-03,0.01,0.05
3.71224e-03,0.03,-0.03
3.71232e-03,0.03,0.05
3.71240e-03,0.01,-0.03
3.71248e-03,0.03,0.05
3.71256e-03,0.03,-0.01
3.71264e-03,0.03,0.05
3.71272e-03,0.01,-0.01
3.71280e-03,0.05,0.05
3.71288e-03,0.01,-0.01
3.71296e-03,0.03,0.05
3.71304e-03,0.03,-0.01
3.71312e-03,0.03,0.05
3.71320e-03,0.05,-0.01
3.71328e-03,0.01,0.05
3.71336e-03,0.03,-0.03
3.71344e-03,0.01,0.05
3.71352e-03,0.03,-0.03
3.71360e-03,0.03,0.05
3.71368e-03,0.03,-0.01
3.71376e-03,0.03,0.05
3.71384e-03,0.03,-0.01
3.71392e-03,0.03,0.05
3.71400e-03,0.01,-0.01
3.71408e-03,0.03,0.05
3.71416e-03,0.03,-0.03
3.71424e-03,0.03,0.05
3.71432e-03,0.03,-0.03
3.71440e-03,0.01,0.05
3.71448e-03,0.03,-0.01
3.71456e-03,0.03,0.05
3.71464e-03,0.03,-0.03
3.71472e-03,0.03,0.07
3.71480e-03,0.03,-0.03
3.71488e-03,0.01,0.05
3.71496e-03,0.03,-0.03
3.71504e-03,0.03,0.05
3.71512e-03,0.03,-0.01
3.71520e-03,0.03,0.05
3.71528e-03,0.01,-0.03
3.71536e-03,0.03,0.05
3.71544e-03,0.01,-0.03
3.71552e-03,0.03,0.05
3.71560e-03,0.01,-0.01
3.71568e-03,0.01,0.05
3.71576e-03,0.05,-0.03
3.71584e-03,0.03,0.05
3.71592e-03,0.03,-0.01
3.71600e-03,0.03,0.05
3.71608e-03,0.05,-0.01
3.71616e-03,0.03,0.05
3.71624e-03,0.03,-0.03
3.71632e-03,0.05,0.05
3.71640e-03,0.03,-0.01
3.71648e-03,0.03,0.05
3.71656e-03,0.03,-0.01
3.71664e-03,0.03,0.05
3.71672e-03,0.03,-0.03
3.71680e-03,0.03,0.05
3.71688e-03,0.03,-0.01
3.71696e-03,-0.01,0.05
3.71704e-03,0.05,-0.03
3.71712e-03,0.03,0.07
3.71720e-03,0.05,-0.03
3.71728e-03,0.01,0.05
3.71736e-03,0.03,-0.03
3.71744e-03,0.03,0.05
3.71752e-03,0.03,-0.03
3.71760e-03,0.01,0.05
3.71768e-03,0.03,-0.03
3.71776e-03,0.03,0.05
3.71784e-03,0.03,-0.01
3.71792e-03,0.03,0.05
3.71800e-03,0.03,-0.01
3.71808e-03,0.03,0.05
3.71816e-03,0.01,-0.03
3.71824e-03,0.01,0.05
3.71832e-03,0.05,-0.03
3.71840e-03,0.03,0.05
3.71848e-03,0.03,-0.01
3.71856e-03,0.01,0.05
3.71864e-03,0.03,-0.03
3.71872e-03,0.03,0.05
3.71880e-03,0.03,-0.01
3.71888e-03,0.01,0.05
3.71896e-03,0.03,-0.01
3.71904e-03,0.03,0.05
3.71912e-03,0.01,-0.01
3.71920e-03,0.03,0.05
3.71928e-03,0.01,-0.01
3.71936e-03,0.03,0.05
3.71944e-03,0.01,-0.01
3.71952e-03,0.03,0.05
3.71960e-03,0.03,-0.01
3.71968e-03,0.03,0.05
3.71976e-03,0.03,-0.01
3.71984e-03,0.03,0.05
3.71992e-03,0.03,-0.01
3.72000e-03,-0.01,0.05
3.72008e-03,0.03,-0.05
3.72016e-03,0.03,0.07
3.72024e-03,0.03,-0.03
3.72032e-03,0.01,0.05
3.72040e-03,0.03,-0.03
3.72048e-03,0.05,0.05
3.72056e-03,-0.01,-0.03
3.72064e-03,0.03,0.07
3.72072e-03,0.01,-0.01
3.72080e-03,0.03,0.05
3.72088e-03,0.03,-0.01
3.72096e-03,0.03,0.05
3.72104e-03,0.03,-0.01
3.72112e-03,0.03,0.05
3.72120e-03,0.03,-0.03
3.72128e-03,0.03,0.05
3.72136e-03,0.03,-0.01
3.72144e-03,0.03,0.05
3.72152e-03,0.03,-0.03
3.72160e-03,0.03,0.05
3.72168e-03,0.03,-0.03
3.72176e-03,0.03,0.05
3.72184e-03,0.03,-0.03
3.72192e-03,0.03,0.05
3.72200e-03,0.03,-0.03
3.72208e-03,0.01,0.05
3.72216e-03,0.03,-0.01
3.72224e-03,0.03,0.05
3.72232e-03,0.03,-0.03
3.72240e-03,0.03,0.05
3.72248e-03,0.03,-0.01
3.72256e-03,0.01,0.05
3.72264e-03,0.03,-0.01
3.72272e-03,0.03,0.07
3.72280e-03,0.03,-0.01
3.72288e-03,0.03,0.07
3.72296e-03,0.03,-0.03
3.72304e-03,0.01,0.05
3.72312e-03,0.01,-0.01
3.72320e-03,0.03,0.05
3.72328e-03,0.01,-0.03
3.72336e-03,0.03,0.05
3.72344e-03,0.01,-0.03
3.72352e-03,0.03,0.07
3.72360e-03,0.03,-0.03
3.72368e-03,0.03,0.05
3.72376e-03,0.05,-0.01
3.72384e-03,0.03,0.05
3.72392e-03,0.05,-0.01
3.72400e-03,0.03,0.05
3.72408e-03,0.03,-0.01
3.72416e-03,0.01,0.05
3.72424e-03,0.03,-0.01
3.72432e-03,0.03,0.05
3.72440e-03,0.03,-0.03
3.72448e-03,0.05,0.05
3.72456e-03,0.03,-0.01
3.72464e-03,0.03,0.05
3.72472e-03,0.03,-0.01
3.72480e-03,0.01,0.05
3.72488e-03,0.03,-0.03
3.72496e-03,0.03,0.05
3.72504e-03,0.03,-0.01
3.72512e-03,0.03,0.05
3.72520e-03,0.03,-0.03
3.72528e-03,0.03,0.03
3.72536e-03,0.03,-0.01
3.72544e-03,0.03,0.05
3.72552e-03,0.03,-0.03
3.72560e-03,0.03,0.05
3.72568e-03,0.01,-0.01
3.72576e-03,0.03,0.05
3.72584e-03,0.03,-0.01
3.72592e-03,0.03,0.05
3.72600e-03,-0.01,-0.03
3.72608e-03,-0.01,0.05
3.72616e-03,0.01,-0.05
3.72624e-03,0.03,0.07
3.72632e-03,0.05,-0.03
3.72640e-03,0.03,0.07
3.72648e-03,0.03,-0.03
3.72656e-03,0.01,0.05
3.72664e-03,0.03,-0.03
3.72672e-03,0.01,0.05
3.72680e-03,0.03,-0.01
3.72688e-03,0.03,0.05
3.72696e-03,0.03,-0.03
3.72704e-03,0.05,0.05
3.72712e-03,0.01,-0.01
3.72720e-03,0.05,0.05
3.72728e-03,0.01,-0.03
3.72736e-03,0.03,0.05
3.72744e-03,0.03,-0.03
3.72752e-03,0.01,0.05
3.72760e-03,0.03,-0.03
3.72768e-03,0.03,0.05
3.72776e-03,0.03,-0.01
3.72784e-03,0.01,0.05
3.72792e-03,0.03,-0.03
3.72800e-03,0.01,0.05
3.72808e-03,0.07,-0.01
3.72816e-03,0.01,0.05
3.72824e-03,0.03,-0.03
3.72832e-03,0.03,0.07
3.72840e-03,0.01,-0.01
3.72848e-03,0.03,0.05
3.72856e-03,0.01,-0.01
3.72864e-03,0.03,0.05
3.72872e-03,0.01,-0.01
3.72880e-03,0.03,0.05
3.72888e-03,0.03,-0.01
3.72896e-03,0.01,0.05
3.72904e-03,0.03,-0.03
3.72912e-03,0.01,0.05
3.72920e-03,0.03,-0.03
3.72928e-03,0.03,0.05
3.72936e-03,0.03,-0.03
3.72944e-03,0.03,0.05
3.72952e-03,0.03,-0.03
3.72960e-03,0.01,0.05
3.72968e-03,0.03,-0.03
3.72976e-03,0.03,0.05
3.72984e-03,0.01,-0.03
3.72992e-03,0.03,0.05
3.73000e-03,0.01,-0.03
3.73008e-03,0.03,0.05
3.73016e-03,0.03,-0.03
3.73024e-03,0.01,0.07
3.73032e-03,0.03,-0.03
3.73040e-03,0.01,0.05
3.73048e-03,0.03,-0.03
3.73056e-03,0.03,0.05
3.73064e-03,0.03,-0.03
3.73072e-03,0.01,0.05
3.73080e-03,0.03,-0.03
3.73088e-03,0.03,0.05
3.73096e-03,0.01,-0.03
3.73104e-03,0.03,0.05
3.73112e-03,0.03,-0.03
3.73120e-03,0.03,0.05
3.73128e-03,0.01,-0.03
3.73136e-03,0.03,0.05
3.73144e-03,0.03,-0.01
3.73152e-03,0.05,0.05
3.73160e-03,0.03,-0.01
3.73168e-03,0.03,0.05
3.73176e-03,0.03,-0.01
3.73184e-03,0.03,0.05
3.73192e-03,0.03,-0.03
3.73200e-03,0.01,0.05
3.73208e-03,0.03,-0.01
3.73216e-03,0.03,0.05
3.73224e-03,0.03,-0.01
3.73232e-03,0.03,0.05
3.73240e-03,0.01,-0.01
3.73248e-03,0.03,0.05
3.73256e-03,0.03,-0.03
3.73264e-03,0.03,0.05
3.73272e-03,0.01,-0.03
3.73280e-03,0.03,0.05
3.73288e-03,0.03,-0.01
3.73296e-03,0.03,0.05
3.73304e-03,0.03,-0.03
3.73312e-03,0.03,0.05
3.73320e-03,0.03,-0.01
3.73328e-03,0.01,0.05
3.73336e-03,0.03,-0.01
3.73344e-03,0.03,0.05
3.73352e-03,0.03,-0.03
3.73360e-03,0.03,0.05
3.73368e-03,0.01,-0.01
3.73376e-03,0.03,0.05
3.73384e-03,0.01,-0.03
3.73392e-03,0.05,0.05
3.73400e-03,0.03,-0.01
3.73408e-03,0.03,0.05
3.73416e-03,0.01,-0.01
3.73424e-03,0.05,0.05
3.73432e-03,0.03,-0.01
3.73440e-03,0.01,0.05
3.73448e-03,0.03,-0.01
3.73456e-03,0.01,0.05
3.73464e-03,0.03,-0.01
3.73472e-03,0.03,0.05
3.73480e-03,0.03,-0.01
3.73488e-03,0.01,0.05
3.73496e-03,-0.01,-0.03
3.73504e-03,0.03,0.07
3.73512e-03,0.03,-0.03
3.73520e-03,0.03,0.07
3.73528e-03,0.03,-0.03
3.73536e-03,0.03,0.05
3.73544e-03,0.01,-0.01
3.73552e-03,0.03,0.05
3.73560e-03,0.03,-0.01
3.73568e-03,0.03,0.05
3.73576e-03,0.03,-0.01
3.73584e-03,0.03,0.05
3.73592e-03,0.03,-0.01
3.73600e-03,-0.01,0.05
3.73608e-03,0.03,-0.01
3.73616e-03,0.03,0.05
3.73624e-03,0.01,-0.01
3.73632e-03,0.03,0.05
3.73640e-03,0.03,-0.01
3.73648e-03,0.03,0.05
3.73656e-03,0.03,-0.01
3.73664e-03,0.03,0.07
3.73672e-03,0.03,-0.01
3.73680e-03,0.05,0.05
3.73688e-03,0.03,-0.03
3.73696e-03,0.03,0.05
3.73704e-03,0.03,-0.01
3.73712e-03,0.01,0.05
3.73720e-03,0.03,-0.03
3.73728e-03,0.01,0.05
3.73736e-03,0.03,-0.01
3.73744e-03,0.01,0.05
3.73752e-03,0.05,-0.01
3.73760e-03,0.01,0.05
3.73768e-03,0.01,-0.03
3.73776e-03,0.05,0.05
3.73784e-03,0.01,-0.03
3.73792e-03,0.03,0.05
3.73800e-03,0.03,-0.03
3.73808e-03,0.05,0.05
3.73816e-03,0.01,-0.03
3.73824e-03,0.03,0.05
3.73832e-03,0.03,-0.03
3.73840e-03,0.01,0.05
3.73848e-03,0.03,-0.01
3.73856e-03,0.01,0.05
3.73864e-03,0.03,-0.03
3.73872e-03,0.01,0.05
3.73880e-03,0.03,-0.03
3.73888e-03,0.01,0.05
3.73896e-03,0.03,-0.03
3.73904e-03,0.01,0.05
3.73912e-03,0.03,-0.03
3.73920e-03,0.03,0.05
3.73928e-03,0.01,-0.03
3.73936e-03,0.03,0.05
3.73944e-03,0.01,-0.03
3.73952e-03,0.03,0.05
3.73960e-03,0.03,-0.01
3.73968e-03,0.01,0.05
3.73976e-03,0.03,-0.03
3.73984e-03,0.03,0.05
3.73992e-03,0.01,-0.01
3.74000e-03,0.01,0.05
3.74008e-03,0.03,-0.03
3.74016e-03,0.01,0.05
3.74024e-03,0.03,-0.03
3.74032e-03,0.03,0.05
3.74040e-03,0.03,-0.01
3.74048e-03,0.03,0.05
3.74056e-03,0.01,-0.03
3.74064e-03,0.03,0.05
3.74072e-03,0.01,-0.03
3.74080e-03,0.03,0.05
3.74088e-03,0.01,-0.03
3.74096e-03,0.01,0.05
3.74104e-03,0.03,-0.01
3.74112e-03,0.03,0.05
3.74120e-03,0.01,-0.03
3.74128e-03,0.05,0.05
3.74136e-03,0.01,-0.01
3.74144e-03,0.03,0.07
3.74152e-03,0.03,-0.03
3.74160e-03,0.03,0.05
3.74168e-03,0.03,-0.03
3.74176e-03,0.03,0.05
3.74184e-03,0.03,-0.03
3.74192e-03,0.05,0.05
3.74200e-03,0.01,-0.03
3.74208e-03,0.05,0.05
3.74216e-03,0.01,-0.01
3.74224e-03,0.03,0.05
3.74232e-03,0.01,-0.03
3.74240e-03,0.03,0.05
3.74248e-03,0.03,-0.01
3.74256e-03,0.03,0.05
3.74264e-03,0.03,-0.01
3.74272e-03,0.03,0.05
3.74280e-03,0.03,-0.01
3.74288e-03,0.03,0.05
3.74296e-03,0.03,-0.01
3.74304e-03,0.03,0.05
3.74312e-03,0.03,-0.01
3.74320e-03,0.03,0.05
3.74328e-03,0.01,-0.01
3.74336e-03,0.03,0.05
3.74344e-03,0.03,-0.01
3.74352e-03,0.03,0.05
3.74360e-03,0.03,-0.01
3.74368e-03,0.01,0.05
3.74376e-03,0.03,-0.01
3.74384e-03,0.03,0.05
3.74392e-03,0.05,-0.03
3.74400e-03,0.01,0.07
3.74408e-03,0.03,-0.03
3.74416e-03,0.03,0.05
3.74424e-03,0.03,-0.03
3.74432e-03,0.03,0.05
3.74440e-03,0.01,-0.01
3.74448e-03,0.03,0.05
3.74456e-03,-0.01,-0.01
3.74464e-03,0.05,0.07
3.74472e-03,0.01,-0.03
3.74480e-03,0.03,0.05
3.74488e-03,0.03,-0.03
3.74496e-03,0.03,0.05
3.74504e-03,0.03,-0.03
3.74512e-03,0.01,0.05
3.74520e-03,0.03,-0.01
3.74528e-03,0.01,0.05
3.74536e-03,0.01,-0.03
3.74544e-03,0.01,0.05
3.74552e-03,0.03,-0.01
3.74560e-03,0.03,0.05
3.74568e-03,0.03,-0.01
3.74576e-03,0.03,0.05
3.74584e-03,0.01,-0.03
3.74592e-03,0.03,0.03
3.74600e-03,0.01,-0.01
3.74608e-03,0.01,0.05
3.74616e-03,0.03,-0.01
3.74624e-03,0.03,0.05
3.74632e-03,0.03,-0.01
3.74640e-03,0.03,0.05
3.74648e-03,0.03,-0.01
3.74656e-03,0.03,0.05
3.74664e-03,0.03,-0.01
3.74672e-03,0.03,0.05
3.74680e-03,0.03,-0.01
3.74688e-03,0.01,0.07
3.74696e-03,0.03,-0.03
3.74704e-03,0.03,0.05
3.74712e-03,0.01,-0.01
3.74720e-03,0.05,0.05
3.74728e-03,0.03,-0.01
3.74736e-03,0.03,0.05
3.74744e-03,0.03,-0.01
3.74752e-03,0.03,0.05
3.74760e-03,0.03,-0.03
3.74768e-03,0.01,0.05
3.74776e-03,0.03,-0.03
3.74784e-03,0.01,0.05
3.74792e-03,0.03,-0.01
3.74800e-03,0.01,0.05
3.74808e-03,0.03,-0.01
3.74816e-03,0.03,0.05
3.74824e-03,0.03,-0.01
3.74832e-03,0.05,0.05
3.74840e-03,0.03,-0.01
3.74848e-03,0.03,0.05
3.74856e-03,0.03,-0.01
3.74864e-03,0.03,0.05
3.74872e-03,0.01,-0.01
3.74880e-03,0.03,0.05
3.74888e-03,0.03,-0.03
3.74896e-03,0.03,0.05
3.74904e-03,0.03,-0.03
3.74912e-03,0.03,0.05
3.74920e-03,0.03,-0.01
3.74928e-03,-0.01,0.05
3.74936e-03,0.03,-0.03
3.74944e-03,0.03,0.05
3.74952e-03,0.03,-0.03
3.74960e-03,0.03,0.05
3.74968e-03,0.01,-0.01
3.74976e-03,0.03,0.05
3.74984e-03,0.03,-0.01
3.74992e-03,0.03,0.05
3.75000e-03,0.03,-0.01
3.75008e-03,0.03,0.05
3.75016e-03,0.03,-0.01
3.75024e-03,0.03,0.05
3.75032e-03,0.03,-0.01
3.75040e-03,0.03,0.05
3.75048e-03,0.03,-0.01
3.75056e-03,0.03,0.05
3.75064e-03,0.05,-0.03
3.75072e-03,0.01,0.05
3.75080e-03,0.03,-0.03
3.75088e-03,0.03,0.05
3.75096e-03,0.01,-0.03
3.75104e-03,0.03,0.05
3.75112e-03,0.01,-0.01
3.75120e-03,0.03,0.05
3.75128e-03,0.01,-0.03
3.75136e-03,0.03,0.05
3.75144e-03,0.03,-0.01
3.75152e-03,0.03,0.05
3.75160e-03,0.03,-0.03
3.75168e-03,0.01,0.05
3.75176e-03,0.03,-0.01
3.75184e-03,0.01,0.05
3.75192e-03,0.03,-0.01
3.75200e-03,0.01,0.05
3.75208e-03,0.03,-0.01
3.75216e-03,0.01,0.05
3.75224e-03,0.03,-0.03
3.75232e-03,0.03,0.05
3.75240e-03,0.01,-0.01
3.75248e-03,0.03,0.05
3.75256e-03,0.01,-0.03
3.75264e-03,0.03,0.05
3.75272e-03,0.01,-0.03
3.75280e-03,0.07,0.05
3.75288e-03,0.03,-0.03
3.75296e-03,0.05,0.07
3.75304e-03,0.03,-0.03
3.75312e-03,0.01,0.05
3.75320e-03,0.05,-0.03
3.75328e-03,-0.01,0.05
3.75336e-03,0.03,-0.03
3.75344e-03,0.01,0.05
3.75352e-03,0.03,-0.03
3.75360e-03,0.05,0.05
3.75368e-03,0.03,-0.03
3.75376e-03,0.03,0.05
3.75384e-03,0.01,-0.01
3.75392e-03,0.03,0.07
3.75400e-03,0.01,-0.03
3.75408e-03,0.03,0.05
3.75416e-03,0.03,-0.01
3.75424e-03,0.03,0.05
3.75432e-03,0.03,-0.03
3.75440e-03,0.03,0.05
3.75448e-03,0.03,-0.03
3.75456e-03,0.01,0.05
3.75464e-03,0.03,-0.03
3.75472e-03,0.03,0.05
3.75480e-03,0.03,-0.01
3.75488e-03,0.03,0.05
3.75496e-03,0.01,-0.03
3.75504e-03,0.03,0.05
3.75512e-03,0.01,-0.01
3.75520e-03,0.03,0.05
3.75528e-03,0.03,-0.03
3.75536e-03,0.03,0.05
3.75544e-03,0.01,-0.01
3.75552e-03,0.03,0.07
3.75560e-03,0.03,-0.01
3.75568e-03,0.03,0.05
3.75576e-03,0.03,-0.03
3.75584e-03,0.01,0.05
3.75592e-03,0.05,-0.01
3.75600e-03,0.01,0.05
3.75608e-03,0.05,-0.03
3.75616e-03,0.03,0.05
3.75624e-03,0.01,-0.01
3.75632e-03,0.03,0.05
3.75640e-03,0.03,-0.01
3.75648e-03,0.03,0.05
3.75656e-03,0.01,-0.01
3.75664e-03,0.03,0.05
3.75672e-03,0.01,-0.01
3.75680e-03,0.03,0.05
3.75688e-03,0.03,-0.03
3.75696e-03,0.03,0.05
3.75704e-03,0.03,-0.01
3.75712e-03,0.03,0.05
3.75720e-03,0.03,-0.01
3.75728e-03,0.01,0.05
3.75736e-03,0.03,-0.01
3.75744e-03,0.01,0.05
3.75752e-03,0.03,-0.01
3.75760e-03,0.03,0.05
3.75768e-03,0.03,-0.01
3.75776e-03,0.03,0.05
3.75784e-03,0.03,-0.01
3.75792e-03,0.03,0.05
3.75800e-03,0.01,-0.01
3.75808e-03,0.03,0.05
3.75816e-03,0.01,-0.03
3.75824e-03,0.01,0.05
3.75832e-03,0.01,-0.01
3.75840e-03,0.03,0.05
3.75848e-03,0.03,-0.03
3.75856e-03,0.03,0.07
3.75864e-03,0.01,-0.03
3.75872e-03,0.01,0.07
3.75880e-03,0.03,-0.03
3.75888e-03,0.03,0.05
3.75896e-03,0.01,-0.03
3.75904e-03,0.03,0.03
3.75912e-03,0.03,-0.03
3.75920e-03,0.01,0.05
3.75928e-03,0.01,-0.01
3.75936e-03,0.03,0.05
3.75944e-03,0.03,-0.01
3.75952e-03,0.03,0.05
3.75960e-03,0.01,-0.01
3.75968e-03,0.01,0.05
3.75976e-03,0.03,-0.01
3.75984e-03,0.01,0.05
3.75992e-03,0.01,-0.03
3.76000e-03,0.03,0.05
3.76008e-03,0.03,-0.03
3.76016e-03,0.01,0.05
3.76024e-03,0.03,-0.01
3.76032e-03,0.03,0.05
3.76040e-03,0.03,-0.03
3.76048e-03,0.03,0.05
3.76056e-03,0.03,-0.03
3.76064e-03,0.01,0.05
3.76072e-03,0.03,-0.03
3.76080e-03,0.03,0.03
3.76088e-03,0.03,-0.01
3.76096e-03,0.03,0.05
3.76104e-03,0.03,-0.03
3.76112e-03,0.03,0.05
3.76120e-03,0.01,-0.01
3.76128e-03,0.01,0.05
3.76136e-03,0.03,-0.03
3.76144e-03,0.03,0.05
3.76152e-03,0.01,-0.03
3.76160e-03,0.01,0.05
3.76168e-03,0.01,-0.03
3.76176e-03,0.03,0.05
3.76184e-03,0.01,-0.03
3.76192e-03,0.03,0.05
3.76200e-03,0.01,-0.03
3.76208e-03,0.07,0.07
3.76216e-03,0.03,-0.03
3.76224e-03,0.03,0.07
3.76232e-03,0.03,-0.03
3.76240e-03,0.03,0.05
3.76248e-03,0.03,-0.03
3.76256e-03,0.01,0.05
3.76264e-03,0.05,-0.01
3.76272e-03,0.01,0.05
3.76280e-03,0.03,-0.03
3.76288e-03,0.03,0.05
3.76296e-03,0.03,-0.03
3.76304e-03,0.03,0.05
3.76312e-03,0.01,-0.03
3.76320e-03,0.03,0.05
3.76328e-03,0.01,-0.01
3.76336e-03,0.05,0.05
3.76344e-03,0.03,-0.01
3.76352e-03,0.01,0.05
3.76360e-03,0.03,-0.01
3.76368e-03,0.03,0.05
3.76376e-03,0.03,-0.01
3.76384e-03,0.01,0.05
3.76392e-03,0.03,-0.01
3.76400e-03,0.03,0.05
3.76408e-03,0.05,-0.01
3.76416e-03,0.03,0.05
3.76424e-03,0.05,-0.01
3.76432e-03,0.03,0.05
3.76440e-03,0.01,-0.01
3.76448e-03,0.05,0.05
3.76456e-03,0.01,-0.01
3.76464e-03,0.05,0.05
3.76472e-03,0.03,-0.01
3.76480e-03,0.03,0.05
3.76488e-03,0.03,-0.01
3.76496e-03,0.01,0.07
3.76504e-03,0.03,-0.01
3.76512e-03,0.01,0.05
3.76520e-03,0.03,-0.03
3.76528e-03,0.03,0.05
3.76536e-03,0.05,-0.01
3.76544e-03,0.01,0.05
3.76552e-03,0.01,-0.03
3.76560e-03,0.03,0.05
3.76568e-03,0.01,-0.03
3.76576e-03,0.03,0.05
3.76584e-03,0.01,-0.01
3.76592e-03,0.03,0.05
3.76600e-03,0.03,-0.01
3.76608e-03,0.01,0.05
3.76616e-03,0.01,-0.01
3.76624e-03,0.03,0.05
3.76632e-03,0.03,-0.01
3.76640e-03,0.03,0.05
3.76648e-03,0.05,-0.01
3.76656e-03,0.03,0.05
3.76664e-03,0.05,-0.01
3.76672e-03,0.03,0.05
3.76680e-03,0.03,-0.01
3.76688e-03,0.03,0.05
3.76696e-03,0.03,-0.01
3.76704e-03,0.03,0.05
3.76712e-03,0.01,-0.01
3.76720e-03,0.03,0.05
3.76728e-03,0.01,-0.01
3.76736e-03,0.01,0.05
3.76744e-03,0.01,-0.03
3.76752e-03,0.03,0.05
3.76760e-03,0.01,-0.03
3.76768e-03,0.03,0.05
3.76776e-03,0.03,-0.01
3.76784e-03,0.01,0.05
3.76792e-03,0.05,-0.01
3.76800e-03,0.01,0.05
3.76808e-03,0.03,-0.01
3.76816e-03,0.01,0.05
3.76824e-03,0.03,-0.01
3.76832e-03,0.03,0.05
3.76840e-03,0.01,-0.01
3.76848e-03,0.03,0.05
3.76856e-03,0.01,-0.03
3.76864e-03,0.03,0.05
3.76872e-03,0.01,-0.03
3.76880e-03,0.03,0.05
3.76888e-03,0.01,-0.03
3.76896e-03,0.01,0.05
3.76904e-03,0.03,-0.01
3.76912e-03,0.03,0.05
3.76920e-03,0.03,-0.03
3.76928e-03,0.01,0.05
3.76936e-03,0.05,-0.03
3.76944e-03,0.01,0.05
3.76952e-03,0.05,-0.03
3.76960e-03,0.03,0.05
3.76968e-03,0.03,-0.03
3.76976e-03,0.01,0.07
3.76984e-03,0.03,-0.03
3.76992e-03,0.03,0.05
3.77000e-03,0.01,-0.03
3.77008e-03,0.01,0.05
3.77016e-03,0.03,-0.03
3.77024e-03,0.01,0.05
3.77032e-03,0.03,-0.01
3.77040e-03,-0.01,0.05
3.77048e-03,0.05,-0.01
3.77056e-03,0.03,0.05
3.77064e-03,0.05,-0.03
3.77072e-03,0.01,0.05
3.77080e-03,0.01,-0.03
3.77088e-03,0.01,0.07
3.77096e-03,0.03,-0.03
3.77104e-03,0.01,0.07
3.77112e-03,0.01,-0.03
3.77120e-03,0.03,0.05
3.77128e-03,0.03,-0.03
3.77136e-03,0.01,0.05
3.77144e-03,0.03,-0.01
3.77152e-03,0.03,0.05
3.77160e-03,0.03,-0.03
3.77168e-03,0.01,0.05
3.77176e-03,0.01,-0.01
3.77184e-03,0.03,0.05
3.77192e-03,0.05,-0.01
3.77200e-03,0.01,0.05
3.77208e-03,0.03,-0.03
3.77216e-03,0.03,0.05
3.77224e-03,0.03,-0.01
3.77232e-03,0.03,0.05
3.77240e-03,0.01,-0.01
3.77248e-03,0.03,0.05
3.77256e-03,0.03,-0.01
3.77264e-03,0.03,0.05
3.77272e-03,0.01,-0.01
3.77280e-03,0.03,0.05
3.77288e-03,0.03,-0.03
3.77296e-03,0.01,0.05
3.77304e-03,0.03,-0.03
3.77312e-03,0.01,0.05
3.77320e-03,0.03,-0.01
3.77328e-03,0.01,0.05
3.77336e-03,0.05,-0.01
3.77344e-03,0.03,0.05
3.77352e-03,0.01,-0.03
3.77360e-03,0.03,0.05
3.77368e-03,0.03,-0.01
3.77376e-03,0.05,0.05
3.77384e-03,0.01,-0.01
3.77392e-03,0.03,0.05
3.77400e-03,0.03,-0.03
3.77408e-03,0.05,0.07
3.77416e-03,0.01,-0.01
3.77424e-03,0.05,0.05
3.77432e-03,0.03,-0.03
3.77440e-03,0.01,0.05
3.77448e-03,0.03,-0.01
3.77456e-03,0.03,0.05
3.77464e-03,0.05,-0.03
3.77472e-03,0.03,0.05
3.77480e-03,0.03,-0.01
3.77488e-03,0.03,0.05
3.77496e-03,0.01,-0.01
3.77504e-03,0.05,0.05
3.77512e-03,0.03,-0.03
3.77520e-03,0.05,0.07
3.77528e-03,0.03,-0.03
3.77536e-03,0.05,0.07
3.77544e-03,0.03,-0.01
3.77552e-03,0.03,0.05
3.77560e-03,0.03,-0.01
3.77568e-03,0.01,0.05
3.77576e-03,0.03,-0.01
3.77584e-03,0.01,0.05
3.77592e-03,0.03,-0.01
3.77600e-03,0.01,0.05
3.77608e-03,0.03,-0.01
3.77616e-03,0.01,0.05
3.77624e-03,0.01,-0.01
3.77632e-03,0.03,0.05
3.77640e-03,0.03,-0.01
3.77648e-03,0.03,0.05
3.77656e-03,0.03,-0.01
3.77664e-03,0.03,0.05
3.77672e-03,0.03,-0.01
3.77680e-03,0.03,0.05
3.77688e-03,0.03,-0.01
3.77696e-03,0.03,0.05
3.77704e-03,0.05,-0.01
3.77712e-03,0.01,0.05
3.77720e-03,0.03,-0.01
3.77728e-03,0.03,0.05
3.77736e-03,0.03,-0.01
3.77744e-03,0.01,0.05
3.77752e-03,0.03,-0.01
3.77760e-03,0.05,0.05
3.77768e-03,0.03,-0.03
3.77776e-03,0.03,0.05
3.77784e-03,0.03,-0.03
3.77792e-03,0.03,0.07
3.77800e-03,0.01,-0.03
3.77808e-03,0.05,0.05
3.77816e-03,0.01,-0.03
3.77824e-03,0.03,0.05
3.77832e-03,0.03,-0.01
3.77840e-03,0.03,0.05
3.77848e-03,0.03,-0.01
3.77856e-03,0.03,0.05
3.77864e-03,0.03,-0.01
3.77872e-03,0.01,0.05
3.77880e-03,0.03,-0.03
3.77888e-03,0.01,0.05
3.77896e-03,0.03,-0.01
3.77904e-03,0.01,0.07
3.77912e-03,0.03,-0.03
3.77920e-03,0.03,0.05
3.77928e-03,0.03,-0.03
3.77936e-03,0.03,0.05
3.77944e-03,0.01,-0.01
3.77952e-03,0.03,0.05
3.77960e-03,0.01,-0.03
3.77968e-03,0.03,0.05
3.77976e-03,0.05,-0.03
3.77984e-03,0.03,0.05
3.77992e-03,0.05,-0.03
3.78000e-03,0.01,0.05
3.78008e-03,0.03,-0.03
3.78016e-03,0.01,0.07
3.78024e-03,0.03,-0.03
3.78032e-03,0.03,0.05
3.78040e-03,0.03,-0.01
3.78048e-03,0.03,0.03
3.78056e-03,0.01,-0.03
3.78064e-03,0.03,0.05
3.78072e-03,0.01,-0.01
3.78080e-03,0.01,0.03
3.78088e-03,0.03,-0.03
3.78096e-03,0.01,0.05
3.78104e-03,0.03,-0.05
3.78112e-03,0.01,0.05
3.78120e-03,0.03,-0.03
3.78128e-03,0.03,0.05
3.78136e-03,0.03,-0.01
3.78144e-03,0.03,0.05
3.78152e-03,0.03,-0.01
3.78160e-03,0.03,0.05
3.78168e-03,0.01,-0.01
3.78176e-03,0.03,0.05
3.78184e-03,0.01,-0.01
3.78192e-03,0.03,0.05
3.78200e-03,0.03,-0.01
3.78208e-03,0.03,0.05
3.78216e-03,0.01,-0.01
3.78224e-03,0.03,0.05
3.78232e-03,0.03,-0.01
3.78240e-03,0.03,0.05
3.78248e-03,0.03,-0.01
3.78256e-03,0.03,0.05
3.78264e-03,0.03,-0.01
3.78272e-03,0.03,0.05
3.78280e-03,0.05,-0.01
3.78288e-03,0.03,0.05
3.78296e-03,0.03,-0.01
3.78304e-03,0.03,0.05
3.78312e-03,0.01,-0.03
3.78320e-03,0.03,0.05
3.78328e-03,0.01,-0.01
3.78336e-03,0.03,0.05
3.78344e-03,0.03,-0.01
3.78352e-03,0.03,0.05
3.78360e-03,0.03,-0.01
3.78368e-03,0.03,0.05
3.78376e-03,0.03,-0.01
3.78384e-03,0.01,0.05
3.78392e-03,0.01,-0.03
3.78400e-03,0.03,0.05
3.78408e-03,0.03,-0.03
3.78416e-03,0.03,0.05
3.78424e-03,0.03,-0.03
3.78432e-03,0.03,0.05
3.78440e-03,0.03,-0.01
3.78448e-03,0.03,0.05
3.78456e-03,0.03,-0.01
3.78464e-03,0.05,0.05
3.78472e-03,0.01,-0.01
3.78480e-03,0.03,0.05
3.78488e-03,0.01,-0.01
3.78496e-03,0.03,0.05
3.78504e-03,0.03,-0.01
3.78512e-03,0.03,0.05
3.78520e-03,0.01,-0.01
3.78528e-03,0.01,0.05
3.78536e-03,0.03,-0.03
3.78544e-03,0.03,0.05
3.78552e-03,0.03,-0.03
3.78560e-03,0.03,0.05
3.78568e-03,0.01,-0.03
3.78576e-03,0.05,0.05
3.78584e-03,0.01,-0.01
3.78592e-03,0.03,0.05
3.78600e-03,0.01,-0.01
3.78608e-03,0.03,0.05
3.78616e-03,0.03,-0.01
3.78624e-03,0.01,0.05
3.78632e-03,0.03,-0.03
3.78640e-03,0.03,0.05
3.78648e-03,0.05,-0.03
3.78656e-03,0.01,0.05
3.78664e-03,0.03,-0.01
3.78672e-03,0.01,0.05
3.78680e-03,0.03,-0.03
3.78688e-03,0.03,0.05
3.78696e-03,0.03,-0.01
3.78704e-03,0.03,0.05
3.78712e-03,0.01,-0.03
3.78720e-03,0.03,0.03
3.78728e-03,0.03,-0.03
3.78736e-03,0.03,0.05
3.78744e-03,0.03,-0.01
3.78752e-03,0.03,0.05
3.78760e-03,0.03,-0.01
3.78768e-03,0.05,0.05
3.78776e-03,-0.01,-0.03
3.78784e-03,0.01,0.07
3.78792e-03,0.03,-0.03
3.78800e-03,0.03,0.07
3.78808e-03,0.03,-0.03
3.78816e-03,0.01,0.05
3.78824e-03,0.05,-0.03
3.78832e-03,0.05,0.05
3.78840e-03,0.01,-0.01
3.78848e-03,0.03,0.05
3.78856e-03,0.01,-0.03
3.78864e-03,0.03,0.05
3.78872e-03,0.03,-0.03
3.78880e-03,0.05,0.07
3.78888e-03,0.03,-0.03
3.78896e-03,0.03,0.07
3.78904e-03,0.01,-0.03
3.78912e-03,0.01,0.05
3.78920e-03,0.03,-0.03
3.78928e-03,0.01,0.05
3.78936e-03,0.03,-0.01
3.78944e-03,0.03,0.05
3.78952e-03,0.03,-0.01
3.78960e-03,0.03,0.05
3.78968e-03,0.03,-0.01
3.78976e-03,0.03,0.05
3.78984e-03,0.01,-0.03
3.78992e-03,0.03,0.05
3.79000e-03,0.01,-0.01
3.79008e-03,0.03,0.05
3.79016e-03,0.03,-0.01
3.79024e-03,0.03,0.05
3.79032e-03,0.01,-0.01
3.79040e-03,0.03,0.05
3.79048e-03,0.03,-0.01
3.79056e-03,-0.01,0.03
3.79064e-03,0.05,-0.03
3.79072e-03,0.01,0.05
3.79080e-03,0.01,-0.03
3.79088e-03,0.01,0.05
3.79096e-03,0.03,-0.03
3.79104e-03,0.03,0.05
3.79112e-03,0.01,-0.01
3.79120e-03,0.03,0.05
3.79128e-03,0.01,-0.01
3.79136e-03,0.05,0.03
3.79144e-03,0.03,-0.03
3.79152e-03,0.03,0.05
3.79160e-03,0.01,-0.01
3.79168e-03,0.03,0.05
3.79176e-03,0.03,-0.03
3.79184e-03,0.01,0.05
3.79192e-03,0.03,-0.03
3.79200e-03,0.01,0.05
3.79208e-03,0.03,-0.03
3.79216e-03,0.01,0.05
3.79224e-03,0.01,-0.01
3.79232e-03,0.03,0.05
3.79240e-03,0.01,-0.03
3.79248e-03,0.03,0.05
3.79256e-03,0.01,-0.01
3.79264e-03,0.03,0.05
3.79272e-03,0.03,-0.03
3.79280e-03,0.03,0.05
3.79288e-03,0.03,-0.01
3.79296e-03,0.03,0.05
3.79304e-03,0.03,-0.01
3.79312e-03,0.03,0.05
3.79320e-03,0.05,-0.01
3.79328e-03,0.01,0.05
3.79336e-03,0.03,-0.03
3.79344e-03,0.01,0.05
3.79352e-03,0.01,-0.01
3.79360e-03,0.01,0.05
3.79368e-03,0.03,-0.03
3.79376e-03,0.03,0.05
3.79384e-03,0.03,-0.03
3.79392e-03,0.03,0.05
3.79400e-03,0.03,-0.03
3.79408e-03,0.01,0.05
3.79416e-03,0.03,-0.01
3.79424e-03,0.01,0.05
3.79432e-03,0.03,-0.01
3.79440e-03,0.03,0.05
3.79448e-03,0.03,-0.01
3.79456e-03,0.01,0.05
3.79464e-03,0.03,-0.03
3.79472e-03,0.03,0.05
3.79480e-03,0.03,-0.01
3.79488e-03,0.05,0.05
3.79496e-03,0.01,-0.01
3.79504e-03,0.05,0.05
3.79512e-03,0.03,-0.01
3.79520e-03,0.03,0.05
3.79528e-03,0.01,-0.01
3.79536e-03,0.03,0.05
3.79544e-03,0.03,-0.01
3.79552e-03,0.03,0.05
3.79560e-03,0.03,-0.01
3.79568e-03,0.03,0.05
3.79576e-03,0.03,-0.03
3.79584e-03,0.01,0.05
3.79592e-03,0.05,-0.01
3.79600e-03,0.03,0.05
3.79608e-03,0.03,-0.01
3.79616e-03,0.01,0.05
3.79624e-03,0.03,-0.01
3.79632e-03,0.03,0.05
3.79640e-03,0.03,-0.03
3.79648e-03,0.03,0.05
3.79656e-03,-0.01,-0.03
3.79664e-03,0.05,0.05
3.79672e-03,0.01,-0.03
3.79680e-03,0.03,0.05
3.79688e-03,0.03,-0.03
3.79696e-03,0.03,0.07
3.79704e-03,0.03,-0.03
3.79712e-03,0.03,0.07
3.79720e-03,0.05,-0.03
3.79728e-03,0.01,0.05
3.79736e-03,0.03,-0.01
3.79744e-03,0.03,0.05
3.79752e-03,0.05,-0.03
3.79760e-03,0.05,0.07
3.79768e-03,0.03,-0.05
3.79776e-03,0.01,0.05
3.79784e-03,-0.01,-0.03
3.79792e-03,0.05,0.07
3.79800e-03,0.01,-0.03
3.79808e-03,0.03,0.07
3.79816e-03,0.03,-0.03
3.79824e-03,0.05,0.05
3.79832e-03,0.03,-0.03
3.79840e-03,0.03,0.05
3.79848e-03,0.05,-0.01
3.79856e-03,0.03,0.05
3.79864e-03,0.03,-0.03
3.79872e-03,0.01,0.05
3.79880e-03,0.05,-0.03
3.79888e-03,0.03,0.05
3.79896e-03,0.03,-0.01
3.79904e-03,0.03,0.05
3.79912e-03,0.03,-0.01
3.79920e-03,0.03,0.05
3.79928e-03,0.03,-0.03
3.79936e-03,0.03,0.05
3.79944e-03,0.03,-0.03
3.79952e-03,0.03,0.05
3.79960e-03,0.05,-0.03
3.79968e-03,0.01,0.05
3.79976e-03,0.03,-0.03
3.79984e-03,0.01,0.05
3.79992e-03,0.03,-0.01
3.80000e-03,0.01,0.05
3.80008e-03,0.03,-0.03
3.80016e-03,0.03,0.05
3.80024e-03,0.03,-0.03
3.80032e-03,0.05,0.05
3.80040e-03,0.01,-0.01
3.80048e-03,0.03,0.05
3.80056e-03,0.01,-0.01
3.80064e-03,0.01,0.03
3.80072e-03,0.01,-0.03
3.80080e-03,0.03,0.05
3.80088e-03,0.03,-0.03
3.80096e-03,0.01,0.05
3.80104e-03,0.03,-0.03
3.80112e-03,0.01,0.05
3.80120e-03,0.03,-0.01
3.80128e-03,0.01,0.05
3.80136e-03,0.03,-0.03
3.80144e-03,0.01,0.05
3.80152e-03,0.03,-0.03
3.80160e-03,0.01,0.05
3.80168e-03,0.03,-0.03
3.80176e-03,0.03,0.05
3.80184e-03,0.01,-0.03
3.80192e-03,0.05,0.05
3.80200e-03,0.01,-0.03
3.80208e-03,0.03,0.05
3.80216e-03,0.03,-0.01
3.80224e-03,0.03,0.05
3.80232e-03,0.01,-0.03
3.80240e-03,0.01,0.03
3.80248e-03,0.03,-0.01
3.80256e-03,0.01,0.05
3.80264e-03,0.03,-0.03
3.80272e-03,-0.01,0.05
3.80280e-03,0.01,-0.03
3.80288e-03,0.01,0.05
3.80296e-03,0.03,-0.01
3.80304e-03,0.03,0.05
3.80312e-03,0.01,-0.03
3.80320e-03,0.03,0.05
3.80328e-03,0.01,-0.03
3.80336e-03,0.03,0.05
3.80344e-03,0.01,-0.03
3.80352e-03,0.03,0.05
3.80360e-03,0.03,-0.01
3.80368e-03,0.01,0.05
3.80376e-03,0.03,-0.01
3.80384e-03,0.01,0.05
3.80392e-03,0.03,-0.01
3.80400e-03,0.03,0.05
3.80408e-03,0.03,-0.01
3.80416e-03,0.03,0.05
3.80424e-03,0.03,-0.01
3.80432e-03,0.03,0.05
3.80440e-03,-0.01,-0.01
3.80448e-03,0.05,0.05
3.80456e-03,0.01,-0.03
3.80464e-03,0.03,0.07
3.80472e-03,0.03,-0.01
3.80480e-03,0.03,0.05
3.80488e-03,0.03,-0.01
3.80496e-03,0.03,0.05
3.80504e-03,0.05,-0.01
3.80512e-03,0.01,0.05
3.80520e-03,0.03,-0.01
3.80528e-03,0.01,0.05
3.80536e-03,0.05,-0.01
3.80544e-03,0.03,0.05
3.80552e-03,0.01,-0.01
3.80560e-03,0.03,0.05
3.80568e-03,0.03,-0.03
3.80576e-03,0.05,0.05
3.80584e-03,0.01,-0.01
3.80592e-03,0.03,0.05
3.80600e-03,0.03,-0.03
3.80608e-03,0.03,0.05
3.80616e-03,0.03,-0.01
3.80624e-03,0.03,0.05
3.80632e-03,0.03,-0.03
3.80640e-03,0.03,0.05
3.80648e-03,0.05,-0.03
3.80656e-03,0.03,0.07
3.80664e-03,0.05,-0.05
3.80672e-03,0.01,0.05
3.80680e-03,0.03,-0.03
3.80688e-03,0.01,0.07
3.80696e-03,0.01,-0.01
3.80704e-03,0.03,0.07
3.80712e-03,0.03,-0.01
3.80720e-03,0.05,0.05
3.80728e-03,0.01,-0.01
3.80736e-03,0.05,0.07
3.80744e-03,0.03,-0.03
3.80752e-03,0.05,0.05
3.80760e-03,0.03,-0.01
3.80768e-03,0.03,0.05
3.80776e-03,0.03,-0.03
3.80784e-03,0.01,0.05
3.80792e-03,0.05,-0.03
3.80800e-03,0.01,0.05
3.80808e-03,0.03,-0.01
3.80816e-03,0.03,0.05
3.80824e-03,0.03,-0.03
3.80832e-03,0.03,0.05
3.80840e-03,0.01,-0.03
3.80848e-03,0.03,0.05
3.80856e-03,0.03,-0.03
3.80864e-03,0.03,0.05
3.80872e-03,0.01,-0.01
3.80880e-03,0.03,0.05
3.80888e-03,0.03,-0.03
3.80896e-03,0.03,0.05
3.80904e-03,0.05,-0.01
3.80912e-03,0.03,0.05
3.80920e-03,0.05,-0.01
3.80928e-03,0.01,0.05
3.80936e-03,0.03,-0.01
3.80944e-03,0.03,0.05
3.80952e-03,0.03,-0.03
3.80960e-03,0.05,0.05
3.80968e-03,0.01,-0.03
3.80976e-03,0.03,0.05
3.80984e-03,0.01,-0.03
3.80992e-03,0.03,0.05
3.81000e-03,0.01,-0.01
3.81008e-03,0.03,0.05
3.81016e-03,0.03,-0.01
3.81024e-03,0.03,0.05
3.81032e-03,0.03,-0.03
3.81040e-03,0.01,0.05
3.81048e-03,0.03,-0.03
3.81056e-03,-0.01,0.05
3.81064e-03,0.03,-0.03
3.81072e-03,0.01,0.05
3.81080e-03,0.03,-0.01
3.81088e-03,0.03,0.05
3.81096e-03,0.03,-0.03
3.81104e-03,0.03,0.05
3.81112e-03,0.01,-0.03
3.81120e-03,0.03,0.05
3.81128e-03,0.01,-0.03
3.81136e-03,0.03,0.05
3.81144e-03,0.01,-0.01
3.81152e-03,0.03,0.05
3.81160e-03,0.03,-0.01
3.81168e-03,0.03,0.05
3.81176e-03,0.05,-0.03
3.81184e-03,0.01,0.03
3.81192e-03,0.03,-0.01
3.81200e-03,0.01,0.05
3.81208e-03,0.01,-0.03
3.81216e-03,0.03,0.05
3.81224e-03,0.01,-0.01
3.81232e-03,0.05,0.05
3.81240e-03,0.03,-0.01
3.81248e-03,0.03,0.05
3.81256e-03,0.01,-0.01
3.81264e-03,0.03,0.05
3.81272e-03,0.03,-0.03
3.81280e-03,0.03,0.05
3.81288e-03,0.03,-0.01
3.81296e-03,0.01,0.05
3.81304e-03,0.05,-0.03
3.81312e-03,0.01,0.05
3.81320e-03,0.03,-0.01
3.81328e-03,0.01,0.05
3.81336e-03,0.03,-0.03
3.81344e-03,0.03,0.05
3.81352e-03,0.01,-0.03
3.81360e-03,0.03,0.05
3.81368e-03,0.03,-0.03
3.81376e-03,0.05,0.05
3.81384e-03,0.03,-0.01
3.81392e-03,0.03,0.05
3.81400e-03,0.01,-0.03
3.81408e-03,0.03,0.05
3.81416e-03,0.01,-0.01
3.81424e-03,0.01,0.05
3.81432e-03,0.03,-0.03
3.81440e-03,0.01,0.05
3.81448e-03,0.03,-0.01
3.81456e-03,0.01,0.05
3.81464e-03,0.05,-0.01
3.81472e-03,0.03,0.05
3.81480e-03,0.03,-0.03
3.81488e-03,0.03,0.05
3.81496e-03,0.01,-0.01
3.81504e-03,0.05,0.05
3.81512e-03,0.03,-0.01
3.81520e-03,0.03,0.05
3.81528e-03,0.01,-0.01
3.81536e-03,0.05,0.05
3.81544e-03,0.03,-0.01
3.81552e-03,0.01,0.07
3.81560e-03,0.01,-0.05
3.81568e-03,0.01,0.07
3.81576e-03,0.05,-0.03
3.81584e-03,0.03,0.07
3.81592e-03,0.03,-0.03
3.81600e-03,0.03,0.07
3.81608e-03,0.03,-0.03
3.81616e-03,0.03,0.07
3.81624e-03,0.03,-0.01
3.81632e-03,0.03,0.05
3.81640e-03,0.03,-0.03
3.81648e-03,0.05,0.07
3.81656e-03,0.03,-0.01
3.81664e-03,0.03,0.05
3.81672e-03,0.03,-0.03
3.81680e-03,0.03,0.05
3.81688e-03,0.03,-0.03
3.81696e-03,0.03,0.05
3.81704e-03,0.03,-0.03
3.81712e-03,0.01,0.05
3.81720e-03,0.05,-0.03
3.81728e-03,0.03,0.07
3.81736e-03,0.03,-0.03
3.81744e-03,-0.01,0.05
3.81752e-03,0.01,-0.03
3.81760e-03,0.03,0.07
3.81768e-03,0.03,-0.03
3.81776e-03,0.03,0.05
3.81784e-03,0.01,-0.03
3.81792e-03,0.05,0.05
3.81800e-03,0.01,-0.03
3.81808e-03,0.03,0.05
3.81816e-03,0.03,-0.03
3.81824e-03,0.01,0.05
3.81832e-03,0.03,-0.03
3.81840e-03,0.01,0.05
3.81848e-03,0.03,-0.03
3.81856e-03,0.03,0.05
3.81864e-03,0.03,-0.01
3.81872e-03,0.01,0.05
3.81880e-03,0.01,-0.01
3.81888e-03,0.03,0.05
3.81896e-03,0.01,-0.03
3.81904e-03,0.03,0.05
3.81912e-03,0.01,-0.03
3.81920e-03,0.03,0.05
3.81928e-03,0.01,-0.01
3.81936e-03,0.03,0.05
3.81944e-03,0.01,-0.01
3.81952e-03,0.03,0.05
3.81960e-03,0.03,-0.01
3.81968e-03,0.01,0.05
3.81976e-03,0.03,-0.01
3.81984e-03,0.03,0.05
3.81992e-03,0.01,-0.03
3.82000e-03,0.01,0.05
3.82008e-03,0.03,-0.01
3.82016e-03,0.01,0.05
3.82024e-03,0.01,-0.01
3.82032e-03,0.03,0.05
3.82040e-03,0.01,-0.01
3.82048e-03,0.03,0.05
3.82056e-03,0.03,-0.01
3.82064e-03,0.03,0.05
3.82072e-03,-0.01,-0.01
3.82080e-03,0.03,0.05
3.82088e-03,0.03,-0.03
3.82096e-03,0.03,0.05
3.82104e-03,0.03,-0.03
3.82112e-03,0.01,0.05
3.82120e-03,0.03,-0.03
3.82128e-03,0.01,0.05
3.82136e-03,0.03,-0.03
3.82144e-03,0.01,0.05
3.82152e-03,0.01,-0.03
3.82160e-03,0.03,0.05
3.82168e-03,0.01,-0.01
3.82176e-03,0.03,0.05
3.82184e-03,0.01,-0.03
3.82192e-03,0.03,0.05
3.82200e-03,0.03,-0.03
3.82208e-03,0.03,0.05
3.82216e-03,0.03,-0.03
3.82224e-03,0.03,0.03
3.82232e-03,0.03,-0.01
3.82240e-03,0.01,0.05
3.82248e-03,0.05,-0.03
3.82256e-03,0.03,0.05
3.82264e-03,0.03,-0.03
3.82272e-03,0.01,0.05
3.82280e-03,0.03,-0.03
3.82288e-03,0.01,0.05
3.82296e-03,0.01,-0.03
3.82304e-03,0.03,0.05
3.82312e-03,0.01,-0.03
3.82320e-03,0.03,0.05
3.82328e-03,0.01,-0.01
3.82336e-03,0.01,0.05
3.82344e-03,0.03,-0.03
3.82352e-03,0.01,0.05
3.82360e-03,0.03,-0.01
3.82368e-03,0.01,0.05
3.82376e-03,0.03,-0.01
3.82384e-03,0.01,0.05
3.82392e-03,0.03,-0.03
3.82400e-03,0.01,0.05
3.82408e-03,0.01,-0.03
3.82416e-03,0.01,0.03
3.82424e-03,0.05,-0.03
3.82432e-03,0.03,0.05
3.82440e-03,0.03,-0.03
3.82448e-03,0.03,0.07
3.82456e-03,-0.01,-0.03
3.82464e-03,0.03,0.07
3.82472e-03,0.03,-0.03
3.82480e-03,0.01,0.05
3.82488e-03,0.03,-0.01
3.82496e-03,0.03,0.05
3.82504e-03,0.03,-0.03
3.82512e-03,0.01,0.05
3.82520e-03,0.05,-0.03
3.82528e-03,0.03,0.05
3.82536e-03,0.01,-0.03
3.82544e-03,0.03,0.05
3.82552e-03,0.03,-0.01
3.82560e-03,0.05,0.05
3.82568e-03,0.01,-0.01
3.82576e-03,0.05,0.05
3.82584e-03,0.03,-0.01
3.82592e-03,0.03,0.05
3.82600e-03,0.01,-0.03
3.82608e-03,0.03,0.05
3.82616e-03,0.01,-0.03
3.82624e-03,0.01,0.05
3.82632e-03,0.01,-0.03
3.82640e-03,0.03,0.05
3.82648e-03,0.03,-0.01
3.82656e-03,0.01,0.05
3.82664e-03,0.03,-0.01
3.82672e-03,0.01,0.05
3.82680e-03,0.01,-0.01
3.82688e-03,0.03,0.05
3.82696e-03,0.03,-0.01
3.82704e-03,0.05,0.05
3.82712e-03,0.01,-0.01
3.82720e-03,0.03,0.05
3.82728e-03,0.03,-0.01
3.82736e-03,0.03,0.05
3.82744e-03,0.01,-0.01
3.82752e-03,0.03,0.05
3.82760e-03,0.01,-0.01
3.82768e-03,0.05,0.05
3.82776e-03,0.03,-0.01
3.82784e-03,0.01,0.05
3.82792e-03,0.05,-0.01
3.82800e-03,0.01,0.05
3.82808e-03,0.05,-0.03
3.82816e-03,0.03,0.05
3.82824e-03,0.03,-0.03
3.82832e-03,0.05,0.05
3.82840e-03,0.01,-0.01
3.82848e-03,0.03,0.05
3.82856e-03,0.03,-0.03
3.82864e-03,0.03,0.05
3.82872e-03,0.03,-0.01
3.82880e-03,0.01,0.05
3.82888e-03,0.03,-0.01
3.82896e-03,0.01,0.05
3.82904e-03,0.03,-0.01
3.82912e-03,0.01,0.05
3.82920e-03,0.05,-0.03
3.82928e-03,0.01,0.05
3.82936e-03,0.05,-0.01
3.82944e-03,0.03,0.05
3.82952e-03,0.03,-0.01
3.82960e-03,0.03,0.05
3.82968e-03,0.03,-0.01
3.82976e-03,0.05,0.05
3.82984e-03,0.01,-0.03
3.82992e-03,0.03,0.05
3.83000e-03,0.03,-0.01
3.83008e-03,0.03,0.05
3.83016e-03,0.03,-0.01
3.83024e-03,0.03,0.05
3.83032e-03,0.03,-0.03
3.83040e-03,0.01,0.05
3.83048e-03,0.03,-0.01
3.83056e-03,0.01,0.05
3.83064e-03,0.05,-0.01
3.83072e-03,0.03,0.05
3.83080e-03,0.03,-0.01
3.83088e-03,-0.01,0.05
3.83096e-03,0.03,-0.03
3.83104e-03,0.03,0.05
3.83112e-03,0.01,-0.03
3.83120e-03,0.03,0.05
3.83128e-03,0.03,-0.01
3.83136e-03,0.03,0.05
3.83144e-03,0.03,-0.01
3.83152e-03,0.03,0.05
3.83160e-03,0.03,-0.01
3.83168e-03,0.01,0.05
3.83176e-03,0.05,-0.01
3.83184e-03,0.01,0.03
3.83192e-03,0.03,-0.01
3.83200e-03,0.01,0.05
3.83208e-03,0.01,-0.01
3.83216e-03,0.03,0.05
3.83224e-03,0.05,-0.01
3.83232e-03,0.01,0.05
3.83240e-03,0.01,-0.03
3.83248e-03,0.03,0.05
3.83256e-03,0.03,-0.01
3.83264e-03,0.05,0.05
3.83272e-03,0.03,-0.01
3.83280e-03,0.03,0.05
3.83288e-03,0.05,-0.01
3.83296e-03,0.03,0.05
3.83304e-03,0.03,-0.03
3.83312e-03,0.03,0.05
3.83320e-03,0.05,-0.03
3.83328e-03,0.01,0.05
3.83336e-03,-0.01,-0.03
3.83344e-03,0.01,0.05
3.83352e-03,0.03,-0.03
3.83360e-03,0.03,0.07
3.83368e-03,0.01,-0.03
3.83376e-03,0.03,0.05
3.83384e-03,0.03,-0.03
3.83392e-03,0.03,0.05
3.83400e-03,0.03,-0.03
3.83408e-03,0.03,0.05
3.83416e-03,0.01,-0.03
3.83424e-03,0.01,0.05
3.83432e-03,0.01,-0.01
3.83440e-03,0.03,0.07
3.83448e-03,0.03,-0.01
3.83456e-03,0.01,0.05
3.83464e-03,0.03,-0.01
3.83472e-03,0.03,0.05
3.83480e-03,0.03,-0.03
3.83488e-03,0.01,0.05
3.83496e-03,0.03,-0.01
3.83504e-03,0.01,0.05
3.83512e-03,0.05,-0.01
3.83520e-03,0.03,0.05
3.83528e-03,0.03,-0.05
3.83536e-03,0.03,0.05
3.83544e-03,0.03,-0.03
3.83552e-03,0.03,0.05
3.83560e-03,0.03,-0.03
3.83568e-03,0.01,0.05
3.83576e-03,0.03,-0.01
3.83584e-03,0.01,0.05
3.83592e-03,0.03,-0.01
3.83600e-03,0.03,0.05
3.83608e-03,0.03,-0.01
3.83616e-03,0.03,0.05
3.83624e-03,0.03,-0.01
3.83632e-03,0.03,0.05
3.83640e-03,0.01,-0.01
3.83648e-03,0.03,0.05
3.83656e-03,0.01,-0.01
3.83664e-03,0.03,0.05
3.83672e-03,-0.01,-0.01
3.83680e-03,0.03,0.05
3.83688e-03,0.03,-0.03
3.83696e-03,0.03,0.05
3.83704e-03,0.03,-0.03
3.83712e-03,0.01,0.05
3.83720e-03,0.03,-0.01
3.83728e-03,0.03,0.05
3.83736e-03,0.03,-0.03
3.83744e-03,0.03,0.05
3.83752e-03,0.03,-0.01
3.83760e-03,0.05,0.05
3.83768e-03,-0.01,-0.03
3.83776e-03,0.03,0.05
3.83784e-03,0.01,-0.03
3.83792e-03,0.05,0.07
3.83800e-03,0.01,-0.01
3.83808e-03,0.03,0.05
3.83816e-03,0.03,-0.03
3.83824e-03,0.01,0.05
3.83832e-03,0.03,-0.01
3.83840e-03,0.03,0.05
3.83848e-03,0.05,-0.03
3.83856e-03,0.01,0.05
3.83864e-03,0.03,-0.01
3.83872e-03,0.01,0.05
3.83880e-03,0.03,-0.03
3.83888e-03,0.03,0.03
3.83896e-03,0.03,-0.03
3.83904e-03,0.03,0.05
3.83912e-03,0.01,-0.01
3.83920e-03,0.03,0.05
3.83928e-03,-0.01,-0.01
3.83936e-03,0.03,0.05
3.83944e-03,0.03,-0.03
3.83952e-03,0.03,0.05
3.83960e-03,0.03,-0.03
3.83968e-03,0.03,0.05
3.83976e-03,0.03,-0.03
3.83984e-03,0.01,0.05
3.83992e-03,0.03,-0.03
3.84000e-03,0.05,0.05
3.84008e-03,0.03,-0.01
3.84016e-03,0.03,0.05
3.84024e-03,0.03,-0.03
3.84032e-03,0.03,0.05
3.84040e-03,0.01,-0.01
3.84048e-03,0.03,0.05
3.84056e-03,0.03,-0.03
3.84064e-03,0.05,0.05
3.84072e-03,0.03,-0.03
3.84080e-03,0.03,0.05
3.84088e-03,0.03,-0.03
3.84096e-03,0.03,0.05
3.84104e-03,0.03,-0.03
3.84112e-03,0.03,0.05
3.84120e-03,0.03,-0.01
3.84128e-03,0.01,0.05
3.84136e-03,0.03,-0.01
3.84144e-03,0.01,0.05
3.84152e-03,0.01,-0.03
3.84160e-03,0.03,0.05
3.84168e-03,0.01,-0.01
3.84176e-03,0.01,0.05
3.84184e-03,0.01,-0.03
3.84192e-03,0.03,0.05
3.84200e-03,0.01,-0.03
3.84208e-03,0.05,0.05
3.84216e-03,0.03,-0.03
3.84224e-03,0.03,0.05
3.84232e-03,0.03,-0.03
3.84240e-03,0.03,0.05
3.84248e-03,0.01,-0.03
3.84256e-03,0.01,0.07
3.84264e-03,0.03,-0.01
3.84272e-03,0.01,0.05
3.84280e-03,0.03,-0.03
3.84288e-03,0.03,0.05
3.84296e-03,0.03,-0.01
3.84304e-03,0.03,0.05
3.84312e-03,0.01,-0.01
3.84320e-03,0.03,0.05
3.84328e-03,-0.01,-0.01
3.84336e-03,0.05,0.05
3.84344e-03,0.03,-0.01
3.84352e-03,0.03,0.05
3.84360e-03,0.03,-0.01
3.84368e-03,0.01,0.05
3.84376e-03,0.03,-0.03
3.84384e-03,0.01,0.05
3.84392e-03,0.03,-0.01
3.84400e-03,0.03,0.05
3.84408e-03,0.03,-0.01
3.84416e-03,0.01,0.05
3.84424e-03,0.03,-0.03
3.84432e-03,0.03,0.05
3.84440e-03,0.01,-0.03
3.84448e-03,0.03,0.07
3.84456e-03,0.01,-0.01
3.84464e-03,0.03,0.05
3.84472e-03,0.01,-0.01
3.84480e-03,0.03,0.05
3.84488e-03,0.03,-0.01
3.84496e-03,0.03,0.05
3.84504e-03,0.03,-0.01
3.84512e-03,0.01,0.05
3.84520e-03,0.03,-0.01
3.84528e-03,0.01,0.05
3.84536e-03,0.03,-0.01
3.84544e-03,0.03,0.05
3.84552e-03,0.03,-0.03
3.84560e-03,0.03,0.05
3.84568e-03,0.01,-0.01
3.84576e-03,0.05,0.05
3.84584e-03,0.01,-0.01
3.84592e-03,0.03,0.05
3.84600e-03,0.03,-0.03
3.84608e-03,0.05,0.05
3.84616e-03,0.03,-0.01
3.84624e-03,0.03,0.05
3.84632e-03,0.01,-0.01
3.84640e-03,0.01,0.05
3.84648e-03,0.03,-0.03
3.84656e-03,0.03,0.05
3.84664e-03,0.03,-0.05
3.84672e-03,0.01,0.07
3.84680e-03,0.01,-0.03
3.84688e-03,0.03,0.05
3.84696e-03,0.03,-0.03
3.84704e-03,0.03,0.07
3.84712e-03,-0.01,-0.03
3.84720e-03,0.03,0.05
3.84728e-03,0.03,-0.01
3.84736e-03,0.03,0.05
3.84744e-03,0.03,-0.01
3.84752e-03,0.03,0.05
3.84760e-03,0.05,-0.01
3.84768e-03,0.03,0.05
3.84776e-03,0.03,-0.01
3.84784e-03,0.01,0.05
3.84792e-03,0.03,-0.01
3.84800e-03,0.01,0.05
3.84808e-03,0.03,-0.01
3.84816e-03,0.03,0.05
3.84824e-03,0.03,-0.01
3.84832e-03,0.05,0.05
3.84840e-03,0.03,-0.01
3.84848e-03,0.03,0.05
3.84856e-03,0.01,-0.01
3.84864e-03,0.01,0.05
3.84872e-03,0.03,-0.01
3.84880e-03,0.03,0.05
3.84888e-03,0.03,-0.01
3.84896e-03,0.03,0.05
3.84904e-03,0.05,-0.03
3.84912e-03,0.01,0.05
3.84920e-03,0.03,-0.03
3.84928e-03,0.01,0.05
3.84936e-03,0.05,-0.03
3.84944e-03,0.01,0.05
3.84952e-03,0.03,-0.03
3.84960e-03,0.03,0.05
3.84968e-03,0.01,-0.03
3.84976e-03,0.03,0.05
3.84984e-03,0.03,-0.03
3.84992e-03,0.03,0.05
3.85000e-03,0.03,-0.01
3.85008e-03,0.03,0.05
3.85016e-03,0.03,-0.03
3.85024e-03,0.01,0.05
3.85032e-03,0.03,-0.03
3.85040e-03,0.03,0.05
3.85048e-03,0.03,-0.01
3.85056e-03,0.01,0.05
3.85064e-03,0.03,-0.03
3.85072e-03,0.03,0.05
3.85080e-03,0.03,-0.03
3.85088e-03,0.03,0.05
3.85096e-03,0.01,-0.03
3.85104e-03,0.05,0.03
3.85112e-03,0.01,-0.03
3.85120e-03,0.03,0.05
3.85128e-03,-0.01,-0.03
3.85136e-03,0.03,0.05
3.85144e-03,0.03,-0.03
3.85152e-03,-0.01,0.05
3.85160e-03,0.03,-0.03
3.85168e-03,0.01,0.05
3.85176e-03,0.05,-0.03
3.85184e-03,0.01,0.05
3.85192e-03,0.03,-0.03
3.85200e-03,0.01,0.05
3.85208e-03,0.01,-0.03
3.85216e-03,0.03,0.05
3.85224e-03,0.01,-0.03
3.85232e-03,0.03,0.05
3.85240e-03,0.03,-0.03
3.85248e-03,0.03,0.05
3.85256e-03,0.01,-0.03
3.85264e-03,0.01,0.05
3.85272e-03,0.01,-0.01
3.85280e-03,0.01,0.05
3.85288e-03,0.03,-0.01
3.85296e-03,0.01,0.05
3.85304e-03,0.03,-0.03
3.85312e-03,0.01,0.05
3.85320e-03,0.05,-0.03
3.85328e-03,0.01,0.05
3.85336e-03,0.03,-0.01
3.85344e-03,0.03,0.05
3.85352e-03,0.03,-0.01
3.85360e-03,0.03,0.05
3.85368e-03,0.03,-0.01
3.85376e-03,0.03,0.05
3.85384e-03,0.01,-0.01
3.85392e-03,0.05,0.05
3.85400e-03,0.01,-0.03
3.85408e-03,0.03,0.05
3.85416e-03,0.03,-0.01
3.85424e-03,0.01,0.05
3.85432e-03,0.03,-0.03
3.85440e-03,0.01,0.05
3.85448e-03,0.05,-0.01
3.85456e-03,0.03,0.05
3.85464e-03,0.03,-0.05
3.85472e-03,0.01,0.07
3.85480e-03,0.03,-0.03
3.85488e-03,0.03,0.05
3.85496e-03,0.03,-0.03
3.85504e-03,0.03,0.05
3.85512e-03,0.03,-0.03
3.85520e-03,0.03,0.05
3.85528e-03,0.03,-0.03
3.85536e-03,0.03,0.05
3.85544e-03,0.01,-0.01
3.85552e-03,0.03,0.05
3.85560e-03,0.03,-0.01
3.85568e-03,0.03,0.05
3.85576e-03,0.03,-0.01
3.85584e-03,0.03,0.05
3.85592e-03,0.03,-0.03
3.85600e-03,0.03,0.05
3.85608e-03,0.03,-0.03
3.85616e-03,0.03,0.05
3.85624e-03,0.01,-0.03
3.85632e-03,0.03,0.05
3.85640e-03,0.03,-0.03
3.85648e-03,0.03,0.05
3.85656e-03,0.03,-0.01
3.85664e-03,0.03,0.05
3.85672e-03,0.03,-0.01
3.85680e-03,0.03,0.05
3.85688e-03,0.03,-0.01
3.85696e-03,0.01,0.05
3.85704e-03,0.03,-0.03
3.85712e-03,0.01,0.05
3.85720e-03,0.03,-0.01
3.85728e-03,0.01,0.05
3.85736e-03,0.03,-0.03
3.85744e-03,0.03,0.05
3.85752e-03,0.03,-0.01
3.85760e-03,0.03,0.07
3.85768e-03,0.03,-0.03
3.85776e-03,0.03,0.05
3.85784e-03,0.03,-0.03
3.85792e-03,0.03,0.05
3.85800e-03,0.01,-0.01
3.85808e-03,0.03,0.05
3.85816e-03,0.05,-0.01
3.85824e-03,0.03,0.05
3.85832e-03,0.03,-0.01
3.85840e-03,0.01,0.05
3.85848e-03,0.03,-0.01
3.85856e-03,0.03,0.05
3.85864e-03,0.03,-0.01
3.85872e-03,0.01,0.05
3.85880e-03,0.03,-0.03
3.85888e-03,0.03,0.05
3.85896e-03,0.03,-0.03
3.85904e-03,0.03,0.05
3.85912e-03,0.01,-0.01
3.85920e-03,0.03,0.05
3.85928e-03,0.03,-0.01
3.85936e-03,0.03,0.05
3.85944e-03,0.03,-0.01
3.85952e-03,0.03,0.05
3.85960e-03,0.03,-0.03
3.85968e-03,0.01,0.05
3.85976e-03,0.01,-0.03
3.85984e-03,0.03,0.05
3.85992e-03,0.05,-0.03
3.86000e-03,0.03,0.07
3.86008e-03,0.03,-0.03
3.86016e-03,0.01,0.05
3.86024e-03,0.01,-0.03
3.86032e-03,0.03,0.07
3.86040e-03,0.01,-0.01
3.86048e-03,0.05,0.05
3.86056e-03,0.01,-0.03
3.86064e-03,0.03,0.05
3.86072e-03,0.03,-0.03
3.86080e-03,0.03,0.05
3.86088e-03,0.03,-0.03
3.86096e-03,0.03,0.05
3.86104e-03,0.05,-0.01
3.86112e-03,0.01,0.05
3.86120e-03,0.03,-0.01
3.86128e-03,0.01,0.05
3.86136e-03,0.03,-0.03
3.86144e-03,0.01,0.05
3.86152e-03,0.05,-0.03
3.86160e-03,0.03,0.05
3.86168e-03,0.01,-0.03
3.86176e-03,0.01,0.05
3.86184e-03,0.03,-0.03
3.86192e-03,0.05,0.07
3.86200e-03,0.05,-0.03
3.86208e-03,0.03,0.05
3.86216e-03,0.05,-0.01
3.86224e-03,0.01,0.05
3.86232e-03,0.03,-0.01
3.86240e-03,0.03,0.05
3.86248e-03,0.05,-0.01
3.86256e-03,0.03,0.05
3.86264e-03,0.05,-0.01
3.86272e-03,0.03,0.05
3.86280e-03,0.03,-0.01
3.86288e-03,0.01,0.05
3.86296e-03,0.03,-0.03
3.86304e-03,0.03,0.05
3.86312e-03,0.01,-0.01
3.86320e-03,0.03,0.05
3.86328e-03,0.01,-0.03
3.86336e-03,0.01,0.05
3.86344e-03,0.01,-0.03
3.86352e-03,0.03,0.05
3.86360e-03,0.03,-0.03
3.86368e-03,0.05,0.07
3.86376e-03,0.03,-0.01
3.86384e-03,0.01,0.05
3.86392e-03,0.03,-0.01
3.86400e-03,0.01,0.05
3.86408e-03,0.03,-0.01
3.86416e-03,0.03,0.05
3.86424e-03,0.03,-0.01
3.86432e-03,0.05,0.05
3.86440e-03,0.03,-0.01
3.86448e-03,0.01,0.05
3.86456e-03,0.01,-0.01
3.86464e-03,0.03,0.05
3.86472e-03,0.03,-0.03
3.86480e-03,0.03,0.07
3.86488e-03,0.03,-0.01
3.86496e-03,0.03,0.05
3.86504e-03,0.03,-0.03
3.86512e-03,0.03,0.05
3.86520e-03,0.01,-0.03
3.86528e-03,0.03,0.05
3.86536e-03,0.01,-0.03
3.86544e-03,0.03,0.05
3.86552e-03,0.03,-0.01
3.86560e-03,0.03,0.05
3.86568e-03,0.03,-0.01
3.86576e-03,0.05,0.05
3.86584e-03,0.03,-0.01
3.86592e-03,0.03,0.05
3.86600e-03,0.01,-0.01
3.86608e-03,0.03,0.05
3.86616e-03,0.03,-0.01
3.86624e-03,0.03,0.05
3.86632e-03,0.03,-0.01
3.86640e-03,0.01,0.05
3.86648e-03,0.03,-0.01
3.86656e-03,0.01,0.05
3.86664e-03,0.03,-0.03
3.86672e-03,0.01,0.05
3.86680e-03,0.03,-0.01
3.86688e-03,0.01,0.05
3.86696e-03,0.03,-0.01
3.86704e-03,0.03,0.05
3.86712e-03,0.03,-0.03
3.86720e-03,0.03,0.05
3.86728e-03,0.01,-0.01
3.86736e-03,0.03,0.05
3.86744e-03,0.03,-0.03
3.86752e-03,0.03,0.05
3.86760e-03,0.03,-0.03
3.86768e-03,0.01,0.05
3.86776e-03,0.03,-0.03
3.86784e-03,0.01,0.05
3.86792e-03,0.03,-0.03
3.86800e-03,0.01,0.05
3.86808e-03,0.03,-0.03
3.86816e-03,0.03,0.05
3.86824e-03,0.03,-0.01
3.86832e-03,0.03,0.05
3.86840e-03,0.01,-0.03
3.86848e-03,0.03,0.05
3.86856e-03,0.01,-0.03
3.86864e-03,0.03,0.05
3.86872e-03,0.03,-0.01
3.86880e-03,0.03,0.05
3.86888e-03,0.05,-0.03
3.86896e-03,0.05,0.05
3.86904e-03,0.01,-0.05
3.86912e-03,-0.01,0.05
3.86920e-03,0.03,-0.03
3.86928e-03,0.03,0.07
3.86936e-03,0.03,-0.03
3.86944e-03,0.03,0.05
3.86952e-03,0.01,-0.03
3.86960e-03,0.05,0.05
3.86968e-03,0.03,-0.01
3.86976e-03,0.03,0.05
3.86984e-03,0.01,-0.01
3.86992e-03,0.03,0.05
3.87000e-03,0.03,-0.03
3.87008e-03,0.03,0.05
3.87016e-03,0.03,-0.03
3.87024e-03,0.01,0.05
3.87032e-03,0.03,-0.03
3.87040e-03,0.01,0.05
3.87048e-03,0.03,-0.03
3.87056e-03,0.01,0.05
3.87064e-03,0.03,-0.03
3.87072e-03,0.03,0.05
3.87080e-03,0.01,-0.01
3.87088e-03,0.03,0.05
3.87096e-03,0.03,-0.03
3.87104e-03,0.03,0.05
3.87112e-03,0.01,-0.01
3.87120e-03,0.03,0.05
3.87128e-03,0.01,-0.03
3.87136e-03,0.03,0.05
3.87144e-03,0.05,-0.03
3.87152e-03,0.03,0.05
3.87160e-03,0.01,-0.03
3.87168e-03,0.03,0.05
3.87176e-03,0.03,-0.03
3.87184e-03,0.03,0.05
3.87192e-03,0.03,-0.01
3.87200e-03,0.03,0.05
3.87208e-03,0.01,-0.03
3.87216e-03,0.03,0.05
3.87224e-03,-0.01,-0.03
3.87232e-03,0.03,0.05
3.87240e-03,0.01,-0.03
3.87248e-03,0.05,0.07
3.87256e-03,0.01,-0.01
3.87264e-03,0.03,0.05
3.87272e-03,0.01,-0.03
3.87280e-03,0.03,0.05
3.87288e-03,0.03,-0.03
3.87296e-03,0.01,0.05
3.87304e-03,0.03,-0.01
3.87312e-03,-0.01,0.05
3.87320e-03,0.03,-0.03
3.87328e-03,0.01,0.07
3.87336e-03,0.05,-0.03
3.87344e-03,0.03,0.05
3.87352e-03,0.01,-0.03
3.87360e-03,0.03,0.05
3.87368e-03,0.03,-0.01
3.87376e-03,0.05,0.05
3.87384e-03,0.01,-0.03
3.87392e-03,0.03,0.05
3.87400e-03,0.03,-0.01
3.87408e-03,0.03,0.05
3.87416e-03,0.03,-0.01
3.87424e-03,0.03,0.05
3.87432e-03,0.03,-0.01
3.87440e-03,0.03,0.05
3.87448e-03,0.03,-0.03
3.87456e-03,0.03,0.05
3.87464e-03,0.03,-0.03
3.87472e-03,0.03,0.05
3.87480e-03,0.03,-0.01
3.87488e-03,0.03,0.07
3.87496e-03,0.03,-0.01
3.87504e-03,0.03,0.05
3.87512e-03,0.01,-0.01
3.87520e-03,0.03,0.05
3.87528e-03,-0.01,-0.01
3.87536e-03,0.05,0.05
3.87544e-03,0.03,-0.03
3.87552e-03,0.03,0.07
3.87560e-03,0.05,-0.03
3.87568e-03,0.01,0.05
3.87576e-03,0.03,-0.01
3.87584e-03,0.05,0.05
3.87592e-03,0.03,-0.05
3.87600e-03,0.01,0.07
3.87608e-03,0.01,-0.03
3.87616e-03,0.03,0.07
3.87624e-03,0.03,-0.03
3.87632e-03,0.05,0.05
3.87640e-03,0.03,-0.01
3.87648e-03,0.03,0.05
3.87656e-03,0.03,-0.01
3.87664e-03,0.03,0.05
3.87672e-03,0.01,-0.01
3.87680e-03,0.03,0.05
3.87688e-03,0.03,-0.01
3.87696e-03,0.03,0.05
3.87704e-03,0.07,-0.01
3.87712e-03,0.01,0.05
3.87720e-03,0.03,-0.01
3.87728e-03,0.03,0.07
3.87736e-03,0.03,-0.03
3.87744e-03,0.01,0.05
3.87752e-03,0.03,-0.03
3.87760e-03,0.03,0.05
3.87768e-03,0.01,-0.03
3.87776e-03,0.05,0.05
3.87784e-03,0.03,-0.03
3.87792e-03,0.05,0.07
3.87800e-03,0.03,-0.03
3.87808e-03,0.03,0.07
3.87816e-03,0.03,-0.03
3.87824e-03,0.03,0.07
3.87832e-03,0.03,-0.01
3.87840e-03,0.01,0.07
3.87848e-03,0.05,-0.03
3.87856e-03,0.03,0.05
3.87864e-03,0.03,-0.03
3.87872e-03,0.05,0.05
3.87880e-03,0.01,-0.01
3.87888e-03,0.03,0.05
3.87896e-03,0.03,-0.01
3.87904e-03,0.05,0.05
3.87912e-03,0.01,-0.01
3.87920e-03,0.03,0.05
3.87928e-03,0.01,-0.01
3.87936e-03,0.03,0.05
3.87944e-03,0.01,-0.03
3.87952e-03,0.03,0.05
3.87960e-03,0.03,-0.03
3.87968e-03,0.03,0.07
3.87976e-03,0.03,-0.01
3.87984e-03,0.01,0.05
3.87992e-03,0.03,-0.01
3.88000e-03,0.03,0.05
3.88008e-03,0.03,-0.01
3.88016e-03,0.03,0.05
3.88024e-03,0.01,-0.03
3.88032e-03,0.03,0.05
3.88040e-03,0.01,-0.03
3.88048e-03,0.03,0.05
3.88056e-03,0.03,-0.01
3.88064e-03,0.03,0.05
3.88072e-03,0.03,-0.01
3.88080e-03,0.03,0.05
3.88088e-03,0.03,-0.01
3.88096e-03,-0.01,0.05
3.88104e-03,0.05,-0.03
3.88112e-03,0.03,0.05
3.88120e-03,0.05,-0.03
3.88128e-03,0.03,0.05
3.88136e-03,0.03,-0.01
3.88144e-03,0.03,0.05
3.88152e-03,0.03,-0.03
3.88160e-03,0.03,0.05
3.88168e-03,0.03,-0.03
3.88176e-03,0.03,0.05
3.88184e-03,0.01,-0.03
3.88192e-03,0.03,0.05
3.88200e-03,0.03,-0.01
3.88208e-03,0.01,0.05
3.88216e-03,0.03,-0.01
3.88224e-03,0.03,0.05
3.88232e-03,0.03,-0.03
3.88240e-03,0.01,0.05
3.88248e-03,0.03,-0.03
3.88256e-03,0.01,0.05
3.88264e-03,0.03,-0.01
3.88272e-03,0.03,0.05
3.88280e-03,0.03,-0.03
3.88288e-03,0.03,0.05
3.88296e-03,0.01,-0.03
3.88304e-03,0.03,0.05
3.88312e-03,0.01,-0.01
3.88320e-03,0.03,0.05
3.88328e-03,0.03,-0.01
3.88336e-03,0.03,0.05
3.88344e-03,0.03,-0.01
3.88352e-03,0.03,0.05
3.88360e-03,0.03,-0.01
3.88368e-03,0.03,0.05
3.88376e-03,0.03,-0.01
3.88384e-03,0.03,0.05
3.88392e-03,0.01,-0.01
3.88400e-03,0.01,0.05
3.88408e-03,0.03,-0.01
3.88416e-03,0.03,0.05
3.88424e-03,0.03,-0.01
3.88432e-03,0.03,0.05
3.88440e-03,0.01,-0.03
3.88448e-03,0.05,0.05
3.88456e-03,0.03,-0.01
3.88464e-03,0.03,0.05
3.88472e-03,0.03,-0.03
3.88480e-03,0.03,0.05
3.88488e-03,0.03,-0.01
3.88496e-03,0.03,0.05
3.88504e-03,0.03,-0.03
3.88512e-03,0.03,0.05
3.88520e-03,0.03,-0.03
3.88528e-03,0.01,0.05
3.88536e-03,0.05,-0.01
3.88544e-03,0.01,0.05
3.88552e-03,0.03,-0.01
3.88560e-03,0.03,0.05
3.88568e-03,0.03,-0.01
3.88576e-03,0.01,0.05
3.88584e-03,0.03,-0.01
3.88592e-03,0.03,0.05
3.88600e-03,0.03,-0.01
3.88608e-03,0.03,0.05
3.88616e-03,0.03,-0.03
3.88624e-03,0.03,0.05
3.88632e-03,0.03,-0.01
3.88640e-03,0.01,0.05
3.88648e-03,0.03,-0.03
3.88656e-03,0.01,0.05
3.88664e-03,0.03,-0.01
3.88672e-03,0.01,0.05
3.88680e-03,0.05,-0.03
3.88688e-03,0.05,0.05
3.88696e-03,0.03,-0.03
3.88704e-03,0.03,0.07
3.88712e-03,0.01,-0.03
3.88720e-03,0.03,0.07
3.88728e-03,0.03,-0.01
3.88736e-03,0.03,0.05
3.88744e-03,0.03,-0.03
3.88752e-03,0.03,0.05
3.88760e-03,0.03,-0.03
3.88768e-03,0.03,0.05
3.88776e-03,0.03,-0.03
3.88784e-03,0.01,0.05
3.88792e-03,0.03,-0.03
3.88800e-03,0.03,0.07
3.88808e-03,0.05,-0.03
3.88816e-03,0.03,0.05
3.88824e-03,0.01,-0.03
3.88832e-03,0.03,0.05
3.88840e-03,0.01,-0.01
3.88848e-03,0.03,0.05
3.88856e-03,0.03,-0.01
3.88864e-03,0.03,0.05
3.88872e-03,0.03,-0.01
3.88880e-03,0.05,0.05
3.88888e-03,0.05,-0.03
3.88896e-03,0.03,0.05
3.88904e-03,0.03,-0.03
3.88912e-03,0.01,0.05
3.88920e-03,0.03,-0.03
3.88928e-03,0.01,0.05
3.88936e-03,0.03,-0.03
3.88944e-03,0.01,0.05
3.88952e-03,0.03,-0.03
3.88960e-03,0.03,0.05
3.88968e-03,0.03,-0.03
3.88976e-03,0.03,0.05
3.88984e-03,0.01,-0.01
3.88992e-03,0.03,0.03
3.89000e-03,0.03,-0.03
3.89008e-03,0.03,0.05
3.89016e-03,0.03,-0.01
3.89024e-03,0.03,0.05
3.89032e-03,0.03,-0.03
3.89040e-03,0.03,0.05
3.89048e-03,0.05,-0.01
3.89056e-03,0.01,0.05
3.89064e-03,0.05,-0.01
3.89072e-03,0.01,0.05
3.89080e-03,0.03,-0.03
3.89088e-03,0.05,0.05
3.89096e-03,-0.01,-0.01
3.89104e-03,0.01,0.05
3.89112e-03,0.01,-0.03
3.89120e-03,0.05,0.05
3.89128e-03,0.03,-0.03
3.89136e-03,0.01,0.07
3.89144e-03,0.01,-0.03
3.89152e-03,0.03,0.05
3.89160e-03,0.03,-0.03
3.89168e-03,0.03,0.05
3.89176e-03,0.05,-0.03
3.89184e-03,0.01,0.05
3.89192e-03,0.03,-0.03
3.89200e-03,0.01,0.05
3.89208e-03,0.03,-0.03
3.89216e-03,0.01,0.05
3.89224e-03,0.01,-0.03
3.89232e-03,0.03,0.05
3.89240e-03,0.01,-0.03
3.89248e-03,0.03,0.05
3.89256e-03,0.01,-0.03
3.89264e-03,0.03,0.05
3.89272e-03,0.01,-0.01
3.89280e-03,0.03,0.05
3.89288e-03,0.01,-0.01
3.89296e-03,0.01,0.05
3.89304e-03,0.03,-0.03
3.89312e-03,0.01,0.05
3.89320e-03,0.03,-0.01
3.89328e-03,0.01,0.05
3.89336e-03,0.03,-0.01
3.89344e-03,0.03,0.05
3.89352e-03,0.03,-0.01
3.89360e-03,0.03,0.05
3.89368e-03,0.01,-0.03
3.89376e-03,0.03,0.05
3.89384e-03,0.03,-0.01
3.89392e-03,0.05,0.05
3.89400e-03,0.01,-0.03
3.89408e-03,0.05,0.05
3.89416e-03,0.03,-0.01
3.89424e-03,0.01,0.05
3.89432e-03,0.03,-0.01
3.89440e-03,0.03,0.05
3.89448e-03,0.03,-0.01
3.89456e-03,0.01,0.05
3.89464e-03,0.03,-0.01
3.89472e-03,0.03,0.05
3.89480e-03,0.03,-0.01
3.89488e-03,0.05,0.05
3.89496e-03,0.03,-0.03
3.89504e-03,0.03,0.05
3.89512e-03,0.03,-0.03
3.89520e-03,0.03,0.05
3.89528e-03,0.01,-0.03
3.89536e-03,0.03,0.05
3.89544e-03,0.03,-0.03
3.89552e-03,0.01,0.05
3.89560e-03,0.03,-0.03
3.89568e-03,0.01,0.07
3.89576e-03,0.05,-0.03
3.89584e-03,0.03,0.05
3.89592e-03,0.05,-0.03
3.89600e-03,0.03,0.05
3.89608e-03,0.03,-0.01
3.89616e-03,0.03,0.05
3.89624e-03,0.03,-0.01
3.89632e-03,0.03,0.05
3.89640e-03,0.01,-0.03
3.89648e-03,0.01,0.07
3.89656e-03,0.01,-0.03
3.89664e-03,0.03,0.05
3.89672e-03,0.03,-0.01
3.89680e-03,0.03,0.05
3.89688e-03,0.03,-0.01
3.89696e-03,0.01,0.05
3.89704e-03,0.03,-0.03
3.89712e-03,0.01,0.05
3.89720e-03,0.03,-0.03
3.89728e-03,0.03,0.05
3.89736e-03,0.03,-0.03
3.89744e-03,0.03,0.05
3.89752e-03,0.03,-0.01
3.89760e-03,0.03,0.05
3.89768e-03,0.03,-0.01
3.89776e-03,0.03,0.05
3.89784e-03,-0.01,-0.01
3.89792e-03,0.05,0.05
3.89800e-03,0.01,-0.03
3.89808e-03,0.03,0.05
3.89816e-03,0.01,-0.01
3.89824e-03,0.01,0.05
3.89832e-03,0.03,-0.01
3.89840e-03,-0.01,0.05
3.89848e-03,0.03,-0.01
3.89856e-03,0.03,0.05
3.89864e-03,0.03,-0.01
3.89872e-03,0.03,0.05
3.89880e-03,0.03,-0.03
3.89888e-03,0.03,0.07
3.89896e-03,0.03,-0.01
3.89904e-03,0.03,0.05
3.89912e-03,0.01,-0.01
3.89920e-03,0.03,0.05
3.89928e-03,0.03,-0.01
3.89936e-03,0.03,0.05
3.89944e-03,0.03,-0.01
3.89952e-03,0.03,0.05
3.89960e-03,0.03,-0.01
3.89968e-03,0.01,0.05
3.89976e-03,0.03,-0.03
3.89984e-03,0.01,0.07
3.89992e-03,0.03,-0.03
3.90000e-03,0.01,0.05
3.90008e-03,0.03,-0.03
3.90016e-03,0.01,0.07
3.90024e-03,0.05,-0.03
3.90032e-03,0.03,0.05
3.90040e-03,0.03,-0.03
3.90048e-03,0.03,0.05
3.90056e-03,0.03,-0.03
3.90064e-03,0.03,0.05
3.90072e-03,0.03,-0.01
3.90080e-03,0.03,0.05
3.90088e-03,0.03,-0.03
3.90096e-03,0.01,0.05
3.90104e-03,0.03,-0.03
3.90112e-03,0.01,0.05
3.90120e-03,0.03,-0.03
3.90128e-03,0.01,0.05
3.90136e-03,0.03,-0.03
3.90144e-03,0.03,0.05
3.90152e-03,0.03,-0.01
3.90160e-03,0.03,0.05
3.90168e-03,0.01,-0.03
3.90176e-03,0.05,0.05
3.90184e-03,0.01,-0.01
3.90192e-03,0.05,0.05
3.90200e-03,0.03,-0.03
3.90208e-03,0.03,0.05
3.90216e-03,0.03,-0.01
3.90224e-03,0.03,0.05
3.90232e-03,0.05,-0.01
3.90240e-03,0.01,0.05
3.90248e-03,0.03,-0.01
3.90256e-03,0.03,0.05
3.90264e-03,0.03,-0.03
3.90272e-03,0.03,0.05
3.90280e-03,0.03,-0.01
3.90288e-03,0.03,0.05
3.90296e-03,0.03,-0.01
3.90304e-03,0.03,0.05
3.90312e-03,0.01,-0.01
3.90320e-03,0.05,0.05
3.90328e-03,0.03,-0.01
3.90336e-03,0.03,0.05
3.90344e-03,0.03,-0.01
3.90352e-03,0.01,0.05
3.90360e-03,0.05,-0.03
3.90368e-03,0.03,0.05
3.90376e-03,0.05,-0.01
3.90384e-03,0.03,0.05
3.90392e-03,0.03,-0.01
3.90400e-03,0.03,0.05
3.90408e-03,0.03,-0.01
3.90416e-03,0.03,0.05
3.90424e-03,0.01,-0.01
3.90432e-03,0.05,0.05
3.90440e-03,0.03,-0.01
3.90448e-03,0.03,0.05
3.90456e-03,-0.01,-0.05
3.90464e-03,0.01,0.05
3.90472e-03,0.03,-0.03
3.90480e-03,0.05,0.07
3.90488e-03,0.03,-0.03
3.90496e-03,0.01,0.07
3.90504e-03,0.05,-0.03
3.90512e-03,0.03,0.05
3.90520e-03,0.07,-0.03
3.90528e-03,0.01,0.05
3.90536e-03,0.03,-0.03
3.90544e-03,0.03,0.07
3.90552e-03,0.01,-0.01
3.90560e-03,0.03,0.07
3.90568e-03,0.03,-0.03
3.90576e-03,0.03,0.05
3.90584e-03,0.03,-0.01
3.90592e-03,0.03,0.05
3.90600e-03,0.03,-0.03
3.90608e-03,0.03,0.07
3.90616e-03,0.05,-0.01
3.90624e-03,0.01,0.05
3.90632e-03,0.03,-0.01
3.90640e-03,0.03,0.05
3.90648e-03,0.05,-0.01
3.90656e-03,0.01,0.05
3.90664e-03,0.03,-0.01
3.90672e-03,0.01,0.05
3.90680e-03,0.03,-0.03
3.90688e-03,0.03,0.05
3.90696e-03,0.01,-0.01
3.90704e-03,0.03,0.05
3.90712e-03,0.03,-0.03
3.90720e-03,0.05,0.05
3.90728e-03,0.01,-0.01
3.90736e-03,0.03,0.05
3.90744e-03,0.03,-0.01
3.90752e-03,0.01,0.03
3.90760e-03,0.03,-0.01
3.90768e-03,0.03,0.05
3.90776e-03,0.03,-0.01
3.90784e-03,0.01,0.05
3.90792e-03,0.03,-0.01
3.90800e-03,0.03,0.05
3.90808e-03,0.03,-0.03
3.90816e-03,0.01,0.05
3.90824e-03,0.03,-0.03
3.90832e-03,0.03,0.05
3.90840e-03,0.01,-0.01
3.90848e-03,0.01,0.05
3.90856e-03,0.03,-0.01
3.90864e-03,0.03,0.05
3.90872e-03,0.01,-0.03
3.90880e-03,0.03,0.05
3.90888e-03,0.01,-0.03
3.90896e-03,0.05,0.05
3.90904e-03,0.03,-0.03
3.90912e-03,0.01,0.05
3.90920e-03,0.03,-0.01
3.90928e-03,0.03,0.05
3.90936e-03,0.03,-0.03
3.90944e-03,0.03,0.05
3.90952e-03,0.01,-0.03
3.90960e-03,0.03,0.05
3.90968e-03,0.03,-0.01
3.90976e-03,0.03,0.05
3.90984e-03,0.01,-0.01
3.90992e-03,0.03,0.05
3.91000e-03,0.03,-0.03
3.91008e-03,0.03,0.05
3.91016e-03,0.01,-0.03
3.91024e-03,0.03,0.05
3.91032e-03,0.03,-0.03
3.91040e-03,0.01,0.05
3.91048e-03,0.03,-0.03
3.91056e-03,0.03,0.05
3.91064e-03,0.03,-0.03
3.91072e-03,0.03,0.05
3.91080e-03,0.01,-0.03
3.91088e-03,0.01,0.05
3.91096e-03,0.01,-0.01
3.91104e-03,0.03,0.05
3.91112e-03,0.01,-0.01
3.91120e-03,0.03,0.05
3.91128e-03,0.03,-0.01
3.91136e-03,0.05,0.03
3.91144e-03,0.01,-0.01
3.91152e-03,0.01,0.05
3.91160e-03,0.03,-0.03
3.91168e-03,0.01,0.05
3.91176e-03,0.03,-0.03
3.91184e-03,0.01,0.05
3.91192e-03,0.03,-0.03
3.91200e-03,0.03,0.05
3.91208e-03,0.01,-0.01
3.91216e-03,0.03,0.05
3.91224e-03,0.03,-0.03
3.91232e-03,0.03,0.05
3.91240e-03,0.03,-0.03
3.91248e-03,0.03,0.05
3.91256e-03,0.01,-0.03
3.91264e-03,0.03,0.05
3.91272e-03,0.03,-0.03
3.91280e-03,0.01,0.03
3.91288e-03,0.01,-0.03
3.91296e-03,0.03,0.05
3.91304e-03,0.03,-0.03
3.91312e-03,0.01,0.05
3.91320e-03,0.03,-0.03
3.91328e-03,0.05,0.05
3.91336e-03,0.05,-0.03
3.91344e-03,0.03,0.05
3.91352e-03,0.03,-0.03
3.91360e-03,-0.01,0.07
3.91368e-03,0.03,-0.03
3.91376e-03,0.03,0.07
3.91384e-03,0.01,-0.03
3.91392e-03,0.03,0.05
3.91400e-03,0.03,-0.03
3.91408e-03,0.03,0.05
3.91416e-03,0.01,-0.01
3.91424e-03,0.01,0.07
3.91432e-03,0.03,-0.01
3.91440e-03,0.01,0.05
3.91448e-03,0.03,-0.01
3.91456e-03,0.01,0.05
3.91464e-03,0.05,-0.03
3.91472e-03,0.03,0.05
3.91480e-03,0.03,-0.03
3.91488e-03,0.03,0.05
3.91496e-03,0.03,-0.01
3.91504e-03,0.03,0.05
3.91512e-03,0.03,-0.01
3.91520e-03,0.03,0.05
3.91528e-03,0.01,-0.03
3.91536e-03,0.03,0.05
3.91544e-03,0.03,-0.01
3.91552e-03,0.01,0.05
3.91560e-03,0.03,-0.03
3.91568e-03,0.01,0.05
3.91576e-03,0.03,-0.01
3.91584e-03,0.01,0.05
3.91592e-03,0.03,-0.01
3.91600e-03,0.03,0.05
3.91608e-03,0.05,-0.01
3.91616e-03,0.03,0.05
3.91624e-03,0.03,-0.01
3.91632e-03,0.03,0.05
3.91640e-03,0.01,-0.03
3.91648e-03,0.03,0.05
3.91656e-03,0.01,-0.03
3.91664e-03,0.05,0.05
3.91672e-03,0.03,-0.01
3.91680e-03,0.03,0.05
3.91688e-03,0.03,-0.01
3.91696e-03,0.01,0.05
3.91704e-03,0.05,-0.01
3.91712e-03,0.01,0.05
3.91720e-03,0.01,-0.03
3.91728e-03,0.03,0.07
3.91736e-03,0.03,-0.03
3.91744e-03,0.03,0.05
3.91752e-03,0.03,-0.03
3.91760e-03,0.03,0.05
3.91768e-03,0.01,-0.03
3.91776e-03,0.03,0.05
3.91784e-03,0.03,-0.01
3.91792e-03,0.03,0.05
3.91800e-03,0.03,-0.03
3.91808e-03,0.03,0.05
3.91816e-03,0.05,-0.01
3.91824e-03,0.01,0.05
3.91832e-03,0.03,-0.01
3.91840e-03,0.01,0.05
3.91848e-03,0.03,-0.03
3.91856e-03,0.03,0.05
3.91864e-03,0.03,-0.03
3.91872e-03,0.01,0.07
3.91880e-03,0.01,-0.03
3.91888e-03,0.03,0.07
3.91896e-03,0.01,-0.03
3.91904e-03,0.03,0.05
3.91912e-03,0.01,-0.03
3.91920e-03,0.03,0.05
3.91928e-03,0.01,-0.01
3.91936e-03,0.03,0.05
3.91944e-03,0.03,-0.01
3.91952e-03,0.03,0.05
3.91960e-03,0.05,-0.03
3.91968e-03,0.01,0.05
3.91976e-03,0.03,-0.01
3.91984e-03,0.01,0.05
3.91992e-03,0.03,-0.01
3.92000e-03,0.01,0.05
3.92008e-03,0.03,-0.03
3.92016e-03,0.03,0.05
3.92024e-03,0.03,-0.03
3.92032e-03,0.01,0.05
3.92040e-03,0.01,-0.03
3.92048e-03,0.03,0.05
3.92056e-03,0.03,-0.01
3.92064e-03,0.03,0.05
3.92072e-03,0.01,-0.03
3.92080e-03,0.03,0.05
3.92088e-03,0.03,-0.01
3.92096e-03,0.03,0.05
3.92104e-03,0.03,-0.03
3.92112e-03,0.01,0.05
3.92120e-03,0.03,-0.03
3.92128e-03,0.01,0.05
3.92136e-03,0.03,-0.03
3.92144e-03,0.03,0.05
3.92152e-03,0.03,-0.03
3.92160e-03,0.03,0.05
3.92168e-03,0.01,-0.03
3.92176e-03,0.03,0.05
3.92184e-03,0.01,-0.01
3.92192e-03,0.03,0.05
3.92200e-03,0.03,-0.01
3.92208e-03,0.03,0.05
3.92216e-03,0.03,-0.01
3.92224e-03,0.03,0.05
3.92232e-03,0.05,-0.03
3.92240e-03,0.05,0.07
3.92248e-03,0.05,-0.03
3.92256e-03,0.05,0.05
3.92264e-03,0.03,-0.03
3.92272e-03,0.03,0.05
3.92280e-03,0.03,-0.03
3.92288e-03,0.03,0.05
3.92296e-03,0.01,-0.03
3.92304e-03,0.03,0.05
3.92312e-03,0.01,-0.03
3.92320e-03,0.05,0.05
3.92328e-03,0.03,-0.03
3.92336e-03,0.01,0.05
3.92344e-03,0.03,-0.03
3.92352e-03,0.03,0.03
3.92360e-03,0.03,-0.03
3.92368e-03,0.03,0.05
3.92376e-03,0.03,-0.03
3.92384e-03,0.03,0.05
3.92392e-03,0.03,-0.01
3.92400e-03,0.05,0.05
3.92408e-03,0.03,-0.03
3.92416e-03,0.03,0.05
3.92424e-03,0.01,-0.03
3.92432e-03,0.03,0.05
3.92440e-03,-0.01,-0.03
3.92448e-03,0.03,0.05
3.92456e-03,0.03,-0.03
3.92464e-03,0.03,0.05
3.92472e-03,0.03,-0.01
3.92480e-03,0.01,0.05
3.92488e-03,0.03,-0.01
3.92496e-03,0.01,0.05
3.92504e-03,0.03,-0.03
3.92512e-03,0.01,0.05
3.92520e-03,0.03,-0.03
3.92528e-03,0.01,0.05
3.92536e-03,0.05,-0.01
3.92544e-03,0.03,0.05
3.92552e-03,0.03,-0.01
3.92560e-03,0.05,0.05
3.92568e-03,0.01,-0.01
3.92576e-03,0.03,0.05
3.92584e-03,-0.01,-0.01
3.92592e-03,0.03,0.05
3.92600e-03,0.03,-0.03
3.92608e-03,0.03,0.05
3.92616e-03,0.03,-0.01
3.92624e-03,0.03,0.05
3.92632e-03,0.03,-0.03
3.92640e-03,0.03,0.05
3.92648e-03,0.05,-0.01
3.92656e-03,0.03,0.05
3.92664e-03,0.03,-0.03
3.92672e-03,0.03,0.05
3.92680e-03,0.03,-0.01
3.92688e-03,0.05,0.05
3.92696e-03,0.03,-0.03
3.92704e-03,0.03,0.05
3.92712e-03,0.03,-0.01
3.92720e-03,0.03,0.05
3.92728e-03,0.01,-0.01
3.92736e-03,0.03,0.05
3.92744e-03,0.03,-0.03
3.92752e-03,0.01,0.05
3.92760e-03,0.03,-0.01
3.92768e-03,0.01,0.05
3.92776e-03,0.03,-0.03
3.92784e-03,0.01,0.05
3.92792e-03,0.03,-0.03
3.92800e-03,0.03,0.05
3.92808e-03,0.03,-0.03
3.92816e-03,0.03,0.05
3.92824e-03,0.03,-0.03
3.92832e-03,0.03,0.05
3.92840e-03,-0.01,-0.03
3.92848e-03,0.03,0.05
3.92856e-03,0.01,-0.03
3.92864e-03,0.03,0.07
3.92872e-03,0.03,-0.01
3.92880e-03,0.03,0.05
3.92888e-03,0.03,-0.01
3.92896e-03,0.03,0.05
3.92904e-03,0.03,-0.03
3.92912e-03,-0.01,0.05
3.92920e-03,0.03,-0.03
3.92928e-03,0.01,0.05
3.92936e-03,0.03,-0.01
3.92944e-03,0.03,0.05
3.92952e-03,0.01,-0.03
3.92960e-03,0.03,0.05
3.92968e-03,0.03,-0.03
3.92976e-03,0.03,0.05
3.92984e-03,0.03,-0.03
3.92992e-03,0.03,0.05
3.93000e-03,0.03,-0.03
3.93008e-03,0.03,0.03
3.93016e-03,0.03,-0.03
3.93024e-03,0.03,0.05
3.93032e-03,0.01,-0.03
3.93040e-03,0.01,0.05
3.93048e-03,0.03,-0.01
3.93056e-03,0.03,0.05
3.93064e-03,0.03,-0.03
3.93072e-03,0.03,0.03
3.93080e-03,0.01,-0.03
3.93088e-03,0.03,0.05
3.93096e-03,0.03,-0.03
3.93104e-03,0.01,0.05
3.93112e-03,-0.01,-0.03
3.93120e-03,0.03,0.05
3.93128e-03,0.03,-0.05
3.93136e-03,0.03,0.07
3.93144e-03,0.03,-0.03
3.93152e-03,0.01,0.07
3.93160e-03,0.03,-0.03
3.93168e-03,0.03,0.05
3.93176e-03,0.03,-0.01
3.93184e-03,-0.01,0.05
3.93192e-03,0.03,-0.03
3.93200e-03,0.03,0.05
3.93208e-03,0.03,-0.01
3.93216e-03,0.03,0.05
3.93224e-03,0.01,-0.01
3.93232e-03,0.03,0.03
3.93240e-03,0.01,-0.01
3.93248e-03,0.01,0.05
3.93256e-03,0.01,-0.03
3.93264e-03,0.03,0.05
3.93272e-03,0.01,-0.03
3.93280e-03,0.01,0.05
3.93288e-03,0.03,-0.01
3.93296e-03,0.01,0.05
3.93304e-03,0.05,-0.03
3.93312e-03,0.01,0.05
3.93320e-03,0.03,-0.03
3.93328e-03,0.03,0.05
3.93336e-03,0.05,-0.01
3.93344e-03,0.01,0.05
3.93352e-03,0.01,-0.01
3.93360e-03,0.03,0.05
3.93368e-03,0.03,-0.01
3.93376e-03,0.03,0.05
3.93384e-03,0.03,-0.03
3.93392e-03,0.01,0.05
3.93400e-03,0.03,-0.01
3.93408e-03,0.05,0.05
3.93416e-03,0.03,-0.01
3.93424e-03,0.01,0.05
3.93432e-03,0.05,-0.01
3.93440e-03,0.03,0.05
3.93448e-03,0.03,-0.01
3.93456e-03,0.03,0.05
3.93464e-03,0.01,-0.01
3.93472e-03,0.01,0.05
3.93480e-03,0.03,-0.03
3.93488e-03,0.05,0.07
3.93496e-03,0.03,-0.01
3.93504e-03,0.03,0.07
3.93512e-03,0.01,-0.03
3.93520e-03,0.05,0.05
3.93528e-03,0.03,-0.01
3.93536e-03,0.05,0.05
3.93544e-03,0.01,-0.01
3.93552e-03,0.03,0.05
3.93560e-03,0.03,-0.03
3.93568e-03,0.03,0.05
3.93576e-03,0.05,-0.01
3.93584e-03,0.01,0.05
3.93592e-03,0.03,-0.01
3.93600e-03,0.03,0.05
3.93608e-03,0.03,-0.01
3.93616e-03,0.03,0.07
3.93624e-03,0.03,-0.01
3.93632e-03,0.03,0.05
3.93640e-03,0.01,-0.01
3.93648e-03,0.03,0.05
3.93656e-03,0.01,-0.01
3.93664e-03,0.03,0.05
3.93672e-03,0.03,-0.01
3.93680e-03,0.01,0.05
3.93688e-03,0.03,-0.01
3.93696e-03,0.01,0.05
3.93704e-03,0.05,-0.01
3.93712e-03,0.01,0.05
3.93720e-03,0.03,-0.03
3.93728e-03,0.05,0.05
3.93736e-03,0.03,-0.01
3.93744e-03,0.03,0.05
3.93752e-03,-0.01,-0.01
3.93760e-03,0.03,0.07
3.93768e-03,0.03,-0.03
3.93776e-03,0.03,0.05
3.93784e-03,0.01,-0.03
3.93792e-03,0.03,0.07
3.93800e-03,0.01,-0.03
3.93808e-03,0.01,0.07
3.93816e-03,0.01,-0.03
3.93824e-03,0.03,0.05
3.93832e-03,0.03,-0.03
3.93840e-03,0.01,0.05
3.93848e-03,0.03,-0.01
3.93856e-03,0.01,0.05
3.93864e-03,0.01,-0.03
3.93872e-03,0.03,0.05
3.93880e-03,0.03,-0.03
3.93888e-03,0.03,0.05
3.93896e-03,0.01,-0.01
3.93904e-03,0.01,0.05
3.93912e-03,0.01,-0.03
3.93920e-03,0.03,0.05
3.93928e-03,0.01,-0.01
3.93936e-03,0.03,0.05
3.93944e-03,0.01,-0.03
3.93952e-03,0.03,0.05
3.93960e-03,0.03,-0.01
3.93968e-03,0.01,0.05
3.93976e-03,0.03,-0.03
3.93984e-03,0.03,0.05
3.93992e-03,0.03,-0.03
3.94000e-03,0.03,0.05
3.94008e-03,0.05,-0.03
3.94016e-03,0.01,0.05
3.94024e-03,-0.01,-0.05
3.94032e-03,-0.01,0.07
3.94040e-03,0.01,-0.03
3.94048e-03,0.03,0.05
3.94056e-03,0.01,-0.03
3.94064e-03,0.03,0.05
3.94072e-03,0.01,-0.03
3.94080e-03,0.03,0.05
3.94088e-03,0.03,-0.01
3.94096e-03,0.03,0.07
3.94104e-03,0.05,-0.03
3.94112e-03,0.01,0.05
3.94120e-03,0.03,-0.01
3.94128e-03,0.03,0.05
3.94136e-03,0.03,-0.03
3.94144e-03,0.03,0.05
3.94152e-03,0.03,-0.03
3.94160e-03,0.05,0.05
3.94168e-03,0.03,-0.03
3.94176e-03,0.03,0.05
3.94184e-03,-0.01,-0.03
3.94192e-03,0.03,0.05
3.94200e-03,0.03,-0.03
3.94208e-03,0.03,0.05
3.94216e-03,0.03,-0.03
3.94224e-03,0.01,0.05
3.94232e-03,0.03,-0.01
3.94240e-03,0.03,0.05
3.94248e-03,0.03,-0.03
3.94256e-03,0.03,0.05
3.94264e-03,0.03,-0.03
3.94272e-03,0.01,0.05
3.94280e-03,0.05,-0.01
3.94288e-03,0.03,0.05
3.94296e-03,0.03,-0.03
3.94304e-03,0.03,0.05
3.94312e-03,0.01,-0.03
3.94320e-03,0.03,0.05
3.94328e-03,0.03,-0.03
3.94336e-03,0.01,0.05
3.94344e-03,0.03,-0.03
3.94352e-03,0.01,0.05
3.94360e-03,0.03,-0.03
3.94368e-03,0.01,0.05
3.94376e-03,0.01,-0.03
3.94384e-03,0.01,0.05
3.94392e-03,0.05,-0.03
3.94400e-03,0.03,0.05
3.94408e-03,0.05,-0.03
3.94416e-03,0.03,0.05
3.94424e-03,0.01,-0.01
3.94432e-03,0.05,0.05
3.94440e-03,0.01,-0.01
3.94448e-03,0.05,0.05
3.94456e-03,0.01,-0.01
3.94464e-03,0.03,0.05
3.94472e-03,0.03,-0.03
3.94480e-03,0.03,0.05
3.94488e-03,0.03,-0.03
3.94496e-03,0.03,0.05
3.94504e-03,0.03,-0.03
3.94512e-03,0.03,0.05
3.94520e-03,0.03,-0.01
3.94528e-03,0.03,0.05
3.94536e-03,0.03,-0.03
3.94544e-03,0.03,0.05
3.94552e-03,0.03,-0.01
3.94560e-03,0.03,0.05
3.94568e-03,0.03,-0.01
3.94576e-03,0.03,0.05
3.94584e-03,-0.01,-0.01
3.94592e-03,0.05,0.05
3.94600e-03,0.03,-0.01
3.94608e-03,0.03,0.05
3.94616e-03,0.03,-0.03
3.94624e-03,0.01,0.05
3.94632e-03,0.01,-0.01
3.94640e-03,0.01,0.05
3.94648e-03,0.03,-0.01
3.94656e-03,0.03,0.05
3.94664e-03,0.01,-0.01
3.94672e-03,0.01,0.05
3.94680e-03,0.03,-0.01
3.94688e-03,0.03,0.05
3.94696e-03,0.03,-0.03
3.94704e-03,0.05,0.05
3.94712e-03,0.03,-0.03
3.94720e-03,0.03,0.05
3.94728e-03,0.03,-0.01
3.94736e-03,0.03,0.05
3.94744e-03,0.03,-0.01
3.94752e-03,0.03,0.05
3.94760e-03,0.03,-0.01
3.94768e-03,0.03,0.05
3.94776e-03,0.03,-0.03
3.94784e-03,0.01,0.05
3.94792e-03,0.03,-0.03
3.94800e-03,0.01,0.05
3.94808e-03,0.03,-0.01
3.94816e-03,0.03,0.05
3.94824e-03,0.03,-0.03
3.94832e-03,0.05,0.05
3.94840e-03,0.01,-0.01
3.94848e-03,0.03,0.05
3.94856e-03,0.01,-0.01
3.94864e-03,0.03,0.05
3.94872e-03,0.03,-0.01
3.94880e-03,0.01,0.05
3.94888e-03,0.03,-0.01
3.94896e-03,0.05,0.05
3.94904e-03,0.05,-0.03
3.94912e-03,0.03,0.07
3.94920e-03,0.03,-0.03
3.94928e-03,0.01,0.05
3.94936e-03,0.03,-0.03
3.94944e-03,0.03,0.05
3.94952e-03,0.01,-0.03
3.94960e-03,0.03,0.05
3.94968e-03,0.03,-0.03
3.94976e-03,0.01,0.05
3.94984e-03,0.01,-0.01
3.94992e-03,0.05,0.05
3.95000e-03,0.03,-0.03
3.95008e-03,0.03,0.07
3.95016e-03,0.03,-0.03
3.95024e-03,0.03,0.07
3.95032e-03,0.05,-0.01
3.95040e-03,0.01,0.03
3.95048e-03,0.03,-0.03
3.95056e-03,0.01,0.05
3.95064e-03,0.03,-0.03
3.95072e-03,0.03,0.05
3.95080e-03,0.03,-0.03
3.95088e-03,0.03,0.05
3.95096e-03,0.03,-0.03
3.95104e-03,0.03,0.05
3.95112e-03,0.01,-0.01
3.95120e-03,0.03,0.05
3.95128e-03,0.03,-0.03
3.95136e-03,0.03,0.05
3.95144e-03,0.03,-0.03
3.95152e-03,0.03,0.05
3.95160e-03,0.03,-0.03
3.95168e-03,0.03,0.03
3.95176e-03,0.03,-0.01
3.95184e-03,0.03,0.05
3.95192e-03,0.03,-0.03
3.95200e-03,0.03,0.05
3.95208e-03,0.03,-0.01
3.95216e-03,0.03,0.05
3.95224e-03,0.01,-0.01
3.95232e-03,0.03,0.05
3.95240e-03,0.01,-0.01
3.95248e-03,0.03,0.05
3.95256e-03,0.01,-0.03
3.95264e-03,0.03,0.05
3.95272e-03,0.03,-0.01
3.95280e-03,0.03,0.05
3.95288e-03,0.01,-0.01
3.95296e-03,0.03,0.05
3.95304e-03,0.03,-0.01
3.95312e-03,0.01,0.05
3.95320e-03,0.05,-0.01
3.95328e-03,0.01,0.05
3.95336e-03,0.03,-0.01
3.95344e-03,0.03,0.05
3.95352e-03,0.03,-0.01
3.95360e-03,0.03,0.05
3.95368e-03,0.03,-0.03
3.95376e-03,0.03,0.05
3.95384e-03,0.01,-0.01
3.95392e-03,0.01,0.05
3.95400e-03,0.03,-0.03
3.95408e-03,0.05,0.05
3.95416e-03,0.03,-0.03
3.95424e-03,0.03,0.05
3.95432e-03,0.05,-0.03
3.95440e-03,0.03,0.05
3.95448e-03,0.03,-0.01
3.95456e-03,0.03,0.05
3.95464e-03,0.03,-0.03
3.95472e-03,0.03,0.05
3.95480e-03,0.03,-0.03
3.95488e-03,0.03,0.05
3.95496e-03,0.03,-0.01
3.95504e-03,0.05,0.05
3.95512e-03,0.03,-0.01
3.95520e-03,0.03,0.05
3.95528e-03,0.01,-0.01
3.95536e-03,0.03,0.07
3.95544e-03,0.03,-0.03
3.95552e-03,0.03,0.05
3.95560e-03,0.03,-0.01
3.95568e-03,0.03,0.05
3.95576e-03,0.05,-0.01
3.95584e-03,-0.01,0.05
3.95592e-03,0.03,-0.01
3.95600e-03,0.03,0.05
3.95608e-03,0.03,-0.03
3.95616e-03,0.03,0.05
3.95624e-03,0.03,-0.01
3.95632e-03,0.03,0.05
3.95640e-03,0.03,-0.01
3.95648e-03,0.03,0.05
3.95656e-03,0.01,-0.01
3.95664e-03,0.03,0.05
3.95672e-03,0.03,-0.03
3.95680e-03,0.03,0.05
3.95688e-03,0.03,-0.01
3.95696e-03,0.01,0.05
3.95704e-03,0.03,-0.03
3.95712e-03,0.03,0.05
3.95720e-03,0.03,-0.01
3.95728e-03,0.03,0.05
3.95736e-03,0.01,-0.01
3.95744e-03,0.03,0.05
3.95752e-03,0.03,-0.01
3.95760e-03,0.03,0.05
3.95768e-03,0.01,-0.03
3.95776e-03,0.03,0.05
3.95784e-03,-0.01,-0.03
3.95792e-03,0.01,0.05
3.95800e-03,0.01,-0.03
3.95808e-03,0.03,0.05
3.95816e-03,0.05,-0.01
3.95824e-03,0.01,0.05
3.95832e-03,0.05,-0.03
3.95840e-03,0.01,0.07
3.95848e-03,0.03,-0.03
3.95856e-03,0.03,0.05
3.95864e-03,0.03,-0.01
3.95872e-03,0.01,0.05
3.95880e-03,0.01,-0.05
3.95888e-03,0.03,0.07
3.95896e-03,0.03,-0.03
3.95904e-03,0.03,0.07
3.95912e-03,0.01,-0.01
3.95920e-03,0.03,0.05
3.95928e-03,0.01,-0.03
3.95936e-03,0.03,0.05
3.95944e-03,0.03,-0.03
3.95952e-03,0.01,0.05
3.95960e-03,0.03,-0.01
3.95968e-03,0.03,0.05
3.95976e-03,0.03,-0.01
3.95984e-03,0.01,0.05
3.95992e-03,0.03,-0.01
3.96000e-03,0.03,0.05
3.96008e-03,0.01,-0.01
3.96016e-03,0.05,0.05
3.96024e-03,0.03,-0.01
3.96032e-03,0.03,0.05
3.96040e-03,0.03,-0.01
3.96048e-03,0.03,0.05
3.96056e-03,0.03,-0.01
3.96064e-03,0.03,0.05
3.96072e-03,0.03,-0.03
3.96080e-03,0.01,0.05
3.96088e-03,0.05,-0.03
3.96096e-03,0.03,0.05
3.96104e-03,0.03,-0.03
3.96112e-03,0.03,0.05
3.96120e-03,0.03,-0.03
3.96128e-03,0.01,0.05
3.96136e-03,0.03,-0.01
3.96144e-03,0.01,0.05
3.96152e-03,0.03,-0.01
3.96160e-03,0.05,0.05
3.96168e-03,0.03,-0.03
3.96176e-03,0.05,0.05
3.96184e-03,0.01,-0.01
3.96192e-03,0.05,0.05
3.96200e-03,0.03,-0.01
3.96208e-03,0.03,0.05
3.96216e-03,0.03,-0.03
3.96224e-03,0.01,0.05
3.96232e-03,0.03,-0.01
3.96240e-03,0.01,0.05
3.96248e-03,0.03,-0.03
3.96256e-03,0.01,0.05
3.96264e-03,0.03,-0.03
3.96272e-03,0.01,0.05
3.96280e-03,0.03,-0.03
3.96288e-03,0.03,0.05
3.96296e-03,0.01,-0.01
3.96304e-03,0.05,0.05
3.96312e-03,-0.01,-0.01
3.96320e-03,0.03,0.05
3.96328e-03,0.03,-0.03
3.96336e-03,0.03,0.05
3.96344e-03,0.03,-0.01
3.96352e-03,0.03,0.05
3.96360e-03,0.05,-0.01
3.96368e-03,0.01,0.05
3.96376e-03,0.03,-0.01
3.96384e-03,0.01,0.05
3.96392e-03,0.03,-0.01
3.96400e-03,-0.01,0.05
3.96408e-03,0.01,-0.03
3.96416e-03,0.03,0.05
3.96424e-03,0.03,-0.03
3.96432e-03,0.03,0.07
3.96440e-03,0.01,-0.03
3.96448e-03,0.01,0.05
3.96456e-03,0.03,-0.03
3.96464e-03,0.03,0.07
3.96472e-03,0.03,-0.03
3.96480e-03,0.03,0.05
3.96488e-03,0.03,-0.01
3.96496e-03,0.03,0.05
3.96504e-03,0.03,-0.01
3.96512e-03,0.03,0.05
3.96520e-03,0.05,-0.01
3.96528e-03,0.03,0.05
3.96536e-03,0.03,-0.01
3.96544e-03,0.01,0.05
3.96552e-03,0.03,-0.03
3.96560e-03,0.03,0.05
3.96568e-03,0.01,-0.01
3.96576e-03,0.03,0.05
3.96584e-03,0.05,-0.03
3.96592e-03,0.03,0.05
3.96600e-03,0.03,-0.01
3.96608e-03,0.03,0.05
3.96616e-03,0.03,-0.03
3.96624e-03,0.03,0.05
3.96632e-03,0.03,-0.03
3.96640e-03,0.03,0.05
3.96648e-03,0.05,-0.01
3.96656e-03,0.03,0.05
3.96664e-03,0.05,-0.01
3.96672e-03,0.03,0.05
3.96680e-03,0.03,-0.03
3.96688e-03,0.01,0.05
3.96696e-03,-0.01,-0.03
3.96704e-03,0.03,0.07
3.96712e-03,0.01,-0.03
3.96720e-03,0.03,0.07
3.96728e-03,0.03,-0.03
3.96736e-03,0.03,0.05
3.96744e-03,0.03,-0.01
3.96752e-03,0.01,0.07
3.96760e-03,0.05,-0.01
3.96768e-03,0.01,0.05
3.96776e-03,0.03,-0.01
3.96784e-03,0.03,0.05
3.96792e-03,0.03,-0.03
3.96800e-03,0.01,0.05
3.96808e-03,0.01,-0.01
3.96816e-03,0.03,0.03
3.96824e-03,0.01,-0.01
3.96832e-03,0.03,0.05
3.96840e-03,0.03,-0.01
3.96848e-03,0.03,0.05
3.96856e-03,0.01,-0.01
3.96864e-03,0.03,0.05
3.96872e-03,0.03,-0.03
3.96880e-03,0.03,0.05
3.96888e-03,0.03,-0.03
3.96896e-03,0.01,0.05
3.96904e-03,0.03,-0.01
3.96912e-03,0.01,0.05
3.96920e-03,0.03,-0.03
3.96928e-03,0.01,0.05
3.96936e-03,0.01,-0.03
3.96944e-03,0.03,0.05
3.96952e-03,0.03,-0.01
3.96960e-03,0.05,0.05
3.96968e-03,0.01,-0.01
3.96976e-03,0.03,0.05
3.96984e-03,0.01,-0.03
3.96992e-03,0.03,0.05
3.97000e-03,0.03,-0.01
3.97008e-03,0.03,0.05
3.97016e-03,0.05,-0.03
3.97024e-03,0.01,0.05
3.97032e-03,0.03,-0.01
3.97040e-03,0.01,0.05
3.97048e-03,0.05,-0.03
3.97056e-03,0.03,0.05
3.97064e-03,0.01,-0.03
3.97072e-03,0.03,0.05
3.97080e-03,0.03,-0.03
3.97088e-03,0.03,0.05
3.97096e-03,0.01,-0.01
3.97104e-03,0.03,0.05
3.97112e-03,0.03,-0.01
3.97120e-03,0.05,0.05
3.97128e-03,0.03,-0.01
3.97136e-03,0.03,0.05
3.97144e-03,0.03,-0.01
3.97152e-03,0.01,0.05
3.97160e-03,0.05,-0.03
3.97168e-03,0.01,0.05
3.97176e-03,0.03,-0.01
3.97184e-03,0.01,0.05
3.97192e-03,0.03,-0.03
3.97200e-03,0.03,0.05
3.97208e-03,0.01,-0.03
3.97216e-03,0.03,0.05
3.97224e-03,0.03,-0.03
3.97232e-03,0.03,0.07
3.97240e-03,0.03,-0.01
3.97248e-03,0.03,0.05
3.97256e-03,0.03,-0.03
3.97264e-03,0.03,0.05
3.97272e-03,0.03,-0.01
3.97280e-03,0.01,0.05
3.97288e-03,0.01,-0.03
3.97296e-03,0.01,0.05
3.97304e-03,0.03,-0.03
3.97312e-03,0.01,0.05
3.97320e-03,0.03,-0.01
3.97328e-03,0.03,0.05
3.97336e-03,0.03,-0.03
3.97344e-03,0.03,0.05
3.97352e-03,0.03,-0.01
3.97360e-03,0.03,0.05
3.97368e-03,-0.01,-0.01
3.97376e-03,0.03,0.05
3.97384e-03,-0.01,-0.01
3.97392e-03,0.03,0.05
3.97400e-03,0.03,-0.03
3.97408e-03,0.03,0.05
3.97416e-03,0.03,-0.03
3.97424e-03,-0.01,0.05
3.97432e-03,0.03,-0.03
3.97440e-03,0.03,0.05
3.97448e-03,0.03,-0.01
3.97456e-03,0.03,0.05
3.97464e-03,0.03,-0.03
3.97472e-03,0.03,0.05
3.97480e-03,0.03,-0.01
3.97488e-03,0.03,0.05
3.97496e-03,0.03,-0.01
3.97504e-03,0.03,0.05
3.97512e-03,0.03,-0.03
3.97520e-03,0.03,0.05
3.97528e-03,0.03,-0.01
3.97536e-03,0.03,0.05
3.97544e-03,0.03,-0.01
3.97552e-03,0.01,0.05
3.97560e-03,0.01,-0.03
3.97568e-03,0.01,0.05
3.97576e-03,0.03,-0.03
3.97584e-03,0.03,0.07
3.97592e-03,0.05,-0.03
3.97600e-03,0.03,0.07
3.97608e-03,0.03,-0.03
3.97616e-03,0.05,0.05
3.97624e-03,0.03,-0.01
3.97632e-03,0.03,0.05
3.97640e-03,0.01,-0.01
3.97648e-03,0.05,0.05
3.97656e-03,0.01,-0.01
3.97664e-03,0.03,0.05
3.97672e-03,0.03,-0.03
3.97680e-03,0.03,0.05
3.97688e-03,0.03,-0.01
3.97696e-03,0.01,0.05
3.97704e-03,0.01,-0.01
3.97712e-03,0.03,0.07
3.97720e-03,0.05,-0.03
3.97728e-03,0.01,0.05
3.97736e-03,0.05,-0.01
3.97744e-03,0.03,0.05
3.97752e-03,0.01,-0.01
3.97760e-03,0.03,0.05
3.97768e-03,0.03,-0.01
3.97776e-03,0.03,0.05
3.97784e-03,0.03,-0.01
3.97792e-03,0.03,0.05
3.97800e-03,0.03,-0.01
3.97808e-03,0.03,0.05
3.97816e-03,0.05,-0.03
3.97824e-03,0.01,0.05
3.97832e-03,0.03,-0.03
3.97840e-03,0.03,0.05
3.97848e-03,0.03,-0.01
3.97856e-03,0.01,0.05
3.97864e-03,0.03,-0.01
3.97872e-03,0.01,0.05
3.97880e-03,0.03,-0.01
3.97888e-03,0.05,0.05
3.97896e-03,0.03,-0.03
3.97904e-03,0.03,0.05
3.97912e-03,0.01,-0.03
3.97920e-03,0.05,0.05
3.97928e-03,0.01,-0.03
3.97936e-03,0.03,0.05
3.97944e-03,0.03,-0.03
3.97952e-03,0.03,0.05
3.97960e-03,0.03,-0.03
3.97968e-03,0.01,0.07
3.97976e-03,0.03,-0.03
3.97984e-03,0.03,0.05
3.97992e-03,0.03,-0.01
3.98000e-03,0.03,0.05
3.98008e-03,0.03,-0.03
3.98016e-03,0.03,0.05
3.98024e-03,0.03,-0.01
3.98032e-03,0.03,0.05
3.98040e-03,0.03,-0.03
3.98048e-03,0.03,0.05
3.98056e-03,0.03,-0.01
3.98064e-03,0.05,0.05
3.98072e-03,0.03,-0.01
3.98080e-03,0.01,0.05
3.98088e-03,0.03,-0.01
3.98096e-03,0.01,0.05
3.98104e-03,0.03,-0.03
3.98112e-03,0.03,0.05
3.98120e-03,0.03,-0.03
3.98128e-03,0.01,0.03
3.98136e-03,0.03,-0.03
3.98144e-03,0.03,0.05
3.98152e-03,0.03,-0.01
3.98160e-03,0.03,0.05
3.98168e-03,0.03,-0.01
3.98176e-03,0.05,0.07
3.98184e-03,0.03,-0.01
3.98192e-03,0.03,0.05
3.98200e-03,0.03,-0.01
3.98208e-03,0.03,0.05
3.98216e-03,0.03,-0.01
3.98224e-03,0.03,0.05
3.98232e-03,0.05,-0.01
3.98240e-03,0.03,0.05
3.98248e-03,0.03,-0.01
3.98256e-03,0.03,0.05
3.98264e-03,0.03,-0.03
3.98272e-03,0.03,0.05
3.98280e-03,0.01,-0.01
3.98288e-03,0.03,0.05
3.98296e-03,0.03,-0.03
3.98304e-03,0.03,0.05
3.98312e-03,0.01,-0.01
3.98320e-03,0.03,0.05
3.98328e-03,0.03,-0.03
3.98336e-03,0.03,0.07
3.98344e-03,0.03,-0.03
3.98352e-03,0.03,0.05
3.98360e-03,0.03,-0.01
3.98368e-03,0.03,0.05
3.98376e-03,0.01,-0.01
3.98384e-03,0.01,0.03
3.98392e-03,0.03,-0.01
3.98400e-03,0.03,0.05
3.98408e-03,0.01,-0.03
3.98416e-03,0.03,0.05
3.98424e-03,0.01,-0.01
3.98432e-03,0.05,0.05
3.98440e-03,0.01,-0.03
3.98448e-03,0.01,0.05
3.98456e-03,-0.01,-0.03
3.98464e-03,0.01,0.07
3.98472e-03,0.01,-0.03
3.98480e-03,0.03,0.05
3.98488e-03,0.03,-0.03
3.98496e-03,0.03,0.05
3.98504e-03,0.03,-0.03
3.98512e-03,0.01,0.05
3.98520e-03,0.05,-0.01
3.98528e-03,0.01,0.05
3.98536e-03,0.05,-0.01
3.98544e-03,0.03,0.05
3.98552e-03,0.03,-0.03
3.98560e-03,0.05,0.05
3.98568e-03,0.03,-0.01
3.98576e-03,0.05,0.05
3.98584e-03,0.01,-0.01
3.98592e-03,0.03,0.05
3.98600e-03,0.03,-0.01
3.98608e-03,0.03,0.05
3.98616e-03,0.03,-0.01
3.98624e-03,0.03,0.05
3.98632e-03,0.03,-0.03
3.98640e-03,0.03,0.05
3.98648e-03,0.03,-0.03
3.98656e-03,0.03,0.05
3.98664e-03,0.03,-0.01
3.98672e-03,0.03,0.05
3.98680e-03,0.03,-0.01
3.98688e-03,0.03,0.05
3.98696e-03,0.03,-0.01
3.98704e-03,0.05,0.05
3.98712e-03,0.01,-0.01
3.98720e-03,0.03,0.05
3.98728e-03,0.03,-0.01
3.98736e-03,0.03,0.05
3.98744e-03,0.01,-0.01
3.98752e-03,0.03,0.05
3.98760e-03,0.05,-0.01
3.98768e-03,0.03,0.05
3.98776e-03,0.03,-0.01
3.98784e-03,0.03,0.05
3.98792e-03,0.05,-0.01
3.98800e-03,0.03,0.07
3.98808e-03,0.03,-0.03
3.98816e-03,0.05,0.05
3.98824e-03,0.03,-0.01
3.98832e-03,0.03,0.05
3.98840e-03,0.01,-0.01
3.98848e-03,0.03,0.05
3.98856e-03,0.01,-0.01
3.98864e-03,0.03,0.05
3.98872e-03,0.03,-0.01
3.98880e-03,0.01,0.05
3.98888e-03,0.01,-0.01
3.98896e-03,0.03,0.05
3.98904e-03,0.03,-0.03
3.98912e-03,0.01,0.05
3.98920e-03,0.03,-0.01
3.98928e-03,0.03,0.05
3.98936e-03,0.01,-0.01
3.98944e-03,0.03,0.05
3.98952e-03,0.01,-0.01
3.98960e-03,0.01,0.07
3.98968e-03,0.01,-0.03
3.98976e-03,0.03,0.05
3.98984e-03,0.01,-0.01
3.98992e-03,0.03,0.05
3.99000e-03,0.03,-0.03
3.99008e-03,0.03,0.05
3.99016e-03,0.03,-0.01
3.99024e-03,0.03,0.05
3.99032e-03,0.03,-0.01
3.99040e-03,0.03,0.05
3.99048e-03,0.03,-0.03
3.99056e-03,0.01,0.05
3.99064e-03,0.03,-0.03
3.99072e-03,0.03,0.07
3.99080e-03,0.01,-0.01
3.99088e-03,0.03,0.05
3.99096e-03,0.03,-0.01
3.99104e-03,0.03,0.07
3.99112e-03,0.03,-0.01
3.99120e-03,0.03,0.05
3.99128e-03,0.03,-0.01
3.99136e-03,0.01,0.05
3.99144e-03,0.03,-0.01
3.99152e-03,0.03,0.05
3.99160e-03,0.03,-0.03
3.99168e-03,0.01,0.05
3.99176e-03,0.03,-0.01
3.99184e-03,0.01,0.05
3.99192e-03,0.03,-0.01
3.99200e-03,0.01,0.05
3.99208e-03,0.03,-0.03
3.99216e-03,0.03,0.05
3.99224e-03,0.03,-0.01
3.99232e-03,0.05,0.05
3.99240e-03,0.03,-0.01
3.99248e-03,0.03,0.07
3.99256e-03,0.03,-0.03
3.99264e-03,0.05,0.05
3.99272e-03,0.01,-0.03
3.99280e-03,0.03,0.05
3.99288e-03,0.03,-0.03
3.99296e-03,0.03,0.05
3.99304e-03,0.05,-0.03
3.99312e-03,0.03,0.05
3.99320e-03,0.03,-0.03
3.99328e-03,0.01,0.05
3.99336e-03,-0.01,-0.01
3.99344e-03,0.01,0.05
3.99352e-03,0.03,-0.03
3.99360e-03,0.01,0.07
3.99368e-03,0.03,-0.03
3.99376e-03,0.03,0.05
3.99384e-03,0.03,-0.03
3.99392e-03,0.05,0.05
3.99400e-03,0.01,-0.01
3.99408e-03,0.05,0.07
3.99416e-03,0.03,-0.03
3.99424e-03,0.03,0.05
3.99432e-03,0.03,-0.03
3.99440e-03,0.01,0.05
3.99448e-03,0.03,-0.03
3.99456e-03,0.03,0.05
3.99464e-03,0.03,-0.03
3.99472e-03,0.01,0.05
3.99480e-03,0.01,-0.01
3.99488e-03,0.03,0.05
3.99496e-03,0.03,-0.01
3.99504e-03,0.03,0.05
3.99512e-03,0.03,-0.01
3.99520e-03,0.05,0.05
3.99528e-03,0.03,-0.01
3.99536e-03,0.03,0.05
3.99544e-03,0.03,-0.01
3.99552e-03,0.03,0.05
3.99560e-03,0.03,-0.03
3.99568e-03,0.01,0.05
3.99576e-03,0.03,-0.01
3.99584e-03,0.01,0.05
3.99592e-03,0.05,-0.01
3.99600e-03,0.05,0.05
3.99608e-03,0.05,-0.01
3.99616e-03,0.05,0.05
3.99624e-03,-0.01,-0.01
3.99632e-03,0.03,0.05
3.99640e-03,0.01,-0.03
3.99648e-03,0.03,0.05
3.99656e-03,0.03,-0.01
3.99664e-03,0.03,0.05
3.99672e-03,0.03,-0.01
3.99680e-03,0.03,0.07
3.99688e-03,0.05,-0.01
3.99696e-03,0.01,0.05
3.99704e-03,0.05,-0.01
3.99712e-03,0.03,0.05
3.99720e-03,0.03,-0.03
3.99728e-03,0.01,0.05
3.99736e-03,0.03,-0.01
3.99744e-03,0.03,0.05
3.99752e-03,0.03,-0.01
3.99760e-03,0.05,0.05
3.99768e-03,0.01,-0.01
3.99776e-03,0.05,0.05
3.99784e-03,0.01,-0.01
3.99792e-03,0.03,0.05
3.99800e-03,0.03,-0.01
3.99808e-03,0.03,0.05
3.99816e-03,0.03,-0.01
3.99824e-03,0.01,0.05
3.99832e-03,0.03,-0.03
3.99840e-03,0.03,0.05
3.99848e-03,0.03,-0.03
3.99856e-03,0.01,0.05
3.99864e-03,0.03,-0.03
3.99872e-03,0.05,0.05
3.99880e-03,0.03,-0.03
3.99888e-03,0.03,0.07
3.99896e-03,0.01,-0.03
3.99904e-03,0.03,0.05
3.99912e-03,0.01,-0.01
3.99920e-03,0.03,0.05
3.99928e-03,0.01,-0.01
3.99936e-03,0.03,0.05
3.99944e-03,0.03,-0.01
3.99952e-03,0.01,0.05
3.99960e-03,0.05,-0.01
3.99968e-03,0.01,0.05
3.99976e-03,0.03,-0.03
3.99984e-03,0.01,0.05
3.99992e-03,0.03,-0.01
4.00000e-03,0.03,0.05
4.00008e-03,0.03,-0.01
4.00016e-03,0.03,0.05
4.00024e-03,0.03,-0.01
4.00032e-03,0.03,0.05
4.00040e-03,0.01,-0.03
4.00048e-03,0.03,0.05
4.00056e-03,0.01,-0.03
4.00064e-03,0.03,0.05
4.00072e-03,0.01,-0.01
4.00080e-03,0.03,0.05
4.00088e-03,0.05,-0.01
4.00096e-03,0.03,0.05
4.00104e-03,0.03,-0.01
4.00112e-03,0.03,0.05
4.00120e-03,0.03,-0.01
4.00128e-03,0.03,0.05
4.00136e-03,0.03,-0.03
4.00144e-03,0.03,0.05
4.00152e-03,0.03,-0.01
4.00160e-03,0.03,0.05
4.00168e-03,0.03,-0.03
4.00176e-03,0.03,0.03
4.00184e-03,0.01,-0.01
4.00192e-03,0.03,0.05
4.00200e-03,0.03,-0.03
4.00208e-03,0.03,0.05
4.00216e-03,0.03,-0.01
4.00224e-03,0.03,0.05
4.00232e-03,0.01,-0.03
4.00240e-03,0.01,0.07
4.00248e-03,0.03,-0.03
4.00256e-03,0.03,0.05
4.00264e-03,0.01,-0.03
4.00272e-03,0.03,0.07
4.00280e-03,0.03,-0.03
4.00288e-03,0.01,0.03
4.00296e-03,0.01,-0.03
4.00304e-03,0.03,0.05
4.00312e-03,0.03,-0.03
4.00320e-03,0.03,0.05
4.00328e-03,0.01,-0.03
4.00336e-03,0.03,0.05
4.00344e-03,0.05,-0.01
4.00352e-03,0.03,0.05
4.00360e-03,0.03,-0.03
4.00368e-03,0.01,0.05
4.00376e-03,0.03,-0.03
4.00384e-03,-0.01,0.07
4.00392e-03,0.01,-0.01
4.00400e-03,0.03,0.05
4.00408e-03,0.03,-0.03
4.00416e-03,0.03,0.05
4.00424e-03,0.01,-0.03
4.00432e-03,0.03,0.05
4.00440e-03,0.01,-0.01
4.00448e-03,0.03,0.05
4.00456e-03,0.03,-0.03
4.00464e-03,0.03,0.05
4.00472e-03,0.05,-0.03
4.00480e-03,0.01,0.05
4.00488e-03,0.03,-0.01
4.00496e-03,0.01,0.05
4.00504e-03,0.03,-0.03
4.00512e-03,0.01,0.05
4.00520e-03,0.03,-0.03
4.00528e-03,0.01,0.05
4.00536e-03,0.03,-0.03
4.00544e-03,0.03,0.05
4.00552e-03,0.03,-0.01
4.00560e-03,0.01,0.05
4.00568e-03,0.03,-0.01
4.00576e-03,0.05,0.05
4.00584e-03,0.03,-0.01
4.00592e-03,0.03,0.05
4.00600e-03,0.03,-0.03
4.00608e-03,0.03,0.05
4.00616e-03,0.03,-0.01
4.00624e-03,0.03,0.05
4.00632e-03,0.03,-0.01
4.00640e-03,0.01,0.05
4.00648e-03,0.03,-0.01
4.00656e-03,0.01,0.05
4.00664e-03,0.03,-0.03
4.00672e-03,0.03,0.05
4.00680e-03,0.03,-0.03
4.00688e-03,0.05,0.05
4.00696e-03,0.01,-0.01
4.00704e-03,0.03,0.05
4.00712e-03,0.03,-0.01
4.00720e-03,0.05,0.05
4.00728e-03,0.03,-0.01
4.00736e-03,0.03,0.05
4.00744e-03,0.03,-0.01
4.00752e-03,0.03,0.05
4.00760e-03,0.03,-0.01
4.00768e-03,0.03,0.05
4.00776e-03,0.03,-0.03
4.00784e-03,0.01,0.05
4.00792e-03,0.03,-0.01
4.00800e-03,0.01,0.05
4.00808e-03,0.03,-0.03
4.00816e-03,0.03,0.05
4.00824e-03,0.01,-0.03
4.00832e-03,0.03,0.05
4.00840e-03,0.01,-0.03
4.00848e-03,0.03,0.05
4.00856e-03,0.05,-0.03
4.00864e-03,0.03,0.05
4.00872e-03,0.03,-0.03
4.00880e-03,0.01,0.05
4.00888e-03,0.03,-0.03
4.00896e-03,0.01,0.05
4.00904e-03,0.03,-0.03
4.00912e-03,0.01,0.05
4.00920e-03,0.03,-0.03
4.00928e-03,0.01,0.05
4.00936e-03,0.03,-0.01
4.00944e-03,0.03,0.05
4.00952e-03,0.01,-0.03
4.00960e-03,0.03,0.05
4.00968e-03,0.03,-0.03
4.00976e-03,0.03,0.05
4.00984e-03,0.01,-0.03
4.00992e-03,0.03,0.05
4.01000e-03,0.03,-0.03
4.01008e-03,0.03,0.05
4.01016e-03,0.03,-0.03
4.01024e-03,0.01,0.05
4.01032e-03,0.03,-0.03
4.01040e-03,0.03,0.05
4.01048e-03,0.03,-0.03
4.01056e-03,0.03,0.05
4.01064e-03,0.03,-0.01
4.01072e-03,0.03,0.05
4.01080e-03,0.01,-0.03
4.01088e-03,0.03,0.05
4.01096e-03,0.03,-0.03
4.01104e-03,0.01,0.05
4.01112e-03,0.01,-0.03
4.01120e-03,0.01,0.05
4.01128e-03,0.03,-0.03
4.01136e-03,0.03,0.07
4.01144e-03,0.05,-0.03
4.01152e-03,0.03,0.05
4.01160e-03,0.05,-0.03
4.01168e-03,0.01,0.07
4.01176e-03,0.05,-0.03
4.01184e-03,0.03,0.05
4.01192e-03,0.03,-0.03
4.01200e-03,0.03,0.05
4.01208e-03,0.03,-0.03
4.01216e-03,0.05,0.05
4.01224e-03,0.01,-0.03
4.01232e-03,0.03,0.05
4.01240e-03,0.03,-0.03
4.01248e-03,0.03,0.05
4.01256e-03,0.01,-0.01
4.01264e-03,0.05,0.05
4.01272e-03,0.01,-0.03
4.01280e-03,0.03,0.05
4.01288e-03,0.05,-0.01
4.01296e-03,0.03,0.05
4.01304e-03,0.03,-0.03
4.01312e-03,0.01,0.05
4.01320e-03,0.03,-0.03
4.01328e-03,0.01,0.05
4.01336e-03,0.03,-0.01
4.01344e-03,0.03,0.05
4.01352e-03,0.03,-0.03
4.01360e-03,0.03,0.05
4.01368e-03,0.03,-0.03
4.01376e-03,0.03,0.07
4.01384e-03,0.03,-0.01
4.01392e-03,0.03,0.05
4.01400e-03,0.01,-0.01
4.01408e-03,0.03,0.05
4.01416e-03,0.05,-0.03
4.01424e-03,0.03,0.05
4.01432e-03,0.03,-0.01
4.01440e-03,0.01,0.05
4.01448e-03,0.03,-0.03
4.01456e-03,0.01,0.05
4.01464e-03,0.01,-0.01
4.01472e-03,0.03,0.05
4.01480e-03,0.03,-0.01
4.01488e-03,0.03,0.05
4.01496e-03,0.01,-0.01
4.01504e-03,0.03,0.05
4.01512e-03,0.01,-0.01
4.01520e-03,0.03,0.05
4.01528e-03,0.01,-0.01
4.01536e-03,0.03,0.05
4.01544e-03,0.05,-0.01
4.01552e-03,0.03,0.05
4.01560e-03,0.03,-0.03
4.01568e-03,0.03,0.05
4.01576e-03,0.05,-0.01
4.01584e-03,0.03,0.05
4.01592e-03,0.03,-0.01
4.01600e-03,0.03,0.05
4.01608e-03,0.03,-0.01
4.01616e-03,0.03,0.05
4.01624e-03,0.03,-0.01
4.01632e-03,0.03,0.07
4.01640e-03,0.03,-0.01
4.01648e-03,0.03,0.05
4.01656e-03,0.03,-0.01
4.01664e-03,0.01,0.05
4.01672e-03,0.03,-0.01
4.01680e-03,0.03,0.07
4.01688e-03,0.03,-0.03
4.01696e-03,0.01,0.05
4.01704e-03,0.03,-0.03
4.01712e-03,0.03,0.05
4.01720e-03,0.03,-0.01
4.01728e-03,0.03,0.05
4.01736e-03,0.03,-0.01
4.01744e-03,0.01,0.05
4.01752e-03,0.03,-0.01
4.01760e-03,0.05,0.05
4.01768e-03,0.01,-0.01
4.01776e-03,0.03,0.05
4.01784e-03,0.01,-0.01
4.01792e-03,0.01,0.05
4.01800e-03,-0.01,-0.03
4.01808e-03,0.03,0.07
4.01816e-03,0.05,-0.03
4.01824e-03,0.01,0.05
4.01832e-03,0.03,-0.03
4.01840e-03,0.03,0.05
4.01848e-03,0.03,-0.03
4.01856e-03,0.01,0.05
4.01864e-03,0.03,-0.03
4.01872e-03,0.01,0.05
4.01880e-03,0.03,-0.01
4.01888e-03,0.03,0.05
4.01896e-03,0.03,-0.01
4.01904e-03,0.03,0.05
4.01912e-03,0.01,-0.03
4.01920e-03,0.03,0.05
4.01928e-03,0.03,-0.01
4.01936e-03,0.05,0.05
4.01944e-03,0.01,-0.01
4.01952e-03,0.01,0.05
4.01960e-03,0.03,-0.03
4.01968e-03,0.03,0.05
4.01976e-03,0.01,-0.03
4.01984e-03,0.03,0.05
4.01992e-03,0.07,-0.03
4.02000e-03,0.05,0.05
4.02008e-03,0.05,-0.03
4.02016e-03,0.03,0.07
4.02024e-03,0.01,-0.03
4.02032e-03,0.05,0.05
4.02040e-03,0.01,-0.01
4.02048e-03,0.03,0.05
4.02056e-03,0.03,-0.03
4.02064e-03,0.03,0.05
4.02072e-03,0.03,-0.03
4.02080e-03,0.01,0.07
4.02088e-03,0.03,-0.03
4.02096e-03,-0.01,0.05
4.02104e-03,0.03,-0.03
4.02112e-03,0.03,0.05
4.02120e-03,0.03,-0.03
4.02128e-03,0.05,0.05
4.02136e-03,0.03,-0.03
4.02144e-03,0.03,0.05
4.02152e-03,0.03,-0.03
4.02160e-03,0.03,0.05
4.02168e-03,0.01,-0.03
4.02176e-03,0.05,0.07
4.02184e-03,0.01,-0.03
4.02192e-03,0.03,0.05
4.02200e-03,0.03,-0.01
4.02208e-03,0.03,0.05
4.02216e-03,0.01,-0.03
4.02224e-03,0.01,0.05
4.02232e-03,0.03,-0.03
4.02240e-03,0.01,0.05
4.02248e-03,0.03,-0.01
4.02256e-03,0.01,0.05
4.02264e-03,0.05,-0.03
4.02272e-03,0.01,0.05
4.02280e-03,0.01,-0.03
4.02288e-03,0.05,0.05
4.02296e-03,0.01,-0.03
4.02304e-03,0.03,0.07
4.02312e-03,0.01,-0.03
4.02320e-03,0.03,0.05
4.02328e-03,0.03,-0.03
4.02336e-03,0.03,0.05
4.02344e-03,0.03,-0.01
4.02352e-03,0.01,0.05
4.02360e-03,0.03,-0.01
4.02368e-03,0.01,0.05
4.02376e-03,0.03,-0.01
4.02384e-03,0.03,0.05
4.02392e-03,0.03,-0.03
4.02400e-03,0.03,0.05
4.02408e-03,0.01,-0.03
4.02416e-03,0.03,0.05
4.02424e-03,0.03,-0.01
4.02432e-03,0.03,0.05
4.02440e-03,-0.01,-0.01
4.02448e-03,0.05,0.05
4.02456e-03,0.01,-0.03
4.02464e-03,0.03,0.05
4.02472e-03,0.03,-0.03
4.02480e-03,0.03,0.05
4.02488e-03,0.03,-0.03
4.02496e-03,0.03,0.05
4.02504e-03,0.03,-0.03
4.02512e-03,0.03,0.07
4.02520e-03,0.03,-0.03
4.02528e-03,0.01,0.05
4.02536e-03,0.03,-0.03
4.02544e-03,0.03,0.05
4.02552e-03,0.03,-0.03
4.02560e-03,0.05,0.05
4.02568e-03,0.03,-0.01
4.02576e-03,0.03,0.05
4.02584e-03,0.03,-0.01
4.02592e-03,0.03,0.05
4.02600e-03,0.03,-0.01
4.02608e-03,0.03,0.05
4.02616e-03,0.03,-0.01
4.02624e-03,0.01,0.05
4.02632e-03,0.03,-0.01
4.02640e-03,0.03,0.05
4.02648e-03,0.05,-0.01
4.02656e-03,0.01,0.05
4.02664e-03,0.03,-0.01
4.02672e-03,0.03,0.05
4.02680e-03,0.03,-0.01
4.02688e-03,0.03,0.05
4.02696e-03,0.01,-0.03
4.02704e-03,0.03,0.05
4.02712e-03,0.01,-0.03
4.02720e-03,0.03,0.05
4.02728e-03,0.03,-0.01
4.02736e-03,0.03,0.05
4.02744e-03,0.03,-0.03
4.02752e-03,0.03,0.05
4.02760e-03,0.03,-0.01
4.02768e-03,0.01,0.05
4.02776e-03,0.05,-0.01
4.02784e-03,0.01,0.05
4.02792e-03,0.03,-0.03
4.02800e-03,0.03,0.05
4.02808e-03,0.03,-0.01
4.02816e-03,0.03,0.05
4.02824e-03,0.03,-0.03
4.02832e-03,0.03,0.07
4.02840e-03,0.01,-0.01
4.02848e-03,0.03,0.05
4.02856e-03,0.01,-0.01
4.02864e-03,0.05,0.05
4.02872e-03,0.03,-0.01
4.02880e-03,0.03,0.05
4.02888e-03,0.07,-0.01
4.02896e-03,0.01,0.05
4.02904e-03,0.01,-0.05
4.02912e-03,-0.01,0.07
4.02920e-03,0.05,-0.03
4.02928e-03,0.03,0.05
4.02936e-03,0.03,-0.03
4.02944e-03,0.03,0.07
4.02952e-03,0.01,-0.01
4.02960e-03,0.05,0.05
4.02968e-03,0.01,-0.03
4.02976e-03,0.03,0.05
4.02984e-03,0.01,-0.01
4.02992e-03,0.03,0.07
4.03000e-03,0.03,-0.03
4.03008e-03,0.03,0.05
4.03016e-03,0.03,-0.03
4.03024e-03,0.03,0.05
4.03032e-03,0.03,-0.03
4.03040e-03,0.03,0.05
4.03048e-03,0.03,-0.01
4.03056e-03,0.01,0.05
4.03064e-03,0.03,-0.01
4.03072e-03,0.03,0.05
4.03080e-03,0.03,-0.01
4.03088e-03,0.03,0.05
4.03096e-03,0.03,-0.01
4.03104e-03,0.03,0.05
4.03112e-03,0.01,-0.01
4.03120e-03,0.03,0.05
4.03128e-03,0.01,-0.03
4.03136e-03,0.05,0.05
4.03144e-03,0.01,-0.03
4.03152e-03,0.01,0.05
4.03160e-03,0.03,-0.03
4.03168e-03,0.01,0.05
4.03176e-03,0.03,-0.01
4.03184e-03,0.01,0.05
4.03192e-03,0.03,-0.01
4.03200e-03,0.03,0.05
4.03208e-03,0.03,-0.01
4.03216e-03,0.03,0.05
4.03224e-03,0.01,-0.01
4.03232e-03,0.03,0.05
4.03240e-03,0.01,-0.01
4.03248e-03,0.05,0.05
4.03256e-03,0.01,-0.03
4.03264e-03,0.03,0.05
4.03272e-03,0.03,-0.03
4.03280e-03,0.03,0.05
4.03288e-03,0.03,-0.03
4.03296e-03,0.01,0.05
4.03304e-03,0.03,-0.03
4.03312e-03,0.01,0.05
4.03320e-03,0.01,-0.01
4.03328e-03,0.03,0.05
4.03336e-03,0.03,-0.03
4.03344e-03,0.03,0.05
4.03352e-03,0.03,-0.03
4.03360e-03,0.03,0.05
4.03368e-03,0.01,-0.01
4.03376e-03,0.03,0.05
4.03384e-03,0.01,-0.01
4.03392e-03,0.03,0.05
4.03400e-03,0.03,-0.01
4.03408e-03,0.03,0.05
4.03416e-03,0.03,-0.01
4.03424e-03,0.01,0.05
4.03432e-03,0.03,-0.01
4.03440e-03,0.03,0.05
4.03448e-03,0.01,-0.03
4.03456e-03,0.01,0.05
4.03464e-03,0.01,-0.03
4.03472e-03,0.01,0.05
4.03480e-03,0.03,-0.01
4.03488e-03,0.03,0.03
4.03496e-03,0.03,-0.03
4.03504e-03,0.03,0.05
4.03512e-03,0.03,-0.03
4.03520e-03,0.03,0.05
4.03528e-03,0.03,-0.01
4.03536e-03,0.03,0.05
4.03544e-03,0.01,-0.03
4.03552e-03,0.03,0.05
4.03560e-03,0.03,-0.01
4.03568e-03,0.03,0.05
4.03576e-03,0.03,-0.01
4.03584e-03,0.03,0.05
4.03592e-03,0.03,-0.03
4.03600e-03,0.05,0.07
4.03608e-03,0.01,-0.03
4.03616e-03,0.03,0.07
4.03624e-03,0.03,-0.01
4.03632e-03,0.03,0.05
4.03640e-03,0.01,-0.03
4.03648e-03,0.03,0.05
4.03656e-03,0.01,-0.01
4.03664e-03,0.05,0.03
4.03672e-03,0.03,-0.01
4.03680e-03,0.01,0.05
4.03688e-03,0.03,-0.03
4.03696e-03,0.03,0.05
4.03704e-03,0.03,-0.01
4.03712e-03,0.01,0.03
4.03720e-03,0.03,-0.03
4.03728e-03,0.03,0.05
4.03736e-03,0.03,-0.03
4.03744e-03,-0.01,0.05
4.03752e-03,0.05,-0.03
4.03760e-03,-0.01,0.05
4.03768e-03,0.03,-0.03
4.03776e-03,0.05,0.05
4.03784e-03,0.05,-0.03
4.03792e-03,0.01,0.07
4.03800e-03,0.03,-0.03
4.03808e-03,0.03,0.07
4.03816e-03,0.05,-0.03
4.03824e-03,0.03,0.05
4.03832e-03,0.03,-0.01
4.03840e-03,0.01,0.05
4.03848e-03,0.05,-0.03
4.03856e-03,0.01,0.05
4.03864e-03,0.01,-0.03
4.03872e-03,0.01,0.05
4.03880e-03,0.05,-0.03
4.03888e-03,0.05,0.05
4.03896e-03,0.01,-0.05
4.03904e-03,0.03,0.07
4.03912e-03,0.01,-0.03
4.03920e-03,0.05,0.05
4.03928e-03,0.03,-0.03
4.03936e-03,0.03,0.05
4.03944e-03,0.03,-0.01
4.03952e-03,0.01,0.05
4.03960e-03,0.03,-0.03
4.03968e-03,0.03,0.03
4.03976e-03,0.03,-0.01
4.03984e-03,0.01,0.05
4.03992e-03,0.01,-0.01
4.04000e-03,0.01,0.05
4.04008e-03,0.03,-0.01
4.04016e-03,0.03,0.05
4.04024e-03,0.01,-0.03
4.04032e-03,0.03,0.05
4.04040e-03,0.01,-0.01
4.04048e-03,0.03,0.05
4.04056e-03,0.03,-0.03
4.04064e-03,0.01,0.05
4.04072e-03,0.03,-0.01
4.04080e-03,0.01,0.05
4.04088e-03,0.05,-0.01
4.04096e-03,0.03,0.05
4.04104e-03,0.03,-0.03
4.04112e-03,0.03,0.05
4.04120e-03,0.03,-0.03
4.04128e-03,0.01,0.03
4.04136e-03,0.01,-0.03
4.04144e-03,0.03,0.05
4.04152e-03,0.01,-0.01
4.04160e-03,0.01,0.05
4.04168e-03,0.01,-0.01
4.04176e-03,0.03,0.05
4.04184e-03,0.01,-0.03
4.04192e-03,0.03,0.05
4.04200e-03,0.03,-0.01
4.04208e-03,0.01,0.05
4.04216e-03,0.03,-0.01
4.04224e-03,0.01,0.05
4.04232e-03,0.03,-0.01
4.04240e-03,0.03,0.05
4.04248e-03,0.03,-0.03
4.04256e-03,0.03,0.05
4.04264e-03,0.03,-0.03
4.04272e-03,0.03,0.05
4.04280e-03,0.03,-0.01
4.04288e-03,0.03,0.05
4.04296e-03,0.03,-0.01
4.04304e-03,0.03,0.05
4.04312e-03,0.03,-0.01
4.04320e-03,0.03,0.05
4.04328e-03,0.03,-0.03
4.04336e-03,0.03,0.05
4.04344e-03,0.03,-0.03
4.04352e-03,0.03,0.05
4.04360e-03,0.03,-0.03
4.04368e-03,0.03,0.05
4.04376e-03,0.03,-0.01
4.04384e-03,0.03,0.05
4.04392e-03,0.03,-0.03
4.04400e-03,0.03,0.05
4.04408e-03,0.03,-0.03
4.04416e-03,0.03,0.05
4.04424e-03,0.03,-0.03
4.04432e-03,0.03,0.05
4.04440e-03,0.03,-0.03
4.04448e-03,0.03,0.05
4.04456e-03,0.03,-0.01
4.04464e-03,0.01,0.05
4.04472e-03,0.03,-0.03
4.04480e-03,0.01,0.05
4.04488e-03,0.03,-0.01
4.04496e-03,0.01,0.05
4.04504e-03,0.03,-0.03
4.04512e-03,0.03,0.05
4.04520e-03,0.03,-0.01
4.04528e-03,0.03,0.05
4.04536e-03,0.03,-0.01
4.04544e-03,0.03,0.05
4.04552e-03,0.03,-0.03
4.04560e-03,0.03,0.05
4.04568e-03,0.01,-0.01
4.04576e-03,0.03,0.05
4.04584e-03,0.03,-0.01
4.04592e-03,0.03,0.05
4.04600e-03,0.01,-0.01
4.04608e-03,0.03,0.05
4.04616e-03,0.03,-0.01
4.04624e-03,0.03,0.05
4.04632e-03,0.03,-0.03
4.04640e-03,0.01,0.05
4.04648e-03,0.05,-0.03
4.04656e-03,0.01,0.05
4.04664e-03,0.03,-0.03
4.04672e-03,0.07,0.05
4.04680e-03,0.03,-0.03
4.04688e-03,0.03,0.07
4.04696e-03,0.01,-0.03
4.04704e-03,0.03,0.07
4.04712e-03,0.01,-0.01
4.04720e-03,0.03,0.05
4.04728e-03,0.01,-0.01
4.04736e-03,0.01,0.05
4.04744e-03,0.05,-0.01
4.04752e-03,0.01,0.05
4.04760e-03,0.03,-0.03
4.04768e-03,0.01,0.05
4.04776e-03,0.03,-0.03
4.04784e-03,0.01,0.07
4.04792e-03,0.05,-0.01
4.04800e-03,0.03,0.05
4.04808e-03,0.03,-0.01
4.04816e-03,0.05,0.07
4.04824e-03,0.03,-0.01
4.04832e-03,0.03,0.05
4.04840e-03,0.03,-0.01
4.04848e-03,0.03,0.05
4.04856e-03,0.03,-0.01
4.04864e-03,0.05,0.05
4.04872e-03,0.03,-0.01
4.04880e-03,0.03,0.05
4.04888e-03,0.03,-0.03
4.04896e-03,0.01,0.05
4.04904e-03,0.03,-0.01
4.04912e-03,0.01,0.05
4.04920e-03,0.01,-0.01
4.04928e-03,0.01,0.05
4.04936e-03,0.03,-0.03
4.04944e-03,0.03,0.05
4.04952e-03,0.01,-0.01
4.04960e-03,0.03,0.05
4.04968e-03,0.01,-0.01
4.04976e-03,0.03,0.05
4.04984e-03,0.01,-0.03
4.04992e-03,0.03,0.05
4.05000e-03,0.01,-0.03
4.05008e-03,0.03,0.05
4.05016e-03,0.03,-0.03
4.05024e-03,0.01,0.05
4.05032e-03,0.03,-0.01
4.05040e-03,0.03,0.05
4.05048e-03,0.03,-0.01
4.05056e-03,0.01,0.03
4.05064e-03,0.03,-0.03
4.05072e-03,0.03,0.05
4.05080e-03,0.03,-0.03
4.05088e-03,0.03,0.05
4.05096e-03,0.01,-0.03
4.05104e-03,0.05,0.05
4.05112e-03,0.03,-0.01
4.05120e-03,0.03,0.05
4.05128e-03,0.01,-0.03
4.05136e-03,0.03,0.07
4.05144e-03,0.03,-0.03
4.05152e-03,0.03,0.05
4.05160e-03,0.03,-0.01
4.05168e-03,0.01,0.05
4.05176e-03,0.05,-0.01
4.05184e-03,0.01,0.05
4.05192e-03,0.03,-0.01
4.05200e-03,0.03,0.05
4.05208e-03,0.01,-0.01
4.05216e-03,0.03,0.05
4.05224e-03,-0.01,-0.03
4.05232e-03,0.05,0.05
4.05240e-03,0.03,-0.03
4.05248e-03,0.01,0.07
4.05256e-03,-0.01,-0.03
4.05264e-03,0.03,0.05
4.05272e-03,0.03,-0.03
4.05280e-03,0.03,0.05
4.05288e-03,0.03,-0.03
4.05296e-03,0.01,0.05
4.05304e-03,0.03,-0.03
4.05312e-03,0.01,0.05
4.05320e-03,0.03,-0.03
4.05328e-03,0.03,0.05
4.05336e-03,0.01,-0.01
4.05344e-03,0.01,0.05
4.05352e-03,0.01,-0.03
4.05360e-03,0.03,0.05
4.05368e-03,0.01,-0.01
4.05376e-03,0.03,0.05
4.05384e-03,0.01,-0.03
4.05392e-03,0.03,0.05
4.05400e-03,0.03,-0.01
4.05408e-03,0.03,0.05
4.05416e-03,0.03,-0.03
4.05424e-03,0.01,0.05
4.05432e-03,0.05,-0.01
4.05440e-03,0.03,0.05
4.05448e-03,0.03,-0.03
4.05456e-03,0.03,0.05
4.05464e-03,0.01,-0.01
4.05472e-03,0.03,0.05
4.05480e-03,0.03,-0.03
4.05488e-03,0.03,0.05
4.05496e-03,0.01,-0.03
4.05504e-03,0.03,0.05
4.05512e-03,0.03,-0.03
4.05520e-03,0.03,0.05
4.05528e-03,0.01,-0.03
4.05536e-03,0.05,0.05
4.05544e-03,0.03,-0.01
4.05552e-03,0.01,0.05
4.05560e-03,0.01,-0.03
4.05568e-03,0.01,0.05
4.05576e-03,0.05,-0.03
4.05584e-03,0.03,0.07
4.05592e-03,0.03,-0.03
4.05600e-03,0.03,0.05
4.05608e-03,0.01,-0.01
4.05616e-03,0.03,0.05
4.05624e-03,0.01,-0.03
4.05632e-03,0.03,0.05
4.05640e-03,-0.01,-0.01
4.05648e-03,0.03,0.05
4.05656e-03,0.01,-0.03
4.05664e-03,0.03,0.05
4.05672e-03,0.03,-0.01
4.05680e-03,0.03,0.03
4.05688e-03,0.03,-0.01
4.05696e-03,0.03,0.05
4.05704e-03,0.05,-0.01
4.05712e-03,0.01,0.05
4.05720e-03,0.05,-0.01
4.05728e-03,0.01,0.05
4.05736e-03,0.03,-0.03
4.05744e-03,0.03,0.05
4.05752e-03,0.03,-0.01
4.05760e-03,0.03,0.05
4.05768e-03,0.01,-0.01
4.05776e-03,0.03,0.05
4.05784e-03,0.01,-0.01
4.05792e-03,0.03,0.05
4.05800e-03,0.01,-0.01
4.05808e-03,0.03,0.05
4.05816e-03,0.03,-0.01
4.05824e-03,0.03,0.07
4.05832e-03,0.05,-0.03
4.05840e-03,0.03,0.05
4.05848e-03,0.03,-0.01
4.05856e-03,0.03,0.05
4.05864e-03,0.03,-0.03
4.05872e-03,0.03,0.05
4.05880e-03,0.03,-0.01
4.05888e-03,0.05,0.05
4.05896e-03,0.03,-0.03
4.05904e-03,0.01,0.05
4.05912e-03,0.01,-0.03
4.05920e-03,0.03,0.05
4.05928e-03,0.01,-0.03
4.05936e-03,0.03,0.05
4.05944e-03,0.03,-0.03
4.05952e-03,0.03,0.05
4.05960e-03,0.03,-0.01
4.05968e-03,0.03,0.05
4.05976e-03,0.05,-0.03
4.05984e-03,0.03,0.05
4.05992e-03,0.03,-0.03
4.06000e-03,0.03,0.05
4.06008e-03,0.03,-0.03
4.06016e-03,0.03,0.05
4.06024e-03,0.01,-0.01
4.06032e-03,0.03,0.05
4.06040e-03,0.01,-0.03
4.06048e-03,0.03,0.05
4.06056e-03,0.03,-0.03
4.06064e-03,0.03,0.07
4.06072e-03,0.03,-0.03
4.06080e-03,0.03,0.07
4.06088e-03,0.03,-0.03
4.06096e-03,0.01,0.05
4.06104e-03,0.03,-0.03
4.06112e-03,0.03,0.05
4.06120e-03,0.03,-0.01
4.06128e-03,0.03,0.05
4.06136e-03,0.03,-0.03
4.06144e-03,0.03,0.05
4.06152e-03,0.03,-0.01
4.06160e-03,0.03,0.05
4.06168e-03,-0.01,-0.01
4.06176e-03,0.03,0.05
4.06184e-03,0.01,-0.03
4.06192e-03,0.03,0.05
4.06200e-03,0.01,-0.01
4.06208e-03,0.01,0.05
4.06216e-03,0.03,-0.03
4.06224e-03,0.03,0.05
4.06232e-03,0.03,-0.03
4.06240e-03,0.03,0.05
4.06248e-03,0.03,-0.03
4.06256e-03,0.01,0.05
4.06264e-03,0.03,-0.03
4.06272e-03,0.01,0.03
4.06280e-03,0.03,-0.03
4.06288e-03,0.03,0.03
4.06296e-03,0.01,-0.03
4.06304e-03,0.03,0.05
4.06312e-03,0.03,-0.01
4.06320e-03,0.03,0.05
4.06328e-03,0.03,-0.01
4.06336e-03,0.03,0.05
4.06344e-03,0.03,-0.01
4.06352e-03,0.01,0.05
4.06360e-03,0.03,-0.03
4.06368e-03,0.03,0.05
4.06376e-03,0.03,-0.03
4.06384e-03,0.01,0.05
4.06392e-03,0.03,-0.03
4.06400e-03,0.03,0.05
4.06408e-03,0.03,-0.01
4.06416e-03,0.05,0.05
4.06424e-03,0.01,-0.03
4.06432e-03,0.05,0.05
4.06440e-03,0.01,-0.03
4.06448e-03,0.01,0.07
4.06456e-03,0.01,-0.03
4.06464e-03,0.03,0.07
4.06472e-03,0.03,-0.03
4.06480e-03,0.01,0.05
4.06488e-03,0.03,-0.03
4.06496e-03,0.01,0.05
4.06504e-03,0.03,-0.01
4.06512e-03,0.03,0.05
4.06520e-03,0.03,-0.01
4.06528e-03,0.01,0.05
4.06536e-03,0.03,-0.01
4.06544e-03,0.03,0.05
4.06552e-03,0.01,-0.01
4.06560e-03,0.05,0.05
4.06568e-03,0.01,-0.03
4.06576e-03,0.03,0.05
4.06584e-03,0.03,-0.01
4.06592e-03,0.03,0.05
4.06600e-03,0.03,-0.01
4.06608e-03,0.03,0.05
4.06616e-03,0.03,-0.01
4.06624e-03,0.01,0.05
4.06632e-03,0.03,-0.01
4.06640e-03,0.03,0.07
4.06648e-03,0.03,-0.01
4.06656e-03,0.01,0.05
4.06664e-03,0.03,-0.01
4.06672e-03,0.03,0.05
4.06680e-03,0.01,-0.01
4.06688e-03,0.03,0.05
4.06696e-03,0.01,-0.01
4.06704e-03,0.03,0.05
4.06712e-03,0.03,-0.01
4.06720e-03,0.03,0.05
4.06728e-03,0.05,-0.01
4.06736e-03,0.03,0.05
4.06744e-03,0.03,-0.05
4.06752e-03,0.03,0.07
4.06760e-03,0.05,-0.01
4.06768e-03,0.01,0.07
4.06776e-03,0.03,-0.03
4.06784e-03,0.01,0.05
4.06792e-03,0.05,-0.01
4.06800e-03,0.03,0.05
4.06808e-03,0.03,-0.03
4.06816e-03,0.05,0.05
4.06824e-03,0.03,-0.01
4.06832e-03,0.03,0.05
4.06840e-03,0.03,-0.01
4.06848e-03,0.03,0.07
4.06856e-03,0.03,-0.01
4.06864e-03,0.03,0.07
4.06872e-03,0.03,-0.03
4.06880e-03,0.05,0.05
4.06888e-03,0.01,-0.01
4.06896e-03,0.01,0.05
4.06904e-03,0.03,-0.01
4.06912e-03,0.03,0.05
4.06920e-03,0.03,-0.03
4.06928e-03,0.03,0.05
4.06936e-03,0.01,-0.01
4.06944e-03,0.03,0.05
4.06952e-03,0.03,-0.01
4.06960e-03,0.03,0.05
4.06968e-03,0.03,-0.01
4.06976e-03,0.01,0.05
4.06984e-03,0.03,-0.01
4.06992e-03,0.01,0.05
4.07000e-03,0.03,-0.03
4.07008e-03,0.03,0.05
4.07016e-03,0.03,-0.03
4.07024e-03,0.03,0.05
4.07032e-03,0.05,-0.05
4.07040e-03,-0.01,0.05
4.07048e-03,0.03,-0.01
4.07056e-03,0.03,0.05
4.07064e-03,0.01,-0.03
4.07072e-03,0.03,0.05
4.07080e-03,0.03,-0.03
4.07088e-03,0.03,0.05
4.07096e-03,0.01,-0.01
4.07104e-03,0.01,0.05
4.07112e-03,-0.01,-0.01
4.07120e-03,0.03,0.05
4.07128e-03,0.03,-0.01
4.07136e-03,0.05,0.05
4.07144e-03,0.03,-0.03
4.07152e-03,0.01,0.05
4.07160e-03,0.05,-0.03
4.07168e-03,0.01,0.05
4.07176e-03,0.03,-0.01
4.07184e-03,0.03,0.05
4.07192e-03,0.03,-0.01
4.07200e-03,0.03,0.05
4.07208e-03,0.03,-0.01
4.07216e-03,0.03,0.05
4.07224e-03,0.01,-0.01
4.07232e-03,0.03,0.05
4.07240e-03,0.01,-0.01
4.07248e-03,0.03,0.05
4.07256e-03,0.03,-0.03
4.07264e-03,0.03,0.05
4.07272e-03,0.03,-0.03
4.07280e-03,0.01,0.05
4.07288e-03,0.05,-0.03
4.07296e-03,-0.01,0.05
4.07304e-03,0.03,-0.03
4.07312e-03,0.01,0.05
4.07320e-03,0.05,-0.03
4.07328e-03,0.05,0.05
4.07336e-03,0.05,-0.03
4.07344e-03,0.03,0.07
4.07352e-03,0.03,-0.03
4.07360e-03,0.03,0.05
4.07368e-03,0.01,-0.03
4.07376e-03,0.03,0.05
4.07384e-03,0.01,-0.03
4.07392e-03,0.03,0.07
4.07400e-03,0.03,-0.03
4.07408e-03,0.03,0.05
4.07416e-03,0.03,-0.03
4.07424e-03,0.01,0.05
4.07432e-03,0.03,-0.01
4.07440e-03,0.01,0.05
4.07448e-03,0.03,-0.01
4.07456e-03,0.03,0.05
4.07464e-03,0.03,-0.03
4.07472e-03,0.03,0.05
4.07480e-03,0.03,-0.01
4.07488e-03,0.01,0.05
4.07496e-03,0.03,-0.03
4.07504e-03,0.05,0.05
4.07512e-03,0.01,-0.03
4.07520e-03,0.03,0.05
4.07528e-03,0.03,-0.01
4.07536e-03,0.03,0.05
4.07544e-03,0.03,-0.01
4.07552e-03,0.01,0.05
4.07560e-03,0.03,-0.03
4.07568e-03,0.03,0.05
4.07576e-03,0.03,-0.01
4.07584e-03,0.03,0.05
4.07592e-03,0.03,-0.01
4.07600e-03,0.03,0.05
4.07608e-03,0.03,-0.03
4.07616e-03,0.03,0.05
4.07624e-03,0.03,-0.03
4.07632e-03,0.03,0.05
4.07640e-03,0.01,-0.01
4.07648e-03,0.05,0.05
4.07656e-03,0.01,-0.01
4.07664e-03,0.01,0.05
4.07672e-03,0.03,-0.01
4.07680e-03,0.03,0.05
4.07688e-03,0.05,-0.03
4.07696e-03,0.03,0.05
4.07704e-03,0.03,-0.01
4.07712e-03,0.01,0.07
4.07720e-03,0.03,-0.03
4.07728e-03,0.03,0.05
4.07736e-03,0.03,-0.01
4.07744e-03,0.03,0.05
4.07752e-03,0.03,-0.03
4.07760e-03,0.03,0.05
4.07768e-03,0.03,-0.01
4.07776e-03,0.05,0.05
4.07784e-03,0.01,-0.01
4.07792e-03,0.05,0.05
4.07800e-03,0.03,-0.03
4.07808e-03,0.01,0.05
4.07816e-03,0.03,-0.03
4.07824e-03,0.01,0.05
4.07832e-03,0.01,-0.03
4.07840e-03,0.03,0.05
4.07848e-03,0.03,-0.03
4.07856e-03,0.01,0.05
4.07864e-03,0.01,-0.03
4.07872e-03,0.05,0.05
4.07880e-03,0.01,-0.03
4.07888e-03,0.03,0.05
4.07896e-03,0.03,-0.03
4.07904e-03,0.05,0.05
4.07912e-03,0.01,-0.03
4.07920e-03,0.03,0.05
4.07928e-03,0.03,-0.01
4.07936e-03,0.03,0.05
4.07944e-03,0.05,-0.01
4.07952e-03,0.03,0.05
4.07960e-03,0.03,-0.01
4.07968e-03,0.03,0.05
4.07976e-03,0.03,-0.03
4.07984e-03,0.01,0.05
4.07992e-03,0.03,-0.03
4.08000e-03,0.03,0.05
4.08008e-03,0.05,-0.03
4.08016e-03,0.03,0.05
4.08024e-03,0.01,-0.03
4.08032e-03,0.05,0.05
4.08040e-03,0.03,-0.03
4.08048e-03,0.07,0.05
4.08056e-03,0.03,-0.03
4.08064e-03,0.01,0.07
4.08072e-03,0.07,-0.05
4.08080e-03,0.03,0.07
4.08088e-03,0.03,-0.03
4.08096e-03,0.01,0.07
4.08104e-03,0.01,-0.03
4.08112e-03,0.01,0.05
4.08120e-03,0.01,-0.03
4.08128e-03,0.03,0.05
4.08136e-03,0.03,-0.03
4.08144e-03,0.03,0.05
4.08152e-03,0.01,-0.03
4.08160e-03,0.03,0.05
4.08168e-03,0.01,-0.01
4.08176e-03,0.05,0.05
4.08184e-03,0.01,-0.05
4.08192e-03,0.01,0.05
4.08200e-03,0.01,-0.03
4.08208e-03,-0.01,0.05
4.08216e-03,0.03,-0.03
4.08224e-03,0.03,0.07
4.08232e-03,0.03,-0.03
4.08240e-03,0.01,0.07
4.08248e-03,0.03,-0.03
4.08256e-03,0.03,0.05
4.08264e-03,0.03,-0.03
4.08272e-03,0.01,0.03
4.08280e-03,0.01,-0.03
4.08288e-03,0.03,0.05
4.08296e-03,-0.01,-0.01
4.08304e-03,0.03,0.05
4.08312e-03,0.03,-0.01
4.08320e-03,0.03,0.05
4.08328e-03,0.01,-0.03
4.08336e-03,0.03,0.05
4.08344e-03,0.03,-0.01
4.08352e-03,0.03,0.05
4.08360e-03,0.03,-0.01
4.08368e-03,0.01,0.05
4.08376e-03,0.03,-0.01
4.08384e-03,0.03,0.05
4.08392e-03,0.03,-0.01
4.08400e-03,0.03,0.05
4.08408e-03,0.03,-0.03
4.08416e-03,0.03,0.05
4.08424e-03,0.01,-0.01
4.08432e-03,0.03,0.05
4.08440e-03,0.03,-0.01
4.08448e-03,0.01,0.05
4.08456e-03,0.03,-0.01
4.08464e-03,0.03,0.05
4.08472e-03,0.03,-0.03
4.08480e-03,0.03,0.05
4.08488e-03,0.03,-0.01
4.08496e-03,0.01,0.05
4.08504e-03,0.03,-0.01
4.08512e-03,0.03,0.05
4.08520e-03,0.03,-0.01
4.08528e-03,0.01,0.05
4.08536e-03,0.01,-0.03
4.08544e-03,0.03,0.05
4.08552e-03,0.01,-0.01
4.08560e-03,0.03,0.05
4.08568e-03,0.01,-0.01
4.08576e-03,0.03,0.05
4.08584e-03,0.01,-0.03
4.08592e-03,0.01,0.05
4.08600e-03,0.03,-0.01
4.08608e-03,0.03,0.05
4.08616e-03,0.01,-0.03
4.08624e-03,0.03,0.05
4.08632e-03,0.03,-0.01
4.08640e-03,0.01,0.05
4.08648e-03,0.03,-0.01
4.08656e-03,0.03,0.05
4.08664e-03,0.03,-0.03
4.08672e-03,0.03,0.05
4.08680e-03,0.01,-0.01
4.08688e-03,0.05,0.05
4.08696e-03,0.01,-0.01
4.08704e-03,0.03,0.05
4.08712e-03,0.01,-0.01
4.08720e-03,0.03,0.05
4.08728e-03,0.05,-0.01
4.08736e-03,0.03,0.05
4.08744e-03,0.03,-0.01
4.08752e-03,0.03,0.05
4.08760e-03,0.01,-0.01
4.08768e-03,0.01,0.05
4.08776e-03,0.05,-0.01
4.08784e-03,0.01,0.05
4.08792e-03,0.05,-0.03
4.08800e-03,0.01,0.05
4.08808e-03,0.03,-0.03
4.08816e-03,0.03,0.07
4.08824e-03,0.03,-0.03
4.08832e-03,0.03,0.05
4.08840e-03,0.03,-0.03
4.08848e-03,0.03,0.05
4.08856e-03,0.01,-0.03
4.08864e-03,0.03,0.07
4.08872e-03,0.03,-0.01
4.08880e-03,0.01,0.05
4.08888e-03,0.03,-0.01
4.08896e-03,0.03,0.05
4.08904e-03,0.03,-0.03
4.08912e-03,0.01,0.05
4.08920e-03,0.03,-0.01
4.08928e-03,0.03,0.05
4.08936e-03,0.03,-0.03
4.08944e-03,0.05,0.07
4.08952e-03,0.03,-0.01
4.08960e-03,0.03,0.05
4.08968e-03,0.03,-0.03
4.08976e-03,0.03,0.05
4.08984e-03,0.03,-0.01
4.08992e-03,0.03,0.05
4.09000e-03,0.03,-0.01
4.09008e-03,0.03,0.05
4.09016e-03,0.03,-0.01
4.09024e-03,0.03,0.05
4.09032e-03,0.03,-0.01
4.09040e-03,-0.01,0.05
4.09048e-03,0.05,-0.03
4.09056e-03,0.03,0.05
4.09064e-03,0.01,-0.01
4.09072e-03,0.03,0.05
4.09080e-03,0.03,-0.01
4.09088e-03,0.05,0.05
4.09096e-03,0.03,-0.03
4.09104e-03,0.03,0.07
4.09112e-03,0.01,-0.03
4.09120e-03,0.03,0.05
4.09128e-03,0.03,-0.03
4.09136e-03,0.03,0.05
4.09144e-03,0.03,-0.01
4.09152e-03,0.03,0.05
4.09160e-03,0.03,-0.03
4.09168e-03,0.01,0.05
4.09176e-03,0.03,-0.01
4.09184e-03,0.03,0.05
4.09192e-03,0.01,-0.03
4.09200e-03,0.03,0.05
4.09208e-03,0.03,-0.03
4.09216e-03,0.03,0.05
4.09224e-03,0.01,-0.01
4.09232e-03,0.03,0.05
4.09240e-03,0.01,-0.01
4.09248e-03,0.03,0.05
4.09256e-03,0.03,-0.03
4.09264e-03,0.05,0.05
4.09272e-03,0.05,-0.03
4.09280e-03,0.03,0.05
4.09288e-03,0.03,-0.01
4.09296e-03,0.01,0.05
4.09304e-03,0.03,-0.03
4.09312e-03,0.01,0.05
4.09320e-03,0.03,-0.01
4.09328e-03,0.01,0.05
4.09336e-03,0.01,-0.03
4.09344e-03,0.03,0.05
4.09352e-03,0.03,-0.03
4.09360e-03,0.03,0.05
4.09368e-03,0.03,-0.03
4.09376e-03,0.03,0.05
4.09384e-03,0.03,-0.03
4.09392e-03,0.03,0.05
4.09400e-03,0.03,-0.03
4.09408e-03,0.03,0.05
4.09416e-03,0.03,-0.01
4.09424e-03,0.01,0.05
4.09432e-03,0.05,-0.01
4.09440e-03,0.03,0.05
4.09448e-03,0.03,-0.01
4.09456e-03,0.01,0.05
4.09464e-03,0.03,-0.01
4.09472e-03,0.03,0.05
4.09480e-03,0.03,-0.01
4.09488e-03,0.03,0.05
4.09496e-03,0.03,-0.01
4.09504e-03,0.03,0.05
4.09512e-03,0.03,-0.03
4.09520e-03,0.03,0.05
4.09528e-03,0.03,-0.01
4.09536e-03,0.05,0.05
4.09544e-03,0.05,-0.03
4.09552e-03,0.03,0.05
4.09560e-03,0.05,-0.03
4.09568e-03,0.03,0.05
4.09576e-03,0.03,-0.03
4.09584e-03,0.03,0.05
4.09592e-03,0.03,-0.03
4.09600e-03,0.03,0.05
4.09608e-03,0.03,-0.03
4.09616e-03,0.03,0.05
4.09624e-03,0.01,-0.01
4.09632e-03,0.05,0.05
4.09640e-03,0.01,-0.01
4.09648e-03,0.03,0.05
4.09656e-03,0.01,-0.01
4.09664e-03,0.05,0.05
4.09672e-03,0.03,-0.01
4.09680e-03,0.03,0.05
4.09688e-03,0.05,-0.03
4.09696e-03,0.01,0.07
4.09704e-03,0.05,-0.01
4.09712e-03,0.03,0.05
4.09720e-03,0.03,-0.03
4.09728e-03,0.03,0.05
4.09736e-03,0.03,-0.01
4.09744e-03,0.01,0.05
4.09752e-03,0.01,-0.01
4.09760e-03,0.05,0.05
4.09768e-03,0.01,-0.01
4.09776e-03,0.03,0.05
4.09784e-03,0.03,-0.01
4.09792e-03,0.05,0.05
4.09800e-03,0.03,-0.01
4.09808e-03,0.03,0.05
4.09816e-03,0.05,-0.01
4.09824e-03,0.01,0.07
4.09832e-03,0.03,-0.01
4.09840e-03,0.03,0.05
4.09848e-03,0.03,-0.01
4.09856e-03,0.03,0.05
4.09864e-03,0.03,-0.01
4.09872e-03,0.01,0.05
4.09880e-03,0.03,-0.01
4.09888e-03,0.03,0.05
4.09896e-03,0.01,-0.01
4.09904e-03,0.03,0.05
4.09912e-03,0.01,-0.01
4.09920e-03,0.03,0.05
4.09928e-03,0.01,-0.01
4.09936e-03,0.03,0.05
4.09944e-03,0.03,-0.03
4.09952e-03,0.03,0.05
4.09960e-03,0.03,-0.01
4.09968e-03,0.01,0.05
4.09976e-03,0.01,-0.01
4.09984e-03,0.03,0.05
4.09992e-03,0.03,-0.03
4.10000e-03,0.05,0.07
4.10008e-03,0.01,-0.03
4.10016e-03,0.03,0.05
4.10024e-03,0.01,-0.03
4.10032e-03,0.05,0.05
4.10040e-03,0.03,-0.03
4.10048e-03,0.03,0.05
4.10056e-03,0.01,-0.01
4.10064e-03,0.03,0.05
4.10072e-03,0.03,-0.03
4.10080e-03,0.01,0.05
4.10088e-03,0.03,-0.01
4.10096e-03,0.01,0.05
4.10104e-03,0.03,-0.01
4.10112e-03,0.03,0.05
4.10120e-03,0.03,-0.03
4.10128e-03,0.03,0.05
4.10136e-03,0.01,-0.01
4.10144e-03,0.03,0.05
4.10152e-03,0.03,-0.03
4.10160e-03,0.03,0.05
4.10168e-03,-0.01,-0.03
4.10176e-03,0.03,0.07
4.10184e-03,0.01,-0.03
4.10192e-03,0.03,0.05
4.10200e-03,0.01,-0.03
4.10208e-03,0.03,0.05
4.10216e-03,0.03,-0.01
4.10224e-03,0.03,0.05
4.10232e-03,0.03,-0.01
4.10240e-03,0.03,0.05
4.10248e-03,0.03,-0.03
4.10256e-03,0.01,0.05
4.10264e-03,0.03,-0.03
4.10272e-03,0.03,0.05
4.10280e-03,0.03,-0.03
4.10288e-03,0.03,0.05
4.10296e-03,0.01,-0.03
4.10304e-03,0.03,0.05
4.10312e-03,0.03,-0.03
4.10320e-03,0.01,0.05
4.10328e-03,0.03,-0.03
4.10336e-03,0.01,0.05
4.10344e-03,0.03,-0.03
4.10352e-03,0.01,0.05
4.10360e-03,0.03,-0.01
4.10368e-03,0.01,0.05
4.10376e-03,0.03,-0.03
4.10384e-03,0.01,0.05
4.10392e-03,0.03,-0.03
4.10400e-03,0.03,0.05
4.10408e-03,0.03,-0.01
4.10416e-03,0.03,0.05
4.10424e-03,0.01,-0.03
4.10432e-03,0.03,0.03
4.10440e-03,0.01,-0.01
4.10448e-03,0.03,0.05
4.10456e-03,0.01,-0.01
4.10464e-03,0.03,0.05
4.10472e-03,0.03,-0.03
4.10480e-03,0.03,0.05
4.10488e-03,0.03,-0.01
4.10496e-03,0.03,0.05
4.10504e-03,0.01,-0.03
4.10512e-03,0.01,0.07
4.10520e-03,0.05,-0.03
4.10528e-03,0.03,0.07
4.10536e-03,0.03,-0.01
4.10544e-03,0.03,0.05
4.10552e-03,0.01,-0.01
4.10560e-03,0.03,0.05
4.10568e-03,0.03,-0.03
4.10576e-03,0.03,0.05
4.10584e-03,0.03,-0.03
4.10592e-03,0.03,0.05
4.10600e-03,0.03,-0.03
4.10608e-03,0.03,0.05
4.10616e-03,0.03,-0.01
4.10624e-03,0.03,0.05
4.10632e-03,0.03,-0.01
4.10640e-03,0.03,0.05
4.10648e-03,0.03,-0.01
4.10656e-03,0.01,0.05
4.10664e-03,0.03,-0.01
4.10672e-03,0.03,0.05
4.10680e-03,0.03,-0.01
4.10688e-03,0.05,0.05
4.10696e-03,0.01,-0.01
4.10704e-03,0.03,0.05
4.10712e-03,0.03,-0.03
4.10720e-03,0.03,0.05
4.10728e-03,0.03,-0.01
4.10736e-03,0.03,0.05
4.10744e-03,0.05,-0.01
4.10752e-03,0.03,0.05
4.10760e-03,0.03,-0.01
4.10768e-03,0.01,0.05
4.10776e-03,0.03,-0.03
4.10784e-03,0.01,0.05
4.10792e-03,0.03,-0.01
4.10800e-03,0.03,0.05
4.10808e-03,0.03,-0.03
4.10816e-03,0.03,0.05
4.10824e-03,0.01,-0.01
4.10832e-03,0.03,0.05
4.10840e-03,0.03,-0.03
4.10848e-03,0.05,0.05
4.10856e-03,0.05,-0.03
4.10864e-03,0.03,0.07
4.10872e-03,0.01,-0.03
4.10880e-03,0.01,0.07
4.10888e-03,0.01,-0.03
4.10896e-03,0.03,0.05
4.10904e-03,0.03,-0.03
4.10912e-03,0.03,0.07
4.10920e-03,0.01,-0.03
4.10928e-03,0.03,0.05
4.10936e-03,0.01,-0.03
4.10944e-03,0.05,0.05
4.10952e-03,0.01,-0.03
4.10960e-03,0.03,0.05
4.10968e-03,0.01,-0.01
4.10976e-03,0.03,0.05
4.10984e-03,0.01,-0.03
4.10992e-03,0.01,0.05
4.11000e-03,0.01,-0.03
4.11008e-03,0.03,0.05
4.11016e-03,0.03,-0.01
4.11024e-03,0.01,0.05
4.11032e-03,0.05,-0.01
4.11040e-03,0.03,0.05
4.11048e-03,0.03,-0.01
4.11056e-03,0.03,0.05
4.11064e-03,0.03,-0.03
4.11072e-03,0.03,0.05
4.11080e-03,0.03,-0.01
4.11088e-03,0.03,0.05
4.11096e-03,0.03,-0.03
4.11104e-03,0.03,0.05
4.11112e-03,0.03,-0.03
4.11120e-03,0.03,0.07
4.11128e-03,0.01,-0.01
4.11136e-03,0.05,0.07
4.11144e-03,0.05,-0.03
4.11152e-03,0.03,0.07
4.11160e-03,0.03,-0.03
4.11168e-03,0.01,0.05
4.11176e-03,0.03,-0.01
4.11184e-03,0.03,0.05
4.11192e-03,0.01,-0.01
4.11200e-03,0.03,0.05
4.11208e-03,0.01,-0.03
4.11216e-03,0.03,0.05
4.11224e-03,0.01,-0.01
4.11232e-03,0.03,0.05
4.11240e-03,0.03,-0.03
4.11248e-03,0.05,0.05
4.11256e-03,0.03,-0.01
4.11264e-03,0.01,0.05
4.11272e-03,0.03,-0.01
4.11280e-03,0.03,0.05
4.11288e-03,0.03,-0.03
4.11296e-03,0.01,0.05
4.11304e-03,0.03,-0.01
4.11312e-03,0.03,0.05
4.11320e-03,0.03,-0.03
4.11328e-03,0.03,0.05
4.11336e-03,0.01,-0.01
4.11344e-03,0.03,0.05
4.11352e-03,0.05,-0.03
4.11360e-03,0.03,0.05
4.11368e-03,0.01,-0.01
4.11376e-03,0.03,0.05
4.11384e-03,0.01,-0.03
4.11392e-03,0.03,0.05
4.11400e-03,0.03,-0.03
4.11408e-03,0.03,0.05
4.11416e-03,0.05,-0.03
4.11424e-03,0.03,0.05
4.11432e-03,0.05,-0.03
4.11440e-03,0.01,0.05
4.11448e-03,0.05,-0.03
4.11456e-03,0.03,0.05
4.11464e-03,0.03,-0.03
4.11472e-03,0.01,0.05
4.11480e-03,0.03,-0.03
4.11488e-03,0.03,0.05
4.11496e-03,0.03,-0.03
4.11504e-03,0.03,0.05
4.11512e-03,0.01,-0.03
4.11520e-03,0.03,0.05
4.11528e-03,0.01,-0.03
4.11536e-03,0.03,0.05
4.11544e-03,0.03,-0.03
4.11552e-03,0.01,0.05
4.11560e-03,0.03,-0.01
4.11568e-03,0.03,0.05
4.11576e-03,0.03,-0.01
4.11584e-03,0.03,0.05
4.11592e-03,0.03,-0.01
4.11600e-03,0.03,0.05
4.11608e-03,0.03,-0.03
4.11616e-03,0.03,0.05
4.11624e-03,0.03,-0.01
4.11632e-03,0.03,0.05
4.11640e-03,0.01,-0.01
4.11648e-03,0.03,0.05
4.11656e-03,0.03,-0.03
4.11664e-03,0.03,0.05
4.11672e-03,0.03,-0.03
4.11680e-03,0.03,0.05
4.11688e-03,0.05,-0.01
4.11696e-03,0.03,0.07
4.11704e-03,0.03,-0.03
4.11712e-03,0.03,0.05
4.11720e-03,0.03,-0.03
4.11728e-03,0.01,0.05
4.11736e-03,0.01,-0.03
4.11744e-03,0.03,0.05
4.11752e-03,0.01,-0.03
4.11760e-03,0.05,0.07
4.11768e-03,0.03,-0.03
4.11776e-03,0.03,0.07
4.11784e-03,0.01,-0.03
4.11792e-03,0.03,0.05
4.11800e-03,0.03,-0.01
4.11808e-03,0.01,0.05
4.11816e-03,0.03,-0.01
4.11824e-03,0.03,0.05
4.11832e-03,0.03,-0.01
4.11840e-03,0.03,0.05
4.11848e-03,0.03,-0.01
4.11856e-03,0.03,0.05
4.11864e-03,0.03,-0.01
4.11872e-03,0.03,0.05
4.11880e-03,0.03,-0.01
4.11888e-03,0.03,0.05
4.11896e-03,0.03,-0.01
4.11904e-03,0.03,0.05
4.11912e-03,0.03,-0.01
4.11920e-03,0.03,0.05
4.11928e-03,0.03,-0.01
4.11936e-03,0.03,0.05
4.11944e-03,0.05,-0.01
4.11952e-03,0.03,0.05
4.11960e-03,0.03,-0.01
4.11968e-03,0.03,0.05
4.11976e-03,0.03,-0.03
4.11984e-03,0.01,0.05
4.11992e-03,0.03,-0.03
4.12000e-03,0.01,0.05
4.12008e-03,0.05,-0.01
4.12016e-03,0.03,0.05
4.12024e-03,0.01,-0.03
4.12032e-03,0.01,0.05
4.12040e-03,0.03,-0.03
4.12048e-03,0.03,0.05
4.12056e-03,0.01,-0.03
4.12064e-03,0.01,0.05
4.12072e-03,0.03,-0.03
4.12080e-03,0.01,0.07
4.12088e-03,0.03,-0.03
4.12096e-03,0.01,0.05
4.12104e-03,0.03,-0.03
4.12112e-03,0.01,0.05
4.12120e-03,0.03,-0.03
4.12128e-03,0.01,0.05
4.12136e-03,0.01,-0.03
4.12144e-03,0.03,0.05
4.12152e-03,0.03,-0.03
4.12160e-03,0.05,0.05
4.12168e-03,0.01,-0.03
4.12176e-03,0.03,0.05
4.12184e-03,0.03,-0.01
4.12192e-03,0.03,0.05
4.12200e-03,0.01,-0.01
4.12208e-03,0.03,0.05
4.12216e-03,0.03,-0.03
4.12224e-03,0.03,0.05
4.12232e-03,0.05,-0.03
4.12240e-03,0.01,0.05
4.12248e-03,0.03,-0.05
4.12256e-03,0.03,0.07
4.12264e-03,0.03,-0.03
4.12272e-03,0.03,0.07
4.12280e-03,0.01,-0.03
4.12288e-03,0.03,0.05
4.12296e-03,0.03,-0.03
4.12304e-03,0.05,0.05
4.12312e-03,0.03,-0.01
4.12320e-03,0.03,0.05
4.12328e-03,0.03,-0.01
4.12336e-03,0.03,0.05
4.12344e-03,0.03,-0.03
4.12352e-03,0.01,0.05
4.12360e-03,0.03,-0.01
4.12368e-03,0.01,0.05
4.12376e-03,0.03,-0.01
4.12384e-03,0.01,0.05
4.12392e-03,0.03,-0.01
4.12400e-03,0.03,0.05
4.12408e-03,0.03,-0.03
4.12416e-03,0.03,0.05
4.12424e-03,0.03,-0.03
4.12432e-03,0.03,0.05
4.12440e-03,0.03,-0.01
4.12448e-03,0.03,0.05
4.12456e-03,0.01,-0.03
4.12464e-03,0.03,0.05
4.12472e-03,0.03,-0.03
4.12480e-03,0.03,0.05
4.12488e-03,0.05,-0.01
4.12496e-03,0.01,0.05
4.12504e-03,0.03,-0.03
4.12512e-03,0.01,0.05
4.12520e-03,0.03,-0.03
4.12528e-03,0.03,0.05
4.12536e-03,0.03,-0.01
4.12544e-03,0.03,0.05
4.12552e-03,0.03,-0.01
4.12560e-03,0.03,0.05
4.12568e-03,0.05,-0.01
4.12576e-03,0.03,0.05
4.12584e-03,0.03,-0.01
4.12592e-03,0.03,0.05
4.12600e-03,0.01,-0.01
4.12608e-03,0.01,0.05
4.12616e-03,0.03,-0.03
4.12624e-03,0.03,0.05
4.12632e-03,0.05,-0.05
4.12640e-03,0.03,0.07
4.12648e-03,0.01,-0.03
4.12656e-03,0.01,0.05
4.12664e-03,0.01,-0.05
4.12672e-03,0.03,0.07
4.12680e-03,0.01,-0.01
4.12688e-03,0.01,0.05
4.12696e-03,0.01,-0.03
4.12704e-03,0.01,0.05
4.12712e-03,0.03,-0.03
4.12720e-03,0.03,0.05
4.12728e-03,0.01,-0.03
4.12736e-03,0.01,0.05
4.12744e-03,0.03,-0.03
4.12752e-03,0.03,0.07
4.12760e-03,0.03,-0.01
4.12768e-03,0.01,0.05
4.12776e-03,0.03,-0.03
4.12784e-03,0.01,0.05
4.12792e-03,0.03,-0.01
4.12800e-03,0.03,0.05
4.12808e-03,0.01,-0.01
4.12816e-03,0.03,0.05
4.12824e-03,0.01,-0.01
4.12832e-03,0.05,0.05
4.12840e-03,0.01,-0.01
4.12848e-03,0.03,0.05
4.12856e-03,0.03,-0.01
4.12864e-03,0.03,0.05
4.12872e-03,0.03,-0.01
4.12880e-03,0.03,0.05
4.12888e-03,0.03,-0.01
4.12896e-03,0.01,0.05
4.12904e-03,0.05,-0.03
4.12912e-03,0.03,0.05
4.12920e-03,0.01,-0.01
4.12928e-03,0.03,0.05
4.12936e-03,0.03,-0.03
4.12944e-03,0.03,0.05
4.12952e-03,0.03,-0.01
4.12960e-03,0.03,0.05
4.12968e-03,0.01,-0.01
4.12976e-03,0.03,0.05
4.12984e-03,0.03,-0.03
4.12992e-03,0.03,0.05
4.13000e-03,0.03,-0.01
4.13008e-03,0.03,0.05
4.13016e-03,0.03,-0.03
4.13024e-03,0.01,0.05
4.13032e-03,0.05,-0.01
4.13040e-03,0.01,0.05
4.13048e-03,0.05,-0.03
4.13056e-03,0.01,0.05
4.13064e-03,0.03,-0.03
4.13072e-03,0.03,0.05
4.13080e-03,0.03,-0.03
4.13088e-03,0.03,0.05
4.13096e-03,0.01,-0.03
4.13104e-03,0.03,0.05
4.13112e-03,0.01,-0.03
4.13120e-03,0.03,0.05
4.13128e-03,0.01,-0.01
4.13136e-03,-0.01,0.05
4.13144e-03,0.03,-0.03
4.13152e-03,0.01,0.05
4.13160e-03,0.01,-0.03
4.13168e-03,0.03,0.05
4.13176e-03,0.03,-0.01
4.13184e-03,0.03,0.05
4.13192e-03,0.01,-0.03
4.13200e-03,0.03,0.05
4.13208e-03,0.05,-0.01
4.13216e-03,0.03,0.05
4.13224e-03,0.01,-0.03
4.13232e-03,0.03,0.05
4.13240e-03,0.01,-0.03
4.13248e-03,0.03,0.05
4.13256e-03,0.01,-0.03
4.13264e-03,0.03,0.05
4.13272e-03,0.03,-0.03
4.13280e-03,0.03,0.05
4.13288e-03,0.05,-0.01
4.13296e-03,0.03,0.05
4.13304e-03,0.03,-0.01
4.13312e-03,0.03,0.05
4.13320e-03,0.03,-0.03
4.13328e-03,0.03,0.03
4.13336e-03,0.05,-0.01
4.13344e-03,0.03,0.05
4.13352e-03,0.01,-0.01
4.13360e-03,0.03,0.05
4.13368e-03,0.01,-0.03
4.13376e-03,0.03,0.03
4.13384e-03,0.03,-0.01
4.13392e-03,0.03,0.05
4.13400e-03,0.03,-0.03
4.13408e-03,0.01,0.05
4.13416e-03,0.03,-0.01
4.13424e-03,0.03,0.05
4.13432e-03,0.01,-0.03
4.13440e-03,0.01,0.05
4.13448e-03,0.05,-0.03
4.13456e-03,0.03,0.05
4.13464e-03,0.03,-0.01
4.13472e-03,0.03,0.05
4.13480e-03,0.03,-0.03
4.13488e-03,0.03,0.03
4.13496e-03,0.03,-0.03
4.13504e-03,0.03,0.05
4.13512e-03,0.01,-0.03
4.13520e-03,0.03,0.05
4.13528e-03,0.03,-0.03
4.13536e-03,0.03,0.07
4.13544e-03,0.05,-0.03
4.13552e-03,0.01,0.05
4.13560e-03,0.03,-0.03
4.13568e-03,0.03,0.05
4.13576e-03,0.03,-0.01
4.13584e-03,0.03,0.05
4.13592e-03,0.03,-0.03
4.13600e-03,0.01,0.05
4.13608e-03,0.01,-0.01
4.13616e-03,0.03,0.05
4.13624e-03,0.01,-0.03
4.13632e-03,0.05,0.05
4.13640e-03,-0.01,-0.03
4.13648e-03,0.05,0.05
4.13656e-03,0.01,-0.03
4.13664e-03,0.03,0.05
4.13672e-03,0.01,-0.01
4.13680e-03,0.03,0.05
4.13688e-03,0.03,-0.01
4.13696e-03,0.03,0.05
4.13704e-03,0.03,-0.03
4.13712e-03,0.01,0.05
4.13720e-03,0.03,-0.01
4.13728e-03,0.01,0.05
4.13736e-03,0.03,-0.01
4.13744e-03,0.03,0.05
4.13752e-03,0.01,-0.01
4.13760e-03,0.03,0.05
4.13768e-03,0.03,-0.01
4.13776e-03,0.05,0.05
4.13784e-03,0.01,-0.01
4.13792e-03,0.01,0.05
4.13800e-03,0.03,-0.03
4.13808e-03,0.03,0.05
4.13816e-03,0.01,-0.03
4.13824e-03,0.01,0.07
4.13832e-03,0.03,-0.01
4.13840e-03,0.03,0.05
4.13848e-03,0.03,-0.03
4.13856e-03,0.01,0.05
4.13864e-03,0.03,-0.01
4.13872e-03,0.01,0.05
4.13880e-03,0.01,-0.03
4.13888e-03,0.03,0.05
4.13896e-03,0.01,-0.03
4.13904e-03,0.03,0.07
4.13912e-03,0.01,-0.03
4.13920e-03,0.03,0.05
4.13928e-03,0.03,-0.01
4.13936e-03,0.03,0.05
4.13944e-03,0.03,-0.01
4.13952e-03,0.03,0.05
4.13960e-03,0.03,-0.01
4.13968e-03,0.01,0.05
4.13976e-03,0.03,-0.03
4.13984e-03,0.03,0.05
4.13992e-03,0.03,-0.01
4.14000e-03,0.01,0.05
4.14008e-03,0.03,-0.01
4.14016e-03,0.03,0.05
4.14024e-03,0.03,-0.03
4.14032e-03,0.03,0.05
4.14040e-03,0.01,-0.03
4.14048e-03,0.03,0.05
4.14056e-03,-0.01,-0.01
4.14064e-03,0.03,0.05
4.14072e-03,0.05,-0.03
4.14080e-03,0.03,0.07
4.14088e-03,0.03,-0.03
4.14096e-03,-0.01,0.05
4.14104e-03,0.05,-0.03
4.14112e-03,0.01,0.05
4.14120e-03,0.03,-0.03
4.14128e-03,0.01,0.05
4.14136e-03,0.01,-0.03
4.14144e-03,0.03,0.05
4.14152e-03,0.01,-0.03
4.14160e-03,0.05,0.05
4.14168e-03,0.01,-0.01
4.14176e-03,0.05,0.05
4.14184e-03,0.03,-0.03
4.14192e-03,0.03,0.05
4.14200e-03,0.03,-0.03
4.14208e-03,0.03,0.05
4.14216e-03,0.03,-0.01
4.14224e-03,0.03,0.03
4.14232e-03,0.03,-0.01
4.14240e-03,0.01,0.05
4.14248e-03,0.03,-0.03
4.14256e-03,0.01,0.05
4.14264e-03,0.03,-0.01
4.14272e-03,0.03,0.05
4.14280e-03,0.03,-0.01
4.14288e-03,0.03,0.05
4.14296e-03,0.03,-0.01
4.14304e-03,0.03,0.05
4.14312e-03,0.03,-0.01
4.14320e-03,0.03,0.05
4.14328e-03,0.03,-0.03
4.14336e-03,0.01,0.05
4.14344e-03,0.03,-0.03
4.14352e-03,0.01,0.05
4.14360e-03,0.03,-0.03
4.14368e-03,0.03,0.05
4.14376e-03,0.03,-0.01
4.14384e-03,-0.01,0.05
4.14392e-03,0.05,-0.03
4.14400e-03,0.05,0.07
4.14408e-03,0.05,-0.05
4.14416e-03,0.03,0.07
4.14424e-03,0.01,-0.03
4.14432e-03,0.03,0.05
4.14440e-03,0.01,-0.01
4.14448e-03,0.03,0.05
4.14456e-03,0.01,-0.01
4.14464e-03,0.03,0.05
4.14472e-03,0.01,-0.01
4.14480e-03,0.03,0.05
4.14488e-03,0.03,-0.03
4.14496e-03,0.03,0.05
4.14504e-03,0.05,-0.01
4.14512e-03,0.03,0.05
4.14520e-03,0.03,-0.03
4.14528e-03,0.01,0.05
4.14536e-03,0.03,-0.01
4.14544e-03,0.03,0.05
4.14552e-03,0.01,-0.01
4.14560e-03,0.05,0.05
4.14568e-03,0.03,-0.03
4.14576e-03,0.03,0.05
4.14584e-03,0.03,-0.01
4.14592e-03,0.03,0.05
4.14600e-03,0.03,-0.01
4.14608e-03,0.03,0.05
4.14616e-03,0.03,-0.01
4.14624e-03,0.03,0.05
4.14632e-03,0.03,-0.03
4.14640e-03,0.03,0.05
4.14648e-03,0.03,-0.01
4.14656e-03,0.01,0.07
4.14664e-03,0.03,-0.01
4.14672e-03,0.03,0.05
4.14680e-03,0.03,-0.01
4.14688e-03,0.05,0.05
4.14696e-03,0.01,-0.01
4.14704e-03,0.03,0.05
4.14712e-03,0.03,-0.01
4.14720e-03,0.05,0.05
4.14728e-03,0.03,-0.01
4.14736e-03,0.03,0.05
4.14744e-03,0.03,-0.01
4.14752e-03,0.03,0.05
4.14760e-03,0.03,-0.01
4.14768e-03,0.03,0.05
4.14776e-03,0.05,-0.01
4.14784e-03,0.01,0.05
4.14792e-03,0.05,-0.03
4.14800e-03,0.03,0.05
4.14808e-03,0.03,-0.01
4.14816e-03,0.03,0.05
4.14824e-03,0.03,-0.01
4.14832e-03,0.01,0.05
4.14840e-03,0.03,-0.01
4.14848e-03,0.03,0.05
4.14856e-03,0.03,-0.03
4.14864e-03,0.05,0.05
4.14872e-03,0.03,-0.01
4.14880e-03,0.03,0.05
4.14888e-03,0.03,-0.01
4.14896e-03,0.01,0.05
4.14904e-03,0.05,-0.03
4.14912e-03,0.03,0.05
4.14920e-03,0.03,-0.01
4.14928e-03,0.05,0.05
4.14936e-03,0.03,-0.03
4.14944e-03,0.03,0.05
4.14952e-03,0.03,-0.03
4.14960e-03,0.03,0.05
4.14968e-03,0.03,-0.03
4.14976e-03,0.03,0.05
4.14984e-03,0.01,-0.03
4.14992e-03,0.03,0.07
4.15000e-03,0.03,-0.03
4.15008e-03,0.03,0.05
4.15016e-03,0.03,-0.03
4.15024e-03,0.01,0.05
4.15032e-03,0.05,-0.03
4.15040e-03,0.01,0.05
4.15048e-03,0.05,-0.01
4.15056e-03,0.01,0.05
4.15064e-03,0.03,-0.03
4.15072e-03,0.05,0.05
4.15080e-03,0.03,-0.01
4.15088e-03,0.01,0.05
4.15096e-03,0.01,-0.03
4.15104e-03,0.03,0.05
4.15112e-03,0.01,-0.03
4.15120e-03,0.03,0.05
4.15128e-03,0.05,-0.03
4.15136e-03,0.01,0.05
4.15144e-03,0.03,-0.01
4.15152e-03,0.01,0.05
4.15160e-03,0.03,-0.03
4.15168e-03,-0.01,0.05
4.15176e-03,0.03,-0.01
4.15184e-03,0.03,0.05
4.15192e-03,0.01,-0.03
4.15200e-03,0.03,0.05
4.15208e-03,0.01,-0.01
4.15216e-03,0.03,0.05
4.15224e-03,0.01,-0.03
4.15232e-03,0.03,0.07
4.15240e-03,0.03,-0.03
4.15248e-03,0.01,0.05
4.15256e-03,0.01,-0.01
4.15264e-03,0.03,0.05
4.15272e-03,0.03,-0.03
4.15280e-03,0.03,0.05
4.15288e-03,0.05,-0.03
4.15296e-03,-0.01,0.05
4.15304e-03,0.03,-0.03
4.15312e-03,0.01,0.05
4.15320e-03,0.01,-0.03
4.15328e-03,0.01,0.07
4.15336e-03,0.01,-0.03
4.15344e-03,0.03,0.05
4.15352e-03,0.03,-0.03
4.15360e-03,0.03,0.05
4.15368e-03,0.01,-0.01
4.15376e-03,0.03,0.05
4.15384e-03,0.01,-0.01
4.15392e-03,0.03,0.05
4.15400e-03,0.03,-0.01
4.15408e-03,0.03,0.05
4.15416e-03,0.05,-0.01
4.15424e-03,0.01,0.05
4.15432e-03,0.03,-0.03
4.15440e-03,0.01,0.05
4.15448e-03,0.03,-0.01
4.15456e-03,0.03,0.05
4.15464e-03,0.01,-0.01
4.15472e-03,0.03,0.05
4.15480e-03,0.01,-0.01
4.15488e-03,0.01,0.03
4.15496e-03,0.01,-0.01
4.15504e-03,0.05,0.05
4.15512e-03,0.01,-0.03
4.15520e-03,0.03,0.05
4.15528e-03,0.03,-0.01
4.15536e-03,0.01,0.05
4.15544e-03,0.03,-0.01
4.15552e-03,0.03,0.03
4.15560e-03,0.05,-0.03
4.15568e-03,0.03,0.05
4.15576e-03,0.01,-0.03
4.15584e-03,0.01,0.05
4.15592e-03,0.03,-0.01
4.15600e-03,0.03,0.07
4.15608e-03,0.03,-0.03
4.15616e-03,0.01,0.05
4.15624e-03,0.01,-0.03
4.15632e-03,0.03,0.05
4.15640e-03,0.03,-0.01
4.15648e-03,0.05,0.05
4.15656e-03,0.01,-0.03
4.15664e-03,0.03,0.05
4.15672e-03,0.03,-0.01
4.15680e-03,0.03,0.05
4.15688e-03,0.05,-0.01
4.15696e-03,0.03,0.05
4.15704e-03,0.05,-0.01
4.15712e-03,0.03,0.05
4.15720e-03,0.01,-0.03
4.15728e-03,0.03,0.05
4.15736e-03,0.03,-0.03
4.15744e-03,0.03,0.05
4.15752e-03,0.03,-0.01
4.15760e-03,0.03,0.05
4.15768e-03,0.01,-0.01
4.15776e-03,0.03,0.05
4.15784e-03,0.01,-0.01
4.15792e-03,0.03,0.07
4.15800e-03,0.03,-0.01
4.15808e-03,0.03,0.05
4.15816e-03,0.03,-0.03
4.15824e-03,0.03,0.05
4.15832e-03,0.05,-0.03
4.15840e-03,0.03,0.05
4.15848e-03,0.03,-0.01
4.15856e-03,0.01,0.05
4.15864e-03,0.03,-0.03
4.15872e-03,0.03,0.05
4.15880e-03,0.03,-0.01
4.15888e-03,0.05,0.05
4.15896e-03,0.01,-0.01
4.15904e-03,0.03,0.05
4.15912e-03,0.03,-0.01
4.15920e-03,0.03,0.05
4.15928e-03,0.03,-0.03
4.15936e-03,0.01,0.05
4.15944e-03,0.03,-0.01
4.15952e-03,0.01,0.05
4.15960e-03,0.05,-0.01
4.15968e-03,0.03,0.05
4.15976e-03,0.03,-0.03
4.15984e-03,0.03,0.05
4.15992e-03,0.03,-0.01
4.16000e-03,0.03,0.07
4.16008e-03,0.03,-0.03
4.16016e-03,0.03,0.05
4.16024e-03,0.03,-0.01
4.16032e-03,0.03,0.07
4.16040e-03,0.01,-0.01
4.16048e-03,0.03,0.05
4.16056e-03,0.03,-0.03
4.16064e-03,0.01,0.05
4.16072e-03,0.03,-0.03
4.16080e-03,0.03,0.05
4.16088e-03,0.03,-0.03
4.16096e-03,0.03,0.05
4.16104e-03,0.03,-0.01
4.16112e-03,0.03,0.05
4.16120e-03,0.03,-0.01
4.16128e-03,0.03,0.05
4.16136e-03,0.03,-0.03
4.16144e-03,0.03,0.05
4.16152e-03,-0.01,-0.01
4.16160e-03,0.01,0.05
4.16168e-03,0.01,-0.03
4.16176e-03,0.03,0.07
4.16184e-03,0.01,-0.01
4.16192e-03,0.03,0.07
4.16200e-03,0.03,-0.03
4.16208e-03,0.01,0.05
4.16216e-03,0.03,-0.01
4.16224e-03,0.01,0.05
4.16232e-03,0.03,-0.01
4.16240e-03,0.03,0.05
4.16248e-03,0.03,-0.01
4.16256e-03,0.03,0.05
4.16264e-03,0.03,-0.03
4.16272e-03,0.03,0.05
4.16280e-03,0.01,-0.03
4.16288e-03,0.03,0.05
4.16296e-03,0.01,-0.01
4.16304e-03,0.03,0.05
4.16312e-03,0.03,-0.01
4.16320e-03,0.01,0.05
4.16328e-03,0.03,-0.03
4.16336e-03,0.01,0.05
4.16344e-03,0.03,-0.01
4.16352e-03,0.01,0.05
4.16360e-03,0.03,-0.03
4.16368e-03,0.01,0.05
4.16376e-03,0.03,-0.03
4.16384e-03,0.01,0.05
4.16392e-03,0.03,-0.03
4.16400e-03,0.03,0.05
4.16408e-03,0.03,-0.03
4.16416e-03,0.03,0.05
4.16424e-03,0.01,-0.03
4.16432e-03,0.05,0.05
4.16440e-03,0.03,-0.03
4.16448e-03,0.03,0.05
4.16456e-03,0.01,-0.03
4.16464e-03,0.03,0.05
4.16472e-03,0.03,-0.03
4.16480e-03,0.01,0.05
4.16488e-03,0.03,-0.03
4.16496e-03,0.01,0.03
4.16504e-03,0.05,-0.03
4.16512e-03,0.01,0.05
4.16520e-03,0.03,-0.03
4.16528e-03,0.03,0.05
4.16536e-03,0.03,-0.03
4.16544e-03,0.03,0.05
4.16552e-03,0.03,-0.01
4.16560e-03,0.03,0.05
4.16568e-03,0.01,-0.01
4.16576e-03,0.01,0.05
4.16584e-03,0.03,-0.03
4.16592e-03,0.03,0.05
4.16600e-03,0.01,-0.03
4.16608e-03,0.03,0.05
4.16616e-03,0.03,-0.03
4.16624e-03,0.01,0.05
4.16632e-03,0.03,-0.03
4.16640e-03,0.01,0.05
4.16648e-03,0.03,-0.01
4.16656e-03,0.03,0.05
4.16664e-03,0.01,-0.03
4.16672e-03,0.03,0.05
4.16680e-03,0.03,-0.03
4.16688e-03,0.05,0.05
4.16696e-03,0.03,-0.03
4.16704e-03,0.05,0.05
4.16712e-03,0.03,-0.03
4.16720e-03,0.03,0.05
4.16728e-03,0.03,-0.01
4.16736e-03,0.03,0.05
4.16744e-03,0.03,-0.01
4.16752e-03,0.01,0.05
4.16760e-03,0.05,-0.01
4.16768e-03,0.01,0.05
4.16776e-03,0.03,-0.03
4.16784e-03,0.01,0.05
4.16792e-03,0.05,-0.01
4.16800e-03,0.03,0.05
4.16808e-03,0.03,-0.03
4.16816e-03,0.03,0.05
4.16824e-03,0.01,-0.03
4.16832e-03,0.03,0.05
4.16840e-03,0.01,-0.03
4.16848e-03,0.05,0.05
4.16856e-03,0.01,-0.03
4.16864e-03,0.01,0.05
4.16872e-03,0.03,-0.03
4.16880e-03,0.03,0.05
4.16888e-03,0.03,-0.01
4.16896e-03,0.01,0.05
4.16904e-03,0.03,-0.01
4.16912e-03,0.01,0.05
4.16920e-03,0.03,-0.03
4.16928e-03,0.01,0.05
4.16936e-03,0.03,-0.03
4.16944e-03,0.05,0.05
4.16952e-03,0.03,-0.03
4.16960e-03,0.03,0.05
4.16968e-03,0.03,-0.01
4.16976e-03,0.03,0.05
4.16984e-03,0.03,-0.03
4.16992e-03,0.05,0.05
4.17000e-03,0.03,-0.03
4.17008e-03,0.03,0.05
4.17016e-03,0.03,-0.03
4.17024e-03,0.01,0.05
4.17032e-03,0.07,-0.03
4.17040e-03,-0.01,0.07
4.17048e-03,0.01,-0.03
4.17056e-03,0.01,0.07
4.17064e-03,0.03,-0.03
4.17072e-03,0.05,0.07
4.17080e-03,0.01,-0.03
4.17088e-03,0.03,0.07
4.17096e-03,0.01,-0.01
4.17104e-03,0.03,0.05
4.17112e-03,0.01,-0.01
4.17120e-03,0.03,0.05
4.17128e-03,0.03,-0.01
4.17136e-03,0.03,0.05
4.17144e-03,0.03,-0.03
4.17152e-03,0.01,0.05
4.17160e-03,0.03,-0.03
4.17168e-03,0.01,0.05
4.17176e-03,0.03,-0.03
4.17184e-03,0.03,0.03
4.17192e-03,0.03,-0.01
4.17200e-03,0.03,0.05
4.17208e-03,0.01,-0.03
4.17216e-03,0.03,0.05
4.17224e-03,0.01,-0.01
4.17232e-03,0.03,0.05
4.17240e-03,0.01,-0.03
4.17248e-03,0.03,0.05
4.17256e-03,0.01,-0.03
4.17264e-03,0.01,0.05
4.17272e-03,0.03,-0.03
4.17280e-03,0.03,0.05
4.17288e-03,0.03,-0.01
4.17296e-03,0.01,0.05
4.17304e-03,0.03,-0.03
4.17312e-03,0.03,0.05
4.17320e-03,0.03,-0.03
4.17328e-03,0.01,0.05
4.17336e-03,0.03,-0.03
4.17344e-03,0.03,0.05
4.17352e-03,0.01,-0.03
4.17360e-03,0.03,0.05
4.17368e-03,0.01,-0.03
4.17376e-03,0.03,0.05
4.17384e-03,0.01,-0.01
4.17392e-03,0.03,0.05
4.17400e-03,0.03,-0.03
4.17408e-03,0.03,0.05
4.17416e-03,0.03,-0.03
4.17424e-03,0.01,0.05
4.17432e-03,0.03,-0.01
4.17440e-03,0.01,0.05
4.17448e-03,0.03,-0.01
4.17456e-03,0.03,0.05
4.17464e-03,0.03,-0.01
4.17472e-03,0.03,0.05
4.17480e-03,0.03,-0.01
4.17488e-03,0.03,0.05
4.17496e-03,0.01,-0.01
4.17504e-03,0.03,0.05
4.17512e-03,0.01,-0.03
4.17520e-03,0.03,0.05
4.17528e-03,0.03,-0.03
4.17536e-03,0.03,0.05
4.17544e-03,0.03,-0.01
4.17552e-03,0.03,0.05
4.17560e-03,0.01,-0.01
4.17568e-03,0.01,0.05
4.17576e-03,0.03,-0.01
4.17584e-03,0.03,0.05
4.17592e-03,0.03,-0.01
4.17600e-03,0.03,0.05
4.17608e-03,0.03,-0.01
4.17616e-03,0.03,0.05
4.17624e-03,0.01,-0.01
4.17632e-03,0.03,0.05
4.17640e-03,0.01,-0.01
4.17648e-03,0.03,0.05
4.17656e-03,0.03,-0.03
4.17664e-03,0.03,0.05
4.17672e-03,0.01,-0.03
4.17680e-03,0.01,0.05
4.17688e-03,0.03,-0.03
4.17696e-03,0.01,0.05
4.17704e-03,0.05,-0.03
4.17712e-03,0.03,0.05
4.17720e-03,0.05,-0.03
4.17728e-03,0.03,0.05
4.17736e-03,0.05,-0.03
4.17744e-03,0.01,0.05
4.17752e-03,0.03,-0.03
4.17760e-03,0.05,0.05
4.17768e-03,0.03,-0.01
4.17776e-03,0.05,0.07
4.17784e-03,0.03,-0.01
4.17792e-03,0.03,0.05
4.17800e-03,0.01,-0.03
4.17808e-03,0.03,0.05
4.17816e-03,0.03,-0.01
4.17824e-03,0.03,0.05
4.17832e-03,0.03,-0.03
4.17840e-03,0.01,0.05
4.17848e-03,0.05,-0.03
4.17856e-03,0.01,0.07
4.17864e-03,0.03,-0.01
4.17872e-03,0.01,0.05
4.17880e-03,0.03,-0.03
4.17888e-03,0.05,0.05
4.17896e-03,0.03,-0.03
4.17904e-03,0.03,0.07
4.17912e-03,0.01,-0.01
4.17920e-03,0.03,0.05
4.17928e-03,0.05,-0.03
4.17936e-03,0.03,0.07
4.17944e-03,0.05,-0.03
4.17952e-03,0.01,0.07
4.17960e-03,0.03,-0.03
4.17968e-03,0.01,0.05
4.17976e-03,0.03,-0.01
4.17984e-03,0.01,0.05
4.17992e-03,0.05,-0.03
4.18000e-03,0.03,0.05
4.18008e-03,0.03,-0.03
4.18016e-03,0.03,0.05
4.18024e-03,0.03,-0.01
4.18032e-03,0.03,0.05
4.18040e-03,0.01,-0.01
4.18048e-03,0.03,0.07
4.18056e-03,0.03,-0.03
4.18064e-03,0.05,0.05
4.18072e-03,0.03,-0.03
4.18080e-03,0.01,0.05
4.18088e-03,0.03,-0.03
4.18096e-03,0.01,0.05
4.18104e-03,0.03,-0.01
4.18112e-03,0.03,0.05
4.18120e-03,0.03,-0.03
4.18128e-03,-0.01,0.05
4.18136e-03,0.03,-0.01
4.18144e-03,0.05,0.05
4.18152e-03,0.01,-0.03
4.18160e-03,0.03,0.05
4.18168e-03,0.03,-0.03
4.18176e-03,0.03,0.05
4.18184e-03,0.03,-0.03
4.18192e-03,0.03,0.07
4.18200e-03,0.03,-0.01
4.18208e-03,0.01,0.05
4.18216e-03,0.03,-0.01
4.18224e-03,0.01,0.05
4.18232e-03,0.03,-0.01
4.18240e-03,0.01,0.05
4.18248e-03,0.03,-0.03
4.18256e-03,0.03,0.05
4.18264e-03,0.01,-0.01
4.18272e-03,0.03,0.05
4.18280e-03,-0.01,-0.01
4.18288e-03,0.03,0.05
4.18296e-03,0.03,-0.03
4.18304e-03,0.03,0.03
4.18312e-03,0.03,-0.03
4.18320e-03,0.03,0.05
4.18328e-03,0.03,-0.01
4.18336e-03,0.05,0.05
4.18344e-03,0.03,-0.01
4.18352e-03,0.03,0.05
4.18360e-03,0.05,-0.01
4.18368e-03,0.01,0.03
4.18376e-03,0.03,-0.03
4.18384e-03,0.01,0.05
4.18392e-03,0.03,-0.03
4.18400e-03,0.03,0.05
4.18408e-03,0.01,-0.01
4.18416e-03,0.03,0.05
4.18424e-03,0.01,-0.01
4.18432e-03,0.03,0.05
4.18440e-03,0.01,-0.01
4.18448e-03,0.03,0.05
4.18456e-03,0.03,-0.03
4.18464e-03,0.03,0.05
4.18472e-03,0.03,-0.03
4.18480e-03,0.01,0.05
4.18488e-03,0.03,-0.01
4.18496e-03,0.03,0.05
4.18504e-03,0.03,-0.03
4.18512e-03,0.01,0.03
4.18520e-03,0.03,-0.03
4.18528e-03,0.03,0.09
4.18536e-03,-0.01,-0.03
4.18544e-03,0.03,0.05
4.18552e-03,0.01,-0.03
4.18560e-03,0.01,0.05
4.18568e-03,0.03,-0.03
4.18576e-03,0.03,0.05
4.18584e-03,0.01,-0.03
4.18592e-03,0.03,0.05
4.18600e-03,0.03,-0.01
4.18608e-03,0.03,0.05
4.18616e-03,0.03,-0.01
4.18624e-03,0.03,0.05
4.18632e-03,0.03,-0.01
4.18640e-03,0.03,0.05
4.18648e-03,0.03,-0.01
4.18656e-03,0.05,0.07
4.18664e-03,0.01,-0.01
4.18672e-03,0.03,0.05
4.18680e-03,0.01,-0.01
4.18688e-03,0.03,0.05
4.18696e-03,0.01,-0.03
4.18704e-03,0.03,0.05
4.18712e-03,0.01,-0.03
4.18720e-03,0.03,0.05
4.18728e-03,0.03,-0.01
4.18736e-03,0.03,0.05
4.18744e-03,0.03,-0.01
4.18752e-03,0.03,0.05
4.18760e-03,0.03,-0.01
4.18768e-03,0.03,0.05
4.18776e-03,0.03,-0.03
4.18784e-03,0.03,0.05
4.18792e-03,0.01,-0.03
4.18800e-03,0.01,0.05
4.18808e-03,0.03,-0.03
4.18816e-03,0.05,0.05
4.18824e-03,0.03,-0.03
4.18832e-03,0.03,0.07
4.18840e-03,0.03,-0.03
4.18848e-03,0.03,0.05
4.18856e-03,0.01,-0.03
4.18864e-03,0.03,0.05
4.18872e-03,0.03,-0.03
4.18880e-03,0.03,0.05
4.18888e-03,0.03,-0.01
4.18896e-03,0.01,0.05
4.18904e-03,0.05,-0.03
4.18912e-03,0.01,0.05
4.18920e-03,0.03,-0.03
4.18928e-03,0.03,0.05
4.18936e-03,0.03,-0.03
4.18944e-03,0.03,0.05
4.18952e-03,0.03,-0.03
4.18960e-03,0.03,0.05
4.18968e-03,0.03,-0.03
4.18976e-03,0.03,0.05
4.18984e-03,0.01,-0.03
4.18992e-03,0.03,0.05
4.19000e-03,0.03,-0.01
4.19008e-03,0.01,0.05
4.19016e-03,0.03,-0.03
4.19024e-03,0.01,0.05
4.19032e-03,0.03,-0.01
4.19040e-03,0.01,0.05
4.19048e-03,0.03,-0.01
4.19056e-03,0.03,0.05
4.19064e-03,0.01,-0.01
4.19072e-03,0.03,0.05
4.19080e-03,0.03,-0.01
4.19088e-03,0.03,0.05
4.19096e-03,0.03,-0.03
4.19104e-03,0.05,0.05
4.19112e-03,0.03,-0.03
4.19120e-03,0.03,0.05
4.19128e-03,0.03,-0.03
4.19136e-03,0.03,0.05
4.19144e-03,0.03,-0.01
4.19152e-03,0.01,0.05
4.19160e-03,0.03,-0.03
4.19168e-03,0.01,0.05
4.19176e-03,0.03,-0.03
4.19184e-03,0.03,0.05
4.19192e-03,0.03,-0.01
4.19200e-03,0.01,0.05
4.19208e-03,0.05,-0.03
4.19216e-03,0.03,0.05
4.19224e-03,0.03,-0.03
4.19232e-03,0.03,0.05
4.19240e-03,0.03,-0.03
4.19248e-03,0.03,0.05
4.19256e-03,0.01,-0.01
4.19264e-03,0.01,0.05
4.19272e-03,0.03,-0.03
4.19280e-03,0.01,0.05
4.19288e-03,0.03,-0.01
4.19296e-03,0.01,0.05
4.19304e-03,0.03,-0.01
4.19312e-03,0.01,0.05
4.19320e-03,0.03,-0.01
4.19328e-03,0.01,0.05
4.19336e-03,0.03,-0.03
4.19344e-03,0.03,0.05
4.19352e-03,0.03,-0.01
4.19360e-03,0.05,0.05
4.19368e-03,0.03,-0.03
4.19376e-03,0.05,0.05
4.19384e-03,0.01,-0.03
4.19392e-03,0.03,0.05
4.19400e-03,0.03,-0.03
4.19408e-03,0.03,0.05
4.19416e-03,0.03,-0.03
4.19424e-03,0.01,0.05
4.19432e-03,0.03,-0.01
4.19440e-03,0.03,0.05
4.19448e-03,0.03,-0.03
4.19456e-03,0.01,0.05
4.19464e-03,0.03,-0.01
4.19472e-03,0.03,0.05
4.19480e-03,0.01,-0.01
4.19488e-03,0.03,0.05
4.19496e-03,0.03,-0.03
4.19504e-03,0.03,0.05
4.19512e-03,0.01,-0.03
4.19520e-03,0.03,0.05
4.19528e-03,0.05,-0.01
4.19536e-03,0.01,0.05
4.19544e-03,0.03,-0.03
4.19552e-03,0.01,0.05
4.19560e-03,0.03,-0.01
4.19568e-03,0.01,0.03
4.19576e-03,0.03,-0.01
4.19584e-03,0.03,0.05
4.19592e-03,0.03,-0.01
4.19600e-03,0.03,0.05
4.19608e-03,0.03,-0.03
4.19616e-03,0.03,0.05
4.19624e-03,0.01,-0.01
4.19632e-03,0.03,0.05
4.19640e-03,0.01,-0.03
4.19648e-03,0.03,0.05
4.19656e-03,0.03,-0.01
4.19664e-03,0.01,0.05
4.19672e-03,0.01,-0.03
4.19680e-03,0.01,0.05
4.19688e-03,0.05,-0.03
4.19696e-03,0.03,0.05
4.19704e-03,0.03,-0.03
4.19712e-03,0.01,0.07
4.19720e-03,0.03,-0.03
4.19728e-03,0.01,0.07
4.19736e-03,0.03,-0.03
4.19744e-03,0.03,0.05
4.19752e-03,0.03,-0.03
4.19760e-03,0.05,0.05
4.19768e-03,0.01,-0.03
4.19776e-03,0.03,0.05
4.19784e-03,0.01,-0.03
4.19792e-03,0.03,0.05
4.19800e-03,0.03,-0.01
4.19808e-03,0.03,0.05
4.19816e-03,0.05,-0.01
4.19824e-03,0.01,0.05
4.19832e-03,0.03,-0.03
4.19840e-03,0.03,0.05
4.19848e-03,0.03,-0.03
4.19856e-03,0.03,0.05
4.19864e-03,0.03,-0.01
4.19872e-03,0.03,0.05
4.19880e-03,0.03,-0.03
4.19888e-03,0.05,0.05
4.19896e-03,0.01,-0.01
4.19904e-03,0.03,0.05
4.19912e-03,0.03,-0.03
4.19920e-03,0.03,0.05
4.19928e-03,0.03,-0.03
4.19936e-03,0.01,0.05
4.19944e-03,0.03,-0.01
4.19952e-03,0.01,0.05
4.19960e-03,0.03,-0.03
4.19968e-03,0.01,0.05
4.19976e-03,0.03,-0.03
4.19984e-03,0.03,0.07
4.19992e-03,0.05,-0.03
4.20000e-03,0.03,0.05
4.20008e-03,0.03,-0.03
4.20016e-03,0.01,0.05
4.20024e-03,0.03,-0.01
4.20032e-03,0.03,0.05
4.20040e-03,0.01,-0.03
4.20048e-03,0.03,0.05
4.20056e-03,0.03,-0.03
4.20064e-03,0.05,0.05
4.20072e-03,0.03,-0.03
4.20080e-03,0.03,0.05
4.20088e-03,0.03,-0.01
4.20096e-03,0.01,0.05
4.20104e-03,0.05,-0.01
4.20112e-03,0.01,0.05
4.20120e-03,0.05,-0.03
4.20128e-03,0.03,0.05
4.20136e-03,0.01,-0.03
4.20144e-03,0.03,0.05
4.20152e-03,0.03,-0.03
4.20160e-03,0.03,0.05
4.20168e-03,0.03,-0.03
4.20176e-03,0.01,0.05
4.20184e-03,0.03,-0.03
4.20192e-03,0.03,0.07
4.20200e-03,0.03,-0.01
4.20208e-03,0.01,0.05
4.20216e-03,0.03,-0.01
4.20224e-03,0.03,0.05
4.20232e-03,0.03,-0.03
4.20240e-03,0.03,0.05
4.20248e-03,0.05,-0.01
4.20256e-03,0.03,0.05
4.20264e-03,0.03,-0.01
4.20272e-03,0.03,0.05
4.20280e-03,0.01,-0.03
4.20288e-03,0.03,0.05
4.20296e-03,0.01,-0.03
4.20304e-03,0.03,0.05
4.20312e-03,0.01,-0.03
4.20320e-03,0.03,0.05
4.20328e-03,0.03,-0.03
4.20336e-03,0.03,0.05
4.20344e-03,0.03,-0.03
4.20352e-03,0.01,0.05
4.20360e-03,0.03,-0.01
4.20368e-03,0.01,0.05
4.20376e-03,0.03,-0.03
4.20384e-03,0.03,0.05
4.20392e-03,0.03,-0.01
4.20400e-03,0.03,0.05
4.20408e-03,0.01,-0.03
4.20416e-03,0.05,0.05
4.20424e-03,0.01,-0.01
4.20432e-03,0.05,0.05
4.20440e-03,0.03,-0.01
4.20448e-03,0.03,0.05
4.20456e-03,0.03,-0.03
4.20464e-03,0.03,0.05
4.20472e-03,0.03,-0.01
4.20480e-03,0.03,0.05
4.20488e-03,0.05,-0.01
4.20496e-03,0.03,0.05
4.20504e-03,0.05,-0.03
4.20512e-03,0.03,0.05
4.20520e-03,0.03,-0.01
4.20528e-03,0.01,0.05
4.20536e-03,0.05,-0.01
4.20544e-03,0.03,0.05
4.20552e-03,-0.01,-0.03
4.20560e-03,0.01,0.05
4.20568e-03,0.01,-0.03
4.20576e-03,0.03,0.07
4.20584e-03,0.01,-0.03
4.20592e-03,0.03,0.05
4.20600e-03,0.03,-0.03
4.20608e-03,0.05,0.07
4.20616e-03,0.03,-0.03
4.20624e-03,0.03,0.07
4.20632e-03,0.03,-0.03
4.20640e-03,0.01,0.05
4.20648e-03,0.03,-0.03
4.20656e-03,0.03,0.05
4.20664e-03,0.05,-0.01
4.20672e-03,0.03,0.05
4.20680e-03,0.03,-0.03
4.20688e-03,0.03,0.05
4.20696e-03,0.01,-0.01
4.20704e-03,0.03,0.05
4.20712e-03,0.03,-0.01
4.20720e-03,0.01,0.05
4.20728e-03,0.03,-0.03
4.20736e-03,0.03,0.05
4.20744e-03,0.03,-0.01
4.20752e-03,0.03,0.05
4.20760e-03,0.03,-0.01
4.20768e-03,-0.01,0.05
4.20776e-03,0.03,-0.03
4.20784e-03,0.01,0.05
4.20792e-03,0.03,-0.01
4.20800e-03,0.01,0.05
4.20808e-03,0.01,-0.01
4.20816e-03,0.03,0.05
4.20824e-03,0.03,-0.03
4.20832e-03,0.03,0.05
4.20840e-03,0.03,-0.01
4.20848e-03,0.05,0.05
4.20856e-03,0.03,-0.03
4.20864e-03,0.01,0.05
4.20872e-03,0.01,-0.01
4.20880e-03,0.01,0.05
4.20888e-03,0.03,-0.01
4.20896e-03,-0.01,0.05
4.20904e-03,0.03,-0.03
4.20912e-03,0.03,0.05
4.20920e-03,0.03,-0.01
4.20928e-03,0.03,0.05
4.20936e-03,0.01,-0.03
4.20944e-03,0.03,0.07
4.20952e-03,0.03,-0.03
4.20960e-03,0.05,0.05
4.20968e-03,0.05,-0.01
4.20976e-03,0.03,0.05
4.20984e-03,0.01,-0.03
4.20992e-03,0.03,0.05
4.21000e-03,0.03,-0.01
4.21008e-03,0.03,0.05
4.21016e-03,0.05,-0.01
4.21024e-03,0.01,0.05
4.21032e-03,0.01,-0.01
4.21040e-03,0.01,0.05
4.21048e-03,0.05,-0.01
4.21056e-03,0.03,0.05
4.21064e-03,0.01,-0.01
4.21072e-03,0.01,0.05
4.21080e-03,0.01,-0.01
4.21088e-03,0.01,0.05
4.21096e-03,0.03,-0.01
4.21104e-03,0.03,0.05
4.21112e-03,0.01,-0.01
4.21120e-03,0.03,0.05
4.21128e-03,0.03,-0.01
4.21136e-03,0.03,0.05
4.21144e-03,0.03,-0.01
4.21152e-03,0.03,0.05
4.21160e-03,0.01,-0.01
4.21168e-03,0.01,0.05
4.21176e-03,0.03,-0.01
4.21184e-03,0.03,0.03
4.21192e-03,0.01,-0.03
4.21200e-03,0.03,0.05
4.21208e-03,0.01,-0.03
4.21216e-03,0.03,0.05
4.21224e-03,0.01,-0.03
4.21232e-03,0.03,0.05
4.21240e-03,0.01,-0.03
4.21248e-03,0.03,0.05
4.21256e-03,0.01,-0.03
4.21264e-03,0.03,0.05
4.21272e-03,0.03,-0.03
4.21280e-03,0.03,0.05
4.21288e-03,0.03,-0.03
4.21296e-03,0.03,0.05
4.21304e-03,0.05,-0.03
4.21312e-03,0.03,0.05
4.21320e-03,0.01,-0.01
4.21328e-03,0.03,0.05
4.21336e-03,0.01,-0.03
4.21344e-03,0.03,0.05
4.21352e-03,0.01,-0.01
4.21360e-03,0.03,0.05
4.21368e-03,0.01,-0.01
4.21376e-03,0.05,0.05
4.21384e-03,0.01,-0.03
4.21392e-03,0.03,0.05
4.21400e-03,0.03,-0.01
4.21408e-03,0.01,0.05
4.21416e-03,0.03,-0.03
4.21424e-03,-0.01,0.05
4.21432e-03,0.01,-0.03
4.21440e-03,0.03,0.05
4.21448e-03,0.05,-0.03
4.21456e-03,0.03,0.05
4.21464e-03,0.01,-0.03
4.21472e-03,0.03,0.07
4.21480e-03,0.03,-0.03
4.21488e-03,0.03,0.05
4.21496e-03,0.01,-0.03
4.21504e-03,0.03,0.07
4.21512e-03,0.01,-0.03
4.21520e-03,0.03,0.07
4.21528e-03,0.01,-0.03
4.21536e-03,0.01,0.05
4.21544e-03,0.03,-0.01
4.21552e-03,0.01,0.05
4.21560e-03,0.03,-0.03
4.21568e-03,0.03,0.05
4.21576e-03,0.03,-0.03
4.21584e-03,0.01,0.05
4.21592e-03,0.03,-0.03
4.21600e-03,0.03,0.05
4.21608e-03,0.01,-0.03
4.21616e-03,0.03,0.05
4.21624e-03,0.01,-0.03
4.21632e-03,0.03,0.05
4.21640e-03,0.01,-0.01
4.21648e-03,0.03,0.05
4.21656e-03,0.01,-0.01
4.21664e-03,0.03,0.05
4.21672e-03,0.03,-0.03
4.21680e-03,0.01,0.05
4.21688e-03,0.03,-0.03
4.21696e-03,0.01,0.05
4.21704e-03,0.03,-0.03
4.21712e-03,0.01,0.05
4.21720e-03,0.03,-0.01
4.21728e-03,0.03,0.05
4.21736e-03,0.01,-0.03
4.21744e-03,0.03,0.05
4.21752e-03,0.01,-0.01
4.21760e-03,0.05,0.05
4.21768e-03,0.01,-0.01
4.21776e-03,0.03,0.05
4.21784e-03,0.01,-0.01
4.21792e-03,0.03,0.05
4.21800e-03,0.01,-0.01
4.21808e-03,0.03,0.05
4.21816e-03,0.03,-0.01
4.21824e-03,0.03,0.05
4.21832e-03,0.03,-0.03
4.21840e-03,0.03,0.05
4.21848e-03,0.03,-0.03
4.21856e-03,0.03,0.05
4.21864e-03,0.03,-0.01
4.21872e-03,0.03,0.05
4.21880e-03,0.01,-0.01
4.21888e-03,0.05,0.05
4.21896e-03,0.03,-0.01
4.21904e-03,0.03,0.07
4.21912e-03,0.03,-0.01
4.21920e-03,0.03,0.05
4.21928e-03,0.03,-0.01
4.21936e-03,0.03,0.05
4.21944e-03,0.03,-0.01
4.21952e-03,0.01,0.05
4.21960e-03,0.03,-0.03
4.21968e-03,0.03,0.05
4.21976e-03,0.05,-0.03
4.21984e-03,0.03,0.05
4.21992e-03,0.05,-0.03
4.22000e-03,0.03,0.05
4.22008e-03,0.05,-0.03
4.22016e-03,0.03,0.05
4.22024e-03,0.01,-0.01
4.22032e-03,0.03,0.05
4.22040e-03,0.03,-0.01
4.22048e-03,0.03,0.05
4.22056e-03,0.03,-0.03
4.22064e-03,0.01,0.05
4.22072e-03,0.03,-0.01
4.22080e-03,0.01,0.05
4.22088e-03,0.03,-0.03
4.22096e-03,0.01,0.05
4.22104e-03,0.03,-0.01
4.22112e-03,0.01,0.05
4.22120e-03,0.03,-0.01
4.22128e-03,0.03,0.05
4.22136e-03,0.03,-0.01
4.22144e-03,0.03,0.05
4.22152e-03,0.01,-0.01
4.22160e-03,0.03,0.05
4.22168e-03,0.03,-0.03
4.22176e-03,0.05,0.05
4.22184e-03,0.03,-0.01
4.22192e-03,0.01,0.05
4.22200e-03,0.01,-0.03
4.22208e-03,0.03,0.05
4.22216e-03,0.03,-0.03
4.22224e-03,0.03,0.05
4.22232e-03,0.03,-0.03
4.22240e-03,0.01,0.05
4.22248e-03,0.03,-0.03
4.22256e-03,0.03,0.05
4.22264e-03,0.01,-0.03
4.22272e-03,0.03,0.05
4.22280e-03,0.01,-0.01
4.22288e-03,0.03,0.05
4.22296e-03,0.01,-0.01
4.22304e-03,0.05,0.05
4.22312e-03,0.05,-0.01
4.22320e-03,0.01,0.05
4.22328e-03,0.01,-0.03
4.22336e-03,0.01,0.05
4.22344e-03,0.03,-0.03
4.22352e-03,0.01,0.05
4.22360e-03,0.03,-0.03
4.22368e-03,0.01,0.07
4.22376e-03,0.03,-0.03
4.22384e-03,0.03,0.05
4.22392e-03,0.01,-0.01
4.22400e-03,0.03,0.05
4.22408e-03,0.01,-0.01
4.22416e-03,0.05,0.05
4.22424e-03,0.01,-0.03
4.22432e-03,0.05,0.05
4.22440e-03,0.03,-0.03
4.22448e-03,0.03,0.05
4.22456e-03,0.01,-0.03
4.22464e-03,0.03,0.05
4.22472e-03,0.03,-0.03
4.22480e-03,0.01,0.05
4.22488e-03,0.03,-0.03
4.22496e-03,0.01,0.05
4.22504e-03,0.03,-0.03
4.22512e-03,0.03,0.05
4.22520e-03,0.03,-0.03
4.22528e-03,0.03,0.05
4.22536e-03,0.01,-0.03
4.22544e-03,0.03,0.05
4.22552e-03,0.03,-0.01
4.22560e-03,0.03,0.05
4.22568e-03,0.01,-0.01
4.22576e-03,0.03,0.05
4.22584e-03,0.03,-0.03
4.22592e-03,0.05,0.05
4.22600e-03,0.03,-0.03
4.22608e-03,0.01,0.07
4.22616e-03,0.03,-0.03
4.22624e-03,0.01,0.05
4.22632e-03,0.03,-0.01
4.22640e-03,0.03,0.05
4.22648e-03,0.03,-0.01
4.22656e-03,0.03,0.05
4.22664e-03,0.03,-0.01
4.22672e-03,0.05,0.05
4.22680e-03,0.01,-0.03
4.22688e-03,0.03,0.05
4.22696e-03,0.01,-0.05
4.22704e-03,0.03,0.07
4.22712e-03,0.05,-0.03
4.22720e-03,0.03,0.07
4.22728e-03,0.01,-0.01
4.22736e-03,0.03,0.05
4.22744e-03,0.03,-0.03
4.22752e-03,0.01,0.05
4.22760e-03,0.03,-0.03
4.22768e-03,0.03,0.05
4.22776e-03,0.03,-0.01
4.22784e-03,0.01,0.05
4.22792e-03,0.03,-0.01
4.22800e-03,0.01,0.05
4.22808e-03,0.03,-0.03
4.22816e-03,0.03,0.05
4.22824e-03,0.01,-0.01
4.22832e-03,0.03,0.05
4.22840e-03,0.03,-0.03
4.22848e-03,0.03,0.05
4.22856e-03,0.03,-0.01
4.22864e-03,0.01,0.05
4.22872e-03,0.03,-0.01
4.22880e-03,0.01,0.05
4.22888e-03,0.03,-0.03
4.22896e-03,0.01,0.05
4.22904e-03,0.05,-0.03
4.22912e-03,0.03,0.05
4.22920e-03,0.01,-0.03
4.22928e-03,0.01,0.07
4.22936e-03,0.05,-0.01
4.22944e-03,0.05,0.07
4.22952e-03,0.01,-0.03
4.22960e-03,0.03,0.05
4.22968e-03,0.03,-0.01
4.22976e-03,0.03,0.05
4.22984e-03,0.03,-0.01
4.22992e-03,0.03,0.05
4.23000e-03,0.03,-0.03
4.23008e-03,0.03,0.05
4.23016e-03,0.03,-0.01
4.23024e-03,0.03,0.05
4.23032e-03,0.03,-0.03
4.23040e-03,0.01,0.05
4.23048e-03,0.03,-0.01
4.23056e-03,0.03,0.05
4.23064e-03,0.03,-0.01
4.23072e-03,0.01,0.05
4.23080e-03,0.03,-0.03
4.23088e-03,0.01,0.05
4.23096e-03,0.01,-0.03
4.23104e-03,0.05,0.05
4.23112e-03,0.01,-0.03
4.23120e-03,0.03,0.05
4.23128e-03,0.03,-0.01
4.23136e-03,0.01,0.05
4.23144e-03,0.03,-0.01
4.23152e-03,0.01,0.05
4.23160e-03,0.05,-0.03
4.23168e-03,0.03,0.05
4.23176e-03,0.01,-0.03
4.23184e-03,-0.01,0.05
4.23192e-03,0.01,-0.01
4.23200e-03,0.01,0.05
4.23208e-03,0.03,-0.03
4.23216e-03,0.03,0.05
4.23224e-03,0.05,-0.03
4.23232e-03,0.01,0.05
4.23240e-03,0.01,-0.03
4.23248e-03,0.03,0.07
4.23256e-03,0.03,-0.03
4.23264e-03,0.03,0.05
4.23272e-03,0.01,-0.01
4.23280e-03,0.03,0.05
4.23288e-03,0.03,-0.03
4.23296e-03,0.03,0.05
4.23304e-03,0.03,-0.01
4.23312e-03,0.01,0.05
4.23320e-03,0.03,-0.03
4.23328e-03,0.03,0.05
4.23336e-03,0.03,-0.03
4.23344e-03,0.03,0.05
4.23352e-03,0.03,-0.03
4.23360e-03,0.03,0.05
4.23368e-03,0.01,-0.01
4.23376e-03,0.03,0.05
4.23384e-03,0.01,-0.01
4.23392e-03,0.03,0.03
4.23400e-03,0.03,-0.03
4.23408e-03,0.03,0.05
4.23416e-03,0.01,-0.01
4.23424e-03,0.01,0.05
4.23432e-03,0.03,-0.03
4.23440e-03,0.03,0.05
4.23448e-03,0.03,-0.01
4.23456e-03,0.03,0.05
4.23464e-03,0.03,-0.03
4.23472e-03,0.03,0.05
4.23480e-03,0.01,-0.03
4.23488e-03,0.01,0.05
4.23496e-03,0.01,-0.03
4.23504e-03,0.03,0.05
4.23512e-03,0.03,-0.01
4.23520e-03,0.03,0.05
4.23528e-03,0.01,-0.03
4.23536e-03,0.01,0.05
4.23544e-03,0.03,-0.03
4.23552e-03,0.03,0.05
4.23560e-03,0.03,-0.01
4.23568e-03,0.05,0.05
4.23576e-03,0.03,-0.01
4.23584e-03,0.03,0.05
4.23592e-03,0.03,-0.01
4.23600e-03,0.01,0.05
4.23608e-03,0.03,-0.03
4.23616e-03,0.03,0.05
4.23624e-03,0.03,-0.01
4.23632e-03,0.03,0.05
4.23640e-03,0.03,-0.01
4.23648e-03,0.03,0.05
4.23656e-03,0.03,-0.01
4.23664e-03,0.03,0.03
4.23672e-03,0.03,-0.01
4.23680e-03,0.01,0.05
4.23688e-03,0.03,-0.03
4.23696e-03,0.03,0.05
4.23704e-03,0.03,-0.03
4.23712e-03,0.03,0.05
4.23720e-03,0.01,-0.03
4.23728e-03,0.01,0.05
4.23736e-03,0.01,-0.03
4.23744e-03,0.03,0.05
4.23752e-03,0.03,-0.01
4.23760e-03,0.03,0.05
4.23768e-03,0.03,-0.01
4.23776e-03,0.03,0.05
4.23784e-03,0.03,-0.01
4.23792e-03,0.01,0.05
4.23800e-03,0.03,-0.01
4.23808e-03,0.01,0.05
4.23816e-03,0.03,-0.01
4.23824e-03,0.01,0.05
4.23832e-03,0.03,-0.03
4.23840e-03,0.01,0.05
4.23848e-03,0.03,-0.01
4.23856e-03,0.03,0.05
4.23864e-03,0.05,-0.01
4.23872e-03,0.05,0.05
4.23880e-03,0.03,-0.01
4.23888e-03,0.03,0.07
4.23896e-03,0.03,-0.01
4.23904e-03,0.03,0.05
4.23912e-03,0.03,-0.01
4.23920e-03,0.03,0.05
4.23928e-03,0.03,-0.01
4.23936e-03,0.05,0.05
4.23944e-03,0.05,-0.01
4.23952e-03,0.01,0.05
4.23960e-03,0.03,-0.03
4.23968e-03,0.03,0.05
4.23976e-03,0.03,-0.01
4.23984e-03,0.03,0.05
4.23992e-03,0.03,-0.01
4.24000e-03,0.05,0.05
4.24008e-03,0.01,-0.01
4.24016e-03,0.05,0.05
4.24024e-03,0.01,-0.01
4.24032e-03,0.03,0.05
4.24040e-03,0.01,-0.01
4.24048e-03,0.03,0.05
4.24056e-03,0.03,-0.03
4.24064e-03,-0.01,0.05
4.24072e-03,0.03,-0.03
4.24080e-03,0.05,0.05
4.24088e-03,0.05,-0.03
4.24096e-03,0.03,0.05
4.24104e-03,0.01,-0.03
4.24112e-03,0.01,0.05
4.24120e-03,0.03,-0.03
4.24128e-03,0.01,0.05
4.24136e-03,0.01,-0.01
4.24144e-03,0.03,0.05
4.24152e-03,0.01,-0.01
4.24160e-03,0.03,0.05
4.24168e-03,0.03,-0.01
4.24176e-03,0.03,0.05
4.24184e-03,0.03,-0.03
4.24192e-03,0.03,0.05
4.24200e-03,0.03,-0.01
4.24208e-03,0.03,0.05
4.24216e-03,0.03,-0.03
4.24224e-03,0.01,0.05
4.24232e-03,0.03,-0.01
4.24240e-03,0.01,0.03
4.24248e-03,0.03,-0.03
4.24256e-03,-0.01,0.05
4.24264e-03,0.03,-0.03
4.24272e-03,0.01,0.05
4.24280e-03,0.01,-0.03
4.24288e-03,0.03,0.05
4.24296e-03,0.03,-0.03
4.24304e-03,0.03,0.05
4.24312e-03,0.03,-0.03
4.24320e-03,0.03,0.05
4.24328e-03,0.03,-0.01
4.24336e-03,0.03,0.05
4.24344e-03,0.03,-0.03
4.24352e-03,0.01,0.05
4.24360e-03,0.03,-0.03
4.24368e-03,0.01,0.03
4.24376e-03,0.05,-0.01
4.24384e-03,0.01,0.05
4.24392e-03,0.03,-0.01
4.24400e-03,0.03,0.05
4.24408e-03,0.01,-0.01
4.24416e-03,0.03,0.05
4.24424e-03,0.03,-0.01
4.24432e-03,0.05,0.05
4.24440e-03,0.01,-0.03
4.24448e-03,0.03,0.05
4.24456e-03,0.03,-0.01
4.24464e-03,0.03,0.07
4.24472e-03,0.03,-0.03
4.24480e-03,0.03,0.05
4.24488e-03,0.03,-0.01
4.24496e-03,0.01,0.05
4.24504e-03,0.03,-0.01
4.24512e-03,0.01,0.05
4.24520e-03,0.03,-0.01
4.24528e-03,0.03,0.05
4.24536e-03,0.01,-0.01
4.24544e-03,0.03,0.05
4.24552e-03,0.01,-0.01
4.24560e-03,0.03,0.05
4.24568e-03,0.01,-0.01
4.24576e-03,0.01,0.05
4.24584e-03,0.03,-0.03
4.24592e-03,0.03,0.05
4.24600e-03,0.03,-0.01
4.24608e-03,0.03,0.05
4.24616e-03,0.03,-0.01
4.24624e-03,0.03,0.05
4.24632e-03,0.05,-0.01
4.24640e-03,0.03,0.05
4.24648e-03,0.03,-0.03
4.24656e-03,0.03,0.05
4.24664e-03,0.01,-0.01
4.24672e-03,0.03,0.05
4.24680e-03,0.03,-0.03
4.24688e-03,0.03,0.05
4.24696e-03,0.03,-0.01
4.24704e-03,0.05,0.05
4.24712e-03,0.03,-0.01
4.24720e-03,0.03,0.05
4.24728e-03,0.01,-0.03
4.24736e-03,0.01,0.05
4.24744e-03,0.03,-0.03
4.24752e-03,0.01,0.05
4.24760e-03,0.03,-0.03
4.24768e-03,0.01,0.05
4.24776e-03,0.07,-0.03
4.24784e-03,0.03,0.07
4.24792e-03,0.03,-0.03
4.24800e-03,0.05,0.07
4.24808e-03,0.03,-0.03
4.24816e-03,0.03,0.07
4.24824e-03,0.01,-0.03
4.24832e-03,0.05,0.05
4.24840e-03,0.01,-0.01
4.24848e-03,0.03,0.05
4.24856e-03,0.03,-0.01
4.24864e-03,0.03,0.05
4.24872e-03,0.03,-0.01
4.24880e-03,0.01,0.07
4.24888e-03,0.05,-0.01
4.24896e-03,0.01,0.05
4.24904e-03,0.03,-0.01
4.24912e-03,0.03,0.05
4.24920e-03,0.03,-0.03
4.24928e-03,0.03,0.05
4.24936e-03,0.01,-0.03
4.24944e-03,0.03,0.05
4.24952e-03,0.03,-0.03
4.24960e-03,0.03,0.07
4.24968e-03,0.03,-0.03
4.24976e-03,0.03,0.07
4.24984e-03,0.01,-0.03
4.24992e-03,0.03,0.05
4.25000e-03,0.03,-0.03
4.25008e-03,0.03,0.07
4.25016e-03,0.03,-0.01
4.25024e-03,0.01,0.05
4.25032e-03,0.05,-0.01
4.25040e-03,0.03,0.05
4.25048e-03,0.03,-0.01
4.25056e-03,0.01,0.05
4.25064e-03,0.03,-0.01
4.25072e-03,0.03,0.05
4.25080e-03,0.03,-0.01
4.25088e-03,0.05,0.05
4.25096e-03,0.03,-0.01
4.25104e-03,0.05,0.05
4.25112e-03,0.03,-0.01
4.25120e-03,0.03,0.05
4.25128e-03,0.01,-0.03
4.25136e-03,0.01,0.05
4.25144e-03,0.03,-0.01
4.25152e-03,0.01,0.05
4.25160e-03,0.05,-0.03
4.25168e-03,0.03,0.05
4.25176e-03,0.03,-0.03
4.25184e-03,0.01,0.05
4.25192e-03,0.03,-0.03
4.25200e-03,0.03,0.05
4.25208e-03,0.03,-0.03
4.25216e-03,0.03,0.07
4.25224e-03,0.01,-0.03
4.25232e-03,0.03,0.05
4.25240e-03,0.03,-0.01
4.25248e-03,0.03,0.05
4.25256e-03,0.03,-0.01
4.25264e-03,0.03,0.05
4.25272e-03,0.03,-0.03
4.25280e-03,0.01,0.05
4.25288e-03,0.03,-0.01
4.25296e-03,0.01,0.05
4.25304e-03,0.03,-0.01
4.25312e-03,0.01,0.05
4.25320e-03,0.01,-0.01
4.25328e-03,0.03,0.05
4.25336e-03,0.03,-0.03
4.25344e-03,0.03,0.05
4.25352e-03,0.03,-0.01
4.25360e-03,0.03,0.05
4.25368e-03,0.03,-0.01
4.25376e-03,0.03,0.05
4.25384e-03,0.03,-0.01
4.25392e-03,0.01,0.05
4.25400e-03,0.03,-0.01
4.25408e-03,0.03,0.05
4.25416e-03,0.05,-0.03
4.25424e-03,0.01,0.05
4.25432e-03,0.01,-0.01
4.25440e-03,0.03,0.05
4.25448e-03,0.03,-0.01
4.25456e-03,0.03,0.05
4.25464e-03,0.03,-0.01
4.25472e-03,0.01,0.05
4.25480e-03,0.03,-0.01
4.25488e-03,0.03,0.05
4.25496e-03,0.01,-0.01
4.25504e-03,0.03,0.05
4.25512e-03,0.01,-0.03
4.25520e-03,0.03,0.05
4.25528e-03,0.03,-0.03
4.25536e-03,0.03,0.05
4.25544e-03,0.03,-0.03
4.25552e-03,0.01,0.05
4.25560e-03,0.03,-0.01
4.25568e-03,0.01,0.05
4.25576e-03,0.03,-0.01
4.25584e-03,0.01,0.05
4.25592e-03,0.03,-0.01
4.25600e-03,0.03,0.05
4.25608e-03,0.03,-0.03
4.25616e-03,0.01,0.05
4.25624e-03,0.01,-0.03
4.25632e-03,0.03,0.05
4.25640e-03,0.01,-0.03
4.25648e-03,0.05,0.05
4.25656e-03,0.03,-0.01
4.25664e-03,0.01,0.05
4.25672e-03,0.05,-0.03
4.25680e-03,0.01,0.05
4.25688e-03,0.03,-0.03
4.25696e-03,0.03,0.05
4.25704e-03,0.03,-0.03
4.25712e-03,0.03,0.05
4.25720e-03,0.03,-0.01
4.25728e-03,0.03,0.05
4.25736e-03,0.03,-0.03
4.25744e-03,0.03,0.05
4.25752e-03,0.03,-0.01
4.25760e-03,0.03,0.05
4.25768e-03,0.03,-0.01
4.25776e-03,0.05,0.05
4.25784e-03,0.01,-0.03
4.25792e-03,0.03,0.05
4.25800e-03,0.03,-0.03
4.25808e-03,0.01,0.05
4.25816e-03,0.03,-0.03
4.25824e-03,0.05,0.07
4.25832e-03,0.07,-0.03
4.25840e-03,0.03,0.05
4.25848e-03,0.03,-0.03
4.25856e-03,0.03,0.07
4.25864e-03,0.05,-0.03
4.25872e-03,0.01,0.07
4.25880e-03,0.03,-0.01
4.25888e-03,0.03,0.05
4.25896e-03,0.03,-0.01
4.25904e-03,0.03,0.05
4.25912e-03,0.03,-0.01
4.25920e-03,0.03,0.05
4.25928e-03,0.03,-0.03
4.25936e-03,0.03,0.05
4.25944e-03,0.05,-0.03
4.25952e-03,0.03,0.05
4.25960e-03,0.03,-0.03
4.25968e-03,0.03,0.05
4.25976e-03,0.03,-0.01
4.25984e-03,0.03,0.05
4.25992e-03,0.03,-0.01
4.26000e-03,0.03,0.05
4.26008e-03,0.03,-0.01
4.26016e-03,0.03,0.05
4.26024e-03,0.01,-0.03
4.26032e-03,0.03,0.05
4.26040e-03,0.01,-0.01
4.26048e-03,0.03,0.05
4.26056e-03,0.03,-0.01
4.26064e-03,0.03,0.05
4.26072e-03,0.05,-0.01
4.26080e-03,0.03,0.05
4.26088e-03,0.01,-0.01
4.26096e-03,0.03,0.05
4.26104e-03,0.03,-0.03
4.26112e-03,0.03,0.05
4.26120e-03,0.03,-0.01
4.26128e-03,0.03,0.05
4.26136e-03,0.01,-0.03
4.26144e-03,0.03,0.05
4.26152e-03,0.01,-0.03
4.26160e-03,0.03,0.05
4.26168e-03,0.03,-0.03
4.26176e-03,0.03,0.05
4.26184e-03,0.03,-0.03
4.26192e-03,0.01,0.05
4.26200e-03,0.03,-0.03
4.26208e-03,0.01,0.05
4.26216e-03,0.01,-0.01
4.26224e-03,0.01,0.05
4.26232e-03,0.03,-0.03
4.26240e-03,0.03,0.05
4.26248e-03,0.03,-0.03
4.26256e-03,0.01,0.05
4.26264e-03,0.03,-0.03
4.26272e-03,0.03,0.05
4.26280e-03,0.01,-0.03
4.26288e-03,0.03,0.05
4.26296e-03,0.01,-0.01
4.26304e-03,0.03,0.05
4.26312e-03,0.01,-0.01
4.26320e-03,0.03,0.05
4.26328e-03,0.01,-0.01
4.26336e-03,0.01,0.05
4.26344e-03,0.01,-0.03
4.26352e-03,0.03,0.05
4.26360e-03,0.03,-0.03
4.26368e-03,0.03,0.05
4.26376e-03,0.03,-0.03
4.26384e-03,0.03,0.05
4.26392e-03,0.03,-0.03
4.26400e-03,0.03,0.05
4.26408e-03,0.03,-0.01
4.26416e-03,0.03,0.05
4.26424e-03,0.01,-0.03
4.26432e-03,0.03,0.05
4.26440e-03,0.01,-0.01
4.26448e-03,0.03,0.05
4.26456e-03,0.03,-0.01
4.26464e-03,0.03,0.05
4.26472e-03,0.01,-0.03
4.26480e-03,0.01,0.05
4.26488e-03,0.03,-0.03
4.26496e-03,0.01,0.05
4.26504e-03,0.03,-0.01
4.26512e-03,0.03,0.05
4.26520e-03,0.03,-0.03
4.26528e-03,0.01,0.05
4.26536e-03,0.03,-0.01
4.26544e-03,0.03,0.05
4.26552e-03,0.01,-0.03
4.26560e-03,0.05,0.05
4.26568e-03,0.01,-0.03
4.26576e-03,0.01,0.05
4.26584e-03,0.05,-0.01
4.26592e-03,0.01,0.05
4.26600e-03,0.03,-0.03
4.26608e-03,0.03,0.05
4.26616e-03,0.03,-0.03
4.26624e-03,0.01,0.05
4.26632e-03,0.03,-0.03
4.26640e-03,0.01,0.05
4.26648e-03,0.05,-0.03
4.26656e-03,0.03,0.05
4.26664e-03,0.01,-0.01
4.26672e-03,0.01,0.05
4.26680e-03,0.01,-0.03
4.26688e-03,0.03,0.05
4.26696e-03,0.03,-0.01
4.26704e-03,0.07,0.05
4.26712e-03,0.03,-0.05
4.26720e-03,0.03,0.07
4.26728e-03,-0.01,-0.03
4.26736e-03,0.03,0.07
4.26744e-03,0.03,-0.03
4.26752e-03,0.03,0.07
4.26760e-03,0.03,-0.01
4.26768e-03,0.03,0.05
4.26776e-03,0.05,-0.01
4.26784e-03,0.03,0.05
4.26792e-03,0.03,-0.01
4.26800e-03,0.05,0.05
4.26808e-03,0.03,-0.03
4.26816e-03,0.03,0.05
4.26824e-03,0.03,-0.03
4.26832e-03,0.05,0.05
4.26840e-03,0.03,-0.01
4.26848e-03,0.05,0.05
4.26856e-03,0.03,-0.03
4.26864e-03,0.03,0.05
4.26872e-03,0.03,-0.03
4.26880e-03,0.01,0.07
4.26888e-03,0.05,-0.03
4.26896e-03,0.03,0.05
4.26904e-03,0.05,-0.01
4.26912e-03,0.03,0.05
4.26920e-03,0.03,-0.01
4.26928e-03,0.03,0.05
4.26936e-03,0.03,-0.01
4.26944e-03,0.03,0.05
4.26952e-03,0.01,-0.03
4.26960e-03,0.03,0.05
4.26968e-03,0.03,-0.03
4.26976e-03,0.03,0.05
4.26984e-03,0.03,-0.03
4.26992e-03,0.03,0.05
4.27000e-03,0.03,-0.01
4.27008e-03,0.01,0.05
4.27016e-03,0.03,-0.03
4.27024e-03,0.01,0.05
4.27032e-03,0.05,-0.01
4.27040e-03,0.01,0.05
4.27048e-03,0.03,-0.01
4.27056e-03,0.01,0.05
4.27064e-03,0.01,-0.01
4.27072e-03,0.03,0.05
4.27080e-03,0.01,-0.03
4.27088e-03,0.03,0.05
4.27096e-03,0.03,-0.03
4.27104e-03,0.03,0.05
4.27112e-03,0.03,-0.01
4.27120e-03,0.03,0.07
4.27128e-03,0.03,-0.03
4.27136e-03,0.01,0.05
4.27144e-03,0.05,-0.01
4.27152e-03,-0.01,0.05
4.27160e-03,0.03,-0.03
4.27168e-03,0.01,0.05
4.27176e-03,0.01,-0.01
4.27184e-03,0.01,0.05
4.27192e-03,0.03,-0.03
4.27200e-03,0.03,0.05
4.27208e-03,0.03,-0.03
4.27216e-03,0.03,0.05
4.27224e-03,0.01,-0.03
4.27232e-03,0.03,0.05
4.27240e-03,0.03,-0.03
4.27248e-03,0.05,0.05
4.27256e-03,0.01,-0.03
4.27264e-03,0.03,0.05
4.27272e-03,0.03,-0.03
4.27280e-03,0.03,0.05
4.27288e-03,0.03,-0.03
4.27296e-03,0.01,0.05
4.27304e-03,0.03,-0.03
4.27312e-03,0.01,0.05
4.27320e-03,0.03,-0.03
4.27328e-03,0.03,0.05
4.27336e-03,0.03,-0.03
4.27344e-03,0.03,0.05
4.27352e-03,0.01,-0.03
4.27360e-03,0.03,0.05
4.27368e-03,0.03,-0.03
4.27376e-03,0.05,0.05
4.27384e-03,0.03,-0.03
4.27392e-03,0.01,0.07
4.27400e-03,0.03,-0.03
4.27408e-03,0.03,0.05
4.27416e-03,0.03,-0.03
4.27424e-03,0.03,0.05
4.27432e-03,0.03,-0.03
4.27440e-03,0.03,0.05
4.27448e-03,0.01,-0.01
4.27456e-03,0.01,0.05
4.27464e-03,0.03,-0.03
4.27472e-03,0.03,0.03
4.27480e-03,0.01,-0.01
4.27488e-03,0.03,0.05
4.27496e-03,0.01,-0.03
4.27504e-03,0.03,0.05
4.27512e-03,0.01,-0.01
4.27520e-03,0.03,0.03
4.27528e-03,0.05,-0.03
4.27536e-03,0.01,0.05
4.27544e-03,0.01,-0.03
4.27552e-03,0.03,0.05
4.27560e-03,0.03,-0.01
4.27568e-03,0.01,0.05
4.27576e-03,0.03,-0.03
4.27584e-03,0.03,0.05
4.27592e-03,0.05,-0.03
4.27600e-03,0.03,0.07
4.27608e-03,0.01,-0.05
4.27616e-03,0.05,0.07
4.27624e-03,-0.01,-0.03
4.27632e-03,0.03,0.07
4.27640e-03,0.01,-0.03
4.27648e-03,0.03,0.05
4.27656e-03,0.03,-0.03
4.27664e-03,0.03,0.05
4.27672e-03,0.03,-0.03
4.27680e-03,0.03,0.05
4.27688e-03,0.03,-0.01
4.27696e-03,0.01,0.05
4.27704e-03,0.05,-0.01
4.27712e-03,0.03,0.05
4.27720e-03,0.05,-0.01
4.27728e-03,0.03,0.05
4.27736e-03,0.03,-0.01
4.27744e-03,0.03,0.05
4.27752e-03,0.03,-0.01
4.27760e-03,0.03,0.05
4.27768e-03,0.03,-0.01
4.27776e-03,0.03,0.05
4.27784e-03,0.03,-0.03
4.27792e-03,0.01,0.05
4.27800e-03,0.03,-0.01
4.27808e-03,0.03,0.05
4.27816e-03,0.03,-0.03
4.27824e-03,0.03,0.05
4.27832e-03,0.03,-0.01
4.27840e-03,0.01,0.05
4.27848e-03,0.05,-0.01
4.27856e-03,0.03,0.05
4.27864e-03,0.03,-0.01
4.27872e-03,0.03,0.05
4.27880e-03,0.01,-0.01
4.27888e-03,0.01,0.05
4.27896e-03,0.01,-0.03
4.27904e-03,0.03,0.05
4.27912e-03,0.03,-0.01
4.27920e-03,0.03,0.05
4.27928e-03,0.03,-0.03
4.27936e-03,0.03,0.05
4.27944e-03,0.05,-0.03
4.27952e-03,0.03,0.05
4.27960e-03,0.03,-0.01
4.27968e-03,0.01,0.05
4.27976e-03,0.03,-0.03
4.27984e-03,0.03,0.05
4.27992e-03,0.03,-0.03
4.28000e-03,0.03,0.05
4.28008e-03,0.03,-0.01
4.28016e-03,0.03,0.05
4.28024e-03,0.01,-0.01
4.28032e-03,0.03,0.05
4.28040e-03,0.01,-0.03
4.28048e-03,0.03,0.05
4.28056e-03,0.03,-0.01
4.28064e-03,0.03,0.05
4.28072e-03,0.03,-0.03
4.28080e-03,0.01,0.05
4.28088e-03,0.03,-0.01
4.28096e-03,0.03,0.05
4.28104e-03,0.05,-0.03
4.28112e-03,0.01,0.05
4.28120e-03,0.03,-0.03
4.28128e-03,0.03,0.07
4.28136e-03,0.01,-0.03
4.28144e-03,0.01,0.05
4.28152e-03,0.03,-0.03
4.28160e-03,0.03,0.05
4.28168e-03,0.03,-0.03
4.28176e-03,0.03,0.05
4.28184e-03,0.03,-0.03
4.28192e-03,0.03,0.05
4.28200e-03,0.01,-0.01
4.28208e-03,0.03,0.05
4.28216e-03,0.03,-0.03
4.28224e-03,0.03,0.05
4.28232e-03,0.03,-0.01
4.28240e-03,0.01,0.05
4.28248e-03,0.05,-0.01
4.28256e-03,0.03,0.05
4.28264e-03,0.01,-0.01
4.28272e-03,0.05,0.05
4.28280e-03,0.03,-0.01
4.28288e-03,0.03,0.05
4.28296e-03,0.01,-0.01
4.28304e-03,0.01,0.03
4.28312e-03,0.03,-0.01
4.28320e-03,0.03,0.05
4.28328e-03,0.01,-0.01
4.28336e-03,0.01,0.05
4.28344e-03,0.03,-0.03
4.28352e-03,0.01,0.05
4.28360e-03,0.03,-0.01
4.28368e-03,0.01,0.05
4.28376e-03,0.03,-0.01
4.28384e-03,0.01,0.05
4.28392e-03,0.03,-0.01
4.28400e-03,0.03,0.05
4.28408e-03,0.01,-0.03
4.28416e-03,0.03,0.05
4.28424e-03,0.03,-0.03
4.28432e-03,0.03,0.05
4.28440e-03,0.01,-0.03
4.28448e-03,0.01,0.05
4.28456e-03,0.03,-0.03
4.28464e-03,0.03,0.05
4.28472e-03,0.03,-0.03
4.28480e-03,0.03,0.05
4.28488e-03,0.01,-0.03
4.28496e-03,0.03,0.05
4.28504e-03,0.01,-0.03
4.28512e-03,0.03,0.05
4.28520e-03,0.01,-0.03
4.28528e-03,0.03,0.05
4.28536e-03,0.03,-0.01
4.28544e-03,0.03,0.05
4.28552e-03,0.01,-0.01
4.28560e-03,0.01,0.05
4.28568e-03,0.03,-0.01
4.28576e-03,0.03,0.05
4.28584e-03,0.03,-0.03
4.28592e-03,0.03,0.05
4.28600e-03,0.03,-0.03
4.28608e-03,0.01,0.05
4.28616e-03,0.03,-0.01
4.28624e-03,0.01,0.05
4.28632e-03,0.03,-0.01
4.28640e-03,0.01,0.05
4.28648e-03,0.05,-0.03
4.28656e-03,0.03,0.05
4.28664e-03,0.03,-0.01
4.28672e-03,0.03,0.05
4.28680e-03,0.01,-0.01
4.28688e-03,0.03,0.05
4.28696e-03,0.01,-0.01
4.28704e-03,0.03,0.05
4.28712e-03,0.01,-0.01
4.28720e-03,0.03,0.05
4.28728e-03,0.03,-0.01
4.28736e-03,0.03,0.05
4.28744e-03,0.03,-0.01
4.28752e-03,0.03,0.05
4.28760e-03,0.03,-0.01
4.28768e-03,0.03,0.05
4.28776e-03,0.03,-0.01
4.28784e-03,0.03,0.05
4.28792e-03,0.03,-0.03
4.28800e-03,0.01,0.03
4.28808e-03,0.01,-0.01
4.28816e-03,0.03,0.05
4.28824e-03,0.01,-0.01
4.28832e-03,0.03,0.05
4.28840e-03,0.03,-0.03
4.28848e-03,0.03,0.07
4.28856e-03,0.03,-0.01
4.28864e-03,0.03,0.05
4.28872e-03,0.03,-0.01
4.28880e-03,0.03,0.05
4.28888e-03,0.05,-0.03
4.28896e-03,0.01,0.07
4.28904e-03,0.03,-0.03
4.28912e-03,0.03,0.05
4.28920e-03,0.03,-0.03
4.28928e-03,0.03,0.05
4.28936e-03,0.03,-0.01
4.28944e-03,0.03,0.05
4.28952e-03,0.01,-0.03
4.28960e-03,0.05,0.05
4.28968e-03,0.01,-0.03
4.28976e-03,0.05,0.07
4.28984e-03,0.03,-0.01
4.28992e-03,0.03,0.05
4.29000e-03,0.03,-0.03
4.29008e-03,0.03,0.05
4.29016e-03,0.05,-0.01
4.29024e-03,0.01,0.05
4.29032e-03,0.07,-0.03
4.29040e-03,0.03,0.05
4.29048e-03,0.03,-0.03
4.29056e-03,0.03,0.07
4.29064e-03,0.03,-0.01
4.29072e-03,0.03,0.05
4.29080e-03,0.01,-0.01
4.29088e-03,0.03,0.05
4.29096e-03,0.01,-0.03
4.29104e-03,0.05,0.05
4.29112e-03,0.01,-0.01
4.29120e-03,0.03,0.05
4.29128e-03,0.03,-0.03
4.29136e-03,0.01,0.05
4.29144e-03,0.03,-0.01
4.29152e-03,0.01,0.05
4.29160e-03,0.01,-0.03
4.29168e-03,0.03,0.05
4.29176e-03,0.03,-0.01
4.29184e-03,0.03,0.05
4.29192e-03,0.01,-0.01
4.29200e-03,0.05,0.05
4.29208e-03,0.03,-0.01
4.29216e-03,0.03,0.05
4.29224e-03,0.01,-0.01
4.29232e-03,0.03,0.05
4.29240e-03,-0.01,-0.03
4.29248e-03,0.03,0.05
4.29256e-03,0.03,-0.03
4.29264e-03,0.03,0.05
4.29272e-03,0.05,-0.01
4.29280e-03,0.01,0.05
4.29288e-03,0.03,-0.03
4.29296e-03,0.01,0.05
4.29304e-03,0.01,-0.01
4.29312e-03,0.03,0.05
4.29320e-03,0.03,-0.03
4.29328e-03,0.03,0.05
4.29336e-03,0.01,-0.03
4.29344e-03,0.01,0.07
4.29352e-03,0.01,-0.03
4.29360e-03,0.03,0.07
4.29368e-03,0.01,-0.03
4.29376e-03,0.03,0.07
4.29384e-03,0.01,-0.03
4.29392e-03,0.03,0.05
4.29400e-03,0.03,-0.01
4.29408e-03,0.01,0.05
4.29416e-03,0.03,-0.01
4.29424e-03,0.01,0.05
4.29432e-03,0.03,-0.03
4.29440e-03,0.03,0.05
4.29448e-03,0.03,-0.01
4.29456e-03,0.03,0.07
4.29464e-03,0.03,-0.03
4.29472e-03,0.03,0.05
4.29480e-03,0.03,-0.01
4.29488e-03,0.03,0.05
4.29496e-03,0.01,-0.01
4.29504e-03,0.05,0.05
4.29512e-03,0.01,-0.03
4.29520e-03,0.03,0.05
4.29528e-03,0.03,-0.01
4.29536e-03,0.01,0.05
4.29544e-03,0.05,-0.03
4.29552e-03,0.01,0.05
4.29560e-03,0.03,-0.03
4.29568e-03,0.01,0.05
4.29576e-03,0.03,-0.01
4.29584e-03,0.03,0.05
4.29592e-03,0.01,-0.03
4.29600e-03,0.03,0.05
4.29608e-03,0.03,-0.03
4.29616e-03,0.03,0.05
4.29624e-03,0.01,-0.01
4.29632e-03,0.05,0.05
4.29640e-03,0.01,-0.03
4.29648e-03,0.03,0.05
4.29656e-03,0.03,-0.01
4.29664e-03,0.01,0.05
4.29672e-03,0.03,-0.01
4.29680e-03,0.01,0.05
4.29688e-03,0.03,-0.03
4.29696e-03,0.01,0.05
4.29704e-03,0.03,-0.03
4.29712e-03,0.03,0.05
4.29720e-03,0.03,-0.03
4.29728e-03,0.05,0.05
4.29736e-03,0.01,-0.01
4.29744e-03,0.03,0.05
4.29752e-03,0.01,-0.03
4.29760e-03,0.05,0.05
4.29768e-03,0.03,-0.01
4.29776e-03,0.01,0.05
4.29784e-03,0.03,-0.01
4.29792e-03,0.03,0.05
4.29800e-03,0.03,-0.03
4.29808e-03,0.01,0.05
4.29816e-03,0.03,-0.01
4.29824e-03,0.03,0.05
4.29832e-03,0.03,-0.01
4.29840e-03,0.03,0.05
4.29848e-03,0.03,-0.03
4.29856e-03,0.03,0.05
4.29864e-03,0.03,-0.01
4.29872e-03,0.03,0.05
4.29880e-03,0.01,-0.01
4.29888e-03,0.05,0.05
4.29896e-03,0.03,-0.01
4.29904e-03,0.03,0.05
4.29912e-03,0.03,-0.01
4.29920e-03,0.03,0.05
4.29928e-03,0.03,-0.01
4.29936e-03,0.01,0.05
4.29944e-03,0.03,-0.03
4.29952e-03,0.01,0.05
4.29960e-03,0.03,-0.03
4.29968e-03,0.01,0.05
4.29976e-03,0.03,-0.01
4.29984e-03,0.01,0.05
4.29992e-03,0.05,-0.05
4.30000e-03,0.01,0.05
4.30008e-03,0.03,-0.01
4.30016e-03,0.01,0.05
4.30024e-03,0.01,-0.03
4.30032e-03,0.01,0.07
4.30040e-03,0.03,-0.03
4.30048e-03,0.01,0.05
4.30056e-03,0.05,-0.01
4.30064e-03,0.01,0.05
4.30072e-03,0.03,-0.03
4.30080e-03,0.01,0.05
4.30088e-03,0.03,-0.03
4.30096e-03,0.01,0.05
4.30104e-03,0.05,-0.01
4.30112e-03,0.01,0.05
4.30120e-03,0.03,-0.03
4.30128e-03,0.03,0.05
4.30136e-03,0.03,-0.01
4.30144e-03,0.03,0.05
4.30152e-03,0.01,-0.01
4.30160e-03,0.05,0.05
4.30168e-03,0.03,-0.01
4.30176e-03,0.03,0.05
4.30184e-03,0.03,-0.01
4.30192e-03,0.03,0.05
4.30200e-03,0.03,-0.03
4.30208e-03,0.01,0.05
4.30216e-03,0.01,-0.03
4.30224e-03,0.01,0.07
4.30232e-03,0.05,-0.03
4.30240e-03,0.01,0.05
4.30248e-03,0.03,-0.03
4.30256e-03,0.03,0.05
4.30264e-03,0.03,-0.03
4.30272e-03,0.03,0.05
4.30280e-03,-0.01,-0.01
4.30288e-03,0.03,0.05
4.30296e-03,0.01,-0.03
4.30304e-03,0.03,0.05
4.30312e-03,0.03,-0.03
4.30320e-03,0.03,0.05
4.30328e-03,0.03,-0.01
4.30336e-03,0.03,0.05
4.30344e-03,0.03,-0.03
4.30352e-03,0.03,0.05
4.30360e-03,0.05,-0.03
4.30368e-03,0.01,0.05
4.30376e-03,0.05,-0.03
4.30384e-03,0.01,0.05
4.30392e-03,0.03,-0.01
4.30400e-03,0.03,0.05
4.30408e-03,0.01,-0.01
4.30416e-03,0.03,0.07
4.30424e-03,0.01,-0.01
4.30432e-03,0.03,0.05
4.30440e-03,0.03,-0.03
4.30448e-03,0.03,0.05
4.30456e-03,0.01,-0.03
4.30464e-03,0.03,0.05
4.30472e-03,0.05,-0.01
4.30480e-03,0.01,0.05
4.30488e-03,0.03,-0.01
4.30496e-03,0.03,0.05
4.30504e-03,0.05,-0.01
4.30512e-03,0.01,0.05
4.30520e-03,0.05,-0.03
4.30528e-03,0.03,0.05
4.30536e-03,0.01,-0.01
4.30544e-03,0.03,0.05
4.30552e-03,0.01,-0.03
4.30560e-03,0.03,0.05
4.30568e-03,0.01,-0.03
4.30576e-03,0.03,0.05
4.30584e-03,0.03,-0.01
4.30592e-03,0.01,0.05
4.30600e-03,0.03,-0.01
4.30608e-03,0.01,0.05
4.30616e-03,0.03,-0.03
4.30624e-03,0.01,0.05
4.30632e-03,0.03,-0.03
4.30640e-03,0.01,0.05
4.30648e-03,0.03,-0.03
4.30656e-03,0.03,0.05
4.30664e-03,0.01,-0.03
4.30672e-03,0.03,0.05
4.30680e-03,0.01,-0.03
4.30688e-03,0.03,0.05
4.30696e-03,0.01,-0.01
4.30704e-03,0.01,0.05
4.30712e-03,0.03,-0.03
4.30720e-03,0.03,0.05
4.30728e-03,0.01,-0.03
4.30736e-03,0.03,0.05
4.30744e-03,0.03,-0.01
4.30752e-03,0.03,0.05
4.30760e-03,0.05,-0.03
4.30768e-03,0.01,0.05
4.30776e-03,0.03,-0.01
4.30784e-03,0.03,0.05
4.30792e-03,0.03,-0.03
4.30800e-03,0.03,0.05
4.30808e-03,0.01,-0.01
4.30816e-03,0.03,0.05
4.30824e-03,0.01,-0.01
4.30832e-03,0.01,0.05
4.30840e-03,0.03,-0.01
4.30848e-03,0.01,0.05
4.30856e-03,0.03,-0.03
4.30864e-03,0.03,0.05
4.30872e-03,0.03,-0.01
4.30880e-03,0.03,0.05
4.30888e-03,0.07,-0.03
4.30896e-03,0.03,0.05
4.30904e-03,0.01,-0.05
4.30912e-03,0.01,0.07
4.30920e-03,0.03,-0.03
4.30928e-03,0.01,0.05
4.30936e-03,0.01,-0.01
4.30944e-03,0.03,0.05
4.30952e-03,0.03,-0.03
4.30960e-03,0.03,0.07
4.30968e-03,0.01,-0.01
4.30976e-03,0.05,0.05
4.30984e-03,0.03,-0.01
4.30992e-03,0.03,0.05
4.31000e-03,0.03,-0.01
4.31008e-03,0.03,0.05
4.31016e-03,0.03,-0.01
4.31024e-03,0.01,0.05
4.31032e-03,0.05,-0.03
4.31040e-03,0.03,0.05
4.31048e-03,0.03,-0.01
4.31056e-03,0.03,0.05
4.31064e-03,0.03,-0.01
4.31072e-03,0.03,0.05
4.31080e-03,0.01,-0.03
4.31088e-03,-0.01,0.05
4.31096e-03,0.03,-0.03
4.31104e-03,0.05,0.07
4.31112e-03,0.03,-0.03
4.31120e-03,0.03,0.07
4.31128e-03,0.03,-0.01
4.31136e-03,0.03,0.05
4.31144e-03,0.01,-0.01
4.31152e-03,0.01,0.05
4.31160e-03,0.03,-0.03
4.31168e-03,0.01,0.05
4.31176e-03,0.05,-0.03
4.31184e-03,0.03,0.05
4.31192e-03,0.01,-0.01
4.31200e-03,0.03,0.05
4.31208e-03,0.01,-0.03
4.31216e-03,0.03,0.05
4.31224e-03,0.03,-0.03
4.31232e-03,0.03,0.05
4.31240e-03,0.01,-0.01
4.31248e-03,0.01,0.05
4.31256e-03,0.03,-0.01
4.31264e-03,0.03,0.05
4.31272e-03,0.01,-0.03
4.31280e-03,-0.01,0.05
4.31288e-03,0.03,-0.03
4.31296e-03,0.03,0.05
4.31304e-03,0.03,-0.01
4.31312e-03,0.01,0.03
4.31320e-03,0.03,-0.01
4.31328e-03,0.03,0.05
4.31336e-03,0.01,-0.03
4.31344e-03,0.03,0.05
4.31352e-03,0.03,-0.03
4.31360e-03,0.03,0.05
4.31368e-03,0.01,-0.03
4.31376e-03,0.03,0.05
4.31384e-03,0.03,-0.03
4.31392e-03,0.03,0.05
4.31400e-03,0.01,-0.03
4.31408e-03,0.01,0.05
4.31416e-03,0.03,-0.03
4.31424e-03,0.01,0.05
4.31432e-03,0.03,-0.03
4.31440e-03,0.03,0.05
4.31448e-03,0.01,-0.01
4.31456e-03,0.01,0.05
4.31464e-03,0.03,-0.03
4.31472e-03,0.03,0.05
4.31480e-03,0.03,-0.01
4.31488e-03,0.03,0.05
4.31496e-03,0.01,-0.01
4.31504e-03,0.05,0.05
4.31512e-03,0.03,-0.01
4.31520e-03,0.03,0.05
4.31528e-03,0.03,-0.01
4.31536e-03,0.01,0.05
4.31544e-03,0.03,-0.01
4.31552e-03,0.01,0.05
4.31560e-03,0.03,-0.03
4.31568e-03,0.01,0.05
4.31576e-03,0.03,-0.01
4.31584e-03,0.01,0.05
4.31592e-03,0.03,-0.01
4.31600e-03,0.05,0.05
4.31608e-03,0.01,-0.01
4.31616e-03,0.03,0.05
4.31624e-03,0.03,-0.01
4.31632e-03,0.05,0.05
4.31640e-03,0.01,-0.01
4.31648e-03,0.03,0.05
4.31656e-03,0.03,-0.03
4.31664e-03,0.01,0.05
4.31672e-03,0.03,-0.03
4.31680e-03,0.01,0.05
4.31688e-03,0.03,-0.03
4.31696e-03,0.03,0.05
4.31704e-03,0.01,-0.01
4.31712e-03,0.03,0.05
4.31720e-03,0.03,-0.03
4.31728e-03,0.03,0.05
4.31736e-03,0.03,-0.03
4.31744e-03,0.03,0.05
4.31752e-03,0.01,-0.03
4.31760e-03,0.03,0.05
4.31768e-03,0.01,-0.03
4.31776e-03,0.03,0.05
4.31784e-03,0.03,-0.03
4.31792e-03,0.03,0.05
4.31800e-03,0.03,-0.01
4.31808e-03,0.01,0.05
4.31816e-03,0.03,-0.03
4.31824e-03,0.01,0.05
4.31832e-03,0.03,-0.03
4.31840e-03,0.03,0.05
4.31848e-03,0.03,-0.03
4.31856e-03,0.01,0.05
4.31864e-03,0.03,-0.01
4.31872e-03,0.03,0.05
4.31880e-03,0.03,-0.01
4.31888e-03,0.03,0.05
4.31896e-03,0.01,-0.03
4.31904e-03,0.03,0.05
4.31912e-03,0.01,-0.01
4.31920e-03,0.03,0.05
4.31928e-03,0.01,-0.03
4.31936e-03,0.03,0.05
4.31944e-03,0.03,-0.03
4.31952e-03,0.01,0.05
4.31960e-03,0.01,-0.03
4.31968e-03,0.01,0.07
4.31976e-03,0.03,-0.03
4.31984e-03,0.03,0.07
4.31992e-03,0.03,-0.03
4.32000e-03,0.03,0.05
4.32008e-03,0.01,-0.03
4.32016e-03,0.05,0.05
4.32024e-03,0.01,-0.03
4.32032e-03,0.05,0.05
4.32040e-03,0.01,-0.03
4.32048e-03,0.05,0.07
4.32056e-03,0.03,-0.03
4.32064e-03,0.03,0.07
4.32072e-03,0.03,-0.03
4.32080e-03,0.01,0.05
4.32088e-03,0.05,-0.01
4.32096e-03,0.01,0.05
4.32104e-03,0.03,-0.03
4.32112e-03,0.03,0.05
4.32120e-03,0.03,-0.03
4.32128e-03,0.03,0.05
4.32136e-03,0.01,-0.01
4.32144e-03,0.03,0.05
4.32152e-03,0.01,-0.01
4.32160e-03,0.05,0.05
4.32168e-03,0.01,-0.01
4.32176e-03,0.03,0.05
4.32184e-03,0.05,-0.01
4.32192e-03,0.03,0.05
4.32200e-03,0.05,-0.01
4.32208e-03,0.03,0.05
4.32216e-03,0.03,-0.01
4.32224e-03,0.03,0.05
4.32232e-03,0.03,-0.01
4.32240e-03,0.03,0.05
4.32248e-03,0.03,-0.01
4.32256e-03,0.01,0.05
4.32264e-03,0.03,-0.03
4.32272e-03,0.03,0.05
4.32280e-03,0.01,-0.03
4.32288e-03,0.05,0.05
4.32296e-03,0.01,-0.01
4.32304e-03,0.03,0.05
4.32312e-03,0.03,-0.01
4.32320e-03,0.03,0.05
4.32328e-03,0.03,-0.03
4.32336e-03,0.01,0.05
4.32344e-03,0.05,-0.03
4.32352e-03,0.03,0.05
4.32360e-03,0.05,-0.01
4.32368e-03,0.03,0.05
4.32376e-03,0.03,-0.01
4.32384e-03,0.01,0.05
4.32392e-03,0.03,-0.03
4.32400e-03,0.03,0.05
4.32408e-03,0.01,-0.01
4.32416e-03,0.03,0.05
4.32424e-03,0.03,-0.01
4.32432e-03,0.03,0.03
4.32440e-03,0.01,-0.01
4.32448e-03,0.01,0.05
4.32456e-03,0.01,-0.03
4.32464e-03,0.01,0.05
4.32472e-03,0.03,-0.03
4.32480e-03,0.01,0.05
4.32488e-03,0.05,-0.01
4.32496e-03,0.01,0.05
4.32504e-03,0.03,-0.03
4.32512e-03,0.03,0.05
4.32520e-03,0.03,-0.03
4.32528e-03,0.03,0.05
4.32536e-03,0.03,-0.03
4.32544e-03,0.03,0.05
4.32552e-03,0.01,-0.01
4.32560e-03,0.03,0.05
4.32568e-03,0.03,-0.01
4.32576e-03,0.01,0.05
4.32584e-03,0.03,-0.03
4.32592e-03,0.03,0.05
4.32600e-03,0.03,-0.03
4.32608e-03,0.03,0.05
4.32616e-03,0.03,-0.03
4.32624e-03,0.01,0.05
4.32632e-03,0.05,-0.03
4.32640e-03,0.01,0.05
4.32648e-03,0.03,-0.01
4.32656e-03,0.03,0.05
4.32664e-03,0.01,-0.01
4.32672e-03,0.05,0.03
4.32680e-03,0.01,-0.01
4.32688e-03,0.03,0.05
4.32696e-03,0.03,-0.03
4.32704e-03,0.03,0.05
4.32712e-03,0.03,-0.01
4.32720e-03,0.01,0.05
4.32728e-03,0.05,-0.01
4.32736e-03,0.01,0.05
4.32744e-03,0.05,-0.01
4.32752e-03,0.03,0.05
4.32760e-03,0.05,-0.03
4.32768e-03,0.03,0.05
4.32776e-03,0.03,-0.03
4.32784e-03,0.03,0.05
4.32792e-03,0.01,-0.03
4.32800e-03,0.03,0.05
4.32808e-03,0.03,-0.01
4.32816e-03,0.05,0.05
4.32824e-03,0.01,-0.03
4.32832e-03,0.01,0.07
4.32840e-03,0.01,-0.05
4.32848e-03,0.03,0.09
4.32856e-03,0.03,-0.03
4.32864e-03,0.03,0.07
4.32872e-03,0.03,-0.01
4.32880e-03,0.03,0.05
4.32888e-03,0.05,-0.01
4.32896e-03,0.03,0.05
4.32904e-03,0.03,-0.03
4.32912e-03,0.03,0.07
4.32920e-03,0.01,-0.01
4.32928e-03,0.03,0.05
4.32936e-03,0.03,-0.01
4.32944e-03,0.03,0.05
4.32952e-03,0.01,-0.01
4.32960e-03,0.03,0.05
4.32968e-03,0.03,-0.03
4.32976e-03,0.03,0.05
4.32984e-03,0.03,-0.01
4.32992e-03,0.05,0.05
4.33000e-03,0.03,-0.01
4.33008e-03,0.01,0.07
4.33016e-03,0.03,-0.01
4.33024e-03,0.03,0.05
4.33032e-03,0.03,-0.01
4.33040e-03,0.01,0.05
4.33048e-03,0.03,-0.01
4.33056e-03,0.03,0.05
4.33064e-03,0.01,-0.01
4.33072e-03,0.03,0.05
4.33080e-03,0.03,-0.01
4.33088e-03,0.03,0.05
4.33096e-03,0.03,-0.01
4.33104e-03,0.05,0.05
4.33112e-03,0.03,-0.01
4.33120e-03,0.03,0.05
4.33128e-03,0.03,-0.01
4.33136e-03,0.01,0.05
4.33144e-03,0.03,-0.01
4.33152e-03,-0.01,0.05
4.33160e-03,0.01,-0.03
4.33168e-03,0.01,0.05
4.33176e-03,0.03,-0.03
4.33184e-03,0.03,0.05
4.33192e-03,0.03,-0.01
4.33200e-03,0.05,0.05
4.33208e-03,0.03,-0.01
4.33216e-03,0.03,0.05
4.33224e-03,0.01,-0.01
4.33232e-03,0.03,0.05
4.33240e-03,0.03,-0.03
4.33248e-03,0.03,0.05
4.33256e-03,0.01,-0.03
4.33264e-03,0.03,0.05
4.33272e-03,0.03,-0.03
4.33280e-03,0.03,0.05
4.33288e-03,0.03,-0.01
4.33296e-03,0.03,0.07
4.33304e-03,-0.01,-0.03
4.33312e-03,0.03,0.05
4.33320e-03,0.01,-0.03
4.33328e-03,0.01,0.07
4.33336e-03,0.01,-0.03
4.33344e-03,0.03,0.05
4.33352e-03,0.03,-0.03
4.33360e-03,0.05,0.05
4.33368e-03,0.01,-0.01
4.33376e-03,0.03,0.05
4.33384e-03,0.01,-0.01
4.33392e-03,0.03,0.05
4.33400e-03,0.05,-0.03
4.33408e-03,0.03,0.05
4.33416e-03,0.01,-0.01
4.33424e-03,0.03,0.05
4.33432e-03,0.03,-0.03
4.33440e-03,0.03,0.05
4.33448e-03,0.03,-0.03
4.33456e-03,0.03,0.05
4.33464e-03,0.01,-0.01
4.33472e-03,0.03,0.05
4.33480e-03,0.03,-0.01
4.33488e-03,0.03,0.05
4.33496e-03,0.01,-0.03
4.33504e-03,0.03,0.05
4.33512e-03,0.03,-0.01
4.33520e-03,0.03,0.07
4.33528e-03,0.03,-0.01
4.33536e-03,0.03,0.05
4.33544e-03,0.01,-0.01
4.33552e-03,0.01,0.05
4.33560e-03,0.03,-0.03
4.33568e-03,0.03,0.05
4.33576e-03,0.03,-0.03
4.33584e-03,0.03,0.05
4.33592e-03,0.01,-0.01
4.33600e-03,0.03,0.05
4.33608e-03,0.03,-0.01
4.33616e-03,0.03,0.05
4.33624e-03,0.03,-0.01
4.33632e-03,0.05,0.05
4.33640e-03,0.03,-0.01
4.33648e-03,0.05,0.05
4.33656e-03,0.03,-0.01
4.33664e-03,0.03,0.05
4.33672e-03,0.05,-0.01
4.33680e-03,0.03,0.05
4.33688e-03,0.05,-0.01
4.33696e-03,0.03,0.05
4.33704e-03,0.03,-0.03
4.33712e-03,0.01,0.07
4.33720e-03,0.03,-0.03
4.33728e-03,0.05,0.05
4.33736e-03,0.03,-0.01
4.33744e-03,0.03,0.05
4.33752e-03,0.03,-0.01
4.33760e-03,0.05,0.05
4.33768e-03,0.01,-0.01
4.33776e-03,0.03,0.05
4.33784e-03,0.03,-0.01
4.33792e-03,0.03,0.05
4.33800e-03,0.03,-0.03
4.33808e-03,0.01,0.05
4.33816e-03,0.05,-0.01
4.33824e-03,0.03,0.05
4.33832e-03,0.03,-0.01
4.33840e-03,0.01,0.05
4.33848e-03,0.03,-0.03
4.33856e-03,0.03,0.07
4.33864e-03,0.03,-0.03
4.33872e-03,0.03,0.05
4.33880e-03,0.01,-0.01
4.33888e-03,0.03,0.05
4.33896e-03,0.01,-0.03
4.33904e-03,0.03,0.05
4.33912e-03,0.03,-0.03
4.33920e-03,0.03,0.05
4.33928e-03,0.03,-0.01
4.33936e-03,0.01,0.05
4.33944e-03,0.05,-0.01
4.33952e-03,0.01,0.05
4.33960e-03,0.03,-0.03
4.33968e-03,0.03,0.05
4.33976e-03,0.03,-0.03
4.33984e-03,0.01,0.05
4.33992e-03,0.01,-0.01
4.34000e-03,0.01,0.05
4.34008e-03,0.01,-0.01
4.34016e-03,0.03,0.05
4.34024e-03,0.01,-0.03
4.34032e-03,0.03,0.05
4.34040e-03,0.03,-0.01
4.34048e-03,0.03,0.05
4.34056e-03,0.03,-0.03
4.34064e-03,0.03,0.05
4.34072e-03,0.03,-0.03
4.34080e-03,0.03,0.05
4.34088e-03,0.03,-0.01
4.34096e-03,0.03,0.05
4.34104e-03,0.03,-0.01
4.34112e-03,0.01,0.05
4.34120e-03,0.03,-0.03
4.34128e-03,0.03,0.05
4.34136e-03,0.03,-0.03
4.34144e-03,0.03,0.05
4.34152e-03,0.01,-0.01
4.34160e-03,0.01,0.05
4.34168e-03,0.03,-0.03
4.34176e-03,0.03,0.05
4.34184e-03,0.01,-0.03
4.34192e-03,0.01,0.05
4.34200e-03,0.03,-0.03
4.34208e-03,0.03,0.05
4.34216e-03,0.03,-0.03
4.34224e-03,0.01,0.05
4.34232e-03,0.03,-0.03
4.34240e-03,0.01,0.05
4.34248e-03,0.03,-0.01
4.34256e-03,0.01,0.05
4.34264e-03,0.03,-0.03
4.34272e-03,0.03,0.05
4.34280e-03,0.01,-0.03
4.34288e-03,0.03,0.05
4.34296e-03,0.01,-0.03
4.34304e-03,0.03,0.07
4.34312e-03,0.03,-0.03
4.34320e-03,0.01,0.05
4.34328e-03,0.03,-0.03
4.34336e-03,0.03,0.05
4.34344e-03,0.03,-0.03
4.34352e-03,0.01,0.05
4.34360e-03,0.03,-0.01
4.34368e-03,0.03,0.05
4.34376e-03,0.03,-0.03
4.34384e-03,0.03,0.05
4.34392e-03,0.03,-0.03
4.34400e-03,0.03,0.03
4.34408e-03,0.01,-0.03
4.34416e-03,0.05,0.05
4.34424e-03,0.01,-0.03
4.34432e-03,0.03,0.05
4.34440e-03,0.03,-0.03
4.34448e-03,0.03,0.05
4.34456e-03,0.01,-0.01
4.34464e-03,0.01,0.05
4.34472e-03,0.03,-0.03
4.34480e-03,0.03,0.05
4.34488e-03,0.03,-0.03
4.34496e-03,0.01,0.05
4.34504e-03,0.03,-0.03
4.34512e-03,0.03,0.05
4.34520e-03,0.01,-0.03
4.34528e-03,0.01,0.05
4.34536e-03,0.05,-0.01
4.34544e-03,0.03,0.05
4.34552e-03,0.01,-0.05
4.34560e-03,0.01,0.05
4.34568e-03,0.01,-0.03
4.34576e-03,0.03,0.05
4.34584e-03,0.03,-0.03
4.34592e-03,0.03,0.07
4.34600e-03,0.03,-0.03
4.34608e-03,0.03,0.05
4.34616e-03,0.03,-0.03
4.34624e-03,0.01,0.05
4.34632e-03,0.03,-0.03
4.34640e-03,0.03,0.05
4.34648e-03,0.01,-0.03
4.34656e-03,0.03,0.05
4.34664e-03,0.01,-0.01
4.34672e-03,0.05,0.05
4.34680e-03,0.01,-0.03
4.34688e-03,0.03,0.05
4.34696e-03,0.01,-0.03
4.34704e-03,0.03,0.05
4.34712e-03,0.03,-0.01
4.34720e-03,0.01,0.05
4.34728e-03,0.03,-0.03
4.34736e-03,0.01,0.05
4.34744e-03,0.03,-0.03
4.34752e-03,0.01,0.05
4.34760e-03,0.05,-0.01
4.34768e-03,0.01,0.05
4.34776e-03,0.03,-0.05
4.34784e-03,0.03,0.07
4.34792e-03,0.03,-0.03
4.34800e-03,0.03,0.05
4.34808e-03,0.01,-0.03
4.34816e-03,0.03,0.05
4.34824e-03,0.01,-0.01
4.34832e-03,0.05,0.05
4.34840e-03,0.03,-0.03
4.34848e-03,0.01,0.05
4.34856e-03,0.03,-0.01
4.34864e-03,0.03,0.05
4.34872e-03,0.03,-0.01
4.34880e-03,0.01,0.05
4.34888e-03,0.03,-0.01
4.34896e-03,0.01,0.05
4.34904e-03,0.03,-0.03
4.34912e-03,0.01,0.05
4.34920e-03,0.03,-0.03
4.34928e-03,0.01,0.05
4.34936e-03,0.01,-0.03
4.34944e-03,0.03,0.05
4.34952e-03,0.03,-0.03
4.34960e-03,0.03,0.05
4.34968e-03,0.03,-0.01
4.34976e-03,0.03,0.05
4.34984e-03,0.01,-0.03
4.34992e-03,0.03,0.05
4.35000e-03,0.03,-0.03
4.35008e-03,0.03,0.05
4.35016e-03,0.03,-0.03
4.35024e-03,0.01,0.05
4.35032e-03,0.05,-0.01
4.35040e-03,0.01,0.05
4.35048e-03,0.03,-0.03
4.35056e-03,0.01,0.05
4.35064e-03,0.01,-0.03
4.35072e-03,0.03,0.05
4.35080e-03,0.01,-0.01
4.35088e-03,0.03,0.05
4.35096e-03,0.03,-0.01
4.35104e-03,0.05,0.05
4.35112e-03,0.03,-0.01
4.35120e-03,0.03,0.07
4.35128e-03,0.01,-0.01
4.35136e-03,-0.01,0.05
4.35144e-03,0.03,-0.01
4.35152e-03,0.01,0.05
4.35160e-03,0.03,-0.01
4.35168e-03,0.01,0.05
4.35176e-03,0.05,-0.01
4.35184e-03,0.03,0.05
4.35192e-03,0.03,-0.03
4.35200e-03,0.01,0.05
4.35208e-03,0.01,-0.03
4.35216e-03,0.03,0.05
4.35224e-03,0.03,-0.01
4.35232e-03,0.01,0.05
4.35240e-03,0.03,-0.03
4.35248e-03,0.03,0.05
4.35256e-03,0.03,-0.03
4.35264e-03,0.03,0.07
4.35272e-03,0.05,-0.01
4.35280e-03,0.03,0.05
4.35288e-03,0.05,-0.03
4.35296e-03,0.01,0.05
4.35304e-03,0.03,-0.03
4.35312e-03,0.01,0.05
4.35320e-03,0.01,-0.01
4.35328e-03,0.03,0.05
4.35336e-03,0.01,-0.03
4.35344e-03,0.03,0.05
4.35352e-03,0.03,-0.03
4.35360e-03,0.05,0.05
4.35368e-03,0.03,-0.01
4.35376e-03,0.03,0.05
4.35384e-03,0.01,-0.01
4.35392e-03,0.01,0.05
4.35400e-03,0.03,-0.03
4.35408e-03,0.03,0.05
4.35416e-03,0.05,-0.01
4.35424e-03,-0.01,0.05
4.35432e-03,0.01,-0.03
4.35440e-03,0.01,0.07
4.35448e-03,0.03,-0.03
4.35456e-03,0.03,0.07
4.35464e-03,0.03,-0.03
4.35472e-03,0.03,0.05
4.35480e-03,0.01,-0.01
4.35488e-03,0.03,0.05
4.35496e-03,0.01,-0.01
4.35504e-03,0.05,0.05
4.35512e-03,0.01,-0.01
4.35520e-03,0.03,0.05
4.35528e-03,0.03,-0.03
4.35536e-03,0.01,0.05
4.35544e-03,0.05,-0.01
4.35552e-03,0.03,0.05
4.35560e-03,0.05,-0.01
4.35568e-03,0.01,0.05
4.35576e-03,0.03,-0.03
4.35584e-03,0.03,0.05
4.35592e-03,0.03,-0.03
4.35600e-03,0.03,0.05
4.35608e-03,0.01,-0.03
4.35616e-03,0.03,0.05
4.35624e-03,0.01,-0.01
4.35632e-03,0.03,0.05
4.35640e-03,0.01,-0.01
4.35648e-03,0.05,0.05
4.35656e-03,0.01,-0.03
4.35664e-03,0.01,0.05
4.35672e-03,0.03,-0.03
4.35680e-03,0.01,0.03
4.35688e-03,0.03,-0.03
4.35696e-03,0.01,0.05
4.35704e-03,0.03,-0.01
4.35712e-03,0.03,0.05
4.35720e-03,0.01,-0.01
4.35728e-03,0.03,0.05
4.35736e-03,0.03,-0.03
4.35744e-03,0.03,0.05
4.35752e-03,0.03,-0.01
4.35760e-03,0.03,0.05
4.35768e-03,0.01,-0.03
4.35776e-03,0.03,0.05
4.35784e-03,0.01,-0.03
4.35792e-03,0.03,0.05
4.35800e-03,0.03,-0.03
4.35808e-03,0.01,0.05
4.35816e-03,0.05,-0.01
4.35824e-03,0.01,0.05
4.35832e-03,0.05,-0.01
4.35840e-03,0.03,0.07
4.35848e-03,0.03,-0.01
4.35856e-03,0.01,0.05
4.35864e-03,0.03,-0.03
4.35872e-03,0.03,0.05
4.35880e-03,0.03,-0.01
4.35888e-03,0.03,0.05
4.35896e-03,0.01,-0.01
4.35904e-03,0.03,0.07
4.35912e-03,0.03,-0.03
4.35920e-03,0.03,0.05
4.35928e-03,0.03,-0.03
4.35936e-03,0.01,0.07
4.35944e-03,0.03,-0.03
4.35952e-03,-0.01,0.05
4.35960e-03,0.03,-0.03
4.35968e-03,0.03,0.05
4.35976e-03,0.05,-0.01
4.35984e-03,0.03,0.05
4.35992e-03,0.03,-0.01
4.36000e-03,0.03,0.05
4.36008e-03,0.03,-0.03
4.36016e-03,0.05,0.07
4.36024e-03,0.01,-0.01
4.36032e-03,0.03,0.05
4.36040e-03,0.03,-0.01
4.36048e-03,0.03,0.05
4.36056e-03,0.03,-0.03
4.36064e-03,0.01,0.05
4.36072e-03,0.03,-0.03
4.36080e-03,0.01,0.05
4.36088e-03,0.03,-0.01
4.36096e-03,0.03,0.05
4.36104e-03,0.05,-0.01
4.36112e-03,0.05,0.05
4.36120e-03,0.03,-0.01
4.36128e-03,0.03,0.05
4.36136e-03,0.01,-0.03
4.36144e-03,0.03,0.05
4.36152e-03,0.01,-0.03
4.36160e-03,0.05,0.05
4.36168e-03,0.03,-0.01
4.36176e-03,0.03,0.05
4.36184e-03,0.01,-0.01
4.36192e-03,0.01,0.05
4.36200e-03,0.03,-0.03
4.36208e-03,0.01,0.05
4.36216e-03,0.03,-0.03
4.36224e-03,0.03,0.05
4.36232e-03,0.03,-0.01
4.36240e-03,0.01,0.05
4.36248e-03,0.03,-0.03
4.36256e-03,0.03,0.07
4.36264e-03,0.03,-0.03
4.36272e-03,0.05,0.05
4.36280e-03,0.03,-0.03
4.36288e-03,0.03,0.05
4.36296e-03,-0.01,-0.05
4.36304e-03,0.01,0.07
4.36312e-03,0.01,-0.03
4.36320e-03,0.01,0.07
4.36328e-03,0.03,-0.03
4.36336e-03,0.03,0.05
4.36344e-03,0.03,-0.01
4.36352e-03,0.03,0.05
4.36360e-03,0.03,-0.01
4.36368e-03,0.01,0.05
4.36376e-03,0.03,-0.01
4.36384e-03,0.01,0.05
4.36392e-03,0.01,-0.03
4.36400e-03,0.05,0.05
4.36408e-03,0.01,-0.03
4.36416e-03,0.05,0.05
4.36424e-03,0.01,-0.03
4.36432e-03,0.03,0.05
4.36440e-03,0.03,-0.01
4.36448e-03,0.01,0.05
4.36456e-03,0.03,-0.03
4.36464e-03,0.03,0.03
4.36472e-03,0.03,-0.03
4.36480e-03,0.03,0.05
4.36488e-03,0.03,-0.03
4.36496e-03,0.01,0.05
4.36504e-03,0.03,-0.01
4.36512e-03,0.03,0.05
4.36520e-03,0.03,-0.01
4.36528e-03,0.03,0.05
4.36536e-03,0.03,-0.01
4.36544e-03,0.03,0.05
4.36552e-03,0.03,-0.03
4.36560e-03,0.05,0.05
4.36568e-03,0.01,-0.01
4.36576e-03,0.01,0.05
4.36584e-03,0.03,-0.03
4.36592e-03,0.01,0.05
4.36600e-03,0.03,-0.03
4.36608e-03,-0.01,0.05
4.36616e-03,0.03,-0.03
4.36624e-03,0.01,0.05
4.36632e-03,0.03,-0.03
4.36640e-03,0.01,0.05
4.36648e-03,0.01,-0.01
4.36656e-03,0.03,0.05
4.36664e-03,0.03,-0.03
4.36672e-03,0.03,0.05
4.36680e-03,0.01,-0.01
4.36688e-03,0.05,0.05
4.36696e-03,0.01,-0.03
4.36704e-03,0.03,0.05
4.36712e-03,0.03,-0.05
4.36720e-03,0.03,0.07
4.36728e-03,0.03,-0.03
4.36736e-03,0.03,0.07
4.36744e-03,0.03,-0.03
4.36752e-03,0.01,0.05
4.36760e-03,0.03,-0.01
4.36768e-03,-0.01,0.05
4.36776e-03,0.03,-0.03
4.36784e-03,0.03,0.05
4.36792e-03,0.01,-0.03
4.36800e-03,0.03,0.05
4.36808e-03,0.01,-0.01
4.36816e-03,0.03,0.05
4.36824e-03,-0.01,-0.01
4.36832e-03,0.03,0.05
4.36840e-03,0.03,-0.03
4.36848e-03,0.03,0.05
4.36856e-03,0.01,-0.01
4.36864e-03,0.01,0.05
4.36872e-03,0.03,-0.01
4.36880e-03,0.03,0.05
4.36888e-03,0.03,-0.01
4.36896e-03,-0.01,0.05
4.36904e-03,0.03,-0.01
4.36912e-03,0.01,0.05
4.36920e-03,0.03,-0.03
4.36928e-03,0.01,0.05
4.36936e-03,0.03,-0.01
4.36944e-03,0.03,0.05
4.36952e-03,0.01,-0.03
4.36960e-03,0.03,0.05
4.36968e-03,0.03,-0.01
4.36976e-03,0.03,0.05
4.36984e-03,0.03,-0.03
4.36992e-03,0.03,0.05
4.37000e-03,0.03,-0.01
4.37008e-03,0.03,0.05
4.37016e-03,0.03,-0.01
4.37024e-03,0.01,0.05
4.37032e-03,0.03,-0.03
4.37040e-03,0.01,0.05
4.37048e-03,0.03,-0.03
4.37056e-03,0.03,0.05
4.37064e-03,0.01,-0.03
4.37072e-03,0.05,0.05
4.37080e-03,0.03,-0.01
4.37088e-03,0.03,0.05
4.37096e-03,0.03,-0.01
4.37104e-03,0.05,0.05
4.37112e-03,0.03,-0.01
4.37120e-03,0.03,0.05
4.37128e-03,0.03,-0.01
4.37136e-03,0.03,0.05
4.37144e-03,0.03,-0.01
4.37152e-03,0.05,0.05
4.37160e-03,0.05,-0.03
4.37168e-03,0.03,0.07
4.37176e-03,0.01,-0.03
4.37184e-03,0.03,0.07
4.37192e-03,0.03,-0.03
4.37200e-03,0.05,0.07
4.37208e-03,0.01,-0.03
4.37216e-03,0.03,0.07
4.37224e-03,0.01,-0.01
4.37232e-03,0.05,0.05
4.37240e-03,0.03,-0.03
4.37248e-03,0.03,0.05
4.37256e-03,0.03,-0.03
4.37264e-03,0.05,0.05
4.37272e-03,0.05,-0.03
4.37280e-03,0.03,0.05
4.37288e-03,0.05,-0.01
4.37296e-03,0.01,0.05
4.37304e-03,0.01,-0.03
4.37312e-03,0.01,0.05
4.37320e-03,0.03,-0.01
4.37328e-03,0.03,0.05
4.37336e-03,0.01,-0.03
4.37344e-03,0.03,0.05
4.37352e-03,0.01,-0.01
4.37360e-03,0.03,0.05
4.37368e-03,0.01,-0.01
4.37376e-03,0.03,0.03
4.37384e-03,0.03,-0.01
4.37392e-03,0.03,0.05
4.37400e-03,0.03,-0.01
4.37408e-03,0.01,0.05
4.37416e-03,0.03,-0.01
4.37424e-03,0.01,0.05
4.37432e-03,0.03,-0.01
4.37440e-03,0.03,0.05
4.37448e-03,0.03,-0.03
4.37456e-03,0.03,0.05
4.37464e-03,0.03,-0.01
4.37472e-03,0.03,0.05
4.37480e-03,0.03,-0.01
4.37488e-03,0.03,0.05
4.37496e-03,0.03,-0.01
4.37504e-03,0.03,0.05
4.37512e-03,0.01,-0.01
4.37520e-03,0.01,0.05
4.37528e-03,0.03,-0.03
4.37536e-03,0.03,0.05
4.37544e-03,0.03,-0.03
4.37552e-03,0.01,0.05
4.37560e-03,0.03,-0.01
4.37568e-03,0.03,0.05
4.37576e-03,0.03,-0.03
4.37584e-03,0.03,0.05
4.37592e-03,0.01,-0.01
4.37600e-03,0.03,0.05
4.37608e-03,0.03,-0.01
4.37616e-03,0.03,0.05
4.37624e-03,0.03,-0.01
4.37632e-03,0.03,0.05
4.37640e-03,0.03,-0.01
4.37648e-03,0.05,0.05
4.37656e-03,0.01,-0.03
4.37664e-03,0.03,0.05
4.37672e-03,0.05,-0.01
4.37680e-03,0.03,0.05
4.37688e-03,0.03,-0.01
4.37696e-03,0.03,0.05
4.37704e-03,0.03,-0.01
4.37712e-03,0.05,0.05
4.37720e-03,0.01,-0.01
4.37728e-03,0.05,0.07
4.37736e-03,0.03,-0.01
4.37744e-03,0.03,0.05
4.37752e-03,0.03,-0.03
4.37760e-03,0.03,0.05
4.37768e-03,0.03,-0.01
4.37776e-03,0.01,0.05
4.37784e-03,0.01,-0.01
4.37792e-03,0.01,0.05
4.37800e-03,0.05,-0.03
4.37808e-03,0.01,0.05
4.37816e-03,0.05,-0.01
4.37824e-03,0.03,0.05
4.37832e-03,0.03,-0.01
4.37840e-03,0.03,0.05
4.37848e-03,0.03,-0.03
4.37856e-03,0.03,0.05
4.37864e-03,0.03,-0.01
4.37872e-03,0.05,0.05
4.37880e-03,0.03,-0.01
4.37888e-03,0.03,0.07
4.37896e-03,0.01,-0.01
4.37904e-03,0.03,0.05
4.37912e-03,0.03,-0.01
4.37920e-03,0.05,0.05
4.37928e-03,0.03,-0.01
4.37936e-03,0.01,0.05
4.37944e-03,0.05,-0.01
4.37952e-03,0.01,0.05
4.37960e-03,0.03,-0.01
4.37968e-03,0.01,0.05
4.37976e-03,0.03,-0.01
4.37984e-03,0.01,0.05
4.37992e-03,0.03,-0.03
4.38000e-03,0.01,0.05
4.38008e-03,0.01,-0.01
4.38016e-03,0.01,0.05
4.38024e-03,0.01,-0.03
4.38032e-03,0.01,0.07
4.38040e-03,0.05,-0.03
4.38048e-03,0.03,0.05
4.38056e-03,0.03,-0.03
4.38064e-03,0.01,0.05
4.38072e-03,0.03,-0.01
4.38080e-03,0.01,0.05
4.38088e-03,0.03,-0.03
4.38096e-03,0.01,0.05
4.38104e-03,0.01,-0.03
4.38112e-03,0.03,0.05
4.38120e-03,0.03,-0.01
4.38128e-03,0.03,0.05
4.38136e-03,0.03,-0.01
4.38144e-03,0.03,0.05
4.38152e-03,0.03,-0.01
4.38160e-03,0.05,0.05
4.38168e-03,0.03,-0.03
4.38176e-03,0.03,0.05
4.38184e-03,0.03,-0.03
4.38192e-03,0.01,0.05
4.38200e-03,0.03,-0.01
4.38208e-03,0.03,0.05
4.38216e-03,0.03,-0.01
4.38224e-03,0.01,0.05
4.38232e-03,0.03,-0.01
4.38240e-03,0.05,0.05
4.38248e-03,0.01,-0.01
4.38256e-03,0.03,0.05
4.38264e-03,0.03,-0.03
4.38272e-03,0.03,0.05
4.38280e-03,-0.01,-0.01
4.38288e-03,0.05,0.05
4.38296e-03,0.01,-0.03
4.38304e-03,0.03,0.05
4.38312e-03,0.03,-0.01
4.38320e-03,0.01,0.07
4.38328e-03,0.03,-0.01
4.38336e-03,0.01,0.05
4.38344e-03,0.03,-0.01
4.38352e-03,0.03,0.05
4.38360e-03,0.03,-0.01
4.38368e-03,0.01,0.05
4.38376e-03,0.01,-0.01
4.38384e-03,0.03,0.05
4.38392e-03,0.01,-0.01
4.38400e-03,0.03,0.05
4.38408e-03,0.01,-0.01
4.38416e-03,0.03,0.05
4.38424e-03,0.01,-0.01
4.38432e-03,0.03,0.05
4.38440e-03,0.01,-0.01
4.38448e-03,0.03,0.05
4.38456e-03,0.05,-0.03
4.38464e-03,0.03,0.05
4.38472e-03,0.03,-0.01
4.38480e-03,0.03,0.05
4.38488e-03,0.03,-0.01
4.38496e-03,0.01,0.05
4.38504e-03,0.03,-0.01
4.38512e-03,0.03,0.05
4.38520e-03,0.05,-0.01
4.38528e-03,0.03,0.05
4.38536e-03,0.01,-0.03
4.38544e-03,0.03,0.07
4.38552e-03,0.01,-0.03
4.38560e-03,0.05,0.05
4.38568e-03,0.03,-0.01
4.38576e-03,0.03,0.05
4.38584e-03,0.03,-0.01
4.38592e-03,0.03,0.05
4.38600e-03,0.03,-0.03
4.38608e-03,0.03,0.05
4.38616e-03,0.03,-0.01
4.38624e-03,0.01,0.05
4.38632e-03,0.05,-0.01
4.38640e-03,0.01,0.05
4.38648e-03,0.03,-0.03
4.38656e-03,0.03,0.07
4.38664e-03,0.03,-0.03
4.38672e-03,0.03,0.07
4.38680e-03,0.01,-0.01
4.38688e-03,0.05,0.05
4.38696e-03,0.01,-0.01
4.38704e-03,0.03,0.05
4.38712e-03,0.03,-0.01
4.38720e-03,0.03,0.05
4.38728e-03,0.03,-0.03
4.38736e-03,0.03,0.05
4.38744e-03,0.03,-0.01
4.38752e-03,0.01,0.05
4.38760e-03,0.05,-0.03
4.38768e-03,0.01,0.05
4.38776e-03,0.03,-0.03
4.38784e-03,0.03,0.05
4.38792e-03,0.03,-0.01
4.38800e-03,0.03,0.05
4.38808e-03,0.03,-0.01
4.38816e-03,0.03,0.05
4.38824e-03,0.03,-0.01
4.38832e-03,0.03,0.05
4.38840e-03,0.03,-0.03
4.38848e-03,0.03,0.05
4.38856e-03,0.05,-0.03
4.38864e-03,0.01,0.05
4.38872e-03,0.05,-0.01
4.38880e-03,0.01,0.05
4.38888e-03,0.01,-0.03
4.38896e-03,0.01,0.05
4.38904e-03,0.03,-0.03
4.38912e-03,0.03,0.07
4.38920e-03,0.03,-0.03
4.38928e-03,0.03,0.07
4.38936e-03,0.01,-0.03
4.38944e-03,0.05,0.05
4.38952e-03,0.03,-0.03
4.38960e-03,0.01,0.05
4.38968e-03,0.03,-0.03
4.38976e-03,0.03,0.05
4.38984e-03,0.01,-0.01
4.38992e-03,0.03,0.05
4.39000e-03,0.01,-0.03
4.39008e-03,0.03,0.05
4.39016e-03,0.03,-0.01
4.39024e-03,0.01,0.07
4.39032e-03,0.03,-0.01
4.39040e-03,0.03,0.05
4.39048e-03,0.03,-0.01
4.39056e-03,0.05,0.05
4.39064e-03,0.01,-0.01
4.39072e-03,0.03,0.05
4.39080e-03,0.03,-0.01
4.39088e-03,0.03,0.05
4.39096e-03,-0.01,-0.01
4.39104e-03,0.03,0.05
4.39112e-03,0.03,-0.03
4.39120e-03,0.03,0.05
4.39128e-03,0.05,-0.03
4.39136e-03,0.01,0.05
4.39144e-03,0.07,-0.03
4.39152e-03,-0.01,0.05
4.39160e-03,0.07,-0.03
4.39168e-03,0.01,0.07
4.39176e-03,0.03,-0.03
4.39184e-03,0.01,0.07
4.39192e-03,0.03,-0.03
4.39200e-03,0.05,0.05
4.39208e-03,0.01,-0.03
4.39216e-03,0.05,0.05
4.39224e-03,0.01,-0.03
4.39232e-03,0.05,0.05
4.39240e-03,0.03,-0.03
4.39248e-03,0.03,0.05
4.39256e-03,0.01,-0.03
4.39264e-03,0.03,0.05
4.39272e-03,0.03,-0.01
4.39280e-03,0.01,0.05
4.39288e-03,0.03,-0.01
4.39296e-03,0.01,0.05
4.39304e-03,0.05,-0.03
4.39312e-03,0.03,0.05
4.39320e-03,0.03,-0.01
4.39328e-03,0.03,0.05
4.39336e-03,0.01,-0.01
4.39344e-03,0.03,0.05
4.39352e-03,0.03,-0.01
4.39360e-03,0.03,0.05
4.39368e-03,0.03,-0.01
4.39376e-03,0.01,0.03
4.39384e-03,0.03,-0.01
4.39392e-03,0.03,0.05
4.39400e-03,0.03,-0.01
4.39408e-03,0.01,0.05
4.39416e-03,0.03,-0.01
4.39424e-03,0.01,0.05
4.39432e-03,0.03,-0.01
4.39440e-03,0.01,0.05
4.39448e-03,0.01,-0.03
4.39456e-03,0.03,0.05
4.39464e-03,0.01,-0.03
4.39472e-03,0.03,0.05
4.39480e-03,0.03,-0.01
4.39488e-03,0.03,0.05
4.39496e-03,0.03,-0.01
4.39504e-03,0.03,0.05
4.39512e-03,0.01,-0.03
4.39520e-03,0.03,0.05
4.39528e-03,0.03,-0.03
4.39536e-03,0.01,0.05
4.39544e-03,0.03,-0.03
4.39552e-03,0.01,0.05
4.39560e-03,0.03,-0.01
4.39568e-03,0.03,0.05
4.39576e-03,0.01,-0.03
4.39584e-03,0.03,0.05
4.39592e-03,0.03,-0.03
4.39600e-03,0.03,0.05
4.39608e-03,0.03,-0.03
4.39616e-03,0.03,0.05
4.39624e-03,0.01,-0.03
4.39632e-03,0.03,0.05
4.39640e-03,0.01,-0.03
4.39648e-03,0.01,0.05
4.39656e-03,0.03,-0.01
4.39664e-03,0.01,0.05
4.39672e-03,0.05,-0.03
4.39680e-03,0.01,0.05
4.39688e-03,0.05,-0.03
4.39696e-03,0.01,0.05
4.39704e-03,0.03,-0.03
4.39712e-03,0.01,0.05
4.39720e-03,0.01,-0.03
4.39728e-03,0.03,0.05
4.39736e-03,0.03,-0.03
4.39744e-03,0.01,0.05
4.39752e-03,0.01,-0.05
4.39760e-03,0.03,0.07
4.39768e-03,0.03,-0.03
4.39776e-03,0.05,0.07
4.39784e-03,0.03,-0.03
4.39792e-03,0.01,0.05
4.39800e-03,0.05,-0.03
4.39808e-03,0.03,0.05
4.39816e-03,0.03,-0.01
4.39824e-03,0.01,0.05
4.39832e-03,0.03,-0.03
4.39840e-03,0.03,0.05
4.39848e-03,0.03,-0.03
4.39856e-03,0.03,0.05
4.39864e-03,0.01,-0.03
4.39872e-03,0.01,0.05
4.39880e-03,0.01,-0.01
4.39888e-03,0.03,0.05
4.39896e-03,0.03,-0.03
4.39904e-03,0.05,0.05
4.39912e-03,0.03,-0.01
4.39920e-03,0.01,0.05
4.39928e-03,0.05,-0.01
4.39936e-03,0.01,0.05
4.39944e-03,0.03,-0.01
4.39952e-03,0.01,0.05
4.39960e-03,0.05,-0.01
4.39968e-03,0.03,0.05
4.39976e-03,0.03,-0.01
4.39984e-03,0.03,0.05
4.39992e-03,0.03,-0.01
4.40000e-03,0.03,0.05
4.40008e-03,0.03,-0.01
4.40016e-03,0.05,0.05
4.40024e-03,0.03,-0.01
4.40032e-03,0.05,0.05
4.40040e-03,0.03,-0.03
4.40048e-03,0.05,0.05
4.40056e-03,0.03,-0.01
4.40064e-03,0.03,0.05
4.40072e-03,0.05,-0.01
4.40080e-03,0.03,0.05
4.40088e-03,0.03,-0.03
4.40096e-03,0.05,0.05
4.40104e-03,0.03,-0.01
4.40112e-03,0.03,0.05
4.40120e-03,0.03,-0.01
4.40128e-03,0.03,0.05
4.40136e-03,0.01,-0.03
4.40144e-03,0.03,0.05
4.40152e-03,0.01,-0.01
4.40160e-03,0.03,0.05
4.40168e-03,0.03,-0.01
4.40176e-03,0.03,0.05
4.40184e-03,0.03,-0.03
4.40192e-03,0.03,0.05
4.40200e-03,0.05,-0.03
4.40208e-03,0.01,0.05
4.40216e-03,0.03,-0.01
4.40224e-03,0.01,0.05
4.40232e-03,0.03,-0.01
4.40240e-03,0.03,0.05
4.40248e-03,0.03,-0.01
4.40256e-03,0.03,0.05
4.40264e-03,0.01,-0.01
4.40272e-03,0.03,0.05
4.40280e-03,0.01,-0.01
4.40288e-03,0.03,0.05
4.40296e-03,0.01,-0.01
4.40304e-03,0.03,0.05
4.40312e-03,0.03,-0.03
4.40320e-03,0.03,0.05
4.40328e-03,0.05,-0.01
4.40336e-03,0.03,0.05
4.40344e-03,0.01,-0.03
4.40352e-03,0.03,0.05
4.40360e-03,0.03,-0.03
4.40368e-03,0.03,0.05
4.40376e-03,0.03,-0.01
4.40384e-03,0.01,0.05
4.40392e-03,0.03,-0.01
4.40400e-03,0.03,0.05
4.40408e-03,0.01,-0.01
4.40416e-03,0.03,0.05
4.40424e-03,0.01,-0.01
4.40432e-03,0.03,0.05
4.40440e-03,0.03,-0.03
4.40448e-03,0.01,0.05
4.40456e-03,0.01,-0.01
4.40464e-03,0.03,0.03
4.40472e-03,0.03,-0.03
4.40480e-03,0.01,0.05
4.40488e-03,0.03,-0.01
4.40496e-03,0.03,0.03
4.40504e-03,0.01,-0.01
4.40512e-03,0.03,0.05
4.40520e-03,0.01,-0.01
4.40528e-03,0.03,0.05
4.40536e-03,0.01,-0.01
4.40544e-03,0.03,0.05
4.40552e-03,0.01,-0.03
4.40560e-03,0.03,0.05
4.40568e-03,0.01,-0.03
4.40576e-03,0.03,0.05
4.40584e-03,0.01,-0.03
4.40592e-03,0.03,0.05
4.40600e-03,0.03,-0.03
4.40608e-03,0.03,0.05
4.40616e-03,0.01,-0.03
4.40624e-03,-0.01,0.05
4.40632e-03,-0.01,-0.03
4.40640e-03,0.03,0.05
4.40648e-03,0.05,-0.05
4.40656e-03,0.03,0.07
4.40664e-03,0.03,-0.05
4.40672e-03,0.03,0.05
4.40680e-03,0.03,-0.03
4.40688e-03,0.03,0.05
4.40696e-03,0.01,-0.01
4.40704e-03,0.03,0.05
4.40712e-03,0.05,-0.03
4.40720e-03,0.05,0.05
4.40728e-03,0.03,-0.05
4.40736e-03,0.01,0.07
4.40744e-03,0.03,-0.03
4.40752e-03,0.03,0.05
4.40760e-03,0.03,-0.01
4.40768e-03,0.03,0.05
4.40776e-03,0.03,-0.01
4.40784e-03,0.03,0.05
4.40792e-03,0.03,-0.01
4.40800e-03,0.03,0.05
4.40808e-03,0.01,-0.01
4.40816e-03,0.03,0.05
4.40824e-03,0.01,-0.03
4.40832e-03,0.03,0.05
4.40840e-03,0.03,-0.03
4.40848e-03,0.03,0.05
4.40856e-03,0.03,-0.01
4.40864e-03,0.03,0.05
4.40872e-03,0.03,-0.03
4.40880e-03,0.01,0.05
4.40888e-03,0.03,-0.03
4.40896e-03,0.03,0.05
4.40904e-03,0.05,-0.01
4.40912e-03,0.03,0.05
4.40920e-03,0.03,-0.03
4.40928e-03,0.05,0.05
4.40936e-03,0.01,-0.01
4.40944e-03,0.03,0.05
4.40952e-03,0.03,-0.01
4.40960e-03,0.01,0.05
4.40968e-03,0.03,-0.03
4.40976e-03,0.03,0.05
4.40984e-03,0.03,-0.03
4.40992e-03,0.01,0.05
4.41000e-03,0.03,-0.01
4.41008e-03,0.01,0.05
4.41016e-03,0.03,-0.03
4.41024e-03,0.01,0.05
4.41032e-03,0.03,-0.03
4.41040e-03,0.01,0.05
4.41048e-03,0.03,-0.03
4.41056e-03,0.03,0.05
4.41064e-03,0.03,-0.01
4.41072e-03,0.03,0.07
4.41080e-03,0.03,-0.03
4.41088e-03,0.03,0.05
4.41096e-03,0.01,-0.01
4.41104e-03,0.03,0.05
4.41112e-03,0.03,-0.01
4.41120e-03,0.01,0.05
4.41128e-03,0.03,-0.01
4.41136e-03,0.01,0.05
4.41144e-03,0.03,-0.01
4.41152e-03,0.03,0.05
4.41160e-03,0.03,-0.01
4.41168e-03,0.01,0.05
4.41176e-03,0.03,-0.03
4.41184e-03,0.03,0.05
4.41192e-03,0.03,-0.03
4.41200e-03,0.05,0.05
4.41208e-03,0.03,-0.03
4.41216e-03,0.01,0.05
4.41224e-03,0.03,-0.01
4.41232e-03,0.01,0.05
4.41240e-03,0.03,-0.01
4.41248e-03,0.03,0.05
4.41256e-03,0.03,-0.03
4.41264e-03,0.03,0.05
4.41272e-03,0.03,-0.01
4.41280e-03,0.01,0.05
4.41288e-03,0.03,-0.03
4.41296e-03,0.01,0.05
4.41304e-03,0.03,-0.03
4.41312e-03,0.01,0.05
4.41320e-03,0.01,-0.03
4.41328e-03,0.03,0.05
4.41336e-03,0.01,-0.01
4.41344e-03,0.03,0.05
4.41352e-03,0.03,-0.03
4.41360e-03,0.03,0.05
4.41368e-03,0.01,-0.03
4.41376e-03,0.03,0.05
4.41384e-03,0.03,-0.03
4.41392e-03,0.03,0.05
4.41400e-03,0.03,-0.01
4.41408e-03,0.01,0.05
4.41416e-03,0.03,-0.03
4.41424e-03,0.01,0.05
4.41432e-03,0.05,-0.03
4.41440e-03,0.03,0.05
4.41448e-03,0.01,-0.03
4.41456e-03,0.01,0.05
4.41464e-03,-0.01,-0.03
4.41472e-03,0.05,0.05
4.41480e-03,0.03,-0.03
4.41488e-03,0.05,0.07
4.41496e-03,0.01,-0.03
4.41504e-03,0.05,0.07
4.41512e-03,0.03,-0.05
4.41520e-03,0.03,0.07
4.41528e-03,0.03,-0.03
4.41536e-03,0.03,0.05
4.41544e-03,0.05,-0.01
4.41552e-03,0.01,0.05
4.41560e-03,0.03,-0.03
4.41568e-03,0.01,0.05
4.41576e-03,0.03,-0.03
4.41584e-03,0.03,0.05
4.41592e-03,0.03,-0.01
4.41600e-03,0.03,0.05
4.41608e-03,0.01,-0.03
4.41616e-03,0.03,0.05
4.41624e-03,0.03,-0.03
4.41632e-03,0.05,0.05
4.41640e-03,0.03,-0.03
4.41648e-03,0.03,0.05
4.41656e-03,0.03,-0.03
4.41664e-03,0.03,0.05
4.41672e-03,0.03,-0.01
4.41680e-03,0.03,0.05
4.41688e-03,0.03,-0.03
4.41696e-03,0.03,0.05
4.41704e-03,0.01,-0.03
4.41712e-03,0.01,0.05
4.41720e-03,0.01,-0.01
4.41728e-03,0.03,0.05
4.41736e-03,0.01,-0.01
4.41744e-03,0.01,0.05
4.41752e-03,0.01,-0.03
4.41760e-03,0.03,0.05
4.41768e-03,0.01,-0.03
4.41776e-03,0.03,0.05
4.41784e-03,0.03,-0.03
4.41792e-03,0.03,0.05
4.41800e-03,0.05,-0.01
4.41808e-03,0.01,0.05
4.41816e-03,0.03,-0.03
4.41824e-03,0.03,0.05
4.41832e-03,0.03,-0.03
4.41840e-03,0.01,0.05
4.41848e-03,0.03,-0.01
4.41856e-03,0.03,0.05
4.41864e-03,0.01,-0.01
4.41872e-03,0.03,0.05
4.41880e-03,0.03,-0.01
4.41888e-03,0.03,0.05
4.41896e-03,0.01,-0.03
4.41904e-03,0.03,0.05
4.41912e-03,0.03,-0.01
4.41920e-03,0.03,0.05
4.41928e-03,0.03,-0.03
4.41936e-03,0.01,0.05
4.41944e-03,0.05,-0.03
4.41952e-03,0.03,0.05
4.41960e-03,0.03,-0.01
4.41968e-03,0.03,0.05
4.41976e-03,0.03,-0.01
4.41984e-03,0.03,0.05
4.41992e-03,0.03,-0.01
4.42000e-03,0.03,0.05
4.42008e-03,0.03,-0.03
4.42016e-03,0.03,0.05
4.42024e-03,0.01,-0.01
4.42032e-03,0.05,0.05
4.42040e-03,0.01,-0.01
4.42048e-03,0.03,0.05
4.42056e-03,0.03,-0.01
4.42064e-03,0.03,0.05
4.42072e-03,0.05,-0.01
4.42080e-03,0.03,0.05
4.42088e-03,0.05,-0.01
4.42096e-03,0.03,0.05
4.42104e-03,0.03,-0.01
4.42112e-03,0.03,0.05
4.42120e-03,0.03,-0.01
4.42128e-03,0.03,0.05
4.42136e-03,0.01,-0.01
4.42144e-03,0.03,0.05
4.42152e-03,0.03,-0.03
4.42160e-03,0.05,0.05
4.42168e-03,0.01,-0.03
4.42176e-03,0.03,0.05
4.42184e-03,0.03,-0.03
4.42192e-03,0.03,0.07
4.42200e-03,0.03,-0.03
4.42208e-03,0.01,0.05
4.42216e-03,0.03,-0.03
4.42224e-03,0.03,0.05
4.42232e-03,0.03,-0.01
4.42240e-03,0.03,0.05
4.42248e-03,0.03,-0.01
4.42256e-03,0.03,0.05
4.42264e-03,0.01,-0.01
4.42272e-03,0.03,0.05
4.42280e-03,0.01,-0.01
4.42288e-03,0.03,0.05
4.42296e-03,0.01,-0.01
4.42304e-03,0.05,0.05
4.42312e-03,0.01,-0.01
4.42320e-03,0.03,0.05
4.42328e-03,0.03,-0.03
4.42336e-03,0.01,0.05
4.42344e-03,0.01,-0.01
4.42352e-03,0.03,0.07
4.42360e-03,0.05,-0.03
4.42368e-03,0.07,0.07
4.42376e-03,0.03,-0.03
4.42384e-03,0.03,0.07
4.42392e-03,0.03,-0.03
4.42400e-03,0.03,0.07
4.42408e-03,0.01,-0.01
4.42416e-03,0.05,0.05
4.42424e-03,0.03,-0.01
4.42432e-03,0.03,0.05
4.42440e-03,0.03,-0.03
4.42448e-03,0.03,0.05
4.42456e-03,0.03,-0.03
4.42464e-03,0.01,0.05
4.42472e-03,0.03,-0.03
4.42480e-03,0.03,0.05
4.42488e-03,0.03,-0.01
4.42496e-03,0.01,0.05
4.42504e-03,0.03,-0.01
4.42512e-03,0.03,0.05
4.42520e-03,0.03,-0.03
4.42528e-03,0.05,0.05
4.42536e-03,0.01,-0.01
4.42544e-03,0.03,0.05
4.42552e-03,0.03,-0.03
4.42560e-03,0.01,0.05
4.42568e-03,0.03,-0.01
4.42576e-03,0.01,0.05
4.42584e-03,0.03,-0.01
4.42592e-03,0.03,0.05
4.42600e-03,0.05,-0.01
4.42608e-03,0.01,0.05
4.42616e-03,0.05,-0.01
4.42624e-03,0.01,0.05
4.42632e-03,0.03,-0.03
4.42640e-03,0.03,0.05
4.42648e-03,0.03,-0.01
4.42656e-03,0.03,0.05
4.42664e-03,0.03,-0.03
4.42672e-03,0.05,0.05
4.42680e-03,0.01,-0.05
4.42688e-03,0.01,0.07
4.42696e-03,0.01,-0.03
4.42704e-03,0.03,0.07
4.42712e-03,0.03,-0.01
4.42720e-03,0.05,0.05
4.42728e-03,0.03,-0.01
4.42736e-03,0.01,0.05
4.42744e-03,0.03,-0.03
4.42752e-03,0.01,0.05
4.42760e-03,0.01,-0.03
4.42768e-03,0.01,0.05
4.42776e-03,0.01,-0.03
4.42784e-03,0.03,0.05
4.42792e-03,0.03,-0.01
4.42800e-03,0.03,0.05
4.42808e-03,0.01,-0.03
4.42816e-03,0.03,0.05
4.42824e-03,0.01,-0.03
4.42832e-03,0.03,0.05
4.42840e-03,0.03,-0.03
4.42848e-03,0.03,0.05
4.42856e-03,0.03,-0.01
4.42864e-03,0.03,0.05
4.42872e-03,0.03,-0.03
4.42880e-03,0.01,0.05
4.42888e-03,0.03,-0.03
4.42896e-03,0.01,0.05
4.42904e-03,0.03,-0.03
4.42912e-03,0.03,0.05
4.42920e-03,0.03,-0.01
4.42928e-03,0.03,0.05
4.42936e-03,0.01,-0.03
4.42944e-03,0.03,0.05
4.42952e-03,0.03,-0.01
4.42960e-03,0.03,0.05
4.42968e-03,0.03,-0.03
4.42976e-03,0.03,0.05
4.42984e-03,0.03,-0.01
4.42992e-03,0.01,0.05
4.43000e-03,0.03,-0.03
4.43008e-03,0.01,0.05
4.43016e-03,0.01,-0.01
4.43024e-03,0.01,0.05
4.43032e-03,0.03,-0.01
4.43040e-03,0.01,0.05
4.43048e-03,0.03,-0.01
4.43056e-03,0.05,0.05
4.43064e-03,0.03,-0.01
4.43072e-03,0.05,0.05
4.43080e-03,0.03,-0.01
4.43088e-03,0.03,0.05
4.43096e-03,0.03,-0.01
4.43104e-03,0.03,0.05
4.43112e-03,0.03,-0.01
4.43120e-03,0.01,0.05
4.43128e-03,0.03,-0.03
4.43136e-03,0.03,0.05
4.43144e-03,0.03,-0.03
4.43152e-03,0.01,0.07
4.43160e-03,0.03,-0.01
4.43168e-03,0.03,0.05
4.43176e-03,0.01,-0.03
4.43184e-03,-0.01,0.05
4.43192e-03,0.03,-0.03
4.43200e-03,0.03,0.07
4.43208e-03,0.05,-0.03
4.43216e-03,0.03,0.05
4.43224e-03,0.03,-0.03
4.43232e-03,0.03,0.07
4.43240e-03,0.01,-0.01
4.43248e-03,0.05,0.05
4.43256e-03,0.03,-0.01
4.43264e-03,0.01,0.05
4.43272e-03,0.03,-0.01
4.43280e-03,0.03,0.05
4.43288e-03,0.03,-0.01
4.43296e-03,0.03,0.05
4.43304e-03,0.03,-0.01
4.43312e-03,0.03,0.05
4.43320e-03,0.03,-0.01
4.43328e-03,0.03,0.05
4.43336e-03,0.01,-0.03
4.43344e-03,0.03,0.05
4.43352e-03,0.03,-0.03
4.43360e-03,0.03,0.05
4.43368e-03,0.03,-0.03
4.43376e-03,0.03,0.05
4.43384e-03,0.01,-0.03
4.43392e-03,0.03,0.05
4.43400e-03,0.03,-0.03
4.43408e-03,0.03,0.05
4.43416e-03,0.03,-0.01
4.43424e-03,0.01,0.05
4.43432e-03,0.03,-0.01
4.43440e-03,0.03,0.05
4.43448e-03,0.03,-0.01
4.43456e-03,0.03,0.05
4.43464e-03,0.03,-0.03
4.43472e-03,0.03,0.05
4.43480e-03,0.01,-0.01
4.43488e-03,0.03,0.05
4.43496e-03,0.01,-0.01
4.43504e-03,0.03,0.05
4.43512e-03,0.01,-0.03
4.43520e-03,0.03,0.05
4.43528e-03,0.03,-0.01
4.43536e-03,0.03,0.05
4.43544e-03,0.03,-0.01
4.43552e-03,0.01,0.05
4.43560e-03,0.03,-0.03
4.43568e-03,0.01,0.05
4.43576e-03,0.03,-0.01
4.43584e-03,0.03,0.05
4.43592e-03,0.01,-0.01
4.43600e-03,0.05,0.05
4.43608e-03,0.03,-0.01
4.43616e-03,0.01,0.05
4.43624e-03,0.03,-0.01
4.43632e-03,0.03,0.07
4.43640e-03,0.03,-0.03
4.43648e-03,0.03,0.05
4.43656e-03,0.03,-0.01
4.43664e-03,0.01,0.05
4.43672e-03,0.03,-0.03
4.43680e-03,0.01,0.05
4.43688e-03,0.03,-0.01
4.43696e-03,0.01,0.05
4.43704e-03,0.03,-0.01
4.43712e-03,0.03,0.05
4.43720e-03,0.03,-0.01
4.43728e-03,0.03,0.05
4.43736e-03,0.01,-0.01
4.43744e-03,0.03,0.03
4.43752e-03,0.01,-0.03
4.43760e-03,0.03,0.05
4.43768e-03,0.01,-0.01
4.43776e-03,0.05,0.05
4.43784e-03,0.03,-0.03
4.43792e-03,0.03,0.05
4.43800e-03,0.01,-0.03
4.43808e-03,0.03,0.05
4.43816e-03,0.03,-0.01
4.43824e-03,0.03,0.05
4.43832e-03,0.03,-0.01
4.43840e-03,0.03,0.05
4.43848e-03,0.05,-0.01
4.43856e-03,0.03,0.07
4.43864e-03,0.03,-0.03
4.43872e-03,0.01,0.05
4.43880e-03,0.03,-0.01
4.43888e-03,0.03,0.05
4.43896e-03,0.03,-0.03
4.43904e-03,0.01,0.05
4.43912e-03,0.03,-0.01
4.43920e-03,0.03,0.05
4.43928e-03,0.05,-0.01
4.43936e-03,0.03,0.05
4.43944e-03,0.03,-0.01
4.43952e-03,0.03,0.05
4.43960e-03,0.03,-0.01
4.43968e-03,0.03,0.05
4.43976e-03,0.01,-0.03
4.43984e-03,0.03,0.07
4.43992e-03,0.01,-0.03
4.44000e-03,0.03,0.05
4.44008e-03,0.03,-0.01
4.44016e-03,0.03,0.05
4.44024e-03,0.03,-0.01
4.44032e-03,0.03,0.05
4.44040e-03,0.03,-0.03
4.44048e-03,0.03,0.05
4.44056e-03,0.03,-0.03
4.44064e-03,0.03,0.05
4.44072e-03,0.01,-0.03
4.44080e-03,0.01,0.05
4.44088e-03,0.05,-0.03
4.44096e-03,0.03,0.05
4.44104e-03,0.03,-0.03
4.44112e-03,0.03,0.05
4.44120e-03,0.03,-0.01
4.44128e-03,0.03,0.05
4.44136e-03,0.03,-0.03
4.44144e-03,0.03,0.05
4.44152e-03,0.01,-0.03
4.44160e-03,0.03,0.05
4.44168e-03,0.01,-0.03
4.44176e-03,0.03,0.05
4.44184e-03,0.03,-0.01
4.44192e-03,0.01,0.05
4.44200e-03,0.03,-0.01
4.44208e-03,0.03,0.05
4.44216e-03,0.03,-0.03
4.44224e-03,0.03,0.05
4.44232e-03,0.03,-0.03
4.44240e-03,0.03,0.05
4.44248e-03,0.03,-0.03
4.44256e-03,0.03,0.07
4.44264e-03,0.01,-0.03
4.44272e-03,0.01,0.05
4.44280e-03,0.03,-0.03
4.44288e-03,0.01,0.05
4.44296e-03,0.03,-0.01
4.44304e-03,0.03,0.05
4.44312e-03,0.01,-0.01
4.44320e-03,0.01,0.05
4.44328e-03,0.03,-0.03
4.44336e-03,0.01,0.05
4.44344e-03,0.03,-0.01
4.44352e-03,0.01,0.05
4.44360e-03,0.03,-0.03
4.44368e-03,0.03,0.05
4.44376e-03,0.03,-0.01
4.44384e-03,0.03,0.05
4.44392e-03,0.03,-0.01
4.44400e-03,0.03,0.05
4.44408e-03,0.01,-0.01
4.44416e-03,0.03,0.05
4.44424e-03,0.01,-0.01
4.44432e-03,0.03,0.05
4.44440e-03,0.03,-0.01
4.44448e-03,0.03,0.05
4.44456e-03,0.03,-0.01
4.44464e-03,0.01,0.05
4.44472e-03,0.03,-0.01
4.44480e-03,0.01,0.05
4.44488e-03,0.03,-0.03
4.44496e-03,0.03,0.05
4.44504e-03,0.03,-0.01
4.44512e-03,0.03,0.05
4.44520e-03,0.03,-0.03
4.44528e-03,0.05,0.05
4.44536e-03,0.01,-0.01
4.44544e-03,0.03,0.05
4.44552e-03,0.01,-0.01
4.44560e-03,0.03,0.07
4.44568e-03,0.01,-0.01
4.44576e-03,0.03,0.05
4.44584e-03,0.03,-0.01
4.44592e-03,0.01,0.05
4.44600e-03,0.05,-0.03
4.44608e-03,0.01,0.05
4.44616e-03,0.03,-0.03
4.44624e-03,0.03,0.05
4.44632e-03,0.03,-0.01
4.44640e-03,0.01,0.05
4.44648e-03,0.03,-0.01
4.44656e-03,0.03,0.05
4.44664e-03,0.03,-0.01
4.44672e-03,0.03,0.05
4.44680e-03,0.01,-0.01
4.44688e-03,0.03,0.05
4.44696e-03,0.01,-0.01
4.44704e-03,0.03,0.05
4.44712e-03,0.01,-0.01
4.44720e-03,0.03,0.05
4.44728e-03,0.03,-0.03
4.44736e-03,0.03,0.05
4.44744e-03,0.03,-0.01
4.44752e-03,0.05,0.07
4.44760e-03,0.03,-0.01
4.44768e-03,0.03,0.05
4.44776e-03,0.03,-0.03
4.44784e-03,0.03,0.07
4.44792e-03,0.03,-0.03
4.44800e-03,0.03,0.05
4.44808e-03,0.01,-0.03
4.44816e-03,0.05,0.05
4.44824e-03,0.01,-0.03
4.44832e-03,0.03,0.05
4.44840e-03,0.03,-0.01
4.44848e-03,0.01,0.05
4.44856e-03,0.03,-0.01
4.44864e-03,0.03,0.05
4.44872e-03,0.03,-0.01
4.44880e-03,0.03,0.05
4.44888e-03,0.03,-0.01
4.44896e-03,0.05,0.05
4.44904e-03,0.05,-0.03
4.44912e-03,0.03,0.07
4.44920e-03,0.01,-0.03
4.44928e-03,0.01,0.07
4.44936e-03,0.03,-0.03
4.44944e-03,0.03,0.07
4.44952e-03,0.03,-0.03
4.44960e-03,0.03,0.07
4.44968e-03,0.03,-0.01
4.44976e-03,0.05,0.07
4.44984e-03,0.03,-0.03
4.44992e-03,0.03,0.07
4.45000e-03,0.03,-0.01
4.45008e-03,0.03,0.05
4.45016e-03,0.03,-0.03
4.45024e-03,0.03,0.05
4.45032e-03,0.03,-0.01
4.45040e-03,0.03,0.05
4.45048e-03,0.03,-0.01
4.45056e-03,0.03,0.05
4.45064e-03,0.03,-0.01
4.45072e-03,0.05,0.05
4.45080e-03,0.01,-0.01
4.45088e-03,0.03,0.05
4.45096e-03,0.01,-0.03
4.45104e-03,0.01,0.05
4.45112e-03,0.03,-0.03
4.45120e-03,0.03,0.05
4.45128e-03,0.01,-0.01
4.45136e-03,0.03,0.05
4.45144e-03,0.03,-0.03
4.45152e-03,0.03,0.07
4.45160e-03,0.05,-0.01
4.45168e-03,0.03,0.05
4.45176e-03,0.03,-0.01
4.45184e-03,0.03,0.05
4.45192e-03,0.01,-0.01
4.45200e-03,0.03,0.05
4.45208e-03,0.01,-0.03
4.45216e-03,0.05,0.07
4.45224e-03,0.03,-0.01
4.45232e-03,0.05,0.05
4.45240e-03,0.03,-0.03
4.45248e-03,0.03,0.05
4.45256e-03,0.03,-0.01
4.45264e-03,0.01,0.05
4.45272e-03,0.03,-0.01
4.45280e-03,0.03,0.05
4.45288e-03,0.03,-0.03
4.45296e-03,0.01,0.05
4.45304e-03,0.03,-0.01
4.45312e-03,0.01,0.05
4.45320e-03,0.01,-0.01
4.45328e-03,0.03,0.05
4.45336e-03,0.01,-0.01
4.45344e-03,0.03,0.05
4.45352e-03,0.01,-0.03
4.45360e-03,0.03,0.05
4.45368e-03,0.03,-0.01
4.45376e-03,0.03,0.05
4.45384e-03,0.05,-0.01
4.45392e-03,0.01,0.05
4.45400e-03,0.03,-0.03
4.45408e-03,0.03,0.05
4.45416e-03,0.03,-0.01
4.45424e-03,0.01,0.05
4.45432e-03,0.05,-0.01
4.45440e-03,0.03,0.07
4.45448e-03,0.03,-0.01
4.45456e-03,0.03,0.05
4.45464e-03,0.03,-0.01
4.45472e-03,0.03,0.05
4.45480e-03,0.03,-0.01
4.45488e-03,0.03,0.05
4.45496e-03,0.01,-0.01
4.45504e-03,0.05,0.05
4.45512e-03,0.03,-0.03
4.45520e-03,0.03,0.05
4.45528e-03,0.03,-0.01
4.45536e-03,0.03,0.05
4.45544e-03,0.03,-0.01
4.45552e-03,0.03,0.05
4.45560e-03,0.03,-0.03
4.45568e-03,0.03,0.05
4.45576e-03,0.03,-0.03
4.45584e-03,0.03,0.05
4.45592e-03,0.03,-0.01
4.45600e-03,0.03,0.05
4.45608e-03,0.03,-0.01
4.45616e-03,0.03,0.05
4.45624e-03,0.03,-0.03
4.45632e-03,0.03,0.05
4.45640e-03,0.03,-0.01
4.45648e-03,0.05,0.05
4.45656e-03,0.03,-0.01
4.45664e-03,0.03,0.05
4.45672e-03,0.03,-0.03
4.45680e-03,0.01,0.05
4.45688e-03,0.05,-0.03
4.45696e-03,0.01,0.05
4.45704e-03,0.03,-0.01
4.45712e-03,0.03,0.05
4.45720e-03,0.01,-0.03
4.45728e-03,0.03,0.05
4.45736e-03,0.03,-0.01
4.45744e-03,0.03,0.05
4.45752e-03,0.01,-0.03
4.45760e-03,0.01,0.05
4.45768e-03,0.03,-0.03
4.45776e-03,0.03,0.05
4.45784e-03,0.03,-0.03
4.45792e-03,0.03,0.07
4.45800e-03,0.05,-0.03
4.45808e-03,0.01,0.05
4.45816e-03,0.05,-0.03
4.45824e-03,0.01,0.05
4.45832e-03,0.01,-0.01
4.45840e-03,0.03,0.05
4.45848e-03,0.03,-0.01
4.45856e-03,0.03,0.05
4.45864e-03,0.03,-0.03
4.45872e-03,0.03,0.05
4.45880e-03,0.03,-0.01
4.45888e-03,0.05,0.05
4.45896e-03,0.03,-0.01
4.45904e-03,0.03,0.05
4.45912e-03,0.01,-0.01
4.45920e-03,0.03,0.05
4.45928e-03,0.03,-0.01
4.45936e-03,0.01,0.05
4.45944e-03,0.05,-0.01
4.45952e-03,0.01,0.05
4.45960e-03,0.03,-0.01
4.45968e-03,0.03,0.05
4.45976e-03,0.03,-0.03
4.45984e-03,0.05,0.05
4.45992e-03,0.03,-0.03
4.46000e-03,0.03,0.05
4.46008e-03,0.03,-0.01
4.46016e-03,0.03,0.05
4.46024e-03,0.01,-0.01
4.46032e-03,0.03,0.07
4.46040e-03,0.03,-0.03
4.46048e-03,0.05,0.05
4.46056e-03,0.03,-0.03
4.46064e-03,0.03,0.05
4.46072e-03,0.03,-0.03
4.46080e-03,-0.01,0.05
4.46088e-03,0.03,-0.01
4.46096e-03,0.03,0.05
4.46104e-03,0.03,-0.03
4.46112e-03,0.01,0.05
4.46120e-03,0.03,-0.03
4.46128e-03,0.03,0.05
4.46136e-03,0.03,-0.03
4.46144e-03,0.05,0.05
4.46152e-03,0.03,-0.03
4.46160e-03,0.03,0.05
4.46168e-03,0.01,-0.01
4.46176e-03,0.03,0.05
4.46184e-03,0.01,-0.03
4.46192e-03,0.03,0.05
4.46200e-03,0.03,-0.03
4.46208e-03,0.01,0.05
4.46216e-03,0.05,-0.03
4.46224e-03,0.03,0.05
4.46232e-03,0.03,-0.01
4.46240e-03,0.05,0.05
4.46248e-03,0.03,-0.01
4.46256e-03,0.03,0.05
4.46264e-03,0.03,-0.01
4.46272e-03,0.05,0.05
4.46280e-03,0.03,-0.03
4.46288e-03,0.03,0.05
4.46296e-03,0.03,-0.01
4.46304e-03,0.03,0.05
4.46312e-03,0.01,-0.03
4.46320e-03,0.03,0.05
4.46328e-03,0.03,-0.03
4.46336e-03,0.01,0.05
4.46344e-03,0.05,-0.03
4.46352e-03,-0.01,0.05
4.46360e-03,0.03,-0.03
4.46368e-03,0.03,0.05
4.46376e-03,0.01,-0.03
4.46384e-03,0.03,0.05
4.46392e-03,0.01,-0.03
4.46400e-03,0.01,0.05
4.46408e-03,0.01,-0.03
4.46416e-03,0.05,0.05
4.46424e-03,0.03,-0.01
4.46432e-03,0.03,0.05
4.46440e-03,0.03,-0.03
4.46448e-03,0.03,0.05
4.46456e-03,0.03,-0.01
4.46464e-03,0.01,0.05
4.46472e-03,0.05,-0.01
4.46480e-03,0.01,0.05
4.46488e-03,0.03,-0.03
4.46496e-03,0.03,0.05
4.46504e-03,0.03,-0.03
4.46512e-03,0.01,0.07
4.46520e-03,0.03,-0.03
4.46528e-03,0.03,0.05
4.46536e-03,0.03,-0.01
4.46544e-03,0.05,0.05
4.46552e-03,0.01,-0.03
4.46560e-03,0.05,0.05
4.46568e-03,0.03,-0.03
4.46576e-03,0.01,0.05
4.46584e-03,0.03,-0.01
4.46592e-03,-0.01,0.05
4.46600e-03,0.03,-0.01
4.46608e-03,0.01,0.05
4.46616e-03,0.07,-0.03
4.46624e-03,0.05,0.05
4.46632e-03,0.05,-0.05
4.46640e-03,-0.01,0.07
4.46648e-03,0.01,-0.05
4.46656e-03,0.01,0.07
4.46664e-03,0.03,-0.03
4.46672e-03,0.03,0.05
4.46680e-03,0.03,-0.03
4.46688e-03,0.05,0.05
4.46696e-03,0.01,-0.03
4.46704e-03,0.05,0.05
4.46712e-03,0.05,-0.03
4.46720e-03,0.03,0.05
4.46728e-03,0.05,-0.03
4.46736e-03,0.01,0.05
4.46744e-03,0.03,-0.03
4.46752e-03,0.03,0.05
4.46760e-03,0.03,-0.01
4.46768e-03,0.03,0.05
4.46776e-03,0.01,-0.01
4.46784e-03,0.03,0.05
4.46792e-03,0.03,-0.03
4.46800e-03,0.03,0.05
4.46808e-03,0.03,-0.01
4.46816e-03,0.05,0.05
4.46824e-03,0.03,-0.01
4.46832e-03,0.05,0.05
4.46840e-03,0.03,-0.01
4.46848e-03,0.03,0.05
4.46856e-03,0.03,-0.05
4.46864e-03,0.03,0.07
4.46872e-03,0.03,-0.03
4.46880e-03,0.03,0.05
4.46888e-03,0.03,-0.03
4.46896e-03,0.03,0.05
4.46904e-03,0.03,-0.03
4.46912e-03,0.03,0.07
4.46920e-03,0.03,-0.01
4.46928e-03,0.03,0.05
4.46936e-03,0.03,-0.03
4.46944e-03,0.03,0.05
4.46952e-03,0.01,-0.01
4.46960e-03,0.03,0.05
4.46968e-03,0.03,-0.01
4.46976e-03,0.03,0.05
4.46984e-03,0.03,-0.01
4.46992e-03,0.01,0.05
4.47000e-03,0.03,-0.01
4.47008e-03,0.01,0.05
4.47016e-03,0.03,-0.01
4.47024e-03,0.03,0.05
4.47032e-03,0.03,-0.03
4.47040e-03,0.03,0.05
4.47048e-03,0.03,-0.01
4.47056e-03,0.05,0.05
4.47064e-03,0.03,-0.03
4.47072e-03,0.05,0.05
4.47080e-03,0.01,-0.01
4.47088e-03,0.05,0.05
4.47096e-03,0.01,-0.03
4.47104e-03,0.03,0.05
4.47112e-03,0.03,-0.03
4.47120e-03,0.03,0.05
4.47128e-03,0.05,-0.03
4.47136e-03,0.03,0.07
4.47144e-03,0.03,-0.01
4.47152e-03,0.03,0.05
4.47160e-03,0.03,-0.03
4.47168e-03,0.03,0.05
4.47176e-03,0.03,-0.03
4.47184e-03,0.03,0.05
4.47192e-03,0.03,-0.01
4.47200e-03,0.03,0.05
4.47208e-03,0.01,-0.01
4.47216e-03,0.03,0.05
4.47224e-03,0.01,-0.01
4.47232e-03,0.03,0.05
4.47240e-03,0.03,-0.03
4.47248e-03,0.01,0.05
4.47256e-03,0.03,-0.03
4.47264e-03,0.01,0.05
4.47272e-03,0.03,-0.01
4.47280e-03,0.01,0.05
4.47288e-03,0.03,-0.03
4.47296e-03,-0.01,0.05
4.47304e-03,0.03,-0.03
4.47312e-03,0.01,0.05
4.47320e-03,0.03,-0.03
4.47328e-03,0.03,0.05
4.47336e-03,0.01,-0.03
4.47344e-03,0.03,0.05
4.47352e-03,0.01,-0.03
4.47360e-03,0.03,0.05
4.47368e-03,0.03,-0.03
4.47376e-03,0.03,0.05
4.47384e-03,0.03,-0.03
4.47392e-03,0.03,0.05
4.47400e-03,0.01,-0.01
4.47408e-03,0.03,0.05
4.47416e-03,0.03,-0.03
4.47424e-03,0.03,0.05
4.47432e-03,0.03,-0.01
4.47440e-03,0.03,0.05
4.47448e-03,0.03,-0.03
4.47456e-03,0.03,0.05
4.47464e-03,0.01,-0.03
4.47472e-03,0.03,0.05
4.47480e-03,-0.01,-0.03
4.47488e-03,0.03,0.05
4.47496e-03,0.01,-0.03
4.47504e-03,0.03,0.05
4.47512e-03,0.05,-0.03
4.47520e-03,0.01,0.05
4.47528e-03,0.05,-0.03
4.47536e-03,-0.01,0.07
4.47544e-03,0.03,-0.03
4.47552e-03,0.01,0.05
4.47560e-03,0.05,-0.03
4.47568e-03,0.03,0.05
4.47576e-03,0.03,-0.01
4.47584e-03,0.03,0.05
4.47592e-03,0.03,-0.01
4.47600e-03,0.05,0.05
4.47608e-03,0.01,-0.01
4.47616e-03,0.03,0.05
4.47624e-03,0.03,-0.01
4.47632e-03,0.03,0.05
4.47640e-03,0.05,-0.03
4.47648e-03,0.03,0.05
4.47656e-03,0.03,-0.03
4.47664e-03,0.03,0.05
4.47672e-03,0.03,-0.01
4.47680e-03,0.01,0.05
4.47688e-03,0.03,-0.03
4.47696e-03,0.01,0.05
4.47704e-03,0.03,-0.01
4.47712e-03,0.03,0.05
4.47720e-03,0.03,-0.03
4.47728e-03,0.03,0.05
4.47736e-03,0.01,-0.01
4.47744e-03,0.03,0.05
4.47752e-03,0.01,-0.01
4.47760e-03,0.03,0.05
4.47768e-03,0.05,-0.03
4.47776e-03,0.01,0.05
4.47784e-03,0.03,-0.01
4.47792e-03,0.01,0.05
4.47800e-03,0.01,-0.03
4.47808e-03,0.03,0.05
4.47816e-03,0.03,-0.03
4.47824e-03,0.01,0.05
4.47832e-03,0.03,-0.03
4.47840e-03,0.03,0.05
4.47848e-03,0.01,-0.01
4.47856e-03,0.03,0.05
4.47864e-03,0.01,-0.01
4.47872e-03,0.05,0.05
4.47880e-03,-0.01,-0.01
4.47888e-03,0.03,0.05
4.47896e-03,0.03,-0.03
4.47904e-03,0.01,0.05
4.47912e-03,0.01,-0.01
4.47920e-03,0.03,0.05
4.47928e-03,0.03,-0.01
4.47936e-03,0.01,0.05
4.47944e-03,0.03,-0.03
4.47952e-03,0.01,0.05
4.47960e-03,0.03,-0.03
4.47968e-03,0.01,0.05
4.47976e-03,0.01,-0.03
4.47984e-03,0.03,0.05
4.47992e-03,0.01,-0.01
4.48000e-03,0.03,0.05
4.48008e-03,0.01,-0.03
4.48016e-03,0.05,0.05
4.48024e-03,0.01,-0.01
4.48032e-03,0.03,0.05
4.48040e-03,0.03,-0.01
4.48048e-03,0.03,0.05
4.48056e-03,0.03,-0.01
4.48064e-03,0.03,0.05
4.48072e-03,0.05,-0.01
4.48080e-03,-0.01,0.05
4.48088e-03,0.05,-0.03
4.48096e-03,0.03,0.05
4.48104e-03,0.05,-0.01
4.48112e-03,0.03,0.07
4.48120e-03,0.03,-0.03
4.48128e-03,0.03,0.05
4.48136e-03,0.01,-0.03
4.48144e-03,0.03,0.05
4.48152e-03,0.03,-0.01
4.48160e-03,0.03,0.05
4.48168e-03,-0.01,-0.03
4.48176e-03,0.03,0.05
4.48184e-03,0.03,-0.03
4.48192e-03,0.01,0.05
4.48200e-03,0.03,-0.03
4.48208e-03,0.03,0.05
4.48216e-03,0.03,-0.03
4.48224e-03,0.01,0.05
4.48232e-03,0.03,-0.03
4.48240e-03,0.03,0.05
4.48248e-03,0.01,-0.01
4.48256e-03,0.03,0.05
4.48264e-03,0.03,-0.03
4.48272e-03,0.03,0.05
4.48280e-03,0.03,-0.03
4.48288e-03,0.03,0.05
4.48296e-03,0.03,-0.03
4.48304e-03,0.05,0.05
4.48312e-03,0.03,-0.03
4.48320e-03,0.01,0.05
4.48328e-03,0.03,-0.03
4.48336e-03,0.01,0.07
4.48344e-03,0.05,-0.03
4.48352e-03,0.03,0.05
4.48360e-03,0.03,-0.03
4.48368e-03,0.03,0.07
4.48376e-03,0.03,-0.03
4.48384e-03,0.03,0.05
4.48392e-03,0.03,-0.03
4.48400e-03,0.03,0.05
4.48408e-03,0.03,-0.01
4.48416e-03,0.03,0.05
4.48424e-03,0.03,-0.03
4.48432e-03,0.03,0.05
4.48440e-03,0.03,-0.03
4.48448e-03,0.03,0.05
4.48456e-03,0.05,-0.03
4.48464e-03,0.01,0.05
4.48472e-03,0.05,-0.03
4.48480e-03,0.03,0.05
4.48488e-03,0.03,-0.01
4.48496e-03,0.03,0.05
4.48504e-03,0.01,-0.03
4.48512e-03,0.03,0.05
4.48520e-03,0.03,-0.01
4.48528e-03,0.03,0.05
4.48536e-03,0.01,-0.03
4.48544e-03,0.05,0.05
4.48552e-03,0.01,-0.01
4.48560e-03,0.03,0.05
4.48568e-03,0.03,-0.01
4.48576e-03,0.01,0.03
4.48584e-03,0.03,-0.01
4.48592e-03,0.03,0.05
4.48600e-03,0.05,-0.01
4.48608e-03,0.01,0.05
4.48616e-03,0.01,-0.03
4.48624e-03,0.03,0.05
4.48632e-03,0.01,-0.01
4.48640e-03,0.03,0.05
4.48648e-03,0.03,-0.01
4.48656e-03,0.03,0.05
4.48664e-03,0.03,-0.01
4.48672e-03,0.01,0.05
4.48680e-03,0.03,-0.03
4.48688e-03,0.03,0.07
4.48696e-03,0.03,-0.03
4.48704e-03,0.03,0.07
4.48712e-03,0.03,-0.03
4.48720e-03,0.03,0.05
4.48728e-03,0.03,-0.01
4.48736e-03,0.03,0.05
4.48744e-03,0.03,-0.03
4.48752e-03,0.03,0.05
4.48760e-03,0.03,-0.01
4.48768e-03,0.03,0.05
4.48776e-03,0.03,-0.01
4.48784e-03,0.03,0.05
4.48792e-03,0.03,-0.01
4.48800e-03,0.03,0.05
4.48808e-03,0.01,-0.03
4.48816e-03,0.03,0.05
4.48824e-03,0.01,-0.01
4.48832e-03,0.03,0.05
4.48840e-03,0.05,-0.01
4.48848e-03,0.01,0.05
4.48856e-03,0.05,-0.01
4.48864e-03,0.03,0.07
4.48872e-03,0.03,-0.01
4.48880e-03,0.03,0.05
4.48888e-03,0.03,-0.01
4.48896e-03,0.01,0.05
4.48904e-03,0.03,-0.01
4.48912e-03,0.03,0.05
4.48920e-03,0.01,-0.01
4.48928e-03,0.05,0.05
4.48936e-03,0.03,-0.03
4.48944e-03,0.03,0.07
4.48952e-03,0.01,-0.03
4.48960e-03,0.03,0.05
4.48968e-03,0.03,-0.03
4.48976e-03,0.01,0.05
4.48984e-03,0.03,-0.01
4.48992e-03,0.03,0.05
4.49000e-03,0.03,-0.03
4.49008e-03,0.01,0.05
4.49016e-03,0.03,-0.01
4.49024e-03,0.01,0.05
4.49032e-03,0.03,-0.01
4.49040e-03,0.03,0.05
4.49048e-03,0.03,-0.01
4.49056e-03,0.01,0.05
4.49064e-03,0.03,-0.03
4.49072e-03,0.05,0.05
4.49080e-03,0.01,-0.01
4.49088e-03,0.03,0.05
4.49096e-03,0.03,-0.01
4.49104e-03,0.03,0.07
4.49112e-03,0.05,-0.01
4.49120e-03,0.03,0.05
4.49128e-03,0.03,-0.01
4.49136e-03,0.01,0.05
4.49144e-03,0.03,-0.01
4.49152e-03,0.03,0.05
4.49160e-03,0.03,-0.01
4.49168e-03,0.01,0.05
4.49176e-03,0.03,-0.03
4.49184e-03,0.03,0.05
4.49192e-03,0.03,-0.01
4.49200e-03,0.05,0.05
4.49208e-03,0.03,-0.03
4.49216e-03,0.01,0.05
4.49224e-03,0.01,-0.03
4.49232e-03,0.03,0.07
4.49240e-03,0.03,-0.03
4.49248e-03,0.03,0.07
4.49256e-03,0.03,-0.01
4.49264e-03,0.03,0.05
4.49272e-03,0.01,-0.01
4.49280e-03,0.03,0.05
4.49288e-03,0.03,-0.01
4.49296e-03,0.03,0.05
4.49304e-03,0.03,-0.01
4.49312e-03,0.03,0.05
4.49320e-03,0.01,-0.01
4.49328e-03,0.03,0.05
4.49336e-03,0.03,-0.01
4.49344e-03,0.03,0.05
4.49352e-03,0.01,-0.01
4.49360e-03,0.03,0.05
4.49368e-03,0.03,-0.01
4.49376e-03,0.03,0.05
4.49384e-03,0.03,-0.01
4.49392e-03,0.03,0.05
4.49400e-03,0.03,-0.01
4.49408e-03,0.03,0.05
4.49416e-03,0.03,-0.01
4.49424e-03,0.03,0.05
4.49432e-03,0.05,-0.01
4.49440e-03,0.01,0.05
4.49448e-03,0.03,-0.03
4.49456e-03,0.05,0.05
4.49464e-03,0.03,-0.01
4.49472e-03,0.03,0.05
4.49480e-03,0.01,-0.01
4.49488e-03,0.03,0.05
4.49496e-03,0.01,-0.03
4.49504e-03,0.03,0.05
4.49512e-03,0.03,-0.01
4.49520e-03,0.03,0.05
4.49528e-03,0.03,-0.03
4.49536e-03,0.01,0.05
4.49544e-03,0.03,-0.01
4.49552e-03,0.01,0.05
4.49560e-03,0.05,-0.01
4.49568e-03,0.03,0.05
4.49576e-03,0.03,-0.03
4.49584e-03,0.05,0.05
4.49592e-03,0.01,-0.03
4.49600e-03,0.05,0.05
4.49608e-03,0.01,-0.03
4.49616e-03,0.03,0.05
4.49624e-03,0.03,-0.03
4.49632e-03,0.03,0.05
4.49640e-03,0.03,-0.03
4.49648e-03,0.03,0.05
4.49656e-03,0.03,-0.03
4.49664e-03,0.03,0.05
4.49672e-03,0.01,-0.03
4.49680e-03,0.01,0.05
4.49688e-03,0.03,-0.03
4.49696e-03,0.01,0.05
4.49704e-03,0.03,-0.03
4.49712e-03,0.01,0.05
4.49720e-03,0.01,-0.01
4.49728e-03,0.05,0.05
4.49736e-03,0.03,-0.03
4.49744e-03,0.03,0.05
4.49752e-03,0.03,-0.03
4.49760e-03,0.03,0.05
4.49768e-03,0.03,-0.03
4.49776e-03,0.03,0.05
4.49784e-03,0.01,-0.03
4.49792e-03,0.03,0.05
4.49800e-03,0.03,-0.01
4.49808e-03,0.01,0.05
4.49816e-03,0.03,-0.03
4.49824e-03,0.03,0.05
4.49832e-03,0.03,-0.03
4.49840e-03,0.03,0.05
4.49848e-03,0.03,-0.01
4.49856e-03,0.03,0.05
4.49864e-03,0.03,-0.01
4.49872e-03,0.03,0.05
4.49880e-03,0.03,-0.01
4.49888e-03,0.03,0.05
4.49896e-03,0.03,-0.01
4.49904e-03,0.03,0.05
4.49912e-03,0.03,-0.03
4.49920e-03,0.01,0.05
4.49928e-03,0.03,-0.01
4.49936e-03,0.03,0.05
4.49944e-03,0.03,-0.03
4.49952e-03,0.03,0.05
4.49960e-03,0.05,-0.01
4.49968e-03,0.03,0.05
4.49976e-03,0.03,-0.01
4.49984e-03,0.03,0.05
4.49992e-03,0.03,-0.03
4.50000e-03,0.03,0.05
4.50008e-03,0.01,-0.03
4.50016e-03,0.03,0.05
4.50024e-03,0.01,-0.03
4.50032e-03,0.03,0.05
4.50040e-03,0.03,-0.03
4.50048e-03,0.05,0.07
4.50056e-03,0.03,-0.03
4.50064e-03,0.01,0.07
4.50072e-03,0.03,-0.01
4.50080e-03,0.03,0.05
4.50088e-03,0.03,-0.01
4.50096e-03,0.03,0.05
4.50104e-03,0.03,-0.03
4.50112e-03,0.03,0.05
4.50120e-03,0.03,-0.01
4.50128e-03,0.03,0.05
4.50136e-03,0.01,-0.01
4.50144e-03,0.03,0.03
4.50152e-03,0.03,-0.01
4.50160e-03,0.03,0.05
4.50168e-03,0.03,-0.03
4.50176e-03,0.03,0.05
4.50184e-03,0.03,-0.01
4.50192e-03,0.01,0.05
4.50200e-03,0.03,-0.01
4.50208e-03,0.01,0.05
4.50216e-03,0.03,-0.01
4.50224e-03,0.01,0.05
4.50232e-03,0.03,-0.03
4.50240e-03,0.03,0.05
4.50248e-03,0.01,-0.01
4.50256e-03,0.05,0.07
4.50264e-03,0.01,-0.01
4.50272e-03,0.03,0.05
4.50280e-03,0.03,-0.01
4.50288e-03,0.05,0.05
4.50296e-03,0.01,-0.03
4.50304e-03,0.05,0.05
4.50312e-03,0.03,-0.03
4.50320e-03,0.01,0.05
4.50328e-03,0.03,-0.01
4.50336e-03,0.01,0.05
4.50344e-03,0.05,-0.03
4.50352e-03,0.01,0.05
4.50360e-03,0.03,-0.03
4.50368e-03,0.03,0.05
4.50376e-03,0.01,-0.03
4.50384e-03,0.03,0.05
4.50392e-03,0.01,-0.01
4.50400e-03,0.03,0.05
4.50408e-03,0.03,-0.03
4.50416e-03,0.03,0.05
4.50424e-03,0.01,-0.01
4.50432e-03,0.03,0.05
4.50440e-03,0.03,-0.03
4.50448e-03,0.01,0.05
4.50456e-03,0.05,-0.03
4.50464e-03,0.03,0.05
4.50472e-03,0.03,-0.03
4.50480e-03,0.01,0.05
4.50488e-03,0.03,-0.03
4.50496e-03,0.01,0.05
4.50504e-03,0.03,-0.03
4.50512e-03,0.03,0.05
4.50520e-03,0.01,-0.01
4.50528e-03,0.03,0.05
4.50536e-03,0.01,-0.03
4.50544e-03,0.01,0.05
4.50552e-03,0.01,-0.01
4.50560e-03,0.03,0.05
4.50568e-03,0.01,-0.01
4.50576e-03,0.03,0.05
4.50584e-03,0.03,-0.01
4.50592e-03,0.03,0.05
4.50600e-03,0.05,-0.01
4.50608e-03,0.01,0.05
4.50616e-03,0.03,-0.01
4.50624e-03,0.01,0.05
4.50632e-03,0.01,-0.01
4.50640e-03,0.03,0.05
4.50648e-03,0.01,-0.03
4.50656e-03,0.03,0.05
4.50664e-03,0.01,-0.01
4.50672e-03,0.03,0.05
4.50680e-03,0.03,-0.01
4.50688e-03,0.03,0.05
4.50696e-03,0.01,-0.01
4.50704e-03,0.03,0.05
4.50712e-03,0.03,-0.03
4.50720e-03,0.01,0.05
4.50728e-03,0.03,-0.01
4.50736e-03,0.01,0.05
4.50744e-03,0.01,-0.01
4.50752e-03,0.03,0.05
4.50760e-03,0.03,-0.03
4.50768e-03,0.01,0.05
4.50776e-03,0.03,-0.03
4.50784e-03,0.03,0.05
4.50792e-03,0.01,-0.03
4.50800e-03,0.03,0.05
4.50808e-03,0.01,-0.03
4.50816e-03,0.03,0.03
4.50824e-03,0.01,-0.01
4.50832e-03,0.03,0.05
4.50840e-03,0.01,-0.03
4.50848e-03,0.01,0.05
4.50856e-03,0.03,-0.03
4.50864e-03,0.01,0.05
4.50872e-03,0.03,-0.03
4.50880e-03,0.03,0.05
4.50888e-03,0.07,-0.01
4.50896e-03,0.05,0.05
4.50904e-03,0.03,-0.03
4.50912e-03,0.03,0.07
4.50920e-03,0.01,-0.03
4.50928e-03,0.03,0.05
4.50936e-03,0.03,-0.03
4.50944e-03,0.03,0.07
4.50952e-03,0.01,-0.01
4.50960e-03,0.03,0.05
4.50968e-03,0.03,-0.01
4.50976e-03,0.03,0.05
4.50984e-03,0.03,-0.03
4.50992e-03,0.03,0.05
4.51000e-03,0.01,-0.03
4.51008e-03,0.03,0.05
4.51016e-03,0.05,-0.03
4.51024e-03,0.03,0.07
4.51032e-03,0.03,-0.05
4.51040e-03,0.03,0.05
4.51048e-03,0.05,-0.03
4.51056e-03,0.05,0.05
4.51064e-03,0.01,-0.03
4.51072e-03,0.03,0.05
4.51080e-03,0.03,-0.03
4.51088e-03,0.05,0.05
4.51096e-03,0.01,-0.01
4.51104e-03,0.03,0.05
4.51112e-03,0.03,-0.01
4.51120e-03,0.01,0.05
4.51128e-03,0.03,-0.03
4.51136e-03,0.01,0.05
4.51144e-03,0.01,-0.03
4.51152e-03,0.01,0.05
4.51160e-03,0.03,-0.03
4.51168e-03,0.03,0.05
4.51176e-03,0.03,-0.03
4.51184e-03,0.05,0.05
4.51192e-03,0.01,-0.01
4.51200e-03,0.03,0.05
4.51208e-03,-0.01,-0.03
4.51216e-03,0.03,0.05
4.51224e-03,0.01,-0.03
4.51232e-03,0.03,0.05
4.51240e-03,0.03,-0.03
4.51248e-03,0.03,0.05
4.51256e-03,0.03,-0.03
4.51264e-03,0.01,0.05
4.51272e-03,0.03,-0.03
4.51280e-03,0.03,0.05
4.51288e-03,0.03,-0.03
4.51296e-03,0.01,0.05
4.51304e-03,0.05,-0.01
4.51312e-03,0.01,0.05
4.51320e-03,0.03,-0.01
4.51328e-03,0.05,0.07
4.51336e-03,0.03,-0.01
4.51344e-03,0.05,0.05
4.51352e-03,0.03,-0.03
4.51360e-03,0.03,0.05
4.51368e-03,0.01,-0.03
4.51376e-03,0.03,0.05
4.51384e-03,0.01,-0.03
4.51392e-03,0.01,0.05
4.51400e-03,0.03,-0.03
4.51408e-03,0.03,0.05
4.51416e-03,0.03,-0.01
4.51424e-03,0.03,0.05
4.51432e-03,0.03,-0.01
4.51440e-03,0.03,0.05
4.51448e-03,0.03,-0.01
4.51456e-03,0.03,0.05
4.51464e-03,0.03,-0.01
4.51472e-03,0.05,0.05
4.51480e-03,0.03,-0.01
4.51488e-03,0.03,0.05
4.51496e-03,0.03,-0.01
4.51504e-03,0.03,0.05
4.51512e-03,0.03,-0.01
4.51520e-03,0.01,0.05
4.51528e-03,0.01,-0.03
4.51536e-03,0.01,0.05
4.51544e-03,0.01,-0.01
4.51552e-03,0.03,0.05
4.51560e-03,0.05,-0.01
4.51568e-03,0.03,0.05
4.51576e-03,0.03,-0.03
4.51584e-03,0.03,0.05
4.51592e-03,0.01,-0.03
4.51600e-03,0.05,0.05
4.51608e-03,0.01,-0.03
4.51616e-03,0.03,0.05
4.51624e-03,0.01,-0.01
4.51632e-03,0.03,0.05
4.51640e-03,0.03,-0.01
4.51648e-03,0.03,0.05
4.51656e-03,0.03,-0.01
4.51664e-03,0.03,0.05
4.51672e-03,0.01,-0.03
4.51680e-03,0.03,0.05
4.51688e-03,0.05,-0.01
4.51696e-03,0.01,0.05
4.51704e-03,0.03,-0.03
4.51712e-03,0.05,0.05
4.51720e-03,0.05,-0.01
4.51728e-03,0.03,0.05
4.51736e-03,0.01,-0.03
4.51744e-03,0.03,0.05
4.51752e-03,0.01,-0.01
4.51760e-03,0.05,0.07
4.51768e-03,0.03,-0.03
4.51776e-03,0.03,0.05
4.51784e-03,0.03,-0.01
4.51792e-03,0.03,0.05
4.51800e-03,0.03,-0.03
4.51808e-03,0.03,0.05
4.51816e-03,0.03,-0.03
4.51824e-03,0.03,0.05
4.51832e-03,0.03,-0.01
4.51840e-03,0.03,0.05
4.51848e-03,0.03,-0.01
4.51856e-03,0.03,0.07
4.51864e-03,0.03,-0.03
4.51872e-03,0.05,0.05
4.51880e-03,0.03,-0.01
4.51888e-03,0.03,0.05
4.51896e-03,0.03,-0.03
4.51904e-03,0.03,0.05
4.51912e-03,0.03,-0.03
4.51920e-03,0.03,0.05
4.51928e-03,0.03,-0.03
4.51936e-03,0.03,0.05
4.51944e-03,0.03,-0.03
4.51952e-03,0.05,0.05
4.51960e-03,0.03,-0.03
4.51968e-03,0.01,0.05
4.51976e-03,0.03,-0.01
4.51984e-03,0.03,0.05
4.51992e-03,0.01,-0.03
4.52000e-03,0.05,0.05
4.52008e-03,0.01,-0.01
4.52016e-03,0.03,0.05
4.52024e-03,0.03,-0.01
4.52032e-03,0.01,0.05
4.52040e-03,0.01,-0.03
4.52048e-03,0.01,0.05
4.52056e-03,0.03,-0.03
4.52064e-03,0.01,0.05
4.52072e-03,0.03,-0.03
4.52080e-03,0.03,0.05
4.52088e-03,0.03,-0.03
4.52096e-03,0.01,0.05
4.52104e-03,0.03,-0.03
4.52112e-03,0.03,0.05
4.52120e-03,-0.01,-0.03
4.52128e-03,0.03,0.05
4.52136e-03,0.01,-0.01
4.52144e-03,0.03,0.05
4.52152e-03,0.01,-0.03
4.52160e-03,0.03,0.05
4.52168e-03,0.03,-0.01
4.52176e-03,0.03,0.05
4.52184e-03,0.03,-0.01
4.52192e-03,0.03,0.05
4.52200e-03,0.03,-0.01
4.52208e-03,0.03,0.05
4.52216e-03,0.05,-0.03
4.52224e-03,0.01,0.05
4.52232e-03,0.03,-0.03
4.52240e-03,0.03,0.05
4.52248e-03,0.01,-0.01
4.52256e-03,0.05,0.05
4.52264e-03,0.01,-0.03
4.52272e-03,0.05,0.05
4.52280e-03,0.01,-0.01
4.52288e-03,0.03,0.05
4.52296e-03,0.03,-0.01
4.52304e-03,0.03,0.05
4.52312e-03,0.03,-0.03
4.52320e-03,0.03,0.05
4.52328e-03,0.03,-0.01
4.52336e-03,0.01,0.05
4.52344e-03,0.03,-0.01
4.52352e-03,0.03,0.05
4.52360e-03,0.03,-0.01
4.52368e-03,0.03,0.05
4.52376e-03,0.03,-0.01
4.52384e-03,0.03,0.05
4.52392e-03,0.01,-0.01
4.52400e-03,0.03,0.05
4.52408e-03,0.03,-0.01
4.52416e-03,0.03,0.05
4.52424e-03,0.03,-0.03
4.52432e-03,0.03,0.07
4.52440e-03,0.03,-0.01
4.52448e-03,0.03,0.05
4.52456e-03,0.03,-0.03
4.52464e-03,0.03,0.05
4.52472e-03,0.05,-0.01
4.52480e-03,0.03,0.05
4.52488e-03,0.05,-0.03
4.52496e-03,0.03,0.05
4.52504e-03,0.01,-0.03
4.52512e-03,0.05,0.05
4.52520e-03,0.03,-0.03
4.52528e-03,0.05,0.05
4.52536e-03,0.01,-0.01
4.52544e-03,0.03,0.07
4.52552e-03,0.01,-0.03
4.52560e-03,0.01,0.05
4.52568e-03,0.03,-0.03
4.52576e-03,0.03,0.05
4.52584e-03,0.01,-0.01
4.52592e-03,0.01,0.05
4.52600e-03,0.05,-0.03
4.52608e-03,0.03,0.07
4.52616e-03,0.07,-0.03
4.52624e-03,0.03,0.05
4.52632e-03,0.03,-0.03
4.52640e-03,0.05,0.07
4.52648e-03,0.03,-0.01
4.52656e-03,0.03,0.07
4.52664e-03,0.03,-0.01
4.52672e-03,0.03,0.05
4.52680e-03,0.01,-0.03
4.52688e-03,0.03,0.05
4.52696e-03,0.03,-0.03
4.52704e-03,0.05,0.05
4.52712e-03,0.03,-0.01
4.52720e-03,-0.01,0.05
4.52728e-03,0.05,-0.03
4.52736e-03,0.03,0.05
4.52744e-03,0.03,-0.03
4.52752e-03,0.03,0.05
4.52760e-03,0.05,-0.01
4.52768e-03,0.03,0.05
4.52776e-03,0.03,-0.03
4.52784e-03,0.03,0.05
4.52792e-03,0.03,-0.03
4.52800e-03,0.03,0.05
4.52808e-03,0.03,-0.03
4.52816e-03,0.03,0.05
4.52824e-03,0.01,-0.01
4.52832e-03,0.03,0.05
4.52840e-03,0.01,-0.01
4.52848e-03,0.03,0.05
4.52856e-03,0.03,-0.03
4.52864e-03,0.03,0.05
4.52872e-03,0.03,-0.03
4.52880e-03,0.01,0.05
4.52888e-03,0.05,-0.01
4.52896e-03,0.03,0.05
4.52904e-03,0.05,-0.03
4.52912e-03,0.01,0.05
4.52920e-03,0.05,-0.01
4.52928e-03,0.03,0.05
4.52936e-03,0.01,-0.03
4.52944e-03,0.03,0.05
4.52952e-03,0.01,-0.03
4.52960e-03,0.03,0.05
4.52968e-03,0.03,-0.03
4.52976e-03,0.03,0.05
4.52984e-03,0.03,-0.01
4.52992e-03,0.01,0.05
4.53000e-03,0.05,-0.03
4.53008e-03,0.01,0.05
4.53016e-03,0.03,-0.03
4.53024e-03,0.03,0.05
4.53032e-03,0.03,-0.01
4.53040e-03,0.03,0.05
4.53048e-03,0.03,-0.03
4.53056e-03,0.03,0.05
4.53064e-03,0.03,-0.03
4.53072e-03,0.05,0.05
4.53080e-03,0.01,-0.01
4.53088e-03,0.05,0.05
4.53096e-03,-0.01,-0.03
4.53104e-03,0.03,0.07
4.53112e-03,0.03,-0.05
4.53120e-03,0.03,0.07
4.53128e-03,0.05,-0.03
4.53136e-03,0.03,0.05
4.53144e-03,0.03,-0.03
4.53152e-03,0.01,0.05
4.53160e-03,0.03,-0.03
4.53168e-03,0.01,0.05
4.53176e-03,0.01,-0.01
4.53184e-03,0.03,0.05
4.53192e-03,0.03,-0.03
4.53200e-03,0.03,0.03
4.53208e-03,-0.01,-0.03
4.53216e-03,0.05,0.05
4.53224e-03,0.01,-0.03
4.53232e-03,0.03,0.05
4.53240e-03,0.03,-0.01
4.53248e-03,0.01,0.03
4.53256e-03,0.03,-0.01
4.53264e-03,0.01,0.05
4.53272e-03,0.01,-0.03
4.53280e-03,0.03,0.05
4.53288e-03,0.03,-0.01
4.53296e-03,0.01,0.05
4.53304e-03,0.03,-0.03
4.53312e-03,0.03,0.05
4.53320e-03,0.03,-0.03
4.53328e-03,0.03,0.05
4.53336e-03,0.01,-0.03
4.53344e-03,0.03,0.05
4.53352e-03,0.01,-0.01
4.53360e-03,0.03,0.05
4.53368e-03,0.01,-0.03
4.53376e-03,0.01,0.03
4.53384e-03,0.01,-0.03
4.53392e-03,0.03,0.05
4.53400e-03,0.01,-0.01
4.53408e-03,0.03,0.05
4.53416e-03,0.01,-0.01
4.53424e-03,0.01,0.03
4.53432e-03,0.01,-0.03
4.53440e-03,0.01,0.07
4.53448e-03,0.03,-0.03
4.53456e-03,0.03,0.05
4.53464e-03,0.03,-0.03
4.53472e-03,0.05,0.05
4.53480e-03,0.01,-0.03
4.53488e-03,0.03,0.05
4.53496e-03,0.01,-0.01
4.53504e-03,0.03,0.05
4.53512e-03,0.01,-0.01
4.53520e-03,0.01,0.05
4.53528e-03,0.03,-0.03
4.53536e-03,0.03,0.05
4.53544e-03,0.03,-0.01
4.53552e-03,0.03,0.05
4.53560e-03,0.03,-0.03
4.53568e-03,0.03,0.05
4.53576e-03,0.03,-0.01
4.53584e-03,0.03,0.05
4.53592e-03,0.01,-0.03
4.53600e-03,0.03,0.05
4.53608e-03,0.03,-0.01
4.53616e-03,0.03,0.05
4.53624e-03,0.03,-0.01
4.53632e-03,0.03,0.05
4.53640e-03,0.03,-0.03
4.53648e-03,0.01,0.05
4.53656e-03,0.03,-0.01
4.53664e-03,0.01,0.05
4.53672e-03,0.03,-0.03
4.53680e-03,0.03,0.05
4.53688e-03,0.03,-0.01
4.53696e-03,0.01,0.05
4.53704e-03,0.03,-0.01
4.53712e-03,0.03,0.05
4.53720e-03,0.01,-0.03
4.53728e-03,0.01,0.05
4.53736e-03,0.01,-0.03
4.53744e-03,0.05,0.05
4.53752e-03,0.03,-0.01
4.53760e-03,0.03,0.05
4.53768e-03,0.03,-0.01
4.53776e-03,0.05,0.05
4.53784e-03,0.01,-0.03
4.53792e-03,0.03,0.05
4.53800e-03,0.03,-0.03
4.53808e-03,0.03,0.05
4.53816e-03,0.03,-0.01
4.53824e-03,0.01,0.05
4.53832e-03,0.03,-0.01
4.53840e-03,0.03,0.05
4.53848e-03,0.03,-0.01
4.53856e-03,0.03,0.05
4.53864e-03,0.03,-0.03
4.53872e-03,0.05,0.07
4.53880e-03,0.03,-0.03
4.53888e-03,0.03,0.05
4.53896e-03,0.03,-0.01
4.53904e-03,0.05,0.05
4.53912e-03,0.03,-0.03
4.53920e-03,0.01,0.05
4.53928e-03,0.03,-0.01
4.53936e-03,0.01,0.05
4.53944e-03,0.03,-0.01
4.53952e-03,0.01,0.05
4.53960e-03,0.05,-0.01
4.53968e-03,0.03,0.05
4.53976e-03,0.03,-0.01
4.53984e-03,0.03,0.05
4.53992e-03,0.03,-0.03
4.54000e-03,0.03,0.05
4.54008e-03,0.01,-0.03
4.54016e-03,0.03,0.05
4.54024e-03,0.03,-0.01
4.54032e-03,0.05,0.07
4.54040e-03,0.03,-0.03
4.54048e-03,0.03,0.05
4.54056e-03,0.03,-0.03
4.54064e-03,0.03,0.05
4.54072e-03,0.05,-0.01
4.54080e-03,0.01,0.05
4.54088e-03,0.03,-0.01
4.54096e-03,0.01,0.05
4.54104e-03,0.03,-0.01
4.54112e-03,0.03,0.05
4.54120e-03,0.03,-0.01
4.54128e-03,0.05,0.05
4.54136e-03,0.01,-0.01
4.54144e-03,0.05,0.05
4.54152e-03,-0.01,-0.01
4.54160e-03,0.03,0.05
4.54168e-03,0.05,-0.03
4.54176e-03,0.03,0.05
4.54184e-03,0.03,-0.03
4.54192e-03,0.03,0.07
4.54200e-03,0.03,-0.03
4.54208e-03,0.01,0.05
4.54216e-03,0.03,-0.01
4.54224e-03,0.03,0.05
4.54232e-03,0.03,-0.03
4.54240e-03,0.03,0.05
4.54248e-03,0.03,-0.03
4.54256e-03,0.03,0.05
4.54264e-03,0.03,-0.03
4.54272e-03,0.03,0.05
4.54280e-03,0.01,-0.03
4.54288e-03,0.03,0.05
4.54296e-03,0.03,-0.03
4.54304e-03,0.03,0.05
4.54312e-03,0.03,-0.03
4.54320e-03,0.03,0.05
4.54328e-03,0.03,-0.03
4.54336e-03,0.01,0.05
4.54344e-03,0.05,-0.03
4.54352e-03,0.03,0.05
4.54360e-03,0.03,-0.03
4.54368e-03,0.03,0.05
4.54376e-03,0.03,-0.01
4.54384e-03,0.03,0.05
4.54392e-03,0.03,-0.03
4.54400e-03,0.03,0.05
4.54408e-03,0.01,-0.01
4.54416e-03,0.03,0.05
4.54424e-03,0.03,-0.01
4.54432e-03,0.03,0.05
4.54440e-03,0.03,-0.01
4.54448e-03,0.03,0.05
4.54456e-03,0.03,-0.03
4.54464e-03,0.01,0.05
4.54472e-03,0.05,-0.03
4.54480e-03,0.01,0.05
4.54488e-03,0.03,-0.03
4.54496e-03,0.03,0.05
4.54504e-03,0.01,-0.03
4.54512e-03,0.05,0.05
4.54520e-03,0.03,-0.03
4.54528e-03,0.03,0.05
4.54536e-03,0.03,-0.01
4.54544e-03,0.03,0.05
4.54552e-03,0.03,-0.01
4.54560e-03,0.03,0.05
4.54568e-03,0.03,-0.01
4.54576e-03,0.03,0.05
4.54584e-03,0.03,-0.03
4.54592e-03,0.03,0.05
4.54600e-03,0.05,-0.01
4.54608e-03,0.01,0.05
4.54616e-03,0.03,-0.03
4.54624e-03,0.03,0.05
4.54632e-03,0.03,-0.03
4.54640e-03,0.03,0.07
4.54648e-03,0.01,-0.01
4.54656e-03,0.03,0.05
4.54664e-03,0.03,-0.01
4.54672e-03,0.03,0.05
4.54680e-03,0.01,-0.03
4.54688e-03,0.03,0.05
4.54696e-03,0.03,-0.01
4.54704e-03,0.03,0.05
4.54712e-03,0.03,-0.01
4.54720e-03,0.03,0.05
4.54728e-03,0.05,-0.01
4.54736e-03,0.03,0.05
4.54744e-03,0.03,-0.01
4.54752e-03,0.01,0.05
4.54760e-03,0.03,-0.01
4.54768e-03,0.03,0.05
4.54776e-03,0.01,-0.03
4.54784e-03,0.03,0.05
4.54792e-03,0.03,-0.01
4.54800e-03,0.03,0.05
4.54808e-03,0.01,-0.01
4.54816e-03,0.05,0.05
4.54824e-03,0.01,-0.03
4.54832e-03,0.01,0.05
4.54840e-03,0.03,-0.01
4.54848e-03,0.01,0.05
4.54856e-03,0.05,-0.01
4.54864e-03,0.01,0.05
4.54872e-03,0.03,-0.03
4.54880e-03,0.01,0.05
4.54888e-03,0.03,-0.03
4.54896e-03,0.03,0.05
4.54904e-03,0.03,-0.03
4.54912e-03,0.03,0.05
4.54920e-03,0.01,-0.01
4.54928e-03,0.03,0.05
4.54936e-03,0.03,-0.01
4.54944e-03,0.03,0.05
4.54952e-03,0.01,-0.03
4.54960e-03,0.05,0.05
4.54968e-03,0.01,-0.01
4.54976e-03,0.01,0.05
4.54984e-03,0.03,-0.03
4.54992e-03,0.01,0.05
4.55000e-03,0.03,-0.03
4.55008e-03,0.01,0.05
4.55016e-03,0.03,-0.01
4.55024e-03,0.01,0.05
4.55032e-03,0.03,-0.03
4.55040e-03,0.03,0.05
4.55048e-03,0.01,-0.03
4.55056e-03,0.01,0.05
4.55064e-03,0.03,-0.03
4.55072e-03,0.03,0.05
4.55080e-03,0.03,-0.03
4.55088e-03,0.03,0.05
4.55096e-03,0.01,-0.01
4.55104e-03,0.03,0.05
4.55112e-03,0.05,-0.03
4.55120e-03,0.01,0.05
4.55128e-03,0.05,-0.03
4.55136e-03,-0.01,0.07
4.55144e-03,0.03,-0.03
4.55152e-03,0.03,0.05
4.55160e-03,0.03,-0.03
4.55168e-03,0.03,0.07
4.55176e-03,0.05,-0.03
4.55184e-03,0.03,0.05
4.55192e-03,0.03,-0.03
4.55200e-03,0.01,0.05
4.55208e-03,0.01,-0.03
4.55216e-03,0.03,0.05
4.55224e-03,0.01,-0.01
4.55232e-03,0.03,0.05
4.55240e-03,0.03,-0.01
4.55248e-03,0.01,0.05
4.55256e-03,0.05,-0.03
4.55264e-03,0.01,0.05
4.55272e-03,0.01,-0.01
4.55280e-03,0.01,0.05
4.55288e-03,0.01,-0.03
4.55296e-03,0.01,0.05
4.55304e-03,0.03,-0.03
4.55312e-03,0.03,0.05
4.55320e-03,0.03,-0.01
4.55328e-03,0.03,0.05
4.55336e-03,0.03,-0.03
4.55344e-03,0.01,0.05
4.55352e-03,0.05,-0.01
4.55360e-03,0.03,0.05
4.55368e-03,0.01,-0.01
4.55376e-03,0.01,0.05
4.55384e-03,0.03,-0.03
4.55392e-03,0.01,0.05
4.55400e-03,0.03,-0.03
4.55408e-03,0.01,0.05
4.55416e-03,0.03,-0.03
4.55424e-03,0.01,0.05
4.55432e-03,0.03,-0.03
4.55440e-03,0.03,0.05
4.55448e-03,0.01,-0.03
4.55456e-03,0.05,0.05
4.55464e-03,0.03,-0.01
4.55472e-03,0.01,0.05
4.55480e-03,-0.01,-0.03
4.55488e-03,0.03,0.05
4.55496e-03,0.03,-0.03
4.55504e-03,0.03,0.05
4.55512e-03,0.03,-0.03
4.55520e-03,0.03,0.05
4.55528e-03,0.03,-0.03
4.55536e-03,0.01,0.05
4.55544e-03,0.03,-0.01
4.55552e-03,0.03,0.05
4.55560e-03,0.03,-0.01
4.55568e-03,0.03,0.05
4.55576e-03,0.03,-0.03
4.55584e-03,0.03,0.03
4.55592e-03,0.01,-0.01
4.55600e-03,0.03,0.05
4.55608e-03,0.01,-0.03
4.55616e-03,0.03,0.05
4.55624e-03,0.03,-0.03
4.55632e-03,0.01,0.05
4.55640e-03,0.03,-0.01
4.55648e-03,0.03,0.05
4.55656e-03,0.03,-0.01
4.55664e-03,0.01,0.05
4.55672e-03,0.03,-0.03
4.55680e-03,0.01,0.05
4.55688e-03,0.01,-0.01
4.55696e-03,0.01,0.05
4.55704e-03,0.03,-0.03
4.55712e-03,0.03,0.05
4.55720e-03,0.01,-0.01
4.55728e-03,0.01,0.05
4.55736e-03,0.03,-0.03
4.55744e-03,0.03,0.05
4.55752e-03,0.01,-0.01
4.55760e-03,0.03,0.05
4.55768e-03,0.05,-0.03
4.55776e-03,0.01,0.05
4.55784e-03,0.01,-0.03
4.55792e-03,0.03,0.05
4.55800e-03,0.03,-0.03
4.55808e-03,0.03,0.05
4.55816e-03,0.03,-0.01
4.55824e-03,0.01,0.05
4.55832e-03,0.03,-0.03
4.55840e-03,0.01,0.05
4.55848e-03,0.01,-0.03
4.55856e-03,0.03,0.05
4.55864e-03,0.01,-0.03
4.55872e-03,0.05,0.05
4.55880e-03,0.01,-0.03
4.55888e-03,0.03,0.05
4.55896e-03,0.01,-0.01
4.55904e-03,0.03,0.05
4.55912e-03,0.05,-0.01
4.55920e-03,0.03,0.05
4.55928e-03,0.03,-0.01
4.55936e-03,0.03,0.07
4.55944e-03,0.03,-0.03
4.55952e-03,0.01,0.05
4.55960e-03,0.05,-0.03
4.55968e-03,0.03,0.05
4.55976e-03,0.03,-0.03
4.55984e-03,0.03,0.05
4.55992e-03,0.01,-0.03
4.56000e-03,0.03,0.07
4.56008e-03,-0.01,-0.03
4.56016e-03,0.05,0.07
4.56024e-03,0.03,-0.03
4.56032e-03,0.03,0.07
4.56040e-03,0.05,-0.03
4.56048e-03,0.05,0.05
4.56056e-03,0.03,-0.01
4.56064e-03,0.01,0.05
4.56072e-03,0.03,-0.01
4.56080e-03,0.01,0.05
4.56088e-03,0.03,-0.03
4.56096e-03,0.01,0.05
4.56104e-03,0.03,-0.03
4.56112e-03,0.03,0.05
4.56120e-03,0.03,-0.01
4.56128e-03,0.03,0.07
4.56136e-03,0.03,-0.03
4.56144e-03,0.03,0.05
4.56152e-03,0.01,-0.01
4.56160e-03,0.03,0.05
4.56168e-03,0.03,-0.01
4.56176e-03,0.01,0.05
4.56184e-03,0.01,-0.01
4.56192e-03,-0.01,0.05
4.56200e-03,0.03,-0.03
4.56208e-03,0.01,0.05
4.56216e-03,0.03,-0.03
4.56224e-03,0.03,0.05
4.56232e-03,0.03,-0.01
4.56240e-03,0.01,0.03
4.56248e-03,0.01,-0.03
4.56256e-03,0.03,0.05
4.56264e-03,0.01,-0.03
4.56272e-03,0.03,0.05
4.56280e-03,0.01,-0.03
4.56288e-03,0.03,0.05
4.56296e-03,0.01,-0.03
4.56304e-03,0.03,0.05
4.56312e-03,0.03,-0.03
4.56320e-03,0.03,0.05
4.56328e-03,0.01,-0.01
4.56336e-03,0.01,0.05
4.56344e-03,0.05,-0.03
4.56352e-03,0.03,0.05
4.56360e-03,0.03,-0.01
4.56368e-03,0.01,0.07
4.56376e-03,0.01,-0.03
4.56384e-03,0.03,0.05
4.56392e-03,0.03,-0.03
4.56400e-03,0.03,0.05
4.56408e-03,0.01,-0.03
4.56416e-03,0.03,0.05
4.56424e-03,0.03,-0.03
4.56432e-03,0.01,0.05
4.56440e-03,0.03,-0.03
4.56448e-03,0.03,0.05
4.56456e-03,0.01,-0.01
4.56464e-03,0.03,0.05
4.56472e-03,0.03,-0.01
4.56480e-03,0.01,0.05
4.56488e-03,0.03,-0.03
4.56496e-03,0.01,0.05
4.56504e-03,0.03,-0.03
4.56512e-03,0.05,0.05
4.56520e-03,0.03,-0.01
4.56528e-03,0.03,0.05
4.56536e-03,0.03,-0.03
4.56544e-03,0.03,0.05
4.56552e-03,0.01,-0.03
4.56560e-03,0.03,0.05
4.56568e-03,0.03,-0.01
4.56576e-03,0.03,0.05
4.56584e-03,0.01,-0.03
4.56592e-03,0.03,0.05
4.56600e-03,0.03,-0.03
4.56608e-03,0.01,0.05
4.56616e-03,0.05,-0.03
4.56624e-03,0.01,0.05
4.56632e-03,0.03,-0.01
4.56640e-03,0.03,0.05
4.56648e-03,0.03,-0.03
4.56656e-03,0.03,0.05
4.56664e-03,0.01,-0.03
4.56672e-03,0.01,0.05
4.56680e-03,0.01,-0.01
4.56688e-03,0.05,0.05
4.56696e-03,0.01,-0.01
4.56704e-03,0.03,0.05
4.56712e-03,0.03,-0.03
4.56720e-03,0.03,0.05
4.56728e-03,0.03,-0.01
4.56736e-03,0.01,0.05
4.56744e-03,0.03,-0.03
4.56752e-03,0.01,0.05
4.56760e-03,0.03,-0.03
4.56768e-03,0.01,0.05
4.56776e-03,0.03,-0.03
4.56784e-03,0.03,0.05
4.56792e-03,0.03,-0.03
4.56800e-03,0.03,0.05
4.56808e-03,0.01,-0.05
4.56816e-03,0.01,0.05
4.56824e-03,0.01,-0.03
4.56832e-03,0.03,0.07
4.56840e-03,0.03,-0.03
4.56848e-03,0.03,0.07
4.56856e-03,0.05,-0.01
4.56864e-03,0.01,0.05
4.56872e-03,0.03,-0.01
4.56880e-03,0.01,0.05
4.56888e-03,0.03,-0.03
4.56896e-03,0.03,0.05
4.56904e-03,0.03,-0.03
4.56912e-03,0.03,0.05
4.56920e-03,0.03,-0.03
4.56928e-03,0.03,0.05
4.56936e-03,0.03,-0.01
4.56944e-03,0.03,0.05
4.56952e-03,0.03,-0.03
4.56960e-03,0.03,0.05
4.56968e-03,0.03,-0.01
4.56976e-03,0.03,0.05
4.56984e-03,0.01,-0.03
4.56992e-03,0.01,0.05
4.57000e-03,0.03,-0.01
4.57008e-03,0.03,0.07
4.57016e-03,0.05,-0.03
4.57024e-03,0.03,0.05
4.57032e-03,0.03,-0.03
4.57040e-03,0.03,0.05
4.57048e-03,0.03,-0.01
4.57056e-03,0.03,0.05
4.57064e-03,0.03,-0.03
4.57072e-03,0.03,0.05
4.57080e-03,0.03,-0.01
4.57088e-03,0.03,0.05
4.57096e-03,0.03,-0.01
4.57104e-03,0.01,0.07
4.57112e-03,0.03,-0.01
4.57120e-03,0.01,0.05
4.57128e-03,0.05,-0.03
4.57136e-03,0.01,0.05
4.57144e-03,0.01,-0.01
4.57152e-03,0.03,0.05
4.57160e-03,0.03,-0.01
4.57168e-03,0.03,0.05
4.57176e-03,0.03,-0.01
4.57184e-03,0.01,0.05
4.57192e-03,0.03,-0.03
4.57200e-03,0.05,0.05
4.57208e-03,0.03,-0.01
4.57216e-03,0.03,0.05
4.57224e-03,0.01,-0.01
4.57232e-03,0.03,0.05
4.57240e-03,0.03,-0.01
4.57248e-03,0.03,0.05
4.57256e-03,0.03,-0.01
4.57264e-03,0.01,0.05
4.57272e-03,0.03,-0.01
4.57280e-03,0.01,0.05
4.57288e-03,0.03,-0.03
4.57296e-03,0.03,0.05
4.57304e-03,0.03,-0.01
4.57312e-03,0.03,0.05
4.57320e-03,0.03,-0.01
4.57328e-03,0.03,0.05
4.57336e-03,0.03,-0.03
4.57344e-03,0.03,0.05
4.57352e-03,0.03,-0.01
4.57360e-03,0.03,0.05
4.57368e-03,0.01,-0.03
4.57376e-03,0.03,0.05
4.57384e-03,0.03,-0.03
4.57392e-03,0.01,0.05
4.57400e-03,0.01,-0.01
4.57408e-03,0.01,0.05
4.57416e-03,0.05,-0.03
4.57424e-03,0.05,0.05
4.57432e-03,0.01,-0.01
4.57440e-03,0.03,0.05
4.57448e-03,0.03,-0.03
4.57456e-03,0.03,0.07
4.57464e-03,0.01,-0.01
4.57472e-03,0.03,0.05
4.57480e-03,0.01,-0.01
4.57488e-03,0.05,0.05
4.57496e-03,0.03,-0.01
4.57504e-03,0.03,0.05
4.57512e-03,0.03,-0.03
4.57520e-03,0.01,0.05
4.57528e-03,0.03,-0.03
4.57536e-03,0.01,0.05
4.57544e-03,0.01,-0.03
4.57552e-03,0.01,0.05
4.57560e-03,0.01,-0.01
4.57568e-03,0.03,0.05
4.57576e-03,0.03,-0.01
4.57584e-03,0.05,0.05
4.57592e-03,0.03,-0.01
4.57600e-03,0.03,0.05
4.57608e-03,0.03,-0.03
4.57616e-03,0.03,0.05
4.57624e-03,0.01,-0.01
4.57632e-03,0.01,0.05
4.57640e-03,0.03,-0.03
4.57648e-03,0.03,0.05
4.57656e-03,0.05,-0.01
4.57664e-03,0.01,0.05
4.57672e-03,0.03,-0.03
4.57680e-03,0.01,0.05
4.57688e-03,0.03,-0.03
4.57696e-03,0.03,0.07
4.57704e-03,0.03,-0.03
4.57712e-03,0.03,0.05
4.57720e-03,0.01,-0.03
4.57728e-03,0.01,0.05
4.57736e-03,0.03,-0.01
4.57744e-03,0.05,0.05
4.57752e-03,0.01,-0.03
4.57760e-03,0.05,0.05
4.57768e-03,0.01,-0.03
4.57776e-03,0.03,0.05
4.57784e-03,0.03,-0.01
4.57792e-03,0.03,0.05
4.57800e-03,0.03,-0.03
4.57808e-03,0.03,0.05
4.57816e-03,0.03,-0.01
4.57824e-03,0.03,0.05
4.57832e-03,0.03,-0.01
4.57840e-03,0.03,0.05
4.57848e-03,0.03,-0.03
4.57856e-03,0.03,0.05
4.57864e-03,0.01,-0.03
4.57872e-03,0.03,0.05
4.57880e-03,-0.01,-0.01
4.57888e-03,0.05,0.05
4.57896e-03,0.03,-0.01
4.57904e-03,0.03,0.05
4.57912e-03,0.03,-0.03
4.57920e-03,0.03,0.05
4.57928e-03,0.03,-0.01
4.57936e-03,0.03,0.05
4.57944e-03,0.03,-0.01
4.57952e-03,0.03,0.05
4.57960e-03,0.03,-0.03
4.57968e-03,0.03,0.05
4.57976e-03,0.03,-0.01
4.57984e-03,0.03,0.05
4.57992e-03,0.01,-0.01
4.58000e-03,0.03,0.05
4.58008e-03,0.03,-0.03
4.58016e-03,0.03,0.05
4.58024e-03,0.01,-0.01
4.58032e-03,0.01,0.05
4.58040e-03,0.03,-0.01
4.58048e-03,0.03,0.05
4.58056e-03,0.03,-0.03
4.58064e-03,0.01,0.05
4.58072e-03,0.03,-0.01
4.58080e-03,0.03,0.05
4.58088e-03,0.03,-0.01
4.58096e-03,0.01,0.05
4.58104e-03,0.03,-0.01
4.58112e-03,0.01,0.05
4.58120e-03,0.01,-0.01
4.58128e-03,0.03,0.05
4.58136e-03,0.03,-0.03
4.58144e-03,0.03,0.05
4.58152e-03,0.01,-0.01
4.58160e-03,0.03,0.05
4.58168e-03,0.03,-0.03
4.58176e-03,0.01,0.05
4.58184e-03,0.01,-0.01
4.58192e-03,0.01,0.05
4.58200e-03,0.03,-0.03
4.58208e-03,0.05,0.05
4.58216e-03,0.01,-0.03
4.58224e-03,0.03,0.05
4.58232e-03,0.03,-0.01
4.58240e-03,0.03,0.05
4.58248e-03,0.01,-0.01
4.58256e-03,0.05,0.05
4.58264e-03,0.01,-0.03
4.58272e-03,0.03,0.05
4.58280e-03,0.01,-0.01
4.58288e-03,0.03,0.05
4.58296e-03,0.03,-0.01
4.58304e-03,0.03,0.05
4.58312e-03,0.03,-0.01
4.58320e-03,0.01,0.05
4.58328e-03,0.03,-0.03
4.58336e-03,0.03,0.05
4.58344e-03,0.03,-0.03
4.58352e-03,0.01,0.05
4.58360e-03,0.05,-0.01
4.58368e-03,0.03,0.05
4.58376e-03,0.01,-0.01
4.58384e-03,0.05,0.05
4.58392e-03,0.01,-0.03
4.58400e-03,0.03,0.07
4.58408e-03,0.01,-0.01
4.58416e-03,0.03,0.07
4.58424e-03,0.03,-0.01
4.58432e-03,0.05,0.07
4.58440e-03,0.01,-0.01
4.58448e-03,0.01,0.05
4.58456e-03,0.05,-0.03
4.58464e-03,0.03,0.07
4.58472e-03,0.07,-0.03
4.58480e-03,0.03,0.05
4.58488e-03,0.07,-0.03
4.58496e-03,0.03,0.07
4.58504e-03,0.01,-0.03
4.58512e-03,0.01,0.07
4.58520e-03,0.01,-0.03
4.58528e-03,0.03,0.07
4.58536e-03,0.03,-0.03
4.58544e-03,0.03,0.07
4.58552e-03,0.03,-0.01
4.58560e-03,0.03,0.05
4.58568e-03,0.01,-0.01
4.58576e-03,0.03,0.05
4.58584e-03,0.03,-0.01
4.58592e-03,0.03,0.05
4.58600e-03,0.05,-0.01
4.58608e-03,0.03,0.05
4.58616e-03,0.03,-0.03
4.58624e-03,0.03,0.05
4.58632e-03,0.03,-0.01
4.58640e-03,0.03,0.05
4.58648e-03,0.03,-0.01
4.58656e-03,0.03,0.05
4.58664e-03,0.03,-0.01
4.58672e-03,0.03,0.05
4.58680e-03,0.01,-0.01
4.58688e-03,0.03,0.05
4.58696e-03,0.03,-0.01
4.58704e-03,0.03,0.05
4.58712e-03,0.01,-0.01
4.58720e-03,0.03,0.05
4.58728e-03,0.03,-0.03
4.58736e-03,0.01,0.05
4.58744e-03,0.03,-0.01
4.58752e-03,0.03,0.05
4.58760e-03,0.03,-0.01
4.58768e-03,0.03,0.05
4.58776e-03,0.03,-0.03
4.58784e-03,0.05,0.05
4.58792e-03,0.01,-0.01
4.58800e-03,0.03,0.05
4.58808e-03,0.01,-0.01
4.58816e-03,0.03,0.05
4.58824e-03,0.03,-0.01
4.58832e-03,0.03,0.05
4.58840e-03,0.01,-0.03
4.58848e-03,0.03,0.05
4.58856e-03,0.03,-0.03
4.58864e-03,0.01,0.05
4.58872e-03,0.03,-0.03
4.58880e-03,0.01,0.07
4.58888e-03,0.05,-0.01
4.58896e-03,0.03,0.05
4.58904e-03,0.03,-0.03
4.58912e-03,0.03,0.05
4.58920e-03,0.03,-0.01
4.58928e-03,0.05,0.05
4.58936e-03,0.01,-0.01
4.58944e-03,0.05,0.05
4.58952e-03,0.03,-0.03
4.58960e-03,0.01,0.05
4.58968e-03,0.01,-0.03
4.58976e-03,0.03,0.05
4.58984e-03,0.03,-0.03
4.58992e-03,0.01,0.05
4.59000e-03,0.03,-0.03
4.59008e-03,0.01,0.05
4.59016e-03,0.05,-0.01
4.59024e-03,0.03,0.05
4.59032e-03,0.03,-0.01
4.59040e-03,0.03,0.05
4.59048e-03,0.03,-0.01
4.59056e-03,0.05,0.05
4.59064e-03,0.01,-0.01
4.59072e-03,0.03,0.05
4.59080e-03,0.03,-0.03
4.59088e-03,0.03,0.05
4.59096e-03,0.03,-0.01
4.59104e-03,0.03,0.05
4.59112e-03,0.03,-0.03
4.59120e-03,0.03,0.05
4.59128e-03,0.05,-0.03
4.59136e-03,0.01,0.05
4.59144e-03,0.05,-0.01
4.59152e-03,0.03,0.05
4.59160e-03,0.03,-0.03
4.59168e-03,0.03,0.05
4.59176e-03,0.03,-0.03
4.59184e-03,0.03,0.05
4.59192e-03,0.03,-0.03
4.59200e-03,0.03,0.05
4.59208e-03,0.03,-0.01
4.59216e-03,0.03,0.05
4.59224e-03,0.03,-0.03
4.59232e-03,0.03,0.05
4.59240e-03,0.03,-0.03
4.59248e-03,0.03,0.05
4.59256e-03,0.03,-0.03
4.59264e-03,0.01,0.05
4.59272e-03,0.01,-0.03
4.59280e-03,0.03,0.05
4.59288e-03,0.03,-0.01
4.59296e-03,0.05,0.05
4.59304e-03,0.01,-0.01
4.59312e-03,0.03,0.05
4.59320e-03,0.03,-0.03
4.59328e-03,0.03,0.05
4.59336e-03,0.03,-0.03
4.59344e-03,0.03,0.05
4.59352e-03,0.03,-0.01
4.59360e-03,0.03,0.05
4.59368e-03,0.01,-0.03
4.59376e-03,-0.01,0.07
4.59384e-03,0.03,-0.03
4.59392e-03,0.03,0.07
4.59400e-03,0.05,-0.03
4.59408e-03,0.01,0.05
4.59416e-03,0.03,-0.03
4.59424e-03,0.01,0.05
4.59432e-03,0.03,-0.03
4.59440e-03,0.03,0.05
4.59448e-03,0.03,-0.01
4.59456e-03,0.01,0.05
4.59464e-03,0.03,-0.03
4.59472e-03,0.03,0.05
4.59480e-03,0.01,-0.03
4.59488e-03,0.03,0.05
4.59496e-03,0.01,-0.01
4.59504e-03,0.03,0.05
4.59512e-03,0.01,-0.03
4.59520e-03,0.01,0.05
4.59528e-03,0.03,-0.01
4.59536e-03,0.01,0.05
4.59544e-03,0.03,-0.03
4.59552e-03,0.01,0.05
4.59560e-03,0.03,-0.01
4.59568e-03,0.01,0.05
4.59576e-03,0.03,-0.03
4.59584e-03,0.03,0.05
4.59592e-03,0.01,-0.01
4.59600e-03,0.05,0.05
4.59608e-03,0.01,-0.03
4.59616e-03,0.01,0.05
4.59624e-03,0.03,-0.01
4.59632e-03,0.05,0.05
4.59640e-03,0.03,-0.03
4.59648e-03,0.01,0.05
4.59656e-03,0.03,-0.03
4.59664e-03,0.01,0.05
4.59672e-03,0.03,-0.03
4.59680e-03,0.03,0.05
4.59688e-03,0.03,-0.01
4.59696e-03,0.01,0.05
4.59704e-03,0.05,-0.03
4.59712e-03,0.01,0.05
4.59720e-03,0.01,-0.03
4.59728e-03,0.03,0.05
4.59736e-03,0.01,-0.03
4.59744e-03,0.03,0.05
4.59752e-03,0.03,-0.03
4.59760e-03,0.03,0.05
4.59768e-03,0.01,-0.03
4.59776e-03,0.01,0.05
4.59784e-03,0.03,-0.03
4.59792e-03,0.03,0.05
4.59800e-03,0.01,-0.03
4.59808e-03,0.03,0.05
4.59816e-03,0.03,-0.03
4.59824e-03,0.01,0.05
4.59832e-03,0.03,-0.03
4.59840e-03,0.03,0.05
4.59848e-03,0.01,-0.03
4.59856e-03,0.01,0.05
4.59864e-03,0.03,-0.03
4.59872e-03,0.03,0.05
4.59880e-03,0.03,-0.01
4.59888e-03,0.03,0.05
4.59896e-03,0.01,-0.03
4.59904e-03,0.03,0.05
4.59912e-03,0.05,-0.03
4.59920e-03,0.01,0.05
4.59928e-03,0.03,-0.03
4.59936e-03,0.03,0.05
4.59944e-03,0.03,-0.03
4.59952e-03,0.01,0.05
4.59960e-03,0.05,-0.03
4.59968e-03,0.03,0.05
4.59976e-03,0.03,-0.03
4.59984e-03,0.05,0.05
4.59992e-03,0.03,-0.03
4.60000e-03,0.05,0.05
4.60008e-03,0.03,-0.03
4.60016e-03,0.05,0.05
4.60024e-03,0.01,-0.01
4.60032e-03,0.05,0.05
4.60040e-03,0.01,-0.01
4.60048e-03,0.01,0.05
4.60056e-03,0.03,-0.01
4.60064e-03,0.03,0.05
4.60072e-03,0.03,-0.01
4.60080e-03,0.01,0.05
4.60088e-03,0.03,-0.03
4.60096e-03,0.01,0.05
4.60104e-03,0.03,-0.01
4.60112e-03,0.03,0.05
4.60120e-03,0.01,-0.03
4.60128e-03,0.03,0.05
4.60136e-03,0.03,-0.01
4.60144e-03,0.03,0.05
4.60152e-03,0.03,-0.01
4.60160e-03,0.01,0.05
4.60168e-03,0.03,-0.01
4.60176e-03,-0.01,0.07
4.60184e-03,0.03,-0.01
4.60192e-03,0.03,0.07
4.60200e-03,0.07,-0.03
4.60208e-03,0.01,0.07
4.60216e-03,0.03,-0.03
4.60224e-03,0.03,0.07
4.60232e-03,0.03,-0.03
4.60240e-03,0.03,0.05
4.60248e-03,0.03,-0.01
4.60256e-03,0.03,0.07
4.60264e-03,0.01,-0.03
4.60272e-03,0.03,0.05
4.60280e-03,0.01,-0.03
4.60288e-03,0.03,0.05
4.60296e-03,0.01,-0.01
4.60304e-03,0.01,0.05
4.60312e-03,0.03,-0.01
4.60320e-03,0.03,0.05
4.60328e-03,0.03,-0.01
4.60336e-03,0.01,0.05
4.60344e-03,0.03,-0.01
4.60352e-03,0.03,0.07
4.60360e-03,0.03,-0.01
4.60368e-03,0.03,0.05
4.60376e-03,0.01,-0.03
4.60384e-03,0.03,0.05
4.60392e-03,0.01,-0.01
4.60400e-03,0.03,0.05
4.60408e-03,0.03,-0.03
4.60416e-03,0.01,0.05
4.60424e-03,0.03,-0.01
4.60432e-03,0.03,0.05
4.60440e-03,0.03,-0.03
4.60448e-03,0.03,0.05
4.60456e-03,0.03,-0.03
4.60464e-03,0.01,0.05
4.60472e-03,0.03,-0.03
4.60480e-03,0.01,0.05
4.60488e-03,0.03,-0.03
4.60496e-03,0.03,0.05
4.60504e-03,0.01,-0.03
4.60512e-03,0.03,0.05
4.60520e-03,0.03,-0.01
4.60528e-03,0.03,0.05
4.60536e-03,0.01,-0.01
4.60544e-03,0.03,0.05
4.60552e-03,0.03,-0.01
4.60560e-03,0.03,0.03
4.60568e-03,0.03,-0.01
4.60576e-03,0.03,0.05
4.60584e-03,0.03,-0.01
4.60592e-03,0.01,0.05
4.60600e-03,0.03,-0.03
4.60608e-03,0.03,0.05
4.60616e-03,0.03,-0.03
4.60624e-03,0.03,0.05
4.60632e-03,0.03,-0.01
4.60640e-03,0.03,0.05
4.60648e-03,0.03,-0.03
4.60656e-03,0.03,0.05
4.60664e-03,0.03,-0.01
4.60672e-03,0.03,0.05
4.60680e-03,0.03,-0.01
4.60688e-03,0.01,0.05
4.60696e-03,0.01,-0.03
4.60704e-03,0.03,0.05
4.60712e-03,0.03,-0.01
4.60720e-03,0.01,0.05
4.60728e-03,0.03,-0.01
4.60736e-03,0.01,0.05
4.60744e-03,0.03,-0.01
4.60752e-03,0.01,0.05
4.60760e-03,0.03,-0.03
4.60768e-03,0.05,0.03
4.60776e-03,0.01,-0.03
4.60784e-03,0.05,0.05
4.60792e-03,0.03,-0.01
4.60800e-03,0.03,0.05
4.60808e-03,0.01,-0.03
4.60816e-03,0.03,0.05
4.60824e-03,0.03,-0.03
4.60832e-03,0.03,0.03
4.60840e-03,0.01,-0.03
4.60848e-03,0.01,0.05
4.60856e-03,0.03,-0.03
4.60864e-03,0.03,0.05
4.60872e-03,0.05,-0.03
4.60880e-03,0.01,0.05
4.60888e-03,0.03,-0.03
4.60896e-03,0.03,0.05
4.60904e-03,0.01,-0.01
4.60912e-03,0.03,0.05
4.60920e-03,0.03,-0.03
4.60928e-03,0.03,0.05
4.60936e-03,0.01,-0.03
4.60944e-03,0.01,0.05
4.60952e-03,0.01,-0.03
4.60960e-03,0.03,0.05
4.60968e-03,0.03,-0.03
4.60976e-03,0.03,0.05
4.60984e-03,0.03,-0.01
4.60992e-03,0.01,0.05
4.61000e-03,0.03,-0.01
4.61008e-03,0.01,0.05
4.61016e-03,0.03,-0.01
4.61024e-03,0.01,0.05
4.61032e-03,0.03,-0.03
4.61040e-03,0.03,0.03
4.61048e-03,0.03,-0.03
4.61056e-03,0.03,0.05
4.61064e-03,0.03,-0.03
4.61072e-03,0.03,0.07
4.61080e-03,0.03,-0.03
4.61088e-03,0.03,0.05
4.61096e-03,0.01,-0.03
4.61104e-03,0.01,0.05
4.61112e-03,0.03,-0.01
4.61120e-03,0.01,0.05
4.61128e-03,0.05,-0.01
4.61136e-03,0.03,0.05
4.61144e-03,0.05,-0.01
4.61152e-03,0.03,0.07
4.61160e-03,0.03,-0.01
4.61168e-03,0.03,0.05
4.61176e-03,0.01,-0.01
4.61184e-03,0.03,0.05
4.61192e-03,0.01,-0.03
4.61200e-03,0.01,0.07
4.61208e-03,0.01,-0.01
4.61216e-03,0.03,0.05
4.61224e-03,0.01,-0.01
4.61232e-03,0.03,0.05
4.61240e-03,0.03,-0.03
4.61248e-03,0.03,0.05
4.61256e-03,0.03,-0.03
4.61264e-03,0.03,0.05
4.61272e-03,0.03,-0.01
4.61280e-03,0.03,0.05
4.61288e-03,0.03,-0.01
4.61296e-03,0.03,0.05
4.61304e-03,0.03,-0.01
4.61312e-03,0.03,0.05
4.61320e-03,0.01,-0.03
4.61328e-03,0.03,0.05
4.61336e-03,0.03,-0.01
4.61344e-03,0.03,0.05
4.61352e-03,0.01,-0.01
4.61360e-03,0.03,0.05
4.61368e-03,0.03,-0.01
4.61376e-03,0.03,0.05
4.61384e-03,0.05,-0.01
4.61392e-03,0.01,0.05
4.61400e-03,0.03,-0.01
4.61408e-03,0.03,0.05
4.61416e-03,0.01,-0.03
4.61424e-03,0.03,0.05
4.61432e-03,0.03,-0.03
4.61440e-03,0.03,0.05
4.61448e-03,0.01,-0.03
4.61456e-03,0.05,0.07
4.61464e-03,0.01,-0.03
4.61472e-03,0.05,0.05
4.61480e-03,0.01,-0.01
4.61488e-03,0.03,0.05
4.61496e-03,0.01,-0.03
4.61504e-03,0.03,0.05
4.61512e-03,0.03,-0.03
4.61520e-03,0.03,0.05
4.61528e-03,0.03,-0.01
4.61536e-03,0.01,0.05
4.61544e-03,0.03,-0.03
4.61552e-03,0.03,0.05
4.61560e-03,0.01,-0.03
4.61568e-03,0.03,0.05
4.61576e-03,0.01,-0.03
4.61584e-03,0.03,0.05
4.61592e-03,0.01,-0.01
4.61600e-03,0.03,0.05
4.61608e-03,0.01,-0.01
4.61616e-03,0.03,0.05
4.61624e-03,0.03,-0.01
4.61632e-03,0.03,0.05
4.61640e-03,0.03,-0.03
4.61648e-03,0.03,0.05
4.61656e-03,0.05,-0.03
4.61664e-03,0.01,0.05
4.61672e-03,0.03,-0.03
4.61680e-03,0.01,0.05
4.61688e-03,0.03,-0.01
4.61696e-03,0.03,0.07
4.61704e-03,0.03,-0.01
4.61712e-03,0.01,0.05
4.61720e-03,0.01,-0.01
4.61728e-03,0.03,0.05
4.61736e-03,0.03,-0.01
4.61744e-03,0.05,0.05
4.61752e-03,0.01,-0.03
4.61760e-03,0.01,0.05
4.61768e-03,0.03,-0.01
4.61776e-03,0.03,0.03
4.61784e-03,0.03,-0.03
4.61792e-03,0.01,0.05
4.61800e-03,0.03,-0.01
4.61808e-03,0.03,0.05
4.61816e-03,0.01,-0.03
4.61824e-03,0.03,0.05
4.61832e-03,0.03,-0.03
4.61840e-03,0.03,0.05
4.61848e-03,0.03,-0.01
4.61856e-03,0.03,0.05
4.61864e-03,0.03,-0.01
4.61872e-03,0.05,0.05
4.61880e-03,0.03,-0.03
4.61888e-03,0.03,0.07
4.61896e-03,0.03,-0.03
4.61904e-03,0.03,0.05
4.61912e-03,0.01,-0.01
4.61920e-03,0.01,0.05
4.61928e-03,0.03,-0.01
4.61936e-03,0.03,0.05
4.61944e-03,0.03,-0.01
4.61952e-03,0.03,0.05
4.61960e-03,0.05,-0.01
4.61968e-03,-0.01,0.05
4.61976e-03,0.01,-0.05
4.61984e-03,0.03,0.05
4.61992e-03,0.01,-0.03
4.62000e-03,0.03,0.05
4.62008e-03,0.01,-0.03
4.62016e-03,0.03,0.05
4.62024e-03,0.03,-0.03
4.62032e-03,0.03,0.05
4.62040e-03,0.03,-0.01
4.62048e-03,0.03,0.05
4.62056e-03,0.03,-0.03
4.62064e-03,0.01,0.05
4.62072e-03,0.03,-0.03
4.62080e-03,0.01,0.05
4.62088e-03,0.03,-0.01
4.62096e-03,0.03,0.05
4.62104e-03,0.03,-0.01
4.62112e-03,0.01,0.05
4.62120e-03,0.01,-0.01
4.62128e-03,0.03,0.05
4.62136e-03,0.03,-0.03
4.62144e-03,0.03,0.05
4.62152e-03,0.01,-0.01
4.62160e-03,0.03,0.05
4.62168e-03,0.03,-0.03
4.62176e-03,0.03,0.05
4.62184e-03,0.03,-0.01
4.62192e-03,0.03,0.05
4.62200e-03,0.03,-0.01
4.62208e-03,0.01,0.05
4.62216e-03,0.05,-0.01
4.62224e-03,0.03,0.05
4.62232e-03,0.03,-0.03
4.62240e-03,0.01,0.05
4.62248e-03,0.03,-0.01
4.62256e-03,0.03,0.05
4.62264e-03,0.01,-0.01
4.62272e-03,0.03,0.05
4.62280e-03,0.01,-0.01
4.62288e-03,0.01,0.05
4.62296e-03,0.03,-0.01
4.62304e-03,0.03,0.05
4.62312e-03,0.03,-0.01
4.62320e-03,0.03,0.05
4.62328e-03,0.03,-0.01
4.62336e-03,0.01,0.05
4.62344e-03,0.03,-0.01
4.62352e-03,0.03,0.05
4.62360e-03,0.05,-0.01
4.62368e-03,0.03,0.05
4.62376e-03,0.01,-0.01
4.62384e-03,0.05,0.05
4.62392e-03,0.03,-0.01
4.62400e-03,0.05,0.05
4.62408e-03,-0.01,-0.01
4.62416e-03,0.05,0.05
4.62424e-03,0.01,-0.03
4.62432e-03,0.03,0.05
4.62440e-03,0.03,-0.03
4.62448e-03,0.03,0.05
4.62456e-03,0.03,-0.03
4.62464e-03,0.01,0.05
4.62472e-03,0.03,-0.03
4.62480e-03,0.03,0.05
4.62488e-03,0.05,-0.03
4.62496e-03,0.03,0.05
4.62504e-03,0.03,-0.03
4.62512e-03,0.03,0.05
4.62520e-03,0.01,-0.01
4.62528e-03,0.03,0.05
4.62536e-03,0.01,-0.01
4.62544e-03,0.03,0.05
4.62552e-03,0.03,-0.03
4.62560e-03,0.01,0.05
4.62568e-03,0.03,-0.01
4.62576e-03,0.01,0.05
4.62584e-03,0.03,-0.03
4.62592e-03,0.01,0.05
4.62600e-03,0.03,-0.01
4.62608e-03,0.01,0.05
4.62616e-03,0.05,-0.03
4.62624e-03,0.01,0.05
4.62632e-03,0.03,-0.03
4.62640e-03,0.03,0.05
4.62648e-03,0.01,-0.03
4.62656e-03,0.05,0.05
4.62664e-03,0.01,-0.03
4.62672e-03,0.05,0.05
4.62680e-03,0.01,-0.03
4.62688e-03,0.03,0.05
4.62696e-03,0.01,-0.01
4.62704e-03,0.03,0.07
4.62712e-03,0.03,-0.03
4.62720e-03,0.01,0.05
4.62728e-03,0.03,-0.01
4.62736e-03,0.03,0.07
4.62744e-03,0.07,-0.03
4.62752e-03,0.03,0.05
4.62760e-03,0.03,-0.03
4.62768e-03,0.01,0.07
4.62776e-03,0.03,-0.03
4.62784e-03,0.03,0.05
4.62792e-03,0.01,-0.03
4.62800e-03,0.03,0.05
4.62808e-03,0.03,-0.03
4.62816e-03,0.01,0.07
4.62824e-03,0.03,-0.03
4.62832e-03,0.01,0.05
4.62840e-03,0.03,-0.01
4.62848e-03,0.01,0.05
4.62856e-03,0.03,-0.01
4.62864e-03,0.03,0.05
4.62872e-03,0.03,-0.01
4.62880e-03,0.01,0.05
4.62888e-03,0.05,-0.01
4.62896e-03,0.03,0.05
4.62904e-03,0.03,-0.01
4.62912e-03,0.03,0.05
4.62920e-03,-0.01,-0.03
4.62928e-03,0.03,0.05
4.62936e-03,0.01,-0.03
4.62944e-03,0.03,0.05
4.62952e-03,0.03,-0.03
4.62960e-03,0.03,0.05
4.62968e-03,0.03,-0.03
4.62976e-03,0.03,0.07
4.62984e-03,0.03,-0.01
4.62992e-03,0.01,0.05
4.63000e-03,0.03,-0.01
4.63008e-03,0.01,0.05
4.63016e-03,0.03,-0.01
4.63024e-03,0.03,0.05
4.63032e-03,0.03,-0.03
4.63040e-03,0.03,0.05
4.63048e-03,0.01,-0.01
4.63056e-03,0.03,0.05
4.63064e-03,0.03,-0.03
4.63072e-03,0.03,0.05
4.63080e-03,0.05,-0.01
4.63088e-03,0.03,0.05
4.63096e-03,0.01,-0.01
4.63104e-03,0.03,0.05
4.63112e-03,0.01,-0.01
4.63120e-03,0.03,0.05
4.63128e-03,0.03,-0.03
4.63136e-03,0.01,0.05
4.63144e-03,0.03,-0.01
4.63152e-03,0.01,0.05
4.63160e-03,0.03,-0.01
4.63168e-03,0.03,0.05
4.63176e-03,0.01,-0.01
4.63184e-03,-0.01,0.05
4.63192e-03,0.03,-0.03
4.63200e-03,0.03,0.07
4.63208e-03,0.01,-0.03
4.63216e-03,0.03,0.03
4.63224e-03,0.03,-0.03
4.63232e-03,0.03,0.05
4.63240e-03,0.03,-0.01
4.63248e-03,0.01,0.05
4.63256e-03,0.03,-0.01
4.63264e-03,0.01,0.05
4.63272e-03,0.03,-0.03
4.63280e-03,0.01,0.05
4.63288e-03,0.05,-0.03
4.63296e-03,0.03,0.05
4.63304e-03,0.03,-0.01
4.63312e-03,0.03,0.05
4.63320e-03,0.03,-0.01
4.63328e-03,0.03,0.05
4.63336e-03,0.01,-0.03
4.63344e-03,0.03,0.05
4.63352e-03,0.03,-0.01
4.63360e-03,0.03,0.05
4.63368e-03,0.03,-0.01
4.63376e-03,0.03,0.05
4.63384e-03,0.03,-0.03
4.63392e-03,0.01,0.03
4.63400e-03,0.03,-0.03
4.63408e-03,0.01,0.05
4.63416e-03,0.03,-0.03
4.63424e-03,0.01,0.05
4.63432e-03,0.03,-0.01
4.63440e-03,0.03,0.05
4.63448e-03,0.03,-0.03
4.63456e-03,0.05,0.05
4.63464e-03,0.01,-0.01
4.63472e-03,0.03,0.05
4.63480e-03,0.03,-0.03
4.63488e-03,0.03,0.05
4.63496e-03,0.03,-0.01
4.63504e-03,0.01,0.05
4.63512e-03,0.03,-0.01
4.63520e-03,0.01,0.05
4.63528e-03,0.01,-0.01
4.63536e-03,0.03,0.05
4.63544e-03,0.03,-0.03
4.63552e-03,0.03,0.07
4.63560e-03,0.05,-0.03
4.63568e-03,0.01,0.05
4.63576e-03,0.03,-0.03
4.63584e-03,0.03,0.05
4.63592e-03,0.03,-0.03
4.63600e-03,0.03,0.05
4.63608e-03,0.01,-0.01
4.63616e-03,0.03,0.05
4.63624e-03,0.01,-0.03
4.63632e-03,0.03,0.05
4.63640e-03,0.03,-0.01
4.63648e-03,0.03,0.05
4.63656e-03,0.03,-0.01
4.63664e-03,0.03,0.05
4.63672e-03,0.03,-0.01
4.63680e-03,0.01,0.05
4.63688e-03,0.01,-0.03
4.63696e-03,0.03,0.05
4.63704e-03,0.03,-0.03
4.63712e-03,0.03,0.05
4.63720e-03,0.03,-0.03
4.63728e-03,0.03,0.05
4.63736e-03,0.01,-0.01
4.63744e-03,0.03,0.05
4.63752e-03,0.03,-0.03
4.63760e-03,0.03,0.05
4.63768e-03,0.03,-0.03
4.63776e-03,0.03,0.05
4.63784e-03,0.03,-0.01
4.63792e-03,0.01,0.05
4.63800e-03,0.03,-0.01
4.63808e-03,0.03,0.05
4.63816e-03,0.03,-0.01
4.63824e-03,0.01,0.05
4.63832e-03,0.03,-0.01
4.63840e-03,0.03,0.05
4.63848e-03,0.03,-0.01
4.63856e-03,0.03,0.05
4.63864e-03,0.05,-0.03
4.63872e-03,0.05,0.05
4.63880e-03,0.01,-0.03
4.63888e-03,0.03,0.05
4.63896e-03,0.05,-0.01
4.63904e-03,0.03,0.03
4.63912e-03,0.03,-0.01
4.63920e-03,0.01,0.05
4.63928e-03,0.03,-0.01
4.63936e-03,0.01,0.05
4.63944e-03,0.03,-0.03
4.63952e-03,0.03,0.05
4.63960e-03,0.01,-0.03
4.63968e-03,0.03,0.05
4.63976e-03,0.03,-0.03
4.63984e-03,0.03,0.05
4.63992e-03,0.03,-0.01
4.64000e-03,0.05,0.05
4.64008e-03,0.01,-0.01
4.64016e-03,0.03,0.05
4.64024e-03,0.01,-0.01
4.64032e-03,0.03,0.05
4.64040e-03,0.03,-0.01
4.64048e-03,0.01,0.05
4.64056e-03,0.03,-0.03
4.64064e-03,0.01,0.03
4.64072e-03,0.03,-0.03
4.64080e-03,0.01,0.05
4.64088e-03,0.03,-0.01
4.64096e-03,0.03,0.05
4.64104e-03,0.03,-0.01
4.64112e-03,0.03,0.05
4.64120e-03,0.01,-0.03
4.64128e-03,0.05,0.05
4.64136e-03,0.03,-0.01
4.64144e-03,0.01,0.05
4.64152e-03,0.01,-0.01
4.64160e-03,0.01,0.05
4.64168e-03,0.03,-0.03
4.64176e-03,0.01,0.05
4.64184e-03,0.05,-0.03
4.64192e-03,0.01,0.05
4.64200e-03,0.03,-0.03
4.64208e-03,0.01,0.05
4.64216e-03,0.03,-0.03
4.64224e-03,0.03,0.05
4.64232e-03,0.03,-0.01
4.64240e-03,0.01,0.05
4.64248e-03,0.01,-0.03
4.64256e-03,0.05,0.07
4.64264e-03,0.01,-0.03
4.64272e-03,0.01,0.05
4.64280e-03,0.01,-0.03
4.64288e-03,0.03,0.05
4.64296e-03,0.01,-0.01
4.64304e-03,0.01,0.05
4.64312e-03,0.03,-0.03
4.64320e-03,0.03,0.05
4.64328e-03,0.03,-0.03
4.64336e-03,0.01,0.05
4.64344e-03,0.03,-0.01
4.64352e-03,0.01,0.05
4.64360e-03,0.05,-0.03
4.64368e-03,0.01,0.05
4.64376e-03,0.01,-0.03
4.64384e-03,0.05,0.05
4.64392e-03,0.01,-0.03
4.64400e-03,0.01,0.07
4.64408e-03,-0.01,-0.03
4.64416e-03,0.01,0.07
4.64424e-03,0.03,-0.03
4.64432e-03,0.03,0.07
4.64440e-03,0.01,-0.03
4.64448e-03,0.03,0.05
4.64456e-03,0.03,-0.01
4.64464e-03,0.03,0.05
4.64472e-03,0.03,-0.03
4.64480e-03,0.01,0.05
4.64488e-03,0.05,-0.03
4.64496e-03,0.01,0.05
4.64504e-03,0.03,-0.01
4.64512e-03,0.03,0.05
4.64520e-03,0.03,-0.03
4.64528e-03,0.03,0.05
4.64536e-03,0.01,-0.03
4.64544e-03,0.03,0.05
4.64552e-03,0.03,-0.03
4.64560e-03,0.03,0.05
4.64568e-03,0.01,-0.03
4.64576e-03,0.03,0.05
4.64584e-03,0.03,-0.01
4.64592e-03,0.01,0.05
4.64600e-03,0.03,-0.03
4.64608e-03,0.01,0.05
4.64616e-03,0.05,-0.03
4.64624e-03,0.01,0.05
4.64632e-03,0.03,-0.03
4.64640e-03,0.01,0.07
4.64648e-03,0.01,-0.03
4.64656e-03,0.03,0.05
4.64664e-03,0.01,-0.01
4.64672e-03,0.03,0.05
4.64680e-03,0.03,-0.03
4.64688e-03,0.03,0.05
4.64696e-03,0.01,-0.03
4.64704e-03,0.05,0.05
4.64712e-03,0.03,-0.03
4.64720e-03,0.03,0.05
4.64728e-03,0.05,-0.01
4.64736e-03,0.01,0.05
4.64744e-03,0.05,-0.03
4.64752e-03,0.01,0.05
4.64760e-03,0.03,-0.03
4.64768e-03,0.05,0.05
4.64776e-03,0.03,-0.01
4.64784e-03,0.03,0.05
4.64792e-03,0.01,-0.01
4.64800e-03,0.03,0.05
4.64808e-03,0.01,-0.01
4.64816e-03,0.03,0.05
4.64824e-03,0.03,-0.01
4.64832e-03,0.03,0.05
4.64840e-03,0.03,-0.01
4.64848e-03,0.03,0.05
4.64856e-03,0.03,-0.03
4.64864e-03,0.03,0.05
4.64872e-03,0.05,-0.03
4.64880e-03,0.01,0.05
4.64888e-03,0.03,-0.01
4.64896e-03,0.03,0.05
4.64904e-03,0.03,-0.03
4.64912e-03,0.03,0.05
4.64920e-03,0.01,-0.01
4.64928e-03,0.03,0.05
4.64936e-03,0.03,-0.01
4.64944e-03,0.03,0.05
4.64952e-03,0.03,-0.03
4.64960e-03,0.03,0.05
4.64968e-03,0.03,-0.01
4.64976e-03,0.03,0.05
4.64984e-03,0.05,-0.01
4.64992e-03,0.03,0.05
4.65000e-03,0.05,-0.03
4.65008e-03,0.01,0.05
4.65016e-03,0.03,-0.01
4.65024e-03,0.03,0.05
4.65032e-03,0.03,-0.01
4.65040e-03,0.05,0.05
4.65048e-03,0.03,-0.01
4.65056e-03,0.03,0.05
4.65064e-03,0.03,-0.01
4.65072e-03,0.03,0.05
4.65080e-03,0.01,-0.01
4.65088e-03,0.03,0.05
4.65096e-03,0.01,-0.01
4.65104e-03,0.03,0.05
4.65112e-03,0.03,-0.01
4.65120e-03,0.01,0.05
4.65128e-03,0.03,-0.01
4.65136e-03,0.01,0.05
4.65144e-03,0.05,-0.01
4.65152e-03,0.03,0.05
4.65160e-03,0.03,-0.01
4.65168e-03,0.03,0.05
4.65176e-03,0.03,-0.03
4.65184e-03,0.03,0.05
4.65192e-03,0.03,-0.01
4.65200e-03,0.03,0.05
4.65208e-03,0.03,-0.01
4.65216e-03,0.03,0.05
4.65224e-03,0.01,-0.03
4.65232e-03,0.01,0.05
4.65240e-03,0.01,-0.03
4.65248e-03,0.03,0.07
4.65256e-03,0.03,-0.03
4.65264e-03,0.01,0.05
4.65272e-03,0.03,-0.01
4.65280e-03,0.03,0.05
4.65288e-03,0.03,-0.01
4.65296e-03,0.05,0.05
4.65304e-03,0.05,-0.01
4.65312e-03,0.03,0.07
4.65320e-03,0.03,-0.01
4.65328e-03,0.03,0.05
4.65336e-03,0.03,-0.03
4.65344e-03,0.05,0.05
4.65352e-03,-0.01,-0.01
4.65360e-03,0.03,0.05
4.65368e-03,0.01,-0.01
4.65376e-03,0.03,0.05
4.65384e-03,0.03,-0.03
4.65392e-03,0.03,0.05
4.65400e-03,0.01,-0.01
4.65408e-03,0.03,0.05
4.65416e-03,0.05,-0.01
4.65424e-03,0.03,0.05
4.65432e-03,0.01,-0.03
4.65440e-03,0.03,0.05
4.65448e-03,0.01,-0.03
4.65456e-03,0.03,0.05
4.65464e-03,0.03,-0.03
4.65472e-03,0.03,0.05
4.65480e-03,0.01,-0.01
4.65488e-03,0.03,0.05
4.65496e-03,0.03,-0.03
4.65504e-03,0.01,0.05
4.65512e-03,0.03,-0.01
4.65520e-03,0.01,0.05
4.65528e-03,0.05,-0.03
4.65536e-03,0.03,0.05
4.65544e-03,0.03,-0.01
4.65552e-03,0.03,0.05
4.65560e-03,0.03,-0.01
4.65568e-03,0.03,0.05
4.65576e-03,0.03,-0.03
4.65584e-03,0.03,0.05
4.65592e-03,0.01,-0.03
4.65600e-03,0.03,0.05
4.65608e-03,0.03,-0.03
4.65616e-03,0.03,0.05
4.65624e-03,0.01,-0.03
4.65632e-03,0.03,0.05
4.65640e-03,0.03,-0.03
4.65648e-03,0.01,0.05
4.65656e-03,0.03,-0.01
4.65664e-03,0.03,0.05
4.65672e-03,0.01,-0.03
4.65680e-03,0.01,0.05
4.65688e-03,0.03,-0.01
4.65696e-03,0.03,0.05
4.65704e-03,0.03,-0.01
4.65712e-03,0.05,0.05
4.65720e-03,0.03,-0.01
4.65728e-03,0.01,0.05
4.65736e-03,0.03,-0.01
4.65744e-03,0.05,0.05
4.65752e-03,0.01,-0.01
4.65760e-03,0.03,0.05
4.65768e-03,0.03,-0.01
4.65776e-03,0.03,0.05
4.65784e-03,0.03,-0.03
4.65792e-03,0.03,0.05
4.65800e-03,0.03,-0.03
4.65808e-03,0.03,0.05
4.65816e-03,0.01,-0.01
4.65824e-03,0.01,0.05
4.65832e-03,0.03,-0.03
4.65840e-03,0.03,0.05
4.65848e-03,0.03,-0.01
4.65856e-03,0.03,0.05
4.65864e-03,0.01,-0.03
4.65872e-03,0.03,0.05
4.65880e-03,0.01,-0.01
4.65888e-03,0.03,0.07
4.65896e-03,0.05,-0.03
4.65904e-03,0.01,0.05
4.65912e-03,0.05,-0.03
4.65920e-03,0.01,0.05
4.65928e-03,0.03,-0.01
4.65936e-03,0.01,0.05
4.65944e-03,0.03,-0.01
4.65952e-03,0.01,0.05
4.65960e-03,0.03,-0.01
4.65968e-03,0.03,0.05
4.65976e-03,0.01,-0.03
4.65984e-03,0.03,0.05
4.65992e-03,-0.01,-0.01
4.66000e-03,0.05,0.07
4.66008e-03,0.03,-0.03
4.66016e-03,0.05,0.05
4.66024e-03,0.03,-0.03
4.66032e-03,0.01,0.05
4.66040e-03,0.03,-0.03
4.66048e-03,0.01,0.05
4.66056e-03,0.03,-0.03
4.66064e-03,-0.01,0.05
4.66072e-03,0.01,-0.03
4.66080e-03,0.03,0.05
4.66088e-03,0.03,-0.03
4.66096e-03,0.05,0.05
4.66104e-03,0.03,-0.05
4.66112e-03,0.03,0.05
4.66120e-03,0.03,-0.03
4.66128e-03,0.03,0.05
4.66136e-03,0.01,-0.03
4.66144e-03,0.03,0.05
4.66152e-03,0.03,-0.03
4.66160e-03,0.03,0.05
4.66168e-03,0.03,-0.03
4.66176e-03,0.03,0.05
4.66184e-03,0.05,-0.01
4.66192e-03,0.03,0.05
4.66200e-03,0.01,-0.01
4.66208e-03,0.03,0.05
4.66216e-03,0.01,-0.03
4.66224e-03,0.03,0.05
4.66232e-03,0.03,-0.03
4.66240e-03,0.03,0.05
4.66248e-03,0.03,-0.03
4.66256e-03,0.03,0.05
4.66264e-03,0.01,-0.03
4.66272e-03,0.03,0.05
4.66280e-03,0.01,-0.01
4.66288e-03,0.03,0.05
4.66296e-03,0.03,-0.03
4.66304e-03,0.03,0.05
4.66312e-03,0.03,-0.03
4.66320e-03,0.01,0.05
4.66328e-03,0.03,-0.03
4.66336e-03,0.01,0.05
4.66344e-03,0.03,-0.01
4.66352e-03,0.03,0.05
4.66360e-03,0.03,-0.03
4.66368e-03,0.01,0.05
4.66376e-03,0.01,-0.03
4.66384e-03,0.03,0.05
4.66392e-03,0.01,-0.01
4.66400e-03,0.03,0.05
4.66408e-03,0.01,-0.03
4.66416e-03,0.03,0.05
4.66424e-03,0.03,-0.01
4.66432e-03,0.03,0.05
4.66440e-03,0.03,-0.01
4.66448e-03,0.03,0.05
4.66456e-03,0.05,-0.03
4.66464e-03,0.01,0.05
4.66472e-03,0.03,-0.01
4.66480e-03,0.01,0.05
4.66488e-03,0.05,-0.03
4.66496e-03,0.03,0.05
4.66504e-03,0.03,-0.03
4.66512e-03,0.03,0.05
4.66520e-03,0.01,-0.01
4.66528e-03,0.03,0.05
4.66536e-03,0.03,-0.03
4.66544e-03,0.03,0.05
4.66552e-03,0.01,-0.01
4.66560e-03,0.01,0.05
4.66568e-03,0.03,-0.01
4.66576e-03,0.03,0.05
4.66584e-03,0.03,-0.03
4.66592e-03,0.01,0.03
4.66600e-03,0.03,-0.03
4.66608e-03,0.03,0.05
4.66616e-03,0.03,-0.03
4.66624e-03,0.03,0.03
4.66632e-03,0.03,-0.03
4.66640e-03,0.03,0.05
4.66648e-03,0.01,-0.03
4.66656e-03,0.03,0.03
4.66664e-03,0.03,-0.03
4.66672e-03,0.03,0.07
4.66680e-03,0.01,-0.03
4.66688e-03,0.01,0.05
4.66696e-03,0.03,-0.03
4.66704e-03,0.03,0.05
4.66712e-03,0.03,-0.03
4.66720e-03,0.01,0.05
4.66728e-03,0.03,-0.01
4.66736e-03,0.01,0.05
4.66744e-03,0.05,-0.01
4.66752e-03,0.01,0.05
4.66760e-03,0.01,-0.01
4.66768e-03,0.03,0.05
4.66776e-03,0.01,-0.03
4.66784e-03,0.05,0.05
4.66792e-03,0.01,-0.01
4.66800e-03,0.03,0.05
4.66808e-03,0.03,-0.03
4.66816e-03,0.03,0.05
4.66824e-03,0.03,-0.03
4.66832e-03,0.01,0.05
4.66840e-03,0.03,-0.03
4.66848e-03,0.03,0.05
4.66856e-03,0.03,-0.03
4.66864e-03,0.03,0.05
4.66872e-03,0.05,-0.01
4.66880e-03,0.03,0.05
4.66888e-03,0.01,-0.01
4.66896e-03,0.01,0.05
4.66904e-03,0.01,-0.03
4.66912e-03,0.05,0.07
4.66920e-03,0.03,-0.03
4.66928e-03,0.03,0.07
4.66936e-03,0.01,-0.03
4.66944e-03,0.03,0.05
4.66952e-03,0.03,-0.03
4.66960e-03,0.03,0.05
4.66968e-03,0.03,-0.03
4.66976e-03,0.03,0.05
4.66984e-03,0.03,-0.03
4.66992e-03,0.05,0.05
4.67000e-03,0.03,-0.03
4.67008e-03,0.03,0.05
4.67016e-03,0.03,-0.03
4.67024e-03,0.03,0.05
4.67032e-03,0.01,-0.01
4.67040e-03,0.03,0.05
4.67048e-03,0.03,-0.01
4.67056e-03,0.03,0.05
4.67064e-03,0.01,-0.03
4.67072e-03,0.03,0.05
4.67080e-03,0.01,-0.01
4.67088e-03,0.03,0.05
4.67096e-03,0.01,-0.03
4.67104e-03,0.03,0.05
4.67112e-03,0.03,-0.01
4.67120e-03,0.03,0.05
4.67128e-03,0.03,-0.03
4.67136e-03,0.03,0.05
4.67144e-03,0.05,-0.01
4.67152e-03,0.01,0.05
4.67160e-03,0.03,-0.03
4.67168e-03,0.03,0.05
4.67176e-03,0.05,-0.01
4.67184e-03,0.01,0.05
4.67192e-03,0.01,-0.03
4.67200e-03,0.03,0.05
4.67208e-03,0.01,-0.01
4.67216e-03,0.03,0.05
4.67224e-03,0.01,-0.01
4.67232e-03,0.03,0.05
4.67240e-03,0.05,-0.03
4.67248e-03,0.01,0.05
4.67256e-03,0.03,-0.01
4.67264e-03,0.01,0.05
4.67272e-03,0.03,-0.03
4.67280e-03,0.03,0.05
4.67288e-03,0.03,-0.01
4.67296e-03,0.03,0.05
4.67304e-03,0.03,-0.03
4.67312e-03,0.03,0.05
4.67320e-03,0.03,-0.01
4.67328e-03,0.03,0.05
4.67336e-03,0.03,-0.03
4.67344e-03,0.05,0.05
4.67352e-03,0.03,-0.03
4.67360e-03,0.01,0.07
4.67368e-03,0.01,-0.03
4.67376e-03,0.03,0.05
4.67384e-03,0.03,-0.01
4.67392e-03,0.01,0.07
4.67400e-03,0.03,-0.03
4.67408e-03,0.01,0.05
4.67416e-03,0.03,-0.03
4.67424e-03,0.03,0.05
4.67432e-03,0.03,-0.01
4.67440e-03,0.03,0.05
4.67448e-03,0.01,-0.01
4.67456e-03,0.03,0.05
4.67464e-03,0.03,-0.03
4.67472e-03,0.03,0.05
4.67480e-03,0.03,-0.03
4.67488e-03,0.03,0.05
4.67496e-03,0.03,-0.03
4.67504e-03,0.05,0.05
4.67512e-03,0.01,-0.01
4.67520e-03,0.01,0.05
4.67528e-03,0.05,-0.03
4.67536e-03,0.01,0.05
4.67544e-03,0.03,-0.01
4.67552e-03,0.01,0.05
4.67560e-03,0.03,-0.01
4.67568e-03,0.03,0.05
4.67576e-03,0.03,-0.01
4.67584e-03,0.03,0.05
4.67592e-03,0.01,-0.01
4.67600e-03,0.03,0.05
4.67608e-03,0.01,-0.01
4.67616e-03,0.05,0.05
4.67624e-03,0.03,-0.01
4.67632e-03,0.05,0.05
4.67640e-03,0.03,-0.01
4.67648e-03,0.03,0.05
4.67656e-03,0.03,-0.01
4.67664e-03,0.03,0.05
4.67672e-03,0.03,-0.01
4.67680e-03,0.03,0.05
4.67688e-03,0.03,-0.01
4.67696e-03,0.03,0.05
4.67704e-03,0.03,-0.03
4.67712e-03,0.03,0.05
4.67720e-03,0.03,-0.01
4.67728e-03,0.03,0.05
4.67736e-03,0.01,-0.01
4.67744e-03,0.05,0.05
4.67752e-03,0.03,-0.03
4.67760e-03,0.03,0.05
4.67768e-03,0.05,-0.03
4.67776e-03,0.01,0.07
4.67784e-03,0.03,-0.03
4.67792e-03,0.01,0.07
4.67800e-03,0.03,-0.01
4.67808e-03,0.03,0.05
4.67816e-03,0.03,-0.03
4.67824e-03,0.03,0.05
4.67832e-03,0.03,-0.03
4.67840e-03,0.03,0.05
4.67848e-03,0.03,-0.01
4.67856e-03,0.03,0.05
4.67864e-03,0.01,-0.01
4.67872e-03,0.03,0.05
4.67880e-03,0.01,-0.01
4.67888e-03,0.03,0.05
4.67896e-03,0.03,-0.03
4.67904e-03,0.03,0.05
4.67912e-03,0.03,-0.01
4.67920e-03,0.01,0.05
4.67928e-03,0.03,-0.01
4.67936e-03,0.01,0.05
4.67944e-03,0.05,-0.01
4.67952e-03,0.01,0.05
4.67960e-03,0.03,-0.01
4.67968e-03,0.03,0.05
4.67976e-03,0.03,-0.01
4.67984e-03,0.03,0.05
4.67992e-03,0.01,-0.01
4.68000e-03,0.03,0.05
4.68008e-03,0.01,-0.01
4.68016e-03,0.05,0.05
4.68024e-03,0.03,-0.03
4.68032e-03,0.03,0.05
4.68040e-03,0.03,-0.03
4.68048e-03,0.01,0.05
4.68056e-03,0.05,-0.03
4.68064e-03,0.03,0.05
4.68072e-03,0.03,-0.01
4.68080e-03,0.01,0.05
4.68088e-03,0.03,-0.03
4.68096e-03,0.03,0.05
4.68104e-03,0.03,-0.01
4.68112e-03,0.03,0.05
4.68120e-03,0.01,-0.03
4.68128e-03,0.05,0.05
4.68136e-03,0.01,-0.03
4.68144e-03,0.05,0.05
4.68152e-03,0.03,-0.03
4.68160e-03,0.03,0.05
4.68168e-03,0.05,-0.01
4.68176e-03,0.01,0.05
4.68184e-03,0.03,-0.03
4.68192e-03,0.01,0.05
4.68200e-03,0.03,-0.03
4.68208e-03,0.01,0.05
4.68216e-03,0.03,-0.03
4.68224e-03,0.01,0.05
4.68232e-03,0.03,-0.03
4.68240e-03,0.03,0.05
4.68248e-03,0.03,-0.03
4.68256e-03,0.03,0.05
4.68264e-03,0.03,-0.01
4.68272e-03,0.05,0.05
4.68280e-03,0.03,-0.03
4.68288e-03,0.03,0.05
4.68296e-03,0.03,-0.03
4.68304e-03,0.03,0.03
4.68312e-03,0.03,-0.03
4.68320e-03,0.03,0.05
4.68328e-03,0.03,-0.01
4.68336e-03,0.03,0.05
4.68344e-03,0.01,-0.01
4.68352e-03,0.01,0.05
4.68360e-03,0.03,-0.03
4.68368e-03,0.03,0.05
4.68376e-03,0.01,-0.01
4.68384e-03,0.03,0.05
4.68392e-03,0.03,-0.01
4.68400e-03,0.03,0.05
4.68408e-03,0.01,-0.01
4.68416e-03,0.03,0.05
4.68424e-03,0.03,-0.01
4.68432e-03,0.03,0.05
4.68440e-03,0.03,-0.01
4.68448e-03,0.03,0.05
4.68456e-03,0.03,-0.01
4.68464e-03,0.03,0.05
4.68472e-03,0.01,-0.01
4.68480e-03,-0.01,0.05
4.68488e-03,0.03,-0.01
4.68496e-03,0.01,0.07
4.68504e-03,0.03,-0.03
4.68512e-03,0.03,0.05
4.68520e-03,0.01,-0.03
4.68528e-03,0.03,0.05
4.68536e-03,0.03,-0.01
4.68544e-03,0.03,0.05
4.68552e-03,0.03,-0.01
4.68560e-03,0.03,0.05
4.68568e-03,0.01,-0.03
4.68576e-03,0.01,0.07
4.68584e-03,0.05,-0.01
4.68592e-03,0.03,0.07
4.68600e-03,0.03,-0.03
4.68608e-03,0.01,0.07
4.68616e-03,0.03,-0.01
4.68624e-03,0.01,0.05
4.68632e-03,0.03,-0.03
4.68640e-03,0.03,0.05
4.68648e-03,0.03,-0.03
4.68656e-03,0.03,0.07
4.68664e-03,0.03,-0.03
4.68672e-03,0.03,0.05
4.68680e-03,0.03,-0.01
4.68688e-03,0.03,0.05
4.68696e-03,0.01,-0.01
4.68704e-03,0.03,0.05
4.68712e-03,0.03,-0.01
4.68720e-03,0.03,0.05
4.68728e-03,0.03,-0.01
4.68736e-03,0.03,0.05
4.68744e-03,0.05,-0.01
4.68752e-03,0.03,0.03
4.68760e-03,0.03,-0.01
4.68768e-03,0.03,0.05
4.68776e-03,0.01,-0.01
4.68784e-03,0.03,0.05
4.68792e-03,0.01,-0.01
4.68800e-03,0.03,0.05
4.68808e-03,0.01,-0.01
4.68816e-03,0.03,0.05
4.68824e-03,0.03,-0.03
4.68832e-03,0.01,0.05
4.68840e-03,0.01,-0.03
4.68848e-03,0.03,0.05
4.68856e-03,0.05,-0.01
4.68864e-03,0.01,0.07
4.68872e-03,0.03,-0.03
4.68880e-03,0.03,0.07
4.68888e-03,0.05,-0.03
4.68896e-03,0.03,0.07
4.68904e-03,0.03,-0.01
4.68912e-03,0.01,0.05
4.68920e-03,0.01,-0.03
4.68928e-03,0.03,0.05
4.68936e-03,0.01,-0.01
4.68944e-03,0.03,0.05
4.68952e-03,0.03,-0.01
4.68960e-03,0.03,0.05
4.68968e-03,0.03,-0.03
4.68976e-03,0.03,0.05
4.68984e-03,0.03,-0.01
4.68992e-03,0.01,0.05
4.69000e-03,0.05,-0.03
4.69008e-03,-0.01,0.05
4.69016e-03,0.03,-0.01
4.69024e-03,0.03,0.05
4.69032e-03,0.03,-0.01
4.69040e-03,0.03,0.05
4.69048e-03,0.03,-0.01
4.69056e-03,0.05,0.05
4.69064e-03,0.01,-0.01
4.69072e-03,0.03,0.05
4.69080e-03,0.03,-0.01
4.69088e-03,0.01,0.05
4.69096e-03,0.01,-0.03
4.69104e-03,0.03,0.07
4.69112e-03,0.03,-0.03
4.69120e-03,0.03,0.05
4.69128e-03,0.03,-0.03
4.69136e-03,0.01,0.05
4.69144e-03,0.05,-0.01
4.69152e-03,0.01,0.05
4.69160e-03,0.01,-0.03
4.69168e-03,0.03,0.05
4.69176e-03,0.01,-0.03
4.69184e-03,0.03,0.05
4.69192e-03,0.03,-0.01
4.69200e-03,0.03,0.05
4.69208e-03,0.01,-0.01
4.69216e-03,0.03,0.05
4.69224e-03,0.01,-0.03
4.69232e-03,0.03,0.05
4.69240e-03,0.03,-0.03
4.69248e-03,0.03,0.05
4.69256e-03,0.03,-0.01
4.69264e-03,0.01,0.05
4.69272e-03,0.03,-0.03
4.69280e-03,0.03,0.05
4.69288e-03,0.03,-0.03
4.69296e-03,0.03,0.05
4.69304e-03,0.01,-0.01
4.69312e-03,0.03,0.05
4.69320e-03,0.01,-0.01
4.69328e-03,0.03,0.05
4.69336e-03,0.01,-0.03
4.69344e-03,0.03,0.05
4.69352e-03,0.01,-0.01
4.69360e-03,0.03,0.05
4.69368e-03,0.03,-0.03
4.69376e-03,0.03,0.05
4.69384e-03,0.03,-0.03
4.69392e-03,0.01,0.05
4.69400e-03,0.03,-0.03
4.69408e-03,0.01,0.05
4.69416e-03,0.01,-0.03
4.69424e-03,0.03,0.05
4.69432e-03,0.03,-0.03
4.69440e-03,0.05,0.05
4.69448e-03,0.01,-0.05
4.69456e-03,0.01,0.05
4.69464e-03,0.01,-0.03
4.69472e-03,0.03,0.07
4.69480e-03,0.01,-0.03
4.69488e-03,0.03,0.05
4.69496e-03,0.03,-0.03
4.69504e-03,0.01,0.05
4.69512e-03,0.03,-0.03
4.69520e-03,0.01,0.07
4.69528e-03,0.03,-0.01
4.69536e-03,0.03,0.05
4.69544e-03,0.03,-0.03
4.69552e-03,0.03,0.05
4.69560e-03,0.03,-0.01
4.69568e-03,0.01,0.05
4.69576e-03,0.03,-0.01
4.69584e-03,0.03,0.05
4.69592e-03,0.03,-0.03
4.69600e-03,0.03,0.05
4.69608e-03,0.01,-0.03
4.69616e-03,0.05,0.05
4.69624e-03,0.01,-0.03
4.69632e-03,0.03,0.05
4.69640e-03,0.03,-0.01
4.69648e-03,0.01,0.05
4.69656e-03,0.03,-0.03
4.69664e-03,0.01,0.05
4.69672e-03,0.03,-0.01
4.69680e-03,0.01,0.05
4.69688e-03,0.03,-0.03
4.69696e-03,0.03,0.05
4.69704e-03,0.03,-0.01
4.69712e-03,0.03,0.05
4.69720e-03,0.01,-0.03
4.69728e-03,0.03,0.05
4.69736e-03,0.03,-0.03
4.69744e-03,0.03,0.03
4.69752e-03,0.01,-0.03
4.69760e-03,0.03,0.05
4.69768e-03,0.03,-0.03
4.69776e-03,0.01,0.05
4.69784e-03,0.03,-0.01
4.69792e-03,0.03,0.05
4.69800e-03,0.03,-0.01
4.69808e-03,0.03,0.05
4.69816e-03,0.03,-0.03
4.69824e-03,0.05,0.05
4.69832e-03,0.01,-0.03
4.69840e-03,0.03,0.05
4.69848e-03,0.03,-0.03
4.69856e-03,0.03,0.05
4.69864e-03,0.01,-0.01
4.69872e-03,0.03,0.05
4.69880e-03,0.03,-0.01
4.69888e-03,0.03,0.05
4.69896e-03,0.03,-0.01
4.69904e-03,0.03,0.05
4.69912e-03,0.03,-0.01
4.69920e-03,0.01,0.05
4.69928e-03,0.03,-0.03
4.69936e-03,0.03,0.05
4.69944e-03,0.03,-0.01
4.69952e-03,0.03,0.05
4.69960e-03,0.03,-0.01
4.69968e-03,0.05,0.05
4.69976e-03,0.03,-0.03
4.69984e-03,0.03,0.05
4.69992e-03,0.01,-0.03
4.70000e-03,0.03,0.05
4.70008e-03,0.01,-0.01
4.70016e-03,0.03,0.05
4.70024e-03,0.01,-0.01
4.70032e-03,0.01,0.05
4.70040e-03,0.03,-0.01
4.70048e-03,0.01,0.05
4.70056e-03,0.03,-0.03
4.70064e-03,0.01,0.05
4.70072e-03,0.03,-0.03
4.70080e-03,0.01,0.05
4.70088e-03,0.03,-0.03
4.70096e-03,0.03,0.05
4.70104e-03,0.03,-0.01
4.70112e-03,0.03,0.05
4.70120e-03,0.01,-0.01
4.70128e-03,0.05,0.05
4.70136e-03,0.01,-0.01
4.70144e-03,0.03,0.07
4.70152e-03,0.03,-0.01
4.70160e-03,0.03,0.05
4.70168e-03,0.05,-0.03
4.70176e-03,0.01,0.05
4.70184e-03,0.03,-0.01
4.70192e-03,0.03,0.05
4.70200e-03,0.03,-0.01
4.70208e-03,-0.01,0.05
4.70216e-03,0.03,-0.03
4.70224e-03,0.03,0.05
4.70232e-03,0.03,-0.05
4.70240e-03,0.03,0.05
4.70248e-03,0.01,-0.03
4.70256e-03,0.03,0.05
4.70264e-03,0.03,-0.03
4.70272e-03,0.03,0.05
4.70280e-03,0.01,-0.03
4.70288e-03,0.03,0.05
4.70296e-03,0.03,-0.01
4.70304e-03,0.01,0.05
4.70312e-03,0.01,-0.03
4.70320e-03,0.03,0.05
4.70328e-03,0.05,-0.03
4.70336e-03,0.03,0.07
4.70344e-03,0.03,-0.03
4.70352e-03,-0.01,0.05
4.70360e-03,0.03,-0.03
4.70368e-03,0.03,0.05
4.70376e-03,0.01,-0.03
4.70384e-03,0.05,0.05
4.70392e-03,-0.01,-0.01
4.70400e-03,0.03,0.07
4.70408e-03,0.03,-0.03
4.70416e-03,0.03,0.05
4.70424e-03,0.03,-0.03
4.70432e-03,0.03,0.05
4.70440e-03,0.03,-0.03
4.70448e-03,0.03,0.05
4.70456e-03,0.05,-0.01
4.70464e-03,0.03,0.05
4.70472e-03,0.03,-0.01
4.70480e-03,0.01,0.05
4.70488e-03,0.03,-0.01
4.70496e-03,0.03,0.05
4.70504e-03,0.03,-0.01
4.70512e-03,0.03,0.05
4.70520e-03,0.01,-0.01
4.70528e-03,0.05,0.05
4.70536e-03,0.03,-0.03
4.70544e-03,0.03,0.05
4.70552e-03,0.03,-0.03
4.70560e-03,0.05,0.05
4.70568e-03,0.01,-0.03
4.70576e-03,0.03,0.05
4.70584e-03,0.03,-0.01
4.70592e-03,0.03,0.05
4.70600e-03,0.05,-0.01
4.70608e-03,0.03,0.05
4.70616e-03,0.03,-0.01
4.70624e-03,0.03,0.05
4.70632e-03,0.01,-0.03
4.70640e-03,0.05,0.05
4.70648e-03,0.03,-0.03
4.70656e-03,0.03,0.05
4.70664e-03,0.01,-0.03
4.70672e-03,0.03,0.05
4.70680e-03,0.03,-0.03
4.70688e-03,0.03,0.05
4.70696e-03,0.03,-0.01
4.70704e-03,0.03,0.05
4.70712e-03,0.03,-0.03
4.70720e-03,0.01,0.05
4.70728e-03,0.03,-0.03
4.70736e-03,0.01,0.05
4.70744e-03,0.03,-0.03
4.70752e-03,0.01,0.05
4.70760e-03,0.03,-0.03
4.70768e-03,0.03,0.05
4.70776e-03,0.03,-0.03
4.70784e-03,0.05,0.05
4.70792e-03,0.01,-0.03
4.70800e-03,0.01,0.05
4.70808e-03,0.03,-0.01
4.70816e-03,0.03,0.05
4.70824e-03,0.03,-0.01
4.70832e-03,0.03,0.05
4.70840e-03,0.03,-0.01
4.70848e-03,0.03,0.05
4.70856e-03,0.03,-0.01
4.70864e-03,0.01,0.05
4.70872e-03,0.03,-0.03
4.70880e-03,0.01,0.05
4.70888e-03,0.03,-0.03
4.70896e-03,0.03,0.05
4.70904e-03,0.01,-0.03
4.70912e-03,0.03,0.05
4.70920e-03,0.01,-0.03
4.70928e-03,0.03,0.05
4.70936e-03,0.01,-0.03
4.70944e-03,0.03,0.05
4.70952e-03,0.03,-0.03
4.70960e-03,0.03,0.05
4.70968e-03,0.03,-0.03
4.70976e-03,0.03,0.05
4.70984e-03,0.03,-0.03
4.70992e-03,0.01,0.05
4.71000e-03,0.05,-0.03
4.71008e-03,-0.01,0.05
4.71016e-03,0.03,-0.03
4.71024e-03,0.01,0.07
4.71032e-03,0.01,-0.01
4.71040e-03,0.03,0.05
4.71048e-03,0.03,-0.03
4.71056e-03,0.01,0.05
4.71064e-03,0.03,-0.01
4.71072e-03,0.03,0.05
4.71080e-03,0.03,-0.03
4.71088e-03,0.01,0.05
4.71096e-03,-0.01,-0.03
4.71104e-03,0.01,0.07
4.71112e-03,0.03,-0.03
4.71120e-03,0.03,0.07
4.71128e-03,0.03,-0.03
4.71136e-03,0.03,0.07
4.71144e-03,0.03,-0.03
4.71152e-03,0.03,0.05
4.71160e-03,0.03,-0.01
4.71168e-03,0.03,0.05
4.71176e-03,0.03,-0.03
4.71184e-03,0.01,0.05
4.71192e-03,0.01,-0.01
4.71200e-03,0.03,0.05
4.71208e-03,0.01,-0.01
4.71216e-03,0.05,0.05
4.71224e-03,0.03,-0.01
4.71232e-03,0.03,0.05
4.71240e-03,0.03,-0.01
4.71248e-03,0.01,0.05
4.71256e-03,0.05,-0.01
4.71264e-03,0.01,0.05
4.71272e-03,0.03,-0.03
4.71280e-03,0.03,0.05
4.71288e-03,0.03,-0.03
4.71296e-03,0.03,0.05
4.71304e-03,0.03,-0.01
4.71312e-03,0.01,0.05
4.71320e-03,0.01,-0.01
4.71328e-03,0.03,0.05
4.71336e-03,0.01,-0.01
4.71344e-03,0.03,0.05
4.71352e-03,0.01,-0.01
4.71360e-03,0.03,0.05
4.71368e-03,0.01,-0.01
4.71376e-03,0.03,0.05
4.71384e-03,0.03,-0.01
4.71392e-03,0.01,0.03
4.71400e-03,0.03,-0.03
4.71408e-03,0.03,0.05
4.71416e-03,0.03,-0.03
4.71424e-03,0.03,0.05
4.71432e-03,0.03,-0.01
4.71440e-03,0.03,0.05
4.71448e-03,0.01,-0.03
4.71456e-03,0.03,0.05
4.71464e-03,0.01,-0.01
4.71472e-03,0.01,0.05
4.71480e-03,0.01,-0.03
4.71488e-03,0.03,0.05
4.71496e-03,0.03,-0.03
4.71504e-03,0.03,0.05
4.71512e-03,0.03,-0.03
4.71520e-03,0.01,0.07
4.71528e-03,0.03,-0.03
4.71536e-03,0.01,0.05
4.71544e-03,0.03,-0.01
4.71552e-03,0.03,0.05
4.71560e-03,0.03,-0.03
4.71568e-03,0.03,0.05
4.71576e-03,0.03,-0.01
4.71584e-03,0.03,0.05
4.71592e-03,0.03,-0.03
4.71600e-03,0.03,0.05
4.71608e-03,0.01,-0.03
4.71616e-03,0.03,0.07
4.71624e-03,0.01,-0.01
4.71632e-03,0.01,0.05
4.71640e-03,0.05,-0.03
4.71648e-03,0.01,0.05
4.71656e-03,0.03,-0.01
4.71664e-03,0.03,0.05
4.71672e-03,0.03,-0.01
4.71680e-03,-0.01,0.05
4.71688e-03,0.05,-0.03
4.71696e-03,0.05,0.07
4.71704e-03,0.03,-0.05
4.71712e-03,0.03,0.07
4.71720e-03,0.01,-0.03
4.71728e-03,0.03,0.07
4.71736e-03,0.03,-0.01
4.71744e-03,0.01,0.05
4.71752e-03,0.01,-0.01
4.71760e-03,0.03,0.05
4.71768e-03,0.01,-0.01
4.71776e-03,0.01,0.03
4.71784e-03,0.03,-0.03
4.71792e-03,0.01,0.05
4.71800e-03,0.03,-0.03
4.71808e-03,0.03,0.05
4.71816e-03,0.03,-0.01
4.71824e-03,0.03,0.05
4.71832e-03,0.05,-0.01
4.71840e-03,0.03,0.05
4.71848e-03,0.01,-0.03
4.71856e-03,0.03,0.07
4.71864e-03,0.01,-0.03
4.71872e-03,0.05,0.05
4.71880e-03,0.03,-0.03
4.71888e-03,0.03,0.05
4.71896e-03,0.01,-0.03
4.71904e-03,0.01,0.05
4.71912e-03,0.01,-0.05
4.71920e-03,0.01,0.07
4.71928e-03,0.05,-0.03
4.71936e-03,0.01,0.05
4.71944e-03,0.03,-0.01
4.71952e-03,0.03,0.05
4.71960e-03,0.03,-0.01
4.71968e-03,0.01,0.05
4.71976e-03,0.03,-0.01
4.71984e-03,0.03,0.05
4.71992e-03,0.03,-0.01
4.72000e-03,0.05,0.05
4.72008e-03,0.01,-0.03
4.72016e-03,0.03,0.05
4.72024e-03,0.03,-0.03
4.72032e-03,0.03,0.07
4.72040e-03,0.03,-0.03
4.72048e-03,0.01,0.05
4.72056e-03,0.03,-0.03
4.72064e-03,0.01,0.05
4.72072e-03,0.03,-0.03
4.72080e-03,0.01,0.05
4.72088e-03,0.03,-0.01
4.72096e-03,0.03,0.05
4.72104e-03,0.01,-0.01
4.72112e-03,0.03,0.05
4.72120e-03,0.01,-0.03
4.72128e-03,0.03,0.05
4.72136e-03,0.01,-0.03
4.72144e-03,0.03,0.05
4.72152e-03,0.03,-0.03
4.72160e-03,0.01,0.05
4.72168e-03,0.03,-0.03
4.72176e-03,0.01,0.05
4.72184e-03,0.03,-0.01
4.72192e-03,0.03,0.05
4.72200e-03,0.01,-0.03
4.72208e-03,0.01,0.05
4.72216e-03,0.03,-0.03
4.72224e-03,0.03,0.05
4.72232e-03,0.03,-0.01
4.72240e-03,0.03,0.03
4.72248e-03,0.01,-0.01
4.72256e-03,0.03,0.05
4.72264e-03,0.01,-0.03
4.72272e-03,0.01,0.05
4.72280e-03,0.01,-0.03
4.72288e-03,0.03,0.05
4.72296e-03,0.03,-0.01
4.72304e-03,0.03,0.05
4.72312e-03,0.03,-0.01
4.72320e-03,0.03,0.05
4.72328e-03,0.03,-0.01
4.72336e-03,0.01,0.07
4.72344e-03,0.03,-0.03
4.72352e-03,0.05,0.05
4.72360e-03,0.03,-0.03
4.72368e-03,0.03,0.05
4.72376e-03,0.03,-0.01
4.72384e-03,0.03,0.05
4.72392e-03,0.03,-0.01
4.72400e-03,0.03,0.05
4.72408e-03,0.03,-0.03
4.72416e-03,0.03,0.05
4.72424e-03,0.03,-0.01
4.72432e-03,0.03,0.05
4.72440e-03,0.03,-0.01
4.72448e-03,0.01,0.05
4.72456e-03,0.03,-0.01
4.72464e-03,0.03,0.05
4.72472e-03,0.05,-0.01
4.72480e-03,0.01,0.05
4.72488e-03,0.03,-0.01
4.72496e-03,0.03,0.05
4.72504e-03,0.03,-0.01
4.72512e-03,0.05,0.05
4.72520e-03,0.01,-0.03
4.72528e-03,0.05,0.05
4.72536e-03,0.03,-0.01
4.72544e-03,0.05,0.05
4.72552e-03,0.03,-0.01
4.72560e-03,0.05,0.05
4.72568e-03,0.05,-0.01
4.72576e-03,0.01,0.05
4.72584e-03,0.05,-0.03
4.72592e-03,0.03,0.05
4.72600e-03,0.03,-0.03
4.72608e-03,0.01,0.05
4.72616e-03,0.03,-0.01
4.72624e-03,0.01,0.05
4.72632e-03,0.01,-0.03
4.72640e-03,0.03,0.05
4.72648e-03,0.01,-0.03
4.72656e-03,0.03,0.05
4.72664e-03,0.03,-0.01
4.72672e-03,0.03,0.05
4.72680e-03,0.01,-0.03
4.72688e-03,0.03,0.05
4.72696e-03,0.03,-0.01
4.72704e-03,0.03,0.05
4.72712e-03,0.03,-0.01
4.72720e-03,0.01,0.05
4.72728e-03,0.03,-0.01
4.72736e-03,0.03,0.05
4.72744e-03,0.03,-0.03
4.72752e-03,0.01,0.05
4.72760e-03,0.01,-0.03
4.72768e-03,0.05,0.05
4.72776e-03,0.03,-0.03
4.72784e-03,0.03,0.05
4.72792e-03,0.01,-0.03
4.72800e-03,0.05,0.05
4.72808e-03,0.01,-0.03
4.72816e-03,0.03,0.07
4.72824e-03,0.03,-0.01
4.72832e-03,0.03,0.05
4.72840e-03,0.05,-0.03
4.72848e-03,0.03,0.05
4.72856e-03,0.03,-0.01
4.72864e-03,0.01,0.05
4.72872e-03,0.03,-0.03
4.72880e-03,0.03,0.05
4.72888e-03,0.03,-0.01
4.72896e-03,0.03,0.05
4.72904e-03,0.03,-0.01
4.72912e-03,0.03,0.05
4.72920e-03,0.01,-0.01
4.72928e-03,0.03,0.05
4.72936e-03,0.01,-0.03
4.72944e-03,0.03,0.05
4.72952e-03,0.01,-0.01
4.72960e-03,0.01,0.05
4.72968e-03,0.03,-0.01
4.72976e-03,0.01,0.05
4.72984e-03,0.03,-0.01
4.72992e-03,0.03,0.05
4.73000e-03,0.03,-0.01
4.73008e-03,0.01,0.05
4.73016e-03,0.05,-0.01
4.73024e-03,0.03,0.05
4.73032e-03,0.01,-0.03
4.73040e-03,0.01,0.05
4.73048e-03,-0.01,-0.03
4.73056e-03,0.03,0.05
4.73064e-03,0.03,-0.01
4.73072e-03,0.05,0.05
4.73080e-03,0.03,-0.01
4.73088e-03,0.03,0.05
4.73096e-03,0.01,-0.01
4.73104e-03,0.03,0.05
4.73112e-03,0.03,-0.01
4.73120e-03,0.03,0.05
4.73128e-03,0.05,-0.03
4.73136e-03,0.01,0.05
4.73144e-03,0.03,-0.03
4.73152e-03,0.03,0.05
4.73160e-03,0.03,-0.03
4.73168e-03,0.03,0.05
4.73176e-03,0.01,-0.03
4.73184e-03,0.03,0.05
4.73192e-03,0.01,-0.01
4.73200e-03,0.01,0.05
4.73208e-03,0.03,-0.03
4.73216e-03,0.01,0.05
4.73224e-03,0.03,-0.03
4.73232e-03,0.03,0.05
4.73240e-03,0.03,-0.03
4.73248e-03,0.01,0.07
4.73256e-03,0.03,-0.01
4.73264e-03,0.01,0.05
4.73272e-03,0.05,-0.01
4.73280e-03,0.03,0.07
4.73288e-03,0.03,-0.03
4.73296e-03,0.01,0.05
4.73304e-03,0.01,-0.01
4.73312e-03,0.03,0.05
4.73320e-03,0.01,-0.03
4.73328e-03,0.03,0.05
4.73336e-03,0.03,-0.03
4.73344e-03,0.03,0.05
4.73352e-03,0.03,-0.01
4.73360e-03,0.03,0.05
4.73368e-03,0.03,-0.01
4.73376e-03,0.03,0.05
4.73384e-03,0.03,-0.01
4.73392e-03,0.03,0.07
4.73400e-03,0.03,-0.03
4.73408e-03,0.03,0.05
4.73416e-03,0.03,-0.01
4.73424e-03,0.03,0.05
4.73432e-03,0.03,-0.03
4.73440e-03,0.03,0.05
4.73448e-03,0.03,-0.01
4.73456e-03,0.03,0.05
4.73464e-03,0.01,-0.03
4.73472e-03,0.05,0.05
4.73480e-03,0.03,-0.01
4.73488e-03,0.03,0.05
4.73496e-03,0.01,-0.01
4.73504e-03,0.03,0.05
4.73512e-03,0.03,-0.03
4.73520e-03,0.03,0.05
4.73528e-03,0.03,-0.01
4.73536e-03,0.03,0.05
4.73544e-03,0.03,-0.01
4.73552e-03,0.03,0.05
4.73560e-03,0.01,-0.05
4.73568e-03,0.01,0.05
4.73576e-03,0.01,-0.03
4.73584e-03,0.05,0.07
4.73592e-03,0.03,-0.03
4.73600e-03,0.03,0.07
4.73608e-03,0.03,-0.03
4.73616e-03,0.03,0.05
4.73624e-03,0.03,-0.01
4.73632e-03,0.03,0.05
4.73640e-03,0.05,-0.01
4.73648e-03,0.01,0.05
4.73656e-03,0.03,-0.01
4.73664e-03,-0.01,0.05
4.73672e-03,0.03,-0.01
4.73680e-03,0.03,0.05
4.73688e-03,0.03,-0.03
4.73696e-03,0.03,0.05
4.73704e-03,0.03,-0.01
4.73712e-03,0.03,0.05
4.73720e-03,0.03,-0.01
4.73728e-03,0.03,0.05
4.73736e-03,0.03,-0.03
4.73744e-03,0.03,0.05
4.73752e-03,0.03,-0.01
4.73760e-03,0.03,0.05
4.73768e-03,0.03,-0.03
4.73776e-03,0.03,0.05
4.73784e-03,0.03,-0.01
4.73792e-03,0.01,0.05
4.73800e-03,0.03,-0.01
4.73808e-03,0.03,0.05
4.73816e-03,0.03,-0.01
4.73824e-03,0.03,0.05
4.73832e-03,0.03,-0.01
4.73840e-03,0.03,0.03
4.73848e-03,0.03,-0.01
4.73856e-03,0.01,0.05
4.73864e-03,0.01,-0.01
4.73872e-03,0.05,0.05
4.73880e-03,0.01,-0.01
4.73888e-03,0.03,0.07
4.73896e-03,0.03,-0.03
4.73904e-03,0.03,0.07
4.73912e-03,0.05,-0.01
4.73920e-03,0.01,0.05
4.73928e-03,0.03,-0.01
4.73936e-03,0.01,0.05
4.73944e-03,0.03,-0.03
4.73952e-03,0.03,0.05
4.73960e-03,0.03,-0.01
4.73968e-03,0.03,0.05
4.73976e-03,0.03,-0.03
4.73984e-03,0.03,0.05
4.73992e-03,0.03,-0.03
4.74000e-03,0.03,0.05
4.74008e-03,0.01,-0.01
4.74016e-03,0.03,0.05
4.74024e-03,0.01,-0.03
4.74032e-03,0.03,0.05
4.74040e-03,0.05,-0.01
4.74048e-03,0.01,0.05
4.74056e-03,0.03,-0.03
4.74064e-03,0.01,0.05
4.74072e-03,0.03,-0.01
4.74080e-03,0.03,0.05
4.74088e-03,0.03,-0.03
4.74096e-03,0.03,0.05
4.74104e-03,0.03,-0.03
4.74112e-03,0.03,0.05
4.74120e-03,0.01,-0.01
4.74128e-03,0.05,0.05
4.74136e-03,0.01,-0.01
4.74144e-03,0.03,0.05
4.74152e-03,0.01,-0.01
4.74160e-03,0.05,0.05
4.74168e-03,0.01,-0.01
4.74176e-03,0.03,0.05
4.74184e-03,0.03,-0.03
4.74192e-03,0.03,0.07
4.74200e-03,0.03,-0.03
4.74208e-03,0.03,0.07
4.74216e-03,0.03,-0.01
4.74224e-03,0.03,0.05
4.74232e-03,0.03,-0.01
4.74240e-03,0.03,0.07
4.74248e-03,0.01,-0.01
4.74256e-03,0.01,0.05
4.74264e-03,0.03,-0.01
4.74272e-03,0.03,0.05
4.74280e-03,0.05,-0.01
4.74288e-03,0.01,0.05
4.74296e-03,0.03,-0.03
4.74304e-03,0.03,0.07
4.74312e-03,0.03,-0.01
4.74320e-03,0.03,0.05
4.74328e-03,0.03,-0.03
4.74336e-03,0.03,0.05
4.74344e-03,0.05,-0.01
4.74352e-03,0.05,0.05
4.74360e-03,0.03,-0.03
4.74368e-03,0.03,0.05
4.74376e-03,0.03,-0.01
4.74384e-03,0.05,0.05
4.74392e-03,0.03,-0.01
4.74400e-03,0.03,0.05
4.74408e-03,0.03,-0.01
4.74416e-03,0.03,0.05
4.74424e-03,0.03,-0.01
4.74432e-03,0.03,0.07
4.74440e-03,0.05,-0.03
4.74448e-03,0.01,0.07
4.74456e-03,0.05,-0.03
4.74464e-03,0.01,0.07
4.74472e-03,0.03,-0.01
4.74480e-03,0.01,0.05
4.74488e-03,0.03,-0.01
4.74496e-03,0.03,0.05
4.74504e-03,0.03,-0.01
4.74512e-03,0.03,0.05
4.74520e-03,0.01,-0.01
4.74528e-03,0.01,0.05
4.74536e-03,0.03,-0.03
4.74544e-03,0.01,0.05
4.74552e-03,0.03,-0.01
4.74560e-03,0.03,0.05
4.74568e-03,0.03,-0.01
4.74576e-03,0.03,0.05
4.74584e-03,0.05,-0.03
4.74592e-03,0.01,0.05
4.74600e-03,0.05,-0.01
4.74608e-03,0.01,0.05
4.74616e-03,0.01,-0.01
4.74624e-03,0.03,0.05
4.74632e-03,0.01,-0.03
4.74640e-03,0.03,0.05
4.74648e-03,0.03,-0.03
4.74656e-03,0.05,0.05
4.74664e-03,0.03,-0.01
4.74672e-03,0.03,0.05
4.74680e-03,0.03,-0.03
4.74688e-03,0.03,0.05
4.74696e-03,0.03,-0.01
4.74704e-03,0.03,0.05
4.74712e-03,0.03,-0.01
4.74720e-03,0.01,0.05
4.74728e-03,0.03,-0.03
4.74736e-03,0.01,0.05
4.74744e-03,0.03,-0.01
4.74752e-03,0.01,0.05
4.74760e-03,0.01,-0.01
4.74768e-03,0.03,0.05
4.74776e-03,0.03,-0.01
4.74784e-03,0.05,0.05
4.74792e-03,0.01,-0.03
4.74800e-03,0.03,0.07
4.74808e-03,0.03,-0.03
4.74816e-03,0.03,0.05
4.74824e-03,0.03,-0.05
4.74832e-03,0.03,0.05
4.74840e-03,0.03,-0.01
4.74848e-03,0.01,0.05
4.74856e-03,0.03,-0.03
4.74864e-03,0.01,0.05
4.74872e-03,0.03,-0.03
4.74880e-03,0.01,0.05
4.74888e-03,0.05,-0.03
4.74896e-03,0.03,0.05
4.74904e-03,0.01,-0.01
4.74912e-03,0.03,0.05
4.74920e-03,0.03,-0.03
4.74928e-03,0.03,0.05
4.74936e-03,0.03,-0.03
4.74944e-03,0.03,0.05
4.74952e-03,0.03,-0.01
4.74960e-03,0.03,0.05
4.74968e-03,0.03,-0.03
4.74976e-03,0.01,0.05
4.74984e-03,0.05,-0.01
4.74992e-03,0.03,0.05
4.75000e-03,0.03,-0.03
4.75008e-03,0.03,0.05
4.75016e-03,0.03,-0.01
4.75024e-03,0.03,0.05
4.75032e-03,0.03,-0.01
4.75040e-03,0.03,0.05
4.75048e-03,0.01,-0.01
4.75056e-03,0.03,0.05
4.75064e-03,0.03,-0.01
4.75072e-03,0.03,0.05
4.75080e-03,0.03,-0.03
4.75088e-03,0.03,0.05
4.75096e-03,0.03,-0.01
4.75104e-03,0.03,0.05
4.75112e-03,0.03,-0.01
4.75120e-03,0.01,0.05
4.75128e-03,0.03,-0.03
4.75136e-03,0.01,0.05
4.75144e-03,0.03,-0.03
4.75152e-03,0.03,0.05
4.75160e-03,0.01,-0.03
4.75168e-03,0.03,0.05
4.75176e-03,0.01,-0.03
4.75184e-03,0.03,0.05
4.75192e-03,0.01,-0.01
4.75200e-03,0.03,0.05
4.75208e-03,0.03,-0.01
4.75216e-03,0.05,0.05
4.75224e-03,0.01,-0.03
4.75232e-03,0.03,0.07
4.75240e-03,0.03,-0.03
4.75248e-03,0.01,0.07
4.75256e-03,0.05,-0.03
4.75264e-03,0.01,0.07
4.75272e-03,0.03,-0.03
4.75280e-03,0.01,0.05
4.75288e-03,0.01,-0.03
4.75296e-03,0.03,0.05
4.75304e-03,0.03,-0.03
4.75312e-03,0.03,0.05
4.75320e-03,0.03,-0.01
4.75328e-03,0.03,0.05
4.75336e-03,0.01,-0.01
4.75344e-03,0.03,0.05
4.75352e-03,0.03,-0.03
4.75360e-03,0.03,0.05
4.75368e-03,0.03,-0.01
4.75376e-03,0.03,0.05
4.75384e-03,0.03,-0.01
4.75392e-03,0.03,0.05
4.75400e-03,0.03,-0.03
4.75408e-03,0.01,0.05
4.75416e-03,0.03,-0.01
4.75424e-03,0.03,0.05
4.75432e-03,0.03,-0.01
4.75440e-03,0.03,0.05
4.75448e-03,0.03,-0.03
4.75456e-03,0.03,0.05
4.75464e-03,0.01,-0.01
4.75472e-03,0.05,0.05
4.75480e-03,0.03,-0.01
4.75488e-03,0.03,0.05
4.75496e-03,0.03,-0.03
4.75504e-03,0.03,0.05
4.75512e-03,0.03,-0.01
4.75520e-03,0.01,0.05
4.75528e-03,0.05,-0.01
4.75536e-03,0.01,0.05
4.75544e-03,0.03,-0.01
4.75552e-03,0.03,0.05
4.75560e-03,0.03,-0.03
4.75568e-03,0.03,0.05
4.75576e-03,0.03,-0.03
4.75584e-03,0.03,0.05
4.75592e-03,0.03,-0.01
4.75600e-03,0.03,0.05
4.75608e-03,0.03,-0.03
4.75616e-03,0.05,0.07
4.75624e-03,0.03,-0.01
4.75632e-03,0.03,0.05
4.75640e-03,0.03,-0.01
4.75648e-03,0.01,0.05
4.75656e-03,0.05,-0.03
4.75664e-03,0.01,0.05
4.75672e-03,0.03,-0.01
4.75680e-03,0.01,0.05
4.75688e-03,0.03,-0.03
4.75696e-03,0.03,0.05
4.75704e-03,0.01,-0.03
4.75712e-03,0.03,0.05
4.75720e-03,0.01,-0.03
4.75728e-03,0.03,0.05
4.75736e-03,0.03,-0.01
4.75744e-03,0.03,0.05
4.75752e-03,0.03,-0.03
4.75760e-03,0.01,0.05
4.75768e-03,0.05,-0.01
4.75776e-03,-0.01,0.05
4.75784e-03,0.03,-0.03
4.75792e-03,0.01,0.05
4.75800e-03,0.03,-0.03
4.75808e-03,0.03,0.05
4.75816e-03,0.03,-0.03
4.75824e-03,0.03,0.05
4.75832e-03,0.03,-0.03
4.75840e-03,0.03,0.05
4.75848e-03,0.01,-0.03
4.75856e-03,0.03,0.05
4.75864e-03,-0.01,-0.03
4.75872e-03,0.05,0.05
4.75880e-03,0.01,-0.03
4.75888e-03,0.03,0.05
4.75896e-03,0.03,-0.01
4.75904e-03,0.01,0.05
4.75912e-03,0.03,-0.03
4.75920e-03,0.03,0.05
4.75928e-03,0.03,-0.03
4.75936e-03,0.03,0.05
4.75944e-03,0.03,-0.01
4.75952e-03,0.03,0.05
4.75960e-03,0.03,-0.03
4.75968e-03,0.01,0.05
4.75976e-03,0.01,-0.03
4.75984e-03,0.03,0.05
4.75992e-03,0.01,-0.01
4.76000e-03,0.03,0.05
4.76008e-03,0.01,-0.01
4.76016e-03,0.03,0.05
4.76024e-03,0.01,-0.03
4.76032e-03,0.03,0.05
4.76040e-03,0.03,-0.03
4.76048e-03,0.01,0.05
4.76056e-03,0.03,-0.03
4.76064e-03,0.03,0.05
4.76072e-03,0.03,-0.03
4.76080e-03,-0.01,0.05
4.76088e-03,0.01,-0.05
4.76096e-03,0.01,0.05
4.76104e-03,0.01,-0.03
4.76112e-03,0.05,0.05
4.76120e-03,0.01,-0.03
4.76128e-03,0.05,0.05
4.76136e-03,0.01,-0.03
4.76144e-03,0.03,0.05
4.76152e-03,0.03,-0.03
4.76160e-03,0.03,0.05
4.76168e-03,0.03,-0.03
4.76176e-03,0.01,0.05
4.76184e-03,0.03,-0.03
4.76192e-03,0.01,0.05
4.76200e-03,0.03,-0.03
4.76208e-03,0.01,0.05
4.76216e-03,0.03,-0.03
4.76224e-03,0.01,0.05
4.76232e-03,0.03,-0.03
4.76240e-03,0.03,0.05
4.76248e-03,0.03,-0.03
4.76256e-03,0.05,0.05
4.76264e-03,0.01,-0.03
4.76272e-03,0.03,0.05
4.76280e-03,0.03,-0.03
4.76288e-03,0.05,0.05
4.76296e-03,0.03,-0.03
4.76304e-03,0.01,0.05
4.76312e-03,0.03,-0.03
4.76320e-03,0.03,0.05
4.76328e-03,0.03,-0.03
4.76336e-03,0.01,0.05
4.76344e-03,0.03,-0.01
4.76352e-03,0.03,0.05
4.76360e-03,0.03,-0.01
4.76368e-03,0.03,0.05
4.76376e-03,0.03,-0.03
4.76384e-03,0.03,0.05
4.76392e-03,0.01,-0.03
4.76400e-03,0.03,0.05
4.76408e-03,0.01,-0.01
4.76416e-03,0.03,0.05
4.76424e-03,0.03,-0.03
4.76432e-03,0.03,0.05
4.76440e-03,0.03,-0.03
4.76448e-03,0.03,0.05
4.76456e-03,0.03,-0.03
4.76464e-03,0.01,0.05
4.76472e-03,0.05,-0.03
4.76480e-03,0.03,0.05
4.76488e-03,0.03,-0.01
4.76496e-03,0.03,0.05
4.76504e-03,0.03,-0.03
4.76512e-03,0.03,0.05
4.76520e-03,0.03,-0.03
4.76528e-03,0.03,0.05
4.76536e-03,0.01,-0.03
4.76544e-03,0.03,0.05
4.76552e-03,0.05,-0.03
4.76560e-03,0.03,0.05
4.76568e-03,0.03,-0.03
4.76576e-03,0.03,0.05
4.76584e-03,0.05,-0.03
4.76592e-03,0.01,0.07
4.76600e-03,0.05,-0.01
4.76608e-03,0.01,0.05
4.76616e-03,0.03,-0.01
4.76624e-03,0.03,0.05
4.76632e-03,0.03,-0.01
4.76640e-03,0.03,0.05
4.76648e-03,0.01,-0.03
4.76656e-03,0.03,0.05
4.76664e-03,0.01,-0.03
4.76672e-03,0.05,0.05
4.76680e-03,0.03,-0.01
4.76688e-03,0.03,0.05
4.76696e-03,0.03,-0.01
4.76704e-03,0.01,0.07
4.76712e-03,0.03,-0.01
4.76720e-03,0.03,0.05
4.76728e-03,0.03,-0.01
4.76736e-03,0.01,0.05
4.76744e-03,0.03,-0.03
4.76752e-03,0.03,0.05
4.76760e-03,0.03,-0.03
4.76768e-03,0.03,0.05
4.76776e-03,0.03,-0.01
4.76784e-03,0.03,0.05
4.76792e-03,0.03,-0.03
4.76800e-03,0.03,0.05
4.76808e-03,0.01,-0.03
4.76816e-03,0.03,0.05
4.76824e-03,0.03,-0.03
4.76832e-03,0.03,0.05
4.76840e-03,0.03,-0.03
4.76848e-03,0.01,0.05
4.76856e-03,0.03,-0.03
4.76864e-03,0.01,0.05
4.76872e-03,0.03,-0.03
4.76880e-03,0.03,0.05
4.76888e-03,0.03,-0.05
4.76896e-03,0.07,0.05
4.76904e-03,0.01,-0.03
4.76912e-03,0.05,0.07
4.76920e-03,0.01,-0.05
4.76928e-03,0.05,0.07
4.76936e-03,0.01,-0.03
4.76944e-03,0.05,0.07
4.76952e-03,0.03,-0.01
4.76960e-03,0.05,0.07
4.76968e-03,0.01,-0.03
4.76976e-03,0.01,0.05
4.76984e-03,0.05,-0.01
4.76992e-03,0.01,0.05
4.77000e-03,0.03,-0.01
4.77008e-03,0.01,0.05
4.77016e-03,0.05,-0.01
4.77024e-03,0.03,0.05
4.77032e-03,0.01,-0.01
4.77040e-03,0.03,0.05
4.77048e-03,0.01,-0.01
4.77056e-03,0.03,0.05
4.77064e-03,0.01,-0.03
4.77072e-03,0.03,0.05
4.77080e-03,0.01,-0.01
4.77088e-03,0.05,0.05
4.77096e-03,0.03,-0.03
4.77104e-03,0.03,0.05
4.77112e-03,0.03,-0.01
4.77120e-03,0.03,0.05
4.77128e-03,0.05,-0.01
4.77136e-03,0.01,0.05
4.77144e-03,0.03,-0.03
4.77152e-03,0.03,0.05
4.77160e-03,0.03,-0.01
4.77168e-03,0.03,0.05
4.77176e-03,0.01,-0.01
4.77184e-03,0.03,0.05
4.77192e-03,0.03,-0.01
4.77200e-03,0.03,0.05
4.77208e-03,0.03,-0.01
4.77216e-03,0.03,0.05
4.77224e-03,0.03,-0.01
4.77232e-03,0.03,0.05
4.77240e-03,0.05,-0.01
4.77248e-03,0.03,0.05
4.77256e-03,0.05,-0.03
4.77264e-03,0.01,0.05
4.77272e-03,0.03,-0.01
4.77280e-03,0.03,0.05
4.77288e-03,0.03,-0.01
4.77296e-03,0.03,0.05
4.77304e-03,0.03,-0.01
4.77312e-03,0.03,0.05
4.77320e-03,0.03,-0.01
4.77328e-03,0.01,0.05
4.77336e-03,0.01,-0.01
4.77344e-03,0.03,0.05
4.77352e-03,0.03,-0.03
4.77360e-03,0.01,0.05
4.77368e-03,0.03,-0.03
4.77376e-03,0.03,0.07
4.77384e-03,0.03,-0.01
4.77392e-03,0.03,0.05
4.77400e-03,0.03,-0.03
4.77408e-03,0.03,0.05
4.77416e-03,0.03,-0.01
4.77424e-03,0.03,0.05
4.77432e-03,0.03,-0.03
4.77440e-03,0.03,0.05
4.77448e-03,0.03,-0.01
4.77456e-03,0.03,0.05
4.77464e-03,0.03,-0.03
4.77472e-03,0.03,0.05
4.77480e-03,0.03,-0.03
4.77488e-03,0.03,0.05
4.77496e-03,0.03,-0.01
4.77504e-03,0.03,0.05
4.77512e-03,0.03,-0.03
4.77520e-03,0.03,0.07
4.77528e-03,0.03,-0.03
4.77536e-03,0.01,0.05
4.77544e-03,0.03,-0.01
4.77552e-03,0.03,0.05
4.77560e-03,0.03,-0.01
4.77568e-03,0.03,0.05
4.77576e-03,0.03,-0.03
4.77584e-03,0.03,0.05
4.77592e-03,0.01,-0.03
4.77600e-03,0.03,0.05
4.77608e-03,0.01,-0.03
4.77616e-03,0.03,0.05
4.77624e-03,0.03,-0.01
4.77632e-03,0.01,0.05
4.77640e-03,0.05,-0.01
4.77648e-03,0.03,0.05
4.77656e-03,0.03,-0.01
4.77664e-03,0.03,0.05
4.77672e-03,0.03,-0.01
4.77680e-03,0.03,0.05
4.77688e-03,0.03,-0.01
4.77696e-03,0.03,0.05
4.77704e-03,0.03,-0.01
4.77712e-03,0.03,0.05
4.77720e-03,0.03,-0.01
4.77728e-03,0.01,0.05
4.77736e-03,0.01,-0.01
4.77744e-03,0.05,0.05
4.77752e-03,0.03,-0.03
4.77760e-03,0.03,0.07
4.77768e-03,0.03,-0.03
4.77776e-03,0.03,0.05
4.77784e-03,0.05,-0.03
4.77792e-03,0.01,0.07
4.77800e-03,0.03,-0.01
4.77808e-03,0.01,0.05
4.77816e-03,0.03,-0.03
4.77824e-03,0.03,0.05
4.77832e-03,0.03,-0.03
4.77840e-03,0.03,0.05
4.77848e-03,0.03,-0.01
4.77856e-03,0.05,0.05
4.77864e-03,0.01,-0.03
4.77872e-03,0.05,0.05
4.77880e-03,0.01,-0.01
4.77888e-03,0.03,0.05
4.77896e-03,0.03,-0.01
4.77904e-03,0.01,0.05
4.77912e-03,0.03,-0.01
4.77920e-03,0.01,0.05
4.77928e-03,0.03,-0.01
4.77936e-03,0.03,0.05
4.77944e-03,0.03,-0.03
4.77952e-03,0.03,0.05
4.77960e-03,0.01,-0.01
4.77968e-03,0.03,0.05
4.77976e-03,0.01,-0.03
4.77984e-03,0.03,0.05
4.77992e-03,0.03,-0.01
4.78000e-03,0.01,0.05
4.78008e-03,0.01,-0.03
4.78016e-03,0.03,0.05
4.78024e-03,0.05,-0.03
4.78032e-03,0.03,0.05
4.78040e-03,0.03,-0.01
4.78048e-03,0.01,0.05
4.78056e-03,0.03,-0.01
4.78064e-03,0.03,0.05
4.78072e-03,0.03,-0.01
4.78080e-03,0.03,0.05
4.78088e-03,0.03,-0.03
4.78096e-03,0.03,0.05
4.78104e-03,0.03,-0.03
4.78112e-03,0.03,0.05
4.78120e-03,0.03,-0.03
4.78128e-03,0.05,0.05
4.78136e-03,0.01,-0.03
4.78144e-03,0.03,0.05
4.78152e-03,0.01,-0.03
4.78160e-03,0.03,0.05
4.78168e-03,0.03,-0.03
4.78176e-03,0.03,0.05
4.78184e-03,0.03,-0.03
4.78192e-03,0.03,0.05
4.78200e-03,0.03,-0.01
4.78208e-03,0.01,0.05
4.78216e-03,0.01,-0.03
4.78224e-03,0.03,0.05
4.78232e-03,0.03,-0.03
4.78240e-03,0.03,0.05
4.78248e-03,0.03,-0.01
4.78256e-03,0.03,0.05
4.78264e-03,0.03,-0.01
4.78272e-03,0.03,0.05
4.78280e-03,0.01,-0.01
4.78288e-03,0.03,0.05
4.78296e-03,0.03,-0.01
4.78304e-03,0.03,0.05
4.78312e-03,0.03,-0.01
4.78320e-03,0.03,0.05
4.78328e-03,0.01,-0.03
4.78336e-03,0.03,0.05
4.78344e-03,0.05,-0.03
4.78352e-03,0.03,0.05
4.78360e-03,0.03,-0.01
4.78368e-03,0.03,0.05
4.78376e-03,0.05,-0.01
4.78384e-03,0.03,0.05
4.78392e-03,0.03,-0.03
4.78400e-03,0.03,0.05
4.78408e-03,0.01,-0.01
4.78416e-03,0.03,0.05
4.78424e-03,0.03,-0.03
4.78432e-03,0.03,0.05
4.78440e-03,0.03,-0.03
4.78448e-03,0.01,0.05
4.78456e-03,0.03,-0.03
4.78464e-03,0.01,0.05
4.78472e-03,0.03,-0.01
4.78480e-03,0.01,0.03
4.78488e-03,0.03,-0.01
4.78496e-03,0.03,0.05
4.78504e-03,0.01,-0.03
4.78512e-03,0.03,0.05
4.78520e-03,0.01,-0.01
4.78528e-03,0.03,0.05
4.78536e-03,0.03,-0.03
4.78544e-03,0.03,0.05
4.78552e-03,0.01,-0.03
4.78560e-03,0.01,0.07
4.78568e-03,0.01,-0.03
4.78576e-03,0.03,0.05
4.78584e-03,0.03,-0.03
4.78592e-03,0.01,0.05
4.78600e-03,0.03,-0.03
4.78608e-03,0.03,0.05
4.78616e-03,0.03,-0.03
4.78624e-03,0.01,0.05
4.78632e-03,0.03,-0.01
4.78640e-03,0.03,0.05
4.78648e-03,0.01,-0.01
4.78656e-03,0.03,0.05
4.78664e-03,0.03,-0.01
4.78672e-03,0.03,0.05
4.78680e-03,0.03,-0.01
4.78688e-03,0.01,0.05
4.78696e-03,0.01,-0.03
4.78704e-03,0.03,0.05
4.78712e-03,0.03,-0.01
4.78720e-03,0.01,0.05
4.78728e-03,0.03,-0.01
4.78736e-03,0.01,0.05
4.78744e-03,0.03,-0.01
4.78752e-03,0.03,0.05
4.78760e-03,0.03,-0.01
4.78768e-03,0.03,0.05
4.78776e-03,0.03,-0.03
4.78784e-03,0.03,0.05
4.78792e-03,0.01,-0.01
4.78800e-03,0.03,0.07
4.78808e-03,0.03,-0.01
4.78816e-03,0.01,0.05
4.78824e-03,0.05,-0.01
4.78832e-03,0.03,0.05
4.78840e-03,0.03,-0.03
4.78848e-03,0.03,0.05
4.78856e-03,0.03,-0.01
4.78864e-03,0.01,0.05
4.78872e-03,0.03,-0.01
4.78880e-03,0.05,0.05
4.78888e-03,0.01,-0.03
4.78896e-03,0.01,0.05
4.78904e-03,0.03,-0.03
4.78912e-03,0.03,0.07
4.78920e-03,0.01,-0.01
4.78928e-03,0.03,0.05
4.78936e-03,0.01,-0.01
4.78944e-03,0.03,0.05
4.78952e-03,0.03,-0.01
4.78960e-03,0.05,0.05
4.78968e-03,0.03,-0.03
4.78976e-03,0.03,0.05
4.78984e-03,0.03,-0.03
4.78992e-03,0.01,0.05
4.79000e-03,0.03,-0.03
4.79008e-03,0.01,0.05
4.79016e-03,0.03,-0.03
4.79024e-03,0.03,0.05
4.79032e-03,0.03,-0.01
4.79040e-03,0.05,0.05
4.79048e-03,0.03,-0.03
4.79056e-03,0.05,0.05
4.79064e-03,0.01,-0.01
4.79072e-03,0.03,0.05
4.79080e-03,0.03,-0.03
4.79088e-03,0.01,0.05
4.79096e-03,0.03,-0.01
4.79104e-03,0.01,0.05
4.79112e-03,0.03,-0.01
4.79120e-03,0.03,0.05
4.79128e-03,0.05,-0.01
4.79136e-03,0.03,0.05
4.79144e-03,0.05,-0.03
4.79152e-03,0.03,0.05
4.79160e-03,0.03,-0.03
4.79168e-03,0.03,0.05
4.79176e-03,0.01,-0.01
4.79184e-03,0.03,0.05
4.79192e-03,0.01,-0.03
4.79200e-03,0.03,0.05
4.79208e-03,0.03,-0.03
4.79216e-03,0.03,0.05
4.79224e-03,0.03,-0.03
4.79232e-03,0.03,0.05
4.79240e-03,0.03,-0.01
4.79248e-03,0.01,0.05
4.79256e-03,0.07,-0.03
4.79264e-03,0.03,0.05
4.79272e-03,0.03,-0.03
4.79280e-03,-0.01,0.07
4.79288e-03,0.03,-0.03
4.79296e-03,0.03,0.05
4.79304e-03,0.01,-0.03
4.79312e-03,0.03,0.05
4.79320e-03,0.01,-0.03
4.79328e-03,0.03,0.05
4.79336e-03,0.01,-0.03
4.79344e-03,0.05,0.05
4.79352e-03,0.03,-0.03
4.79360e-03,0.03,0.05
4.79368e-03,0.03,-0.01
4.79376e-03,0.01,0.05
4.79384e-03,0.03,-0.03
4.79392e-03,0.03,0.05
4.79400e-03,0.07,-0.01
4.79408e-03,0.03,0.05
4.79416e-03,0.03,-0.03
4.79424e-03,0.01,0.07
4.79432e-03,0.01,-0.03
4.79440e-03,0.03,0.07
4.79448e-03,0.01,-0.03
4.79456e-03,0.03,0.05
4.79464e-03,0.01,-0.01
4.79472e-03,0.07,0.05
4.79480e-03,0.01,-0.03
4.79488e-03,0.03,0.07
4.79496e-03,0.03,-0.03
4.79504e-03,0.03,0.05
4.79512e-03,0.03,-0.03
4.79520e-03,0.01,0.05
4.79528e-03,0.03,-0.01
4.79536e-03,0.01,0.05
4.79544e-03,0.03,-0.01
4.79552e-03,0.03,0.05
4.79560e-03,0.01,-0.01
4.79568e-03,0.03,0.05
4.79576e-03,0.01,-0.03
4.79584e-03,0.01,0.05
4.79592e-03,0.03,-0.01
4.79600e-03,0.03,0.05
4.79608e-03,0.01,-0.01
4.79616e-03,0.03,0.05
4.79624e-03,0.01,-0.01
4.79632e-03,0.01,0.05
4.79640e-03,0.03,-0.01
4.79648e-03,0.01,0.05
4.79656e-03,0.03,-0.01
4.79664e-03,0.01,0.05
4.79672e-03,0.03,-0.03
4.79680e-03,0.03,0.05
4.79688e-03,0.05,-0.03
4.79696e-03,0.01,0.05
4.79704e-03,-0.01,-0.05
4.79712e-03,0.01,0.07
4.79720e-03,0.01,-0.03
4.79728e-03,0.03,0.05
4.79736e-03,0.03,-0.03
4.79744e-03,0.03,0.05
4.79752e-03,0.01,-0.03
4.79760e-03,0.03,0.05
4.79768e-03,0.03,-0.01
4.79776e-03,0.01,0.05
4.79784e-03,0.03,-0.01
4.79792e-03,0.01,0.05
4.79800e-03,0.03,-0.03
4.79808e-03,0.03,0.05
4.79816e-03,0.03,-0.03
4.79824e-03,0.03,0.05
4.79832e-03,0.01,-0.03
4.79840e-03,0.03,0.05
4.79848e-03,0.03,-0.03
4.79856e-03,0.03,0.05
4.79864e-03,0.03,-0.01
4.79872e-03,0.03,0.05
4.79880e-03,0.03,-0.03
4.79888e-03,0.03,0.05
4.79896e-03,0.03,-0.01
4.79904e-03,0.01,0.05
4.79912e-03,0.05,-0.01
4.79920e-03,0.01,0.05
4.79928e-03,0.03,-0.03
4.79936e-03,0.03,0.05
4.79944e-03,0.03,-0.03
4.79952e-03,0.03,0.05
4.79960e-03,0.01,-0.03
4.79968e-03,0.01,0.05
4.79976e-03,0.01,-0.01
4.79984e-03,0.03,0.05
4.79992e-03,0.03,-0.03
4.80000e-03,0.05,0.05
4.80008e-03,0.03,-0.01
4.80016e-03,0.03,0.05
4.80024e-03,0.03,-0.01
4.80032e-03,0.03,0.05
4.80040e-03,0.03,-0.01
4.80048e-03,0.03,0.05
4.80056e-03,0.05,-0.01
4.80064e-03,0.01,0.05
4.80072e-03,0.05,-0.01
4.80080e-03,0.03,0.05
4.80088e-03,0.03,-0.01
4.80096e-03,0.03,0.05
4.80104e-03,0.01,-0.01
4.80112e-03,0.03,0.05
4.80120e-03,0.01,-0.01
4.80128e-03,0.03,0.05
4.80136e-03,0.01,-0.03
4.80144e-03,0.01,0.05
4.80152e-03,0.03,-0.03
4.80160e-03,0.03,0.05
4.80168e-03,0.05,-0.01
4.80176e-03,0.03,0.05
4.80184e-03,0.05,-0.01
4.80192e-03,0.05,0.05
4.80200e-03,0.01,-0.05
4.80208e-03,0.01,0.07
4.80216e-03,0.01,-0.03
4.80224e-03,0.03,0.09
4.80232e-03,0.03,-0.03
4.80240e-03,0.03,0.07
4.80248e-03,0.01,-0.03
4.80256e-03,0.05,0.07
4.80264e-03,0.03,-0.01
4.80272e-03,0.03,0.05
4.80280e-03,0.03,-0.01
4.80288e-03,0.03,0.05
4.80296e-03,0.03,-0.01
4.80304e-03,0.03,0.07
4.80312e-03,0.03,-0.03
4.80320e-03,0.05,0.07
4.80328e-03,0.03,-0.01
4.80336e-03,0.03,0.05
4.80344e-03,0.03,-0.03
4.80352e-03,0.01,0.05
4.80360e-03,0.01,-0.01
4.80368e-03,0.03,0.05
4.80376e-03,0.03,-0.01
4.80384e-03,0.03,0.05
4.80392e-03,0.03,-0.03
4.80400e-03,0.03,0.07
4.80408e-03,0.03,-0.01
4.80416e-03,0.03,0.05
4.80424e-03,0.03,-0.01
4.80432e-03,0.01,0.05
4.80440e-03,0.03,-0.01
4.80448e-03,0.01,0.05
4.80456e-03,0.03,-0.01
4.80464e-03,0.01,0.05
4.80472e-03,0.03,-0.03
4.80480e-03,0.03,0.07
4.80488e-03,0.03,-0.03
4.80496e-03,0.05,0.05
4.80504e-03,0.01,-0.01
4.80512e-03,0.05,0.05
4.80520e-03,0.01,-0.01
4.80528e-03,0.03,0.05
4.80536e-03,0.03,-0.01
4.80544e-03,0.03,0.05
4.80552e-03,0.05,-0.01
4.80560e-03,0.01,0.05
4.80568e-03,0.01,-0.03
4.80576e-03,0.01,0.05
4.80584e-03,0.03,-0.01
4.80592e-03,0.03,0.05
4.80600e-03,0.03,-0.03
4.80608e-03,0.03,0.05
4.80616e-03,0.03,-0.01
4.80624e-03,0.03,0.05
4.80632e-03,0.01,-0.01
4.80640e-03,0.05,0.05
4.80648e-03,0.01,-0.03
4.80656e-03,0.03,0.05
4.80664e-03,0.03,-0.01
4.80672e-03,0.03,0.05
4.80680e-03,0.03,-0.01
4.80688e-03,0.03,0.05
4.80696e-03,0.03,-0.01
4.80704e-03,0.01,0.07
4.80712e-03,0.03,-0.03
4.80720e-03,0.01,0.05
4.80728e-03,0.05,-0.03
4.80736e-03,0.01,0.07
4.80744e-03,0.03,-0.01
4.80752e-03,0.03,0.05
4.80760e-03,0.03,-0.01
4.80768e-03,0.03,0.05
4.80776e-03,0.01,-0.01
4.80784e-03,0.03,0.05
4.80792e-03,-0.01,-0.03
4.80800e-03,0.03,0.05
4.80808e-03,0.01,-0.03
4.80816e-03,0.01,0.07
4.80824e-03,0.03,-0.01
4.80832e-03,0.01,0.05
4.80840e-03,0.03,-0.03
4.80848e-03,0.01,0.05
4.80856e-03,0.03,-0.01
4.80864e-03,0.01,0.05
4.80872e-03,0.03,-0.03
4.80880e-03,0.03,0.05
4.80888e-03,0.03,-0.03
4.80896e-03,0.03,0.05
4.80904e-03,0.01,-0.03
4.80912e-03,0.03,0.05
4.80920e-03,0.01,-0.01
4.80928e-03,0.03,0.05
4.80936e-03,0.01,-0.03
4.80944e-03,0.03,0.05
4.80952e-03,0.01,-0.03
4.80960e-03,0.03,0.05
4.80968e-03,0.01,-0.03
4.80976e-03,0.03,0.05
4.80984e-03,0.03,-0.03
4.80992e-03,0.01,0.05
4.81000e-03,0.03,-0.01
4.81008e-03,0.01,0.05
4.81016e-03,0.03,-0.01
4.81024e-03,0.03,0.05
4.81032e-03,0.03,-0.03
4.81040e-03,0.03,0.05
4.81048e-03,0.03,-0.03
4.81056e-03,0.03,0.07
4.81064e-03,0.03,-0.03
4.81072e-03,0.01,0.05
4.81080e-03,0.01,-0.03
4.81088e-03,0.03,0.07
4.81096e-03,0.01,-0.01
4.81104e-03,0.01,0.05
4.81112e-03,0.03,-0.01
4.81120e-03,0.01,0.05
4.81128e-03,0.05,-0.03
4.81136e-03,0.01,0.05
4.81144e-03,0.03,-0.01
4.81152e-03,0.03,0.05
4.81160e-03,0.01,-0.01
4.81168e-03,0.05,0.05
4.81176e-03,0.03,-0.03
4.81184e-03,0.03,0.05
4.81192e-03,0.03,-0.03
4.81200e-03,0.03,0.05
4.81208e-03,0.01,-0.03
4.81216e-03,0.03,0.05
4.81224e-03,0.03,-0.01
4.81232e-03,0.01,0.05
4.81240e-03,0.03,-0.01
4.81248e-03,0.01,0.05
4.81256e-03,0.03,-0.01
4.81264e-03,0.03,0.05
4.81272e-03,0.03,-0.03
4.81280e-03,0.03,0.05
4.81288e-03,0.05,-0.01
4.81296e-03,0.03,0.05
4.81304e-03,0.01,-0.01
4.81312e-03,0.05,0.05
4.81320e-03,0.01,-0.01
4.81328e-03,0.05,0.05
4.81336e-03,0.01,-0.03
4.81344e-03,0.05,0.05
4.81352e-03,0.01,-0.01
4.81360e-03,0.03,0.05
4.81368e-03,0.03,-0.01
4.81376e-03,0.01,0.05
4.81384e-03,0.03,-0.03
4.81392e-03,0.01,0.05
4.81400e-03,0.03,-0.03
4.81408e-03,0.03,0.05
4.81416e-03,0.03,-0.01
4.81424e-03,0.05,0.05
4.81432e-03,0.03,-0.03
4.81440e-03,0.03,0.05
4.81448e-03,0.03,-0.01
4.81456e-03,0.03,0.05
4.81464e-03,0.01,-0.01
4.81472e-03,0.03,0.05
4.81480e-03,0.03,-0.03
4.81488e-03,0.05,0.05
4.81496e-03,0.03,-0.03
4.81504e-03,0.01,0.05
4.81512e-03,0.05,-0.01
4.81520e-03,0.01,0.05
4.81528e-03,0.03,-0.03
4.81536e-03,0.01,0.05
4.81544e-03,0.01,-0.01
4.81552e-03,0.03,0.05
4.81560e-03,0.01,-0.01
4.81568e-03,0.03,0.05
4.81576e-03,0.01,-0.03
4.81584e-03,0.03,0.05
4.81592e-03,0.01,-0.03
4.81600e-03,0.03,0.05
4.81608e-03,0.03,-0.03
4.81616e-03,0.03,0.05
4.81624e-03,0.03,-0.01
4.81632e-03,0.03,0.05
4.81640e-03,0.03,-0.01
4.81648e-03,0.01,0.05
4.81656e-03,0.05,-0.03
4.81664e-03,0.03,0.05
4.81672e-03,0.03,-0.01
4.81680e-03,0.03,0.05
4.81688e-03,0.03,-0.01
4.81696e-03,0.01,0.05
4.81704e-03,0.03,-0.01
4.81712e-03,0.03,0.05
4.81720e-03,0.03,-0.01
4.81728e-03,0.03,0.05
4.81736e-03,0.01,-0.03
4.81744e-03,0.03,0.05
4.81752e-03,0.03,-0.01
4.81760e-03,0.03,0.05
4.81768e-03,0.05,-0.03
4.81776e-03,0.03,0.05
4.81784e-03,0.03,-0.03
4.81792e-03,0.01,0.05
4.81800e-03,0.03,-0.01
4.81808e-03,0.01,0.05
4.81816e-03,0.03,-0.01
4.81824e-03,0.01,0.05
4.81832e-03,0.03,-0.03
4.81840e-03,0.05,0.05
4.81848e-03,0.01,-0.03
4.81856e-03,0.03,0.05
4.81864e-03,0.01,-0.03
4.81872e-03,0.03,0.05
4.81880e-03,0.01,-0.03
4.81888e-03,0.05,0.05
4.81896e-03,0.03,-0.03
4.81904e-03,0.01,0.05
4.81912e-03,0.03,-0.01
4.81920e-03,0.03,0.05
4.81928e-03,0.03,-0.03
4.81936e-03,0.01,0.05
4.81944e-03,0.03,-0.01
4.81952e-03,0.03,0.05
4.81960e-03,0.01,-0.01
4.81968e-03,0.03,0.05
4.81976e-03,0.03,-0.03
4.81984e-03,0.05,0.05
4.81992e-03,0.01,-0.01
4.82000e-03,0.05,0.05
4.82008e-03,0.03,-0.01
4.82016e-03,0.03,0.05
4.82024e-03,0.03,-0.01
4.82032e-03,0.03,0.05
4.82040e-03,0.03,-0.01
4.82048e-03,0.03,0.05
4.82056e-03,0.03,-0.01
4.82064e-03,0.03,0.05
4.82072e-03,0.05,-0.01
4.82080e-03,0.03,0.05
4.82088e-03,0.03,-0.01
4.82096e-03,0.01,0.05
4.82104e-03,0.03,-0.03
4.82112e-03,0.03,0.05
4.82120e-03,0.01,-0.01
4.82128e-03,0.03,0.05
4.82136e-03,0.01,-0.01
4.82144e-03,0.03,0.03
4.82152e-03,0.01,-0.01
4.82160e-03,0.03,0.05
4.82168e-03,0.03,-0.03
4.82176e-03,0.03,0.07
4.82184e-03,0.01,-0.03
4.82192e-03,0.03,0.05
4.82200e-03,0.03,-0.03
4.82208e-03,0.03,0.07
4.82216e-03,0.03,-0.03
4.82224e-03,0.03,0.05
4.82232e-03,0.01,-0.03
4.82240e-03,0.03,0.05
4.82248e-03,0.03,-0.03
4.82256e-03,0.07,0.07
4.82264e-03,0.01,-0.03
4.82272e-03,0.03,0.07
4.82280e-03,0.03,-0.01
4.82288e-03,0.03,0.07
4.82296e-03,0.03,-0.01
4.82304e-03,0.01,0.07
4.82312e-03,0.03,-0.01
4.82320e-03,0.03,0.05
4.82328e-03,0.03,-0.03
4.82336e-03,0.03,0.05
4.82344e-03,0.03,-0.03
4.82352e-03,0.01,0.07
4.82360e-03,0.03,-0.01
4.82368e-03,0.03,0.05
4.82376e-03,0.01,-0.03
4.82384e-03,0.03,0.05
4.82392e-03,0.01,-0.01
4.82400e-03,0.03,0.05
4.82408e-03,0.01,-0.01
4.82416e-03,0.03,0.05
4.82424e-03,0.03,-0.01
4.82432e-03,0.01,0.07
4.82440e-03,0.03,-0.01
4.82448e-03,0.03,0.05
4.82456e-03,0.01,-0.03
4.82464e-03,0.01,0.05
4.82472e-03,0.03,-0.01
4.82480e-03,0.03,0.05
4.82488e-03,0.07,-0.01
4.82496e-03,0.01,0.05
4.82504e-03,-0.01,-0.07
4.82512e-03,0.03,0.07
4.82520e-03,0.03,-0.03
4.82528e-03,0.03,0.07
4.82536e-03,0.03,-0.03
4.82544e-03,0.01,0.05
4.82552e-03,0.03,-0.03
4.82560e-03,0.03,0.05
4.82568e-03,0.03,-0.03
4.82576e-03,0.01,0.05
4.82584e-03,0.03,-0.01
4.82592e-03,0.01,0.05
4.82600e-03,0.03,-0.03
4.82608e-03,0.03,0.05
4.82616e-03,0.03,-0.01
4.82624e-03,0.01,0.05
4.82632e-03,0.03,-0.03
4.82640e-03,0.03,0.05
4.82648e-03,0.03,-0.01
4.82656e-03,0.01,0.05
4.82664e-03,0.03,-0.03
4.82672e-03,0.01,0.05
4.82680e-03,0.03,-0.01
4.82688e-03,0.03,0.05
4.82696e-03,-0.01,-0.03
4.82704e-03,0.01,0.05
4.82712e-03,0.03,-0.03
4.82720e-03,0.03,0.05
4.82728e-03,0.03,-0.03
4.82736e-03,0.01,0.05
4.82744e-03,0.03,-0.03
4.82752e-03,0.03,0.05
4.82760e-03,0.01,-0.03
4.82768e-03,0.03,0.05
4.82776e-03,0.01,-0.01
4.82784e-03,0.05,0.05
4.82792e-03,0.01,-0.03
4.82800e-03,0.03,0.05
4.82808e-03,0.03,-0.03
4.82816e-03,0.01,0.05
4.82824e-03,0.01,-0.03
4.82832e-03,0.03,0.05
4.82840e-03,0.03,-0.03
4.82848e-03,0.01,0.05
4.82856e-03,0.03,-0.01
4.82864e-03,0.01,0.05
4.82872e-03,0.03,-0.01
4.82880e-03,0.03,0.05
4.82888e-03,0.01,-0.01
4.82896e-03,0.03,0.05
4.82904e-03,0.03,-0.03
4.82912e-03,0.03,0.05
4.82920e-03,0.01,-0.01
4.82928e-03,0.03,0.05
4.82936e-03,0.03,-0.03
4.82944e-03,0.03,0.05
4.82952e-03,0.03,-0.01
4.82960e-03,0.03,0.05
4.82968e-03,0.03,-0.01
4.82976e-03,0.01,0.05
4.82984e-03,0.03,-0.03
4.82992e-03,0.01,0.05
4.83000e-03,0.03,-0.01
4.83008e-03,0.03,0.05
4.83016e-03,0.03,-0.01
4.83024e-03,0.03,0.05
4.83032e-03,0.01,-0.03
4.83040e-03,0.03,0.05
4.83048e-03,0.03,-0.03
4.83056e-03,0.03,0.05
4.83064e-03,0.03,-0.01
4.83072e-03,0.05,0.05
4.83080e-03,0.03,-0.01
4.83088e-03,0.05,0.05
4.83096e-03,0.03,-0.03
4.83104e-03,0.03,0.05
4.83112e-03,0.03,-0.01
4.83120e-03,0.01,0.05
4.83128e-03,0.03,-0.01
4.83136e-03,0.01,0.05
4.83144e-03,0.03,-0.01
4.83152e-03,0.03,0.05
4.83160e-03,0.03,-0.03
4.83168e-03,0.03,0.05
4.83176e-03,0.03,-0.01
4.83184e-03,0.03,0.05
4.83192e-03,0.03,-0.03
4.83200e-03,0.03,0.05
4.83208e-03,0.01,-0.01
4.83216e-03,0.05,0.05
4.83224e-03,0.03,-0.03
4.83232e-03,0.03,0.05
4.83240e-03,0.05,-0.01
4.83248e-03,0.01,0.05
4.83256e-03,0.03,-0.03
4.83264e-03,0.01,0.05
4.83272e-03,0.03,-0.01
4.83280e-03,0.03,0.05
4.83288e-03,0.01,-0.03
4.83296e-03,0.03,0.05
4.83304e-03,0.03,-0.01
4.83312e-03,0.03,0.05
4.83320e-03,0.03,-0.01
4.83328e-03,0.03,0.05
4.83336e-03,0.03,-0.03
4.83344e-03,0.03,0.05
4.83352e-03,0.03,-0.03
4.83360e-03,0.03,0.05
4.83368e-03,0.03,-0.01
4.83376e-03,0.01,0.05
4.83384e-03,0.03,-0.03
4.83392e-03,0.01,0.05
4.83400e-03,0.03,-0.01
4.83408e-03,0.01,0.05
4.83416e-03,0.03,-0.03
4.83424e-03,0.01,0.05
4.83432e-03,0.01,-0.01
4.83440e-03,0.05,0.05
4.83448e-03,0.03,-0.03
4.83456e-03,0.01,0.05
4.83464e-03,0.03,-0.03
4.83472e-03,0.03,0.05
4.83480e-03,0.01,-0.01
4.83488e-03,0.01,0.05
4.83496e-03,-0.01,-0.01
4.83504e-03,0.01,0.05
4.83512e-03,0.03,-0.03
4.83520e-03,0.03,0.07
4.83528e-03,0.05,-0.03
4.83536e-03,0.03,0.07
4.83544e-03,0.03,-0.05
4.83552e-03,0.01,0.07
4.83560e-03,0.03,-0.03
4.83568e-03,0.03,0.05
4.83576e-03,0.01,-0.03
4.83584e-03,0.05,0.05
4.83592e-03,0.03,-0.03
4.83600e-03,0.03,0.05
4.83608e-03,0.01,-0.01
4.83616e-03,0.05,0.05
4.83624e-03,0.01,-0.03
4.83632e-03,0.03,0.05
4.83640e-03,0.05,-0.03
4.83648e-03,0.01,0.05
4.83656e-03,0.03,-0.01
4.83664e-03,0.01,0.05
4.83672e-03,0.03,-0.01
4.83680e-03,0.03,0.05
4.83688e-03,0.03,-0.03
4.83696e-03,0.03,0.05
4.83704e-03,0.03,-0.01
4.83712e-03,0.03,0.05
4.83720e-03,0.01,-0.01
4.83728e-03,0.03,0.05
4.83736e-03,0.01,-0.01
4.83744e-03,0.03,0.05
4.83752e-03,0.03,-0.03
4.83760e-03,0.03,0.07
4.83768e-03,0.05,-0.01
4.83776e-03,0.03,0.05
4.83784e-03,0.05,-0.03
4.83792e-03,0.01,0.05
4.83800e-03,0.03,-0.03
4.83808e-03,0.03,0.05
4.83816e-03,0.03,-0.03
4.83824e-03,0.03,0.05
4.83832e-03,0.01,-0.01
4.83840e-03,0.03,0.05
4.83848e-03,0.03,-0.01
4.83856e-03,0.03,0.05
4.83864e-03,0.03,-0.03
4.83872e-03,0.03,0.05
4.83880e-03,0.03,-0.01
4.83888e-03,0.03,0.05
4.83896e-03,0.03,-0.01
4.83904e-03,0.01,0.05
4.83912e-03,0.05,-0.03
4.83920e-03,0.03,0.07
4.83928e-03,0.03,-0.03
4.83936e-03,0.03,0.05
4.83944e-03,0.03,-0.01
4.83952e-03,0.03,0.05
4.83960e-03,0.03,-0.03
4.83968e-03,0.03,0.05
4.83976e-03,0.01,-0.01
4.83984e-03,0.03,0.05
4.83992e-03,0.01,-0.01
4.84000e-03,0.03,0.05
4.84008e-03,0.03,-0.01
4.84016e-03,0.03,0.05
4.84024e-03,0.05,-0.01
4.84032e-03,0.03,0.05
4.84040e-03,0.05,-0.01
4.84048e-03,0.03,0.05
4.84056e-03,0.03,-0.01
4.84064e-03,0.03,0.05
4.84072e-03,0.05,-0.01
4.84080e-03,0.03,0.05
4.84088e-03,0.03,-0.03
4.84096e-03,0.03,0.05
4.84104e-03,0.01,-0.03
4.84112e-03,0.03,0.05
4.84120e-03,0.03,-0.03
4.84128e-03,0.03,0.05
4.84136e-03,0.01,-0.03
4.84144e-03,0.03,0.05
4.84152e-03,0.03,-0.03
4.84160e-03,0.03,0.05
4.84168e-03,0.03,-0.03
4.84176e-03,0.03,0.05
4.84184e-03,0.05,-0.01
4.84192e-03,0.01,0.05
4.84200e-03,0.03,-0.01
4.84208e-03,0.03,0.05
4.84216e-03,0.01,-0.03
4.84224e-03,0.01,0.05
4.84232e-03,0.01,-0.01
4.84240e-03,0.03,0.05
4.84248e-03,0.01,-0.01
4.84256e-03,0.03,0.05
4.84264e-03,0.01,-0.01
4.84272e-03,0.03,0.05
4.84280e-03,0.01,-0.01
4.84288e-03,0.03,0.05
4.84296e-03,0.03,-0.03
4.84304e-03,0.01,0.05
4.84312e-03,0.03,-0.01
4.84320e-03,0.03,0.05
4.84328e-03,0.03,-0.03
4.84336e-03,0.01,0.05
4.84344e-03,0.03,-0.03
4.84352e-03,0.03,0.05
4.84360e-03,0.03,-0.03
4.84368e-03,0.01,0.05
4.84376e-03,-0.01,-0.03
4.84384e-03,0.03,0.07
4.84392e-03,0.01,-0.03
4.84400e-03,0.03,0.07
4.84408e-03,0.03,-0.03
4.84416e-03,0.03,0.07
4.84424e-03,0.03,-0.01
4.84432e-03,0.01,0.05
4.84440e-03,0.03,-0.03
4.84448e-03,0.01,0.05
4.84456e-03,0.03,-0.03
4.84464e-03,0.03,0.05
4.84472e-03,0.03,-0.03
4.84480e-03,0.01,0.05
4.84488e-03,0.03,-0.03
4.84496e-03,0.03,0.05
4.84504e-03,0.03,-0.01
4.84512e-03,0.03,0.07
4.84520e-03,0.01,-0.03
4.84528e-03,0.03,0.05
4.84536e-03,0.03,-0.03
4.84544e-03,0.03,0.05
4.84552e-03,0.03,-0.03
4.84560e-03,0.03,0.05
4.84568e-03,0.03,-0.01
4.84576e-03,0.01,0.05
4.84584e-03,0.03,-0.01
4.84592e-03,0.01,0.05
4.84600e-03,0.03,-0.03
4.84608e-03,0.01,0.05
4.84616e-03,0.03,-0.01
4.84624e-03,0.03,0.05
4.84632e-03,0.03,-0.03
4.84640e-03,0.05,0.05
4.84648e-03,0.01,-0.01
4.84656e-03,0.03,0.05
4.84664e-03,0.01,-0.01
4.84672e-03,0.03,0.05
4.84680e-03,0.03,-0.03
4.84688e-03,0.03,0.05
4.84696e-03,0.03,-0.03
4.84704e-03,0.01,0.07
4.84712e-03,0.03,-0.01
4.84720e-03,0.03,0.05
4.84728e-03,0.03,-0.01
4.84736e-03,0.01,0.05
4.84744e-03,0.03,-0.03
4.84752e-03,0.03,0.05
4.84760e-03,0.03,-0.03
4.84768e-03,0.03,0.05
4.84776e-03,0.03,-0.01
4.84784e-03,0.03,0.05
4.84792e-03,0.03,-0.01
4.84800e-03,0.05,0.05
4.84808e-03,0.03,-0.03
4.84816e-03,0.01,0.05
4.84824e-03,0.03,-0.01
4.84832e-03,0.01,0.05
4.84840e-03,0.03,-0.03
4.84848e-03,0.03,0.05
4.84856e-03,0.03,-0.03
4.84864e-03,0.01,0.05
4.84872e-03,0.03,-0.03
4.84880e-03,0.03,0.05
4.84888e-03,0.03,-0.01
4.84896e-03,0.03,0.05
4.84904e-03,0.01,-0.01
4.84912e-03,0.05,0.05
4.84920e-03,0.01,-0.03
4.84928e-03,0.05,0.05
4.84936e-03,0.01,-0.03
4.84944e-03,0.03,0.05
4.84952e-03,0.03,-0.03
4.84960e-03,0.03,0.05
4.84968e-03,0.03,-0.01
4.84976e-03,0.03,0.05
4.84984e-03,0.03,-0.01
4.84992e-03,-0.01,0.07
4.85000e-03,0.03,-0.01
4.85008e-03,0.01,0.05
4.85016e-03,0.03,-0.01
4.85024e-03,0.03,0.05
4.85032e-03,0.03,-0.03
4.85040e-03,0.03,0.05
4.85048e-03,0.01,-0.01
4.85056e-03,0.05,0.05
4.85064e-03,0.01,-0.01
4.85072e-03,0.03,0.05
4.85080e-03,0.03,-0.03
4.85088e-03,0.03,0.05
4.85096e-03,0.01,-0.01
4.85104e-03,0.03,0.05
4.85112e-03,0.03,-0.01
4.85120e-03,0.01,0.05
4.85128e-03,0.03,-0.01
4.85136e-03,0.01,0.05
4.85144e-03,0.01,-0.01
4.85152e-03,0.05,0.05
4.85160e-03,0.03,-0.03
4.85168e-03,0.05,0.05
4.85176e-03,0.01,-0.03
4.85184e-03,0.03,0.07
4.85192e-03,0.03,-0.05
4.85200e-03,0.03,0.07
4.85208e-03,0.03,-0.01
4.85216e-03,0.01,0.05
4.85224e-03,0.03,-0.01
4.85232e-03,0.05,0.07
4.85240e-03,0.05,-0.03
4.85248e-03,0.01,0.07
4.85256e-03,0.03,-0.03
4.85264e-03,0.01,0.05
4.85272e-03,0.03,-0.01
4.85280e-03,0.03,0.05
4.85288e-03,0.03,-0.01
4.85296e-03,0.03,0.05
4.85304e-03,0.01,-0.01
4.85312e-03,0.05,0.05
4.85320e-03,0.03,-0.01
4.85328e-03,0.03,0.05
4.85336e-03,0.03,-0.03
4.85344e-03,0.05,0.05
4.85352e-03,0.03,-0.01
4.85360e-03,0.03,0.05
4.85368e-03,0.03,-0.03
4.85376e-03,0.03,0.05
4.85384e-03,0.03,-0.03
4.85392e-03,0.01,0.07
4.85400e-03,0.05,-0.03
4.85408e-03,0.01,0.05
4.85416e-03,0.01,-0.03
4.85424e-03,0.01,0.05
4.85432e-03,0.03,-0.05
4.85440e-03,0.03,0.07
4.85448e-03,0.01,-0.03
4.85456e-03,0.03,0.07
4.85464e-03,0.03,-0.03
4.85472e-03,0.05,0.05
4.85480e-03,0.03,-0.03
4.85488e-03,0.03,0.05
4.85496e-03,0.03,-0.01
4.85504e-03,0.03,0.05
4.85512e-03,0.03,-0.01
4.85520e-03,0.03,0.05
4.85528e-03,0.03,-0.01
4.85536e-03,0.01,0.05
4.85544e-03,0.03,-0.01
4.85552e-03,0.03,0.05
4.85560e-03,0.03,-0.01
4.85568e-03,0.03,0.05
4.85576e-03,0.01,-0.01
4.85584e-03,0.03,0.05
4.85592e-03,0.01,-0.01
4.85600e-03,0.03,0.07
4.85608e-03,0.03,-0.01
4.85616e-03,0.03,0.05
4.85624e-03,0.03,-0.01
4.85632e-03,0.01,0.05
4.85640e-03,0.05,-0.01
4.85648e-03,0.01,0.05
4.85656e-03,0.03,-0.01
4.85664e-03,0.03,0.05
4.85672e-03,0.03,-0.03
4.85680e-03,0.03,0.05
4.85688e-03,0.03,-0.01
4.85696e-03,0.03,0.05
4.85704e-03,0.03,-0.01
4.85712e-03,0.03,0.05
4.85720e-03,0.03,-0.01
4.85728e-03,0.03,0.05
4.85736e-03,0.03,-0.01
4.85744e-03,0.03,0.05
4.85752e-03,0.03,-0.01
4.85760e-03,0.03,0.05
4.85768e-03,0.05,-0.01
4.85776e-03,0.01,0.05
4.85784e-03,0.05,-0.03
4.85792e-03,0.03,0.05
4.85800e-03,0.03,-0.01
4.85808e-03,0.03,0.05
4.85816e-03,0.03,-0.01
4.85824e-03,0.03,0.05
4.85832e-03,0.03,-0.01
4.85840e-03,0.05,0.05
4.85848e-03,0.01,-0.03
4.85856e-03,0.03,0.05
4.85864e-03,0.03,-0.03
4.85872e-03,0.03,0.05
4.85880e-03,0.03,-0.01
4.85888e-03,0.03,0.05
4.85896e-03,0.03,-0.03
4.85904e-03,0.01,0.05
4.85912e-03,0.05,-0.01
4.85920e-03,0.03,0.05
4.85928e-03,0.03,-0.01
4.85936e-03,0.01,0.05
4.85944e-03,0.03,-0.01
4.85952e-03,0.03,0.05
4.85960e-03,0.03,-0.01
4.85968e-03,0.03,0.05
4.85976e-03,0.03,-0.01
4.85984e-03,0.05,0.05
4.85992e-03,0.01,-0.03
4.86000e-03,0.03,0.05
4.86008e-03,0.01,-0.01
4.86016e-03,0.03,0.05
4.86024e-03,0.03,-0.03
4.86032e-03,0.03,0.07
4.86040e-03,0.05,-0.03
4.86048e-03,0.01,0.05
4.86056e-03,0.05,-0.03
4.86064e-03,0.01,0.07
4.86072e-03,0.05,-0.01
4.86080e-03,0.01,0.05
4.86088e-03,0.03,-0.03
4.86096e-03,0.03,0.07
4.86104e-03,0.01,-0.03
4.86112e-03,0.05,0.05
4.86120e-03,0.01,-0.01
4.86128e-03,0.03,0.05
4.86136e-03,0.01,-0.03
4.86144e-03,0.03,0.05
4.86152e-03,0.03,-0.01
4.86160e-03,0.03,0.05
4.86168e-03,0.03,-0.01
4.86176e-03,0.01,0.05
4.86184e-03,0.05,-0.03
4.86192e-03,0.01,0.05
4.86200e-03,0.03,-0.01
4.86208e-03,0.03,0.05
4.86216e-03,0.01,-0.01
4.86224e-03,0.03,0.05
4.86232e-03,0.03,-0.01
4.86240e-03,0.03,0.05
4.86248e-03,0.03,-0.01
4.86256e-03,0.03,0.05
4.86264e-03,0.01,-0.03
4.86272e-03,0.03,0.05
4.86280e-03,0.01,-0.01
4.86288e-03,0.03,0.05
4.86296e-03,0.03,-0.03
4.86304e-03,0.03,0.05
4.86312e-03,0.03,-0.01
4.86320e-03,0.01,0.05
4.86328e-03,0.03,-0.01
4.86336e-03,0.03,0.05
4.86344e-03,0.03,-0.01
4.86352e-03,0.03,0.05
4.86360e-03,0.03,-0.01
4.86368e-03,0.03,0.05
4.86376e-03,0.01,-0.01
4.86384e-03,0.03,0.05
4.86392e-03,0.01,-0.03
4.86400e-03,0.03,0.05
4.86408e-03,0.03,-0.03
4.86416e-03,0.03,0.05
4.86424e-03,0.03,-0.01
4.86432e-03,0.03,0.05
4.86440e-03,0.03,-0.03
4.86448e-03,0.01,0.05
4.86456e-03,0.05,-0.03
4.86464e-03,0.01,0.05
4.86472e-03,0.05,-0.03
4.86480e-03,0.03,0.05
4.86488e-03,0.01,-0.03
4.86496e-03,0.03,0.05
4.86504e-03,0.03,-0.01
4.86512e-03,0.03,0.05
4.86520e-03,0.01,-0.01
4.86528e-03,0.05,0.05
4.86536e-03,0.03,-0.01
4.86544e-03,0.03,0.05
4.86552e-03,0.03,-0.01
4.86560e-03,0.01,0.05
4.86568e-03,0.03,-0.03
4.86576e-03,0.01,0.05
4.86584e-03,0.03,-0.01
4.86592e-03,0.01,0.05
4.86600e-03,0.05,-0.03
4.86608e-03,0.03,0.05
4.86616e-03,0.03,-0.01
4.86624e-03,0.03,0.05
4.86632e-03,0.01,-0.01
4.86640e-03,0.05,0.05
4.86648e-03,0.01,-0.01
4.86656e-03,0.03,0.05
4.86664e-03,0.01,-0.01
4.86672e-03,0.03,0.05
4.86680e-03,0.03,-0.01
4.86688e-03,0.03,0.05
4.86696e-03,0.03,-0.03
4.86704e-03,0.01,0.05
4.86712e-03,0.03,-0.03
4.86720e-03,0.01,0.05
4.86728e-03,0.03,-0.01
4.86736e-03,0.03,0.05
4.86744e-03,0.01,-0.03
4.86752e-03,0.03,0.05
4.86760e-03,0.03,-0.01
4.86768e-03,0.03,0.05
4.86776e-03,0.03,-0.01
4.86784e-03,0.03,0.05
4.86792e-03,0.03,-0.01
4.86800e-03,0.05,0.05
4.86808e-03,0.03,-0.03
4.86816e-03,0.03,0.05
4.86824e-03,0.01,-0.03
4.86832e-03,-0.01,0.07
4.86840e-03,0.03,-0.03
4.86848e-03,-0.01,0.07
4.86856e-03,0.03,-0.03
4.86864e-03,0.03,0.05
4.86872e-03,0.03,-0.03
4.86880e-03,0.03,0.05
4.86888e-03,0.03,-0.01
4.86896e-03,0.03,0.05
4.86904e-03,0.01,-0.03
4.86912e-03,0.05,0.05
4.86920e-03,-0.01,-0.01
4.86928e-03,0.05,0.05
4.86936e-03,0.03,-0.03
4.86944e-03,0.03,0.07
4.86952e-03,0.01,-0.03
4.86960e-03,0.03,0.07
4.86968e-03,0.03,-0.01
4.86976e-03,0.01,0.05
4.86984e-03,0.05,-0.03
4.86992e-03,0.01,0.05
4.87000e-03,0.03,-0.01
4.87008e-03,0.01,0.05
4.87016e-03,0.01,-0.01
4.87024e-03,0.03,0.05
4.87032e-03,-0.01,-0.03
4.87040e-03,0.03,0.05
4.87048e-03,0.03,-0.03
4.87056e-03,0.03,0.05
4.87064e-03,0.03,-0.03
4.87072e-03,0.03,0.05
4.87080e-03,0.03,-0.01
4.87088e-03,0.03,0.05
4.87096e-03,0.03,-0.01
4.87104e-03,0.01,0.05
4.87112e-03,0.03,-0.01
4.87120e-03,0.01,0.05
4.87128e-03,0.03,-0.03
4.87136e-03,0.01,0.05
4.87144e-03,0.03,-0.01
4.87152e-03,0.01,0.05
4.87160e-03,0.01,-0.01
4.87168e-03,0.01,0.05
4.87176e-03,0.03,-0.01
4.87184e-03,0.03,0.05
4.87192e-03,0.03,-0.01
4.87200e-03,0.03,0.05
4.87208e-03,0.01,-0.01
4.87216e-03,0.05,0.05
4.87224e-03,0.03,-0.01
4.87232e-03,0.03,0.05
4.87240e-03,0.05,-0.01
4.87248e-03,0.01,0.05
4.87256e-03,0.03,-0.03
4.87264e-03,0.03,0.05
4.87272e-03,0.03,-0.01
4.87280e-03,0.03,0.05
4.87288e-03,0.03,-0.01
4.87296e-03,0.03,0.05
4.87304e-03,0.03,-0.01
4.87312e-03,0.05,0.05
4.87320e-03,0.01,-0.01
4.87328e-03,0.03,0.05
4.87336e-03,0.03,-0.01
4.87344e-03,0.03,0.05
4.87352e-03,0.03,-0.01
4.87360e-03,0.03,0.05
4.87368e-03,0.03,-0.01
4.87376e-03,0.01,0.05
4.87384e-03,0.03,-0.01
4.87392e-03,0.03,0.05
4.87400e-03,0.03,-0.03
4.87408e-03,0.01,0.05
4.87416e-03,0.01,-0.03
4.87424e-03,0.03,0.05
4.87432e-03,0.03,-0.01
4.87440e-03,0.01,0.05
4.87448e-03,0.01,-0.01
4.87456e-03,0.03,0.05
4.87464e-03,0.03,-0.01
4.87472e-03,0.05,0.05
4.87480e-03,0.03,-0.03
4.87488e-03,0.03,0.05
4.87496e-03,0.03,-0.01
4.87504e-03,0.01,0.05
4.87512e-03,0.05,-0.01
4.87520e-03,0.01,0.05
4.87528e-03,0.03,-0.03
4.87536e-03,0.01,0.05
4.87544e-03,0.03,-0.01
4.87552e-03,0.01,0.05
4.87560e-03,0.01,-0.01
4.87568e-03,0.03,0.05
4.87576e-03,0.03,-0.01
4.87584e-03,0.03,0.05
4.87592e-03,0.03,-0.03
4.87600e-03,0.03,0.05
4.87608e-03,0.01,-0.01
4.87616e-03,0.05,0.05
4.87624e-03,0.03,-0.01
4.87632e-03,0.03,0.05
4.87640e-03,0.03,-0.03
4.87648e-03,0.01,0.05
4.87656e-03,0.03,-0.01
4.87664e-03,0.01,0.05
4.87672e-03,0.03,-0.03
4.87680e-03,0.05,0.07
4.87688e-03,0.03,-0.03
4.87696e-03,0.03,0.07
4.87704e-03,0.03,-0.03
4.87712e-03,0.03,0.07
4.87720e-03,0.01,-0.03
4.87728e-03,0.05,0.05
4.87736e-03,0.01,-0.01
4.87744e-03,0.03,0.05
4.87752e-03,0.01,-0.03
4.87760e-03,0.03,0.05
4.87768e-03,0.03,-0.01
4.87776e-03,0.03,0.05
4.87784e-03,0.03,-0.03
4.87792e-03,0.01,0.05
4.87800e-03,0.03,-0.01
4.87808e-03,0.03,0.05
4.87816e-03,0.03,-0.01
4.87824e-03,0.03,0.05
4.87832e-03,0.03,-0.03
4.87840e-03,0.03,0.05
4.87848e-03,0.03,-0.01
4.87856e-03,0.03,0.05
4.87864e-03,0.01,-0.01
4.87872e-03,0.03,0.05
4.87880e-03,0.01,-0.01
4.87888e-03,0.03,0.05
4.87896e-03,0.03,-0.03
4.87904e-03,0.03,0.05
4.87912e-03,0.03,-0.01
4.87920e-03,0.03,0.05
4.87928e-03,0.03,-0.03
4.87936e-03,0.03,0.05
4.87944e-03,0.03,-0.01
4.87952e-03,0.03,0.05
4.87960e-03,0.03,-0.03
4.87968e-03,0.03,0.05
4.87976e-03,0.01,-0.03
4.87984e-03,0.03,0.05
4.87992e-03,0.01,-0.03
4.88000e-03,0.05,0.05
4.88008e-03,0.01,-0.03
4.88016e-03,0.03,0.05
4.88024e-03,0.03,-0.03
4.88032e-03,0.03,0.05
4.88040e-03,0.05,-0.01
4.88048e-03,0.03,0.05
4.88056e-03,0.05,-0.03
4.88064e-03,0.01,0.05
4.88072e-03,0.03,-0.01
4.88080e-03,0.03,0.05
4.88088e-03,0.03,-0.01
4.88096e-03,0.01,0.05
4.88104e-03,0.03,-0.01
4.88112e-03,0.03,0.05
4.88120e-03,0.03,-0.01
4.88128e-03,0.03,0.05
4.88136e-03,0.03,-0.01
4.88144e-03,0.03,0.05
4.88152e-03,0.03,-0.03
4.88160e-03,0.01,0.05
4.88168e-03,0.03,-0.01
4.88176e-03,0.03,0.05
4.88184e-03,0.03,-0.01
4.88192e-03,0.03,0.07
4.88200e-03,0.03,-0.01
4.88208e-03,0.03,0.05
4.88216e-03,0.03,-0.01
4.88224e-03,0.03,0.05
4.88232e-03,0.01,-0.03
4.88240e-03,0.05,0.05
4.88248e-03,0.03,-0.01
4.88256e-03,0.05,0.05
4.88264e-03,0.01,-0.01
4.88272e-03,0.03,0.05
4.88280e-03,0.03,-0.01
4.88288e-03,0.03,0.05
4.88296e-03,0.03,-0.01
4.88304e-03,0.01,0.05
4.88312e-03,0.03,-0.01
4.88320e-03,0.03,0.05
4.88328e-03,0.03,-0.01
4.88336e-03,0.01,0.07
4.88344e-03,0.05,-0.01
4.88352e-03,0.03,0.05
4.88360e-03,0.03,-0.01
4.88368e-03,0.03,0.05
4.88376e-03,0.03,-0.01
4.88384e-03,0.05,0.05
4.88392e-03,0.01,-0.01
4.88400e-03,0.03,0.05
4.88408e-03,0.03,-0.01
4.88416e-03,0.01,0.05
4.88424e-03,0.03,-0.01
4.88432e-03,0.03,0.05
4.88440e-03,0.01,-0.03
4.88448e-03,0.03,0.05
4.88456e-03,0.05,-0.03
4.88464e-03,0.05,0.07
4.88472e-03,0.07,-0.03
4.88480e-03,0.01,0.07
4.88488e-03,0.03,-0.03
4.88496e-03,0.03,0.07
4.88504e-03,0.03,-0.01
4.88512e-03,0.03,0.05
4.88520e-03,0.03,-0.01
4.88528e-03,0.03,0.07
4.88536e-03,-0.01,-0.03
4.88544e-03,0.03,0.07
4.88552e-03,0.03,-0.03
4.88560e-03,0.03,0.07
4.88568e-03,0.03,-0.01
4.88576e-03,-0.01,0.05
4.88584e-03,0.03,-0.03
4.88592e-03,0.03,0.05
4.88600e-03,0.03,-0.01
4.88608e-03,0.03,0.05
4.88616e-03,0.03,-0.01
4.88624e-03,0.03,0.05
4.88632e-03,0.03,-0.01
4.88640e-03,0.03,0.05
4.88648e-03,0.01,-0.03
4.88656e-03,0.03,0.05
4.88664e-03,0.03,-0.01
4.88672e-03,0.03,0.05
4.88680e-03,0.01,-0.03
4.88688e-03,0.03,0.05
4.88696e-03,0.03,-0.01
4.88704e-03,0.03,0.05
4.88712e-03,0.01,-0.03
4.88720e-03,0.03,0.05
4.88728e-03,0.03,-0.01
4.88736e-03,0.03,0.05
4.88744e-03,0.03,-0.01
4.88752e-03,0.03,0.05
4.88760e-03,0.01,-0.03
4.88768e-03,0.03,0.05
4.88776e-03,0.03,-0.01
4.88784e-03,0.05,0.05
4.88792e-03,0.03,-0.01
4.88800e-03,0.03,0.05
4.88808e-03,0.01,-0.01
4.88816e-03,0.03,0.05
4.88824e-03,0.03,-0.01
4.88832e-03,0.03,0.05
4.88840e-03,0.03,-0.01
4.88848e-03,0.05,0.05
4.88856e-03,0.03,-0.01
4.88864e-03,0.01,0.05
4.88872e-03,0.03,-0.01
4.88880e-03,0.01,0.05
4.88888e-03,0.03,-0.01
4.88896e-03,0.05,0.05
4.88904e-03,0.03,-0.01
4.88912e-03,0.03,0.07
4.88920e-03,0.03,-0.03
4.88928e-03,0.03,0.05
4.88936e-03,0.03,-0.01
4.88944e-03,0.03,0.05
4.88952e-03,0.03,-0.01
4.88960e-03,0.03,0.05
4.88968e-03,0.05,-0.01
4.88976e-03,0.01,0.05
4.88984e-03,0.05,-0.01
4.88992e-03,0.01,0.05
4.89000e-03,0.03,-0.01
4.89008e-03,0.03,0.05
4.89016e-03,0.03,-0.03
4.89024e-03,0.03,0.05
4.89032e-03,0.01,-0.01
4.89040e-03,0.03,0.05
4.89048e-03,0.03,-0.01
4.89056e-03,0.03,0.05
4.89064e-03,0.03,-0.03
4.89072e-03,0.03,0.05
4.89080e-03,0.03,-0.03
4.89088e-03,0.03,0.05
4.89096e-03,0.03,-0.03
4.89104e-03,0.03,0.05
4.89112e-03,0.03,-0.01
4.89120e-03,0.01,0.05
4.89128e-03,0.05,-0.01
4.89136e-03,0.01,0.05
4.89144e-03,0.05,-0.01
4.89152e-03,0.01,0.05
4.89160e-03,0.01,-0.01
4.89168e-03,0.03,0.05
4.89176e-03,0.03,-0.01
4.89184e-03,0.03,0.05
4.89192e-03,0.03,-0.01
4.89200e-03,0.03,0.05
4.89208e-03,0.03,-0.03
4.89216e-03,0.03,0.05
4.89224e-03,0.03,-0.01
4.89232e-03,0.03,0.05
4.89240e-03,0.03,-0.03
4.89248e-03,0.01,0.05
4.89256e-03,0.03,-0.03
4.89264e-03,0.01,0.05
4.89272e-03,0.03,-0.01
4.89280e-03,0.03,0.05
4.89288e-03,0.01,-0.03
4.89296e-03,0.01,0.05
4.89304e-03,-0.01,-0.03
4.89312e-03,0.03,0.05
4.89320e-03,-0.01,-0.03
4.89328e-03,0.03,0.05
4.89336e-03,0.05,-0.03
4.89344e-03,0.03,0.05
4.89352e-03,0.03,-0.03
4.89360e-03,0.03,0.05
4.89368e-03,0.05,-0.03
4.89376e-03,0.01,0.05
4.89384e-03,0.05,-0.03
4.89392e-03,0.03,0.05
4.89400e-03,0.01,-0.03
4.89408e-03,0.03,0.05
4.89416e-03,0.03,-0.03
4.89424e-03,0.03,0.05
4.89432e-03,0.03,-0.03
4.89440e-03,0.03,0.05
4.89448e-03,0.03,-0.01
4.89456e-03,0.03,0.05
4.89464e-03,0.03,-0.01
4.89472e-03,0.01,0.05
4.89480e-03,0.01,-0.03
4.89488e-03,0.03,0.05
4.89496e-03,0.05,-0.03
4.89504e-03,0.03,0.05
4.89512e-03,0.05,-0.03
4.89520e-03,0.03,0.05
4.89528e-03,0.03,-0.01
4.89536e-03,0.03,0.05
4.89544e-03,0.03,-0.01
4.89552e-03,0.03,0.05
4.89560e-03,0.03,-0.01
4.89568e-03,0.03,0.05
4.89576e-03,0.01,-0.01
4.89584e-03,0.03,0.05
4.89592e-03,0.01,-0.03
4.89600e-03,0.05,0.05
4.89608e-03,0.01,-0.03
4.89616e-03,0.03,0.05
4.89624e-03,0.03,-0.03
4.89632e-03,0.03,0.05
4.89640e-03,0.03,-0.01
4.89648e-03,0.05,0.05
4.89656e-03,0.05,-0.01
4.89664e-03,0.03,0.07
4.89672e-03,0.05,-0.03
4.89680e-03,0.03,0.05
4.89688e-03,0.03,-0.03
4.89696e-03,0.01,0.05
4.89704e-03,0.03,-0.03
4.89712e-03,0.03,0.05
4.89720e-03,0.01,-0.03
4.89728e-03,0.03,0.05
4.89736e-03,0.03,-0.01
4.89744e-03,0.03,0.05
4.89752e-03,0.03,-0.01
4.89760e-03,0.03,0.05
4.89768e-03,0.03,-0.01
4.89776e-03,0.03,0.05
4.89784e-03,0.03,-0.01
4.89792e-03,0.01,0.05
4.89800e-03,0.03,-0.01
4.89808e-03,0.03,0.05
4.89816e-03,0.03,-0.01
4.89824e-03,0.05,0.05
4.89832e-03,0.03,-0.01
4.89840e-03,0.03,0.05
4.89848e-03,0.03,-0.03
4.89856e-03,0.03,0.05
4.89864e-03,0.01,-0.03
4.89872e-03,0.05,0.05
4.89880e-03,0.03,-0.01
4.89888e-03,0.03,0.05
4.89896e-03,0.05,-0.01
4.89904e-03,0.01,0.05
4.89912e-03,0.03,-0.03
4.89920e-03,0.03,0.05
4.89928e-03,0.03,-0.01
4.89936e-03,0.03,0.05
4.89944e-03,0.03,-0.01
4.89952e-03,0.01,0.05
4.89960e-03,0.03,-0.03
4.89968e-03,0.05,0.05
4.89976e-03,0.03,-0.01
4.89984e-03,0.03,0.05
4.89992e-03,-0.01,-0.01
4.90000e-03,0.03,0.05
4.90008e-03,0.01,-0.03
4.90016e-03,0.03,0.05
4.90024e-03,0.03,-0.03
4.90032e-03,0.03,0.05
4.90040e-03,0.03,-0.03
4.90048e-03,0.01,0.05
4.90056e-03,0.03,-0.01
4.90064e-03,0.01,0.05
4.90072e-03,0.03,-0.01
4.90080e-03,0.05,0.05
4.90088e-03,0.05,-0.03
4.90096e-03,0.03,0.07
4.90104e-03,0.01,-0.03
4.90112e-03,0.03,0.05
4.90120e-03,-0.01,-0.03
4.90128e-03,0.05,0.07
4.90136e-03,0.03,-0.05
4.90144e-03,0.03,0.07
4.90152e-03,0.01,-0.03
4.90160e-03,0.03,0.05
4.90168e-03,0.05,-0.01
4.90176e-03,0.01,0.07
4.90184e-03,0.05,-0.01
4.90192e-03,0.01,0.05
4.90200e-03,0.05,-0.03
4.90208e-03,0.03,0.05
4.90216e-03,0.03,-0.03
4.90224e-03,0.03,0.05
4.90232e-03,0.03,-0.01
4.90240e-03,0.03,0.05
4.90248e-03,0.01,-0.01
4.90256e-03,0.05,0.05
4.90264e-03,0.01,-0.01
4.90272e-03,0.03,0.05
4.90280e-03,0.01,-0.01
4.90288e-03,0.03,0.05
4.90296e-03,0.03,-0.01
4.90304e-03,0.01,0.05
4.90312e-03,0.03,-0.03
4.90320e-03,0.01,0.05
4.90328e-03,0.03,-0.01
4.90336e-03,0.03,0.05
4.90344e-03,0.03,-0.01
4.90352e-03,0.03,0.05
4.90360e-03,0.01,-0.03
4.90368e-03,0.05,0.05
4.90376e-03,0.03,-0.03
4.90384e-03,0.05,0.05
4.90392e-03,0.03,-0.01
4.90400e-03,0.03,0.05
4.90408e-03,0.03,-0.01
4.90416e-03,0.01,0.05
4.90424e-03,0.03,-0.01
4.90432e-03,0.03,0.05
4.90440e-03,0.03,-0.01
4.90448e-03,0.03,0.05
4.90456e-03,0.05,-0.01
4.90464e-03,0.03,0.05
4.90472e-03,0.03,-0.01
4.90480e-03,0.01,0.05
4.90488e-03,0.03,-0.01
4.90496e-03,0.05,0.05
4.90504e-03,0.01,-0.03
4.90512e-03,0.05,0.05
4.90520e-03,0.01,-0.01
4.90528e-03,0.03,0.05
4.90536e-03,0.01,-0.01
4.90544e-03,0.03,0.05
4.90552e-03,0.03,-0.03
4.90560e-03,0.03,0.05
4.90568e-03,0.03,-0.01
4.90576e-03,0.03,0.05
4.90584e-03,0.03,-0.01
4.90592e-03,0.03,0.05
4.90600e-03,0.03,-0.03
4.90608e-03,0.03,0.05
4.90616e-03,0.03,-0.01
4.90624e-03,0.03,0.03
4.90632e-03,0.01,-0.03
4.90640e-03,0.03,0.05
4.90648e-03,0.01,-0.01
4.90656e-03,0.03,0.05
4.90664e-03,0.01,-0.01
4.90672e-03,0.03,0.05
4.90680e-03,0.01,-0.03
4.90688e-03,0.03,0.05
4.90696e-03,0.01,-0.03
4.90704e-03,0.01,0.05
4.90712e-03,0.03,-0.03
4.90720e-03,0.01,0.05
4.90728e-03,0.03,-0.03
4.90736e-03,0.01,0.05
4.90744e-03,0.03,-0.03
4.90752e-03,0.03,0.05
4.90760e-03,0.03,-0.01
4.90768e-03,0.03,0.05
4.90776e-03,0.01,-0.01
4.90784e-03,0.03,0.05
4.90792e-03,0.03,-0.01
4.90800e-03,0.03,0.05
4.90808e-03,0.01,-0.01
4.90816e-03,0.03,0.05
4.90824e-03,0.03,-0.03
4.90832e-03,0.01,0.05
4.90840e-03,0.03,-0.01
4.90848e-03,0.03,0.05
4.90856e-03,0.03,-0.03
4.90864e-03,0.01,0.05
4.90872e-03,0.03,-0.03
4.90880e-03,0.01,0.05
4.90888e-03,0.03,-0.01
4.90896e-03,0.05,0.05
4.90904e-03,0.03,-0.01
4.90912e-03,0.03,0.05
4.90920e-03,0.01,-0.03
4.90928e-03,0.03,0.07
4.90936e-03,0.03,-0.03
4.90944e-03,0.03,0.05
4.90952e-03,0.03,-0.03
4.90960e-03,0.05,0.07
4.90968e-03,0.05,-0.03
4.90976e-03,0.03,0.07
4.90984e-03,0.03,-0.03
4.90992e-03,0.03,0.07
4.91000e-03,0.03,-0.03
4.91008e-03,0.01,0.05
4.91016e-03,0.03,-0.03
4.91024e-03,0.03,0.05
4.91032e-03,0.01,-0.01
4.91040e-03,0.03,0.05
4.91048e-03,0.03,-0.01
4.91056e-03,0.03,0.05
4.91064e-03,0.03,-0.01
4.91072e-03,0.03,0.05
4.91080e-03,0.01,-0.01
4.91088e-03,0.03,0.05
4.91096e-03,0.03,-0.03
4.91104e-03,0.01,0.05
4.91112e-03,0.05,-0.01
4.91120e-03,0.03,0.05
4.91128e-03,0.05,-0.01
4.91136e-03,0.03,0.05
4.91144e-03,0.03,-0.03
4.91152e-03,0.03,0.05
4.91160e-03,0.01,-0.01
4.91168e-03,0.03,0.05
4.91176e-03,0.01,-0.01
4.91184e-03,0.05,0.05
4.91192e-03,-0.01,-0.03
4.91200e-03,0.03,0.05
4.91208e-03,0.01,-0.03
4.91216e-03,0.03,0.05
4.91224e-03,0.03,-0.01
4.91232e-03,0.03,0.05
4.91240e-03,0.03,-0.03
4.91248e-03,-0.01,0.05
4.91256e-03,0.03,-0.03
4.91264e-03,0.01,0.05
4.91272e-03,0.05,-0.03
4.91280e-03,0.01,0.05
4.91288e-03,0.01,-0.03
4.91296e-03,0.03,0.05
4.91304e-03,0.01,-0.01
4.91312e-03,0.03,0.05
4.91320e-03,0.01,-0.01
4.91328e-03,0.03,0.05
4.91336e-03,0.03,-0.03
4.91344e-03,0.03,0.05
4.91352e-03,0.01,-0.01
4.91360e-03,0.03,0.05
4.91368e-03,0.03,-0.03
4.91376e-03,0.03,0.05
4.91384e-03,0.03,-0.01
4.91392e-03,0.01,0.05
4.91400e-03,0.05,-0.03
4.91408e-03,0.03,0.05
4.91416e-03,0.03,-0.03
4.91424e-03,0.01,0.05
4.91432e-03,0.03,-0.03
4.91440e-03,0.03,0.05
4.91448e-03,0.03,-0.03
4.91456e-03,0.03,0.05
4.91464e-03,0.03,-0.01
4.91472e-03,0.03,0.05
4.91480e-03,0.03,-0.01
4.91488e-03,0.03,0.05
4.91496e-03,0.05,-0.01
4.91504e-03,0.03,0.05
4.91512e-03,0.03,-0.01
4.91520e-03,0.01,0.05
4.91528e-03,0.03,-0.01
4.91536e-03,0.03,0.05
4.91544e-03,0.03,-0.03
4.91552e-03,0.03,0.05
4.91560e-03,0.01,-0.01
4.91568e-03,0.03,0.05
4.91576e-03,0.03,-0.01
4.91584e-03,0.03,0.05
4.91592e-03,0.03,-0.01
4.91600e-03,0.05,0.05
4.91608e-03,0.03,-0.01
4.91616e-03,0.03,0.05
4.91624e-03,0.03,-0.01
4.91632e-03,0.05,0.05
4.91640e-03,0.01,-0.01
4.91648e-03,0.01,0.05
4.91656e-03,0.03,-0.03
4.91664e-03,0.01,0.05
4.91672e-03,0.03,-0.03
4.91680e-03,0.01,0.07
4.91688e-03,0.03,-0.01
4.91696e-03,0.03,0.05
4.91704e-03,0.03,-0.01
4.91712e-03,0.03,0.05
4.91720e-03,0.05,-0.03
4.91728e-03,0.05,0.05
4.91736e-03,0.01,-0.03
4.91744e-03,0.01,0.05
4.91752e-03,0.01,-0.03
4.91760e-03,0.03,0.05
4.91768e-03,0.05,-0.03
4.91776e-03,0.01,0.07
4.91784e-03,0.05,-0.01
4.91792e-03,0.03,0.05
4.91800e-03,0.05,-0.01
4.91808e-03,0.01,0.05
4.91816e-03,0.03,-0.03
4.91824e-03,0.03,0.05
4.91832e-03,0.03,-0.03
4.91840e-03,0.05,0.07
4.91848e-03,0.01,-0.01
4.91856e-03,0.05,0.05
4.91864e-03,0.01,-0.03
4.91872e-03,0.05,0.05
4.91880e-03,0.03,-0.03
4.91888e-03,0.03,0.05
4.91896e-03,0.03,-0.03
4.91904e-03,0.03,0.07
4.91912e-03,0.03,-0.01
4.91920e-03,0.03,0.05
4.91928e-03,0.01,-0.01
4.91936e-03,0.03,0.05
4.91944e-03,0.03,-0.03
4.91952e-03,0.03,0.07
4.91960e-03,0.03,-0.03
4.91968e-03,0.01,0.05
4.91976e-03,0.03,-0.01
4.91984e-03,0.03,0.05
4.91992e-03,0.03,-0.03
4.92000e-03,0.03,0.05
4.92008e-03,0.01,-0.03
4.92016e-03,0.03,0.05
4.92024e-03,0.03,-0.03
4.92032e-03,0.01,0.07
4.92040e-03,0.05,-0.03
4.92048e-03,0.01,0.05
4.92056e-03,0.03,-0.01
4.92064e-03,0.01,0.05
4.92072e-03,0.03,-0.03
4.92080e-03,0.01,0.05
4.92088e-03,0.03,-0.03
4.92096e-03,0.01,0.03
4.92104e-03,0.03,-0.05
4.92112e-03,0.03,0.05
4.92120e-03,0.01,-0.03
4.92128e-03,0.03,0.05
4.92136e-03,0.01,-0.01
4.92144e-03,0.03,0.05
4.92152e-03,0.03,-0.01
4.92160e-03,0.03,0.05
4.92168e-03,0.03,-0.03
4.92176e-03,0.03,0.05
4.92184e-03,0.03,-0.03
4.92192e-03,0.01,0.05
4.92200e-03,0.03,-0.03
4.92208e-03,0.01,0.05
4.92216e-03,0.03,-0.01
4.92224e-03,0.03,0.05
4.92232e-03,0.03,-0.01
4.92240e-03,0.03,0.05
4.92248e-03,0.01,-0.01
4.92256e-03,0.05,0.05
4.92264e-03,0.01,-0.01
4.92272e-03,0.03,0.05
4.92280e-03,0.03,-0.03
4.92288e-03,0.03,0.05
4.92296e-03,0.03,-0.03
4.92304e-03,0.03,0.05
4.92312e-03,0.03,-0.03
4.92320e-03,0.03,0.05
4.92328e-03,0.03,-0.03
4.92336e-03,0.01,0.05
4.92344e-03,0.01,-0.03
4.92352e-03,0.03,0.05
4.92360e-03,0.03,-0.01
4.92368e-03,0.05,0.05
4.92376e-03,0.01,-0.01
4.92384e-03,0.03,0.05
4.92392e-03,0.01,-0.01
4.92400e-03,0.05,0.05
4.92408e-03,0.03,-0.03
4.92416e-03,0.03,0.05
4.92424e-03,0.03,-0.03
4.92432e-03,0.01,0.05
4.92440e-03,0.03,-0.03
4.92448e-03,0.01,0.05
4.92456e-03,0.05,-0.01
4.92464e-03,0.01,0.05
4.92472e-03,0.03,-0.01
4.92480e-03,0.03,0.05
4.92488e-03,0.03,-0.01
4.92496e-03,0.03,0.07
4.92504e-03,0.03,-0.03
4.92512e-03,0.03,0.05
4.92520e-03,0.01,-0.01
4.92528e-03,0.05,0.05
4.92536e-03,0.01,-0.03
4.92544e-03,0.03,0.05
4.92552e-03,0.03,-0.03
4.92560e-03,0.03,0.05
4.92568e-03,0.03,-0.01
4.92576e-03,0.01,0.05
4.92584e-03,0.03,-0.01
4.92592e-03,0.05,0.05
4.92600e-03,0.05,-0.03
4.92608e-03,0.03,0.07
4.92616e-03,0.01,-0.03
4.92624e-03,0.01,0.05
4.92632e-03,0.03,-0.03
4.92640e-03,0.03,0.07
4.92648e-03,0.01,-0.03
4.92656e-03,0.03,0.05
4.92664e-03,0.05,-0.03
4.92672e-03,0.03,0.05
4.92680e-03,0.03,-0.03
4.92688e-03,0.03,0.05
4.92696e-03,0.03,-0.03
4.92704e-03,0.01,0.05
4.92712e-03,0.03,-0.03
4.92720e-03,0.01,0.05
4.92728e-03,0.05,-0.03
4.92736e-03,0.01,0.05
4.92744e-03,0.03,-0.01
4.92752e-03,0.01,0.05
4.92760e-03,0.01,-0.01
4.92768e-03,0.03,0.03
4.92776e-03,0.01,-0.03
4.92784e-03,0.03,0.03
4.92792e-03,0.01,-0.03
4.92800e-03,0.05,0.05
4.92808e-03,0.03,-0.03
4.92816e-03,0.01,0.05
4.92824e-03,0.03,-0.01
4.92832e-03,0.01,0.05
4.92840e-03,0.03,-0.03
4.92848e-03,0.01,0.05
4.92856e-03,0.03,-0.01
4.92864e-03,0.01,0.05
4.92872e-03,0.05,-0.03
4.92880e-03,0.01,0.07
4.92888e-03,0.01,-0.01
4.92896e-03,0.03,0.05
4.92904e-03,0.01,-0.03
4.92912e-03,0.03,0.07
4.92920e-03,0.03,-0.03
4.92928e-03,0.05,0.05
4.92936e-03,0.03,-0.01
4.92944e-03,0.03,0.05
4.92952e-03,0.03,-0.01
4.92960e-03,0.03,0.05
4.92968e-03,0.03,-0.01
4.92976e-03,0.03,0.05
4.92984e-03,0.05,-0.03
4.92992e-03,0.03,0.05
4.93000e-03,0.03,-0.01
4.93008e-03,0.03,0.05
4.93016e-03,0.03,-0.01
4.93024e-03,0.03,0.05
4.93032e-03,0.01,-0.01
4.93040e-03,0.03,0.05
4.93048e-03,0.01,-0.01
4.93056e-03,0.03,0.05
4.93064e-03,0.03,-0.01
4.93072e-03,0.03,0.05
4.93080e-03,0.03,-0.01
4.93088e-03,0.03,0.05
4.93096e-03,0.03,-0.03
4.93104e-03,0.01,0.07
4.93112e-03,0.03,-0.01
4.93120e-03,0.03,0.05
4.93128e-03,0.03,-0.03
4.93136e-03,0.01,0.05
4.93144e-03,0.03,-0.01
4.93152e-03,0.03,0.05
4.93160e-03,0.01,-0.01
4.93168e-03,0.03,0.05
4.93176e-03,0.03,-0.01
4.93184e-03,0.03,0.05
4.93192e-03,0.01,-0.01
4.93200e-03,0.03,0.05
4.93208e-03,0.01,-0.01
4.93216e-03,0.03,0.05
4.93224e-03,-0.01,-0.03
4.93232e-03,0.05,0.05
4.93240e-03,0.03,-0.03
4.93248e-03,0.03,0.05
4.93256e-03,0.03,-0.03
4.93264e-03,0.01,0.05
4.93272e-03,0.05,-0.01
4.93280e-03,0.01,0.05
4.93288e-03,0.03,-0.01
4.93296e-03,0.03,0.05
4.93304e-03,0.03,-0.03
4.93312e-03,0.03,0.05
4.93320e-03,0.03,-0.03
4.93328e-03,0.03,0.05
4.93336e-03,0.01,-0.03
4.93344e-03,0.03,0.05
4.93352e-03,0.03,-0.01
4.93360e-03,0.03,0.05
4.93368e-03,0.05,-0.03
4.93376e-03,0.01,0.05
4.93384e-03,0.01,-0.03
4.93392e-03,-0.01,0.07
4.93400e-03,0.03,-0.03
4.93408e-03,0.03,0.05
4.93416e-03,0.01,-0.03
4.93424e-03,0.03,0.07
4.93432e-03,0.01,-0.01
4.93440e-03,0.05,0.05
4.93448e-03,0.03,-0.01
4.93456e-03,0.03,0.05
4.93464e-03,0.03,-0.01
4.93472e-03,0.03,0.05
4.93480e-03,0.03,-0.01
4.93488e-03,0.03,0.05
4.93496e-03,0.03,-0.01
4.93504e-03,0.03,0.05
4.93512e-03,0.03,-0.01
4.93520e-03,0.03,0.05
4.93528e-03,0.03,-0.01
4.93536e-03,0.03,0.05
4.93544e-03,0.03,-0.01
4.93552e-03,0.05,0.05
4.93560e-03,0.01,-0.03
4.93568e-03,0.05,0.05
4.93576e-03,0.03,-0.01
4.93584e-03,0.03,0.05
4.93592e-03,0.01,-0.01
4.93600e-03,0.03,0.05
4.93608e-03,0.01,-0.01
4.93616e-03,0.03,0.05
4.93624e-03,0.03,-0.01
4.93632e-03,0.01,0.05
4.93640e-03,0.05,-0.01
4.93648e-03,0.03,0.05
4.93656e-03,0.03,-0.01
4.93664e-03,0.01,0.05
4.93672e-03,0.03,-0.01
4.93680e-03,0.03,0.05
4.93688e-03,0.03,-0.01
4.93696e-03,0.03,0.05
4.93704e-03,0.03,-0.01
4.93712e-03,0.05,0.05
4.93720e-03,0.03,-0.01
4.93728e-03,0.03,0.05
4.93736e-03,0.03,-0.01
4.93744e-03,0.03,0.05
4.93752e-03,0.01,-0.01
4.93760e-03,0.03,0.05
4.93768e-03,0.05,-0.01
4.93776e-03,0.01,0.05
4.93784e-03,0.03,-0.03
4.93792e-03,0.01,0.05
4.93800e-03,0.03,-0.01
4.93808e-03,0.03,0.05
4.93816e-03,0.01,-0.01
4.93824e-03,0.03,0.05
4.93832e-03,0.03,-0.01
4.93840e-03,0.01,0.05
4.93848e-03,0.01,-0.03
4.93856e-03,0.03,0.05
4.93864e-03,0.03,-0.01
4.93872e-03,0.03,0.05
4.93880e-03,0.03,-0.01
4.93888e-03,0.03,0.05
4.93896e-03,0.03,-0.01
4.93904e-03,0.01,0.05
4.93912e-03,0.05,-0.01
4.93920e-03,0.03,0.07
4.93928e-03,0.03,-0.03
4.93936e-03,0.01,0.07
4.93944e-03,0.03,-0.03
4.93952e-03,0.03,0.05
4.93960e-03,0.03,-0.01
4.93968e-03,0.05,0.05
4.93976e-03,0.03,-0.01
4.93984e-03,0.03,0.05
4.93992e-03,0.03,-0.01
4.94000e-03,0.03,0.05
4.94008e-03,0.01,-0.03
4.94016e-03,0.03,0.05
4.94024e-03,0.03,-0.01
4.94032e-03,0.01,0.05
4.94040e-03,0.03,-0.01
4.94048e-03,-0.01,0.05
4.94056e-03,0.03,-0.03
4.94064e-03,0.01,0.05
4.94072e-03,0.03,-0.03
4.94080e-03,0.03,0.05
4.94088e-03,0.03,-0.03
4.94096e-03,0.03,0.05
4.94104e-03,0.03,-0.03
4.94112e-03,0.03,0.05
4.94120e-03,0.01,-0.03
4.94128e-03,0.05,0.05
4.94136e-03,0.01,-0.03
4.94144e-03,0.03,0.05
4.94152e-03,0.03,-0.01
4.94160e-03,0.03,0.05
4.94168e-03,0.05,-0.03
4.94176e-03,-0.01,0.05
4.94184e-03,0.03,-0.01
4.94192e-03,0.01,0.05
4.94200e-03,0.03,-0.03
4.94208e-03,0.03,0.05
4.94216e-03,0.03,-0.03
4.94224e-03,0.03,0.05
4.94232e-03,0.01,-0.01
4.94240e-03,0.05,0.07
4.94248e-03,0.03,-0.03
4.94256e-03,0.05,0.05
4.94264e-03,0.01,-0.03
4.94272e-03,0.03,0.07
4.94280e-03,0.03,-0.03
4.94288e-03,0.03,0.05
4.94296e-03,0.01,-0.01
4.94304e-03,0.03,0.05
4.94312e-03,0.03,-0.01
4.94320e-03,0.01,0.05
4.94328e-03,0.03,-0.03
4.94336e-03,0.01,0.05
4.94344e-03,0.03,-0.01
4.94352e-03,0.01,0.05
4.94360e-03,0.03,-0.01
4.94368e-03,0.03,0.05
4.94376e-03,0.03,-0.01
4.94384e-03,0.03,0.05
4.94392e-03,0.01,-0.03
4.94400e-03,0.05,0.05
4.94408e-03,0.01,-0.03
4.94416e-03,0.03,0.05
4.94424e-03,0.03,-0.01
4.94432e-03,0.03,0.05
4.94440e-03,0.03,-0.01
4.94448e-03,0.01,0.05
4.94456e-03,0.03,-0.01
4.94464e-03,0.03,0.05
4.94472e-03,0.03,-0.03
4.94480e-03,0.03,0.05
4.94488e-03,0.03,-0.01
4.94496e-03,0.03,0.07
4.94504e-03,0.03,-0.01
4.94512e-03,0.03,0.05
4.94520e-03,0.03,-0.01
4.94528e-03,0.03,0.05
4.94536e-03,0.03,-0.01
4.94544e-03,0.03,0.05
4.94552e-03,0.05,-0.01
4.94560e-03,0.03,0.05
4.94568e-03,0.01,-0.01
4.94576e-03,0.01,0.05
4.94584e-03,0.03,-0.01
4.94592e-03,0.03,0.05
4.94600e-03,0.05,-0.03
4.94608e-03,0.05,0.05
4.94616e-03,0.01,-0.01
4.94624e-03,0.03,0.05
4.94632e-03,0.03,-0.03
4.94640e-03,0.03,0.05
4.94648e-03,0.01,-0.03
4.94656e-03,0.03,0.05
4.94664e-03,0.03,-0.03
4.94672e-03,0.05,0.05
4.94680e-03,0.03,-0.03
4.94688e-03,0.03,0.05
4.94696e-03,0.03,-0.01
4.94704e-03,0.01,0.05
4.94712e-03,0.03,-0.01
4.94720e-03,0.03,0.05
4.94728e-03,0.05,-0.01
4.94736e-03,0.01,0.05
4.94744e-03,0.03,-0.01
4.94752e-03,0.05,0.05
4.94760e-03,0.01,-0.03
4.94768e-03,0.03,0.05
4.94776e-03,0.03,-0.01
4.94784e-03,0.03,0.05
4.94792e-03,0.03,-0.01
4.94800e-03,0.05,0.05
4.94808e-03,0.01,-0.03
4.94816e-03,0.03,0.07
4.94824e-03,0.05,-0.03
4.94832e-03,0.01,0.07
4.94840e-03,0.03,-0.03
4.94848e-03,0.01,0.05
4.94856e-03,0.03,-0.01
4.94864e-03,0.01,0.05
4.94872e-03,0.03,-0.01
4.94880e-03,0.03,0.05
4.94888e-03,0.01,-0.03
4.94896e-03,0.03,0.05
4.94904e-03,0.01,-0.03
4.94912e-03,0.03,0.05
4.94920e-03,0.01,-0.03
4.94928e-03,0.03,0.05
4.94936e-03,0.03,-0.03
4.94944e-03,0.03,0.05
4.94952e-03,0.01,-0.01
4.94960e-03,0.01,0.05
4.94968e-03,0.01,-0.01
4.94976e-03,0.01,0.03
4.94984e-03,0.03,-0.03
4.94992e-03,0.01,0.05
4.95000e-03,0.01,-0.01
4.95008e-03,0.01,0.05
4.95016e-03,0.03,-0.05
4.95024e-03,0.03,0.07
4.95032e-03,0.05,-0.03
4.95040e-03,0.03,0.05
4.95048e-03,0.01,-0.05
4.95056e-03,0.03,0.05
4.95064e-03,0.03,-0.03
4.95072e-03,0.03,0.05
4.95080e-03,0.03,-0.03
4.95088e-03,0.05,0.05
4.95096e-03,0.01,-0.03
4.95104e-03,0.01,0.05
4.95112e-03,0.03,-0.01
4.95120e-03,0.01,0.05
4.95128e-03,0.05,-0.03
4.95136e-03,0.01,0.05
4.95144e-03,0.03,-0.03
4.95152e-03,0.03,0.05
4.95160e-03,0.03,-0.03
4.95168e-03,0.03,0.05
4.95176e-03,0.01,-0.03
4.95184e-03,0.03,0.05
4.95192e-03,0.01,-0.01
4.95200e-03,0.01,0.03
4.95208e-03,0.01,-0.03
4.95216e-03,0.03,0.05
4.95224e-03,0.03,-0.03
4.95232e-03,0.01,0.05
4.95240e-03,0.03,-0.03
4.95248e-03,0.01,0.05
4.95256e-03,0.05,-0.03
4.95264e-03,0.01,0.05
4.95272e-03,0.03,-0.03
4.95280e-03,0.03,0.05
4.95288e-03,0.01,-0.01
4.95296e-03,0.03,0.05
4.95304e-03,0.01,-0.01
4.95312e-03,0.03,0.05
4.95320e-03,0.03,-0.03
4.95328e-03,0.03,0.05
4.95336e-03,0.03,-0.01
4.95344e-03,0.03,0.05
4.95352e-03,0.03,-0.01
4.95360e-03,0.01,0.05
4.95368e-03,0.03,-0.03
4.95376e-03,0.03,0.05
4.95384e-03,0.03,-0.03
4.95392e-03,0.01,0.05
4.95400e-03,0.03,-0.03
4.95408e-03,0.03,0.05
4.95416e-03,0.03,-0.03
4.95424e-03,0.03,0.05
4.95432e-03,0.03,-0.01
4.95440e-03,0.03,0.05
4.95448e-03,0.03,-0.01
4.95456e-03,0.03,0.05
4.95464e-03,0.01,-0.01
4.95472e-03,0.03,0.07
4.95480e-03,0.01,-0.03
4.95488e-03,0.01,0.05
4.95496e-03,0.05,-0.01
4.95504e-03,0.03,0.05
4.95512e-03,0.03,-0.03
4.95520e-03,0.03,0.05
4.95528e-03,0.05,-0.01
4.95536e-03,0.03,0.05
4.95544e-03,0.03,-0.01
4.95552e-03,0.03,0.05
4.95560e-03,0.03,-0.01
4.95568e-03,0.03,0.05
4.95576e-03,0.01,-0.01
4.95584e-03,0.01,0.05
4.95592e-03,0.01,-0.01
4.95600e-03,0.03,0.05
4.95608e-03,0.01,-0.03
4.95616e-03,0.01,0.05
4.95624e-03,0.03,-0.03
4.95632e-03,0.01,0.05
4.95640e-03,0.03,-0.03
4.95648e-03,0.01,0.05
4.95656e-03,0.05,-0.01
4.95664e-03,0.01,0.05
4.95672e-03,0.01,-0.01
4.95680e-03,0.01,0.05
4.95688e-03,0.01,-0.01
4.95696e-03,0.05,0.05
4.95704e-03,0.01,-0.01
4.95712e-03,0.01,0.05
4.95720e-03,0.01,-0.03
4.95728e-03,0.03,0.05
4.95736e-03,-0.01,-0.01
4.95744e-03,0.03,0.05
4.95752e-03,0.01,-0.03
4.95760e-03,0.03,0.05
4.95768e-03,0.03,-0.01
4.95776e-03,0.01,0.05
4.95784e-03,0.05,-0.01
4.95792e-03,0.03,0.05
4.95800e-03,0.03,-0.03
4.95808e-03,0.01,0.05
4.95816e-03,0.03,-0.03
4.95824e-03,0.03,0.05
4.95832e-03,0.03,-0.03
4.95840e-03,0.03,0.05
4.95848e-03,0.01,-0.01
4.95856e-03,0.03,0.07
4.95864e-03,0.05,-0.03
4.95872e-03,0.03,0.05
4.95880e-03,0.03,-0.03
4.95888e-03,0.01,0.07
4.95896e-03,0.01,-0.03
4.95904e-03,0.03,0.07
4.95912e-03,0.03,-0.03
4.95920e-03,0.03,0.07
4.95928e-03,0.03,-0.03
4.95936e-03,0.05,0.05
4.95944e-03,0.03,-0.01
4.95952e-03,0.03,0.05
4.95960e-03,0.03,-0.03
4.95968e-03,0.01,0.05
4.95976e-03,0.01,-0.03
4.95984e-03,0.05,0.05
4.95992e-03,0.01,-0.03
4.96000e-03,0.03,0.05
4.96008e-03,0.01,-0.03
4.96016e-03,0.03,0.05
4.96024e-03,0.03,-0.01
4.96032e-03,0.03,0.05
4.96040e-03,0.03,-0.03
4.96048e-03,0.01,0.05
4.96056e-03,0.03,-0.01
4.96064e-03,0.01,0.05
4.96072e-03,0.01,-0.01
4.96080e-03,0.03,0.05
4.96088e-03,0.03,-0.03
4.96096e-03,0.03,0.05
4.96104e-03,0.03,-0.03
4.96112e-03,0.05,0.05
4.96120e-03,0.01,-0.01
4.96128e-03,0.03,0.05
4.96136e-03,0.01,-0.01
4.96144e-03,0.03,0.05
4.96152e-03,0.03,-0.01
4.96160e-03,0.01,0.05
4.96168e-03,0.03,-0.03
4.96176e-03,0.03,0.05
4.96184e-03,0.03,-0.01
4.96192e-03,0.03,0.05
4.96200e-03,0.03,-0.03
4.96208e-03,0.03,0.05
4.96216e-03,0.03,-0.01
4.96224e-03,0.03,0.05
4.96232e-03,0.03,-0.01
4.96240e-03,0.03,0.05
4.96248e-03,0.01,-0.03
4.96256e-03,0.05,0.05
4.96264e-03,0.03,-0.03
4.96272e-03,0.03,0.05
4.96280e-03,0.05,-0.03
4.96288e-03,0.03,0.05
4.96296e-03,0.03,-0.03
4.96304e-03,0.01,0.05
4.96312e-03,0.05,-0.01
4.96320e-03,0.01,0.05
4.96328e-03,0.03,-0.03
4.96336e-03,0.03,0.05
4.96344e-03,0.03,-0.03
4.96352e-03,0.01,0.05
4.96360e-03,0.01,-0.03
4.96368e-03,0.05,0.07
4.96376e-03,0.03,-0.03
4.96384e-03,0.03,0.05
4.96392e-03,0.01,-0.01
4.96400e-03,0.03,0.05
4.96408e-03,0.03,-0.03
4.96416e-03,0.03,0.05
4.96424e-03,0.05,-0.03
4.96432e-03,0.03,0.05
4.96440e-03,0.03,-0.03
4.96448e-03,0.01,0.05
4.96456e-03,0.03,-0.03
4.96464e-03,0.01,0.05
4.96472e-03,0.05,-0.01
4.96480e-03,0.03,0.05
4.96488e-03,0.05,-0.03
4.96496e-03,0.03,0.05
4.96504e-03,0.03,-0.05
4.96512e-03,0.03,0.05
4.96520e-03,0.03,-0.03
4.96528e-03,0.03,0.07
4.96536e-03,0.03,-0.03
4.96544e-03,0.03,0.05
4.96552e-03,0.03,-0.03
4.96560e-03,0.03,0.05
4.96568e-03,0.03,-0.03
4.96576e-03,0.03,0.05
4.96584e-03,0.03,-0.01
4.96592e-03,0.01,0.05
4.96600e-03,0.05,-0.03
4.96608e-03,0.01,0.05
4.96616e-03,0.03,-0.03
4.96624e-03,0.01,0.05
4.96632e-03,-0.01,-0.03
4.96640e-03,0.03,0.05
4.96648e-03,0.01,-0.03
4.96656e-03,0.05,0.07
4.96664e-03,0.05,-0.03
4.96672e-03,0.03,0.07
4.96680e-03,0.03,-0.03
4.96688e-03,0.03,0.05
4.96696e-03,0.03,-0.01
4.96704e-03,0.01,0.07
4.96712e-03,0.03,-0.01
4.96720e-03,0.03,0.07
4.96728e-03,0.03,-0.03
4.96736e-03,0.01,0.07
4.96744e-03,0.03,-0.03
4.96752e-03,0.03,0.05
4.96760e-03,0.03,-0.01
4.96768e-03,0.03,0.07
4.96776e-03,0.01,-0.01
4.96784e-03,0.05,0.05
4.96792e-03,0.01,-0.01
4.96800e-03,0.03,0.05
4.96808e-03,0.05,-0.03
4.96816e-03,0.03,0.07
4.96824e-03,0.01,-0.03
4.96832e-03,0.03,0.05
4.96840e-03,0.03,-0.01
4.96848e-03,0.03,0.05
4.96856e-03,0.03,-0.03
4.96864e-03,0.01,0.05
4.96872e-03,0.03,-0.03
4.96880e-03,0.01,0.05
4.96888e-03,0.03,-0.03
4.96896e-03,0.03,0.05
4.96904e-03,0.01,-0.03
4.96912e-03,0.03,0.05
4.96920e-03,0.01,-0.03
4.96928e-03,0.03,0.07
4.96936e-03,0.05,-0.01
4.96944e-03,0.03,0.05
4.96952e-03,0.03,-0.01
4.96960e-03,0.03,0.05
4.96968e-03,0.03,-0.03
4.96976e-03,0.03,0.05
4.96984e-03,0.03,-0.01
4.96992e-03,0.01,0.05
4.97000e-03,0.03,-0.03
4.97008e-03,0.03,0.05
4.97016e-03,0.01,-0.03
4.97024e-03,0.03,0.05
4.97032e-03,0.03,-0.01
4.97040e-03,0.03,0.05
4.97048e-03,0.03,-0.03
4.97056e-03,0.03,0.05
4.97064e-03,0.01,-0.03
4.97072e-03,0.03,0.05
4.97080e-03,0.03,-0.01
4.97088e-03,0.05,0.05
4.97096e-03,0.03,-0.01
4.97104e-03,0.03,0.05
4.97112e-03,0.03,-0.03
4.97120e-03,0.01,0.05
4.97128e-03,0.05,-0.03
4.97136e-03,0.01,0.05
4.97144e-03,0.01,-0.01
4.97152e-03,0.03,0.05
4.97160e-03,0.03,-0.01
4.97168e-03,0.03,0.05
4.97176e-03,0.03,-0.03
4.97184e-03,0.03,0.05
4.97192e-03,0.03,-0.01
4.97200e-03,0.03,0.05
4.97208e-03,0.03,-0.01
4.97216e-03,0.03,0.05
4.97224e-03,0.03,-0.01
4.97232e-03,0.03,0.05
4.97240e-03,0.03,-0.03
4.97248e-03,0.03,0.05
4.97256e-03,0.05,-0.01
4.97264e-03,0.03,0.05
4.97272e-03,0.03,-0.03
4.97280e-03,0.03,0.05
4.97288e-03,0.03,-0.03
4.97296e-03,0.03,0.07
4.97304e-03,0.03,-0.03
4.97312e-03,0.03,0.05
4.97320e-03,-0.01,-0.01
4.97328e-03,0.05,0.05
4.97336e-03,0.03,-0.03
4.97344e-03,0.03,0.05
4.97352e-03,0.03,-0.01
4.97360e-03,0.01,0.05
4.97368e-03,0.03,-0.03
4.97376e-03,0.03,0.05
4.97384e-03,0.03,-0.01
4.97392e-03,0.01,0.05
4.97400e-03,0.03,-0.01
4.97408e-03,0.03,0.05
4.97416e-03,0.03,-0.03
4.97424e-03,0.05,0.07
4.97432e-03,0.03,-0.01
4.97440e-03,0.05,0.05
4.97448e-03,0.01,-0.01
4.97456e-03,0.03,0.05
4.97464e-03,0.03,-0.03
4.97472e-03,0.03,0.05
4.97480e-03,0.01,-0.01
4.97488e-03,0.01,0.07
4.97496e-03,0.05,-0.03
4.97504e-03,0.03,0.05
4.97512e-03,0.05,-0.03
4.97520e-03,0.01,0.05
4.97528e-03,0.03,-0.03
4.97536e-03,0.03,0.05
4.97544e-03,0.03,-0.01
4.97552e-03,0.05,0.05
4.97560e-03,0.01,-0.01
4.97568e-03,0.03,0.05
4.97576e-03,0.01,-0.03
4.97584e-03,0.03,0.05
4.97592e-03,0.01,-0.03
4.97600e-03,0.01,0.05
4.97608e-03,0.03,-0.03
4.97616e-03,0.01,0.05
4.97624e-03,0.01,-0.01
4.97632e-03,0.01,0.07
4.97640e-03,0.03,-0.03
4.97648e-03,0.01,0.05
4.97656e-03,0.03,-0.01
4.97664e-03,0.03,0.05
4.97672e-03,0.05,-0.01
4.97680e-03,0.03,0.05
4.97688e-03,0.03,-0.01
4.97696e-03,0.03,0.05
4.97704e-03,0.03,-0.01
4.97712e-03,0.03,0.05
4.97720e-03,0.01,-0.01
4.97728e-03,0.03,0.05
4.97736e-03,0.01,-0.03
4.97744e-03,0.01,0.05
4.97752e-03,0.03,-0.03
4.97760e-03,0.03,0.05
4.97768e-03,0.05,-0.03
4.97776e-03,0.03,0.05
4.97784e-03,0.05,-0.03
4.97792e-03,0.01,0.05
4.97800e-03,0.03,-0.03
4.97808e-03,0.03,0.05
4.97816e-03,0.03,-0.01
4.97824e-03,0.03,0.05
4.97832e-03,0.03,-0.01
4.97840e-03,0.05,0.05
4.97848e-03,0.01,-0.01
4.97856e-03,0.03,0.05
4.97864e-03,0.03,-0.01
4.97872e-03,0.03,0.05
4.97880e-03,0.03,-0.03
4.97888e-03,0.03,0.05
4.97896e-03,0.03,-0.03
4.97904e-03,0.01,0.05
4.97912e-03,0.05,-0.01
4.97920e-03,0.01,0.05
4.97928e-03,0.03,-0.03
4.97936e-03,0.03,0.05
4.97944e-03,0.03,-0.03
4.97952e-03,0.05,0.05
4.97960e-03,0.03,-0.01
4.97968e-03,0.03,0.05
4.97976e-03,0.03,-0.03
4.97984e-03,0.03,0.05
4.97992e-03,0.01,-0.01
4.98000e-03,0.03,0.05
4.98008e-03,0.03,-0.03
4.98016e-03,0.01,0.05
4.98024e-03,0.03,-0.01
4.98032e-03,0.01,0.05
4.98040e-03,0.03,-0.03
4.98048e-03,0.01,0.03
4.98056e-03,0.05,-0.03
4.98064e-03,0.01,0.05
4.98072e-03,0.01,-0.03
4.98080e-03,0.05,0.07
4.98088e-03,0.03,-0.03
4.98096e-03,0.03,0.07
4.98104e-03,0.01,-0.01
4.98112e-03,0.05,0.07
4.98120e-03,0.03,-0.01
4.98128e-03,0.05,0.05
4.98136e-03,0.03,-0.01
4.98144e-03,0.03,0.05
4.98152e-03,0.03,-0.01
4.98160e-03,0.03,0.05
4.98168e-03,0.03,-0.01
4.98176e-03,0.01,0.05
4.98184e-03,0.03,-0.01
4.98192e-03,0.03,0.05
4.98200e-03,0.03,-0.01
4.98208e-03,0.03,0.05
4.98216e-03,0.03,-0.03
4.98224e-03,0.05,0.05
4.98232e-03,0.03,-0.01
4.98240e-03,0.05,0.05
4.98248e-03,0.01,-0.03
4.98256e-03,0.05,0.07
4.98264e-03,0.03,-0.03
4.98272e-03,0.03,0.05
4.98280e-03,0.01,-0.03
4.98288e-03,0.01,0.05
4.98296e-03,0.03,-0.03
4.98304e-03,0.03,0.07
4.98312e-03,0.03,-0.03
4.98320e-03,0.01,0.07
4.98328e-03,0.03,-0.01
4.98336e-03,0.03,0.03
4.98344e-03,0.03,-0.03
4.98352e-03,0.03,0.05
4.98360e-03,0.03,-0.01
4.98368e-03,0.03,0.05
4.98376e-03,0.01,-0.03
4.98384e-03,0.03,0.05
4.98392e-03,0.03,-0.01
4.98400e-03,0.03,0.05
4.98408e-03,0.03,-0.01
4.98416e-03,0.03,0.05
4.98424e-03,0.03,-0.01
4.98432e-03,0.03,0.05
4.98440e-03,0.03,-0.01
4.98448e-03,0.03,0.05
4.98456e-03,0.03,-0.01
4.98464e-03,0.03,0.05
4.98472e-03,0.01,-0.01
4.98480e-03,0.03,0.05
4.98488e-03,0.03,-0.01
4.98496e-03,0.03,0.05
4.98504e-03,0.01,-0.01
4.98512e-03,0.03,0.05
4.98520e-03,0.03,-0.01
4.98528e-03,0.03,0.05
4.98536e-03,0.03,-0.01
4.98544e-03,0.01,0.05
4.98552e-03,0.03,-0.03
4.98560e-03,0.01,0.05
4.98568e-03,0.03,-0.01
4.98576e-03,0.01,0.05
4.98584e-03,0.03,-0.01
4.98592e-03,0.03,0.05
4.98600e-03,0.03,-0.03
4.98608e-03,0.03,0.05
4.98616e-03,0.03,-0.01
4.98624e-03,0.03,0.05
4.98632e-03,0.03,-0.03
4.98640e-03,0.03,0.05
4.98648e-03,0.03,-0.01
4.98656e-03,0.03,0.05
4.98664e-03,0.03,-0.03
4.98672e-03,0.01,0.05
4.98680e-03,0.03,-0.01
4.98688e-03,0.03,0.05
4.98696e-03,0.05,-0.01
4.98704e-03,0.05,0.05
4.98712e-03,0.05,-0.01
4.98720e-03,0.01,0.05
4.98728e-03,0.03,-0.01
4.98736e-03,0.03,0.05
4.98744e-03,0.03,-0.03
4.98752e-03,0.01,0.05
4.98760e-03,0.03,-0.01
4.98768e-03,0.05,0.05
4.98776e-03,0.01,-0.03
4.98784e-03,0.05,0.05
4.98792e-03,-0.01,-0.03
4.98800e-03,0.03,0.05
4.98808e-03,0.03,-0.01
4.98816e-03,0.03,0.05
4.98824e-03,0.03,-0.03
4.98832e-03,0.01,0.05
4.98840e-03,0.03,-0.01
4.98848e-03,0.03,0.05
4.98856e-03,0.03,-0.03
4.98864e-03,0.03,0.05
4.98872e-03,0.03,-0.01
4.98880e-03,0.03,0.05
4.98888e-03,0.03,-0.01
4.98896e-03,0.03,0.05
4.98904e-03,0.03,-0.01
4.98912e-03,0.03,0.07
4.98920e-03,0.01,-0.03
4.98928e-03,0.05,0.07
4.98936e-03,0.03,-0.01
4.98944e-03,0.01,0.05
4.98952e-03,0.05,-0.01
4.98960e-03,0.01,0.05
4.98968e-03,0.03,-0.01
4.98976e-03,0.01,0.05
4.98984e-03,0.03,-0.01
4.98992e-03,0.03,0.05
4.99000e-03,0.03,-0.03
4.99008e-03,0.03,0.05
4.99016e-03,0.03,-0.01
4.99024e-03,0.01,0.05
4.99032e-03,0.01,-0.01
4.99040e-03,0.03,0.05
4.99048e-03,0.01,-0.01
4.99056e-03,0.05,0.05
4.99064e-03,0.03,-0.01
4.99072e-03,0.03,0.05
4.99080e-03,0.03,-0.01
4.99088e-03,0.03,0.05
4.99096e-03,0.03,-0.03
4.99104e-03,0.03,0.05
4.99112e-03,0.03,-0.01
4.99120e-03,0.03,0.05
4.99128e-03,0.03,-0.03
4.99136e-03,0.01,0.05
4.99144e-03,0.03,-0.03
4.99152e-03,0.05,0.07
4.99160e-03,0.01,-0.03
4.99168e-03,0.03,0.07
4.99176e-03,-0.01,-0.03
4.99184e-03,0.03,0.05
4.99192e-03,0.01,-0.03
4.99200e-03,0.03,0.05
4.99208e-03,0.01,-0.01
4.99216e-03,0.01,0.05
4.99224e-03,0.03,-0.01
4.99232e-03,0.05,0.05
4.99240e-03,0.03,-0.01
4.99248e-03,0.03,0.05
4.99256e-03,0.05,-0.01
4.99264e-03,0.01,0.05
4.99272e-03,0.03,-0.03
4.99280e-03,0.03,0.05
4.99288e-03,0.01,-0.01
4.99296e-03,0.03,0.05
4.99304e-03,0.01,-0.01
4.99312e-03,0.03,0.05
4.99320e-03,0.01,-0.03
4.99328e-03,0.03,0.05
4.99336e-03,0.03,-0.01
4.99344e-03,0.03,0.05
4.99352e-03,0.03,-0.03
4.99360e-03,0.03,0.05
4.99368e-03,0.03,-0.01
4.99376e-03,0.03,0.05
4.99384e-03,0.05,-0.01
4.99392e-03,0.03,0.05
4.99400e-03,0.03,-0.01
4.99408e-03,0.03,0.05
4.99416e-03,0.03,-0.01
4.99424e-03,0.03,0.05
4.99432e-03,0.03,-0.01
4.99440e-03,0.03,0.05
4.99448e-03,0.01,-0.01
4.99456e-03,0.05,0.05
4.99464e-03,0.03,-0.01
4.99472e-03,0.03,0.07
4.99480e-03,0.03,-0.01
4.99488e-03,0.03,0.05
4.99496e-03,0.03,-0.03
4.99504e-03,0.01,0.05
4.99512e-03,0.05,-0.01
4.99520e-03,0.01,0.05
4.99528e-03,0.05,-0.01
4.99536e-03,0.01,0.07
4.99544e-03,0.03,-0.03
4.99552e-03,0.05,0.05
4.99560e-03,0.03,-0.01
4.99568e-03,0.05,0.05
4.99576e-03,0.03,-0.01
4.99584e-03,0.05,0.05
4.99592e-03,0.03,-0.01
4.99600e-03,0.03,0.05
4.99608e-03,0.03,-0.03
4.99616e-03,0.03,0.05
4.99624e-03,0.03,-0.01
4.99632e-03,0.03,0.05
4.99640e-03,0.03,-0.03
4.99648e-03,0.01,0.05
4.99656e-03,0.03,-0.01
4.99664e-03,0.01,0.05
4.99672e-03,0.03,-0.03
4.99680e-03,0.03,0.05
4.99688e-03,0.03,-0.03
4.99696e-03,0.05,0.05
4.99704e-03,0.03,-0.01
4.99712e-03,0.03,0.05
4.99720e-03,0.03,-0.01
4.99728e-03,0.03,0.05
4.99736e-03,0.03,-0.01
4.99744e-03,0.03,0.05
4.99752e-03,0.03,-0.03
4.99760e-03,0.01,0.05
4.99768e-03,0.05,-0.01
4.99776e-03,0.03,0.05
4.99784e-03,0.03,-0.03
4.99792e-03,0.01,0.05
4.99800e-03,0.03,-0.01
4.99808e-03,0.03,0.05
4.99816e-03,0.01,-0.03
4.99824e-03,0.03,0.05
4.99832e-03,0.03,-0.01
4.99840e-03,0.03,0.03
4.99848e-03,0.01,-0.01
4.99856e-03,0.03,0.05
4.99864e-03,0.03,-0.03
4.99872e-03,0.03,0.05
4.99880e-03,0.03,-0.03
4.99888e-03,0.03,0.05
4.99896e-03,0.03,-0.03
4.99904e-03,-0.01,0.05
4.99912e-03,0.03,-0.03
4.99920e-03,0.01,0.07
4.99928e-03,0.05,-0.03
4.99936e-03,0.03,0.07
4.99944e-03,0.03,-0.03
4.99952e-03,0.05,0.05
4.99960e-03,0.03,-0.03
4.99968e-03,0.01,0.05
4.99976e-03,0.03,-0.03
4.99984e-03,0.03,0.05
4.99992e-03,0.03,-0.01
5.00000e-03,0.03,0.05
5.00008e-03,0.03,-0.03
5.00016e-03,0.03,0.05
5.00024e-03,0.05,-0.01
5.00032e-03,0.01,0.05
5.00040e-03,0.05,-0.01
5.00048e-03,0.01,0.05
5.00056e-03,0.03,-0.01
5.00064e-03,0.03,0.05
5.00072e-03,0.05,-0.03
5.00080e-03,0.03,0.05
5.00088e-03,0.01,-0.01
5.00096e-03,0.03,0.05
5.00104e-03,0.01,-0.01
5.00112e-03,0.03,0.05
5.00120e-03,0.03,-0.01
5.00128e-03,0.03,0.05
5.00136e-03,0.01,-0.01
5.00144e-03,0.05,0.05
5.00152e-03,0.03,-0.01
5.00160e-03,0.03,0.05
5.00168e-03,0.05,-0.01
5.00176e-03,-0.01,0.05
5.00184e-03,0.05,-0.03
5.00192e-03,0.03,0.05
5.00200e-03,0.03,-0.03
5.00208e-03,0.03,0.07
5.00216e-03,0.01,-0.03
5.00224e-03,0.03,0.05
5.00232e-03,0.01,-0.01
5.00240e-03,0.03,0.05
5.00248e-03,0.03,-0.03
5.00256e-03,0.03,0.07
5.00264e-03,0.03,-0.01
5.00272e-03,0.03,0.05
5.00280e-03,0.03,-0.01
5.00288e-03,0.03,0.05
5.00296e-03,0.05,-0.01
5.00304e-03,0.03,0.05
5.00312e-03,0.03,-0.01
5.00320e-03,0.03,0.05
5.00328e-03,0.03,-0.01
5.00336e-03,0.03,0.05
5.00344e-03,0.01,-0.01
5.00352e-03,0.03,0.05
5.00360e-03,0.03,-0.01
5.00368e-03,0.03,0.05
5.00376e-03,0.03,-0.03
5.00384e-03,0.05,0.05
5.00392e-03,0.01,-0.01
5.00400e-03,0.03,0.05
5.00408e-03,0.01,-0.01
5.00416e-03,0.03,0.05
5.00424e-03,0.03,-0.01
5.00432e-03,0.03,0.05
5.00440e-03,0.03,-0.01
5.00448e-03,0.03,0.05
5.00456e-03,0.03,-0.01
5.00464e-03,0.01,0.05
5.00472e-03,0.01,-0.03
5.00480e-03,0.01,0.05
5.00488e-03,0.01,-0.01
5.00496e-03,0.01,0.05
5.00504e-03,0.01,-0.01
5.00512e-03,0.03,0.05
5.00520e-03,0.01,-0.03
5.00528e-03,0.05,0.05
5.00536e-03,0.03,-0.03
5.00544e-03,0.03,0.05
5.00552e-03,0.03,-0.01
5.00560e-03,0.01,0.05
5.00568e-03,0.03,-0.01
5.00576e-03,0.01,0.05
5.00584e-03,0.03,-0.03
5.00592e-03,0.01,0.05
5.00600e-03,0.03,-0.03
5.00608e-03,0.03,0.05
5.00616e-03,0.01,-0.01
5.00624e-03,0.03,0.05
5.00632e-03,0.01,-0.03
5.00640e-03,0.05,0.05
5.00648e-03,0.01,-0.03
5.00656e-03,0.03,0.05
5.00664e-03,0.01,-0.01
5.00672e-03,0.03,0.05
5.00680e-03,0.03,-0.03
5.00688e-03,0.01,0.05
5.00696e-03,0.05,-0.03
5.00704e-03,0.01,0.05
5.00712e-03,0.03,-0.01
5.00720e-03,0.01,0.05
5.00728e-03,0.05,-0.01
5.00736e-03,0.05,0.05
5.00744e-03,0.05,-0.03
5.00752e-03,0.03,0.05
5.00760e-03,0.03,-0.03
5.00768e-03,0.01,0.05
5.00776e-03,0.01,-0.03
5.00784e-03,0.03,0.05
5.00792e-03,0.01,-0.03
5.00800e-03,0.03,0.05
5.00808e-03,0.03,-0.01
5.00816e-03,0.03,0.05
5.00824e-03,0.03,-0.03
5.00832e-03,0.01,0.05
5.00840e-03,0.03,-0.01
5.00848e-03,0.03,0.05
5.00856e-03,0.03,-0.03
5.00864e-03,0.03,0.05
5.00872e-03,0.03,-0.03
5.00880e-03,0.03,0.05
5.00888e-03,0.03,-0.01
5.00896e-03,0.03,0.05
5.00904e-03,-0.01,-0.03
5.00912e-03,0.03,0.05
5.00920e-03,0.03,-0.03
5.00928e-03,0.03,0.05
5.00936e-03,0.03,-0.01
5.00944e-03,0.03,0.05
5.00952e-03,0.03,-0.03
5.00960e-03,0.03,0.05
5.00968e-03,0.03,-0.03
5.00976e-03,0.03,0.05
5.00984e-03,0.03,-0.01
5.00992e-03,0.03,0.05
5.01000e-03,0.03,-0.01
5.01008e-03,0.03,0.05
5.01016e-03,0.01,-0.01
5.01024e-03,0.03,0.05
5.01032e-03,0.03,-0.01
5.01040e-03,0.03,0.05
5.01048e-03,0.01,-0.01
5.01056e-03,0.03,0.05
5.01064e-03,0.03,-0.01
5.01072e-03,0.03,0.05
5.01080e-03,0.03,-0.01
5.01088e-03,0.01,0.05
5.01096e-03,0.03,-0.01
5.01104e-03,0.03,0.07
5.01112e-03,0.03,-0.01
5.01120e-03,0.01,0.05
5.01128e-03,0.03,-0.01
5.01136e-03,0.03,0.05
5.01144e-03,0.03,-0.01
5.01152e-03,0.03,0.05
5.01160e-03,0.01,-0.01
5.01168e-03,0.03,0.07
5.01176e-03,0.01,-0.01
5.01184e-03,0.01,0.05
5.01192e-03,0.01,-0.03
5.01200e-03,0.03,0.05
5.01208e-03,0.03,-0.03
5.01216e-03,0.03,0.05
5.01224e-03,0.03,-0.01
5.01232e-03,0.01,0.05
5.01240e-03,0.01,-0.01
5.01248e-03,0.03,0.05
5.01256e-03,0.05,-0.03
5.01264e-03,0.01,0.05
5.01272e-03,0.03,-0.03
5.01280e-03,0.03,0.05
5.01288e-03,0.01,-0.03
5.01296e-03,0.05,0.05
5.01304e-03,0.01,-0.03
5.01312e-03,0.03,0.05
5.01320e-03,0.01,-0.03
5.01328e-03,0.01,0.05
5.01336e-03,0.03,-0.03
5.01344e-03,0.03,0.05
5.01352e-03,0.03,-0.01
5.01360e-03,0.01,0.05
5.01368e-03,0.03,-0.03
5.01376e-03,0.01,0.05
5.01384e-03,0.03,-0.03
5.01392e-03,0.01,0.05
5.01400e-03,0.03,-0.01
5.01408e-03,0.03,0.05
5.01416e-03,0.03,-0.03
5.01424e-03,0.03,0.05
5.01432e-03,0.01,-0.03
5.01440e-03,0.03,0.05
5.01448e-03,0.03,-0.03
5.01456e-03,0.01,0.05
5.01464e-03,0.01,-0.03
5.01472e-03,0.03,0.05
5.01480e-03,0.03,-0.03
5.01488e-03,0.03,0.05
5.01496e-03,0.03,-0.03
5.01504e-03,0.01,0.05
5.01512e-03,0.03,-0.03
5.01520e-03,0.01,0.05
5.01528e-03,0.05,-0.05
5.01536e-03,0.05,0.09
5.01544e-03,0.01,-0.03
5.01552e-03,0.03,0.05
5.01560e-03,-0.01,-0.03
5.01568e-03,0.03,0.07
5.01576e-03,0.03,-0.03
5.01584e-03,0.03,0.07
5.01592e-03,0.03,-0.01
5.01600e-03,0.03,0.05
5.01608e-03,0.03,-0.03
5.01616e-03,0.01,0.05
5.01624e-03,0.05,-0.01
5.01632e-03,0.01,0.05
5.01640e-03,0.03,-0.01
5.01648e-03,0.01,0.05
5.01656e-03,0.03,-0.03
5.01664e-03,0.01,0.07
5.01672e-03,0.03,-0.01
5.01680e-03,0.03,0.05
5.01688e-03,0.03,-0.01
5.01696e-03,0.03,0.05
5.01704e-03,0.03,-0.03
5.01712e-03,0.03,0.05
5.01720e-03,0.03,-0.01
5.01728e-03,0.03,0.05
5.01736e-03,0.03,-0.03
5.01744e-03,0.03,0.05
5.01752e-03,0.03,-0.03
5.01760e-03,0.03,0.05
5.01768e-03,0.05,-0.01
5.01776e-03,0.01,0.05
5.01784e-03,0.03,-0.01
5.01792e-03,0.03,0.05
5.01800e-03,0.03,-0.01
5.01808e-03,0.03,0.05
5.01816e-03,0.03,-0.03
5.01824e-03,0.03,0.05
5.01832e-03,0.03,-0.01
5.01840e-03,0.03,0.05
5.01848e-03,0.01,-0.01
5.01856e-03,0.03,0.05
5.01864e-03,0.01,-0.01
5.01872e-03,0.05,0.05
5.01880e-03,0.03,-0.01
5.01888e-03,0.03,0.05
5.01896e-03,0.03,-0.01
5.01904e-03,0.01,0.05
5.01912e-03,0.03,-0.03
5.01920e-03,0.03,0.05
5.01928e-03,0.05,-0.01
5.01936e-03,0.03,0.05
5.01944e-03,0.01,-0.03
5.01952e-03,0.03,0.05
5.01960e-03,0.03,-0.01
5.01968e-03,0.05,0.05
5.01976e-03,0.03,-0.01
5.01984e-03,0.05,0.05
5.01992e-03,0.03,-0.03

